LECROYWaveRunner‘N,20113,Waveform
Segments,1,SegmentSize,2002
Segment,TrigTime,TimeSinceSegment1
#1,01-Oct-2018 13:41:09,0                 
Time,Ampl
4.827786e-07,0.000141389
4.828786e-07,0.000149821
4.829786e-07,0.000158902
4.830786e-07,0.000169279
4.831786e-07,0.000179657
4.832786e-07,0.000189387
4.833786e-07,0.000196522
4.834786e-07,0.000200413
4.835786e-07,0.000199116
4.836786e-07,0.00019263
4.837786e-07,0.000180306
4.838786e-07,0.000162793
4.839786e-07,0.000141389
4.840786e-07,0.00011739
4.841786e-07,9.40395e-05
4.842786e-07,7.26351e-05
4.843786e-07,5.44737e-05
4.844786e-07,4.02041e-05
4.845786e-07,2.85289e-05
4.846786e-07,2.00968e-05
4.847786e-07,1.36106e-05
4.848786e-07,7.12444e-06
4.849786e-07,-6.58998e-07
4.850786e-07,-1.10369e-05
4.851786e-07,-2.33607e-05
4.852786e-07,-3.69817e-05
4.853786e-07,-5.12514e-05
4.854786e-07,-6.42238e-05
4.855786e-07,-7.52503e-05
4.856786e-07,-8.23851e-05
4.857786e-07,-8.56282e-05
4.858786e-07,-8.36824e-05
4.859786e-07,-7.71962e-05
4.860786e-07,-6.74669e-05
4.861786e-07,-5.51431e-05
4.862786e-07,-4.21707e-05
4.863786e-07,-2.91983e-05
4.864786e-07,-1.62259e-05
4.865786e-07,-4.55072e-06
4.866786e-07,7.77306e-06
4.867786e-07,1.94482e-05
4.868786e-07,3.30692e-05
4.869786e-07,4.92848e-05
4.870786e-07,6.87434e-05
4.871786e-07,9.27423e-05
4.872786e-07,0.000120633
4.873786e-07,0.000151767
4.874786e-07,0.000184846
4.875786e-07,0.000218575
4.876786e-07,0.000250357
4.877786e-07,0.000278248
4.878786e-07,0.000300949
4.879786e-07,0.000317165
4.880786e-07,0.000326894
4.881786e-07,0.000329489
4.882786e-07,0.000325597
4.883786e-07,0.000315219
4.884786e-07,0.000300301
4.885786e-07,0.000281491
4.886786e-07,0.000260086
4.887786e-07,0.000235439
4.888786e-07,0.000209494
4.889786e-07,0.000182252
4.890786e-07,0.000154361
4.891786e-07,0.000126471
4.892786e-07,9.92285e-05
4.893786e-07,7.39323e-05
4.894786e-07,5.12306e-05
4.895786e-07,3.24206e-05
4.896786e-07,1.62051e-05
4.897786e-07,5.8272e-06
4.898786e-07,-1.03779e-08
4.899786e-07,-6.58998e-07
4.900786e-07,2.5841e-06
4.901786e-07,9.0703e-06
4.902786e-07,1.75024e-05
4.903786e-07,2.6583e-05
4.904786e-07,3.63124e-05
4.905786e-07,4.5393e-05
4.906786e-07,5.44737e-05
4.907786e-07,6.29058e-05
4.908786e-07,7.19865e-05
4.909786e-07,8.04185e-05
4.910786e-07,9.07964e-05
4.911786e-07,0.000101174
4.912786e-07,0.00011285
4.913786e-07,0.000123227
4.914786e-07,0.000131011
4.915786e-07,0.0001362
4.916786e-07,0.000136848
4.917786e-07,0.00013166
4.918786e-07,0.000119984
4.919786e-07,0.00010312
4.920786e-07,8.23644e-05
4.921786e-07,5.83654e-05
4.922786e-07,3.50151e-05
4.923786e-07,1.36106e-05
4.924786e-07,-2.60486e-06
4.925786e-07,-1.29828e-05
4.926786e-07,-1.55773e-05
4.927786e-07,-1.16855e-05
4.928786e-07,-1.30762e-06
4.929786e-07,1.36106e-05
4.930786e-07,3.11234e-05
4.931786e-07,4.86361e-05
4.932786e-07,6.4203e-05
4.933786e-07,7.45809e-05
4.934786e-07,8.04185e-05
4.935786e-07,7.97699e-05
4.936786e-07,7.32837e-05
4.937786e-07,6.16085e-05
4.938786e-07,4.60417e-05
4.939786e-07,2.91775e-05
4.940786e-07,1.16648e-05
4.941786e-07,-3.9021e-06
4.942786e-07,-1.75231e-05
4.943786e-07,-2.72524e-05
4.944786e-07,-3.17928e-05
4.945786e-07,-3.17928e-05
4.946786e-07,-2.59552e-05
4.947786e-07,-1.428e-05
4.948786e-07,1.28686e-06
4.949786e-07,2.13941e-05
4.950786e-07,4.40958e-05
4.951786e-07,6.80947e-05
4.952786e-07,9.20937e-05
4.953786e-07,0.000113498
4.954786e-07,0.00013166
4.955786e-07,0.000145929
4.956786e-07,0.000154361
4.957786e-07,0.000156956
4.958786e-07,0.000152415
4.959786e-07,0.000143335
4.960786e-07,0.000129714
4.961786e-07,0.00011285
4.962786e-07,9.53368e-05
4.963786e-07,7.97699e-05
4.964786e-07,6.61489e-05
4.965786e-07,5.70682e-05
4.966786e-07,5.12306e-05
4.967786e-07,4.86361e-05
4.968786e-07,4.92848e-05
4.969786e-07,5.18792e-05
4.970786e-07,5.51223e-05
4.971786e-07,5.70682e-05
4.972786e-07,5.96627e-05
4.973786e-07,6.03113e-05
4.974786e-07,6.03113e-05
4.975786e-07,6.03113e-05
4.976786e-07,6.16085e-05
4.977786e-07,6.48516e-05
4.978786e-07,7.06892e-05
4.979786e-07,7.97699e-05
4.980786e-07,9.20937e-05
4.981786e-07,0.000106363
4.982786e-07,0.000121282
4.983786e-07,0.000135551
4.984786e-07,0.000147875
4.985786e-07,0.000158253
4.986786e-07,0.000166036
4.987786e-07,0.000170577
4.988786e-07,0.000173171
4.989786e-07,0.000173171
4.990786e-07,0.000171874
4.991786e-07,0.000171225
4.992786e-07,0.000171225
4.993786e-07,0.000172523
4.994786e-07,0.00017382
4.995786e-07,0.000175766
4.996786e-07,0.00017836
4.997786e-07,0.000179657
4.998786e-07,0.000180306
4.999786e-07,0.000179657
5.000786e-07,0.000177712
5.001786e-07,0.000174468
5.002786e-07,0.000169279
5.003786e-07,0.000163442
5.004786e-07,0.000156307
5.005786e-07,0.000148524
5.006786e-07,0.000138794
5.007786e-07,0.000129065
5.008786e-07,0.000118038
5.009786e-07,0.000107012
5.010786e-07,9.46882e-05
5.011786e-07,8.3013e-05
5.012786e-07,7.13378e-05
5.013786e-07,6.09599e-05
5.014786e-07,5.18792e-05
5.015786e-07,4.60417e-05
5.016786e-07,4.34472e-05
5.017786e-07,4.47444e-05
5.018786e-07,4.92848e-05
5.019786e-07,5.64196e-05
5.020786e-07,6.55003e-05
5.021786e-07,7.65268e-05
5.022786e-07,8.69047e-05
5.023786e-07,9.6634e-05
5.024786e-07,0.000105066
5.025786e-07,0.000109606
5.026786e-07,0.000111552
5.027786e-07,0.000110255
5.028786e-07,0.000106363
5.029786e-07,0.000101174
5.030786e-07,9.53368e-05
5.031786e-07,9.07964e-05
5.032786e-07,8.8202e-05
5.033786e-07,8.75533e-05
5.034786e-07,8.94992e-05
5.035786e-07,9.33909e-05
5.036786e-07,9.98771e-05
5.037786e-07,0.000106363
5.038786e-07,0.00011285
5.039786e-07,0.000116741
5.040786e-07,0.000118687
5.041786e-07,0.00011739
5.042786e-07,0.000111552
5.043786e-07,0.000101823
5.044786e-07,8.8202e-05
5.045786e-07,7.26351e-05
5.046786e-07,5.5771e-05
5.047786e-07,3.95555e-05
5.048786e-07,2.39886e-05
5.049786e-07,9.71892e-06
5.050786e-07,-3.25348e-06
5.051786e-07,-1.36314e-05
5.052786e-07,-2.20635e-05
5.053786e-07,-2.72524e-05
5.054786e-07,-2.98469e-05
5.055786e-07,-2.98469e-05
5.056786e-07,-2.59552e-05
5.057786e-07,-2.01176e-05
5.058786e-07,-1.16855e-05
5.059786e-07,-6.58998e-07
5.060786e-07,1.10162e-05
5.061786e-07,2.39886e-05
5.062786e-07,3.50151e-05
5.063786e-07,4.47444e-05
5.064786e-07,5.18792e-05
5.065786e-07,5.38251e-05
5.066786e-07,5.12306e-05
5.067786e-07,4.5393e-05
5.068786e-07,3.63124e-05
5.069786e-07,2.52858e-05
5.070786e-07,1.55565e-05
5.071786e-07,7.77306e-06
5.072786e-07,4.52996e-06
5.073786e-07,5.17858e-06
5.074786e-07,1.10162e-05
5.075786e-07,2.13941e-05
5.076786e-07,3.50151e-05
5.077786e-07,5.0582e-05
5.078786e-07,6.48516e-05
5.079786e-07,7.71754e-05
5.080786e-07,8.62561e-05
5.081786e-07,8.94992e-05
5.082786e-07,8.75533e-05
5.083786e-07,8.17158e-05
5.084786e-07,7.19865e-05
5.085786e-07,6.09599e-05
5.086786e-07,4.99334e-05
5.087786e-07,4.02041e-05
5.088786e-07,3.43665e-05
5.089786e-07,3.24206e-05
5.090786e-07,3.43665e-05
5.091786e-07,4.02041e-05
5.092786e-07,4.99334e-05
5.093786e-07,6.22572e-05
5.094786e-07,7.65268e-05
5.095786e-07,9.14451e-05
5.096786e-07,0.000106363
5.097786e-07,0.000119984
5.098786e-07,0.000132308
5.099786e-07,0.000143983
5.100786e-07,0.000154361
5.101786e-07,0.000163442
5.102786e-07,0.000169928
5.103786e-07,0.000175117
5.104786e-07,0.000177712
5.105786e-07,0.000177712
5.106786e-07,0.00017382
5.107786e-07,0.000167334
5.108786e-07,0.000156956
5.109786e-07,0.000144632
5.110786e-07,0.000130362
5.111786e-07,0.000115444
5.112786e-07,0.000101174
5.113786e-07,8.8202e-05
5.114786e-07,7.7824e-05
5.115786e-07,7.06892e-05
5.116786e-07,6.67975e-05
5.117786e-07,6.55003e-05
5.118786e-07,6.55003e-05
5.119786e-07,6.67975e-05
5.120786e-07,6.9392e-05
5.121786e-07,7.13378e-05
5.122786e-07,7.26351e-05
5.123786e-07,7.39323e-05
5.124786e-07,7.45809e-05
5.125786e-07,7.58782e-05
5.126786e-07,7.7824e-05
5.127786e-07,8.10671e-05
5.128786e-07,8.49589e-05
5.129786e-07,9.01478e-05
5.130786e-07,9.46882e-05
5.131786e-07,9.98771e-05
5.132786e-07,0.000104417
5.133786e-07,0.000107661
5.134786e-07,0.000110255
5.135786e-07,0.000111552
5.136786e-07,0.000112201
5.137786e-07,0.000112201
5.138786e-07,0.000112201
5.139786e-07,0.00011285
5.140786e-07,0.000113498
5.141786e-07,0.000114147
5.142786e-07,0.000115444
5.143786e-07,0.000115444
5.144786e-07,0.000114147
5.145786e-07,0.000111552
5.146786e-07,0.000106363
5.147786e-07,9.92285e-05
5.148786e-07,9.07964e-05
5.149786e-07,8.10671e-05
5.150786e-07,7.13378e-05
5.151786e-07,6.16085e-05
5.152786e-07,5.18792e-05
5.153786e-07,4.34472e-05
5.154786e-07,3.50151e-05
5.155786e-07,2.72317e-05
5.156786e-07,1.8151e-05
5.157786e-07,8.42168e-06
5.158786e-07,-2.60486e-06
5.159786e-07,-1.428e-05
5.160786e-07,-2.72524e-05
5.161786e-07,-3.95762e-05
5.162786e-07,-5.06027e-05
5.163786e-07,-5.90348e-05
5.164786e-07,-6.29265e-05
5.165786e-07,-6.22779e-05
5.166786e-07,-5.64403e-05
5.167786e-07,-4.54138e-05
5.168786e-07,-2.98469e-05
5.169786e-07,-1.10369e-05
5.170786e-07,9.0703e-06
5.171786e-07,2.91775e-05
5.172786e-07,4.79875e-05
5.173786e-07,6.4203e-05
5.174786e-07,7.71754e-05
5.175786e-07,8.69047e-05
5.176786e-07,9.40395e-05
5.177786e-07,9.92285e-05
5.178786e-07,0.000105715
5.179786e-07,0.000113498
5.180786e-07,0.000123876
5.181786e-07,0.000137497
5.182786e-07,0.000153713
5.183786e-07,0.00017382
5.184786e-07,0.000195224
5.185786e-07,0.000217277
5.186786e-07,0.000236736
5.187786e-07,0.000252951
5.188786e-07,0.000264627
5.189786e-07,0.000270464
5.190786e-07,0.000270464
5.191786e-07,0.000265924
5.192786e-07,0.000257492
5.193786e-07,0.000246465
5.194786e-07,0.000234141
5.195786e-07,0.000222466
5.196786e-07,0.000212088
5.197786e-07,0.000203656
5.198786e-07,0.000195873
5.199786e-07,0.000190035
5.200786e-07,0.000183549
5.201786e-07,0.000176414
5.202786e-07,0.000167982
5.203786e-07,0.000158253
5.204786e-07,0.000145929
5.205786e-07,0.000132308
5.206786e-07,0.000116741
5.207786e-07,0.000101174
5.208786e-07,8.43102e-05
5.209786e-07,6.80947e-05
5.210786e-07,5.18792e-05
5.211786e-07,3.76096e-05
5.212786e-07,2.46372e-05
5.213786e-07,1.42593e-05
5.214786e-07,6.47582e-06
5.215786e-07,1.93548e-06
5.216786e-07,1.93548e-06
5.217786e-07,5.8272e-06
5.218786e-07,1.42593e-05
5.219786e-07,2.72317e-05
5.220786e-07,4.34472e-05
5.221786e-07,6.35544e-05
5.222786e-07,8.43102e-05
5.223786e-07,0.000105715
5.224786e-07,0.000125173
5.225786e-07,0.00014074
5.226786e-07,0.000151767
5.227786e-07,0.000156956
5.228786e-07,0.00015501
5.229786e-07,0.000147226
5.230786e-07,0.000132957
5.231786e-07,0.000115444
5.232786e-07,9.40395e-05
5.233786e-07,7.19865e-05
5.234786e-07,4.99334e-05
5.235786e-07,3.04748e-05
5.236786e-07,1.42593e-05
5.237786e-07,2.5841e-06
5.238786e-07,-4.55072e-06
5.239786e-07,-7.1452e-06
5.240786e-07,-4.55072e-06
5.241786e-07,1.93548e-06
5.242786e-07,1.23134e-05
5.243786e-07,2.6583e-05
5.244786e-07,4.27986e-05
5.245786e-07,6.03113e-05
5.246786e-07,7.97699e-05
5.247786e-07,9.85799e-05
5.248786e-07,0.000116093
5.249786e-07,0.000129714
5.250786e-07,0.00014074
5.251786e-07,0.000147875
5.252786e-07,0.000151118
5.253786e-07,0.000149172
5.254786e-07,0.000143983
5.255786e-07,0.0001362
5.256786e-07,0.000125822
5.257786e-07,0.000114795
5.258786e-07,0.000102472
5.259786e-07,9.14451e-05
5.260786e-07,8.17158e-05
5.261786e-07,7.19865e-05
5.262786e-07,6.29058e-05
5.263786e-07,5.51223e-05
5.264786e-07,4.66903e-05
5.265786e-07,3.76096e-05
5.266786e-07,2.78803e-05
5.267786e-07,1.75024e-05
5.268786e-07,5.8272e-06
5.269786e-07,-5.19934e-06
5.270786e-07,-1.55773e-05
5.271786e-07,-2.40093e-05
5.272786e-07,-2.98469e-05
5.273786e-07,-3.37386e-05
5.274786e-07,-3.50359e-05
5.275786e-07,-3.309e-05
5.276786e-07,-2.85497e-05
5.277786e-07,-2.20635e-05
5.278786e-07,-1.55773e-05
5.279786e-07,-9.09106e-06
5.280786e-07,-1.95624e-06
5.281786e-07,4.52996e-06
5.282786e-07,1.10162e-05
5.283786e-07,1.8151e-05
5.284786e-07,2.59344e-05
5.285786e-07,3.43665e-05
5.286786e-07,4.34472e-05
5.287786e-07,5.25279e-05
5.288786e-07,6.03113e-05
5.289786e-07,6.55003e-05
5.290786e-07,6.74461e-05
5.291786e-07,6.61489e-05
5.292786e-07,6.09599e-05
5.293786e-07,5.18792e-05
5.294786e-07,3.95555e-05
5.295786e-07,2.59344e-05
5.296786e-07,1.23134e-05
5.297786e-07,6.38242e-07
5.298786e-07,-8.44244e-06
5.299786e-07,-1.428e-05
5.300786e-07,-1.62259e-05
5.301786e-07,-1.55773e-05
5.302786e-07,-1.23342e-05
5.303786e-07,-9.73968e-06
5.304786e-07,-7.79382e-06
5.305786e-07,-9.09106e-06
5.306786e-07,-1.29828e-05
5.307786e-07,-2.01176e-05
5.308786e-07,-2.91983e-05
5.309786e-07,-4.02248e-05
5.310786e-07,-5.06027e-05
5.311786e-07,-5.77376e-05
5.312786e-07,-6.16293e-05
5.313786e-07,-6.09807e-05
5.314786e-07,-5.38459e-05
5.315786e-07,-4.21707e-05
5.316786e-07,-2.53066e-05
5.317786e-07,-5.19934e-06
5.318786e-07,1.55565e-05
5.319786e-07,3.63124e-05
5.320786e-07,5.5771e-05
5.321786e-07,7.13378e-05
5.322786e-07,8.43102e-05
5.323786e-07,9.46882e-05
5.324786e-07,0.000102472
5.325786e-07,0.000107661
5.326786e-07,0.00011285
5.327786e-07,0.00011739
5.328786e-07,0.00012193
5.329786e-07,0.000126471
5.330786e-07,0.00013166
5.331786e-07,0.0001362
5.332786e-07,0.000139443
5.333786e-07,0.00014074
5.334786e-07,0.000139443
5.335786e-07,0.000135551
5.336786e-07,0.000127119
5.337786e-07,0.000114147
5.338786e-07,9.79313e-05
5.339786e-07,7.84727e-05
5.340786e-07,5.64196e-05
5.341786e-07,3.1772e-05
5.342786e-07,6.47582e-06
5.343786e-07,-1.81717e-05
5.344786e-07,-4.08734e-05
5.345786e-07,-6.16293e-05
5.346786e-07,-7.9142e-05
5.347786e-07,-9.21144e-05
5.348786e-07,-9.98979e-05
5.349786e-07,-0.000101844
5.350786e-07,-9.73034e-05
5.351786e-07,-8.62769e-05
5.352786e-07,-6.94127e-05
5.353786e-07,-4.86569e-05
5.354786e-07,-2.46579e-05
5.355786e-07,6.38242e-07
5.356786e-07,2.46372e-05
5.357786e-07,4.5393e-05
5.358786e-07,6.03113e-05
5.359786e-07,6.9392e-05
5.360786e-07,7.26351e-05
5.361786e-07,6.9392e-05
5.362786e-07,6.09599e-05
5.363786e-07,4.99334e-05
5.364786e-07,3.76096e-05
5.365786e-07,2.6583e-05
5.366786e-07,1.68537e-05
5.367786e-07,1.16648e-05
5.368786e-07,1.10162e-05
5.369786e-07,1.42593e-05
5.370786e-07,2.07455e-05
5.371786e-07,2.91775e-05
5.372786e-07,3.89068e-05
5.373786e-07,4.86361e-05
5.374786e-07,5.70682e-05
5.375786e-07,6.4203e-05
5.376786e-07,7.00406e-05
5.377786e-07,7.39323e-05
5.378786e-07,7.65268e-05
5.379786e-07,7.84727e-05
5.380786e-07,8.17158e-05
5.381786e-07,8.49589e-05
5.382786e-07,8.94992e-05
5.383786e-07,9.46882e-05
5.384786e-07,0.000101174
5.385786e-07,0.000107012
5.386786e-07,0.00011285
5.387786e-07,0.000116741
5.388786e-07,0.000119984
5.389786e-07,0.000121282
5.390786e-07,0.00012193
5.391786e-07,0.000123227
5.392786e-07,0.000125173
5.393786e-07,0.000129065
5.394786e-07,0.000134254
5.395786e-07,0.000141389
5.396786e-07,0.000150469
5.397786e-07,0.000160199
5.398786e-07,0.000171225
5.399786e-07,0.000181603
5.400786e-07,0.000191333
5.401786e-07,0.000199765
5.402786e-07,0.000206251
5.403786e-07,0.00021144
5.404786e-07,0.000215332
5.405786e-07,0.000218575
5.406786e-07,0.000221818
5.407786e-07,0.000226358
5.408786e-07,0.000231547
5.409786e-07,0.000236087
5.410786e-07,0.000240628
5.411786e-07,0.000243222
5.412786e-07,0.000242574
5.413786e-07,0.000238033
5.414786e-07,0.000228953
5.415786e-07,0.000214683
5.416786e-07,0.000195224
5.417786e-07,0.000172523
5.418786e-07,0.000146578
5.419786e-07,0.000120633
5.420786e-07,9.59854e-05
5.421786e-07,7.39323e-05
5.422786e-07,5.5771e-05
5.423786e-07,4.34472e-05
5.424786e-07,3.56637e-05
5.425786e-07,3.1772e-05
5.426786e-07,3.1772e-05
5.427786e-07,3.30692e-05
5.428786e-07,3.63124e-05
5.429786e-07,3.95555e-05
5.430786e-07,4.21499e-05
5.431786e-07,4.5393e-05
5.432786e-07,4.99334e-05
5.433786e-07,5.51223e-05
5.434786e-07,6.22572e-05
5.435786e-07,7.06892e-05
5.436786e-07,8.17158e-05
5.437786e-07,9.40395e-05
5.438786e-07,0.000108309
5.439786e-07,0.000123876
5.440786e-07,0.000139443
5.441786e-07,0.000153713
5.442786e-07,0.000166685
5.443786e-07,0.000177712
5.444786e-07,0.000186144
5.445786e-07,0.000191981
5.446786e-07,0.000194576
5.447786e-07,0.00019263
5.448786e-07,0.000187441
5.449786e-07,0.00017836
5.450786e-07,0.000165388
5.451786e-07,0.000149172
5.452786e-07,0.000130362
5.453786e-07,0.000108958
5.454786e-07,8.75533e-05
5.455786e-07,6.74461e-05
5.456786e-07,5.0582e-05
5.457786e-07,3.82582e-05
5.458786e-07,3.30692e-05
5.459786e-07,3.50151e-05
5.460786e-07,4.27986e-05
5.461786e-07,5.70682e-05
5.462786e-07,7.45809e-05
5.463786e-07,9.46882e-05
5.464786e-07,0.000114147
5.465786e-07,0.000129065
5.466786e-07,0.000138146
5.467786e-07,0.000138146
5.468786e-07,0.000130362
5.469786e-07,0.000113498
5.470786e-07,9.07964e-05
5.471786e-07,6.4203e-05
5.472786e-07,3.56637e-05
5.473786e-07,8.42168e-06
5.474786e-07,-1.55773e-05
5.475786e-07,-3.37386e-05
5.476786e-07,-4.54138e-05
5.477786e-07,-5.12514e-05
5.478786e-07,-5.12514e-05
5.479786e-07,-4.60624e-05
5.480786e-07,-3.63331e-05
5.481786e-07,-2.40093e-05
5.482786e-07,-9.73968e-06
5.483786e-07,6.47582e-06
5.484786e-07,2.39886e-05
5.485786e-07,4.27986e-05
5.486786e-07,6.22572e-05
5.487786e-07,8.36616e-05
5.488786e-07,0.000107012
5.489786e-07,0.00013166
5.490786e-07,0.000156307
5.491786e-07,0.000179009
5.492786e-07,0.000199116
5.493786e-07,0.000214034
5.494786e-07,0.000222466
5.495786e-07,0.000223764
5.496786e-07,0.000217277
5.497786e-07,0.000204305
5.498786e-07,0.000184846
5.499786e-07,0.000160847
5.500786e-07,0.000135551
5.501786e-07,0.000108958
5.502786e-07,8.36616e-05
5.503786e-07,6.03113e-05
5.504786e-07,3.95555e-05
5.505786e-07,2.07455e-05
5.506786e-07,3.88134e-06
5.507786e-07,-1.23342e-05
5.508786e-07,-2.72524e-05
5.509786e-07,-4.08734e-05
5.510786e-07,-5.19e-05
5.511786e-07,-6.09807e-05
5.512786e-07,-6.68183e-05
5.513786e-07,-6.87641e-05
5.514786e-07,-6.61696e-05
5.515786e-07,-5.83862e-05
5.516786e-07,-4.73596e-05
5.517786e-07,-3.43872e-05
5.518786e-07,-2.14148e-05
5.519786e-07,-9.09106e-06
5.520786e-07,6.38242e-07
5.521786e-07,5.17858e-06
5.522786e-07,5.8272e-06
5.523786e-07,1.93548e-06
5.524786e-07,-5.19934e-06
5.525786e-07,-1.62259e-05
5.526786e-07,-2.7901e-05
5.527786e-07,-3.95762e-05
5.528786e-07,-4.99541e-05
5.529786e-07,-5.90348e-05
5.530786e-07,-6.5521e-05
5.531786e-07,-6.94127e-05
5.532786e-07,-7.20072e-05
5.533786e-07,-7.33045e-05
5.534786e-07,-7.26558e-05
5.535786e-07,-7.071e-05
5.536786e-07,-6.68183e-05
5.537786e-07,-6.09807e-05
5.538786e-07,-5.06027e-05
5.539786e-07,-3.56845e-05
5.540786e-07,-1.49286e-05
5.541786e-07,1.10162e-05
5.542786e-07,4.08527e-05
5.543786e-07,7.45809e-05
5.544786e-07,0.000108958
5.545786e-07,0.000143335
5.546786e-07,0.000174468
5.547786e-07,0.00020171
5.548786e-07,0.000223115
5.549786e-07,0.000238033
5.550786e-07,0.000246465
5.551786e-07,0.000250357
5.552786e-07,0.000250357
5.553786e-07,0.000247763
5.554786e-07,0.000243222
5.555786e-07,0.000238682
5.556786e-07,0.000233493
5.557786e-07,0.000228304
5.558786e-07,0.000221169
5.559786e-07,0.00021144
5.560786e-07,0.000199116
5.561786e-07,0.000183549
5.562786e-07,0.000164091
5.563786e-07,0.000141389
5.564786e-07,0.000116093
5.565786e-07,8.88506e-05
5.566786e-07,6.09599e-05
5.567786e-07,3.37179e-05
5.568786e-07,7.12444e-06
5.569786e-07,-1.75231e-05
5.570786e-07,-4.02248e-05
5.571786e-07,-6.09807e-05
5.572786e-07,-7.97907e-05
5.573786e-07,-9.66548e-05
5.574786e-07,-0.000112222
5.575786e-07,-0.000125843
5.576786e-07,-0.000137518
5.577786e-07,-0.00014595
5.578786e-07,-0.000149842
5.579786e-07,-0.000147896
5.580786e-07,-0.000140761
5.581786e-07,-0.00012714
5.582786e-07,-0.000107681
5.583786e-07,-8.4331e-05
5.584786e-07,-5.77376e-05
5.585786e-07,-3.04955e-05
5.586786e-07,-4.55072e-06
5.587786e-07,1.94482e-05
5.588786e-07,3.89068e-05
5.589786e-07,5.38251e-05
5.590786e-07,6.4203e-05
5.591786e-07,7.19865e-05
5.592786e-07,7.71754e-05
5.593786e-07,8.3013e-05
5.594786e-07,9.01478e-05
5.595786e-07,9.92285e-05
5.596786e-07,0.000111552
5.597786e-07,0.000125173
5.598786e-07,0.000140092
5.599786e-07,0.000154361
5.600786e-07,0.000167982
5.601786e-07,0.00017836
5.602786e-07,0.000186144
5.603786e-07,0.000190684
5.604786e-07,0.000193278
5.605786e-07,0.00019263
5.606786e-07,0.000190035
5.607786e-07,0.000187441
5.608786e-07,0.000184846
5.609786e-07,0.000182901
5.610786e-07,0.000181603
5.611786e-07,0.000179657
5.612786e-07,0.000177063
5.613786e-07,0.000173171
5.614786e-07,0.000168631
5.615786e-07,0.000162793
5.616786e-07,0.000156956
5.617786e-07,0.000151118
5.618786e-07,0.000146578
5.619786e-07,0.000143335
5.620786e-07,0.000142686
5.621786e-07,0.000143335
5.622786e-07,0.000145281
5.623786e-07,0.000147226
5.624786e-07,0.000147875
5.625786e-07,0.000145281
5.626786e-07,0.000138146
5.627786e-07,0.000125173
5.628786e-07,0.000107012
5.629786e-07,8.43102e-05
5.630786e-07,5.77168e-05
5.631786e-07,3.11234e-05
5.632786e-07,5.8272e-06
5.633786e-07,-1.55773e-05
5.634786e-07,-3.17928e-05
5.635786e-07,-4.15221e-05
5.636786e-07,-4.60624e-05
5.637786e-07,-4.47652e-05
5.638786e-07,-4.08734e-05
5.639786e-07,-3.43872e-05
5.640786e-07,-2.85497e-05
5.641786e-07,-2.33607e-05
5.642786e-07,-2.14148e-05
5.643786e-07,-2.20635e-05
5.644786e-07,-2.40093e-05
5.645786e-07,-2.72524e-05
5.646786e-07,-2.98469e-05
5.647786e-07,-3.11441e-05
5.648786e-07,-2.98469e-05
5.649786e-07,-2.72524e-05
5.650786e-07,-2.20635e-05
5.651786e-07,-1.49286e-05
5.652786e-07,-6.49658e-06
5.653786e-07,1.93548e-06
5.654786e-07,9.0703e-06
5.655786e-07,1.49079e-05
5.656786e-07,1.94482e-05
5.657786e-07,2.33399e-05
5.658786e-07,2.59344e-05
5.659786e-07,2.91775e-05
5.660786e-07,3.30692e-05
5.661786e-07,3.6961e-05
5.662786e-07,4.08527e-05
5.663786e-07,4.40958e-05
5.664786e-07,4.5393e-05
5.665786e-07,4.47444e-05
5.666786e-07,4.08527e-05
5.667786e-07,3.37179e-05
5.668786e-07,2.39886e-05
5.669786e-07,1.23134e-05
5.670786e-07,-1.03779e-08
5.671786e-07,-1.03883e-05
5.672786e-07,-1.81717e-05
5.673786e-07,-2.14148e-05
5.674786e-07,-2.01176e-05
5.675786e-07,-1.29828e-05
5.676786e-07,-2.60486e-06
5.677786e-07,1.10162e-05
5.678786e-07,2.46372e-05
5.679786e-07,3.76096e-05
5.680786e-07,4.73389e-05
5.681786e-07,5.38251e-05
5.682786e-07,5.70682e-05
5.683786e-07,5.70682e-05
5.684786e-07,5.51223e-05
5.685786e-07,5.18792e-05
5.686786e-07,4.92848e-05
5.687786e-07,4.79875e-05
5.688786e-07,4.92848e-05
5.689786e-07,5.12306e-05
5.690786e-07,5.38251e-05
5.691786e-07,5.5771e-05
5.692786e-07,5.5771e-05
5.693786e-07,5.12306e-05
5.694786e-07,4.21499e-05
5.695786e-07,2.78803e-05
5.696786e-07,9.0703e-06
5.697786e-07,-1.29828e-05
5.698786e-07,-3.63331e-05
5.699786e-07,-5.90348e-05
5.700786e-07,-7.78448e-05
5.701786e-07,-9.08172e-05
5.702786e-07,-9.73034e-05
5.703786e-07,-9.60062e-05
5.704786e-07,-8.69255e-05
5.705786e-07,-7.20072e-05
5.706786e-07,-5.19e-05
5.707786e-07,-2.91983e-05
5.708786e-07,-5.19934e-06
5.709786e-07,1.87996e-05
5.710786e-07,4.08527e-05
5.711786e-07,6.03113e-05
5.712786e-07,7.65268e-05
5.713786e-07,8.94992e-05
5.714786e-07,9.98771e-05
5.715786e-07,0.000107012
5.716786e-07,0.000112201
5.717786e-07,0.000115444
5.718786e-07,0.00011739
5.719786e-07,0.00011739
5.720786e-07,0.000116741
5.721786e-07,0.000115444
5.722786e-07,0.000114795
5.723786e-07,0.000114147
5.724786e-07,0.000114795
5.725786e-07,0.000116741
5.726786e-07,0.000120633
5.727786e-07,0.000127119
5.728786e-07,0.000136848
5.729786e-07,0.000148524
5.730786e-07,0.000160847
5.731786e-07,0.00017382
5.732786e-07,0.000185495
5.733786e-07,0.000194576
5.734786e-07,0.000200413
5.735786e-07,0.000202359
5.736786e-07,0.000201062
5.737786e-07,0.000197819
5.738786e-07,0.000193927
5.739786e-07,0.000191981
5.740786e-07,0.00019263
5.741786e-07,0.000196522
5.742786e-07,0.000203656
5.743786e-07,0.000214034
5.744786e-07,0.000225709
5.745786e-07,0.000238033
5.746786e-07,0.000247763
5.747786e-07,0.0002536
5.748786e-07,0.000254249
5.749786e-07,0.000247763
5.750786e-07,0.000235439
5.751786e-07,0.000217926
5.752786e-07,0.00019717
5.753786e-07,0.000173171
5.754786e-07,0.000149821
5.755786e-07,0.000127768
5.756786e-07,0.000108309
5.757786e-07,9.27423e-05
5.758786e-07,8.17158e-05
5.759786e-07,7.52296e-05
5.760786e-07,7.32837e-05
5.761786e-07,7.39323e-05
5.762786e-07,7.84727e-05
5.763786e-07,8.49589e-05
5.764786e-07,9.40395e-05
5.765786e-07,0.000103769
5.766786e-07,0.000114147
5.767786e-07,0.000123876
5.768786e-07,0.000132308
5.769786e-07,0.000138794
5.770786e-07,0.000141389
5.771786e-07,0.000138794
5.772786e-07,0.000130362
5.773786e-07,0.000116741
5.774786e-07,9.72826e-05
5.775786e-07,7.45809e-05
5.776786e-07,4.86361e-05
5.777786e-07,2.26913e-05
5.778786e-07,-1.30762e-06
5.779786e-07,-2.07662e-05
5.780786e-07,-3.37386e-05
5.781786e-07,-3.95762e-05
5.782786e-07,-3.8279e-05
5.783786e-07,-2.85497e-05
5.784786e-07,-1.36314e-05
5.785786e-07,4.52996e-06
5.786786e-07,2.39886e-05
5.787786e-07,4.15013e-05
5.788786e-07,5.70682e-05
5.789786e-07,6.80947e-05
5.790786e-07,7.39323e-05
5.791786e-07,7.65268e-05
5.792786e-07,7.52296e-05
5.793786e-07,7.06892e-05
5.794786e-07,6.55003e-05
5.795786e-07,6.03113e-05
5.796786e-07,5.70682e-05
5.797786e-07,5.64196e-05
5.798786e-07,5.83654e-05
5.799786e-07,6.35544e-05
5.800786e-07,7.06892e-05
5.801786e-07,7.97699e-05
5.802786e-07,9.07964e-05
5.803786e-07,0.000103769
5.804786e-07,0.00011739
5.805786e-07,0.000132957
5.806786e-07,0.000148524
5.807786e-07,0.000165388
5.808786e-07,0.000182252
5.809786e-07,0.000197819
5.810786e-07,0.000212088
5.811786e-07,0.000223115
5.812786e-07,0.00023025
5.813786e-07,0.000232196
5.814786e-07,0.000227655
5.815786e-07,0.000217926
5.816786e-07,0.000203008
5.817786e-07,0.000184198
5.818786e-07,0.000161496
5.819786e-07,0.000138794
5.820786e-07,0.000116093
5.821786e-07,9.53368e-05
5.822786e-07,7.71754e-05
5.823786e-07,6.22572e-05
5.824786e-07,4.99334e-05
5.825786e-07,3.95555e-05
5.826786e-07,3.04748e-05
5.827786e-07,2.13941e-05
5.828786e-07,1.23134e-05
5.829786e-07,3.88134e-06
5.830786e-07,-4.55072e-06
5.831786e-07,-1.03883e-05
5.832786e-07,-1.428e-05
5.833786e-07,-1.55773e-05
5.834786e-07,-1.36314e-05
5.835786e-07,-8.44244e-06
5.836786e-07,-1.30762e-06
5.837786e-07,7.12444e-06
5.838786e-07,1.42593e-05
5.839786e-07,2.00968e-05
5.840786e-07,2.20427e-05
5.841786e-07,2.00968e-05
5.842786e-07,1.36106e-05
5.843786e-07,4.52996e-06
5.844786e-07,-6.49658e-06
5.845786e-07,-1.75231e-05
5.846786e-07,-2.7901e-05
5.847786e-07,-3.50359e-05
5.848786e-07,-3.89276e-05
5.849786e-07,-3.89276e-05
5.850786e-07,-3.56845e-05
5.851786e-07,-2.91983e-05
5.852786e-07,-2.07662e-05
5.853786e-07,-1.23342e-05
5.854786e-07,-5.19934e-06
5.855786e-07,6.38242e-07
5.856786e-07,5.17858e-06
5.857786e-07,7.77306e-06
5.858786e-07,9.0703e-06
5.859786e-07,1.03675e-05
5.860786e-07,1.23134e-05
5.861786e-07,1.62051e-05
5.862786e-07,2.13941e-05
5.863786e-07,2.78803e-05
5.864786e-07,3.50151e-05
5.865786e-07,4.15013e-05
5.866786e-07,4.60417e-05
5.867786e-07,4.86361e-05
5.868786e-07,4.86361e-05
5.869786e-07,4.5393e-05
5.870786e-07,3.89068e-05
5.871786e-07,3.11234e-05
5.872786e-07,2.20427e-05
5.873786e-07,1.36106e-05
5.874786e-07,5.8272e-06
5.875786e-07,1.93548e-06
5.876786e-07,1.93548e-06
5.877786e-07,5.17858e-06
5.878786e-07,1.23134e-05
5.879786e-07,2.26913e-05
5.880786e-07,3.50151e-05
5.881786e-07,4.79875e-05
5.882786e-07,6.03113e-05
5.883786e-07,7.19865e-05
5.884786e-07,8.17158e-05
5.885786e-07,9.01478e-05
5.886786e-07,9.59854e-05
5.887786e-07,0.000100526
5.888786e-07,0.00010312
5.889786e-07,0.000105066
5.890786e-07,0.000105066
5.891786e-07,0.000105066
5.892786e-07,0.00010312
5.893786e-07,9.92285e-05
5.894786e-07,9.40395e-05
5.895786e-07,8.75533e-05
5.896786e-07,7.97699e-05
5.897786e-07,7.13378e-05
5.898786e-07,6.22572e-05
5.899786e-07,5.31765e-05
5.900786e-07,4.60417e-05
5.901786e-07,3.95555e-05
5.902786e-07,3.43665e-05
5.903786e-07,3.11234e-05
5.904786e-07,2.91775e-05
5.905786e-07,2.78803e-05
5.906786e-07,2.72317e-05
5.907786e-07,2.6583e-05
5.908786e-07,2.6583e-05
5.909786e-07,2.6583e-05
5.910786e-07,2.78803e-05
5.911786e-07,2.98261e-05
5.912786e-07,3.37179e-05
5.913786e-07,3.95555e-05
5.914786e-07,4.73389e-05
5.915786e-07,5.70682e-05
5.916786e-07,6.87434e-05
5.917786e-07,7.97699e-05
5.918786e-07,9.07964e-05
5.919786e-07,0.000101174
5.920786e-07,0.000109606
5.921786e-07,0.000115444
5.922786e-07,0.000118687
5.923786e-07,0.000119984
5.924786e-07,0.000119984
5.925786e-07,0.000119336
5.926786e-07,0.000118687
5.927786e-07,0.000119984
5.928786e-07,0.000123227
5.929786e-07,0.000128416
5.930786e-07,0.000135551
5.931786e-07,0.000143335
5.932786e-07,0.000151767
5.933786e-07,0.000160199
5.934786e-07,0.000167334
5.935786e-07,0.00017382
5.936786e-07,0.00017836
5.937786e-07,0.000180306
5.938786e-07,0.000180306
5.939786e-07,0.000179009
5.940786e-07,0.000176414
5.941786e-07,0.000172523
5.942786e-07,0.000167334
5.943786e-07,0.000162793
5.944786e-07,0.000158253
5.945786e-07,0.000155658
5.946786e-07,0.000153713
5.947786e-07,0.000153713
5.948786e-07,0.000156307
5.949786e-07,0.000161496
5.950786e-07,0.000169279
5.951786e-07,0.000179657
5.952786e-07,0.00019263
5.953786e-07,0.000206899
5.954786e-07,0.000222466
5.955786e-07,0.000238033
5.956786e-07,0.000251654
5.957786e-07,0.000263329
5.958786e-07,0.000271113
5.959786e-07,0.000275005
5.960786e-07,0.000274356
5.961786e-07,0.000269167
5.962786e-07,0.000260086
5.963786e-07,0.000247763
5.964786e-07,0.000234141
5.965786e-07,0.000219223
5.966786e-07,0.000204954
5.967786e-07,0.000190684
5.968786e-07,0.00017836
5.969786e-07,0.000167982
5.970786e-07,0.00015955
5.971786e-07,0.000153064
5.972786e-07,0.000148524
5.973786e-07,0.000145281
5.974786e-07,0.000142686
5.975786e-07,0.000142037
5.976786e-07,0.000142037
5.977786e-07,0.000143983
5.978786e-07,0.000147875
5.979786e-07,0.000153713
5.980786e-07,0.000161496
5.981786e-07,0.000169928
5.982786e-07,0.000177712
5.983786e-07,0.000184198
5.984786e-07,0.000187441
5.985786e-07,0.000185495
5.986786e-07,0.00017836
5.987786e-07,0.000164739
5.988786e-07,0.000145929
5.989786e-07,0.00012193
5.990786e-07,9.59854e-05
5.991786e-07,6.87434e-05
5.992786e-07,4.47444e-05
5.993786e-07,2.39886e-05
5.994786e-07,9.71892e-06
5.995786e-07,1.93548e-06
5.996786e-07,-1.03779e-08
5.997786e-07,2.5841e-06
5.998786e-07,9.0703e-06
5.999786e-07,1.75024e-05
6.000786e-07,2.46372e-05
6.001786e-07,3.04748e-05
6.002786e-07,3.30692e-05
6.003786e-07,3.37179e-05
6.004786e-07,3.24206e-05
6.005786e-07,2.98261e-05
6.006786e-07,2.72317e-05
6.007786e-07,2.59344e-05
6.008786e-07,2.72317e-05
6.009786e-07,3.11234e-05
6.010786e-07,3.82582e-05
6.011786e-07,4.66903e-05
6.012786e-07,5.70682e-05
6.013786e-07,6.55003e-05
6.014786e-07,7.26351e-05
6.015786e-07,7.71754e-05
6.016786e-07,7.7824e-05
6.017786e-07,7.52296e-05
6.018786e-07,6.9392e-05
6.019786e-07,6.16085e-05
6.020786e-07,5.18792e-05
6.021786e-07,4.27986e-05
6.022786e-07,3.43665e-05
6.023786e-07,2.91775e-05
6.024786e-07,2.59344e-05
6.025786e-07,2.52858e-05
6.026786e-07,2.59344e-05
6.027786e-07,2.91775e-05
6.028786e-07,3.37179e-05
6.029786e-07,3.89068e-05
6.030786e-07,4.40958e-05
6.031786e-07,4.99334e-05
6.032786e-07,5.44737e-05
6.033786e-07,5.83654e-05
6.034786e-07,6.09599e-05
6.035786e-07,6.29058e-05
6.036786e-07,6.22572e-05
6.037786e-07,5.83654e-05
6.038786e-07,5.12306e-05
6.039786e-07,4.21499e-05
6.040786e-07,3.1772e-05
6.041786e-07,2.07455e-05
6.042786e-07,1.03675e-05
6.043786e-07,3.23272e-06
6.044786e-07,-6.58998e-07
6.045786e-07,6.38242e-07
6.046786e-07,7.77306e-06
6.047786e-07,2.07455e-05
6.048786e-07,3.89068e-05
6.049786e-07,6.03113e-05
6.050786e-07,8.36616e-05
6.051786e-07,0.000106363
6.052786e-07,0.000125822
6.053786e-07,0.000142037
6.054786e-07,0.000152415
6.055786e-07,0.000157604
6.056786e-07,0.000157604
6.057786e-07,0.000152415
6.058786e-07,0.000145281
6.059786e-07,0.000138146
6.060786e-07,0.000132308
6.061786e-07,0.000129714
6.062786e-07,0.000129714
6.063786e-07,0.000134903
6.064786e-07,0.000143335
6.065786e-07,0.000154361
6.066786e-07,0.000166036
6.067786e-07,0.000177063
6.068786e-07,0.000186144
6.069786e-07,0.00019263
6.070786e-07,0.000195873
6.071786e-07,0.000195873
6.072786e-07,0.000193278
6.073786e-07,0.000188738
6.074786e-07,0.000182901
6.075786e-07,0.000176414
6.076786e-07,0.000170577
6.077786e-07,0.000164739
6.078786e-07,0.000160199
6.079786e-07,0.000157604
6.080786e-07,0.000155658
6.081786e-07,0.000153713
6.082786e-07,0.000152415
6.083786e-07,0.000151767
6.084786e-07,0.000150469
6.085786e-07,0.000148524
6.086786e-07,0.000145929
6.087786e-07,0.000142686
6.088786e-07,0.000138794
6.089786e-07,0.000134903
6.090786e-07,0.000131011
6.091786e-07,0.000127119
6.092786e-07,0.000123876
6.093786e-07,0.00012193
6.094786e-07,0.000120633
6.095786e-07,0.000120633
6.096786e-07,0.000120633
6.097786e-07,0.000121282
6.098786e-07,0.000120633
6.099786e-07,0.000118687
6.100786e-07,0.000113498
6.101786e-07,0.000104417
6.102786e-07,9.20937e-05
6.103786e-07,7.52296e-05
6.104786e-07,5.51223e-05
6.105786e-07,3.24206e-05
6.106786e-07,9.0703e-06
6.107786e-07,-1.29828e-05
6.108786e-07,-3.11441e-05
6.109786e-07,-4.41165e-05
6.110786e-07,-4.93055e-05
6.111786e-07,-4.47652e-05
6.112786e-07,-3.17928e-05
6.113786e-07,-1.03883e-05
6.114786e-07,1.75024e-05
6.115786e-07,4.92848e-05
6.116786e-07,8.17158e-05
6.117786e-07,0.000111552
6.118786e-07,0.000135551
6.119786e-07,0.000153064
6.120786e-07,0.000160847
6.121786e-07,0.00015955
6.122786e-07,0.000149821
6.123786e-07,0.000132957
6.124786e-07,0.000110904
6.125786e-07,8.75533e-05
6.126786e-07,6.4203e-05
6.127786e-07,4.40958e-05
6.128786e-07,2.85289e-05
6.129786e-07,1.87996e-05
6.130786e-07,1.42593e-05
6.131786e-07,1.62051e-05
6.132786e-07,2.26913e-05
6.133786e-07,3.24206e-05
6.134786e-07,4.47444e-05
6.135786e-07,5.77168e-05
6.136786e-07,7.06892e-05
6.137786e-07,8.3013e-05
6.138786e-07,9.20937e-05
6.139786e-07,9.79313e-05
6.140786e-07,0.000100526
6.141786e-07,9.98771e-05
6.142786e-07,9.53368e-05
6.143786e-07,8.8202e-05
6.144786e-07,7.84727e-05
6.145786e-07,6.67975e-05
6.146786e-07,5.38251e-05
6.147786e-07,4.15013e-05
6.148786e-07,3.04748e-05
6.149786e-07,2.13941e-05
6.150786e-07,1.49079e-05
6.151786e-07,1.10162e-05
6.152786e-07,9.71892e-06
6.153786e-07,1.10162e-05
6.154786e-07,1.42593e-05
6.155786e-07,1.94482e-05
6.156786e-07,2.46372e-05
6.157786e-07,2.98261e-05
6.158786e-07,3.37179e-05
6.159786e-07,3.56637e-05
6.160786e-07,3.6961e-05
6.161786e-07,3.6961e-05
6.162786e-07,3.56637e-05
6.163786e-07,3.37179e-05
6.164786e-07,3.11234e-05
6.165786e-07,2.78803e-05
6.166786e-07,2.46372e-05
6.167786e-07,2.07455e-05
6.168786e-07,1.62051e-05
6.169786e-07,9.71892e-06
6.170786e-07,1.93548e-06
6.171786e-07,-5.84796e-06
6.172786e-07,-1.36314e-05
6.173786e-07,-2.14148e-05
6.174786e-07,-2.66038e-05
6.175786e-07,-2.98469e-05
6.176786e-07,-2.98469e-05
6.177786e-07,-2.66038e-05
6.178786e-07,-2.01176e-05
6.179786e-07,-1.16855e-05
6.180786e-07,-1.95624e-06
6.181786e-07,5.8272e-06
6.182786e-07,1.03675e-05
6.183786e-07,1.23134e-05
6.184786e-07,1.03675e-05
6.185786e-07,5.17858e-06
6.186786e-07,-2.60486e-06
6.187786e-07,-1.16855e-05
6.188786e-07,-1.9469e-05
6.189786e-07,-2.53066e-05
6.190786e-07,-2.72524e-05
6.191786e-07,-2.20635e-05
6.192786e-07,-1.03883e-05
6.193786e-07,7.77306e-06
6.194786e-07,3.1772e-05
6.195786e-07,6.03113e-05
6.196786e-07,9.20937e-05
6.197786e-07,0.000124525
6.198786e-07,0.000154361
6.199786e-07,0.000181603
6.200786e-07,0.000204954
6.201786e-07,0.000223115
6.202786e-07,0.000236736
6.203786e-07,0.000245817
6.204786e-07,0.000251654
6.205786e-07,0.000255546
6.206786e-07,0.000257492
6.207786e-07,0.000259438
6.208786e-07,0.000260735
6.209786e-07,0.000260086
6.210786e-07,0.000256843
6.211786e-07,0.000250357
6.212786e-07,0.000239979
6.213786e-07,0.000225061
6.214786e-07,0.000205602
6.215786e-07,0.000182252
6.216786e-07,0.000158253
6.217786e-07,0.000133605
6.218786e-07,0.000110904
6.219786e-07,9.20937e-05
6.220786e-07,7.91213e-05
6.221786e-07,7.26351e-05
6.222786e-07,7.32837e-05
6.223786e-07,7.91213e-05
6.224786e-07,9.14451e-05
6.225786e-07,0.000107012
6.226786e-07,0.000125822
6.227786e-07,0.000145281
6.228786e-07,0.000164739
6.229786e-07,0.000182901
6.230786e-07,0.000198467
6.231786e-07,0.00021144
6.232786e-07,0.000222466
6.233786e-07,0.000229601
6.234786e-07,0.000232844
6.235786e-07,0.000233493
6.236786e-07,0.000230898
6.237786e-07,0.000225061
6.238786e-07,0.000215332
6.239786e-07,0.000203008
6.240786e-07,0.000187441
6.241786e-07,0.000168631
6.242786e-07,0.000148524
6.243786e-07,0.000127119
6.244786e-07,0.000105715
6.245786e-07,8.49589e-05
6.246786e-07,6.61489e-05
6.247786e-07,5.0582e-05
6.248786e-07,3.89068e-05
6.249786e-07,2.98261e-05
6.250786e-07,2.39886e-05
6.251786e-07,2.20427e-05
6.252786e-07,2.13941e-05
6.253786e-07,2.20427e-05
6.254786e-07,2.33399e-05
6.255786e-07,2.52858e-05
6.256786e-07,2.78803e-05
6.257786e-07,2.98261e-05
6.258786e-07,3.1772e-05
6.259786e-07,3.37179e-05
6.260786e-07,3.56637e-05
6.261786e-07,3.76096e-05
6.262786e-07,3.89068e-05
6.263786e-07,4.08527e-05
6.264786e-07,4.27986e-05
6.265786e-07,4.5393e-05
6.266786e-07,4.86361e-05
6.267786e-07,5.51223e-05
6.268786e-07,6.35544e-05
6.269786e-07,7.39323e-05
6.270786e-07,8.62561e-05
6.271786e-07,9.98771e-05
6.272786e-07,0.000114147
6.273786e-07,0.000126471
6.274786e-07,0.000134903
6.275786e-07,0.000139443
6.276786e-07,0.000140092
6.277786e-07,0.000134254
6.278786e-07,0.000122579
6.279786e-07,0.000105715
6.280786e-07,8.56075e-05
6.281786e-07,6.16085e-05
6.282786e-07,3.6961e-05
6.283786e-07,1.2962e-05
6.284786e-07,-7.1452e-06
6.285786e-07,-2.33607e-05
6.286786e-07,-3.37386e-05
6.287786e-07,-3.76303e-05
6.288786e-07,-3.63331e-05
6.289786e-07,-2.91983e-05
6.290786e-07,-1.75231e-05
6.291786e-07,-2.60486e-06
6.292786e-07,1.49079e-05
6.293786e-07,3.43665e-05
6.294786e-07,5.38251e-05
6.295786e-07,7.39323e-05
6.296786e-07,9.46882e-05
6.297786e-07,0.000116093
6.298786e-07,0.000137497
6.299786e-07,0.000157604
6.300786e-07,0.000177063
6.301786e-07,0.000193278
6.302786e-07,0.000206251
6.303786e-07,0.000214034
6.304786e-07,0.00021598
6.305786e-07,0.000212737
6.306786e-07,0.000203656
6.307786e-07,0.000189387
6.308786e-07,0.000171874
6.309786e-07,0.000153064
6.310786e-07,0.000134254
6.311786e-07,0.00011739
6.312786e-07,0.000102472
6.313786e-07,9.01478e-05
6.314786e-07,8.17158e-05
6.315786e-07,7.71754e-05
6.316786e-07,7.58782e-05
6.317786e-07,7.71754e-05
6.318786e-07,8.04185e-05
6.319786e-07,8.49589e-05
6.320786e-07,9.01478e-05
6.321786e-07,9.46882e-05
6.322786e-07,9.79313e-05
6.323786e-07,0.000101174
6.324786e-07,0.000103769
6.325786e-07,0.000105715
6.326786e-07,0.000106363
6.327786e-07,0.000107012
6.328786e-07,0.000107012
6.329786e-07,0.000105715
6.330786e-07,0.00010312
6.331786e-07,9.92285e-05
6.332786e-07,9.40395e-05
6.333786e-07,8.8202e-05
6.334786e-07,8.10671e-05
6.335786e-07,7.39323e-05
6.336786e-07,6.74461e-05
6.337786e-07,6.09599e-05
6.338786e-07,5.64196e-05
6.339786e-07,5.38251e-05
6.340786e-07,5.31765e-05
6.341786e-07,5.38251e-05
6.342786e-07,5.70682e-05
6.343786e-07,6.22572e-05
6.344786e-07,6.80947e-05
6.345786e-07,7.45809e-05
6.346786e-07,8.17158e-05
6.347786e-07,8.88506e-05
6.348786e-07,9.6634e-05
6.349786e-07,0.000102472
6.350786e-07,0.000108309
6.351786e-07,0.000112201
6.352786e-07,0.000114795
6.353786e-07,0.000114795
6.354786e-07,0.00011285
6.355786e-07,0.000107661
6.356786e-07,9.98771e-05
6.357786e-07,9.01478e-05
6.358786e-07,7.91213e-05
6.359786e-07,6.67975e-05
6.360786e-07,5.38251e-05
6.361786e-07,4.02041e-05
6.362786e-07,2.78803e-05
6.363786e-07,1.55565e-05
6.364786e-07,3.88134e-06
6.365786e-07,-6.49658e-06
6.366786e-07,-1.68745e-05
6.367786e-07,-2.59552e-05
6.368786e-07,-3.50359e-05
6.369786e-07,-4.54138e-05
6.370786e-07,-5.7089e-05
6.371786e-07,-6.94127e-05
6.372786e-07,-8.10879e-05
6.373786e-07,-9.34117e-05
6.374786e-07,-0.00010379
6.375786e-07,-0.000112222
6.376786e-07,-0.000116762
6.377786e-07,-0.000116113
6.378786e-07,-0.000109627
6.379786e-07,-9.7952e-05
6.380786e-07,-8.10879e-05
6.381786e-07,-6.03321e-05
6.382786e-07,-3.76303e-05
6.383786e-07,-1.428e-05
6.384786e-07,7.77306e-06
6.385786e-07,2.59344e-05
6.386786e-07,4.02041e-05
6.387786e-07,4.99334e-05
6.388786e-07,5.5771e-05
6.389786e-07,5.90141e-05
6.390786e-07,6.22572e-05
6.391786e-07,6.67975e-05
6.392786e-07,7.39323e-05
6.393786e-07,8.49589e-05
6.394786e-07,9.85799e-05
6.395786e-07,0.000114795
6.396786e-07,0.000132957
6.397786e-07,0.000151767
6.398786e-07,0.000169279
6.399786e-07,0.000183549
6.400786e-07,0.000193927
6.401786e-07,0.000199765
6.402786e-07,0.000201062
6.403786e-07,0.000197819
6.404786e-07,0.000190684
6.405786e-07,0.000180955
6.406786e-07,0.000169279
6.407786e-07,0.000156956
6.408786e-07,0.000145281
6.409786e-07,0.000134254
6.410786e-07,0.000125822
6.411786e-07,0.000119984
6.412786e-07,0.000116741
6.413786e-07,0.000115444
6.414786e-07,0.000116741
6.415786e-07,0.000120633
6.416786e-07,0.000125822
6.417786e-07,0.00013166
6.418786e-07,0.000137497
6.419786e-07,0.000142037
6.420786e-07,0.000144632
6.421786e-07,0.000145281
6.422786e-07,0.000142037
6.423786e-07,0.000136848
6.424786e-07,0.000128416
6.425786e-07,0.00011739
6.426786e-07,0.000104417
6.427786e-07,9.01478e-05
6.428786e-07,7.65268e-05
6.429786e-07,6.29058e-05
6.430786e-07,5.18792e-05
6.431786e-07,4.40958e-05
6.432786e-07,3.82582e-05
6.433786e-07,3.56637e-05
6.434786e-07,3.50151e-05
6.435786e-07,3.6961e-05
6.436786e-07,3.95555e-05
6.437786e-07,4.21499e-05
6.438786e-07,4.40958e-05
6.439786e-07,4.60417e-05
6.440786e-07,4.79875e-05
6.441786e-07,4.99334e-05
6.442786e-07,5.18792e-05
6.443786e-07,5.38251e-05
6.444786e-07,5.5771e-05
6.445786e-07,5.96627e-05
6.446786e-07,6.4203e-05
6.447786e-07,7.06892e-05
6.448786e-07,7.7824e-05
6.449786e-07,8.56075e-05
6.450786e-07,9.33909e-05
6.451786e-07,0.000101174
6.452786e-07,0.000107661
6.453786e-07,0.00011285
6.454786e-07,0.000116093
6.455786e-07,0.000118038
6.456786e-07,0.000118038
6.457786e-07,0.000116741
6.458786e-07,0.000114147
6.459786e-07,0.000112201
6.460786e-07,0.000110255
6.461786e-07,0.000107661
6.462786e-07,0.000105715
6.463786e-07,0.000104417
6.464786e-07,0.000103769
6.465786e-07,0.00010312
6.466786e-07,0.000102472
6.467786e-07,0.000101174
6.468786e-07,0.000100526
6.469786e-07,0.000100526
6.470786e-07,0.000101174
6.471786e-07,0.000102472
6.472786e-07,0.000105066
6.473786e-07,0.000107661
6.474786e-07,0.000109606
6.475786e-07,0.000110904
6.476786e-07,0.000111552
6.477786e-07,0.000110255
6.478786e-07,0.000107012
6.479786e-07,0.000101174
6.480786e-07,9.40395e-05
6.481786e-07,8.69047e-05
6.482786e-07,8.04185e-05
6.483786e-07,7.58782e-05
6.484786e-07,7.45809e-05
6.485786e-07,7.58782e-05
6.486786e-07,7.91213e-05
6.487786e-07,8.43102e-05
6.488786e-07,8.94992e-05
6.489786e-07,9.33909e-05
6.490786e-07,9.33909e-05
6.491786e-07,8.8202e-05
6.492786e-07,7.71754e-05
6.493786e-07,6.16085e-05
6.494786e-07,4.21499e-05
6.495786e-07,1.94482e-05
6.496786e-07,-2.60486e-06
6.497786e-07,-2.40093e-05
6.498786e-07,-4.15221e-05
6.499786e-07,-5.38459e-05
6.500786e-07,-6.03321e-05
6.501786e-07,-6.09807e-05
6.502786e-07,-5.64403e-05
6.503786e-07,-4.80083e-05
6.504786e-07,-3.76303e-05
6.505786e-07,-2.66038e-05
6.506786e-07,-1.55773e-05
6.507786e-07,-5.84796e-06
6.508786e-07,1.28686e-06
6.509786e-07,7.12444e-06
6.510786e-07,1.10162e-05
6.511786e-07,1.2962e-05
6.512786e-07,1.49079e-05
6.513786e-07,1.62051e-05
6.514786e-07,1.68537e-05
6.515786e-07,1.75024e-05
6.516786e-07,1.55565e-05
6.517786e-07,1.10162e-05
6.518786e-07,3.88134e-06
6.519786e-07,-7.1452e-06
6.520786e-07,-2.07662e-05
6.521786e-07,-3.76303e-05
6.522786e-07,-5.57917e-05
6.523786e-07,-7.46017e-05
6.524786e-07,-9.27631e-05
6.525786e-07,-0.00010833
6.526786e-07,-0.000118708
6.527786e-07,-0.000124545
6.528786e-07,-0.000125194
6.529786e-07,-0.000120654
6.530786e-07,-0.000111573
6.531786e-07,-9.86006e-05
6.532786e-07,-8.23851e-05
6.533786e-07,-6.42238e-05
6.534786e-07,-4.47652e-05
6.535786e-07,-2.59552e-05
6.536786e-07,-7.79382e-06
6.537786e-07,9.71892e-06
6.538786e-07,2.59344e-05
6.539786e-07,4.08527e-05
6.540786e-07,5.44737e-05
6.541786e-07,6.61489e-05
6.542786e-07,7.71754e-05
6.543786e-07,8.62561e-05
6.544786e-07,9.27423e-05
6.545786e-07,9.72826e-05
6.546786e-07,9.92285e-05
6.547786e-07,9.85799e-05
6.548786e-07,9.53368e-05
6.549786e-07,8.94992e-05
6.550786e-07,8.10671e-05
6.551786e-07,7.13378e-05
6.552786e-07,5.96627e-05
6.553786e-07,4.73389e-05
6.554786e-07,3.37179e-05
6.555786e-07,1.94482e-05
6.556786e-07,5.8272e-06
6.557786e-07,-6.49658e-06
6.558786e-07,-1.75231e-05
6.559786e-07,-2.53066e-05
6.560786e-07,-2.98469e-05
6.561786e-07,-3.11441e-05
6.562786e-07,-2.66038e-05
6.563786e-07,-1.75231e-05
6.564786e-07,-3.9021e-06
6.565786e-07,1.2962e-05
6.566786e-07,3.24206e-05
6.567786e-07,5.25279e-05
6.568786e-07,7.00406e-05
6.569786e-07,8.43102e-05
6.570786e-07,9.40395e-05
6.571786e-07,9.79313e-05
6.572786e-07,9.59854e-05
6.573786e-07,8.75533e-05
6.574786e-07,7.39323e-05
6.575786e-07,5.64196e-05
6.576786e-07,3.63124e-05
6.577786e-07,1.55565e-05
6.578786e-07,-3.9021e-06
6.579786e-07,-2.07662e-05
6.580786e-07,-3.309e-05
6.581786e-07,-4.21707e-05
6.582786e-07,-4.6711e-05
6.583786e-07,-4.60624e-05
6.584786e-07,-4.08734e-05
6.585786e-07,-3.17928e-05
6.586786e-07,-1.9469e-05
6.587786e-07,-3.25348e-06
6.588786e-07,1.62051e-05
6.589786e-07,3.6961e-05
6.590786e-07,5.96627e-05
6.591786e-07,8.3013e-05
6.592786e-07,0.000105066
6.593786e-07,0.000124525
6.594786e-07,0.000142037
6.595786e-07,0.00015501
6.596786e-07,0.000163442
6.597786e-07,0.000166036
6.598786e-07,0.000163442
6.599786e-07,0.000156956
6.600786e-07,0.000145929
6.601786e-07,0.000133605
6.602786e-07,0.000120633
6.603786e-07,0.000108958
6.604786e-07,9.98771e-05
6.605786e-07,9.33909e-05
6.606786e-07,8.94992e-05
6.607786e-07,8.75533e-05
6.608786e-07,8.75533e-05
6.609786e-07,8.88506e-05
6.610786e-07,8.94992e-05
6.611786e-07,8.88506e-05
6.612786e-07,8.62561e-05
6.613786e-07,8.04185e-05
6.614786e-07,7.26351e-05
6.615786e-07,6.35544e-05
6.616786e-07,5.38251e-05
6.617786e-07,4.40958e-05
6.618786e-07,3.56637e-05
6.619786e-07,2.98261e-05
6.620786e-07,2.59344e-05
6.621786e-07,2.33399e-05
6.622786e-07,2.20427e-05
6.623786e-07,2.20427e-05
6.624786e-07,2.26913e-05
6.625786e-07,2.39886e-05
6.626786e-07,2.46372e-05
6.627786e-07,2.6583e-05
6.628786e-07,2.85289e-05
6.629786e-07,3.11234e-05
6.630786e-07,3.43665e-05
6.631786e-07,3.89068e-05
6.632786e-07,4.34472e-05
6.633786e-07,4.79875e-05
6.634786e-07,5.18792e-05
6.635786e-07,5.51223e-05
6.636786e-07,5.5771e-05
6.637786e-07,5.44737e-05
6.638786e-07,5.12306e-05
6.639786e-07,4.60417e-05
6.640786e-07,4.02041e-05
6.641786e-07,3.37179e-05
6.642786e-07,2.91775e-05
6.643786e-07,2.6583e-05
6.644786e-07,2.72317e-05
6.645786e-07,3.1772e-05
6.646786e-07,3.89068e-05
6.647786e-07,4.86361e-05
6.648786e-07,5.90141e-05
6.649786e-07,6.9392e-05
6.650786e-07,7.91213e-05
6.651786e-07,8.8202e-05
6.652786e-07,9.53368e-05
6.653786e-07,9.98771e-05
6.654786e-07,0.000103769
6.655786e-07,0.000106363
6.656786e-07,0.000108309
6.657786e-07,0.000110255
6.658786e-07,0.000110904
6.659786e-07,0.000111552
6.660786e-07,0.000110904
6.661786e-07,0.000107661
6.662786e-07,0.000101823
6.663786e-07,9.33909e-05
6.664786e-07,8.10671e-05
6.665786e-07,6.55003e-05
6.666786e-07,4.86361e-05
6.667786e-07,3.04748e-05
6.668786e-07,1.36106e-05
6.669786e-07,-6.58998e-07
6.670786e-07,-1.03883e-05
6.671786e-07,-1.55773e-05
6.672786e-07,-1.55773e-05
6.673786e-07,-1.03883e-05
6.674786e-07,-1.95624e-06
6.675786e-07,1.03675e-05
6.676786e-07,2.33399e-05
6.677786e-07,3.56637e-05
6.678786e-07,4.60417e-05
6.679786e-07,5.38251e-05
6.680786e-07,5.77168e-05
6.681786e-07,5.77168e-05
6.682786e-07,5.51223e-05
6.683786e-07,5.0582e-05
6.684786e-07,4.60417e-05
6.685786e-07,4.21499e-05
6.686786e-07,3.95555e-05
6.687786e-07,3.89068e-05
6.688786e-07,4.02041e-05
6.689786e-07,4.27986e-05
6.690786e-07,4.60417e-05
6.691786e-07,4.92848e-05
6.692786e-07,5.25279e-05
6.693786e-07,5.51223e-05
6.694786e-07,5.70682e-05
6.695786e-07,5.83654e-05
6.696786e-07,5.77168e-05
6.697786e-07,5.64196e-05
6.698786e-07,5.38251e-05
6.699786e-07,5.0582e-05
6.700786e-07,4.60417e-05
6.701786e-07,4.08527e-05
6.702786e-07,3.43665e-05
6.703786e-07,2.6583e-05
6.704786e-07,1.8151e-05
6.705786e-07,7.12444e-06
6.706786e-07,-5.84796e-06
6.707786e-07,-1.9469e-05
6.708786e-07,-3.37386e-05
6.709786e-07,-4.73596e-05
6.710786e-07,-6.03321e-05
6.711786e-07,-7.13586e-05
6.712786e-07,-8.04393e-05
6.713786e-07,-8.62769e-05
6.714786e-07,-8.952e-05
6.715786e-07,-8.88713e-05
6.716786e-07,-8.49796e-05
6.717786e-07,-7.71962e-05
6.718786e-07,-6.68183e-05
6.719786e-07,-5.25486e-05
6.720786e-07,-3.63331e-05
6.721786e-07,-1.88204e-05
6.722786e-07,-1.95624e-06
6.723786e-07,1.42593e-05
6.724786e-07,2.72317e-05
6.725786e-07,3.6961e-05
6.726786e-07,4.15013e-05
6.727786e-07,4.15013e-05
6.728786e-07,3.63124e-05
6.729786e-07,2.78803e-05
6.730786e-07,1.62051e-05
6.731786e-07,4.52996e-06
6.732786e-07,-5.84796e-06
6.733786e-07,-1.23342e-05
6.734786e-07,-1.36314e-05
6.735786e-07,-9.73968e-06
6.736786e-07,6.38242e-07
6.737786e-07,1.55565e-05
6.738786e-07,3.50151e-05
6.739786e-07,5.64196e-05
6.740786e-07,7.84727e-05
6.741786e-07,9.92285e-05
6.742786e-07,0.000116741
6.743786e-07,0.000129714
6.744786e-07,0.000137497
6.745786e-07,0.000140092
6.746786e-07,0.000137497
6.747786e-07,0.000130362
6.748786e-07,0.000119984
6.749786e-07,0.000106363
6.750786e-07,9.20937e-05
6.751786e-07,7.84727e-05
6.752786e-07,6.55003e-05
6.753786e-07,5.38251e-05
6.754786e-07,4.47444e-05
6.755786e-07,3.89068e-05
6.756786e-07,3.56637e-05
6.757786e-07,3.50151e-05
6.758786e-07,3.89068e-05
6.759786e-07,4.60417e-05
6.760786e-07,5.64196e-05
6.761786e-07,6.9392e-05
6.762786e-07,8.36616e-05
6.763786e-07,9.85799e-05
6.764786e-07,0.000113498
6.765786e-07,0.000127768
6.766786e-07,0.000139443
6.767786e-07,0.000149172
6.768786e-07,0.00015501
6.769786e-07,0.000156956
6.770786e-07,0.00015501
6.771786e-07,0.000149172
6.772786e-07,0.00014074
6.773786e-07,0.000129065
6.774786e-07,0.000114795
6.775786e-07,9.85799e-05
6.776786e-07,8.3013e-05
6.777786e-07,6.67975e-05
6.778786e-07,5.31765e-05
6.779786e-07,4.15013e-05
6.780786e-07,3.43665e-05
6.781786e-07,3.1772e-05
6.782786e-07,3.43665e-05
6.783786e-07,4.21499e-05
6.784786e-07,5.44737e-05
6.785786e-07,6.9392e-05
6.786786e-07,8.56075e-05
6.787786e-07,0.000102472
6.788786e-07,0.00011739
6.789786e-07,0.000128416
6.790786e-07,0.000135551
6.791786e-07,0.000136848
6.792786e-07,0.000132957
6.793786e-07,0.000123227
6.794786e-07,0.000109606
6.795786e-07,9.33909e-05
6.796786e-07,7.71754e-05
6.797786e-07,6.29058e-05
6.798786e-07,5.0582e-05
6.799786e-07,4.40958e-05
6.800786e-07,4.27986e-05
6.801786e-07,4.73389e-05
6.802786e-07,5.64196e-05
6.803786e-07,6.80947e-05
6.804786e-07,8.10671e-05
6.805786e-07,9.33909e-05
6.806786e-07,0.00010312
6.807786e-07,0.000109606
6.808786e-07,0.000110904
6.809786e-07,0.000107012
6.810786e-07,9.85799e-05
6.811786e-07,8.62561e-05
6.812786e-07,7.06892e-05
6.813786e-07,5.44737e-05
6.814786e-07,3.76096e-05
6.815786e-07,2.13941e-05
6.816786e-07,7.12444e-06
6.817786e-07,-6.49658e-06
6.818786e-07,-1.81717e-05
6.819786e-07,-2.72524e-05
6.820786e-07,-3.50359e-05
6.821786e-07,-4.08734e-05
6.822786e-07,-4.54138e-05
6.823786e-07,-4.80083e-05
6.824786e-07,-4.80083e-05
6.825786e-07,-4.60624e-05
6.826786e-07,-4.28193e-05
6.827786e-07,-3.76303e-05
6.828786e-07,-3.04955e-05
