LECROYWaveRunner‘N,20113,Waveform
Segments,1,SegmentSize,2002
Segment,TrigTime,TimeSinceSegment1
#1,01-Oct-2018 13:41:26,0                 
Time,Ampl
4.827451e-07,0.000161496
4.828451e-07,0.000173171
4.829451e-07,0.000181603
4.830451e-07,0.000185495
4.831451e-07,0.000184198
4.832451e-07,0.000177712
4.833451e-07,0.000167334
4.834451e-07,0.000154361
4.835451e-07,0.000139443
4.836451e-07,0.000124525
4.837451e-07,0.000110904
4.838451e-07,9.98771e-05
4.839451e-07,9.27423e-05
4.840451e-07,8.88506e-05
4.841451e-07,8.8202e-05
4.842451e-07,9.01478e-05
4.843451e-07,9.40395e-05
4.844451e-07,9.92285e-05
4.845451e-07,0.000104417
4.846451e-07,0.000108309
4.847451e-07,0.000110255
4.848451e-07,0.000109606
4.849451e-07,0.000106363
4.850451e-07,0.000100526
4.851451e-07,9.40395e-05
4.852451e-07,8.56075e-05
4.853451e-07,7.65268e-05
4.854451e-07,6.74461e-05
4.855451e-07,5.77168e-05
4.856451e-07,4.92848e-05
4.857451e-07,4.15013e-05
4.858451e-07,3.56637e-05
4.859451e-07,3.24206e-05
4.860451e-07,3.04748e-05
4.861451e-07,3.1772e-05
4.862451e-07,3.56637e-05
4.863451e-07,4.21499e-05
4.864451e-07,5.0582e-05
4.865451e-07,5.90141e-05
4.866451e-07,6.74461e-05
4.867451e-07,7.58782e-05
4.868451e-07,8.10671e-05
4.869451e-07,8.43102e-05
4.870451e-07,8.3013e-05
4.871451e-07,7.7824e-05
4.872451e-07,6.87434e-05
4.873451e-07,5.51223e-05
4.874451e-07,3.82582e-05
4.875451e-07,1.87996e-05
4.876451e-07,-1.95624e-06
4.877451e-07,-2.27121e-05
4.878451e-07,-4.34679e-05
4.879451e-07,-6.22779e-05
4.880451e-07,-7.84934e-05
4.881451e-07,-9.08172e-05
4.882451e-07,-9.92493e-05
4.883451e-07,-0.000102492
4.884451e-07,-0.000101844
4.885451e-07,-9.60062e-05
4.886451e-07,-8.62769e-05
4.887451e-07,-7.20072e-05
4.888451e-07,-5.51431e-05
4.889451e-07,-3.63331e-05
4.890451e-07,-1.68745e-05
4.891451e-07,2.5841e-06
4.892451e-07,1.94482e-05
4.893451e-07,3.30692e-05
4.894451e-07,4.34472e-05
4.895451e-07,4.79875e-05
4.896451e-07,4.73389e-05
4.897451e-07,4.15013e-05
4.898451e-07,3.1772e-05
4.899451e-07,2.00968e-05
4.900451e-07,5.8272e-06
4.901451e-07,-7.1452e-06
4.902451e-07,-1.75231e-05
4.903451e-07,-2.46579e-05
4.904451e-07,-2.7901e-05
4.905451e-07,-2.53066e-05
4.906451e-07,-1.81717e-05
4.907451e-07,-7.1452e-06
4.908451e-07,6.47582e-06
4.909451e-07,2.13941e-05
4.910451e-07,3.50151e-05
4.911451e-07,4.73389e-05
4.912451e-07,5.5771e-05
4.913451e-07,6.03113e-05
4.914451e-07,6.09599e-05
4.915451e-07,5.77168e-05
4.916451e-07,5.0582e-05
4.917451e-07,4.02041e-05
4.918451e-07,2.78803e-05
4.919451e-07,1.42593e-05
4.920451e-07,6.38242e-07
4.921451e-07,-1.29828e-05
4.922451e-07,-2.53066e-05
4.923451e-07,-3.56845e-05
4.924451e-07,-4.34679e-05
4.925451e-07,-4.93055e-05
4.926451e-07,-5.12514e-05
4.927451e-07,-5.06027e-05
4.928451e-07,-4.80083e-05
4.929451e-07,-4.28193e-05
4.930451e-07,-3.63331e-05
4.931451e-07,-2.85497e-05
4.932451e-07,-2.20635e-05
4.933451e-07,-1.68745e-05
4.934451e-07,-1.36314e-05
4.935451e-07,-1.428e-05
4.936451e-07,-1.75231e-05
4.937451e-07,-2.53066e-05
4.938451e-07,-3.63331e-05
4.939451e-07,-5.12514e-05
4.940451e-07,-6.74669e-05
4.941451e-07,-8.49796e-05
4.942451e-07,-0.000101844
4.943451e-07,-0.000116113
4.944451e-07,-0.000126491
4.945451e-07,-0.000132329
4.946451e-07,-0.000133626
4.947451e-07,-0.00013168
4.948451e-07,-0.000125843
4.949451e-07,-0.000118708
4.950451e-07,-0.000110276
4.951451e-07,-0.000103141
4.952451e-07,-9.73034e-05
4.953451e-07,-9.53575e-05
4.954451e-07,-9.53575e-05
4.955451e-07,-9.92493e-05
4.956451e-07,-0.000105087
4.957451e-07,-0.000112222
4.958451e-07,-0.000119356
4.959451e-07,-0.000124545
4.960451e-07,-0.00012714
4.961451e-07,-0.000124545
4.962451e-07,-0.000117411
4.963451e-07,-0.000104438
4.964451e-07,-8.62769e-05
4.965451e-07,-6.29265e-05
4.966451e-07,-3.50359e-05
4.967451e-07,-3.25348e-06
4.968451e-07,3.04748e-05
4.969451e-07,6.55003e-05
4.970451e-07,9.92285e-05
4.971451e-07,0.000130362
4.972451e-07,0.000157604
4.973451e-07,0.000180306
4.974451e-07,0.000196522
4.975451e-07,0.000205602
4.976451e-07,0.000206899
4.977451e-07,0.000201062
4.978451e-07,0.000188089
4.979451e-07,0.000167982
4.980451e-07,0.000142686
4.981451e-07,0.000114147
4.982451e-07,8.36616e-05
4.983451e-07,5.31765e-05
4.984451e-07,2.46372e-05
4.985451e-07,-1.03779e-08
4.986451e-07,-2.01176e-05
4.987451e-07,-3.50359e-05
4.988451e-07,-4.47652e-05
4.989451e-07,-4.80083e-05
4.990451e-07,-4.54138e-05
4.991451e-07,-3.89276e-05
4.992451e-07,-2.85497e-05
4.993451e-07,-1.55773e-05
4.994451e-07,-1.30762e-06
4.995451e-07,1.2962e-05
4.996451e-07,2.6583e-05
4.997451e-07,3.82582e-05
4.998451e-07,4.79875e-05
4.999451e-07,5.51223e-05
5.000451e-07,5.90141e-05
5.001451e-07,6.03113e-05
5.002451e-07,6.03113e-05
5.003451e-07,5.83654e-05
5.004451e-07,5.5771e-05
5.005451e-07,5.31765e-05
5.006451e-07,5.0582e-05
5.007451e-07,4.92848e-05
5.008451e-07,4.92848e-05
5.009451e-07,5.12306e-05
5.010451e-07,5.51223e-05
5.011451e-07,6.16085e-05
5.012451e-07,6.9392e-05
5.013451e-07,7.97699e-05
5.014451e-07,9.14451e-05
5.015451e-07,0.000103769
5.016451e-07,0.000115444
5.017451e-07,0.000125173
5.018451e-07,0.000133605
5.019451e-07,0.000139443
5.020451e-07,0.000141389
5.021451e-07,0.000138794
5.022451e-07,0.00013166
5.023451e-07,0.000121282
5.024451e-07,0.000107661
5.025451e-07,9.14451e-05
5.026451e-07,7.45809e-05
5.027451e-07,5.96627e-05
5.028451e-07,4.66903e-05
5.029451e-07,3.89068e-05
5.030451e-07,3.63124e-05
5.031451e-07,4.02041e-05
5.032451e-07,4.99334e-05
5.033451e-07,6.55003e-05
5.034451e-07,8.56075e-05
5.035451e-07,0.000107661
5.036451e-07,0.000130362
5.037451e-07,0.000151118
5.038451e-07,0.000167982
5.039451e-07,0.000179657
5.040451e-07,0.000184198
5.041451e-07,0.000180955
5.042451e-07,0.000169928
5.043451e-07,0.000152415
5.044451e-07,0.000127768
5.045451e-07,9.79313e-05
5.046451e-07,6.29058e-05
5.047451e-07,2.59344e-05
5.048451e-07,-1.23342e-05
5.049451e-07,-5.12514e-05
5.050451e-07,-8.82227e-05
5.051451e-07,-0.000123248
5.052451e-07,-0.000155679
5.053451e-07,-0.000184867
5.054451e-07,-0.000210812
5.055451e-07,-0.000232865
5.056451e-07,-0.000251026
5.057451e-07,-0.000265296
5.058451e-07,-0.000275674
5.059451e-07,-0.000281512
5.060451e-07,-0.00028216
5.061451e-07,-0.000278268
5.062451e-07,-0.000269188
5.063451e-07,-0.000254918
5.064451e-07,-0.000235459
5.065451e-07,-0.000212758
5.066451e-07,-0.000186164
5.067451e-07,-0.000157625
5.068451e-07,-0.000128437
5.069451e-07,-9.98979e-05
5.070451e-07,-7.13586e-05
5.071451e-07,-4.41165e-05
5.072451e-07,-1.88204e-05
5.073451e-07,4.52996e-06
5.074451e-07,2.46372e-05
5.075451e-07,4.15013e-05
5.076451e-07,5.5771e-05
5.077451e-07,6.61489e-05
5.078451e-07,7.32837e-05
5.079451e-07,7.58782e-05
5.080451e-07,7.52296e-05
5.081451e-07,7.00406e-05
5.082451e-07,6.16085e-05
5.083451e-07,4.99334e-05
5.084451e-07,3.63124e-05
5.085451e-07,2.20427e-05
5.086451e-07,9.0703e-06
5.087451e-07,-1.95624e-06
5.088451e-07,-9.73968e-06
5.089451e-07,-1.29828e-05
5.090451e-07,-1.23342e-05
5.091451e-07,-8.44244e-06
5.092451e-07,-1.30762e-06
5.093451e-07,7.12444e-06
5.094451e-07,1.55565e-05
5.095451e-07,2.33399e-05
5.096451e-07,2.85289e-05
5.097451e-07,3.1772e-05
5.098451e-07,3.04748e-05
5.099451e-07,2.6583e-05
5.100451e-07,2.00968e-05
5.101451e-07,1.23134e-05
5.102451e-07,4.52996e-06
5.103451e-07,-1.95624e-06
5.104451e-07,-7.79382e-06
5.105451e-07,-1.10369e-05
5.106451e-07,-1.23342e-05
5.107451e-07,-1.16855e-05
5.108451e-07,-9.09106e-06
5.109451e-07,-5.84796e-06
5.110451e-07,-1.95624e-06
5.111451e-07,1.93548e-06
5.112451e-07,4.52996e-06
5.113451e-07,7.12444e-06
5.114451e-07,7.77306e-06
5.115451e-07,7.77306e-06
5.116451e-07,5.8272e-06
5.117451e-07,3.23272e-06
5.118451e-07,-1.30762e-06
5.119451e-07,-5.84796e-06
5.120451e-07,-1.10369e-05
5.121451e-07,-1.62259e-05
5.122451e-07,-2.07662e-05
5.123451e-07,-2.46579e-05
5.124451e-07,-2.72524e-05
5.125451e-07,-2.7901e-05
5.126451e-07,-2.66038e-05
5.127451e-07,-2.40093e-05
5.128451e-07,-1.9469e-05
5.129451e-07,-1.49286e-05
5.130451e-07,-1.10369e-05
5.131451e-07,-7.79382e-06
5.132451e-07,-7.1452e-06
5.133451e-07,-9.09106e-06
5.134451e-07,-1.29828e-05
5.135451e-07,-1.9469e-05
5.136451e-07,-2.72524e-05
5.137451e-07,-3.56845e-05
5.138451e-07,-4.28193e-05
5.139451e-07,-4.73596e-05
5.140451e-07,-4.93055e-05
5.141451e-07,-4.6711e-05
5.142451e-07,-3.95762e-05
5.143451e-07,-2.7901e-05
5.144451e-07,-1.10369e-05
5.145451e-07,9.0703e-06
5.146451e-07,3.11234e-05
5.147451e-07,5.31765e-05
5.148451e-07,7.39323e-05
5.149451e-07,9.07964e-05
5.150451e-07,0.00010312
5.151451e-07,0.000107661
5.152451e-07,0.000105715
5.153451e-07,9.6634e-05
5.154451e-07,7.97699e-05
5.155451e-07,5.70682e-05
5.156451e-07,2.98261e-05
5.157451e-07,-1.03779e-08
5.158451e-07,-2.91983e-05
5.159451e-07,-5.64403e-05
5.160451e-07,-7.9142e-05
5.161451e-07,-9.73034e-05
5.162451e-07,-0.000110276
5.163451e-07,-0.000117411
5.164451e-07,-0.000120654
5.165451e-07,-0.000120005
5.166451e-07,-0.000118059
5.167451e-07,-0.000116113
5.168451e-07,-0.000115465
5.169451e-07,-0.000118059
5.170451e-07,-0.000123897
5.171451e-07,-0.000132329
5.172451e-07,-0.000143355
5.173451e-07,-0.000155031
5.174451e-07,-0.00016476
5.175451e-07,-0.000171895
5.176451e-07,-0.000173192
5.177451e-07,-0.000168003
5.178451e-07,-0.000155679
5.179451e-07,-0.000134923
5.180451e-07,-0.000107681
5.181451e-07,-7.46017e-05
5.182451e-07,-3.89276e-05
5.183451e-07,-1.95624e-06
5.184451e-07,3.30692e-05
5.185451e-07,6.48516e-05
5.186451e-07,9.14451e-05
5.187451e-07,0.000111552
5.188451e-07,0.000125173
5.189451e-07,0.000132957
5.190451e-07,0.0001362
5.191451e-07,0.000135551
5.192451e-07,0.000132308
5.193451e-07,0.000129065
5.194451e-07,0.000126471
5.195451e-07,0.000127119
5.196451e-07,0.000131011
5.197451e-07,0.000136848
5.198451e-07,0.000145929
5.199451e-07,0.000156307
5.200451e-07,0.000165388
5.201451e-07,0.000171225
5.202451e-07,0.000173171
5.203451e-07,0.000169279
5.204451e-07,0.000158902
5.205451e-07,0.000142037
5.206451e-07,0.000118038
5.207451e-07,8.94992e-05
5.208451e-07,5.77168e-05
5.209451e-07,2.46372e-05
5.210451e-07,-7.79382e-06
5.211451e-07,-3.76303e-05
5.212451e-07,-6.16293e-05
5.213451e-07,-7.97907e-05
5.214451e-07,-9.14658e-05
5.215451e-07,-9.53575e-05
5.216451e-07,-9.27631e-05
5.217451e-07,-8.36824e-05
5.218451e-07,-7.071e-05
5.219451e-07,-5.38459e-05
5.220451e-07,-3.50359e-05
5.221451e-07,-1.55773e-05
5.222451e-07,2.5841e-06
5.223451e-07,1.8151e-05
5.224451e-07,3.11234e-05
5.225451e-07,4.08527e-05
5.226451e-07,4.73389e-05
5.227451e-07,5.12306e-05
5.228451e-07,5.31765e-05
5.229451e-07,5.25279e-05
5.230451e-07,5.12306e-05
5.231451e-07,4.79875e-05
5.232451e-07,4.34472e-05
5.233451e-07,3.6961e-05
5.234451e-07,2.91775e-05
5.235451e-07,1.94482e-05
5.236451e-07,7.77306e-06
5.237451e-07,-6.49658e-06
5.238451e-07,-2.14148e-05
5.239451e-07,-3.76303e-05
5.240451e-07,-5.44945e-05
5.241451e-07,-7.13586e-05
5.242451e-07,-8.75741e-05
5.243451e-07,-0.000101195
5.244451e-07,-0.00011287
5.245451e-07,-0.000121302
5.246451e-07,-0.000126491
5.247451e-07,-0.000128437
5.248451e-07,-0.00012714
5.249451e-07,-0.000123248
5.250451e-07,-0.000116762
5.251451e-07,-0.000107681
5.252451e-07,-9.73034e-05
5.253451e-07,-8.62769e-05
5.254451e-07,-7.52503e-05
5.255451e-07,-6.42238e-05
5.256451e-07,-5.38459e-05
5.257451e-07,-4.54138e-05
5.258451e-07,-3.8279e-05
5.259451e-07,-3.24414e-05
5.260451e-07,-2.85497e-05
5.261451e-07,-2.72524e-05
5.262451e-07,-2.66038e-05
5.263451e-07,-2.72524e-05
5.264451e-07,-2.85497e-05
5.265451e-07,-3.04955e-05
5.266451e-07,-3.17928e-05
5.267451e-07,-3.309e-05
5.268451e-07,-3.309e-05
5.269451e-07,-3.309e-05
5.270451e-07,-3.24414e-05
5.271451e-07,-3.11441e-05
5.272451e-07,-3.11441e-05
5.273451e-07,-3.11441e-05
5.274451e-07,-3.24414e-05
5.275451e-07,-3.37386e-05
5.276451e-07,-3.69817e-05
5.277451e-07,-4.02248e-05
5.278451e-07,-4.41165e-05
5.279451e-07,-4.80083e-05
5.280451e-07,-5.31972e-05
5.281451e-07,-5.83862e-05
5.282451e-07,-6.35752e-05
5.283451e-07,-6.87641e-05
5.284451e-07,-7.39531e-05
5.285451e-07,-8.04393e-05
5.286451e-07,-8.62769e-05
5.287451e-07,-9.08172e-05
5.288451e-07,-9.47089e-05
5.289451e-07,-9.66548e-05
5.290451e-07,-9.47089e-05
5.291451e-07,-9.01686e-05
5.292451e-07,-8.17365e-05
5.293451e-07,-7.00614e-05
5.294451e-07,-5.51431e-05
5.295451e-07,-3.8279e-05
5.296451e-07,-2.01176e-05
5.297451e-07,-2.60486e-06
5.298451e-07,1.23134e-05
5.299451e-07,2.46372e-05
5.300451e-07,3.30692e-05
5.301451e-07,3.89068e-05
5.302451e-07,4.08527e-05
5.303451e-07,4.02041e-05
5.304451e-07,3.76096e-05
5.305451e-07,3.50151e-05
5.306451e-07,3.24206e-05
5.307451e-07,3.24206e-05
5.308451e-07,3.43665e-05
5.309451e-07,3.95555e-05
5.310451e-07,4.60417e-05
5.311451e-07,5.44737e-05
5.312451e-07,6.29058e-05
5.313451e-07,7.06892e-05
5.314451e-07,7.71754e-05
5.315451e-07,8.10671e-05
5.316451e-07,8.17158e-05
5.317451e-07,7.91213e-05
5.318451e-07,7.26351e-05
5.319451e-07,6.35544e-05
5.320451e-07,5.25279e-05
5.321451e-07,4.02041e-05
5.322451e-07,2.72317e-05
5.323451e-07,1.42593e-05
5.324451e-07,1.93548e-06
5.325451e-07,-8.44244e-06
5.326451e-07,-1.68745e-05
5.327451e-07,-2.20635e-05
5.328451e-07,-2.53066e-05
5.329451e-07,-2.72524e-05
5.330451e-07,-2.72524e-05
5.331451e-07,-2.72524e-05
5.332451e-07,-2.66038e-05
5.333451e-07,-2.66038e-05
5.334451e-07,-2.7901e-05
5.335451e-07,-3.04955e-05
5.336451e-07,-3.50359e-05
5.337451e-07,-4.15221e-05
5.338451e-07,-4.99541e-05
5.339451e-07,-5.83862e-05
5.340451e-07,-6.61696e-05
5.341451e-07,-7.39531e-05
5.342451e-07,-7.97907e-05
5.343451e-07,-8.36824e-05
5.344451e-07,-8.4331e-05
5.345451e-07,-8.17365e-05
5.346451e-07,-7.58989e-05
5.347451e-07,-6.74669e-05
5.348451e-07,-5.77376e-05
5.349451e-07,-4.60624e-05
5.350451e-07,-3.43872e-05
5.351451e-07,-2.20635e-05
5.352451e-07,-1.10369e-05
5.353451e-07,-6.58998e-07
5.354451e-07,9.0703e-06
5.355451e-07,1.87996e-05
5.356451e-07,2.72317e-05
5.357451e-07,3.63124e-05
5.358451e-07,4.60417e-05
5.359451e-07,5.44737e-05
5.360451e-07,6.22572e-05
5.361451e-07,6.80947e-05
5.362451e-07,7.00406e-05
5.363451e-07,6.87434e-05
5.364451e-07,6.22572e-05
5.365451e-07,5.12306e-05
5.366451e-07,3.56637e-05
5.367451e-07,1.68537e-05
5.368451e-07,-4.55072e-06
5.369451e-07,-2.66038e-05
5.370451e-07,-4.80083e-05
5.371451e-07,-6.68183e-05
5.372451e-07,-8.10879e-05
5.373451e-07,-9.01686e-05
5.374451e-07,-9.34117e-05
5.375451e-07,-9.08172e-05
5.376451e-07,-8.4331e-05
5.377451e-07,-7.33045e-05
5.378451e-07,-5.77376e-05
5.379451e-07,-3.95762e-05
5.380451e-07,-1.88204e-05
5.381451e-07,2.5841e-06
5.382451e-07,2.39886e-05
5.383451e-07,4.5393e-05
5.384451e-07,6.55003e-05
5.385451e-07,8.23644e-05
5.386451e-07,9.46882e-05
5.387451e-07,0.00010312
5.388451e-07,0.000104417
5.389451e-07,9.92285e-05
5.390451e-07,8.75533e-05
5.391451e-07,6.9392e-05
5.392451e-07,4.60417e-05
5.393451e-07,1.8151e-05
5.394451e-07,-1.16855e-05
5.395451e-07,-4.08734e-05
5.396451e-07,-6.68183e-05
5.397451e-07,-8.88713e-05
5.398451e-07,-0.000104438
5.399451e-07,-0.00011287
5.400451e-07,-0.000115465
5.401451e-07,-0.000112222
5.402451e-07,-0.00010379
5.403451e-07,-9.08172e-05
5.404451e-07,-7.58989e-05
5.405451e-07,-6.03321e-05
5.406451e-07,-4.47652e-05
5.407451e-07,-3.11441e-05
5.408451e-07,-2.01176e-05
5.409451e-07,-1.16855e-05
5.410451e-07,-5.84796e-06
5.411451e-07,-1.95624e-06
5.412451e-07,-1.03779e-08
5.413451e-07,6.38242e-07
5.414451e-07,6.38242e-07
5.415451e-07,6.38242e-07
5.416451e-07,6.38242e-07
5.417451e-07,1.93548e-06
5.418451e-07,3.23272e-06
5.419451e-07,4.52996e-06
5.420451e-07,6.47582e-06
5.421451e-07,7.77306e-06
5.422451e-07,1.03675e-05
5.423451e-07,1.23134e-05
5.424451e-07,1.36106e-05
5.425451e-07,1.49079e-05
5.426451e-07,1.68537e-05
5.427451e-07,2.00968e-05
5.428451e-07,2.52858e-05
5.429451e-07,3.37179e-05
5.430451e-07,4.5393e-05
5.431451e-07,6.09599e-05
5.432451e-07,7.97699e-05
5.433451e-07,0.000101174
5.434451e-07,0.000125173
5.435451e-07,0.000150469
5.436451e-07,0.000175117
5.437451e-07,0.00019717
5.438451e-07,0.000215332
5.439451e-07,0.000227655
5.440451e-07,0.00023479
5.441451e-07,0.00023479
5.442451e-07,0.000228953
5.443451e-07,0.000217277
5.444451e-07,0.00020171
5.445451e-07,0.000182901
5.446451e-07,0.000164091
5.447451e-07,0.000145929
5.448451e-07,0.000129065
5.449451e-07,0.000114795
5.450451e-07,0.000103769
5.451451e-07,9.59854e-05
5.452451e-07,9.14451e-05
5.453451e-07,9.01478e-05
5.454451e-07,9.01478e-05
5.455451e-07,9.07964e-05
5.456451e-07,9.27423e-05
5.457451e-07,9.40395e-05
5.458451e-07,9.59854e-05
5.459451e-07,9.79313e-05
5.460451e-07,0.000100526
5.461451e-07,0.000103769
5.462451e-07,0.000108309
5.463451e-07,0.000113498
5.464451e-07,0.000118687
5.465451e-07,0.000125173
5.466451e-07,0.000130362
5.467451e-07,0.000134903
5.468451e-07,0.000136848
5.469451e-07,0.000135551
5.470451e-07,0.000131011
5.471451e-07,0.000123227
5.472451e-07,0.000110904
5.473451e-07,9.53368e-05
5.474451e-07,7.7824e-05
5.475451e-07,5.96627e-05
5.476451e-07,4.27986e-05
5.477451e-07,2.72317e-05
5.478451e-07,1.42593e-05
5.479451e-07,3.88134e-06
5.480451e-07,-3.25348e-06
5.481451e-07,-7.79382e-06
5.482451e-07,-9.73968e-06
5.483451e-07,-1.10369e-05
5.484451e-07,-1.16855e-05
5.485451e-07,-1.23342e-05
5.486451e-07,-1.428e-05
5.487451e-07,-1.68745e-05
5.488451e-07,-2.20635e-05
5.489451e-07,-2.85497e-05
5.490451e-07,-3.56845e-05
5.491451e-07,-4.34679e-05
5.492451e-07,-5.12514e-05
5.493451e-07,-5.90348e-05
5.494451e-07,-6.61696e-05
5.495451e-07,-7.20072e-05
5.496451e-07,-7.71962e-05
5.497451e-07,-8.17365e-05
5.498451e-07,-8.49796e-05
5.499451e-07,-8.88713e-05
5.500451e-07,-9.21144e-05
5.501451e-07,-9.60062e-05
5.502451e-07,-0.000100547
5.503451e-07,-0.000104438
5.504451e-07,-0.000108979
5.505451e-07,-0.000112222
5.506451e-07,-0.000113519
5.507451e-07,-0.000112222
5.508451e-07,-0.00010833
5.509451e-07,-0.000101844
5.510451e-07,-9.27631e-05
5.511451e-07,-8.17365e-05
5.512451e-07,-7.00614e-05
5.513451e-07,-5.90348e-05
5.514451e-07,-4.99541e-05
5.515451e-07,-4.34679e-05
5.516451e-07,-4.02248e-05
5.517451e-07,-4.08734e-05
5.518451e-07,-4.47652e-05
5.519451e-07,-5.06027e-05
5.520451e-07,-5.83862e-05
5.521451e-07,-6.61696e-05
5.522451e-07,-7.26558e-05
5.523451e-07,-7.71962e-05
5.524451e-07,-7.97907e-05
5.525451e-07,-7.97907e-05
5.526451e-07,-7.65476e-05
5.527451e-07,-7.20072e-05
5.528451e-07,-6.61696e-05
5.529451e-07,-5.96834e-05
5.530451e-07,-5.31972e-05
5.531451e-07,-4.73596e-05
5.532451e-07,-4.28193e-05
5.533451e-07,-3.95762e-05
5.534451e-07,-3.69817e-05
5.535451e-07,-3.43872e-05
5.536451e-07,-3.24414e-05
5.537451e-07,-3.04955e-05
5.538451e-07,-2.91983e-05
5.539451e-07,-2.91983e-05
5.540451e-07,-3.04955e-05
5.541451e-07,-3.37386e-05
5.542451e-07,-3.76303e-05
5.543451e-07,-4.21707e-05
5.544451e-07,-4.73596e-05
5.545451e-07,-5.19e-05
5.546451e-07,-5.57917e-05
5.547451e-07,-5.90348e-05
5.548451e-07,-6.03321e-05
5.549451e-07,-6.09807e-05
5.550451e-07,-5.90348e-05
5.551451e-07,-5.57917e-05
5.552451e-07,-5.31972e-05
5.553451e-07,-5.19e-05
5.554451e-07,-5.31972e-05
5.555451e-07,-5.7089e-05
5.556451e-07,-6.48724e-05
5.557451e-07,-7.58989e-05
5.558451e-07,-8.952e-05
5.559451e-07,-0.000104438
5.560451e-07,-0.000118708
5.561451e-07,-0.00013168
5.562451e-07,-0.00014141
5.563451e-07,-0.000147247
5.564451e-07,-0.000148544
5.565451e-07,-0.000144004
5.566451e-07,-0.000133626
5.567451e-07,-0.000119356
5.568451e-07,-0.000101195
5.569451e-07,-8.04393e-05
5.570451e-07,-5.96834e-05
5.571451e-07,-3.95762e-05
5.572451e-07,-2.14148e-05
5.573451e-07,-5.84796e-06
5.574451e-07,7.12444e-06
5.575451e-07,1.68537e-05
5.576451e-07,2.33399e-05
5.577451e-07,2.72317e-05
5.578451e-07,2.85289e-05
5.579451e-07,2.78803e-05
5.580451e-07,2.52858e-05
5.581451e-07,2.26913e-05
5.582451e-07,2.00968e-05
5.583451e-07,1.8151e-05
5.584451e-07,1.8151e-05
5.585451e-07,1.94482e-05
5.586451e-07,2.26913e-05
5.587451e-07,2.85289e-05
5.588451e-07,3.76096e-05
5.589451e-07,4.79875e-05
5.590451e-07,6.09599e-05
5.591451e-07,7.45809e-05
5.592451e-07,8.62561e-05
5.593451e-07,9.53368e-05
5.594451e-07,9.98771e-05
5.595451e-07,9.85799e-05
5.596451e-07,9.07964e-05
5.597451e-07,7.58782e-05
5.598451e-07,5.51223e-05
5.599451e-07,2.85289e-05
5.600451e-07,-1.30762e-06
5.601451e-07,-3.24414e-05
5.602451e-07,-6.22779e-05
5.603451e-07,-8.69255e-05
5.604451e-07,-0.000107033
5.605451e-07,-0.000119356
5.606451e-07,-0.000123248
5.607451e-07,-0.000118708
5.608451e-07,-0.000105735
5.609451e-07,-8.56282e-05
5.610451e-07,-6.03321e-05
5.611451e-07,-3.11441e-05
5.612451e-07,6.38242e-07
5.613451e-07,3.1772e-05
5.614451e-07,6.16085e-05
5.615451e-07,8.8202e-05
5.616451e-07,0.000110904
5.617451e-07,0.000129065
5.618451e-07,0.000143983
5.619451e-07,0.000155658
5.620451e-07,0.000163442
5.621451e-07,0.000168631
5.622451e-07,0.000171874
5.623451e-07,0.000173171
5.624451e-07,0.000174468
5.625451e-07,0.000175117
5.626451e-07,0.000175117
5.627451e-07,0.000175117
5.628451e-07,0.00017382
5.629451e-07,0.000170577
5.630451e-07,0.000164739
5.631451e-07,0.00015501
5.632451e-07,0.000142686
5.633451e-07,0.000125822
5.634451e-07,0.000106363
5.635451e-07,8.36616e-05
5.636451e-07,5.96627e-05
5.637451e-07,3.56637e-05
5.638451e-07,1.16648e-05
5.639451e-07,-9.73968e-06
5.640451e-07,-2.98469e-05
5.641451e-07,-4.73596e-05
5.642451e-07,-6.29265e-05
5.643451e-07,-7.58989e-05
5.644451e-07,-8.75741e-05
5.645451e-07,-9.7952e-05
5.646451e-07,-0.00010833
5.647451e-07,-0.000116762
5.648451e-07,-0.000123248
5.649451e-07,-0.000125843
5.650451e-07,-0.000124545
5.651451e-07,-0.000116762
5.652451e-07,-0.000103141
5.653451e-07,-8.10879e-05
5.654451e-07,-5.25486e-05
5.655451e-07,-1.75231e-05
5.656451e-07,2.20427e-05
5.657451e-07,6.55003e-05
5.658451e-07,0.000110255
5.659451e-07,0.00015501
5.660451e-07,0.000196522
5.661451e-07,0.000232844
5.662451e-07,0.000263978
5.663451e-07,0.000287328
5.664451e-07,0.000303544
5.665451e-07,0.000311327
5.666451e-07,0.000311976
5.667451e-07,0.00030549
5.668451e-07,0.000292517
5.669451e-07,0.000273707
5.670451e-07,0.000250357
5.671451e-07,0.000223115
5.672451e-07,0.000193278
5.673451e-07,0.000162145
5.674451e-07,0.000130362
5.675451e-07,9.92285e-05
5.676451e-07,6.87434e-05
5.677451e-07,4.08527e-05
5.678451e-07,1.62051e-05
5.679451e-07,-5.19934e-06
5.680451e-07,-2.33607e-05
5.681451e-07,-3.8279e-05
5.682451e-07,-5.06027e-05
5.683451e-07,-6.03321e-05
5.684451e-07,-6.81155e-05
5.685451e-07,-7.39531e-05
5.686451e-07,-7.78448e-05
5.687451e-07,-8.04393e-05
5.688451e-07,-8.17365e-05
5.689451e-07,-8.17365e-05
5.690451e-07,-7.9142e-05
5.691451e-07,-7.58989e-05
5.692451e-07,-7.071e-05
5.693451e-07,-6.42238e-05
5.694451e-07,-5.57917e-05
5.695451e-07,-4.73596e-05
5.696451e-07,-3.89276e-05
5.697451e-07,-3.24414e-05
5.698451e-07,-2.85497e-05
5.699451e-07,-2.72524e-05
5.700451e-07,-2.91983e-05
5.701451e-07,-3.50359e-05
5.702451e-07,-4.28193e-05
5.703451e-07,-5.25486e-05
5.704451e-07,-6.29265e-05
5.705451e-07,-7.13586e-05
5.706451e-07,-7.78448e-05
5.707451e-07,-8.04393e-05
5.708451e-07,-7.78448e-05
5.709451e-07,-7.071e-05
5.710451e-07,-5.83862e-05
5.711451e-07,-4.41165e-05
5.712451e-07,-2.85497e-05
5.713451e-07,-1.29828e-05
5.714451e-07,1.28686e-06
5.715451e-07,1.23134e-05
5.716451e-07,1.94482e-05
5.717451e-07,2.26913e-05
5.718451e-07,2.39886e-05
5.719451e-07,2.26913e-05
5.720451e-07,2.07455e-05
5.721451e-07,1.94482e-05
5.722451e-07,1.87996e-05
5.723451e-07,1.87996e-05
5.724451e-07,1.87996e-05
5.725451e-07,1.87996e-05
5.726451e-07,1.8151e-05
5.727451e-07,1.62051e-05
5.728451e-07,1.10162e-05
5.729451e-07,3.88134e-06
5.730451e-07,-4.55072e-06
5.731451e-07,-1.29828e-05
5.732451e-07,-2.01176e-05
5.733451e-07,-2.40093e-05
5.734451e-07,-2.33607e-05
5.735451e-07,-1.81717e-05
5.736451e-07,-8.44244e-06
5.737451e-07,5.8272e-06
5.738451e-07,2.33399e-05
5.739451e-07,4.27986e-05
5.740451e-07,6.16085e-05
5.741451e-07,7.91213e-05
5.742451e-07,9.33909e-05
5.743451e-07,0.000104417
5.744451e-07,0.000112201
5.745451e-07,0.000116741
5.746451e-07,0.000119336
5.747451e-07,0.000119984
5.748451e-07,0.000118687
5.749451e-07,0.000115444
5.750451e-07,0.000111552
5.751451e-07,0.000106363
5.752451e-07,9.85799e-05
5.753451e-07,8.88506e-05
5.754451e-07,7.71754e-05
5.755451e-07,6.4203e-05
5.756451e-07,5.0582e-05
5.757451e-07,3.76096e-05
5.758451e-07,2.6583e-05
5.759451e-07,1.87996e-05
5.760451e-07,1.36106e-05
5.761451e-07,1.2962e-05
5.762451e-07,1.55565e-05
5.763451e-07,2.20427e-05
5.764451e-07,3.04748e-05
5.765451e-07,3.95555e-05
5.766451e-07,4.79875e-05
5.767451e-07,5.44737e-05
5.768451e-07,5.83654e-05
5.769451e-07,5.90141e-05
5.770451e-07,5.70682e-05
5.771451e-07,5.25279e-05
5.772451e-07,4.5393e-05
5.773451e-07,3.6961e-05
5.774451e-07,2.72317e-05
5.775451e-07,1.75024e-05
5.776451e-07,7.12444e-06
5.777451e-07,-3.25348e-06
5.778451e-07,-1.36314e-05
5.779451e-07,-2.46579e-05
5.780451e-07,-3.43872e-05
5.781451e-07,-4.41165e-05
5.782451e-07,-5.19e-05
5.783451e-07,-5.77376e-05
5.784451e-07,-6.16293e-05
5.785451e-07,-6.29265e-05
5.786451e-07,-6.16293e-05
5.787451e-07,-5.77376e-05
5.788451e-07,-5.12514e-05
5.789451e-07,-4.21707e-05
5.790451e-07,-3.24414e-05
5.791451e-07,-2.27121e-05
5.792451e-07,-1.29828e-05
5.793451e-07,-4.55072e-06
5.794451e-07,2.5841e-06
5.795451e-07,8.42168e-06
5.796451e-07,1.2962e-05
5.797451e-07,1.68537e-05
5.798451e-07,2.00968e-05
5.799451e-07,2.39886e-05
5.800451e-07,2.78803e-05
5.801451e-07,3.30692e-05
5.802451e-07,3.89068e-05
5.803451e-07,4.60417e-05
5.804451e-07,5.38251e-05
5.805451e-07,6.16085e-05
5.806451e-07,7.06892e-05
5.807451e-07,7.97699e-05
5.808451e-07,8.94992e-05
5.809451e-07,9.92285e-05
5.810451e-07,0.000108958
5.811451e-07,0.000119336
5.812451e-07,0.000129065
5.813451e-07,0.000138146
5.814451e-07,0.000146578
5.815451e-07,0.000154361
5.816451e-07,0.000158902
5.817451e-07,0.000160847
5.818451e-07,0.000158902
5.819451e-07,0.000154361
5.820451e-07,0.000146578
5.821451e-07,0.0001362
5.822451e-07,0.000125822
5.823451e-07,0.000115444
5.824451e-07,0.000105715
5.825451e-07,9.79313e-05
5.826451e-07,9.27423e-05
5.827451e-07,8.94992e-05
5.828451e-07,8.75533e-05
5.829451e-07,8.62561e-05
5.830451e-07,8.3013e-05
5.831451e-07,7.84727e-05
5.832451e-07,7.00406e-05
5.833451e-07,5.83654e-05
5.834451e-07,4.40958e-05
5.835451e-07,2.91775e-05
5.836451e-07,1.42593e-05
5.837451e-07,2.5841e-06
5.838451e-07,-5.19934e-06
5.839451e-07,-7.1452e-06
5.840451e-07,-1.95624e-06
5.841451e-07,9.0703e-06
5.842451e-07,2.52858e-05
5.843451e-07,4.34472e-05
5.844451e-07,6.22572e-05
5.845451e-07,7.91213e-05
5.846451e-07,9.14451e-05
5.847451e-07,9.72826e-05
5.848451e-07,9.6634e-05
5.849451e-07,8.88506e-05
5.850451e-07,7.58782e-05
5.851451e-07,5.90141e-05
5.852451e-07,4.02041e-05
5.853451e-07,2.13941e-05
5.854451e-07,4.52996e-06
5.855451e-07,-9.09106e-06
5.856451e-07,-1.88204e-05
5.857451e-07,-2.53066e-05
5.858451e-07,-2.85497e-05
5.859451e-07,-2.98469e-05
5.860451e-07,-2.98469e-05
5.861451e-07,-2.98469e-05
5.862451e-07,-3.11441e-05
5.863451e-07,-3.37386e-05
5.864451e-07,-3.76303e-05
5.865451e-07,-4.28193e-05
5.866451e-07,-4.80083e-05
5.867451e-07,-5.31972e-05
5.868451e-07,-5.83862e-05
5.869451e-07,-6.35752e-05
5.870451e-07,-6.94127e-05
5.871451e-07,-7.52503e-05
5.872451e-07,-8.30338e-05
5.873451e-07,-9.21144e-05
5.874451e-07,-0.000103141
5.875451e-07,-0.000115465
5.876451e-07,-0.000128437
5.877451e-07,-0.000142058
5.878451e-07,-0.000153733
5.879451e-07,-0.000164111
5.880451e-07,-0.000171246
5.881451e-07,-0.000175138
5.882451e-07,-0.000174489
5.883451e-07,-0.0001693
5.884451e-07,-0.000159571
5.885451e-07,-0.00014595
5.886451e-07,-0.000127789
5.887451e-07,-0.000106384
5.888451e-07,-8.17365e-05
5.889451e-07,-5.38459e-05
5.890451e-07,-2.20635e-05
5.891451e-07,1.16648e-05
5.892451e-07,4.66903e-05
5.893451e-07,8.04185e-05
5.894451e-07,0.000110904
5.895451e-07,0.000136848
5.896451e-07,0.000155658
5.897451e-07,0.000166036
5.898451e-07,0.000166685
5.899451e-07,0.000156956
5.900451e-07,0.0001362
5.901451e-07,0.000107661
5.902451e-07,7.19865e-05
5.903451e-07,3.43665e-05
5.904451e-07,-1.95624e-06
5.905451e-07,-3.50359e-05
5.906451e-07,-5.96834e-05
5.907451e-07,-7.46017e-05
5.908451e-07,-7.9142e-05
5.909451e-07,-7.33045e-05
5.910451e-07,-5.83862e-05
5.911451e-07,-3.76303e-05
5.912451e-07,-1.36314e-05
5.913451e-07,1.10162e-05
5.914451e-07,3.43665e-05
5.915451e-07,5.44737e-05
5.916451e-07,7.00406e-05
5.917451e-07,8.04185e-05
5.918451e-07,8.62561e-05
5.919451e-07,8.8202e-05
5.920451e-07,8.8202e-05
5.921451e-07,8.56075e-05
5.922451e-07,8.23644e-05
5.923451e-07,7.7824e-05
5.924451e-07,7.32837e-05
5.925451e-07,6.74461e-05
5.926451e-07,6.03113e-05
5.927451e-07,5.25279e-05
5.928451e-07,4.40958e-05
5.929451e-07,3.56637e-05
5.930451e-07,2.85289e-05
5.931451e-07,2.20427e-05
5.932451e-07,1.87996e-05
5.933451e-07,1.87996e-05
5.934451e-07,2.13941e-05
5.935451e-07,2.6583e-05
5.936451e-07,3.37179e-05
5.937451e-07,4.02041e-05
5.938451e-07,4.60417e-05
5.939451e-07,4.92848e-05
5.940451e-07,4.92848e-05
5.941451e-07,4.47444e-05
5.942451e-07,3.6961e-05
5.943451e-07,2.59344e-05
5.944451e-07,1.23134e-05
5.945451e-07,-6.58998e-07
5.946451e-07,-1.23342e-05
5.947451e-07,-2.07662e-05
5.948451e-07,-2.46579e-05
5.949451e-07,-2.40093e-05
5.950451e-07,-1.75231e-05
5.951451e-07,-6.49658e-06
5.952451e-07,9.0703e-06
5.953451e-07,2.72317e-05
5.954451e-07,4.66903e-05
5.955451e-07,6.74461e-05
5.956451e-07,8.8202e-05
5.957451e-07,0.000109606
5.958451e-07,0.000129714
5.959451e-07,0.000149172
5.960451e-07,0.000167982
5.961451e-07,0.000185495
5.962451e-07,0.000201062
5.963451e-07,0.000214683
5.964451e-07,0.000226358
5.965451e-07,0.00023479
5.966451e-07,0.000239979
5.967451e-07,0.000241276
5.968451e-07,0.000238682
5.969451e-07,0.000232844
5.970451e-07,0.000224412
5.971451e-07,0.000212088
5.972451e-07,0.000197819
5.973451e-07,0.000179657
5.974451e-07,0.000158902
5.975451e-07,0.000134903
5.976451e-07,0.000108309
5.977451e-07,7.84727e-05
5.978451e-07,4.60417e-05
5.979451e-07,1.23134e-05
5.980451e-07,-2.07662e-05
5.981451e-07,-5.12514e-05
5.982451e-07,-7.58989e-05
5.983451e-07,-9.27631e-05
5.984451e-07,-9.98979e-05
5.985451e-07,-9.66548e-05
5.986451e-07,-8.23851e-05
5.987451e-07,-5.83862e-05
5.988451e-07,-2.72524e-05
5.989451e-07,9.0703e-06
5.990451e-07,4.5393e-05
5.991451e-07,7.84727e-05
5.992451e-07,0.000104417
5.993451e-07,0.000119984
5.994451e-07,0.000125822
5.995451e-07,0.00012193
5.996451e-07,0.000108309
5.997451e-07,9.01478e-05
5.998451e-07,7.00406e-05
5.999451e-07,5.18792e-05
6.000451e-07,3.82582e-05
6.001451e-07,3.24206e-05
6.002451e-07,3.56637e-05
6.003451e-07,4.73389e-05
6.004451e-07,6.55003e-05
6.005451e-07,8.8202e-05
6.006451e-07,0.000114147
6.007451e-07,0.000139443
6.008451e-07,0.000162145
6.009451e-07,0.000179657
6.010451e-07,0.000190684
6.011451e-07,0.000195224
6.012451e-07,0.000193927
6.013451e-07,0.000187441
6.014451e-07,0.000177712
6.015451e-07,0.000165388
6.016451e-07,0.000151767
6.017451e-07,0.000137497
6.018451e-07,0.000123227
6.019451e-07,0.000109606
6.020451e-07,9.6634e-05
6.021451e-07,8.43102e-05
6.022451e-07,7.26351e-05
6.023451e-07,6.16085e-05
6.024451e-07,4.99334e-05
6.025451e-07,3.76096e-05
6.026451e-07,2.33399e-05
6.027451e-07,7.77306e-06
6.028451e-07,-9.73968e-06
6.029451e-07,-3.04955e-05
6.030451e-07,-5.44945e-05
6.031451e-07,-8.17365e-05
6.032451e-07,-0.000110924
6.033451e-07,-0.00014141
6.034451e-07,-0.000171246
6.035451e-07,-0.000199137
6.036451e-07,-0.000222487
6.037451e-07,-0.000238703
6.038451e-07,-0.000246486
6.039451e-07,-0.00024454
6.040451e-07,-0.000232216
6.041451e-07,-0.000210812
6.042451e-07,-0.000182273
6.043451e-07,-0.000147247
6.044451e-07,-0.000109627
6.045451e-07,-7.13586e-05
6.046451e-07,-3.43872e-05
6.047451e-07,-1.95624e-06
6.048451e-07,2.52858e-05
6.049451e-07,4.47444e-05
6.050451e-07,5.77168e-05
6.051451e-07,6.4203e-05
6.052451e-07,6.4203e-05
6.053451e-07,5.83654e-05
6.054451e-07,4.92848e-05
6.055451e-07,3.6961e-05
6.056451e-07,2.26913e-05
6.057451e-07,8.42168e-06
6.058451e-07,-4.55072e-06
6.059451e-07,-1.55773e-05
6.060451e-07,-2.33607e-05
6.061451e-07,-2.7901e-05
6.062451e-07,-2.7901e-05
6.063451e-07,-2.20635e-05
6.064451e-07,-1.10369e-05
6.065451e-07,5.17858e-06
6.066451e-07,2.46372e-05
6.067451e-07,4.60417e-05
6.068451e-07,6.74461e-05
6.069451e-07,8.62561e-05
6.070451e-07,0.000102472
6.071451e-07,0.000114147
6.072451e-07,0.000119984
6.073451e-07,0.000119336
6.074451e-07,0.000111552
6.075451e-07,9.92285e-05
6.076451e-07,8.17158e-05
6.077451e-07,6.22572e-05
6.078451e-07,4.15013e-05
6.079451e-07,2.00968e-05
6.080451e-07,-1.03779e-08
6.081451e-07,-1.9469e-05
6.082451e-07,-3.76303e-05
6.083451e-07,-5.38459e-05
6.084451e-07,-6.87641e-05
6.085451e-07,-8.36824e-05
6.086451e-07,-9.73034e-05
6.087451e-07,-0.000110924
6.088451e-07,-0.000123248
6.089451e-07,-0.000134275
6.090451e-07,-0.000142707
6.091451e-07,-0.000148544
6.092451e-07,-0.000151787
6.093451e-07,-0.000151139
6.094451e-07,-0.000147896
6.095451e-07,-0.000140112
6.096451e-07,-0.000130383
6.097451e-07,-0.000117411
6.098451e-07,-0.00010379
6.099451e-07,-8.952e-05
6.100451e-07,-7.52503e-05
6.101451e-07,-6.16293e-05
6.102451e-07,-4.6711e-05
6.103451e-07,-3.17928e-05
6.104451e-07,-1.68745e-05
6.105451e-07,-1.30762e-06
6.106451e-07,1.55565e-05
6.107451e-07,3.24206e-05
6.108451e-07,4.86361e-05
6.109451e-07,6.48516e-05
6.110451e-07,7.91213e-05
6.111451e-07,9.07964e-05
6.112451e-07,9.92285e-05
6.113451e-07,0.000104417
6.114451e-07,0.000105066
6.115451e-07,0.000102472
6.116451e-07,9.53368e-05
6.117451e-07,8.49589e-05
6.118451e-07,7.32837e-05
6.119451e-07,5.96627e-05
6.120451e-07,4.5393e-05
6.121451e-07,3.11234e-05
6.122451e-07,1.8151e-05
6.123451e-07,5.8272e-06
6.124451e-07,-5.84796e-06
6.125451e-07,-1.62259e-05
6.126451e-07,-2.66038e-05
6.127451e-07,-3.50359e-05
6.128451e-07,-4.28193e-05
6.129451e-07,-4.93055e-05
6.130451e-07,-5.25486e-05
6.131451e-07,-5.31972e-05
6.132451e-07,-4.93055e-05
6.133451e-07,-4.15221e-05
6.134451e-07,-2.85497e-05
6.135451e-07,-1.16855e-05
6.136451e-07,9.71892e-06
6.137451e-07,3.37179e-05
6.138451e-07,5.90141e-05
6.139451e-07,8.49589e-05
6.140451e-07,0.000109606
6.141451e-07,0.00013166
6.142451e-07,0.000151118
6.143451e-07,0.000167334
6.144451e-07,0.000179657
6.145451e-07,0.000188738
6.146451e-07,0.000195224
6.147451e-07,0.000199765
6.148451e-07,0.000202359
6.149451e-07,0.000203008
6.150451e-07,0.00020171
6.151451e-07,0.000197819
6.152451e-07,0.000190684
6.153451e-07,0.000181603
6.154451e-07,0.000169279
6.155451e-07,0.000154361
6.156451e-07,0.0001362
6.157451e-07,0.000116741
6.158451e-07,9.53368e-05
6.159451e-07,7.26351e-05
6.160451e-07,4.99334e-05
6.161451e-07,2.72317e-05
6.162451e-07,3.88134e-06
6.163451e-07,-1.88204e-05
6.164451e-07,-4.08734e-05
6.165451e-07,-6.29265e-05
6.166451e-07,-8.36824e-05
6.167451e-07,-0.000103141
6.168451e-07,-0.000120654
6.169451e-07,-0.000134923
6.170451e-07,-0.000144004
6.171451e-07,-0.000147247
6.172451e-07,-0.000144653
6.173451e-07,-0.000134923
6.174451e-07,-0.000118708
6.175451e-07,-9.66548e-05
6.176451e-07,-7.071e-05
6.177451e-07,-4.21707e-05
6.178451e-07,-1.29828e-05
6.179451e-07,1.36106e-05
6.180451e-07,3.6961e-05
6.181451e-07,5.51223e-05
6.182451e-07,6.87434e-05
6.183451e-07,7.71754e-05
6.184451e-07,8.10671e-05
6.185451e-07,8.17158e-05
6.186451e-07,8.10671e-05
6.187451e-07,8.10671e-05
6.188451e-07,8.17158e-05
6.189451e-07,8.49589e-05
6.190451e-07,8.94992e-05
6.191451e-07,9.59854e-05
6.192451e-07,0.000101174
6.193451e-07,0.000105715
6.194451e-07,0.000108309
6.195451e-07,0.000107012
6.196451e-07,0.000101823
6.197451e-07,9.27423e-05
6.198451e-07,8.04185e-05
6.199451e-07,6.67975e-05
6.200451e-07,5.18792e-05
6.201451e-07,3.76096e-05
6.202451e-07,2.52858e-05
6.203451e-07,1.55565e-05
6.204451e-07,8.42168e-06
6.205451e-07,4.52996e-06
6.206451e-07,4.52996e-06
6.207451e-07,7.12444e-06
6.208451e-07,1.16648e-05
6.209451e-07,1.68537e-05
6.210451e-07,2.20427e-05
6.211451e-07,2.78803e-05
6.212451e-07,3.30692e-05
6.213451e-07,3.89068e-05
6.214451e-07,4.40958e-05
6.215451e-07,4.92848e-05
6.216451e-07,5.38251e-05
6.217451e-07,5.70682e-05
6.218451e-07,6.03113e-05
6.219451e-07,6.29058e-05
6.220451e-07,6.55003e-05
6.221451e-07,6.67975e-05
6.222451e-07,6.74461e-05
6.223451e-07,6.80947e-05
6.224451e-07,6.80947e-05
6.225451e-07,6.80947e-05
6.226451e-07,6.80947e-05
6.227451e-07,6.87434e-05
6.228451e-07,6.9392e-05
6.229451e-07,6.9392e-05
6.230451e-07,6.9392e-05
6.231451e-07,6.74461e-05
6.232451e-07,6.35544e-05
6.233451e-07,5.64196e-05
6.234451e-07,4.73389e-05
6.235451e-07,3.63124e-05
6.236451e-07,2.39886e-05
6.237451e-07,1.23134e-05
6.238451e-07,1.93548e-06
6.239451e-07,-5.19934e-06
6.240451e-07,-9.73968e-06
6.241451e-07,-1.03883e-05
6.242451e-07,-7.1452e-06
6.243451e-07,-1.03779e-08
6.244451e-07,9.71892e-06
6.245451e-07,2.07455e-05
6.246451e-07,3.1772e-05
6.247451e-07,4.15013e-05
6.248451e-07,4.99334e-05
6.249451e-07,5.5771e-05
6.250451e-07,5.96627e-05
6.251451e-07,6.29058e-05
6.252451e-07,6.48516e-05
6.253451e-07,6.80947e-05
6.254451e-07,7.26351e-05
6.255451e-07,7.84727e-05
6.256451e-07,8.43102e-05
6.257451e-07,9.14451e-05
6.258451e-07,9.79313e-05
6.259451e-07,0.00010312
6.260451e-07,0.000107012
6.261451e-07,0.000107661
6.262451e-07,0.000106363
6.263451e-07,0.00010312
6.264451e-07,9.92285e-05
6.265451e-07,9.46882e-05
6.266451e-07,9.14451e-05
6.267451e-07,9.01478e-05
6.268451e-07,9.20937e-05
6.269451e-07,9.6634e-05
6.270451e-07,0.000105066
6.271451e-07,0.000116093
6.272451e-07,0.000128416
6.273451e-07,0.00014074
6.274451e-07,0.000153064
6.275451e-07,0.000162793
6.276451e-07,0.000169279
6.277451e-07,0.000173171
6.278451e-07,0.00017382
6.279451e-07,0.000171874
6.280451e-07,0.000167334
6.281451e-07,0.000160199
6.282451e-07,0.000151767
6.283451e-07,0.000142037
6.284451e-07,0.000129714
6.285451e-07,0.000115444
6.286451e-07,0.000100526
6.287451e-07,8.49589e-05
6.288451e-07,6.80947e-05
6.289451e-07,5.0582e-05
6.290451e-07,3.43665e-05
6.291451e-07,2.07455e-05
6.292451e-07,9.0703e-06
6.293451e-07,1.28686e-06
6.294451e-07,-3.25348e-06
6.295451e-07,-3.25348e-06
6.296451e-07,-6.58998e-07
6.297451e-07,4.52996e-06
6.298451e-07,1.10162e-05
6.299451e-07,1.8151e-05
6.300451e-07,2.39886e-05
6.301451e-07,2.85289e-05
6.302451e-07,3.04748e-05
6.303451e-07,2.98261e-05
6.304451e-07,2.72317e-05
6.305451e-07,2.33399e-05
6.306451e-07,1.87996e-05
6.307451e-07,1.36106e-05
6.308451e-07,8.42168e-06
6.309451e-07,4.52996e-06
6.310451e-07,1.28686e-06
6.311451e-07,-1.30762e-06
6.312451e-07,-2.60486e-06
6.313451e-07,-3.25348e-06
6.314451e-07,-3.25348e-06
6.315451e-07,-2.60486e-06
6.316451e-07,-1.95624e-06
6.317451e-07,-6.58998e-07
6.318451e-07,1.28686e-06
6.319451e-07,4.52996e-06
6.320451e-07,9.0703e-06
6.321451e-07,1.49079e-05
6.322451e-07,2.13941e-05
6.323451e-07,2.85289e-05
6.324451e-07,3.56637e-05
6.325451e-07,4.21499e-05
6.326451e-07,4.92848e-05
6.327451e-07,5.5771e-05
6.328451e-07,6.22572e-05
6.329451e-07,6.9392e-05
6.330451e-07,7.7824e-05
6.331451e-07,8.69047e-05
6.332451e-07,9.72826e-05
6.333451e-07,0.000108958
6.334451e-07,0.000122579
6.335451e-07,0.000136848
6.336451e-07,0.000151767
6.337451e-07,0.000165388
6.338451e-07,0.00017836
6.339451e-07,0.000189387
6.340451e-07,0.000196522
6.341451e-07,0.000200413
6.342451e-07,0.000200413
6.343451e-07,0.000197819
6.344451e-07,0.00019263
6.345451e-07,0.000184846
6.346451e-07,0.000175766
6.347451e-07,0.000165388
6.348451e-07,0.000153713
6.349451e-07,0.000140092
6.350451e-07,0.000125822
6.351451e-07,0.000110255
6.352451e-07,9.33909e-05
6.353451e-07,7.52296e-05
6.354451e-07,5.64196e-05
6.355451e-07,3.76096e-05
6.356451e-07,1.94482e-05
6.357451e-07,3.23272e-06
6.358451e-07,-9.09106e-06
6.359451e-07,-1.68745e-05
6.360451e-07,-1.9469e-05
6.361451e-07,-1.68745e-05
6.362451e-07,-8.44244e-06
6.363451e-07,3.23272e-06
6.364451e-07,1.8151e-05
6.365451e-07,3.43665e-05
6.366451e-07,4.99334e-05
6.367451e-07,6.35544e-05
6.368451e-07,7.32837e-05
6.369451e-07,7.84727e-05
6.370451e-07,7.91213e-05
6.371451e-07,7.52296e-05
6.372451e-07,6.67975e-05
6.373451e-07,5.51223e-05
6.374451e-07,4.15013e-05
6.375451e-07,2.72317e-05
6.376451e-07,1.42593e-05
6.377451e-07,3.88134e-06
6.378451e-07,-2.60486e-06
6.379451e-07,-3.9021e-06
6.380451e-07,6.38242e-07
6.381451e-07,9.71892e-06
6.382451e-07,2.33399e-05
6.383451e-07,4.15013e-05
6.384451e-07,6.29058e-05
6.385451e-07,8.56075e-05
6.386451e-07,0.000108958
6.387451e-07,0.000132308
6.388451e-07,0.000153713
6.389451e-07,0.000172523
6.390451e-07,0.000187441
6.391451e-07,0.000199116
6.392451e-07,0.000206251
6.393451e-07,0.000209494
6.394451e-07,0.000208197
6.395451e-07,0.000203656
6.396451e-07,0.000195224
6.397451e-07,0.000183549
6.398451e-07,0.000168631
6.399451e-07,0.000150469
6.400451e-07,0.000130362
6.401451e-07,0.000108309
6.402451e-07,8.62561e-05
6.403451e-07,6.35544e-05
6.404451e-07,4.21499e-05
6.405451e-07,2.20427e-05
6.406451e-07,5.17858e-06
6.407451e-07,-8.44244e-06
6.408451e-07,-1.75231e-05
6.409451e-07,-2.07662e-05
6.410451e-07,-1.9469e-05
6.411451e-07,-1.36314e-05
6.412451e-07,-4.55072e-06
6.413451e-07,5.8272e-06
6.414451e-07,1.75024e-05
6.415451e-07,2.85289e-05
6.416451e-07,3.82582e-05
6.417451e-07,4.66903e-05
6.418451e-07,5.25279e-05
6.419451e-07,5.77168e-05
6.420451e-07,6.16085e-05
6.421451e-07,6.55003e-05
6.422451e-07,7.00406e-05
6.423451e-07,7.65268e-05
6.424451e-07,8.49589e-05
6.425451e-07,9.53368e-05
6.426451e-07,0.000107012
6.427451e-07,0.000119336
6.428451e-07,0.00013166
6.429451e-07,0.000142037
6.430451e-07,0.000149172
6.431451e-07,0.000153064
6.432451e-07,0.000153064
6.433451e-07,0.000149172
6.434451e-07,0.000142686
6.435451e-07,0.000133605
6.436451e-07,0.000122579
6.437451e-07,0.000111552
6.438451e-07,0.000101823
6.439451e-07,9.46882e-05
6.440451e-07,9.07964e-05
6.441451e-07,8.88506e-05
6.442451e-07,8.88506e-05
6.443451e-07,8.94992e-05
6.444451e-07,9.07964e-05
6.445451e-07,9.14451e-05
6.446451e-07,9.07964e-05
6.447451e-07,8.94992e-05
6.448451e-07,8.69047e-05
6.449451e-07,8.36616e-05
6.450451e-07,7.97699e-05
6.451451e-07,7.58782e-05
6.452451e-07,7.19865e-05
6.453451e-07,6.80947e-05
6.454451e-07,6.55003e-05
6.455451e-07,6.29058e-05
6.456451e-07,6.09599e-05
6.457451e-07,5.77168e-05
6.458451e-07,5.44737e-05
6.459451e-07,4.99334e-05
6.460451e-07,4.47444e-05
6.461451e-07,3.89068e-05
6.462451e-07,3.43665e-05
6.463451e-07,3.04748e-05
6.464451e-07,2.85289e-05
6.465451e-07,2.91775e-05
6.466451e-07,3.24206e-05
6.467451e-07,3.82582e-05
6.468451e-07,4.66903e-05
6.469451e-07,5.70682e-05
6.470451e-07,6.74461e-05
6.471451e-07,7.7824e-05
6.472451e-07,8.62561e-05
6.473451e-07,9.20937e-05
6.474451e-07,9.53368e-05
6.475451e-07,9.46882e-05
6.476451e-07,9.07964e-05
6.477451e-07,8.49589e-05
6.478451e-07,7.65268e-05
6.479451e-07,6.74461e-05
6.480451e-07,5.77168e-05
6.481451e-07,4.92848e-05
6.482451e-07,4.08527e-05
6.483451e-07,3.30692e-05
6.484451e-07,2.59344e-05
6.485451e-07,2.07455e-05
6.486451e-07,1.55565e-05
6.487451e-07,1.10162e-05
6.488451e-07,6.47582e-06
6.489451e-07,2.5841e-06
6.490451e-07,-6.58998e-07
6.491451e-07,-2.60486e-06
6.492451e-07,-3.25348e-06
6.493451e-07,-1.95624e-06
6.494451e-07,1.28686e-06
6.495451e-07,5.8272e-06
6.496451e-07,1.23134e-05
6.497451e-07,1.87996e-05
6.498451e-07,2.46372e-05
6.499451e-07,2.91775e-05
6.500451e-07,3.1772e-05
6.501451e-07,3.04748e-05
6.502451e-07,2.52858e-05
6.503451e-07,1.68537e-05
6.504451e-07,3.88134e-06
6.505451e-07,-1.16855e-05
6.506451e-07,-2.91983e-05
6.507451e-07,-4.73596e-05
6.508451e-07,-6.5521e-05
6.509451e-07,-8.10879e-05
6.510451e-07,-9.40603e-05
6.511451e-07,-0.000103141
6.512451e-07,-0.000107681
6.513451e-07,-0.000107033
6.514451e-07,-0.000101844
6.515451e-07,-9.27631e-05
6.516451e-07,-8.04393e-05
6.517451e-07,-6.61696e-05
6.518451e-07,-5.06027e-05
6.519451e-07,-3.56845e-05
6.520451e-07,-2.27121e-05
6.521451e-07,-1.23342e-05
6.522451e-07,-3.9021e-06
6.523451e-07,6.38242e-07
6.524451e-07,2.5841e-06
6.525451e-07,1.28686e-06
6.526451e-07,-2.60486e-06
6.527451e-07,-7.79382e-06
6.528451e-07,-1.428e-05
6.529451e-07,-2.20635e-05
6.530451e-07,-2.98469e-05
6.531451e-07,-3.76303e-05
6.532451e-07,-4.47652e-05
6.533451e-07,-5.12514e-05
6.534451e-07,-5.77376e-05
6.535451e-07,-6.29265e-05
6.536451e-07,-6.74669e-05
6.537451e-07,-7.26558e-05
6.538451e-07,-7.58989e-05
6.539451e-07,-7.9142e-05
6.540451e-07,-8.17365e-05
6.541451e-07,-8.4331e-05
6.542451e-07,-8.49796e-05
6.543451e-07,-8.4331e-05
6.544451e-07,-8.17365e-05
6.545451e-07,-7.71962e-05
6.546451e-07,-7.071e-05
6.547451e-07,-6.09807e-05
6.548451e-07,-4.86569e-05
6.549451e-07,-3.43872e-05
6.550451e-07,-1.81717e-05
6.551451e-07,-1.30762e-06
6.552451e-07,1.62051e-05
6.553451e-07,3.24206e-05
6.554451e-07,4.66903e-05
6.555451e-07,5.83654e-05
6.556451e-07,6.55003e-05
6.557451e-07,6.80947e-05
6.558451e-07,6.48516e-05
6.559451e-07,5.64196e-05
6.560451e-07,4.15013e-05
6.561451e-07,2.26913e-05
6.562451e-07,-6.58998e-07
6.563451e-07,-2.72524e-05
6.564451e-07,-5.57917e-05
6.565451e-07,-8.4331e-05
6.566451e-07,-0.000112222
6.567451e-07,-0.000137518
6.568451e-07,-0.000159571
6.569451e-07,-0.000177084
6.570451e-07,-0.00018811
6.571451e-07,-0.000193299
6.572451e-07,-0.000192002
6.573451e-07,-0.000184219
6.574451e-07,-0.000171246
6.575451e-07,-0.000153733
6.576451e-07,-0.000134275
6.577451e-07,-0.00011287
6.578451e-07,-9.14658e-05
6.579451e-07,-7.20072e-05
6.580451e-07,-5.51431e-05
6.581451e-07,-4.21707e-05
6.582451e-07,-3.309e-05
6.583451e-07,-2.85497e-05
6.584451e-07,-2.85497e-05
6.585451e-07,-3.24414e-05
6.586451e-07,-3.95762e-05
6.587451e-07,-4.93055e-05
6.588451e-07,-6.09807e-05
6.589451e-07,-7.33045e-05
6.590451e-07,-8.49796e-05
6.591451e-07,-9.60062e-05
6.592451e-07,-0.000105735
6.593451e-07,-0.00011287
6.594451e-07,-0.000116762
6.595451e-07,-0.000116762
6.596451e-07,-0.000113519
6.597451e-07,-0.000105735
6.598451e-07,-9.40603e-05
6.599451e-07,-7.97907e-05
6.600451e-07,-6.29265e-05
6.601451e-07,-4.60624e-05
6.602451e-07,-2.91983e-05
6.603451e-07,-1.428e-05
6.604451e-07,-3.9021e-06
6.605451e-07,1.28686e-06
6.606451e-07,6.38242e-07
6.607451e-07,-5.84796e-06
6.608451e-07,-1.81717e-05
6.609451e-07,-3.50359e-05
6.610451e-07,-5.7089e-05
6.611451e-07,-8.17365e-05
6.612451e-07,-0.000107681
6.613451e-07,-0.000132978
6.614451e-07,-0.000156976
6.615451e-07,-0.000177084
6.616451e-07,-0.000193948
6.617451e-07,-0.000206272
6.618451e-07,-0.000212109
6.619451e-07,-0.000212109
6.620451e-07,-0.000205623
6.621451e-07,-0.000193299
6.622451e-07,-0.000175786
6.623451e-07,-0.000154382
6.624451e-07,-0.000130383
6.625451e-07,-0.000105735
6.626451e-07,-8.17365e-05
6.627451e-07,-6.03321e-05
6.628451e-07,-4.21707e-05
6.629451e-07,-2.85497e-05
6.630451e-07,-1.9469e-05
6.631451e-07,-1.49286e-05
6.632451e-07,-1.36314e-05
6.633451e-07,-1.55773e-05
6.634451e-07,-1.88204e-05
6.635451e-07,-2.27121e-05
6.636451e-07,-2.59552e-05
6.637451e-07,-2.7901e-05
6.638451e-07,-2.72524e-05
6.639451e-07,-2.33607e-05
6.640451e-07,-1.88204e-05
6.641451e-07,-1.29828e-05
6.642451e-07,-7.79382e-06
6.643451e-07,-2.60486e-06
6.644451e-07,1.28686e-06
6.645451e-07,3.23272e-06
6.646451e-07,4.52996e-06
6.647451e-07,3.23272e-06
6.648451e-07,6.38242e-07
6.649451e-07,-3.25348e-06
6.650451e-07,-7.1452e-06
6.651451e-07,-1.16855e-05
6.652451e-07,-1.55773e-05
6.653451e-07,-2.01176e-05
6.654451e-07,-2.40093e-05
6.655451e-07,-2.72524e-05
6.656451e-07,-3.17928e-05
6.657451e-07,-3.63331e-05
6.658451e-07,-4.15221e-05
6.659451e-07,-4.6711e-05
6.660451e-07,-5.25486e-05
6.661451e-07,-5.77376e-05
6.662451e-07,-6.29265e-05
6.663451e-07,-6.81155e-05
6.664451e-07,-7.33045e-05
6.665451e-07,-7.9142e-05
6.666451e-07,-8.49796e-05
6.667451e-07,-9.14658e-05
6.668451e-07,-9.86006e-05
6.669451e-07,-0.000105735
6.670451e-07,-0.000112222
6.671451e-07,-0.000118708
6.672451e-07,-0.000124545
6.673451e-07,-0.000128437
6.674451e-07,-0.000130383
6.675451e-07,-0.000129734
6.676451e-07,-0.000125843
6.677451e-07,-0.000118059
6.678451e-07,-0.000107033
6.679451e-07,-9.34117e-05
6.680451e-07,-7.65476e-05
6.681451e-07,-5.90348e-05
6.682451e-07,-3.95762e-05
6.683451e-07,-2.01176e-05
6.684451e-07,-1.30762e-06
6.685451e-07,1.75024e-05
6.686451e-07,3.56637e-05
6.687451e-07,5.12306e-05
6.688451e-07,6.55003e-05
6.689451e-07,7.65268e-05
6.690451e-07,8.56075e-05
6.691451e-07,9.14451e-05
6.692451e-07,9.46882e-05
6.693451e-07,9.53368e-05
6.694451e-07,9.27423e-05
6.695451e-07,8.8202e-05
6.696451e-07,8.10671e-05
6.697451e-07,7.19865e-05
6.698451e-07,6.16085e-05
6.699451e-07,5.12306e-05
6.700451e-07,4.02041e-05
6.701451e-07,2.98261e-05
6.702451e-07,1.94482e-05
6.703451e-07,1.03675e-05
6.704451e-07,1.28686e-06
6.705451e-07,-7.1452e-06
6.706451e-07,-1.55773e-05
6.707451e-07,-2.46579e-05
6.708451e-07,-3.43872e-05
6.709451e-07,-4.60624e-05
6.710451e-07,-5.90348e-05
6.711451e-07,-7.46017e-05
6.712451e-07,-9.40603e-05
6.713451e-07,-0.000116113
6.714451e-07,-0.000140761
6.715451e-07,-0.000168652
6.716451e-07,-0.000198488
6.717451e-07,-0.000228325
6.718451e-07,-0.000257513
6.719451e-07,-0.000283457
6.720451e-07,-0.000304862
6.721451e-07,-0.000320429
6.722451e-07,-0.000328212
6.723451e-07,-0.000328861
6.724451e-07,-0.000321726
6.725451e-07,-0.000306808
6.726451e-07,-0.0002867
6.727451e-07,-0.000262053
6.728451e-07,-0.000236757
6.729451e-07,-0.000212109
6.730451e-07,-0.000190056
6.731451e-07,-0.000171246
6.732451e-07,-0.000157625
6.733451e-07,-0.000149193
6.734451e-07,-0.00014595
6.735451e-07,-0.000146599
6.736451e-07,-0.00015049
6.737451e-07,-0.000155679
6.738451e-07,-0.00016022
6.739451e-07,-0.000164111
6.740451e-07,-0.000166706
6.741451e-07,-0.000167354
6.742451e-07,-0.00016476
6.743451e-07,-0.000161517
6.744451e-07,-0.000156976
6.745451e-07,-0.000151139
6.746451e-07,-0.00014595
6.747451e-07,-0.000140761
6.748451e-07,-0.000136221
6.749451e-07,-0.000132329
6.750451e-07,-0.000128437
6.751451e-07,-0.000124545
6.752451e-07,-0.000121951
6.753451e-07,-0.000118708
6.754451e-07,-0.000114816
6.755451e-07,-0.000110276
6.756451e-07,-0.000104438
6.757451e-07,-9.73034e-05
6.758451e-07,-9.01686e-05
6.759451e-07,-8.17365e-05
6.760451e-07,-7.33045e-05
6.761451e-07,-6.5521e-05
6.762451e-07,-5.77376e-05
6.763451e-07,-5.06027e-05
6.764451e-07,-4.54138e-05
6.765451e-07,-4.15221e-05
6.766451e-07,-3.8279e-05
6.767451e-07,-3.50359e-05
6.768451e-07,-3.24414e-05
6.769451e-07,-2.98469e-05
6.770451e-07,-2.59552e-05
6.771451e-07,-2.20635e-05
6.772451e-07,-1.81717e-05
6.773451e-07,-1.36314e-05
6.774451e-07,-9.73968e-06
6.775451e-07,-6.49658e-06
6.776451e-07,-5.84796e-06
6.777451e-07,-6.49658e-06
6.778451e-07,-9.09106e-06
6.779451e-07,-1.29828e-05
6.780451e-07,-1.75231e-05
6.781451e-07,-2.33607e-05
6.782451e-07,-2.98469e-05
6.783451e-07,-3.56845e-05
6.784451e-07,-4.08734e-05
6.785451e-07,-4.54138e-05
6.786451e-07,-4.80083e-05
6.787451e-07,-4.80083e-05
6.788451e-07,-4.60624e-05
6.789451e-07,-4.15221e-05
6.790451e-07,-3.56845e-05
6.791451e-07,-2.85497e-05
6.792451e-07,-2.07662e-05
6.793451e-07,-1.29828e-05
6.794451e-07,-5.19934e-06
6.795451e-07,6.38242e-07
6.796451e-07,5.17858e-06
6.797451e-07,8.42168e-06
6.798451e-07,9.0703e-06
6.799451e-07,7.12444e-06
6.800451e-07,1.93548e-06
6.801451e-07,-6.49658e-06
6.802451e-07,-1.68745e-05
6.803451e-07,-2.91983e-05
6.804451e-07,-4.21707e-05
6.805451e-07,-5.51431e-05
6.806451e-07,-6.74669e-05
6.807451e-07,-7.78448e-05
6.808451e-07,-8.49796e-05
6.809451e-07,-9.01686e-05
6.810451e-07,-9.14658e-05
6.811451e-07,-8.952e-05
6.812451e-07,-8.36824e-05
6.813451e-07,-7.58989e-05
6.814451e-07,-6.5521e-05
6.815451e-07,-5.38459e-05
6.816451e-07,-4.28193e-05
6.817451e-07,-3.04955e-05
6.818451e-07,-1.88204e-05
6.819451e-07,-6.49658e-06
6.820451e-07,5.8272e-06
6.821451e-07,1.8151e-05
6.822451e-07,3.04748e-05
6.823451e-07,4.34472e-05
6.824451e-07,5.5771e-05
6.825451e-07,6.80947e-05
6.826451e-07,7.97699e-05
6.827451e-07,9.07964e-05
6.828451e-07,0.000101174
