LECROYWaveRunner‘N,20113,Waveform
Segments,1,SegmentSize,2002
Segment,TrigTime,TimeSinceSegment1
#1,01-Oct-2018 13:40:30,0                 
Time,Ampl
4.827846e-07,-7.65476e-05
4.828846e-07,-9.47089e-05
4.829846e-07,-0.000107033
4.830846e-07,-0.000112222
4.831846e-07,-0.000108979
4.832846e-07,-9.73034e-05
4.833846e-07,-8.04393e-05
4.834846e-07,-6.03321e-05
4.835846e-07,-4.15221e-05
4.836846e-07,-2.66038e-05
4.837846e-07,-1.88204e-05
4.838846e-07,-1.9469e-05
4.839846e-07,-2.7901e-05
4.840846e-07,-4.28193e-05
4.841846e-07,-5.96834e-05
4.842846e-07,-7.58989e-05
4.843846e-07,-8.69255e-05
4.844846e-07,-8.952e-05
4.845846e-07,-8.23851e-05
4.846846e-07,-6.5521e-05
4.847846e-07,-3.95762e-05
4.848846e-07,-7.1452e-06
4.849846e-07,2.6583e-05
4.850846e-07,5.90141e-05
4.851846e-07,8.62561e-05
4.852846e-07,0.000107661
4.853846e-07,0.000121282
4.854846e-07,0.000127768
4.855846e-07,0.000128416
4.856846e-07,0.000124525
4.857846e-07,0.000118038
4.858846e-07,0.000111552
4.859846e-07,0.000105066
4.860846e-07,9.85799e-05
4.861846e-07,9.07964e-05
4.862846e-07,8.04185e-05
4.863846e-07,6.74461e-05
4.864846e-07,5.12306e-05
4.865846e-07,3.1772e-05
4.866846e-07,1.16648e-05
4.867846e-07,-7.79382e-06
4.868846e-07,-2.46579e-05
4.869846e-07,-3.56845e-05
4.870846e-07,-3.89276e-05
4.871846e-07,-3.37386e-05
4.872846e-07,-1.88204e-05
4.873846e-07,2.5841e-06
4.874846e-07,2.78803e-05
4.875846e-07,5.44737e-05
4.876846e-07,7.7824e-05
4.877846e-07,9.53368e-05
4.878846e-07,0.000104417
4.879846e-07,0.000105066
4.880846e-07,9.79313e-05
4.881846e-07,8.36616e-05
4.882846e-07,6.48516e-05
4.883846e-07,4.40958e-05
4.884846e-07,2.33399e-05
4.885846e-07,3.88134e-06
4.886846e-07,-1.36314e-05
4.887846e-07,-3.04955e-05
4.888846e-07,-4.73596e-05
4.889846e-07,-6.48724e-05
4.890846e-07,-8.49796e-05
4.891846e-07,-0.000107681
4.892846e-07,-0.000133626
4.893846e-07,-0.000161517
4.894846e-07,-0.000187462
4.895846e-07,-0.000208866
4.896846e-07,-0.000221838
4.897846e-07,-0.000223784
4.898846e-07,-0.000213406
4.899846e-07,-0.000190056
4.900846e-07,-0.000156328
4.901846e-07,-0.000114168
4.902846e-07,-6.81155e-05
4.903846e-07,-2.27121e-05
4.904846e-07,1.68537e-05
4.905846e-07,4.86361e-05
4.906846e-07,6.9392e-05
4.907846e-07,7.91213e-05
4.908846e-07,7.91213e-05
4.909846e-07,7.13378e-05
4.910846e-07,5.96627e-05
4.911846e-07,4.60417e-05
4.912846e-07,3.37179e-05
4.913846e-07,2.46372e-05
4.914846e-07,1.94482e-05
4.915846e-07,1.75024e-05
4.916846e-07,1.68537e-05
4.917846e-07,1.62051e-05
4.918846e-07,1.49079e-05
4.919846e-07,1.16648e-05
4.920846e-07,7.12444e-06
4.921846e-07,1.93548e-06
4.922846e-07,-2.60486e-06
4.923846e-07,-4.55072e-06
4.924846e-07,-3.25348e-06
4.925846e-07,2.5841e-06
4.926846e-07,1.42593e-05
4.927846e-07,2.98261e-05
4.928846e-07,4.66903e-05
4.929846e-07,6.4203e-05
4.930846e-07,7.84727e-05
4.931846e-07,8.8202e-05
4.932846e-07,9.20937e-05
4.933846e-07,8.88506e-05
4.934846e-07,7.91213e-05
4.935846e-07,6.48516e-05
4.936846e-07,4.79875e-05
4.937846e-07,3.11234e-05
4.938846e-07,1.62051e-05
4.939846e-07,5.8272e-06
4.940846e-07,-6.58998e-07
4.941846e-07,-2.60486e-06
4.942846e-07,-1.03779e-08
4.943846e-07,4.52996e-06
4.944846e-07,9.71892e-06
4.945846e-07,1.49079e-05
4.946846e-07,1.94482e-05
4.947846e-07,2.39886e-05
4.948846e-07,2.72317e-05
4.949846e-07,2.98261e-05
4.950846e-07,3.43665e-05
4.951846e-07,4.02041e-05
4.952846e-07,4.73389e-05
4.953846e-07,5.51223e-05
4.954846e-07,6.29058e-05
4.955846e-07,7.00406e-05
4.956846e-07,7.45809e-05
4.957846e-07,7.58782e-05
4.958846e-07,7.39323e-05
4.959846e-07,6.9392e-05
4.960846e-07,6.22572e-05
4.961846e-07,5.38251e-05
4.962846e-07,4.60417e-05
4.963846e-07,3.95555e-05
4.964846e-07,3.63124e-05
4.965846e-07,3.63124e-05
4.966846e-07,3.95555e-05
4.967846e-07,4.5393e-05
4.968846e-07,5.25279e-05
4.969846e-07,5.96627e-05
4.970846e-07,6.48516e-05
4.971846e-07,6.80947e-05
4.972846e-07,6.80947e-05
4.973846e-07,6.67975e-05
4.974846e-07,6.4203e-05
4.975846e-07,6.29058e-05
4.976846e-07,6.4203e-05
4.977846e-07,6.9392e-05
4.978846e-07,7.97699e-05
4.979846e-07,9.59854e-05
4.980846e-07,0.000116093
4.981846e-07,0.000137497
4.982846e-07,0.000158253
4.983846e-07,0.000175117
4.984846e-07,0.000184846
4.985846e-07,0.000186144
4.986846e-07,0.000179009
4.987846e-07,0.000164739
4.988846e-07,0.000144632
4.989846e-07,0.00012193
4.990846e-07,9.92285e-05
4.991846e-07,8.10671e-05
4.992846e-07,6.80947e-05
4.993846e-07,6.16085e-05
4.994846e-07,6.22572e-05
4.995846e-07,6.80947e-05
4.996846e-07,7.7824e-05
4.997846e-07,8.8202e-05
4.998846e-07,9.85799e-05
4.999846e-07,0.000105715
5.000846e-07,0.000110255
5.001846e-07,0.000110904
5.002846e-07,0.000108958
5.003846e-07,0.000105715
5.004846e-07,0.00010312
5.005846e-07,0.000102472
5.006846e-07,0.000104417
5.007846e-07,0.000108958
5.008846e-07,0.000115444
5.009846e-07,0.000121282
5.010846e-07,0.000125822
5.011846e-07,0.000127768
5.012846e-07,0.000125822
5.013846e-07,0.000118687
5.014846e-07,0.000108958
5.015846e-07,9.6634e-05
5.016846e-07,8.56075e-05
5.017846e-07,7.71754e-05
5.018846e-07,7.39323e-05
5.019846e-07,7.71754e-05
5.020846e-07,8.62561e-05
5.021846e-07,0.000101174
5.022846e-07,0.000119336
5.023846e-07,0.000139443
5.024846e-07,0.000158902
5.025846e-07,0.000175117
5.026846e-07,0.000186792
5.027846e-07,0.000193278
5.028846e-07,0.000195224
5.029846e-07,0.000193927
5.030846e-07,0.000191333
5.031846e-07,0.000189387
5.032846e-07,0.000187441
5.033846e-07,0.000186792
5.034846e-07,0.000187441
5.035846e-07,0.000188089
5.036846e-07,0.000186144
5.037846e-07,0.000180306
5.038846e-07,0.000169928
5.039846e-07,0.000153713
5.040846e-07,0.00013166
5.041846e-07,0.000103769
5.042846e-07,7.26351e-05
5.043846e-07,3.95555e-05
5.044846e-07,7.12444e-06
5.045846e-07,-2.33607e-05
5.046846e-07,-4.99541e-05
5.047846e-07,-7.13586e-05
5.048846e-07,-8.75741e-05
5.049846e-07,-9.98979e-05
5.050846e-07,-0.000107681
5.051846e-07,-0.000112222
5.052846e-07,-0.000114816
5.053846e-07,-0.000114816
5.054846e-07,-0.000111573
5.055846e-07,-0.000104438
5.056846e-07,-9.27631e-05
5.057846e-07,-7.58989e-05
5.058846e-07,-5.31972e-05
5.059846e-07,-2.46579e-05
5.060846e-07,8.42168e-06
5.061846e-07,4.40958e-05
5.062846e-07,7.97699e-05
5.063846e-07,0.000114147
5.064846e-07,0.000143335
5.065846e-07,0.000166036
5.066846e-07,0.000181603
5.067846e-07,0.000190035
5.068846e-07,0.000191981
5.069846e-07,0.000189387
5.070846e-07,0.000183549
5.071846e-07,0.000177712
5.072846e-07,0.000173171
5.073846e-07,0.000168631
5.074846e-07,0.000166036
5.075846e-07,0.000164091
5.076846e-07,0.000160847
5.077846e-07,0.000153713
5.078846e-07,0.000142686
5.079846e-07,0.000127119
5.080846e-07,0.000106363
5.081846e-07,8.17158e-05
5.082846e-07,5.5771e-05
5.083846e-07,2.98261e-05
5.084846e-07,7.12444e-06
5.085846e-07,-1.03883e-05
5.086846e-07,-2.14148e-05
5.087846e-07,-2.53066e-05
5.088846e-07,-2.40093e-05
5.089846e-07,-1.75231e-05
5.090846e-07,-8.44244e-06
5.091846e-07,1.28686e-06
5.092846e-07,9.71892e-06
5.093846e-07,1.49079e-05
5.094846e-07,1.75024e-05
5.095846e-07,1.75024e-05
5.096846e-07,1.55565e-05
5.097846e-07,1.36106e-05
5.098846e-07,1.2962e-05
5.099846e-07,1.49079e-05
5.100846e-07,1.94482e-05
5.101846e-07,2.72317e-05
5.102846e-07,3.63124e-05
5.103846e-07,4.5393e-05
5.104846e-07,5.12306e-05
5.105846e-07,5.18792e-05
5.106846e-07,4.66903e-05
5.107846e-07,3.50151e-05
5.108846e-07,1.68537e-05
5.109846e-07,-5.84796e-06
5.110846e-07,-3.04955e-05
5.111846e-07,-5.44945e-05
5.112846e-07,-7.52503e-05
5.113846e-07,-9.14658e-05
5.114846e-07,-9.92493e-05
5.115846e-07,-9.98979e-05
5.116846e-07,-9.34117e-05
5.117846e-07,-8.17365e-05
5.118846e-07,-6.61696e-05
5.119846e-07,-4.86569e-05
5.120846e-07,-3.11441e-05
5.121846e-07,-1.49286e-05
5.122846e-07,-1.03779e-08
5.123846e-07,1.2962e-05
5.124846e-07,2.52858e-05
5.125846e-07,3.63124e-05
5.126846e-07,4.73389e-05
5.127846e-07,5.90141e-05
5.128846e-07,6.87434e-05
5.129846e-07,7.71754e-05
5.130846e-07,8.17158e-05
5.131846e-07,8.23644e-05
5.132846e-07,7.84727e-05
5.133846e-07,6.87434e-05
5.134846e-07,5.38251e-05
5.135846e-07,3.56637e-05
5.136846e-07,1.49079e-05
5.137846e-07,-5.84796e-06
5.138846e-07,-2.40093e-05
5.139846e-07,-3.8279e-05
5.140846e-07,-4.6711e-05
5.141846e-07,-4.93055e-05
5.142846e-07,-4.73596e-05
5.143846e-07,-4.15221e-05
5.144846e-07,-3.43872e-05
5.145846e-07,-2.7901e-05
5.146846e-07,-2.33607e-05
5.147846e-07,-2.07662e-05
5.148846e-07,-2.14148e-05
5.149846e-07,-2.33607e-05
5.150846e-07,-2.66038e-05
5.151846e-07,-2.91983e-05
5.152846e-07,-2.91983e-05
5.153846e-07,-2.72524e-05
5.154846e-07,-2.14148e-05
5.155846e-07,-1.428e-05
5.156846e-07,-7.1452e-06
5.157846e-07,-1.95624e-06
5.158846e-07,-1.03779e-08
5.159846e-07,-3.9021e-06
5.160846e-07,-1.36314e-05
5.161846e-07,-2.85497e-05
5.162846e-07,-4.6711e-05
5.163846e-07,-6.61696e-05
5.164846e-07,-8.4331e-05
5.165846e-07,-9.86006e-05
5.166846e-07,-0.000107033
5.167846e-07,-0.000107681
5.168846e-07,-0.000101195
5.169846e-07,-8.88713e-05
5.170846e-07,-7.26558e-05
5.171846e-07,-5.44945e-05
5.172846e-07,-3.69817e-05
5.173846e-07,-2.20635e-05
5.174846e-07,-1.03883e-05
5.175846e-07,-1.95624e-06
5.176846e-07,3.23272e-06
5.177846e-07,6.47582e-06
5.178846e-07,1.10162e-05
5.179846e-07,1.68537e-05
5.180846e-07,2.39886e-05
5.181846e-07,3.30692e-05
5.182846e-07,4.34472e-05
5.183846e-07,5.25279e-05
5.184846e-07,5.83654e-05
5.185846e-07,5.90141e-05
5.186846e-07,5.31765e-05
5.187846e-07,4.08527e-05
5.188846e-07,2.20427e-05
5.189846e-07,-2.60486e-06
5.190846e-07,-2.91983e-05
5.191846e-07,-5.51431e-05
5.192846e-07,-7.78448e-05
5.193846e-07,-9.40603e-05
5.194846e-07,-0.000103141
5.195846e-07,-0.00010379
5.196846e-07,-9.73034e-05
5.197846e-07,-8.49796e-05
5.198846e-07,-6.87641e-05
5.199846e-07,-5.12514e-05
5.200846e-07,-3.37386e-05
5.201846e-07,-1.88204e-05
5.202846e-07,-7.1452e-06
5.203846e-07,3.23272e-06
5.204846e-07,1.10162e-05
5.205846e-07,1.8151e-05
5.206846e-07,2.52858e-05
5.207846e-07,3.30692e-05
5.208846e-07,4.08527e-05
5.209846e-07,4.73389e-05
5.210846e-07,5.25279e-05
5.211846e-07,5.25279e-05
5.212846e-07,4.66903e-05
5.213846e-07,3.24206e-05
5.214846e-07,1.10162e-05
5.215846e-07,-1.75231e-05
5.216846e-07,-5.12514e-05
5.217846e-07,-8.75741e-05
5.218846e-07,-0.0001226
5.219846e-07,-0.000153085
5.220846e-07,-0.000176435
5.221846e-07,-0.000190056
5.222846e-07,-0.000193948
5.223846e-07,-0.00018811
5.224846e-07,-0.000174489
5.225846e-07,-0.000156328
5.226846e-07,-0.000134923
5.227846e-07,-0.000114168
5.228846e-07,-9.60062e-05
5.229846e-07,-8.10879e-05
5.230846e-07,-7.00614e-05
5.231846e-07,-6.22779e-05
5.232846e-07,-5.77376e-05
5.233846e-07,-5.38459e-05
5.234846e-07,-4.99541e-05
5.235846e-07,-4.47652e-05
5.236846e-07,-3.95762e-05
5.237846e-07,-3.43872e-05
5.238846e-07,-2.91983e-05
5.239846e-07,-2.66038e-05
5.240846e-07,-2.72524e-05
5.241846e-07,-3.11441e-05
5.242846e-07,-3.89276e-05
5.243846e-07,-4.93055e-05
5.244846e-07,-6.03321e-05
5.245846e-07,-7.00614e-05
5.246846e-07,-7.65476e-05
5.247846e-07,-7.97907e-05
5.248846e-07,-7.9142e-05
5.249846e-07,-7.39531e-05
5.250846e-07,-6.68183e-05
5.251846e-07,-5.77376e-05
5.252846e-07,-4.99541e-05
5.253846e-07,-4.54138e-05
5.254846e-07,-4.41165e-05
5.255846e-07,-4.73596e-05
5.256846e-07,-5.44945e-05
5.257846e-07,-6.48724e-05
5.258846e-07,-7.65476e-05
5.259846e-07,-8.69255e-05
5.260846e-07,-9.47089e-05
5.261846e-07,-9.7952e-05
5.262846e-07,-9.60062e-05
5.263846e-07,-8.88713e-05
5.264846e-07,-7.78448e-05
5.265846e-07,-6.35752e-05
5.266846e-07,-4.86569e-05
5.267846e-07,-3.37386e-05
5.268846e-07,-2.14148e-05
5.269846e-07,-1.23342e-05
5.270846e-07,-6.49658e-06
5.271846e-07,-3.25348e-06
5.272846e-07,-3.25348e-06
5.273846e-07,-4.55072e-06
5.274846e-07,-5.84796e-06
5.275846e-07,-5.84796e-06
5.276846e-07,-3.9021e-06
5.277846e-07,-6.58998e-07
5.278846e-07,4.52996e-06
5.279846e-07,1.10162e-05
5.280846e-07,1.8151e-05
5.281846e-07,2.52858e-05
5.282846e-07,3.1772e-05
5.283846e-07,3.6961e-05
5.284846e-07,4.08527e-05
5.285846e-07,4.40958e-05
5.286846e-07,4.66903e-05
5.287846e-07,4.86361e-05
5.288846e-07,4.99334e-05
5.289846e-07,5.0582e-05
5.290846e-07,4.92848e-05
5.291846e-07,4.73389e-05
5.292846e-07,4.34472e-05
5.293846e-07,3.63124e-05
5.294846e-07,2.72317e-05
5.295846e-07,1.68537e-05
5.296846e-07,5.8272e-06
5.297846e-07,-5.84796e-06
5.298846e-07,-1.49286e-05
5.299846e-07,-2.14148e-05
5.300846e-07,-2.27121e-05
5.301846e-07,-1.9469e-05
5.302846e-07,-1.10369e-05
5.303846e-07,1.93548e-06
5.304846e-07,1.8151e-05
5.305846e-07,3.63124e-05
5.306846e-07,5.44737e-05
5.307846e-07,7.19865e-05
5.308846e-07,8.56075e-05
5.309846e-07,9.59854e-05
5.310846e-07,0.000102472
5.311846e-07,0.000106363
5.312846e-07,0.000108309
5.313846e-07,0.000108958
5.314846e-07,0.000110904
5.315846e-07,0.000113498
5.316846e-07,0.000118687
5.317846e-07,0.000124525
5.318846e-07,0.00013166
5.319846e-07,0.000138146
5.320846e-07,0.000143335
5.321846e-07,0.000145281
5.322846e-07,0.000143983
5.323846e-07,0.000138794
5.324846e-07,0.000131011
5.325846e-07,0.000121282
5.326846e-07,0.000110904
5.327846e-07,0.000102472
5.328846e-07,9.53368e-05
5.329846e-07,9.27423e-05
5.330846e-07,9.40395e-05
5.331846e-07,9.98771e-05
5.332846e-07,0.000108958
5.333846e-07,0.000119984
5.334846e-07,0.00013166
5.335846e-07,0.000142037
5.336846e-07,0.000150469
5.337846e-07,0.000155658
5.338846e-07,0.000157604
5.339846e-07,0.000156956
5.340846e-07,0.000154361
5.341846e-07,0.000151118
5.342846e-07,0.000148524
5.343846e-07,0.000147875
5.344846e-07,0.000149172
5.345846e-07,0.000152415
5.346846e-07,0.000156956
5.347846e-07,0.000162793
5.348846e-07,0.000167334
5.349846e-07,0.000169279
5.350846e-07,0.000167982
5.351846e-07,0.000162793
5.352846e-07,0.000152415
5.353846e-07,0.000138146
5.354846e-07,0.000121282
5.355846e-07,0.000104417
5.356846e-07,8.75533e-05
5.357846e-07,7.19865e-05
5.358846e-07,5.90141e-05
5.359846e-07,4.79875e-05
5.360846e-07,3.95555e-05
5.361846e-07,3.24206e-05
5.362846e-07,2.6583e-05
5.363846e-07,2.07455e-05
5.364846e-07,1.49079e-05
5.365846e-07,9.0703e-06
5.366846e-07,3.88134e-06
5.367846e-07,-1.03779e-08
5.368846e-07,-1.95624e-06
5.369846e-07,-6.58998e-07
5.370846e-07,3.88134e-06
5.371846e-07,1.2962e-05
5.372846e-07,2.46372e-05
5.373846e-07,3.76096e-05
5.374846e-07,5.18792e-05
5.375846e-07,6.61489e-05
5.376846e-07,7.71754e-05
5.377846e-07,8.56075e-05
5.378846e-07,9.14451e-05
5.379846e-07,9.53368e-05
5.380846e-07,9.79313e-05
5.381846e-07,9.92285e-05
5.382846e-07,0.000100526
5.383846e-07,0.00010312
5.384846e-07,0.000106363
5.385846e-07,0.000109606
5.386846e-07,0.00011285
5.387846e-07,0.000114795
5.388846e-07,0.000114147
5.389846e-07,0.000109606
5.390846e-07,0.00010312
5.391846e-07,9.40395e-05
5.392846e-07,8.43102e-05
5.393846e-07,7.52296e-05
5.394846e-07,6.87434e-05
5.395846e-07,6.61489e-05
5.396846e-07,6.80947e-05
5.397846e-07,7.52296e-05
5.398846e-07,8.69047e-05
5.399846e-07,0.000102472
5.400846e-07,0.000119984
5.401846e-07,0.000136848
5.402846e-07,0.000151767
5.403846e-07,0.000162793
5.404846e-07,0.000169279
5.405846e-07,0.000170577
5.406846e-07,0.000167982
5.407846e-07,0.000162145
5.408846e-07,0.000154361
5.409846e-07,0.000145281
5.410846e-07,0.0001362
5.411846e-07,0.000128416
5.412846e-07,0.000121282
5.413846e-07,0.000115444
5.414846e-07,0.000110255
5.415846e-07,0.000105715
5.416846e-07,0.000101823
5.417846e-07,9.92285e-05
5.418846e-07,9.72826e-05
5.419846e-07,9.6634e-05
5.420846e-07,9.79313e-05
5.421846e-07,0.000101174
5.422846e-07,0.000106363
5.423846e-07,0.000114795
5.424846e-07,0.000124525
5.425846e-07,0.000134903
5.426846e-07,0.000145281
5.427846e-07,0.000154361
5.428846e-07,0.000160199
5.429846e-07,0.000162793
5.430846e-07,0.000162145
5.431846e-07,0.000156956
5.432846e-07,0.000149172
5.433846e-07,0.000139443
5.434846e-07,0.000128416
5.435846e-07,0.00011739
5.436846e-07,0.000107012
5.437846e-07,9.72826e-05
5.438846e-07,8.8202e-05
5.439846e-07,7.97699e-05
5.440846e-07,7.06892e-05
5.441846e-07,6.09599e-05
5.442846e-07,5.0582e-05
5.443846e-07,4.02041e-05
5.444846e-07,2.91775e-05
5.445846e-07,1.87996e-05
5.446846e-07,1.03675e-05
5.447846e-07,5.17858e-06
5.448846e-07,4.52996e-06
5.449846e-07,9.0703e-06
5.450846e-07,1.8151e-05
5.451846e-07,3.1772e-05
5.452846e-07,4.86361e-05
5.453846e-07,6.61489e-05
5.454846e-07,8.3013e-05
5.455846e-07,9.6634e-05
5.456846e-07,0.000105715
5.457846e-07,0.000109606
5.458846e-07,0.000108309
5.459846e-07,0.000102472
5.460846e-07,9.27423e-05
5.461846e-07,8.10671e-05
5.462846e-07,7.00406e-05
5.463846e-07,6.09599e-05
5.464846e-07,5.44737e-05
5.465846e-07,5.0582e-05
5.466846e-07,4.92848e-05
5.467846e-07,4.99334e-05
5.468846e-07,5.12306e-05
5.469846e-07,5.18792e-05
5.470846e-07,5.12306e-05
5.471846e-07,4.86361e-05
5.472846e-07,4.34472e-05
5.473846e-07,3.63124e-05
5.474846e-07,2.91775e-05
5.475846e-07,2.20427e-05
5.476846e-07,1.55565e-05
5.477846e-07,1.16648e-05
5.478846e-07,9.71892e-06
5.479846e-07,9.71892e-06
5.480846e-07,1.16648e-05
5.481846e-07,1.36106e-05
5.482846e-07,1.62051e-05
5.483846e-07,1.68537e-05
5.484846e-07,1.62051e-05
5.485846e-07,1.2962e-05
5.486846e-07,8.42168e-06
5.487846e-07,3.23272e-06
5.488846e-07,-2.60486e-06
5.489846e-07,-7.1452e-06
5.490846e-07,-1.16855e-05
5.491846e-07,-1.428e-05
5.492846e-07,-1.68745e-05
5.493846e-07,-1.81717e-05
5.494846e-07,-2.01176e-05
5.495846e-07,-2.27121e-05
5.496846e-07,-2.72524e-05
5.497846e-07,-3.37386e-05
5.498846e-07,-4.08734e-05
5.499846e-07,-4.80083e-05
5.500846e-07,-5.38459e-05
5.501846e-07,-5.57917e-05
5.502846e-07,-5.38459e-05
5.503846e-07,-4.60624e-05
5.504846e-07,-3.24414e-05
5.505846e-07,-1.29828e-05
5.506846e-07,1.16648e-05
5.507846e-07,3.95555e-05
5.508846e-07,6.87434e-05
5.509846e-07,9.6634e-05
5.510846e-07,0.000122579
5.511846e-07,0.000143335
5.512846e-07,0.000158902
5.513846e-07,0.000168631
5.514846e-07,0.000171874
5.515846e-07,0.000169928
5.516846e-07,0.000162793
5.517846e-07,0.000152415
5.518846e-07,0.000139443
5.519846e-07,0.000123876
5.520846e-07,0.000107012
5.521846e-07,8.8202e-05
5.522846e-07,6.87434e-05
5.523846e-07,4.92848e-05
5.524846e-07,2.98261e-05
5.525846e-07,1.23134e-05
5.526846e-07,-2.60486e-06
5.527846e-07,-1.23342e-05
5.528846e-07,-1.62259e-05
5.529846e-07,-1.36314e-05
5.530846e-07,-4.55072e-06
5.531846e-07,1.03675e-05
5.532846e-07,2.91775e-05
5.533846e-07,4.92848e-05
5.534846e-07,6.80947e-05
5.535846e-07,8.3013e-05
5.536846e-07,9.20937e-05
5.537846e-07,9.46882e-05
5.538846e-07,8.94992e-05
5.539846e-07,7.71754e-05
5.540846e-07,6.03113e-05
5.541846e-07,3.95555e-05
5.542846e-07,1.8151e-05
5.543846e-07,-1.30762e-06
5.544846e-07,-1.81717e-05
5.545846e-07,-3.04955e-05
5.546846e-07,-4.02248e-05
5.547846e-07,-4.6711e-05
5.548846e-07,-5.19e-05
5.549846e-07,-5.77376e-05
5.550846e-07,-6.5521e-05
5.551846e-07,-7.58989e-05
5.552846e-07,-8.952e-05
5.553846e-07,-0.000105735
5.554846e-07,-0.000123248
5.555846e-07,-0.000139464
5.556846e-07,-0.000153085
5.557846e-07,-0.000162165
5.558846e-07,-0.00016476
5.559846e-07,-0.00016022
5.560846e-07,-0.000147896
5.561846e-07,-0.000129086
5.562846e-07,-0.000105735
5.563846e-07,-7.9142e-05
5.564846e-07,-5.25486e-05
5.565846e-07,-2.72524e-05
5.566846e-07,-5.19934e-06
5.567846e-07,1.36106e-05
5.568846e-07,2.72317e-05
5.569846e-07,3.63124e-05
5.570846e-07,4.15013e-05
5.571846e-07,4.47444e-05
5.572846e-07,4.60417e-05
5.573846e-07,4.60417e-05
5.574846e-07,4.60417e-05
5.575846e-07,4.66903e-05
5.576846e-07,4.73389e-05
5.577846e-07,4.66903e-05
5.578846e-07,4.60417e-05
5.579846e-07,4.5393e-05
5.580846e-07,4.47444e-05
5.581846e-07,4.47444e-05
5.582846e-07,4.40958e-05
5.583846e-07,4.40958e-05
5.584846e-07,4.5393e-05
5.585846e-07,4.66903e-05
5.586846e-07,4.86361e-05
5.587846e-07,5.18792e-05
5.588846e-07,5.44737e-05
5.589846e-07,5.64196e-05
5.590846e-07,5.70682e-05
5.591846e-07,5.64196e-05
5.592846e-07,5.25279e-05
5.593846e-07,4.66903e-05
5.594846e-07,3.89068e-05
5.595846e-07,3.04748e-05
5.596846e-07,2.26913e-05
5.597846e-07,1.62051e-05
5.598846e-07,1.2962e-05
5.599846e-07,1.23134e-05
5.600846e-07,1.55565e-05
5.601846e-07,2.07455e-05
5.602846e-07,2.91775e-05
5.603846e-07,3.89068e-05
5.604846e-07,5.0582e-05
5.605846e-07,6.09599e-05
5.606846e-07,7.00406e-05
5.607846e-07,7.65268e-05
5.608846e-07,7.97699e-05
5.609846e-07,8.10671e-05
5.610846e-07,7.91213e-05
5.611846e-07,7.52296e-05
5.612846e-07,6.87434e-05
5.613846e-07,6.03113e-05
5.614846e-07,4.92848e-05
5.615846e-07,3.63124e-05
5.616846e-07,2.07455e-05
5.617846e-07,3.23272e-06
5.618846e-07,-1.49286e-05
5.619846e-07,-3.309e-05
5.620846e-07,-5.06027e-05
5.621846e-07,-6.61696e-05
5.622846e-07,-7.71962e-05
5.623846e-07,-8.4331e-05
5.624846e-07,-8.56282e-05
5.625846e-07,-8.23851e-05
5.626846e-07,-7.39531e-05
5.627846e-07,-6.16293e-05
5.628846e-07,-4.60624e-05
5.629846e-07,-2.98469e-05
5.630846e-07,-1.428e-05
5.631846e-07,-1.95624e-06
5.632846e-07,6.47582e-06
5.633846e-07,1.03675e-05
5.634846e-07,1.10162e-05
5.635846e-07,8.42168e-06
5.636846e-07,3.23272e-06
5.637846e-07,-1.95624e-06
5.638846e-07,-7.1452e-06
5.639846e-07,-9.09106e-06
5.640846e-07,-9.09106e-06
5.641846e-07,-6.49658e-06
5.642846e-07,-6.58998e-07
5.643846e-07,6.47582e-06
5.644846e-07,1.36106e-05
5.645846e-07,2.07455e-05
5.646846e-07,2.6583e-05
5.647846e-07,3.1772e-05
5.648846e-07,3.63124e-05
5.649846e-07,4.02041e-05
5.650846e-07,4.47444e-05
5.651846e-07,5.12306e-05
5.652846e-07,6.03113e-05
5.653846e-07,7.26351e-05
5.654846e-07,8.8202e-05
5.655846e-07,0.000106363
5.656846e-07,0.000125173
5.657846e-07,0.000143983
5.658846e-07,0.000160847
5.659846e-07,0.000175766
5.660846e-07,0.000186792
5.661846e-07,0.000193278
5.662846e-07,0.000193927
5.663846e-07,0.000191333
5.664846e-07,0.000184846
5.665846e-07,0.000176414
5.666846e-07,0.000166685
5.667846e-07,0.000156307
5.668846e-07,0.000144632
5.669846e-07,0.000132308
5.670846e-07,0.000119984
5.671846e-07,0.000107661
5.672846e-07,9.53368e-05
5.673846e-07,8.43102e-05
5.674846e-07,7.39323e-05
5.675846e-07,6.67975e-05
5.676846e-07,6.16085e-05
5.677846e-07,6.09599e-05
5.678846e-07,6.48516e-05
5.679846e-07,7.32837e-05
5.680846e-07,8.62561e-05
5.681846e-07,0.000101174
5.682846e-07,0.000118038
5.683846e-07,0.000134254
5.684846e-07,0.000147875
5.685846e-07,0.000158253
5.686846e-07,0.000164091
5.687846e-07,0.000164739
5.688846e-07,0.000161496
5.689846e-07,0.00015501
5.690846e-07,0.000148524
5.691846e-07,0.000142037
5.692846e-07,0.000136848
5.693846e-07,0.000132957
5.694846e-07,0.00013166
5.695846e-07,0.00013166
5.696846e-07,0.00013166
5.697846e-07,0.000131011
5.698846e-07,0.000127768
5.699846e-07,0.000121282
5.700846e-07,0.000110904
5.701846e-07,9.59854e-05
5.702846e-07,7.84727e-05
5.703846e-07,6.03113e-05
5.704846e-07,4.21499e-05
5.705846e-07,2.72317e-05
5.706846e-07,1.62051e-05
5.707846e-07,1.03675e-05
5.708846e-07,1.03675e-05
5.709846e-07,1.55565e-05
5.710846e-07,2.46372e-05
5.711846e-07,3.63124e-05
5.712846e-07,4.86361e-05
5.713846e-07,6.09599e-05
5.714846e-07,7.13378e-05
5.715846e-07,7.91213e-05
5.716846e-07,8.3013e-05
5.717846e-07,8.36616e-05
5.718846e-07,8.23644e-05
5.719846e-07,7.97699e-05
5.720846e-07,7.65268e-05
5.721846e-07,7.32837e-05
5.722846e-07,7.19865e-05
5.723846e-07,7.19865e-05
5.724846e-07,7.39323e-05
5.725846e-07,7.65268e-05
5.726846e-07,7.84727e-05
5.727846e-07,7.7824e-05
5.728846e-07,7.58782e-05
5.729846e-07,7.19865e-05
5.730846e-07,6.67975e-05
5.731846e-07,6.03113e-05
5.732846e-07,5.31765e-05
5.733846e-07,4.60417e-05
5.734846e-07,3.89068e-05
5.735846e-07,3.30692e-05
5.736846e-07,2.85289e-05
5.737846e-07,2.39886e-05
5.738846e-07,2.07455e-05
5.739846e-07,1.8151e-05
5.740846e-07,1.55565e-05
5.741846e-07,1.36106e-05
5.742846e-07,1.2962e-05
5.743846e-07,1.49079e-05
5.744846e-07,1.87996e-05
5.745846e-07,2.6583e-05
5.746846e-07,3.76096e-05
5.747846e-07,5.25279e-05
5.748846e-07,7.06892e-05
5.749846e-07,9.01478e-05
5.750846e-07,0.000108309
5.751846e-07,0.000123876
5.752846e-07,0.000134254
5.753846e-07,0.000137497
5.754846e-07,0.000134254
5.755846e-07,0.000123876
5.756846e-07,0.000107661
5.757846e-07,8.8202e-05
5.758846e-07,6.74461e-05
5.759846e-07,4.92848e-05
5.760846e-07,3.56637e-05
5.761846e-07,2.72317e-05
5.762846e-07,2.52858e-05
5.763846e-07,2.91775e-05
5.764846e-07,3.6961e-05
5.765846e-07,4.66903e-05
5.766846e-07,5.5771e-05
5.767846e-07,6.29058e-05
5.768846e-07,6.61489e-05
5.769846e-07,6.48516e-05
5.770846e-07,6.03113e-05
5.771846e-07,5.38251e-05
5.772846e-07,4.66903e-05
5.773846e-07,4.15013e-05
5.774846e-07,3.95555e-05
5.775846e-07,4.15013e-05
5.776846e-07,4.66903e-05
5.777846e-07,5.44737e-05
5.778846e-07,6.4203e-05
5.779846e-07,7.32837e-05
5.780846e-07,8.04185e-05
5.781846e-07,8.49589e-05
5.782846e-07,8.56075e-05
5.783846e-07,8.3013e-05
5.784846e-07,7.65268e-05
5.785846e-07,6.87434e-05
5.786846e-07,6.09599e-05
5.787846e-07,5.38251e-05
5.788846e-07,4.92848e-05
5.789846e-07,4.79875e-05
5.790846e-07,4.99334e-05
5.791846e-07,5.38251e-05
5.792846e-07,5.83654e-05
5.793846e-07,6.16085e-05
5.794846e-07,6.29058e-05
5.795846e-07,6.22572e-05
5.796846e-07,5.83654e-05
5.797846e-07,5.31765e-05
5.798846e-07,4.86361e-05
5.799846e-07,4.73389e-05
5.800846e-07,4.99334e-05
5.801846e-07,5.77168e-05
5.802846e-07,7.19865e-05
5.803846e-07,9.14451e-05
5.804846e-07,0.000116093
5.805846e-07,0.000143983
5.806846e-07,0.000173171
5.807846e-07,0.000201062
5.808846e-07,0.000223764
5.809846e-07,0.000240628
5.810846e-07,0.000249708
5.811846e-07,0.000251006
5.812846e-07,0.000245168
5.813846e-07,0.000234141
5.814846e-07,0.000217926
5.815846e-07,0.000199116
5.816846e-07,0.00017836
5.817846e-07,0.000157604
5.818846e-07,0.000137497
5.819846e-07,0.000118038
5.820846e-07,0.000100526
5.821846e-07,8.43102e-05
5.822846e-07,6.9392e-05
5.823846e-07,5.70682e-05
5.824846e-07,4.60417e-05
5.825846e-07,3.76096e-05
5.826846e-07,3.1772e-05
5.827846e-07,2.85289e-05
5.828846e-07,2.78803e-05
5.829846e-07,2.98261e-05
5.830846e-07,3.43665e-05
5.831846e-07,3.89068e-05
5.832846e-07,4.21499e-05
5.833846e-07,4.40958e-05
5.834846e-07,4.27986e-05
5.835846e-07,3.95555e-05
5.836846e-07,3.30692e-05
5.837846e-07,2.46372e-05
5.838846e-07,1.55565e-05
5.839846e-07,5.17858e-06
5.840846e-07,-4.55072e-06
5.841846e-07,-1.36314e-05
5.842846e-07,-2.01176e-05
5.843846e-07,-2.40093e-05
5.844846e-07,-2.53066e-05
5.845846e-07,-2.40093e-05
5.846846e-07,-2.07662e-05
5.847846e-07,-1.55773e-05
5.848846e-07,-9.73968e-06
5.849846e-07,-3.25348e-06
5.850846e-07,4.52996e-06
5.851846e-07,1.16648e-05
5.852846e-07,1.87996e-05
5.853846e-07,2.46372e-05
5.854846e-07,2.98261e-05
5.855846e-07,3.24206e-05
5.856846e-07,3.24206e-05
5.857846e-07,2.98261e-05
5.858846e-07,2.39886e-05
5.859846e-07,1.55565e-05
5.860846e-07,5.17858e-06
5.861846e-07,-7.1452e-06
5.862846e-07,-1.9469e-05
5.863846e-07,-2.98469e-05
5.864846e-07,-3.8279e-05
5.865846e-07,-4.28193e-05
5.866846e-07,-4.34679e-05
5.867846e-07,-3.89276e-05
5.868846e-07,-2.98469e-05
5.869846e-07,-1.68745e-05
5.870846e-07,-1.30762e-06
5.871846e-07,1.68537e-05
5.872846e-07,3.63124e-05
5.873846e-07,5.5771e-05
5.874846e-07,7.39323e-05
5.875846e-07,9.07964e-05
5.876846e-07,0.000106363
5.877846e-07,0.000119984
5.878846e-07,0.000132957
5.879846e-07,0.000143983
5.880846e-07,0.000153713
5.881846e-07,0.000162145
5.882846e-07,0.000169928
5.883846e-07,0.000174468
5.884846e-07,0.000176414
5.885846e-07,0.000173171
5.886846e-07,0.000165388
5.887846e-07,0.000152415
5.888846e-07,0.000134254
5.889846e-07,0.000112201
5.890846e-07,8.69047e-05
5.891846e-07,6.09599e-05
5.892846e-07,3.63124e-05
5.893846e-07,1.49079e-05
5.894846e-07,-1.30762e-06
5.895846e-07,-9.73968e-06
5.896846e-07,-9.73968e-06
5.897846e-07,-1.95624e-06
5.898846e-07,1.23134e-05
5.899846e-07,3.1772e-05
5.900846e-07,5.38251e-05
5.901846e-07,7.58782e-05
5.902846e-07,9.6634e-05
5.903846e-07,0.000111552
5.904846e-07,0.000120633
5.905846e-07,0.000122579
5.906846e-07,0.000118038
5.907846e-07,0.000107661
5.908846e-07,9.27423e-05
5.909846e-07,7.52296e-05
5.910846e-07,5.70682e-05
5.911846e-07,3.89068e-05
5.912846e-07,2.33399e-05
5.913846e-07,1.10162e-05
5.914846e-07,1.28686e-06
5.915846e-07,-5.84796e-06
5.916846e-07,-1.16855e-05
5.917846e-07,-1.62259e-05
5.918846e-07,-1.88204e-05
5.919846e-07,-1.9469e-05
5.920846e-07,-1.81717e-05
5.921846e-07,-1.55773e-05
5.922846e-07,-1.10369e-05
5.923846e-07,-3.25348e-06
5.924846e-07,8.42168e-06
5.925846e-07,2.26913e-05
5.926846e-07,4.02041e-05
5.927846e-07,5.96627e-05
5.928846e-07,7.91213e-05
5.929846e-07,9.85799e-05
5.930846e-07,0.000116093
5.931846e-07,0.000130362
5.932846e-07,0.00014074
5.933846e-07,0.000145281
5.934846e-07,0.000143983
5.935846e-07,0.000138146
5.936846e-07,0.000127119
5.937846e-07,0.000112201
5.938846e-07,9.46882e-05
5.939846e-07,7.52296e-05
5.940846e-07,5.44737e-05
5.941846e-07,3.30692e-05
5.942846e-07,1.2962e-05
5.943846e-07,-4.55072e-06
5.944846e-07,-1.9469e-05
5.945846e-07,-2.91983e-05
5.946846e-07,-3.37386e-05
5.947846e-07,-3.309e-05
5.948846e-07,-2.59552e-05
5.949846e-07,-1.36314e-05
5.950846e-07,3.23272e-06
5.951846e-07,2.33399e-05
5.952846e-07,4.40958e-05
5.953846e-07,6.35544e-05
5.954846e-07,8.10671e-05
5.955846e-07,9.53368e-05
5.956846e-07,0.000105066
5.957846e-07,0.000110904
5.958846e-07,0.00011285
5.959846e-07,0.000112201
5.960846e-07,0.000110255
5.961846e-07,0.000107661
5.962846e-07,0.000105715
5.963846e-07,0.000105066
5.964846e-07,0.000104417
5.965846e-07,0.000103769
5.966846e-07,0.000101174
5.967846e-07,9.53368e-05
5.968846e-07,8.49589e-05
5.969846e-07,7.00406e-05
5.970846e-07,5.0582e-05
5.971846e-07,2.78803e-05
5.972846e-07,2.5841e-06
5.973846e-07,-2.33607e-05
5.974846e-07,-4.80083e-05
5.975846e-07,-6.94127e-05
5.976846e-07,-8.75741e-05
5.977846e-07,-0.000101195
5.978846e-07,-0.000110924
5.979846e-07,-0.000117411
5.980846e-07,-0.000121302
5.981846e-07,-0.000124545
5.982846e-07,-0.000127789
5.983846e-07,-0.000130383
5.984846e-07,-0.000132978
5.985846e-07,-0.000134275
5.986846e-07,-0.000133626
5.987846e-07,-0.000129086
5.988846e-07,-0.000118708
5.989846e-07,-0.000103141
5.990846e-07,-8.30338e-05
5.991846e-07,-5.90348e-05
5.992846e-07,-3.37386e-05
5.993846e-07,-9.09106e-06
5.994846e-07,1.36106e-05
5.995846e-07,3.11234e-05
5.996846e-07,4.27986e-05
5.997846e-07,4.66903e-05
5.998846e-07,4.27986e-05
5.999846e-07,3.24206e-05
6.000846e-07,1.62051e-05
6.001846e-07,-2.60486e-06
6.002846e-07,-2.33607e-05
6.003846e-07,-4.34679e-05
6.004846e-07,-6.03321e-05
6.005846e-07,-7.39531e-05
6.006846e-07,-8.36824e-05
6.007846e-07,-8.88713e-05
6.008846e-07,-8.952e-05
6.009846e-07,-8.69255e-05
6.010846e-07,-8.04393e-05
6.011846e-07,-7.071e-05
6.012846e-07,-5.7089e-05
6.013846e-07,-4.15221e-05
6.014846e-07,-2.33607e-05
6.015846e-07,-3.25348e-06
6.016846e-07,1.8151e-05
6.017846e-07,3.95555e-05
6.018846e-07,6.03113e-05
6.019846e-07,7.84727e-05
6.020846e-07,9.46882e-05
6.021846e-07,0.000106363
6.022846e-07,0.000113498
6.023846e-07,0.000115444
6.024846e-07,0.000112201
6.025846e-07,0.000105066
6.026846e-07,9.59854e-05
6.027846e-07,8.62561e-05
6.028846e-07,7.71754e-05
6.029846e-07,7.06892e-05
6.030846e-07,6.74461e-05
6.031846e-07,6.74461e-05
6.032846e-07,6.87434e-05
6.033846e-07,7.13378e-05
6.034846e-07,7.32837e-05
6.035846e-07,7.32837e-05
6.036846e-07,6.9392e-05
6.037846e-07,6.03113e-05
6.038846e-07,4.66903e-05
6.039846e-07,2.85289e-05
6.040846e-07,7.77306e-06
6.041846e-07,-1.36314e-05
6.042846e-07,-3.37386e-05
6.043846e-07,-5.06027e-05
6.044846e-07,-6.22779e-05
6.045846e-07,-6.74669e-05
6.046846e-07,-6.68183e-05
6.047846e-07,-5.96834e-05
6.048846e-07,-4.86569e-05
6.049846e-07,-3.43872e-05
6.050846e-07,-1.88204e-05
6.051846e-07,-3.9021e-06
6.052846e-07,8.42168e-06
6.053846e-07,1.8151e-05
6.054846e-07,2.46372e-05
6.055846e-07,2.78803e-05
6.056846e-07,2.85289e-05
6.057846e-07,2.85289e-05
6.058846e-07,2.78803e-05
6.059846e-07,2.78803e-05
6.060846e-07,2.91775e-05
6.061846e-07,3.24206e-05
6.062846e-07,3.76096e-05
6.063846e-07,4.34472e-05
6.064846e-07,5.0582e-05
6.065846e-07,5.77168e-05
6.066846e-07,6.48516e-05
6.067846e-07,7.26351e-05
6.068846e-07,8.04185e-05
6.069846e-07,8.88506e-05
6.070846e-07,9.6634e-05
6.071846e-07,0.000104417
6.072846e-07,0.000110904
6.073846e-07,0.00011739
6.074846e-07,0.000123876
6.075846e-07,0.000129065
6.076846e-07,0.000132957
6.077846e-07,0.0001362
6.078846e-07,0.000139443
6.079846e-07,0.000143335
6.080846e-07,0.000148524
6.081846e-07,0.000154361
6.082846e-07,0.000162145
6.083846e-07,0.000171225
6.084846e-07,0.000180955
6.085846e-07,0.000191333
6.086846e-07,0.000200413
6.087846e-07,0.000208197
6.088846e-07,0.00021144
6.089846e-07,0.000210791
6.090846e-07,0.000204954
6.091846e-07,0.000193278
6.092846e-07,0.000177063
6.093846e-07,0.000156956
6.094846e-07,0.000134903
6.095846e-07,0.000111552
6.096846e-07,8.94992e-05
6.097846e-07,7.00406e-05
6.098846e-07,5.51223e-05
6.099846e-07,4.47444e-05
6.100846e-07,3.82582e-05
6.101846e-07,3.43665e-05
6.102846e-07,3.24206e-05
6.103846e-07,3.1772e-05
6.104846e-07,2.98261e-05
6.105846e-07,2.59344e-05
6.106846e-07,2.07455e-05
6.107846e-07,1.36106e-05
6.108846e-07,6.47582e-06
6.109846e-07,-1.03779e-08
6.110846e-07,-4.55072e-06
6.111846e-07,-5.19934e-06
6.112846e-07,-3.25348e-06
6.113846e-07,3.23272e-06
6.114846e-07,1.2962e-05
6.115846e-07,2.46372e-05
6.116846e-07,3.63124e-05
6.117846e-07,4.73389e-05
6.118846e-07,5.5771e-05
6.119846e-07,6.09599e-05
6.120846e-07,6.09599e-05
6.121846e-07,5.70682e-05
6.122846e-07,4.92848e-05
6.123846e-07,3.82582e-05
6.124846e-07,2.52858e-05
6.125846e-07,1.16648e-05
6.126846e-07,-1.30762e-06
6.127846e-07,-1.29828e-05
6.128846e-07,-2.27121e-05
6.129846e-07,-2.91983e-05
6.130846e-07,-3.309e-05
6.131846e-07,-3.43872e-05
6.132846e-07,-3.309e-05
6.133846e-07,-2.98469e-05
6.134846e-07,-2.33607e-05
6.135846e-07,-1.428e-05
6.136846e-07,-3.25348e-06
6.137846e-07,9.71892e-06
6.138846e-07,2.46372e-05
6.139846e-07,4.08527e-05
6.140846e-07,5.70682e-05
6.141846e-07,7.26351e-05
6.142846e-07,8.62561e-05
6.143846e-07,9.72826e-05
6.144846e-07,0.000105066
6.145846e-07,0.000108309
6.146846e-07,0.000108958
6.147846e-07,0.000105066
6.148846e-07,9.85799e-05
6.149846e-07,9.01478e-05
6.150846e-07,8.04185e-05
6.151846e-07,7.00406e-05
6.152846e-07,5.96627e-05
6.153846e-07,4.92848e-05
6.154846e-07,3.95555e-05
6.155846e-07,3.04748e-05
6.156846e-07,2.20427e-05
6.157846e-07,1.36106e-05
6.158846e-07,6.47582e-06
6.159846e-07,1.28686e-06
6.160846e-07,-3.25348e-06
6.161846e-07,-5.84796e-06
6.162846e-07,-6.49658e-06
6.163846e-07,-3.9021e-06
6.164846e-07,2.5841e-06
6.165846e-07,1.16648e-05
6.166846e-07,2.39886e-05
6.167846e-07,3.76096e-05
6.168846e-07,5.18792e-05
6.169846e-07,6.4203e-05
6.170846e-07,7.45809e-05
6.171846e-07,8.04185e-05
6.172846e-07,8.17158e-05
6.173846e-07,7.7824e-05
6.174846e-07,6.9392e-05
6.175846e-07,5.77168e-05
6.176846e-07,4.34472e-05
6.177846e-07,2.85289e-05
6.178846e-07,1.49079e-05
6.179846e-07,3.88134e-06
6.180846e-07,-3.25348e-06
6.181846e-07,-6.49658e-06
6.182846e-07,-6.49658e-06
6.183846e-07,-4.55072e-06
6.184846e-07,-1.30762e-06
6.185846e-07,2.5841e-06
6.186846e-07,6.47582e-06
6.187846e-07,9.71892e-06
6.188846e-07,1.16648e-05
6.189846e-07,1.2962e-05
6.190846e-07,1.42593e-05
6.191846e-07,1.62051e-05
6.192846e-07,1.94482e-05
6.193846e-07,2.46372e-05
6.194846e-07,3.04748e-05
6.195846e-07,3.82582e-05
6.196846e-07,4.66903e-05
6.197846e-07,5.5771e-05
6.198846e-07,6.55003e-05
6.199846e-07,7.58782e-05
6.200846e-07,8.49589e-05
6.201846e-07,9.46882e-05
6.202846e-07,0.000105066
6.203846e-07,0.000115444
6.204846e-07,0.000126471
6.205846e-07,0.000137497
6.206846e-07,0.000147875
6.207846e-07,0.000155658
6.208846e-07,0.000158253
6.209846e-07,0.000156307
6.210846e-07,0.000147875
6.211846e-07,0.000132957
6.212846e-07,0.000112201
6.213846e-07,8.69047e-05
6.214846e-07,5.90141e-05
6.215846e-07,3.11234e-05
6.216846e-07,5.8272e-06
6.217846e-07,-1.428e-05
6.218846e-07,-2.72524e-05
6.219846e-07,-3.17928e-05
6.220846e-07,-2.7901e-05
6.221846e-07,-1.68745e-05
6.222846e-07,-1.03779e-08
6.223846e-07,2.07455e-05
6.224846e-07,4.27986e-05
6.225846e-07,6.35544e-05
6.226846e-07,8.23644e-05
6.227846e-07,9.6634e-05
6.228846e-07,0.000105715
6.229846e-07,0.000110904
6.230846e-07,0.000112201
6.231846e-07,0.000110255
6.232846e-07,0.000105715
6.233846e-07,9.85799e-05
6.234846e-07,8.94992e-05
6.235846e-07,7.91213e-05
6.236846e-07,6.74461e-05
6.237846e-07,5.31765e-05
6.238846e-07,3.82582e-05
6.239846e-07,2.13941e-05
6.240846e-07,4.52996e-06
6.241846e-07,-1.29828e-05
6.242846e-07,-2.7901e-05
6.243846e-07,-3.95762e-05
6.244846e-07,-4.6711e-05
6.245846e-07,-4.93055e-05
6.246846e-07,-4.60624e-05
6.247846e-07,-3.76303e-05
6.248846e-07,-2.40093e-05
6.249846e-07,-7.1452e-06
6.250846e-07,1.2962e-05
6.251846e-07,3.30692e-05
6.252846e-07,5.12306e-05
6.253846e-07,6.67975e-05
6.254846e-07,7.84727e-05
6.255846e-07,8.56075e-05
6.256846e-07,8.94992e-05
6.257846e-07,8.94992e-05
6.258846e-07,8.69047e-05
6.259846e-07,8.36616e-05
6.260846e-07,7.97699e-05
6.261846e-07,7.7824e-05
6.262846e-07,7.71754e-05
6.263846e-07,7.97699e-05
6.264846e-07,8.36616e-05
6.265846e-07,9.01478e-05
6.266846e-07,9.79313e-05
6.267846e-07,0.000107012
6.268846e-07,0.00011739
6.269846e-07,0.000127768
6.270846e-07,0.000138146
6.271846e-07,0.000148524
6.272846e-07,0.000158902
6.273846e-07,0.000168631
6.274846e-07,0.00017836
6.275846e-07,0.000186792
6.276846e-07,0.00019263
6.277846e-07,0.000196522
6.278846e-07,0.000197819
6.279846e-07,0.00019717
6.280846e-07,0.000194576
6.281846e-07,0.000190684
6.282846e-07,0.000186144
6.283846e-07,0.000182901
6.284846e-07,0.000180306
6.285846e-07,0.000179009
6.286846e-07,0.000179657
6.287846e-07,0.000182252
6.288846e-07,0.000185495
6.289846e-07,0.000187441
6.290846e-07,0.000186792
6.291846e-07,0.000182901
6.292846e-07,0.000173171
6.293846e-07,0.000157604
6.294846e-07,0.0001362
6.295846e-07,0.000110904
6.296846e-07,8.17158e-05
6.297846e-07,5.18792e-05
6.298846e-07,2.20427e-05
6.299846e-07,-4.55072e-06
6.300846e-07,-2.7901e-05
6.301846e-07,-4.73596e-05
6.302846e-07,-6.09807e-05
6.303846e-07,-7.13586e-05
6.304846e-07,-7.84934e-05
6.305846e-07,-8.36824e-05
6.306846e-07,-8.82227e-05
6.307846e-07,-9.27631e-05
6.308846e-07,-9.7952e-05
6.309846e-07,-0.00010379
6.310846e-07,-0.000110276
6.311846e-07,-0.000115465
6.312846e-07,-0.000118708
6.313846e-07,-0.000118708
6.314846e-07,-0.000114816
6.315846e-07,-0.000105735
6.316846e-07,-9.27631e-05
6.317846e-07,-7.46017e-05
6.318846e-07,-5.25486e-05
6.319846e-07,-2.7901e-05
6.320846e-07,-1.30762e-06
6.321846e-07,2.52858e-05
6.322846e-07,5.25279e-05
6.323846e-07,7.71754e-05
6.324846e-07,9.98771e-05
6.325846e-07,0.000119336
6.326846e-07,0.000135551
6.327846e-07,0.000147875
6.328846e-07,0.000156307
6.329846e-07,0.000160199
6.330846e-07,0.00015955
6.331846e-07,0.00015501
6.332846e-07,0.000146578
6.333846e-07,0.000134903
6.334846e-07,0.000122579
6.335846e-07,0.000109606
6.336846e-07,9.85799e-05
6.337846e-07,8.94992e-05
6.338846e-07,8.43102e-05
6.339846e-07,8.3013e-05
6.340846e-07,8.62561e-05
6.341846e-07,9.20937e-05
6.342846e-07,9.98771e-05
6.343846e-07,0.000108958
6.344846e-07,0.00011739
6.345846e-07,0.000125173
6.346846e-07,0.000130362
6.347846e-07,0.000133605
6.348846e-07,0.000134903
6.349846e-07,0.000134254
6.350846e-07,0.000132308
6.351846e-07,0.000131011
6.352846e-07,0.000129065
6.353846e-07,0.000127768
6.354846e-07,0.000126471
6.355846e-07,0.000125822
6.356846e-07,0.000125173
6.357846e-07,0.000123876
6.358846e-07,0.00012193
6.359846e-07,0.000119336
6.360846e-07,0.000116093
6.361846e-07,0.000112201
6.362846e-07,0.000109606
6.363846e-07,0.000108958
6.364846e-07,0.000110904
6.365846e-07,0.000114147
6.366846e-07,0.000118687
6.367846e-07,0.000124525
6.368846e-07,0.000130362
6.369846e-07,0.000134254
6.370846e-07,0.0001362
6.371846e-07,0.000134254
6.372846e-07,0.000128416
6.373846e-07,0.000118038
6.374846e-07,0.000105066
6.375846e-07,8.94992e-05
6.376846e-07,7.32837e-05
6.377846e-07,5.77168e-05
6.378846e-07,4.40958e-05
6.379846e-07,3.56637e-05
6.380846e-07,3.11234e-05
6.381846e-07,3.24206e-05
6.382846e-07,3.95555e-05
6.383846e-07,5.0582e-05
6.384846e-07,6.48516e-05
6.385846e-07,8.17158e-05
6.386846e-07,9.85799e-05
6.387846e-07,0.000116093
6.388846e-07,0.000132308
6.389846e-07,0.000146578
6.390846e-07,0.000158253
6.391846e-07,0.000167334
6.392846e-07,0.00017382
6.393846e-07,0.000177063
6.394846e-07,0.00017836
6.395846e-07,0.000176414
6.396846e-07,0.000172523
6.397846e-07,0.000166036
6.398846e-07,0.000156956
6.399846e-07,0.000145929
6.400846e-07,0.000132957
6.401846e-07,0.00011739
6.402846e-07,0.000101823
6.403846e-07,8.56075e-05
6.404846e-07,7.13378e-05
6.405846e-07,5.83654e-05
6.406846e-07,4.79875e-05
6.407846e-07,4.21499e-05
6.408846e-07,4.02041e-05
6.409846e-07,4.15013e-05
6.410846e-07,4.60417e-05
6.411846e-07,5.38251e-05
6.412846e-07,6.22572e-05
6.413846e-07,7.00406e-05
6.414846e-07,7.71754e-05
6.415846e-07,8.23644e-05
6.416846e-07,8.56075e-05
6.417846e-07,8.49589e-05
6.418846e-07,8.17158e-05
6.419846e-07,7.65268e-05
6.420846e-07,7.06892e-05
6.421846e-07,6.4203e-05
6.422846e-07,5.90141e-05
6.423846e-07,5.51223e-05
6.424846e-07,5.31765e-05
6.425846e-07,5.51223e-05
6.426846e-07,5.96627e-05
6.427846e-07,6.74461e-05
6.428846e-07,7.7824e-05
6.429846e-07,8.94992e-05
6.430846e-07,0.000101174
6.431846e-07,0.000112201
6.432846e-07,0.000120633
6.433846e-07,0.000125173
6.434846e-07,0.000125173
6.435846e-07,0.000119984
6.436846e-07,0.000109606
6.437846e-07,9.33909e-05
6.438846e-07,7.26351e-05
6.439846e-07,4.86361e-05
6.440846e-07,2.26913e-05
6.441846e-07,-2.60486e-06
6.442846e-07,-2.59552e-05
6.443846e-07,-4.60624e-05
6.444846e-07,-6.29265e-05
6.445846e-07,-7.46017e-05
6.446846e-07,-8.17365e-05
6.447846e-07,-8.4331e-05
6.448846e-07,-8.23851e-05
6.449846e-07,-7.65476e-05
6.450846e-07,-6.81155e-05
6.451846e-07,-5.7089e-05
6.452846e-07,-4.47652e-05
6.453846e-07,-3.17928e-05
6.454846e-07,-1.9469e-05
6.455846e-07,-6.49658e-06
6.456846e-07,5.8272e-06
6.457846e-07,1.68537e-05
6.458846e-07,2.6583e-05
6.459846e-07,3.43665e-05
6.460846e-07,4.08527e-05
6.461846e-07,4.5393e-05
6.462846e-07,4.73389e-05
6.463846e-07,4.73389e-05
6.464846e-07,4.47444e-05
6.465846e-07,4.15013e-05
6.466846e-07,3.82582e-05
6.467846e-07,3.56637e-05
6.468846e-07,3.50151e-05
6.469846e-07,3.6961e-05
6.470846e-07,4.15013e-05
6.471846e-07,5.0582e-05
6.472846e-07,6.22572e-05
6.473846e-07,7.71754e-05
6.474846e-07,9.46882e-05
6.475846e-07,0.000113498
6.476846e-07,0.000132308
6.477846e-07,0.000149172
6.478846e-07,0.000162793
6.479846e-07,0.000173171
6.480846e-07,0.000177712
6.481846e-07,0.000177063
6.482846e-07,0.000169928
6.483846e-07,0.000157604
6.484846e-07,0.000139443
6.485846e-07,0.00011739
6.486846e-07,9.33909e-05
6.487846e-07,6.9392e-05
6.488846e-07,4.66903e-05
6.489846e-07,2.59344e-05
6.490846e-07,8.42168e-06
6.491846e-07,-4.55072e-06
6.492846e-07,-1.36314e-05
6.493846e-07,-1.81717e-05
6.494846e-07,-1.88204e-05
6.495846e-07,-1.55773e-05
6.496846e-07,-9.73968e-06
6.497846e-07,-1.95624e-06
6.498846e-07,7.12444e-06
6.499846e-07,1.68537e-05
6.500846e-07,2.72317e-05
6.501846e-07,3.6961e-05
6.502846e-07,4.5393e-05
6.503846e-07,5.31765e-05
6.504846e-07,5.90141e-05
6.505846e-07,6.35544e-05
6.506846e-07,6.80947e-05
6.507846e-07,7.19865e-05
6.508846e-07,7.52296e-05
6.509846e-07,7.71754e-05
6.510846e-07,7.97699e-05
6.511846e-07,8.3013e-05
6.512846e-07,8.75533e-05
6.513846e-07,9.20937e-05
6.514846e-07,9.79313e-05
6.515846e-07,0.000103769
6.516846e-07,0.000110904
6.517846e-07,0.000118687
6.518846e-07,0.000127119
6.519846e-07,0.0001362
6.520846e-07,0.000145929
6.521846e-07,0.000154361
6.522846e-07,0.000161496
6.523846e-07,0.000166685
6.524846e-07,0.000169279
6.525846e-07,0.000169279
6.526846e-07,0.000166036
6.527846e-07,0.000160199
6.528846e-07,0.000151118
6.529846e-07,0.000140092
6.530846e-07,0.000127119
6.531846e-07,0.000114147
6.532846e-07,0.000101174
6.533846e-07,8.88506e-05
6.534846e-07,7.84727e-05
6.535846e-07,7.00406e-05
6.536846e-07,6.35544e-05
6.537846e-07,5.96627e-05
6.538846e-07,5.83654e-05
6.539846e-07,5.83654e-05
6.540846e-07,5.77168e-05
6.541846e-07,5.70682e-05
6.542846e-07,5.51223e-05
6.543846e-07,5.12306e-05
6.544846e-07,4.47444e-05
6.545846e-07,3.50151e-05
6.546846e-07,2.13941e-05
6.547846e-07,4.52996e-06
6.548846e-07,-1.55773e-05
6.549846e-07,-3.76303e-05
6.550846e-07,-6.03321e-05
6.551846e-07,-8.4331e-05
6.552846e-07,-0.00010833
6.553846e-07,-0.000130383
6.554846e-07,-0.000149193
6.555846e-07,-0.000164111
6.556846e-07,-0.000173192
6.557846e-07,-0.000177084
6.558846e-07,-0.000174489
6.559846e-07,-0.000166057
6.560846e-07,-0.000153085
6.561846e-07,-0.000134923
6.562846e-07,-0.00011287
6.563846e-07,-8.88713e-05
6.564846e-07,-6.35752e-05
6.565846e-07,-3.89276e-05
6.566846e-07,-1.49286e-05
6.567846e-07,5.8272e-06
6.568846e-07,2.33399e-05
6.569846e-07,3.6961e-05
6.570846e-07,4.5393e-05
6.571846e-07,4.92848e-05
6.572846e-07,4.92848e-05
6.573846e-07,4.5393e-05
6.574846e-07,4.02041e-05
6.575846e-07,3.30692e-05
6.576846e-07,2.6583e-05
6.577846e-07,2.20427e-05
6.578846e-07,2.00968e-05
6.579846e-07,2.20427e-05
6.580846e-07,2.78803e-05
6.581846e-07,3.6961e-05
6.582846e-07,5.0582e-05
6.583846e-07,6.61489e-05
6.584846e-07,8.3013e-05
6.585846e-07,9.98771e-05
6.586846e-07,0.000115444
6.587846e-07,0.000129714
6.588846e-07,0.000140092
6.589846e-07,0.000146578
6.590846e-07,0.000149821
6.591846e-07,0.000148524
6.592846e-07,0.000144632
6.593846e-07,0.000136848
6.594846e-07,0.000128416
6.595846e-07,0.000119336
6.596846e-07,0.000111552
6.597846e-07,0.000106363
6.598846e-07,0.000105715
6.599846e-07,0.000109606
6.600846e-07,0.000119336
6.601846e-07,0.000133605
6.602846e-07,0.000151118
6.603846e-07,0.000170577
6.604846e-07,0.000188738
6.605846e-07,0.000204305
6.606846e-07,0.000214034
6.607846e-07,0.000216629
6.608846e-07,0.000210791
6.609846e-07,0.000195873
6.610846e-07,0.000172523
6.611846e-07,0.000142686
6.612846e-07,0.000108309
6.613846e-07,7.26351e-05
6.614846e-07,3.82582e-05
6.615846e-07,9.71892e-06
6.616846e-07,-1.23342e-05
6.617846e-07,-2.59552e-05
6.618846e-07,-3.04955e-05
6.619846e-07,-2.66038e-05
6.620846e-07,-1.49286e-05
6.621846e-07,3.23272e-06
6.622846e-07,2.52858e-05
6.623846e-07,4.92848e-05
6.624846e-07,7.39323e-05
6.625846e-07,9.72826e-05
6.626846e-07,0.000118687
6.627846e-07,0.0001362
6.628846e-07,0.000149172
6.629846e-07,0.000157604
6.630846e-07,0.000161496
6.631846e-07,0.000162145
6.632846e-07,0.000157604
6.633846e-07,0.000149821
6.634846e-07,0.000140092
6.635846e-07,0.000127768
6.636846e-07,0.000114795
6.637846e-07,0.000102472
6.638846e-07,9.14451e-05
6.639846e-07,8.36616e-05
6.640846e-07,7.91213e-05
6.641846e-07,7.84727e-05
6.642846e-07,8.17158e-05
6.643846e-07,8.8202e-05
6.644846e-07,9.72826e-05
6.645846e-07,0.000107012
6.646846e-07,0.00011739
6.647846e-07,0.000126471
6.648846e-07,0.000133605
6.649846e-07,0.000138146
6.650846e-07,0.000138794
6.651846e-07,0.000135551
6.652846e-07,0.000127119
6.653846e-07,0.000115444
6.654846e-07,0.000101823
6.655846e-07,8.69047e-05
6.656846e-07,7.26351e-05
6.657846e-07,5.96627e-05
6.658846e-07,4.79875e-05
6.659846e-07,3.95555e-05
6.660846e-07,3.43665e-05
6.661846e-07,3.1772e-05
6.662846e-07,3.1772e-05
6.663846e-07,3.43665e-05
6.664846e-07,3.95555e-05
6.665846e-07,4.60417e-05
6.666846e-07,5.44737e-05
6.667846e-07,6.35544e-05
6.668846e-07,7.39323e-05
6.669846e-07,8.36616e-05
6.670846e-07,9.33909e-05
6.671846e-07,0.000102472
6.672846e-07,0.000109606
6.673846e-07,0.000115444
6.674846e-07,0.000118687
6.675846e-07,0.000119336
6.676846e-07,0.000118038
6.677846e-07,0.000114147
6.678846e-07,0.000110255
6.679846e-07,0.000105715
6.680846e-07,0.000101823
6.681846e-07,9.92285e-05
6.682846e-07,9.72826e-05
6.683846e-07,9.6634e-05
6.684846e-07,9.59854e-05
6.685846e-07,9.46882e-05
6.686846e-07,9.20937e-05
6.687846e-07,8.75533e-05
6.688846e-07,8.10671e-05
6.689846e-07,7.19865e-05
6.690846e-07,6.22572e-05
6.691846e-07,5.25279e-05
6.692846e-07,4.34472e-05
6.693846e-07,3.63124e-05
6.694846e-07,3.24206e-05
6.695846e-07,3.30692e-05
6.696846e-07,3.6961e-05
6.697846e-07,4.40958e-05
6.698846e-07,5.31765e-05
6.699846e-07,6.22572e-05
6.700846e-07,6.80947e-05
6.701846e-07,7.13378e-05
6.702846e-07,7.00406e-05
6.703846e-07,6.35544e-05
6.704846e-07,5.31765e-05
6.705846e-07,4.02041e-05
6.706846e-07,2.6583e-05
6.707846e-07,1.49079e-05
6.708846e-07,7.77306e-06
6.709846e-07,6.47582e-06
6.710846e-07,1.23134e-05
6.711846e-07,2.59344e-05
6.712846e-07,4.5393e-05
6.713846e-07,6.9392e-05
6.714846e-07,9.72826e-05
6.715846e-07,0.000126471
6.716846e-07,0.000155658
6.717846e-07,0.000181603
6.718846e-07,0.000204305
6.719846e-07,0.000221169
6.720846e-07,0.000232844
6.721846e-07,0.000238682
6.722846e-07,0.000238682
6.723846e-07,0.000232844
6.724846e-07,0.000221169
6.725846e-07,0.000204954
6.726846e-07,0.000184846
6.727846e-07,0.000162145
6.728846e-07,0.000137497
6.729846e-07,0.000110904
6.730846e-07,8.49589e-05
6.731846e-07,6.03113e-05
6.732846e-07,3.95555e-05
6.733846e-07,2.26913e-05
6.734846e-07,1.10162e-05
6.735846e-07,5.8272e-06
6.736846e-07,7.12444e-06
6.737846e-07,1.36106e-05
6.738846e-07,2.46372e-05
6.739846e-07,3.95555e-05
6.740846e-07,5.5771e-05
6.741846e-07,7.19865e-05
6.742846e-07,8.69047e-05
6.743846e-07,9.92285e-05
6.744846e-07,0.000108958
6.745846e-07,0.000114795
6.746846e-07,0.00011739
6.747846e-07,0.000118687
6.748846e-07,0.000118687
6.749846e-07,0.000118038
6.750846e-07,0.00011739
6.751846e-07,0.000116741
6.752846e-07,0.00011739
6.753846e-07,0.00011739
6.754846e-07,0.00011739
6.755846e-07,0.000116741
6.756846e-07,0.000116741
6.757846e-07,0.000116093
6.758846e-07,0.000115444
6.759846e-07,0.000114795
6.760846e-07,0.000114147
6.761846e-07,0.000113498
6.762846e-07,0.000112201
6.763846e-07,0.000111552
6.764846e-07,0.000109606
6.765846e-07,0.000105715
6.766846e-07,9.98771e-05
6.767846e-07,9.07964e-05
6.768846e-07,7.7824e-05
6.769846e-07,6.09599e-05
6.770846e-07,4.08527e-05
6.771846e-07,1.87996e-05
6.772846e-07,-5.19934e-06
6.773846e-07,-2.91983e-05
6.774846e-07,-5.06027e-05
6.775846e-07,-6.81155e-05
6.776846e-07,-8.17365e-05
6.777846e-07,-9.01686e-05
6.778846e-07,-9.40603e-05
6.779846e-07,-9.40603e-05
6.780846e-07,-9.14658e-05
6.781846e-07,-8.69255e-05
6.782846e-07,-8.10879e-05
6.783846e-07,-7.58989e-05
6.784846e-07,-7.13586e-05
6.785846e-07,-6.74669e-05
6.786846e-07,-6.48724e-05
6.787846e-07,-6.16293e-05
6.788846e-07,-5.83862e-05
6.789846e-07,-5.44945e-05
6.790846e-07,-4.93055e-05
6.791846e-07,-4.34679e-05
6.792846e-07,-3.69817e-05
6.793846e-07,-3.04955e-05
6.794846e-07,-2.33607e-05
6.795846e-07,-1.49286e-05
6.796846e-07,-6.49658e-06
6.797846e-07,3.88134e-06
6.798846e-07,1.55565e-05
6.799846e-07,3.1772e-05
6.800846e-07,5.0582e-05
6.801846e-07,7.26351e-05
6.802846e-07,9.92285e-05
6.803846e-07,0.000127119
6.804846e-07,0.000156307
6.805846e-07,0.000184198
6.806846e-07,0.000208197
6.807846e-07,0.000227007
6.808846e-07,0.000238682
6.809846e-07,0.000242574
6.810846e-07,0.000237385
6.811846e-07,0.000223764
6.812846e-07,0.000202359
6.813846e-07,0.000176414
6.814846e-07,0.000147226
6.815846e-07,0.000118038
6.816846e-07,9.01478e-05
6.817846e-07,6.48516e-05
6.818846e-07,4.15013e-05
6.819846e-07,2.07455e-05
6.820846e-07,1.28686e-06
6.821846e-07,-1.75231e-05
6.822846e-07,-3.69817e-05
6.823846e-07,-5.64403e-05
6.824846e-07,-7.71962e-05
6.825846e-07,-9.66548e-05
6.826846e-07,-0.000114816
6.827846e-07,-0.000128437
6.828846e-07,-0.000136221
