LECROYWaveRunner‘N,20113,Waveform
Segments,1,SegmentSize,2002
Segment,TrigTime,TimeSinceSegment1
#1,01-Oct-2018 13:41:15,0                 
Time,Ampl
4.827667e-07,-3.95762e-05
4.828667e-07,-4.6711e-05
4.829667e-07,-4.80083e-05
4.830667e-07,-4.41165e-05
4.831667e-07,-3.63331e-05
4.832667e-07,-2.66038e-05
4.833667e-07,-1.55773e-05
4.834667e-07,-4.55072e-06
4.835667e-07,5.8272e-06
4.836667e-07,1.62051e-05
4.837667e-07,2.6583e-05
4.838667e-07,3.89068e-05
4.839667e-07,5.31765e-05
4.840667e-07,7.00406e-05
4.841667e-07,8.94992e-05
4.842667e-07,0.000110255
4.843667e-07,0.000130362
4.844667e-07,0.000148524
4.845667e-07,0.000163442
4.846667e-07,0.000171874
4.847667e-07,0.000174468
4.848667e-07,0.000171225
4.849667e-07,0.000162145
4.850667e-07,0.000150469
4.851667e-07,0.000137497
4.852667e-07,0.000126471
4.853667e-07,0.000119336
4.854667e-07,0.000116093
4.855667e-07,0.000116741
4.856667e-07,0.000120633
4.857667e-07,0.000124525
4.858667e-07,0.000126471
4.859667e-07,0.000123876
4.860667e-07,0.000114795
4.861667e-07,9.92285e-05
4.862667e-07,7.58782e-05
4.863667e-07,4.73389e-05
4.864667e-07,1.55565e-05
4.865667e-07,-1.62259e-05
4.866667e-07,-4.54138e-05
4.867667e-07,-7.00614e-05
4.868667e-07,-8.75741e-05
4.869667e-07,-9.73034e-05
4.870667e-07,-9.98979e-05
4.871667e-07,-9.60062e-05
4.872667e-07,-8.82227e-05
4.873667e-07,-7.9142e-05
4.874667e-07,-7.071e-05
4.875667e-07,-6.48724e-05
4.876667e-07,-6.16293e-05
4.877667e-07,-5.96834e-05
4.878667e-07,-5.77376e-05
4.879667e-07,-5.51431e-05
4.880667e-07,-4.93055e-05
4.881667e-07,-3.76303e-05
4.882667e-07,-2.07662e-05
4.883667e-07,-1.03779e-08
4.884667e-07,2.46372e-05
4.885667e-07,5.12306e-05
4.886667e-07,7.71754e-05
4.887667e-07,0.000101174
4.888667e-07,0.00012193
4.889667e-07,0.000138794
4.890667e-07,0.000151767
4.891667e-07,0.000160847
4.892667e-07,0.000166685
4.893667e-07,0.000171874
4.894667e-07,0.000175766
4.895667e-07,0.000180306
4.896667e-07,0.000183549
4.897667e-07,0.000186792
4.898667e-07,0.000188089
4.899667e-07,0.000184846
4.900667e-07,0.000176414
4.901667e-07,0.000162793
4.902667e-07,0.000143983
4.903667e-07,0.000120633
4.904667e-07,9.33909e-05
4.905667e-07,6.55003e-05
4.906667e-07,3.89068e-05
4.907667e-07,1.55565e-05
4.908667e-07,-4.55072e-06
4.909667e-07,-2.01176e-05
4.910667e-07,-3.04955e-05
4.911667e-07,-3.76303e-05
4.912667e-07,-4.08734e-05
4.913667e-07,-4.21707e-05
4.914667e-07,-4.21707e-05
4.915667e-07,-4.21707e-05
4.916667e-07,-4.15221e-05
4.917667e-07,-3.89276e-05
4.918667e-07,-3.43872e-05
4.919667e-07,-2.59552e-05
4.920667e-07,-1.29828e-05
4.921667e-07,3.88134e-06
4.922667e-07,2.46372e-05
4.923667e-07,4.73389e-05
4.924667e-07,7.06892e-05
4.925667e-07,9.20937e-05
4.926667e-07,0.000110904
4.927667e-07,0.000124525
4.928667e-07,0.000132957
4.929667e-07,0.0001362
4.930667e-07,0.000134903
4.931667e-07,0.000129714
4.932667e-07,0.000120633
4.933667e-07,0.000110255
4.934667e-07,9.85799e-05
4.935667e-07,8.69047e-05
4.936667e-07,7.52296e-05
4.937667e-07,6.35544e-05
4.938667e-07,5.18792e-05
4.939667e-07,3.89068e-05
4.940667e-07,2.39886e-05
4.941667e-07,9.0703e-06
4.942667e-07,-5.19934e-06
4.943667e-07,-1.81717e-05
4.944667e-07,-2.7901e-05
4.945667e-07,-3.37386e-05
4.946667e-07,-3.56845e-05
4.947667e-07,-3.37386e-05
4.948667e-07,-2.85497e-05
4.949667e-07,-2.20635e-05
4.950667e-07,-1.55773e-05
4.951667e-07,-1.10369e-05
4.952667e-07,-1.03883e-05
4.953667e-07,-1.62259e-05
4.954667e-07,-2.72524e-05
4.955667e-07,-4.34679e-05
4.956667e-07,-6.29265e-05
4.957667e-07,-8.36824e-05
4.958667e-07,-0.000101195
4.959667e-07,-0.000114168
4.960667e-07,-0.000120005
4.961667e-07,-0.000118059
4.962667e-07,-0.000107033
4.963667e-07,-8.952e-05
4.964667e-07,-6.68183e-05
4.965667e-07,-4.08734e-05
4.966667e-07,-1.428e-05
4.967667e-07,1.10162e-05
4.968667e-07,3.37179e-05
4.969667e-07,5.44737e-05
4.970667e-07,7.19865e-05
4.971667e-07,8.88506e-05
4.972667e-07,0.000104417
4.973667e-07,0.00012193
4.974667e-07,0.00014074
4.975667e-07,0.000160847
4.976667e-07,0.000180955
4.977667e-07,0.000199765
4.978667e-07,0.000215332
4.979667e-07,0.000225709
4.980667e-07,0.000228304
4.981667e-07,0.000223115
4.982667e-07,0.000210791
4.983667e-07,0.000193278
4.984667e-07,0.000172523
4.985667e-07,0.000151118
4.986667e-07,0.000132308
4.987667e-07,0.000118038
4.988667e-07,0.000109606
4.989667e-07,0.000108309
4.990667e-07,0.00011285
4.991667e-07,0.000119984
4.992667e-07,0.000128416
4.993667e-07,0.000134903
4.994667e-07,0.000138146
4.995667e-07,0.0001362
4.996667e-07,0.000129065
4.997667e-07,0.000116741
4.998667e-07,0.000101823
4.999667e-07,8.62561e-05
5.000667e-07,7.06892e-05
5.001667e-07,5.77168e-05
5.002667e-07,4.73389e-05
5.003667e-07,4.02041e-05
5.004667e-07,3.50151e-05
5.005667e-07,3.11234e-05
5.006667e-07,2.72317e-05
5.007667e-07,2.33399e-05
5.008667e-07,1.75024e-05
5.009667e-07,1.16648e-05
5.010667e-07,5.17858e-06
5.011667e-07,-6.58998e-07
5.012667e-07,-4.55072e-06
5.013667e-07,-5.84796e-06
5.014667e-07,-3.9021e-06
5.015667e-07,-1.03779e-08
5.016667e-07,4.52996e-06
5.017667e-07,8.42168e-06
5.018667e-07,9.71892e-06
5.019667e-07,7.77306e-06
5.020667e-07,1.28686e-06
5.021667e-07,-9.09106e-06
5.022667e-07,-2.14148e-05
5.023667e-07,-3.50359e-05
5.024667e-07,-4.47652e-05
5.025667e-07,-4.93055e-05
5.026667e-07,-4.54138e-05
5.027667e-07,-3.309e-05
5.028667e-07,-1.16855e-05
5.029667e-07,1.75024e-05
5.030667e-07,5.12306e-05
5.031667e-07,8.62561e-05
5.032667e-07,0.00011739
5.033667e-07,0.000142037
5.034667e-07,0.000156956
5.035667e-07,0.000160199
5.036667e-07,0.000151767
5.037667e-07,0.000134903
5.038667e-07,0.000111552
5.039667e-07,8.49589e-05
5.040667e-07,6.03113e-05
5.041667e-07,3.89068e-05
5.042667e-07,2.26913e-05
5.043667e-07,1.23134e-05
5.044667e-07,7.12444e-06
5.045667e-07,4.52996e-06
5.046667e-07,2.5841e-06
5.047667e-07,-1.95624e-06
5.048667e-07,-9.73968e-06
5.049667e-07,-2.20635e-05
5.050667e-07,-3.8279e-05
5.051667e-07,-5.77376e-05
5.052667e-07,-7.71962e-05
5.053667e-07,-9.47089e-05
5.054667e-07,-0.000107033
5.055667e-07,-0.000112222
5.056667e-07,-0.000110276
5.057667e-07,-0.000101195
5.058667e-07,-8.69255e-05
5.059667e-07,-6.87641e-05
5.060667e-07,-4.99541e-05
5.061667e-07,-3.17928e-05
5.062667e-07,-1.62259e-05
5.063667e-07,-3.25348e-06
5.064667e-07,5.8272e-06
5.065667e-07,1.36106e-05
5.066667e-07,2.07455e-05
5.067667e-07,2.85289e-05
5.068667e-07,3.76096e-05
5.069667e-07,4.86361e-05
5.070667e-07,6.09599e-05
5.071667e-07,7.26351e-05
5.072667e-07,8.23644e-05
5.073667e-07,8.8202e-05
5.074667e-07,8.94992e-05
5.075667e-07,8.36616e-05
5.076667e-07,7.13378e-05
5.077667e-07,5.31765e-05
5.078667e-07,3.30692e-05
5.079667e-07,1.10162e-05
5.080667e-07,-9.73968e-06
5.081667e-07,-2.72524e-05
5.082667e-07,-4.02248e-05
5.083667e-07,-4.86569e-05
5.084667e-07,-5.31972e-05
5.085667e-07,-5.38459e-05
5.086667e-07,-5.25486e-05
5.087667e-07,-4.99541e-05
5.088667e-07,-4.73596e-05
5.089667e-07,-4.47652e-05
5.090667e-07,-4.08734e-05
5.091667e-07,-3.56845e-05
5.092667e-07,-2.72524e-05
5.093667e-07,-1.428e-05
5.094667e-07,1.93548e-06
5.095667e-07,2.20427e-05
5.096667e-07,4.47444e-05
5.097667e-07,6.87434e-05
5.098667e-07,9.01478e-05
5.099667e-07,0.000107661
5.100667e-07,0.000118038
5.101667e-07,0.000120633
5.102667e-07,0.000115444
5.103667e-07,0.00010312
5.104667e-07,8.43102e-05
5.105667e-07,6.29058e-05
5.106667e-07,4.15013e-05
5.107667e-07,2.13941e-05
5.108667e-07,3.23272e-06
5.109667e-07,-1.10369e-05
5.110667e-07,-2.20635e-05
5.111667e-07,-3.24414e-05
5.112667e-07,-4.21707e-05
5.113667e-07,-5.38459e-05
5.114667e-07,-6.74669e-05
5.115667e-07,-8.49796e-05
5.116667e-07,-0.000105087
5.117667e-07,-0.000125843
5.118667e-07,-0.00014595
5.119667e-07,-0.000162165
5.120667e-07,-0.000172543
5.121667e-07,-0.000176435
5.122667e-07,-0.000171895
5.123667e-07,-0.000160868
5.124667e-07,-0.000144653
5.125667e-07,-0.000124545
5.126667e-07,-0.00010379
5.127667e-07,-8.49796e-05
5.128667e-07,-7.00614e-05
5.129667e-07,-5.90348e-05
5.130667e-07,-5.19e-05
5.131667e-07,-4.73596e-05
5.132667e-07,-4.28193e-05
5.133667e-07,-3.76303e-05
5.134667e-07,-2.85497e-05
5.135667e-07,-1.55773e-05
5.136667e-07,1.28686e-06
5.137667e-07,2.07455e-05
5.138667e-07,4.15013e-05
5.139667e-07,5.96627e-05
5.140667e-07,7.39323e-05
5.141667e-07,8.10671e-05
5.142667e-07,8.04185e-05
5.143667e-07,7.19865e-05
5.144667e-07,5.77168e-05
5.145667e-07,3.89068e-05
5.146667e-07,1.87996e-05
5.147667e-07,6.38242e-07
5.148667e-07,-1.23342e-05
5.149667e-07,-1.88204e-05
5.150667e-07,-1.75231e-05
5.151667e-07,-9.09106e-06
5.152667e-07,5.17858e-06
5.153667e-07,2.46372e-05
5.154667e-07,4.73389e-05
5.155667e-07,7.13378e-05
5.156667e-07,9.6634e-05
5.157667e-07,0.000121282
5.158667e-07,0.000146578
5.159667e-07,0.000171225
5.160667e-07,0.000196522
5.161667e-07,0.000222466
5.162667e-07,0.000247763
5.163667e-07,0.00027241
5.164667e-07,0.000294463
5.165667e-07,0.000311327
5.166667e-07,0.000321705
5.167667e-07,0.000322354
5.168667e-07,0.000313273
5.169667e-07,0.000294463
5.170667e-07,0.00026787
5.171667e-07,0.00023479
5.172667e-07,0.000198467
5.173667e-07,0.000163442
5.174667e-07,0.000132308
5.175667e-07,0.000107661
5.176667e-07,9.07964e-05
5.177667e-07,8.17158e-05
5.178667e-07,7.97699e-05
5.179667e-07,8.3013e-05
5.180667e-07,8.8202e-05
5.181667e-07,9.46882e-05
5.182667e-07,9.85799e-05
5.183667e-07,0.000100526
5.184667e-07,9.85799e-05
5.185667e-07,9.53368e-05
5.186667e-07,9.01478e-05
5.187667e-07,8.56075e-05
5.188667e-07,8.23644e-05
5.189667e-07,8.10671e-05
5.190667e-07,8.10671e-05
5.191667e-07,8.23644e-05
5.192667e-07,8.3013e-05
5.193667e-07,8.3013e-05
5.194667e-07,8.04185e-05
5.195667e-07,7.45809e-05
5.196667e-07,6.48516e-05
5.197667e-07,5.31765e-05
5.198667e-07,4.08527e-05
5.199667e-07,2.91775e-05
5.200667e-07,2.07455e-05
5.201667e-07,1.68537e-05
5.202667e-07,1.8151e-05
5.203667e-07,2.46372e-05
5.204667e-07,3.50151e-05
5.205667e-07,4.73389e-05
5.206667e-07,5.96627e-05
5.207667e-07,6.80947e-05
5.208667e-07,7.13378e-05
5.209667e-07,6.80947e-05
5.210667e-07,5.83654e-05
5.211667e-07,4.40958e-05
5.212667e-07,2.59344e-05
5.213667e-07,7.77306e-06
5.214667e-07,-7.79382e-06
5.215667e-07,-1.9469e-05
5.216667e-07,-2.46579e-05
5.217667e-07,-2.33607e-05
5.218667e-07,-1.75231e-05
5.219667e-07,-7.1452e-06
5.220667e-07,3.23272e-06
5.221667e-07,1.2962e-05
5.222667e-07,1.87996e-05
5.223667e-07,1.87996e-05
5.224667e-07,1.36106e-05
5.225667e-07,3.88134e-06
5.226667e-07,-8.44244e-06
5.227667e-07,-2.20635e-05
5.228667e-07,-3.43872e-05
5.229667e-07,-4.34679e-05
5.230667e-07,-4.80083e-05
5.231667e-07,-4.73596e-05
5.232667e-07,-4.28193e-05
5.233667e-07,-3.50359e-05
5.234667e-07,-2.46579e-05
5.235667e-07,-1.55773e-05
5.236667e-07,-7.79382e-06
5.237667e-07,-3.9021e-06
5.238667e-07,-3.9021e-06
5.239667e-07,-7.79382e-06
5.240667e-07,-1.62259e-05
5.241667e-07,-2.72524e-05
5.242667e-07,-4.08734e-05
5.243667e-07,-5.57917e-05
5.244667e-07,-7.13586e-05
5.245667e-07,-8.56282e-05
5.246667e-07,-9.92493e-05
5.247667e-07,-0.000111573
5.248667e-07,-0.000121302
5.249667e-07,-0.000127789
5.250667e-07,-0.000131032
5.251667e-07,-0.000129086
5.252667e-07,-0.000121951
5.253667e-07,-0.000109627
5.254667e-07,-9.34117e-05
5.255667e-07,-7.33045e-05
5.256667e-07,-5.19e-05
5.257667e-07,-2.98469e-05
5.258667e-07,-1.03883e-05
5.259667e-07,5.17858e-06
5.260667e-07,1.49079e-05
5.261667e-07,1.8151e-05
5.262667e-07,1.49079e-05
5.263667e-07,7.12444e-06
5.264667e-07,-3.9021e-06
5.265667e-07,-1.62259e-05
5.266667e-07,-2.7901e-05
5.267667e-07,-3.63331e-05
5.268667e-07,-4.15221e-05
5.269667e-07,-4.08734e-05
5.270667e-07,-3.76303e-05
5.271667e-07,-3.24414e-05
5.272667e-07,-2.91983e-05
5.273667e-07,-2.85497e-05
5.274667e-07,-3.37386e-05
5.275667e-07,-4.60624e-05
5.276667e-07,-6.5521e-05
5.277667e-07,-9.14658e-05
5.278667e-07,-0.000120654
5.279667e-07,-0.000151787
5.280667e-07,-0.000181624
5.281667e-07,-0.00020692
5.282667e-07,-0.00022573
5.283667e-07,-0.000236757
5.284667e-07,-0.00024
5.285667e-07,-0.000235459
5.286667e-07,-0.000224433
5.287667e-07,-0.000210163
5.288667e-07,-0.000194596
5.289667e-07,-0.000178381
5.290667e-07,-0.000164111
5.291667e-07,-0.000152436
5.292667e-07,-0.000142058
5.293667e-07,-0.000133626
5.294667e-07,-0.000125194
5.295667e-07,-0.000116113
5.296667e-07,-0.000106384
5.297667e-07,-9.53575e-05
5.298667e-07,-8.30338e-05
5.299667e-07,-7.071e-05
5.300667e-07,-5.83862e-05
5.301667e-07,-4.80083e-05
5.302667e-07,-3.95762e-05
5.303667e-07,-3.43872e-05
5.304667e-07,-3.17928e-05
5.305667e-07,-3.04955e-05
5.306667e-07,-2.98469e-05
5.307667e-07,-2.7901e-05
5.308667e-07,-2.20635e-05
5.309667e-07,-1.10369e-05
5.310667e-07,3.88134e-06
5.311667e-07,2.26913e-05
5.312667e-07,4.40958e-05
5.313667e-07,6.55003e-05
5.314667e-07,8.56075e-05
5.315667e-07,0.00010312
5.316667e-07,0.000114795
5.317667e-07,0.000120633
5.318667e-07,0.000119984
5.319667e-07,0.000113498
5.320667e-07,0.000102472
5.321667e-07,8.8202e-05
5.322667e-07,7.26351e-05
5.323667e-07,5.64196e-05
5.324667e-07,4.15013e-05
5.325667e-07,2.72317e-05
5.326667e-07,1.2962e-05
5.327667e-07,-1.30762e-06
5.328667e-07,-1.75231e-05
5.329667e-07,-3.50359e-05
5.330667e-07,-5.51431e-05
5.331667e-07,-7.58989e-05
5.332667e-07,-9.73034e-05
5.333667e-07,-0.000116762
5.334667e-07,-0.000133626
5.335667e-07,-0.000147247
5.336667e-07,-0.000155679
5.337667e-07,-0.000158922
5.338667e-07,-0.000155679
5.339667e-07,-0.000147896
5.340667e-07,-0.000135572
5.341667e-07,-0.000120654
5.342667e-07,-0.000104438
5.343667e-07,-8.88713e-05
5.344667e-07,-7.39531e-05
5.345667e-07,-5.96834e-05
5.346667e-07,-4.54138e-05
5.347667e-07,-3.17928e-05
5.348667e-07,-1.62259e-05
5.349667e-07,6.38242e-07
5.350667e-07,1.87996e-05
5.351667e-07,3.76096e-05
5.352667e-07,5.77168e-05
5.353667e-07,7.7824e-05
5.354667e-07,9.72826e-05
5.355667e-07,0.000115444
5.356667e-07,0.000131011
5.357667e-07,0.000144632
5.358667e-07,0.000155658
5.359667e-07,0.000163442
5.360667e-07,0.000170577
5.361667e-07,0.000175766
5.362667e-07,0.000180955
5.363667e-07,0.000185495
5.364667e-07,0.000188738
5.365667e-07,0.000189387
5.366667e-07,0.000186792
5.367667e-07,0.000179009
5.368667e-07,0.000165388
5.369667e-07,0.000145929
5.370667e-07,0.000119984
5.371667e-07,8.88506e-05
5.372667e-07,5.38251e-05
5.373667e-07,1.8151e-05
5.374667e-07,-1.62259e-05
5.375667e-07,-4.73596e-05
5.376667e-07,-7.33045e-05
5.377667e-07,-9.27631e-05
5.378667e-07,-0.000104438
5.379667e-07,-0.000109627
5.380667e-07,-0.000108979
5.381667e-07,-0.00010379
5.382667e-07,-9.60062e-05
5.383667e-07,-8.75741e-05
5.384667e-07,-7.97907e-05
5.385667e-07,-7.20072e-05
5.386667e-07,-6.5521e-05
5.387667e-07,-5.90348e-05
5.388667e-07,-5.31972e-05
5.389667e-07,-4.6711e-05
5.390667e-07,-3.8279e-05
5.391667e-07,-2.7901e-05
5.392667e-07,-1.55773e-05
5.393667e-07,-6.58998e-07
5.394667e-07,1.62051e-05
5.395667e-07,3.37179e-05
5.396667e-07,5.0582e-05
5.397667e-07,6.61489e-05
5.398667e-07,8.10671e-05
5.399667e-07,9.33909e-05
5.400667e-07,0.000103769
5.401667e-07,0.00011285
5.402667e-07,0.000119984
5.403667e-07,0.000124525
5.404667e-07,0.000125173
5.405667e-07,0.000122579
5.406667e-07,0.000115444
5.407667e-07,0.000101823
5.408667e-07,8.23644e-05
5.409667e-07,5.5771e-05
5.410667e-07,2.46372e-05
5.411667e-07,-9.73968e-06
5.412667e-07,-4.47652e-05
5.413667e-07,-7.84934e-05
5.414667e-07,-0.000106384
5.415667e-07,-0.00012714
5.416667e-07,-0.000138166
5.417667e-07,-0.000138166
5.418667e-07,-0.00012714
5.419667e-07,-0.000107681
5.420667e-07,-8.17365e-05
5.421667e-07,-5.19e-05
5.422667e-07,-2.01176e-05
5.423667e-07,1.03675e-05
5.424667e-07,3.89068e-05
5.425667e-07,6.48516e-05
5.426667e-07,8.75533e-05
5.427667e-07,0.000107012
5.428667e-07,0.000123227
5.429667e-07,0.000136848
5.430667e-07,0.000146578
5.431667e-07,0.000153064
5.432667e-07,0.000153713
5.433667e-07,0.000147875
5.434667e-07,0.000134903
5.435667e-07,0.000114147
5.436667e-07,8.62561e-05
5.437667e-07,5.18792e-05
5.438667e-07,1.49079e-05
5.439667e-07,-2.27121e-05
5.440667e-07,-5.64403e-05
5.441667e-07,-8.17365e-05
5.442667e-07,-9.66548e-05
5.443667e-07,-9.98979e-05
5.444667e-07,-9.14658e-05
5.445667e-07,-7.20072e-05
5.446667e-07,-4.47652e-05
5.447667e-07,-1.29828e-05
5.448667e-07,1.8151e-05
5.449667e-07,4.60417e-05
5.450667e-07,6.74461e-05
5.451667e-07,7.97699e-05
5.452667e-07,8.36616e-05
5.453667e-07,7.91213e-05
5.454667e-07,6.9392e-05
5.455667e-07,5.64196e-05
5.456667e-07,4.34472e-05
5.457667e-07,3.30692e-05
5.458667e-07,2.72317e-05
5.459667e-07,2.59344e-05
5.460667e-07,2.98261e-05
5.461667e-07,3.82582e-05
5.462667e-07,5.0582e-05
5.463667e-07,6.48516e-05
5.464667e-07,8.10671e-05
5.465667e-07,9.79313e-05
5.466667e-07,0.000114795
5.467667e-07,0.000131011
5.468667e-07,0.000147226
5.469667e-07,0.000162145
5.470667e-07,0.000175766
5.471667e-07,0.000188089
5.472667e-07,0.000196522
5.473667e-07,0.00020171
5.474667e-07,0.000201062
5.475667e-07,0.000195873
5.476667e-07,0.000185495
5.477667e-07,0.000169279
5.478667e-07,0.000148524
5.479667e-07,0.000125173
5.480667e-07,0.000101174
5.481667e-07,7.91213e-05
5.482667e-07,5.96627e-05
5.483667e-07,4.40958e-05
5.484667e-07,3.37179e-05
5.485667e-07,2.78803e-05
5.486667e-07,2.59344e-05
5.487667e-07,2.59344e-05
5.488667e-07,2.72317e-05
5.489667e-07,2.72317e-05
5.490667e-07,2.46372e-05
5.491667e-07,1.75024e-05
5.492667e-07,7.12444e-06
5.493667e-07,-6.49658e-06
5.494667e-07,-2.20635e-05
5.495667e-07,-3.89276e-05
5.496667e-07,-5.51431e-05
5.497667e-07,-6.87641e-05
5.498667e-07,-8.04393e-05
5.499667e-07,-8.88713e-05
5.500667e-07,-9.40603e-05
5.501667e-07,-9.73034e-05
5.502667e-07,-9.7952e-05
5.503667e-07,-9.92493e-05
5.504667e-07,-0.000101195
5.505667e-07,-0.00010379
5.506667e-07,-0.000107681
5.507667e-07,-0.00011287
5.508667e-07,-0.000118059
5.509667e-07,-0.000123248
5.510667e-07,-0.00012714
5.511667e-07,-0.000129734
5.512667e-07,-0.000131032
5.513667e-07,-0.000131032
5.514667e-07,-0.00013168
5.515667e-07,-0.000133626
5.516667e-07,-0.000137518
5.517667e-07,-0.000143355
5.518667e-07,-0.000151139
5.519667e-07,-0.000160868
5.520667e-07,-0.000171246
5.521667e-07,-0.000180975
5.522667e-07,-0.000186164
5.523667e-07,-0.000184867
5.524667e-07,-0.000177732
5.525667e-07,-0.000161517
5.526667e-07,-0.000137518
5.527667e-07,-0.000107033
5.528667e-07,-7.26558e-05
5.529667e-07,-3.63331e-05
5.530667e-07,-1.30762e-06
5.531667e-07,2.98261e-05
5.532667e-07,5.64196e-05
5.533667e-07,7.65268e-05
5.534667e-07,9.14451e-05
5.535667e-07,0.000101174
5.536667e-07,0.000107012
5.537667e-07,0.000110904
5.538667e-07,0.000114795
5.539667e-07,0.000119984
5.540667e-07,0.000125822
5.541667e-07,0.000132957
5.542667e-07,0.000140092
5.543667e-07,0.000145281
5.544667e-07,0.000147875
5.545667e-07,0.000145929
5.546667e-07,0.000139443
5.547667e-07,0.000129065
5.548667e-07,0.000116093
5.549667e-07,0.000100526
5.550667e-07,8.43102e-05
5.551667e-07,6.9392e-05
5.552667e-07,5.5771e-05
5.553667e-07,4.40958e-05
5.554667e-07,3.50151e-05
5.555667e-07,2.85289e-05
5.556667e-07,2.20427e-05
5.557667e-07,1.68537e-05
5.558667e-07,1.03675e-05
5.559667e-07,2.5841e-06
5.560667e-07,-6.49658e-06
5.561667e-07,-1.62259e-05
5.562667e-07,-2.53066e-05
5.563667e-07,-3.24414e-05
5.564667e-07,-3.76303e-05
5.565667e-07,-4.02248e-05
5.566667e-07,-4.08734e-05
5.567667e-07,-4.02248e-05
5.568667e-07,-3.8279e-05
5.569667e-07,-3.63331e-05
5.570667e-07,-3.63331e-05
5.571667e-07,-3.89276e-05
5.572667e-07,-4.41165e-05
5.573667e-07,-5.12514e-05
5.574667e-07,-6.03321e-05
5.575667e-07,-7.071e-05
5.576667e-07,-8.04393e-05
5.577667e-07,-8.88713e-05
5.578667e-07,-9.47089e-05
5.579667e-07,-9.73034e-05
5.580667e-07,-9.73034e-05
5.581667e-07,-9.40603e-05
5.582667e-07,-8.88713e-05
5.583667e-07,-8.23851e-05
5.584667e-07,-7.52503e-05
5.585667e-07,-6.74669e-05
5.586667e-07,-5.90348e-05
5.587667e-07,-5.06027e-05
5.588667e-07,-4.21707e-05
5.589667e-07,-3.309e-05
5.590667e-07,-2.53066e-05
5.591667e-07,-1.81717e-05
5.592667e-07,-1.29828e-05
5.593667e-07,-9.73968e-06
5.594667e-07,-9.09106e-06
5.595667e-07,-1.10369e-05
5.596667e-07,-1.55773e-05
5.597667e-07,-2.07662e-05
5.598667e-07,-2.72524e-05
5.599667e-07,-3.309e-05
5.600667e-07,-3.56845e-05
5.601667e-07,-3.37386e-05
5.602667e-07,-2.66038e-05
5.603667e-07,-1.55773e-05
5.604667e-07,-1.03779e-08
5.605667e-07,1.8151e-05
5.606667e-07,3.63124e-05
5.607667e-07,5.25279e-05
5.608667e-07,6.4203e-05
5.609667e-07,7.00406e-05
5.610667e-07,7.00406e-05
5.611667e-07,6.29058e-05
5.612667e-07,4.99334e-05
5.613667e-07,3.43665e-05
5.614667e-07,1.8151e-05
5.615667e-07,3.23272e-06
5.616667e-07,-9.09106e-06
5.617667e-07,-1.68745e-05
5.618667e-07,-2.01176e-05
5.619667e-07,-1.88204e-05
5.620667e-07,-1.49286e-05
5.621667e-07,-9.09106e-06
5.622667e-07,-5.19934e-06
5.623667e-07,-3.9021e-06
5.624667e-07,-7.1452e-06
5.625667e-07,-1.36314e-05
5.626667e-07,-2.40093e-05
5.627667e-07,-3.56845e-05
5.628667e-07,-4.80083e-05
5.629667e-07,-5.77376e-05
5.630667e-07,-6.42238e-05
5.631667e-07,-6.61696e-05
5.632667e-07,-6.42238e-05
5.633667e-07,-5.77376e-05
5.634667e-07,-4.93055e-05
5.635667e-07,-4.08734e-05
5.636667e-07,-3.43872e-05
5.637667e-07,-3.11441e-05
5.638667e-07,-3.309e-05
5.639667e-07,-4.08734e-05
5.640667e-07,-5.31972e-05
5.641667e-07,-6.87641e-05
5.642667e-07,-8.56282e-05
5.643667e-07,-0.000101195
5.644667e-07,-0.000111573
5.645667e-07,-0.000116113
5.646667e-07,-0.000112222
5.647667e-07,-0.000100547
5.648667e-07,-8.10879e-05
5.649667e-07,-5.44945e-05
5.650667e-07,-2.20635e-05
5.651667e-07,1.36106e-05
5.652667e-07,5.0582e-05
5.653667e-07,8.69047e-05
5.654667e-07,0.000121282
5.655667e-07,0.000152415
5.656667e-07,0.00017836
5.657667e-07,0.000199765
5.658667e-07,0.000215332
5.659667e-07,0.000225709
5.660667e-07,0.000229601
5.661667e-07,0.000227007
5.662667e-07,0.000219872
5.663667e-07,0.000206899
5.664667e-07,0.000189387
5.665667e-07,0.000168631
5.666667e-07,0.000146578
5.667667e-07,0.000125173
5.668667e-07,0.000106363
5.669667e-07,9.20937e-05
5.670667e-07,8.23644e-05
5.671667e-07,7.71754e-05
5.672667e-07,7.65268e-05
5.673667e-07,7.97699e-05
5.674667e-07,8.43102e-05
5.675667e-07,8.75533e-05
5.676667e-07,8.8202e-05
5.677667e-07,8.3013e-05
5.678667e-07,7.26351e-05
5.679667e-07,5.5771e-05
5.680667e-07,3.37179e-05
5.681667e-07,9.71892e-06
5.682667e-07,-1.55773e-05
5.683667e-07,-4.02248e-05
5.684667e-07,-6.16293e-05
5.685667e-07,-7.9142e-05
5.686667e-07,-9.21144e-05
5.687667e-07,-0.000100547
5.688667e-07,-0.000107033
5.689667e-07,-0.000110924
5.690667e-07,-0.000114816
5.691667e-07,-0.000118708
5.692667e-07,-0.0001226
5.693667e-07,-0.000126491
5.694667e-07,-0.000129086
5.695667e-07,-0.000129734
5.696667e-07,-0.00012714
5.697667e-07,-0.000119356
5.698667e-07,-0.000105735
5.699667e-07,-8.69255e-05
5.700667e-07,-6.35752e-05
5.701667e-07,-3.76303e-05
5.702667e-07,-1.10369e-05
5.703667e-07,1.36106e-05
5.704667e-07,3.37179e-05
5.705667e-07,4.99334e-05
5.706667e-07,5.96627e-05
5.707667e-07,6.4203e-05
5.708667e-07,6.22572e-05
5.709667e-07,5.70682e-05
5.710667e-07,4.92848e-05
5.711667e-07,4.02041e-05
5.712667e-07,2.98261e-05
5.713667e-07,1.94482e-05
5.714667e-07,9.0703e-06
5.715667e-07,-1.30762e-06
5.716667e-07,-1.29828e-05
5.717667e-07,-2.59552e-05
5.718667e-07,-4.02248e-05
5.719667e-07,-5.57917e-05
5.720667e-07,-7.13586e-05
5.721667e-07,-8.49796e-05
5.722667e-07,-9.60062e-05
5.723667e-07,-0.000101844
5.724667e-07,-0.000101195
5.725667e-07,-9.40603e-05
5.726667e-07,-8.04393e-05
5.727667e-07,-6.09807e-05
5.728667e-07,-3.76303e-05
5.729667e-07,-1.29828e-05
5.730667e-07,1.10162e-05
5.731667e-07,3.1772e-05
5.732667e-07,4.86361e-05
5.733667e-07,5.96627e-05
5.734667e-07,6.48516e-05
5.735667e-07,6.35544e-05
5.736667e-07,5.83654e-05
5.737667e-07,4.92848e-05
5.738667e-07,3.82582e-05
5.739667e-07,2.6583e-05
5.740667e-07,1.55565e-05
5.741667e-07,5.8272e-06
5.742667e-07,-3.25348e-06
5.743667e-07,-1.03883e-05
5.744667e-07,-1.68745e-05
5.745667e-07,-2.20635e-05
5.746667e-07,-2.72524e-05
5.747667e-07,-3.11441e-05
5.748667e-07,-3.50359e-05
5.749667e-07,-3.69817e-05
5.750667e-07,-3.69817e-05
5.751667e-07,-3.56845e-05
5.752667e-07,-3.309e-05
5.753667e-07,-2.98469e-05
5.754667e-07,-2.72524e-05
5.755667e-07,-2.72524e-05
5.756667e-07,-2.91983e-05
5.757667e-07,-3.37386e-05
5.758667e-07,-4.15221e-05
5.759667e-07,-5.19e-05
5.760667e-07,-6.29265e-05
5.761667e-07,-7.33045e-05
5.762667e-07,-8.10879e-05
5.763667e-07,-8.4331e-05
5.764667e-07,-8.10879e-05
5.765667e-07,-7.071e-05
5.766667e-07,-5.51431e-05
5.767667e-07,-3.37386e-05
5.768667e-07,-1.03883e-05
5.769667e-07,1.2962e-05
5.770667e-07,3.37179e-05
5.771667e-07,4.86361e-05
5.772667e-07,5.70682e-05
5.773667e-07,5.83654e-05
5.774667e-07,5.38251e-05
5.775667e-07,4.40958e-05
5.776667e-07,3.24206e-05
5.777667e-07,2.00968e-05
5.778667e-07,1.10162e-05
5.779667e-07,5.17858e-06
5.780667e-07,3.23272e-06
5.781667e-07,5.17858e-06
5.782667e-07,9.71892e-06
5.783667e-07,1.42593e-05
5.784667e-07,1.68537e-05
5.785667e-07,1.55565e-05
5.786667e-07,8.42168e-06
5.787667e-07,-4.55072e-06
5.788667e-07,-2.33607e-05
5.789667e-07,-4.54138e-05
5.790667e-07,-7.00614e-05
5.791667e-07,-9.40603e-05
5.792667e-07,-0.000115465
5.793667e-07,-0.000131032
5.794667e-07,-0.00014141
5.795667e-07,-0.00014595
5.796667e-07,-0.000144653
5.797667e-07,-0.000138166
5.798667e-07,-0.000129086
5.799667e-07,-0.000119356
5.800667e-07,-0.000108979
5.801667e-07,-9.86006e-05
5.802667e-07,-8.82227e-05
5.803667e-07,-7.9142e-05
5.804667e-07,-7.00614e-05
5.805667e-07,-6.03321e-05
5.806667e-07,-4.86569e-05
5.807667e-07,-3.69817e-05
5.808667e-07,-2.46579e-05
5.809667e-07,-1.23342e-05
5.810667e-07,-6.58998e-07
5.811667e-07,8.42168e-06
5.812667e-07,1.36106e-05
5.813667e-07,1.55565e-05
5.814667e-07,1.36106e-05
5.815667e-07,9.0703e-06
5.816667e-07,2.5841e-06
5.817667e-07,-3.9021e-06
5.818667e-07,-9.09106e-06
5.819667e-07,-1.10369e-05
5.820667e-07,-1.03883e-05
5.821667e-07,-5.84796e-06
5.822667e-07,6.38242e-07
5.823667e-07,7.77306e-06
5.824667e-07,1.36106e-05
5.825667e-07,1.75024e-05
5.826667e-07,1.68537e-05
5.827667e-07,1.16648e-05
5.828667e-07,1.28686e-06
5.829667e-07,-1.29828e-05
5.830667e-07,-3.04955e-05
5.831667e-07,-4.93055e-05
5.832667e-07,-6.81155e-05
5.833667e-07,-8.49796e-05
5.834667e-07,-9.86006e-05
5.835667e-07,-0.000108979
5.836667e-07,-0.000116113
5.837667e-07,-0.000119356
5.838667e-07,-0.000120005
5.839667e-07,-0.000118708
5.840667e-07,-0.000114816
5.841667e-07,-0.000108979
5.842667e-07,-0.000100547
5.843667e-07,-9.01686e-05
5.844667e-07,-7.65476e-05
5.845667e-07,-6.03321e-05
5.846667e-07,-4.15221e-05
5.847667e-07,-2.14148e-05
5.848667e-07,-6.58998e-07
5.849667e-07,1.94482e-05
5.850667e-07,3.63124e-05
5.851667e-07,4.92848e-05
5.852667e-07,5.77168e-05
5.853667e-07,6.22572e-05
5.854667e-07,6.22572e-05
5.855667e-07,6.03113e-05
5.856667e-07,5.64196e-05
5.857667e-07,5.31765e-05
5.858667e-07,5.18792e-05
5.859667e-07,5.31765e-05
5.860667e-07,5.64196e-05
5.861667e-07,6.16085e-05
5.862667e-07,6.74461e-05
5.863667e-07,7.19865e-05
5.864667e-07,7.26351e-05
5.865667e-07,6.9392e-05
5.866667e-07,6.03113e-05
5.867667e-07,4.60417e-05
5.868667e-07,2.72317e-05
5.869667e-07,5.8272e-06
5.870667e-07,-1.55773e-05
5.871667e-07,-3.50359e-05
5.872667e-07,-5.19e-05
5.873667e-07,-6.29265e-05
5.874667e-07,-6.94127e-05
5.875667e-07,-6.94127e-05
5.876667e-07,-6.48724e-05
5.877667e-07,-5.64403e-05
5.878667e-07,-4.47652e-05
5.879667e-07,-3.24414e-05
5.880667e-07,-1.9469e-05
5.881667e-07,-6.49658e-06
5.882667e-07,5.8272e-06
5.883667e-07,1.8151e-05
5.884667e-07,3.04748e-05
5.885667e-07,4.27986e-05
5.886667e-07,5.44737e-05
5.887667e-07,6.48516e-05
5.888667e-07,7.32837e-05
5.889667e-07,7.84727e-05
5.890667e-07,7.91213e-05
5.891667e-07,7.52296e-05
5.892667e-07,6.48516e-05
5.893667e-07,4.99334e-05
5.894667e-07,3.04748e-05
5.895667e-07,7.77306e-06
5.896667e-07,-1.62259e-05
5.897667e-07,-3.95762e-05
5.898667e-07,-6.03321e-05
5.899667e-07,-7.78448e-05
5.900667e-07,-9.08172e-05
5.901667e-07,-9.86006e-05
5.902667e-07,-0.000103141
5.903667e-07,-0.000104438
5.904667e-07,-0.000104438
5.905667e-07,-0.00010379
5.906667e-07,-0.000104438
5.907667e-07,-0.000106384
5.908667e-07,-0.000110276
5.909667e-07,-0.000114168
5.910667e-07,-0.000118708
5.911667e-07,-0.0001226
5.912667e-07,-0.000125843
5.913667e-07,-0.000126491
5.914667e-07,-0.000124545
5.915667e-07,-0.000119356
5.916667e-07,-0.000112222
5.917667e-07,-0.00010379
5.918667e-07,-9.47089e-05
5.919667e-07,-8.75741e-05
5.920667e-07,-8.23851e-05
5.921667e-07,-7.97907e-05
5.922667e-07,-8.04393e-05
5.923667e-07,-8.36824e-05
5.924667e-07,-8.952e-05
5.925667e-07,-9.66548e-05
5.926667e-07,-0.000104438
5.927667e-07,-0.00011287
5.928667e-07,-0.000120654
5.929667e-07,-0.000126491
5.930667e-07,-0.000130383
5.931667e-07,-0.000131032
5.932667e-07,-0.000129086
5.933667e-07,-0.000123248
5.934667e-07,-0.00011287
5.935667e-07,-9.98979e-05
5.936667e-07,-8.4331e-05
5.937667e-07,-6.74669e-05
5.938667e-07,-4.99541e-05
5.939667e-07,-3.24414e-05
5.940667e-07,-1.55773e-05
5.941667e-07,-1.95624e-06
5.942667e-07,8.42168e-06
5.943667e-07,1.36106e-05
5.944667e-07,1.36106e-05
5.945667e-07,1.03675e-05
5.946667e-07,3.88134e-06
5.947667e-07,-3.25348e-06
5.948667e-07,-1.16855e-05
5.949667e-07,-1.81717e-05
5.950667e-07,-2.20635e-05
5.951667e-07,-2.27121e-05
5.952667e-07,-1.88204e-05
5.953667e-07,-1.10369e-05
5.954667e-07,-6.58998e-07
5.955667e-07,1.23134e-05
5.956667e-07,2.52858e-05
5.957667e-07,3.6961e-05
5.958667e-07,4.66903e-05
5.959667e-07,5.25279e-05
5.960667e-07,5.38251e-05
5.961667e-07,5.18792e-05
5.962667e-07,4.60417e-05
5.963667e-07,3.76096e-05
5.964667e-07,2.91775e-05
5.965667e-07,2.00968e-05
5.966667e-07,1.16648e-05
5.967667e-07,3.88134e-06
5.968667e-07,-2.60486e-06
5.969667e-07,-7.1452e-06
5.970667e-07,-1.03883e-05
5.971667e-07,-1.29828e-05
5.972667e-07,-1.49286e-05
5.973667e-07,-1.68745e-05
5.974667e-07,-1.88204e-05
5.975667e-07,-2.07662e-05
5.976667e-07,-2.27121e-05
5.977667e-07,-2.40093e-05
5.978667e-07,-2.40093e-05
5.979667e-07,-2.33607e-05
5.980667e-07,-2.07662e-05
5.981667e-07,-1.68745e-05
5.982667e-07,-1.16855e-05
5.983667e-07,-6.49658e-06
5.984667e-07,-6.58998e-07
5.985667e-07,5.17858e-06
5.986667e-07,1.03675e-05
5.987667e-07,1.49079e-05
5.988667e-07,1.8151e-05
5.989667e-07,2.00968e-05
5.990667e-07,2.13941e-05
5.991667e-07,2.07455e-05
5.992667e-07,1.87996e-05
5.993667e-07,1.49079e-05
5.994667e-07,1.03675e-05
5.995667e-07,1.93548e-06
5.996667e-07,-8.44244e-06
5.997667e-07,-2.20635e-05
5.998667e-07,-3.76303e-05
5.999667e-07,-5.38459e-05
6.000667e-07,-7.071e-05
6.001667e-07,-8.62769e-05
6.002667e-07,-9.92493e-05
6.003667e-07,-0.00010833
6.004667e-07,-0.000112222
6.005667e-07,-0.000109627
6.006667e-07,-9.98979e-05
6.007667e-07,-8.49796e-05
6.008667e-07,-6.68183e-05
6.009667e-07,-4.6711e-05
6.010667e-07,-2.72524e-05
6.011667e-07,-9.73968e-06
6.012667e-07,3.88134e-06
6.013667e-07,1.23134e-05
6.014667e-07,1.62051e-05
6.015667e-07,1.49079e-05
6.016667e-07,1.10162e-05
6.017667e-07,5.17858e-06
6.018667e-07,-1.30762e-06
6.019667e-07,-6.49658e-06
6.020667e-07,-1.03883e-05
6.021667e-07,-1.428e-05
6.022667e-07,-1.75231e-05
6.023667e-07,-2.14148e-05
6.024667e-07,-2.66038e-05
6.025667e-07,-3.50359e-05
6.026667e-07,-4.73596e-05
6.027667e-07,-6.42238e-05
6.028667e-07,-8.49796e-05
6.029667e-07,-0.000107033
6.030667e-07,-0.000129734
6.031667e-07,-0.000149842
6.032667e-07,-0.000166057
6.033667e-07,-0.000177732
6.034667e-07,-0.000182921
6.035667e-07,-0.000181624
6.036667e-07,-0.000173841
6.037667e-07,-0.00016022
6.038667e-07,-0.000142058
6.039667e-07,-0.000120654
6.040667e-07,-9.7952e-05
6.041667e-07,-7.39531e-05
6.042667e-07,-5.06027e-05
6.043667e-07,-2.72524e-05
6.044667e-07,-5.19934e-06
6.045667e-07,1.55565e-05
6.046667e-07,3.56637e-05
6.047667e-07,5.38251e-05
6.048667e-07,7.00406e-05
6.049667e-07,8.56075e-05
6.050667e-07,9.92285e-05
6.051667e-07,0.000111552
6.052667e-07,0.000121282
6.053667e-07,0.000130362
6.054667e-07,0.000138794
6.055667e-07,0.000147226
6.056667e-07,0.000155658
6.057667e-07,0.000164739
6.058667e-07,0.00017382
6.059667e-07,0.000182901
6.060667e-07,0.000190684
6.061667e-07,0.000197819
6.062667e-07,0.000203008
6.063667e-07,0.000204954
6.064667e-07,0.000204954
6.065667e-07,0.000202359
6.066667e-07,0.00019717
6.067667e-07,0.000190035
6.068667e-07,0.000182901
6.069667e-07,0.000175766
6.070667e-07,0.000169279
6.071667e-07,0.000164091
6.072667e-07,0.000158902
6.073667e-07,0.000153713
6.074667e-07,0.000147875
6.075667e-07,0.00014074
6.076667e-07,0.000131011
6.077667e-07,0.000118687
6.078667e-07,0.000102472
6.079667e-07,8.36616e-05
6.080667e-07,6.35544e-05
6.081667e-07,4.15013e-05
6.082667e-07,2.07455e-05
6.083667e-07,2.5841e-06
6.084667e-07,-1.29828e-05
6.085667e-07,-2.40093e-05
6.086667e-07,-3.04955e-05
6.087667e-07,-3.24414e-05
6.088667e-07,-3.17928e-05
6.089667e-07,-2.7901e-05
6.090667e-07,-2.27121e-05
6.091667e-07,-1.62259e-05
6.092667e-07,-1.03883e-05
6.093667e-07,-5.19934e-06
6.094667e-07,6.38242e-07
6.095667e-07,5.8272e-06
6.096667e-07,1.23134e-05
6.097667e-07,2.00968e-05
6.098667e-07,3.04748e-05
6.099667e-07,4.47444e-05
6.100667e-07,6.09599e-05
6.101667e-07,7.97699e-05
6.102667e-07,9.98771e-05
6.103667e-07,0.000119336
6.104667e-07,0.000137497
6.105667e-07,0.000152415
6.106667e-07,0.000162793
6.107667e-07,0.000168631
6.108667e-07,0.000168631
6.109667e-07,0.000164739
6.110667e-07,0.000156956
6.111667e-07,0.000146578
6.112667e-07,0.0001362
6.113667e-07,0.000125822
6.114667e-07,0.000116741
6.115667e-07,0.000109606
6.116667e-07,0.000105066
6.117667e-07,0.000101174
6.118667e-07,9.85799e-05
6.119667e-07,9.53368e-05
6.120667e-07,9.07964e-05
6.121667e-07,8.49589e-05
6.122667e-07,7.65268e-05
6.123667e-07,6.55003e-05
6.124667e-07,5.25279e-05
6.125667e-07,3.82582e-05
6.126667e-07,2.33399e-05
6.127667e-07,8.42168e-06
6.128667e-07,-5.19934e-06
6.129667e-07,-1.68745e-05
6.130667e-07,-2.66038e-05
6.131667e-07,-3.43872e-05
6.132667e-07,-4.08734e-05
6.133667e-07,-4.60624e-05
6.134667e-07,-4.99541e-05
6.135667e-07,-5.44945e-05
6.136667e-07,-5.83862e-05
6.137667e-07,-6.29265e-05
6.138667e-07,-6.61696e-05
6.139667e-07,-7.00614e-05
6.140667e-07,-7.33045e-05
6.141667e-07,-7.52503e-05
6.142667e-07,-7.71962e-05
6.143667e-07,-7.78448e-05
6.144667e-07,-7.84934e-05
6.145667e-07,-7.84934e-05
6.146667e-07,-7.78448e-05
6.147667e-07,-7.71962e-05
6.148667e-07,-7.71962e-05
6.149667e-07,-7.78448e-05
6.150667e-07,-7.84934e-05
6.151667e-07,-7.9142e-05
6.152667e-07,-8.10879e-05
6.153667e-07,-8.23851e-05
6.154667e-07,-8.30338e-05
6.155667e-07,-8.23851e-05
6.156667e-07,-7.97907e-05
6.157667e-07,-7.58989e-05
6.158667e-07,-7.00614e-05
6.159667e-07,-6.22779e-05
6.160667e-07,-5.19e-05
6.161667e-07,-3.95762e-05
6.162667e-07,-2.46579e-05
6.163667e-07,-9.09106e-06
6.164667e-07,7.12444e-06
6.165667e-07,2.39886e-05
6.166667e-07,3.95555e-05
6.167667e-07,5.38251e-05
6.168667e-07,6.55003e-05
6.169667e-07,7.39323e-05
6.170667e-07,7.97699e-05
6.171667e-07,8.10671e-05
6.172667e-07,7.7824e-05
6.173667e-07,7.06892e-05
6.174667e-07,5.90141e-05
6.175667e-07,4.40958e-05
6.176667e-07,2.6583e-05
6.177667e-07,7.12444e-06
6.178667e-07,-1.428e-05
6.179667e-07,-3.69817e-05
6.180667e-07,-5.96834e-05
6.181667e-07,-8.10879e-05
6.182667e-07,-0.000101844
6.183667e-07,-0.000120654
6.184667e-07,-0.000137518
6.185667e-07,-0.000151139
6.186667e-07,-0.000161517
6.187667e-07,-0.000167354
6.188667e-07,-0.000169949
6.189667e-07,-0.000167354
6.190667e-07,-0.00016022
6.191667e-07,-0.000148544
6.192667e-07,-0.000133626
6.193667e-07,-0.000114816
6.194667e-07,-9.40603e-05
6.195667e-07,-7.33045e-05
6.196667e-07,-5.38459e-05
6.197667e-07,-3.50359e-05
6.198667e-07,-1.9469e-05
6.199667e-07,-7.79382e-06
6.200667e-07,-1.03779e-08
6.201667e-07,3.23272e-06
6.202667e-07,3.23272e-06
6.203667e-07,-1.30762e-06
6.204667e-07,-9.09106e-06
6.205667e-07,-1.88204e-05
6.206667e-07,-2.98469e-05
6.207667e-07,-4.15221e-05
6.208667e-07,-5.25486e-05
6.209667e-07,-6.22779e-05
6.210667e-07,-7.071e-05
6.211667e-07,-7.58989e-05
6.212667e-07,-7.78448e-05
6.213667e-07,-7.58989e-05
6.214667e-07,-7.00614e-05
6.215667e-07,-6.03321e-05
6.216667e-07,-4.73596e-05
6.217667e-07,-3.17928e-05
6.218667e-07,-1.428e-05
6.219667e-07,1.93548e-06
6.220667e-07,1.68537e-05
6.221667e-07,2.85289e-05
6.222667e-07,3.63124e-05
6.223667e-07,3.89068e-05
6.224667e-07,3.56637e-05
6.225667e-07,2.72317e-05
6.226667e-07,1.36106e-05
6.227667e-07,-4.55072e-06
6.228667e-07,-2.46579e-05
6.229667e-07,-4.60624e-05
6.230667e-07,-6.68183e-05
6.231667e-07,-8.56282e-05
6.232667e-07,-0.000101844
6.233667e-07,-0.000114816
6.234667e-07,-0.000124545
6.235667e-07,-0.000132329
6.236667e-07,-0.000137518
6.237667e-07,-0.000140761
6.238667e-07,-0.000143355
6.239667e-07,-0.000144653
6.240667e-07,-0.000145301
6.241667e-07,-0.000145301
6.242667e-07,-0.000144004
6.243667e-07,-0.000142058
6.244667e-07,-0.000138166
6.245667e-07,-0.000132329
6.246667e-07,-0.000125194
6.247667e-07,-0.000116762
6.248667e-07,-0.000107681
6.249667e-07,-9.86006e-05
6.250667e-07,-8.88713e-05
6.251667e-07,-8.04393e-05
6.252667e-07,-7.26558e-05
6.253667e-07,-6.68183e-05
6.254667e-07,-6.29265e-05
6.255667e-07,-6.03321e-05
6.256667e-07,-5.96834e-05
6.257667e-07,-5.90348e-05
6.258667e-07,-5.83862e-05
6.259667e-07,-5.77376e-05
6.260667e-07,-5.64403e-05
6.261667e-07,-5.31972e-05
6.262667e-07,-4.86569e-05
6.263667e-07,-4.28193e-05
6.264667e-07,-3.50359e-05
6.265667e-07,-2.66038e-05
6.266667e-07,-1.62259e-05
6.267667e-07,-5.84796e-06
6.268667e-07,5.17858e-06
6.269667e-07,1.62051e-05
6.270667e-07,2.6583e-05
6.271667e-07,3.50151e-05
6.272667e-07,4.08527e-05
6.273667e-07,4.47444e-05
6.274667e-07,4.60417e-05
6.275667e-07,4.5393e-05
6.276667e-07,4.15013e-05
6.277667e-07,3.56637e-05
6.278667e-07,2.72317e-05
6.279667e-07,1.8151e-05
6.280667e-07,9.71892e-06
6.281667e-07,3.88134e-06
6.282667e-07,6.38242e-07
6.283667e-07,1.28686e-06
6.284667e-07,4.52996e-06
6.285667e-07,1.23134e-05
6.286667e-07,2.20427e-05
6.287667e-07,3.37179e-05
6.288667e-07,4.5393e-05
6.289667e-07,5.5771e-05
6.290667e-07,6.35544e-05
6.291667e-07,6.80947e-05
6.292667e-07,6.80947e-05
6.293667e-07,6.4203e-05
6.294667e-07,5.70682e-05
6.295667e-07,4.60417e-05
6.296667e-07,3.24206e-05
6.297667e-07,1.87996e-05
6.298667e-07,6.47582e-06
6.299667e-07,-5.19934e-06
6.300667e-07,-1.49286e-05
6.301667e-07,-2.07662e-05
6.302667e-07,-2.40093e-05
6.303667e-07,-2.40093e-05
6.304667e-07,-2.33607e-05
6.305667e-07,-2.07662e-05
6.306667e-07,-1.81717e-05
6.307667e-07,-1.62259e-05
6.308667e-07,-1.62259e-05
6.309667e-07,-1.9469e-05
6.310667e-07,-2.53066e-05
6.311667e-07,-3.43872e-05
6.312667e-07,-4.60624e-05
6.313667e-07,-6.03321e-05
6.314667e-07,-7.52503e-05
6.315667e-07,-8.952e-05
6.316667e-07,-0.000102492
6.317667e-07,-0.000110924
6.318667e-07,-0.000114816
6.319667e-07,-0.000112222
6.320667e-07,-0.00010379
6.321667e-07,-8.82227e-05
6.322667e-07,-6.61696e-05
6.323667e-07,-3.89276e-05
6.324667e-07,-9.09106e-06
6.325667e-07,2.26913e-05
6.326667e-07,5.31765e-05
6.327667e-07,8.10671e-05
6.328667e-07,0.000104417
6.329667e-07,0.000119984
6.330667e-07,0.000129065
6.331667e-07,0.000130362
6.332667e-07,0.000125173
6.333667e-07,0.000114147
6.334667e-07,9.79313e-05
6.335667e-07,7.91213e-05
6.336667e-07,5.90141e-05
6.337667e-07,3.95555e-05
6.338667e-07,2.20427e-05
6.339667e-07,7.12444e-06
6.340667e-07,-3.9021e-06
6.341667e-07,-1.03883e-05
6.342667e-07,-1.29828e-05
6.343667e-07,-1.10369e-05
6.344667e-07,-6.49658e-06
6.345667e-07,-1.03779e-08
6.346667e-07,7.77306e-06
6.347667e-07,1.49079e-05
6.348667e-07,2.07455e-05
6.349667e-07,2.39886e-05
6.350667e-07,2.52858e-05
6.351667e-07,2.33399e-05
6.352667e-07,1.94482e-05
6.353667e-07,1.2962e-05
6.354667e-07,4.52996e-06
6.355667e-07,-5.19934e-06
6.356667e-07,-1.55773e-05
6.357667e-07,-2.46579e-05
6.358667e-07,-3.309e-05
6.359667e-07,-4.02248e-05
6.360667e-07,-4.60624e-05
6.361667e-07,-4.99541e-05
6.362667e-07,-5.19e-05
6.363667e-07,-5.19e-05
6.364667e-07,-5.06027e-05
6.365667e-07,-4.80083e-05
6.366667e-07,-4.41165e-05
6.367667e-07,-3.95762e-05
6.368667e-07,-3.43872e-05
6.369667e-07,-2.72524e-05
6.370667e-07,-1.88204e-05
6.371667e-07,-9.09106e-06
6.372667e-07,1.93548e-06
6.373667e-07,1.42593e-05
6.374667e-07,2.72317e-05
6.375667e-07,4.02041e-05
6.376667e-07,5.25279e-05
6.377667e-07,6.35544e-05
6.378667e-07,7.19865e-05
6.379667e-07,7.71754e-05
6.380667e-07,7.91213e-05
6.381667e-07,7.91213e-05
6.382667e-07,7.65268e-05
6.383667e-07,7.32837e-05
6.384667e-07,6.9392e-05
6.385667e-07,6.67975e-05
6.386667e-07,6.61489e-05
6.387667e-07,6.87434e-05
6.388667e-07,7.39323e-05
6.389667e-07,8.23644e-05
6.390667e-07,9.27423e-05
6.391667e-07,0.000102472
6.392667e-07,0.000112201
6.393667e-07,0.000119336
6.394667e-07,0.000123876
6.395667e-07,0.000124525
6.396667e-07,0.000122579
6.397667e-07,0.000118038
6.398667e-07,0.000112201
6.399667e-07,0.000106363
6.400667e-07,0.000101174
6.401667e-07,9.92285e-05
6.402667e-07,9.92285e-05
6.403667e-07,0.000101174
6.404667e-07,0.000103769
6.405667e-07,0.000107661
6.406667e-07,0.000111552
6.407667e-07,0.000113498
6.408667e-07,0.000112201
6.409667e-07,0.000108958
6.410667e-07,0.000103769
6.411667e-07,9.72826e-05
6.412667e-07,9.01478e-05
6.413667e-07,8.43102e-05
6.414667e-07,7.97699e-05
6.415667e-07,7.71754e-05
6.416667e-07,7.65268e-05
6.417667e-07,7.71754e-05
6.418667e-07,7.84727e-05
6.419667e-07,7.91213e-05
6.420667e-07,7.91213e-05
6.421667e-07,7.71754e-05
6.422667e-07,7.32837e-05
6.423667e-07,6.74461e-05
6.424667e-07,5.90141e-05
6.425667e-07,4.99334e-05
6.426667e-07,4.15013e-05
6.427667e-07,3.30692e-05
6.428667e-07,2.52858e-05
6.429667e-07,1.87996e-05
6.430667e-07,1.42593e-05
6.431667e-07,1.10162e-05
6.432667e-07,8.42168e-06
6.433667e-07,5.8272e-06
6.434667e-07,3.23272e-06
6.435667e-07,1.28686e-06
6.436667e-07,6.38242e-07
6.437667e-07,2.5841e-06
6.438667e-07,7.77306e-06
6.439667e-07,1.68537e-05
6.440667e-07,2.91775e-05
6.441667e-07,4.47444e-05
6.442667e-07,6.16085e-05
6.443667e-07,7.7824e-05
6.444667e-07,9.20937e-05
6.445667e-07,0.000101823
6.446667e-07,0.000105066
6.447667e-07,9.98771e-05
6.448667e-07,8.69047e-05
6.449667e-07,6.61489e-05
6.450667e-07,3.95555e-05
6.451667e-07,9.71892e-06
6.452667e-07,-2.07662e-05
6.453667e-07,-4.93055e-05
6.454667e-07,-7.26558e-05
6.455667e-07,-8.952e-05
6.456667e-07,-9.98979e-05
6.457667e-07,-0.000102492
6.458667e-07,-9.98979e-05
6.459667e-07,-9.34117e-05
6.460667e-07,-8.36824e-05
6.461667e-07,-7.071e-05
6.462667e-07,-5.64403e-05
6.463667e-07,-4.15221e-05
6.464667e-07,-2.46579e-05
6.465667e-07,-5.84796e-06
6.466667e-07,1.62051e-05
6.467667e-07,4.02041e-05
6.468667e-07,6.61489e-05
6.469667e-07,9.33909e-05
6.470667e-07,0.000119984
6.471667e-07,0.000143335
6.472667e-07,0.000160847
6.473667e-07,0.000169928
6.474667e-07,0.000169279
6.475667e-07,0.000158253
6.476667e-07,0.000136848
6.477667e-07,0.000107661
6.478667e-07,7.19865e-05
6.479667e-07,3.30692e-05
6.480667e-07,-5.19934e-06
6.481667e-07,-3.95762e-05
6.482667e-07,-6.81155e-05
6.483667e-07,-8.88713e-05
6.484667e-07,-0.000101195
6.485667e-07,-0.000104438
6.486667e-07,-9.98979e-05
6.487667e-07,-8.88713e-05
6.488667e-07,-7.39531e-05
6.489667e-07,-5.64403e-05
6.490667e-07,-3.8279e-05
6.491667e-07,-2.01176e-05
6.492667e-07,-3.25348e-06
6.493667e-07,1.16648e-05
6.494667e-07,2.52858e-05
6.495667e-07,3.6961e-05
6.496667e-07,4.73389e-05
6.497667e-07,5.70682e-05
6.498667e-07,6.55003e-05
6.499667e-07,7.19865e-05
6.500667e-07,7.58782e-05
6.501667e-07,7.84727e-05
6.502667e-07,8.04185e-05
6.503667e-07,8.04185e-05
6.504667e-07,7.84727e-05
6.505667e-07,7.65268e-05
6.506667e-07,7.45809e-05
6.507667e-07,7.26351e-05
6.508667e-07,7.19865e-05
6.509667e-07,7.26351e-05
6.510667e-07,7.45809e-05
6.511667e-07,7.7824e-05
6.512667e-07,8.10671e-05
6.513667e-07,8.43102e-05
6.514667e-07,8.75533e-05
6.515667e-07,8.88506e-05
6.516667e-07,8.88506e-05
6.517667e-07,8.62561e-05
6.518667e-07,8.17158e-05
6.519667e-07,7.45809e-05
6.520667e-07,6.55003e-05
6.521667e-07,5.51223e-05
6.522667e-07,4.40958e-05
6.523667e-07,3.24206e-05
6.524667e-07,2.00968e-05
6.525667e-07,8.42168e-06
6.526667e-07,-1.95624e-06
6.527667e-07,-1.03883e-05
6.528667e-07,-1.81717e-05
6.529667e-07,-2.40093e-05
6.530667e-07,-2.7901e-05
6.531667e-07,-2.91983e-05
6.532667e-07,-2.72524e-05
6.533667e-07,-2.20635e-05
6.534667e-07,-1.29828e-05
6.535667e-07,-2.60486e-06
6.536667e-07,9.71892e-06
6.537667e-07,2.20427e-05
6.538667e-07,3.37179e-05
6.539667e-07,4.34472e-05
6.540667e-07,4.99334e-05
6.541667e-07,5.31765e-05
6.542667e-07,5.38251e-05
6.543667e-07,5.18792e-05
6.544667e-07,4.73389e-05
6.545667e-07,4.27986e-05
6.546667e-07,3.82582e-05
6.547667e-07,3.50151e-05
6.548667e-07,3.37179e-05
6.549667e-07,3.50151e-05
6.550667e-07,3.6961e-05
6.551667e-07,3.95555e-05
6.552667e-07,4.21499e-05
6.553667e-07,4.27986e-05
6.554667e-07,4.21499e-05
6.555667e-07,3.95555e-05
6.556667e-07,3.56637e-05
6.557667e-07,3.24206e-05
6.558667e-07,3.1772e-05
6.559667e-07,3.30692e-05
6.560667e-07,3.89068e-05
6.561667e-07,4.79875e-05
6.562667e-07,6.16085e-05
6.563667e-07,7.7824e-05
6.564667e-07,9.46882e-05
6.565667e-07,0.000110255
6.566667e-07,0.00012193
6.567667e-07,0.000127768
6.568667e-07,0.000126471
6.569667e-07,0.00011739
6.570667e-07,0.000100526
6.571667e-07,7.58782e-05
6.572667e-07,4.66903e-05
6.573667e-07,1.55565e-05
6.574667e-07,-1.55773e-05
6.575667e-07,-4.34679e-05
6.576667e-07,-6.61696e-05
6.577667e-07,-8.30338e-05
6.578667e-07,-9.27631e-05
6.579667e-07,-9.53575e-05
6.580667e-07,-9.14658e-05
6.581667e-07,-8.10879e-05
6.582667e-07,-6.74669e-05
6.583667e-07,-5.06027e-05
6.584667e-07,-3.309e-05
6.585667e-07,-1.68745e-05
6.586667e-07,-2.60486e-06
6.587667e-07,8.42168e-06
6.588667e-07,1.62051e-05
6.589667e-07,1.87996e-05
6.590667e-07,1.62051e-05
6.591667e-07,7.77306e-06
6.592667e-07,-4.55072e-06
6.593667e-07,-2.07662e-05
6.594667e-07,-3.8279e-05
6.595667e-07,-5.64403e-05
6.596667e-07,-7.39531e-05
6.597667e-07,-8.75741e-05
6.598667e-07,-9.7952e-05
6.599667e-07,-0.000102492
6.600667e-07,-0.000101195
6.601667e-07,-9.53575e-05
6.602667e-07,-8.49796e-05
6.603667e-07,-7.26558e-05
6.604667e-07,-5.96834e-05
6.605667e-07,-4.80083e-05
6.606667e-07,-3.8279e-05
6.607667e-07,-3.309e-05
6.608667e-07,-3.24414e-05
6.609667e-07,-3.56845e-05
6.610667e-07,-4.21707e-05
6.611667e-07,-5.06027e-05
6.612667e-07,-5.96834e-05
6.613667e-07,-6.81155e-05
6.614667e-07,-7.33045e-05
6.615667e-07,-7.71962e-05
6.616667e-07,-7.84934e-05
6.617667e-07,-7.78448e-05
6.618667e-07,-7.58989e-05
6.619667e-07,-7.39531e-05
6.620667e-07,-7.33045e-05
6.621667e-07,-7.39531e-05
6.622667e-07,-7.52503e-05
6.623667e-07,-7.71962e-05
6.624667e-07,-7.78448e-05
6.625667e-07,-7.71962e-05
6.626667e-07,-7.26558e-05
6.627667e-07,-6.35752e-05
6.628667e-07,-4.99541e-05
6.629667e-07,-3.24414e-05
6.630667e-07,-1.10369e-05
6.631667e-07,1.2962e-05
6.632667e-07,3.6961e-05
6.633667e-07,5.96627e-05
6.634667e-07,7.97699e-05
6.635667e-07,9.53368e-05
6.636667e-07,0.000107661
6.637667e-07,0.000115444
6.638667e-07,0.000119984
6.639667e-07,0.000122579
6.640667e-07,0.000123876
6.641667e-07,0.000126471
6.642667e-07,0.000129714
6.643667e-07,0.000135551
6.644667e-07,0.000143983
6.645667e-07,0.00015501
6.646667e-07,0.000166685
6.647667e-07,0.00017836
6.648667e-07,0.000188089
6.649667e-07,0.000195873
6.650667e-07,0.00020171
6.651667e-07,0.000204305
6.652667e-07,0.000204305
6.653667e-07,0.000201062
6.654667e-07,0.000194576
6.655667e-07,0.000184846
6.656667e-07,0.000172523
6.657667e-07,0.000156956
6.658667e-07,0.000138794
6.659667e-07,0.00011739
6.660667e-07,9.40395e-05
6.661667e-07,6.9392e-05
6.662667e-07,4.5393e-05
6.663667e-07,2.33399e-05
6.664667e-07,3.88134e-06
6.665667e-07,-1.10369e-05
6.666667e-07,-2.14148e-05
6.667667e-07,-2.66038e-05
6.668667e-07,-2.66038e-05
6.669667e-07,-2.20635e-05
6.670667e-07,-1.49286e-05
6.671667e-07,-5.19934e-06
6.672667e-07,4.52996e-06
6.673667e-07,1.42593e-05
6.674667e-07,2.20427e-05
6.675667e-07,2.91775e-05
6.676667e-07,3.43665e-05
6.677667e-07,3.89068e-05
6.678667e-07,4.27986e-05
6.679667e-07,4.66903e-05
6.680667e-07,5.12306e-05
6.681667e-07,5.70682e-05
6.682667e-07,6.35544e-05
6.683667e-07,7.06892e-05
6.684667e-07,7.65268e-05
6.685667e-07,8.17158e-05
6.686667e-07,8.49589e-05
6.687667e-07,8.62561e-05
6.688667e-07,8.49589e-05
6.689667e-07,8.23644e-05
6.690667e-07,7.91213e-05
6.691667e-07,7.52296e-05
6.692667e-07,7.32837e-05
6.693667e-07,7.39323e-05
6.694667e-07,7.7824e-05
6.695667e-07,8.36616e-05
6.696667e-07,9.14451e-05
6.697667e-07,9.85799e-05
6.698667e-07,0.000104417
6.699667e-07,0.000107012
6.700667e-07,0.000105715
6.701667e-07,9.92285e-05
6.702667e-07,8.8202e-05
6.703667e-07,7.32837e-05
6.704667e-07,5.5771e-05
6.705667e-07,3.82582e-05
6.706667e-07,2.20427e-05
6.707667e-07,9.71892e-06
6.708667e-07,1.93548e-06
6.709667e-07,-1.30762e-06
6.710667e-07,6.38242e-07
6.711667e-07,5.8272e-06
6.712667e-07,1.42593e-05
6.713667e-07,2.33399e-05
6.714667e-07,3.1772e-05
6.715667e-07,3.76096e-05
6.716667e-07,4.08527e-05
6.717667e-07,4.08527e-05
6.718667e-07,3.82582e-05
6.719667e-07,3.24206e-05
6.720667e-07,2.46372e-05
6.721667e-07,1.62051e-05
6.722667e-07,6.47582e-06
6.723667e-07,-3.25348e-06
6.724667e-07,-1.23342e-05
6.725667e-07,-2.07662e-05
6.726667e-07,-2.91983e-05
6.727667e-07,-3.8279e-05
6.728667e-07,-4.80083e-05
6.729667e-07,-5.77376e-05
6.730667e-07,-6.87641e-05
6.731667e-07,-7.84934e-05
6.732667e-07,-8.82227e-05
6.733667e-07,-9.53575e-05
6.734667e-07,-0.000101195
6.735667e-07,-0.000104438
6.736667e-07,-0.000105735
6.737667e-07,-0.000104438
6.738667e-07,-0.000101195
6.739667e-07,-9.66548e-05
6.740667e-07,-9.14658e-05
6.741667e-07,-8.62769e-05
6.742667e-07,-8.04393e-05
6.743667e-07,-7.52503e-05
6.744667e-07,-6.87641e-05
6.745667e-07,-6.22779e-05
6.746667e-07,-5.38459e-05
6.747667e-07,-4.54138e-05
6.748667e-07,-3.69817e-05
6.749667e-07,-2.91983e-05
6.750667e-07,-2.40093e-05
6.751667e-07,-2.20635e-05
6.752667e-07,-2.53066e-05
6.753667e-07,-3.24414e-05
6.754667e-07,-4.54138e-05
6.755667e-07,-6.29265e-05
6.756667e-07,-8.36824e-05
6.757667e-07,-0.000105735
6.758667e-07,-0.000126491
6.759667e-07,-0.000144004
6.760667e-07,-0.000155679
6.761667e-07,-0.00016022
6.762667e-07,-0.000156328
6.763667e-07,-0.000144653
6.764667e-07,-0.000125194
6.765667e-07,-9.92493e-05
6.766667e-07,-6.87641e-05
6.767667e-07,-3.69817e-05
6.768667e-07,-4.55072e-06
6.769667e-07,2.59344e-05
6.770667e-07,5.38251e-05
6.771667e-07,7.71754e-05
6.772667e-07,9.59854e-05
6.773667e-07,0.000109606
6.774667e-07,0.000118687
6.775667e-07,0.000122579
6.776667e-07,0.000122579
6.777667e-07,0.000119984
6.778667e-07,0.000115444
6.779667e-07,0.000107661
6.780667e-07,9.92285e-05
6.781667e-07,9.01478e-05
6.782667e-07,8.23644e-05
6.783667e-07,7.52296e-05
6.784667e-07,7.00406e-05
6.785667e-07,6.80947e-05
6.786667e-07,6.9392e-05
6.787667e-07,7.26351e-05
6.788667e-07,7.7824e-05
6.789667e-07,8.43102e-05
6.790667e-07,9.01478e-05
6.791667e-07,9.46882e-05
6.792667e-07,9.6634e-05
6.793667e-07,9.6634e-05
6.794667e-07,9.40395e-05
6.795667e-07,9.07964e-05
6.796667e-07,8.62561e-05
6.797667e-07,8.3013e-05
6.798667e-07,8.23644e-05
6.799667e-07,8.56075e-05
6.800667e-07,9.20937e-05
6.801667e-07,0.000104417
6.802667e-07,0.000120633
6.803667e-07,0.00014074
6.804667e-07,0.000162145
6.805667e-07,0.000183549
6.806667e-07,0.000204305
6.807667e-07,0.000223115
6.808667e-07,0.000237385
6.809667e-07,0.000247763
6.810667e-07,0.000254249
6.811667e-07,0.000256843
6.812667e-07,0.000256195
6.813667e-07,0.000252951
6.814667e-07,0.00024906
6.815667e-07,0.000243222
6.816667e-07,0.000236736
6.817667e-07,0.00023025
6.818667e-07,0.000222466
6.819667e-07,0.000214683
6.820667e-07,0.000204954
6.821667e-07,0.000193927
6.822667e-07,0.000180955
6.823667e-07,0.000166685
6.824667e-07,0.000149821
6.825667e-07,0.000132308
6.826667e-07,0.000113498
6.827667e-07,9.33909e-05
6.828667e-07,7.19865e-05
