LECROYWaveRunner‘N,20113,Waveform
Segments,1,SegmentSize,2002
Segment,TrigTime,TimeSinceSegment1
#1,01-Oct-2018 13:41:24,0                 
Time,Ampl
4.827434e-07,-2.66038e-05
4.828434e-07,-2.59552e-05
4.829434e-07,-2.40093e-05
4.830434e-07,-2.14148e-05
4.831434e-07,-1.75231e-05
4.832434e-07,-1.23342e-05
4.833434e-07,-6.49658e-06
4.834434e-07,6.38242e-07
4.835434e-07,7.12444e-06
4.836434e-07,1.16648e-05
4.837434e-07,1.49079e-05
4.838434e-07,1.62051e-05
4.839434e-07,1.49079e-05
4.840434e-07,1.23134e-05
4.841434e-07,8.42168e-06
4.842434e-07,5.17858e-06
4.843434e-07,2.5841e-06
4.844434e-07,1.28686e-06
4.845434e-07,1.28686e-06
4.846434e-07,2.5841e-06
4.847434e-07,4.52996e-06
4.848434e-07,5.8272e-06
4.849434e-07,5.8272e-06
4.850434e-07,4.52996e-06
4.851434e-07,1.28686e-06
4.852434e-07,-4.55072e-06
4.853434e-07,-1.16855e-05
4.854434e-07,-1.9469e-05
4.855434e-07,-2.7901e-05
4.856434e-07,-3.56845e-05
4.857434e-07,-4.28193e-05
4.858434e-07,-4.73596e-05
4.859434e-07,-4.86569e-05
4.860434e-07,-4.80083e-05
4.861434e-07,-4.60624e-05
4.862434e-07,-4.28193e-05
4.863434e-07,-3.89276e-05
4.864434e-07,-3.50359e-05
4.865434e-07,-3.24414e-05
4.866434e-07,-3.11441e-05
4.867434e-07,-3.04955e-05
4.868434e-07,-3.04955e-05
4.869434e-07,-3.11441e-05
4.870434e-07,-3.17928e-05
4.871434e-07,-3.04955e-05
4.872434e-07,-2.85497e-05
4.873434e-07,-2.40093e-05
4.874434e-07,-1.81717e-05
4.875434e-07,-1.03883e-05
4.876434e-07,-2.60486e-06
4.877434e-07,5.17858e-06
4.878434e-07,1.23134e-05
4.879434e-07,1.8151e-05
4.880434e-07,2.13941e-05
4.881434e-07,2.26913e-05
4.882434e-07,2.07455e-05
4.883434e-07,1.75024e-05
4.884434e-07,1.10162e-05
4.885434e-07,3.88134e-06
4.886434e-07,-5.19934e-06
4.887434e-07,-1.428e-05
4.888434e-07,-2.40093e-05
4.889434e-07,-3.37386e-05
4.890434e-07,-4.28193e-05
4.891434e-07,-4.99541e-05
4.892434e-07,-5.64403e-05
4.893434e-07,-6.03321e-05
4.894434e-07,-6.29265e-05
4.895434e-07,-6.42238e-05
4.896434e-07,-6.42238e-05
4.897434e-07,-6.29265e-05
4.898434e-07,-6.03321e-05
4.899434e-07,-5.83862e-05
4.900434e-07,-5.64403e-05
4.901434e-07,-5.51431e-05
4.902434e-07,-5.38459e-05
4.903434e-07,-5.44945e-05
4.904434e-07,-5.57917e-05
4.905434e-07,-5.77376e-05
4.906434e-07,-6.09807e-05
4.907434e-07,-6.42238e-05
4.908434e-07,-6.81155e-05
4.909434e-07,-7.26558e-05
4.910434e-07,-7.65476e-05
4.911434e-07,-8.04393e-05
4.912434e-07,-8.49796e-05
4.913434e-07,-9.08172e-05
4.914434e-07,-9.66548e-05
4.915434e-07,-0.000103141
4.916434e-07,-0.000111573
4.917434e-07,-0.000121302
4.918434e-07,-0.000131032
4.919434e-07,-0.000139464
4.920434e-07,-0.000147247
4.921434e-07,-0.000152436
4.922434e-07,-0.000153733
4.923434e-07,-0.000151787
4.924434e-07,-0.00014595
4.925434e-07,-0.000137518
4.926434e-07,-0.000126491
4.927434e-07,-0.000114168
4.928434e-07,-0.000101844
4.929434e-07,-9.14658e-05
4.930434e-07,-8.36824e-05
4.931434e-07,-7.97907e-05
4.932434e-07,-8.04393e-05
4.933434e-07,-8.56282e-05
4.934434e-07,-9.40603e-05
4.935434e-07,-0.000105735
4.936434e-07,-0.000118059
4.937434e-07,-0.000131032
4.938434e-07,-0.00014141
4.939434e-07,-0.000148544
4.940434e-07,-0.000151787
4.941434e-07,-0.000151139
4.942434e-07,-0.00014595
4.943434e-07,-0.000136869
4.944434e-07,-0.000124545
4.945434e-07,-0.000111573
4.946434e-07,-9.86006e-05
4.947434e-07,-8.56282e-05
4.948434e-07,-7.52503e-05
4.949434e-07,-6.74669e-05
4.950434e-07,-6.29265e-05
4.951434e-07,-6.09807e-05
4.952434e-07,-6.22779e-05
4.953434e-07,-6.68183e-05
4.954434e-07,-7.33045e-05
4.955434e-07,-8.17365e-05
4.956434e-07,-9.21144e-05
4.957434e-07,-0.00010379
4.958434e-07,-0.000115465
4.959434e-07,-0.00012714
4.960434e-07,-0.000137518
4.961434e-07,-0.000146599
4.962434e-07,-0.000152436
4.963434e-07,-0.000155031
4.964434e-07,-0.000155031
4.965434e-07,-0.000151139
4.966434e-07,-0.000144004
4.967434e-07,-0.000132978
4.968434e-07,-0.000120005
4.969434e-07,-0.000104438
4.970434e-07,-8.82227e-05
4.971434e-07,-7.13586e-05
4.972434e-07,-5.57917e-05
4.973434e-07,-4.15221e-05
4.974434e-07,-2.98469e-05
4.975434e-07,-2.14148e-05
4.976434e-07,-1.68745e-05
4.977434e-07,-1.68745e-05
4.978434e-07,-2.07662e-05
4.979434e-07,-2.7901e-05
4.980434e-07,-3.8279e-05
4.981434e-07,-5.12514e-05
4.982434e-07,-6.5521e-05
4.983434e-07,-7.9142e-05
4.984434e-07,-9.14658e-05
4.985434e-07,-0.000101195
4.986434e-07,-0.000107033
4.987434e-07,-0.00010833
4.988434e-07,-0.000105087
4.989434e-07,-9.66548e-05
4.990434e-07,-8.36824e-05
4.991434e-07,-6.74669e-05
4.992434e-07,-4.99541e-05
4.993434e-07,-3.17928e-05
4.994434e-07,-1.55773e-05
4.995434e-07,-1.30762e-06
4.996434e-07,7.77306e-06
4.997434e-07,1.03675e-05
4.998434e-07,6.47582e-06
4.999434e-07,-3.9021e-06
5.000434e-07,-2.07662e-05
5.001434e-07,-4.21707e-05
5.002434e-07,-6.74669e-05
5.003434e-07,-9.34117e-05
5.004434e-07,-0.000118708
5.005434e-07,-0.00014141
5.006434e-07,-0.00016022
5.007434e-07,-0.000172543
5.008434e-07,-0.000178381
5.009434e-07,-0.000176435
5.010434e-07,-0.000166706
5.011434e-07,-0.000151787
5.012434e-07,-0.00013168
5.013434e-07,-0.00010833
5.014434e-07,-8.36824e-05
5.015434e-07,-5.83862e-05
5.016434e-07,-3.43872e-05
5.017434e-07,-1.36314e-05
5.018434e-07,3.88134e-06
5.019434e-07,1.62051e-05
5.020434e-07,2.39886e-05
5.021434e-07,2.59344e-05
5.022434e-07,2.26913e-05
5.023434e-07,1.42593e-05
5.024434e-07,1.28686e-06
5.025434e-07,-1.55773e-05
5.026434e-07,-3.43872e-05
5.027434e-07,-5.51431e-05
5.028434e-07,-7.58989e-05
5.029434e-07,-9.60062e-05
5.030434e-07,-0.000114168
5.031434e-07,-0.000129734
5.032434e-07,-0.000140761
5.033434e-07,-0.000147896
5.034434e-07,-0.00015049
5.035434e-07,-0.000149193
5.036434e-07,-0.000144653
5.037434e-07,-0.000138815
5.038434e-07,-0.000131032
5.039434e-07,-0.0001226
5.040434e-07,-0.000114816
5.041434e-07,-0.000107681
5.042434e-07,-0.000102492
5.043434e-07,-9.92493e-05
5.044434e-07,-9.86006e-05
5.045434e-07,-9.98979e-05
5.046434e-07,-0.000103141
5.047434e-07,-0.000107681
5.048434e-07,-0.000114816
5.049434e-07,-0.000123897
5.050434e-07,-0.000134923
5.051434e-07,-0.000147247
5.052434e-07,-0.000160868
5.053434e-07,-0.000175786
5.054434e-07,-0.000193299
5.055434e-07,-0.000213406
5.056434e-07,-0.000236757
5.057434e-07,-0.000265296
5.058434e-07,-0.000300322
5.059434e-07,-0.00034313
5.060434e-07,-0.000396317
5.061434e-07,-0.000461179
5.062434e-07,-0.000539014
5.063434e-07,-0.000629172
5.064434e-07,-0.000732303
5.065434e-07,-0.000847108
5.066434e-07,-0.000973589
5.067434e-07,-0.00111045
5.068434e-07,-0.00125704
5.069434e-07,-0.00141271
5.070434e-07,-0.0015781
5.071434e-07,-0.00175323
5.072434e-07,-0.00194068
5.073434e-07,-0.00214175
5.074434e-07,-0.0023571
5.075434e-07,-0.00258736
5.076434e-07,-0.00283383
5.077434e-07,-0.00309587
5.078434e-07,-0.00337413
5.079434e-07,-0.00366601
5.080434e-07,-0.00397021
5.081434e-07,-0.0042822
5.082434e-07,-0.00460002
5.083434e-07,-0.00491979
5.084434e-07,-0.00523892
5.085434e-07,-0.0055535
5.086434e-07,-0.00586354
5.087434e-07,-0.00616579
5.088434e-07,-0.00645962
5.089434e-07,-0.00674501
5.090434e-07,-0.00702067
5.091434e-07,-0.00728726
5.092434e-07,-0.00754346
5.093434e-07,-0.00778864
5.094434e-07,-0.00802085
5.095434e-07,-0.00824008
5.096434e-07,-0.0084431
5.097434e-07,-0.0086299
5.098434e-07,-0.00879854
5.099434e-07,-0.00894773
5.100434e-07,-0.00907615
5.101434e-07,-0.00918382
5.102434e-07,-0.00927009
5.103434e-07,-0.0093356
5.104434e-07,-0.00938036
5.105434e-07,-0.009405
5.106434e-07,-0.00941019
5.107434e-07,-0.00939722
5.108434e-07,-0.00936673
5.109434e-07,-0.00932003
5.110434e-07,-0.00925971
5.111434e-07,-0.00918642
5.112434e-07,-0.00910145
5.113434e-07,-0.00900805
5.114434e-07,-0.00890751
5.115434e-07,-0.00880179
5.116434e-07,-0.00869217
5.117434e-07,-0.00857801
5.118434e-07,-0.00846126
5.119434e-07,-0.00833932
5.120434e-07,-0.00821414
5.121434e-07,-0.00808311
5.122434e-07,-0.0079469
5.123434e-07,-0.00780486
5.124434e-07,-0.00765697
5.125434e-07,-0.0075039
5.126434e-07,-0.00734888
5.127434e-07,-0.00719451
5.128434e-07,-0.00704273
5.129434e-07,-0.00689809
5.130434e-07,-0.00676123
5.131434e-07,-0.00663539
5.132434e-07,-0.00652059
5.133434e-07,-0.00641811
5.134434e-07,-0.006326
5.135434e-07,-0.00624363
5.136434e-07,-0.00616839
5.137434e-07,-0.00609769
5.138434e-07,-0.00603153
5.139434e-07,-0.00596667
5.140434e-07,-0.0059031
5.141434e-07,-0.00584019
5.142434e-07,-0.00577792
5.143434e-07,-0.00571695
5.144434e-07,-0.00565728
5.145434e-07,-0.0056002
5.146434e-07,-0.00554571
5.147434e-07,-0.00549382
5.148434e-07,-0.00544323
5.149434e-07,-0.00539329
5.150434e-07,-0.00534205
5.151434e-07,-0.00528886
5.152434e-07,-0.00523113
5.153434e-07,-0.00516886
5.154434e-07,-0.00510011
5.155434e-07,-0.00502487
5.156434e-07,-0.0049425
5.157434e-07,-0.00485428
5.158434e-07,-0.00476023
5.159434e-07,-0.00466164
5.160434e-07,-0.00455851
5.161434e-07,-0.00445214
5.162434e-07,-0.00434382
5.163434e-07,-0.00423485
5.164434e-07,-0.00412523
5.165434e-07,-0.00401691
5.166434e-07,-0.00391054
5.167434e-07,-0.00380741
5.168434e-07,-0.00370623
5.169434e-07,-0.00360958
5.170434e-07,-0.00351683
5.171434e-07,-0.00342927
5.172434e-07,-0.00334624
5.173434e-07,-0.00326841
5.174434e-07,-0.00319641
5.175434e-07,-0.00312895
5.176434e-07,-0.00306604
5.177434e-07,-0.00300701
5.178434e-07,-0.00295188
5.179434e-07,-0.00289934
5.180434e-07,-0.00284875
5.181434e-07,-0.0028014
5.182434e-07,-0.00275665
5.183434e-07,-0.00271513
5.184434e-07,-0.00267687
5.185434e-07,-0.00264379
5.186434e-07,-0.00261654
5.187434e-07,-0.00259449
5.188434e-07,-0.00257892
5.189434e-07,-0.00256984
5.190434e-07,-0.0025653
5.191434e-07,-0.00256595
5.192434e-07,-0.00256855
5.193434e-07,-0.00257244
5.194434e-07,-0.00257568
5.195434e-07,-0.00257698
5.196434e-07,-0.00257698
5.197434e-07,-0.00257374
5.198434e-07,-0.00256725
5.199434e-07,-0.00255752
5.200434e-07,-0.0025439
5.201434e-07,-0.00252768
5.202434e-07,-0.00250887
5.203434e-07,-0.00248941
5.204434e-07,-0.00246996
5.205434e-07,-0.00245115
5.206434e-07,-0.00243493
5.207434e-07,-0.00242066
5.208434e-07,-0.00241028
5.209434e-07,-0.0024025
5.210434e-07,-0.00239796
5.211434e-07,-0.00239601
5.212434e-07,-0.00239472
5.213434e-07,-0.00239342
5.214434e-07,-0.00239082
5.215434e-07,-0.00238499
5.216434e-07,-0.00237461
5.217434e-07,-0.00235839
5.218434e-07,-0.00233634
5.219434e-07,-0.00230845
5.220434e-07,-0.00227667
5.221434e-07,-0.00224034
5.222434e-07,-0.00220272
5.223434e-07,-0.00216446
5.224434e-07,-0.00212684
5.225434e-07,-0.00209246
5.226434e-07,-0.00206068
5.227434e-07,-0.00203279
5.228434e-07,-0.00200944
5.229434e-07,-0.00198933
5.230434e-07,-0.00197052
5.231434e-07,-0.00195301
5.232434e-07,-0.00193549
5.233434e-07,-0.00191733
5.234434e-07,-0.00189722
5.235434e-07,-0.00187517
5.236434e-07,-0.00184988
5.237434e-07,-0.00182134
5.238434e-07,-0.0017902
5.239434e-07,-0.00175518
5.240434e-07,-0.00171756
5.241434e-07,-0.00167734
5.242434e-07,-0.00163388
5.243434e-07,-0.00158718
5.244434e-07,-0.00153789
5.245434e-07,-0.0014873
5.246434e-07,-0.00143541
5.247434e-07,-0.00138222
5.248434e-07,-0.00133098
5.249434e-07,-0.00128298
5.250434e-07,-0.00123823
5.251434e-07,-0.00120061
5.252434e-07,-0.00117142
5.253434e-07,-0.00115066
5.254434e-07,-0.00113899
5.255434e-07,-0.00113639
5.256434e-07,-0.00114093
5.257434e-07,-0.00115261
5.258434e-07,-0.00116818
5.259434e-07,-0.00118569
5.260434e-07,-0.0012032
5.261434e-07,-0.00121877
5.262434e-07,-0.00122979
5.263434e-07,-0.00123563
5.264434e-07,-0.00123693
5.265434e-07,-0.00123304
5.266434e-07,-0.00122461
5.267434e-07,-0.00121293
5.268434e-07,-0.00119931
5.269434e-07,-0.00118439
5.270434e-07,-0.00116947
5.271434e-07,-0.0011552
5.272434e-07,-0.00114028
5.273434e-07,-0.00112601
5.274434e-07,-0.0011111
5.275434e-07,-0.00109618
5.276434e-07,-0.00108126
5.277434e-07,-0.00106569
5.278434e-07,-0.00104883
5.279434e-07,-0.00103067
5.280434e-07,-0.00101121
5.281434e-07,-0.000991102
5.282434e-07,-0.000970346
5.283434e-07,-0.000948293
5.284434e-07,-0.000925591
5.285434e-07,-0.000901592
5.286434e-07,-0.000876945
5.287434e-07,-0.000851
5.288434e-07,-0.000825055
5.289434e-07,-0.000799759
5.290434e-07,-0.000775111
5.291434e-07,-0.000751761
5.292434e-07,-0.000731005
5.293434e-07,-0.000713493
5.294434e-07,-0.000697926
5.295434e-07,-0.000685602
5.296434e-07,-0.000676521
5.297434e-07,-0.000669386
5.298434e-07,-0.000664197
5.299434e-07,-0.000660306
5.300434e-07,-0.00065836
5.301434e-07,-0.00065836
5.302434e-07,-0.00065836
5.303434e-07,-0.00065836
5.304434e-07,-0.000659008
5.305434e-07,-0.000660306
5.306434e-07,-0.0006629
5.307434e-07,-0.000666143
5.308434e-07,-0.000672629
5.309434e-07,-0.000681062
5.310434e-07,-0.000692088
5.311434e-07,-0.000704412
5.312434e-07,-0.000718682
5.313434e-07,-0.000734248
5.314434e-07,-0.000748518
5.315434e-07,-0.00076149
5.316434e-07,-0.000773166
5.317434e-07,-0.000782246
5.318434e-07,-0.000788732
5.319434e-07,-0.000792624
5.320434e-07,-0.00079457
5.321434e-07,-0.000795219
5.322434e-07,-0.000795219
5.323434e-07,-0.000795219
5.324434e-07,-0.000796516
5.325434e-07,-0.000799759
5.326434e-07,-0.000804948
5.327434e-07,-0.000812083
5.328434e-07,-0.000820515
5.329434e-07,-0.000829596
5.330434e-07,-0.000838676
5.331434e-07,-0.000847757
5.332434e-07,-0.000856189
5.333434e-07,-0.000862675
5.334434e-07,-0.000867216
5.335434e-07,-0.00086981
5.336434e-07,-0.000871107
5.337434e-07,-0.000871107
5.338434e-07,-0.00086981
5.339434e-07,-0.000869161
5.340434e-07,-0.000868513
5.341434e-07,-0.000868513
5.342434e-07,-0.000870459
5.343434e-07,-0.000873053
5.344434e-07,-0.000876945
5.345434e-07,-0.000881485
5.346434e-07,-0.000886674
5.347434e-07,-0.000890566
5.348434e-07,-0.000893809
5.349434e-07,-0.000894458
5.350434e-07,-0.000891214
5.351434e-07,-0.000885377
5.352434e-07,-0.000875648
5.353434e-07,-0.000861378
5.354434e-07,-0.000843865
5.355434e-07,-0.000823758
5.356434e-07,-0.000801056
5.357434e-07,-0.000777057
5.358434e-07,-0.000753058
5.359434e-07,-0.000728411
5.360434e-07,-0.00070506
5.361434e-07,-0.000682359
5.362434e-07,-0.000660306
5.363434e-07,-0.000638901
5.364434e-07,-0.000617497
5.365434e-07,-0.00059739
5.366434e-07,-0.000577282
5.367434e-07,-0.000558472
5.368434e-07,-0.000542257
5.369434e-07,-0.000528636
5.370434e-07,-0.000518258
5.371434e-07,-0.00051242
5.372434e-07,-0.000511123
5.373434e-07,-0.000514366
5.374434e-07,-0.000520852
5.375434e-07,-0.000530582
5.376434e-07,-0.000542905
5.377434e-07,-0.000555878
5.378434e-07,-0.000567553
5.379434e-07,-0.000576634
5.380434e-07,-0.000581823
5.381434e-07,-0.000582471
5.382434e-07,-0.000577282
5.383434e-07,-0.000566256
5.384434e-07,-0.000550689
5.385434e-07,-0.00053123
5.386434e-07,-0.00050788
5.387434e-07,-0.000482584
5.388434e-07,-0.000456639
5.389434e-07,-0.000430694
5.390434e-07,-0.000404749
5.391434e-07,-0.00038075
5.392434e-07,-0.000358049
5.393434e-07,-0.000337293
5.394434e-07,-0.000317186
5.395434e-07,-0.000298376
5.396434e-07,-0.000281512
5.397434e-07,-0.000265945
5.398434e-07,-0.000251675
5.399434e-07,-0.000239351
5.400434e-07,-0.000230271
5.401434e-07,-0.000225082
5.402434e-07,-0.000224433
5.403434e-07,-0.000229622
5.404434e-07,-0.000241297
5.405434e-07,-0.00025881
5.406434e-07,-0.000282809
5.407434e-07,-0.000311348
5.408434e-07,-0.000344428
5.409434e-07,-0.000380102
5.410434e-07,-0.000415127
5.411434e-07,-0.000448856
5.412434e-07,-0.000479341
5.413434e-07,-0.000505934
5.414434e-07,-0.000526041
5.415434e-07,-0.000541608
5.416434e-07,-0.000553283
5.417434e-07,-0.000561715
5.418434e-07,-0.000568202
5.419434e-07,-0.000575985
5.420434e-07,-0.000585066
5.421434e-07,-0.000598038
5.422434e-07,-0.000615551
5.423434e-07,-0.000637604
5.424434e-07,-0.000664197
5.425434e-07,-0.000694034
5.426434e-07,-0.000724519
5.427434e-07,-0.000753707
5.428434e-07,-0.0007803
5.429434e-07,-0.000801056
5.430434e-07,-0.000814029
5.431434e-07,-0.000818569
5.432434e-07,-0.000814677
5.433434e-07,-0.000802354
5.434434e-07,-0.000782246
5.435434e-07,-0.000756301
5.436434e-07,-0.000726465
5.437434e-07,-0.000695331
5.438434e-07,-0.000664846
5.439434e-07,-0.000635658
5.440434e-07,-0.000611011
5.441434e-07,-0.000590255
5.442434e-07,-0.000574688
5.443434e-07,-0.000563661
5.444434e-07,-0.000558472
5.445434e-07,-0.000558472
5.446434e-07,-0.000561715
5.447434e-07,-0.000567553
5.448434e-07,-0.000575336
5.449434e-07,-0.000582471
5.450434e-07,-0.000587012
5.451434e-07,-0.000588957
5.452434e-07,-0.000587012
5.453434e-07,-0.000580525
5.454434e-07,-0.000568202
5.455434e-07,-0.000551338
5.456434e-07,-0.000530582
5.457434e-07,-0.000507231
5.458434e-07,-0.000481287
5.459434e-07,-0.000455342
5.460434e-07,-0.000430046
5.461434e-07,-0.000406695
5.462434e-07,-0.000385291
5.463434e-07,-0.000367129
5.464434e-07,-0.000350914
5.465434e-07,-0.000337293
5.466434e-07,-0.00032432
5.467434e-07,-0.000311348
5.468434e-07,-0.000297727
5.469434e-07,-0.000283457
5.470434e-07,-0.000267891
5.471434e-07,-0.000251675
5.472434e-07,-0.000235459
5.473434e-07,-0.000218595
5.474434e-07,-0.000203677
5.475434e-07,-0.000190705
5.476434e-07,-0.000182273
5.477434e-07,-0.000177084
5.478434e-07,-0.000176435
5.479434e-07,-0.00017903
5.480434e-07,-0.000184867
5.481434e-07,-0.000192651
5.482434e-07,-0.000200434
5.483434e-07,-0.000208866
5.484434e-07,-0.00021665
5.485434e-07,-0.000222487
5.486434e-07,-0.00022573
5.487434e-07,-0.00022573
5.488434e-07,-0.000223136
5.489434e-07,-0.000218595
5.490434e-07,-0.000212109
5.491434e-07,-0.000205623
5.492434e-07,-0.000199137
5.493434e-07,-0.000193948
5.494434e-07,-0.000190056
5.495434e-07,-0.00018811
5.496434e-07,-0.000188759
5.497434e-07,-0.000192651
5.498434e-07,-0.000198488
5.499434e-07,-0.00020692
5.500434e-07,-0.000217298
5.501434e-07,-0.000229622
5.502434e-07,-0.000243892
5.503434e-07,-0.000259458
5.504434e-07,-0.000275674
5.505434e-07,-0.000291889
5.506434e-07,-0.000308105
5.507434e-07,-0.000323672
5.508434e-07,-0.000337941
5.509434e-07,-0.000351563
5.510434e-07,-0.000363238
5.511434e-07,-0.000373616
5.512434e-07,-0.000383994
5.513434e-07,-0.000394371
5.514434e-07,-0.000406695
5.515434e-07,-0.000419668
5.516434e-07,-0.000435883
5.517434e-07,-0.000454044
5.518434e-07,-0.000473503
5.519434e-07,-0.000494259
5.520434e-07,-0.000515015
5.521434e-07,-0.000533825
5.522434e-07,-0.000549392
5.523434e-07,-0.00055977
5.524434e-07,-0.00056431
5.525434e-07,-0.000563013
5.526434e-07,-0.000555878
5.527434e-07,-0.000543554
5.528434e-07,-0.000528636
5.529434e-07,-0.000511772
5.530434e-07,-0.000494908
5.531434e-07,-0.000479341
5.532434e-07,-0.000466368
5.533434e-07,-0.000457288
5.534434e-07,-0.000450801
5.535434e-07,-0.000448207
5.536434e-07,-0.000448207
5.537434e-07,-0.000450801
5.538434e-07,-0.000454044
5.539434e-07,-0.000457936
5.540434e-07,-0.000461179
5.541434e-07,-0.000463125
5.542434e-07,-0.000463774
5.543434e-07,-0.000463125
5.544434e-07,-0.000461828
5.545434e-07,-0.000459233
5.546434e-07,-0.000454044
5.547434e-07,-0.000447558
5.548434e-07,-0.000438478
5.549434e-07,-0.0004281
5.550434e-07,-0.000415127
5.551434e-07,-0.000400209
5.552434e-07,-0.000383345
5.553434e-07,-0.000365832
5.554434e-07,-0.000348319
5.555434e-07,-0.000331455
5.556434e-07,-0.000317186
5.557434e-07,-0.000306808
5.558434e-07,-0.000300322
5.559434e-07,-0.000299024
5.560434e-07,-0.000302916
5.561434e-07,-0.000311997
5.562434e-07,-0.000325618
5.563434e-07,-0.00034313
5.564434e-07,-0.000363238
5.565434e-07,-0.000383994
5.566434e-07,-0.000404101
5.567434e-07,-0.000422911
5.568434e-07,-0.000439126
5.569434e-07,-0.000453396
5.570434e-07,-0.000463774
5.571434e-07,-0.00047026
5.572434e-07,-0.000473503
5.573434e-07,-0.000473503
5.574434e-07,-0.000469611
5.575434e-07,-0.000462477
5.576434e-07,-0.000452099
5.577434e-07,-0.000440423
5.578434e-07,-0.000426802
5.579434e-07,-0.000411884
5.580434e-07,-0.000396966
5.581434e-07,-0.000382696
5.582434e-07,-0.000369724
5.583434e-07,-0.000359346
5.584434e-07,-0.000351563
5.585434e-07,-0.000346374
5.586434e-07,-0.000342482
5.587434e-07,-0.000339887
5.588434e-07,-0.000337941
5.589434e-07,-0.000334698
5.590434e-07,-0.000329509
5.591434e-07,-0.000321077
5.592434e-07,-0.000310051
5.593434e-07,-0.000295781
5.594434e-07,-0.000279566
5.595434e-07,-0.000262702
5.596434e-07,-0.000245837
5.597434e-07,-0.000230919
5.598434e-07,-0.000217947
5.599434e-07,-0.000207569
5.600434e-07,-0.000201083
5.601434e-07,-0.00019784
5.602434e-07,-0.000195894
5.603434e-07,-0.000194596
5.604434e-07,-0.000193299
5.605434e-07,-0.000191353
5.606434e-07,-0.000187462
5.607434e-07,-0.000182273
5.608434e-07,-0.000176435
5.609434e-07,-0.000170597
5.610434e-07,-0.00016476
5.611434e-07,-0.000159571
5.612434e-07,-0.000156976
5.613434e-07,-0.000155679
5.614434e-07,-0.000156328
5.615434e-07,-0.000158274
5.616434e-07,-0.000160868
5.617434e-07,-0.000164111
5.618434e-07,-0.000168003
5.619434e-07,-0.000171895
5.620434e-07,-0.000177084
5.621434e-07,-0.00018357
5.622434e-07,-0.000192651
5.623434e-07,-0.000203028
5.624434e-07,-0.00021665
5.625434e-07,-0.000232865
5.626434e-07,-0.000250378
5.627434e-07,-0.000268539
5.628434e-07,-0.000285403
5.629434e-07,-0.000298376
5.630434e-07,-0.000307456
5.631434e-07,-0.000310051
5.632434e-07,-0.000306159
5.633434e-07,-0.000297078
5.634434e-07,-0.000284106
5.635434e-07,-0.000269188
5.636434e-07,-0.000255567
5.637434e-07,-0.00024454
5.638434e-07,-0.000238703
5.639434e-07,-0.000239351
5.640434e-07,-0.000246486
5.641434e-07,-0.000259458
5.642434e-07,-0.00027762
5.643434e-07,-0.000297727
5.644434e-07,-0.000318483
5.645434e-07,-0.000335996
5.646434e-07,-0.000348968
5.647434e-07,-0.000355454
5.648434e-07,-0.000356103
5.649434e-07,-0.000350265
5.650434e-07,-0.000339239
5.651434e-07,-0.000323672
5.652434e-07,-0.00030551
5.653434e-07,-0.000285403
5.654434e-07,-0.000264647
5.655434e-07,-0.000245837
5.656434e-07,-0.000228973
5.657434e-07,-0.000215352
5.658434e-07,-0.000204974
5.659434e-07,-0.000197191
5.660434e-07,-0.000193299
5.661434e-07,-0.000192002
5.662434e-07,-0.000193948
5.663434e-07,-0.000198488
5.664434e-07,-0.000205623
5.665434e-07,-0.000214055
5.666434e-07,-0.000221838
5.667434e-07,-0.000229622
5.668434e-07,-0.000236108
5.669434e-07,-0.00024
5.670434e-07,-0.000241297
5.671434e-07,-0.00024
5.672434e-07,-0.000237405
5.673434e-07,-0.000234162
5.674434e-07,-0.000233514
5.675434e-07,-0.000235459
5.676434e-07,-0.000240648
5.677434e-07,-0.000251026
5.678434e-07,-0.000265945
5.679434e-07,-0.000285403
5.680434e-07,-0.000308754
5.681434e-07,-0.000332753
5.682434e-07,-0.000356103
5.683434e-07,-0.00037621
5.684434e-07,-0.000391128
5.685434e-07,-0.00039956
5.686434e-07,-0.000400858
5.687434e-07,-0.000394371
5.688434e-07,-0.000381399
5.689434e-07,-0.000362589
5.690434e-07,-0.00033859
5.691434e-07,-0.000310699
5.692434e-07,-0.000280863
5.693434e-07,-0.000250378
5.694434e-07,-0.000220541
5.695434e-07,-0.000192002
5.696434e-07,-0.000166057
5.697434e-07,-0.000142707
5.698434e-07,-0.000123248
5.699434e-07,-0.000107681
5.700434e-07,-9.86006e-05
5.701434e-07,-9.53575e-05
5.702434e-07,-9.86006e-05
5.703434e-07,-0.000108979
5.704434e-07,-0.000125843
5.705434e-07,-0.000149193
5.706434e-07,-0.000177084
5.707434e-07,-0.000208217
5.708434e-07,-0.00024
5.709434e-07,-0.000271134
5.710434e-07,-0.000299024
5.711434e-07,-0.000322375
5.712434e-07,-0.000340536
5.713434e-07,-0.00035286
5.714434e-07,-0.000359995
5.715434e-07,-0.000361292
5.716434e-07,-0.000358697
5.717434e-07,-0.000352211
5.718434e-07,-0.000342482
5.719434e-07,-0.000331455
5.720434e-07,-0.000319131
5.721434e-07,-0.000306159
5.722434e-07,-0.000290592
5.723434e-07,-0.000273728
5.724434e-07,-0.000254918
5.725434e-07,-0.000236108
5.726434e-07,-0.000217947
5.727434e-07,-0.000200434
5.728434e-07,-0.000186164
5.729434e-07,-0.000175786
5.730434e-07,-0.000169949
5.731434e-07,-0.000170597
5.732434e-07,-0.000176435
5.733434e-07,-0.000187462
5.734434e-07,-0.000201083
5.735434e-07,-0.000214704
5.736434e-07,-0.000227027
5.737434e-07,-0.000236757
5.738434e-07,-0.000240648
5.739434e-07,-0.000238703
5.740434e-07,-0.000231568
5.741434e-07,-0.000220541
5.742434e-07,-0.000207569
5.743434e-07,-0.000194596
5.744434e-07,-0.000185516
5.745434e-07,-0.000181624
5.746434e-07,-0.00018357
5.747434e-07,-0.000191353
5.748434e-07,-0.000203677
5.749434e-07,-0.000219244
5.750434e-07,-0.000235459
5.751434e-07,-0.000249729
5.752434e-07,-0.000260756
5.753434e-07,-0.000266593
5.754434e-07,-0.000265945
5.755434e-07,-0.00025881
5.756434e-07,-0.000245837
5.757434e-07,-0.000228325
5.758434e-07,-0.000208217
5.759434e-07,-0.000184867
5.760434e-07,-0.00016022
5.761434e-07,-0.000133626
5.762434e-07,-0.000105087
5.763434e-07,-7.33045e-05
5.764434e-07,-3.89276e-05
5.765434e-07,-1.30762e-06
5.766434e-07,3.89068e-05
5.767434e-07,8.17158e-05
5.768434e-07,0.000123876
5.769434e-07,0.000163442
5.770434e-07,0.000198467
5.771434e-07,0.000227007
5.772434e-07,0.000246465
5.773434e-07,0.000255546
5.774434e-07,0.000254249
5.775434e-07,0.000241925
5.776434e-07,0.00022052
5.777434e-07,0.000191981
5.778434e-07,0.000158253
5.779434e-07,0.000123227
5.780434e-07,8.75533e-05
5.781434e-07,5.38251e-05
5.782434e-07,2.39886e-05
5.783434e-07,-1.95624e-06
5.784434e-07,-2.40093e-05
5.785434e-07,-4.21707e-05
5.786434e-07,-5.64403e-05
5.787434e-07,-6.74669e-05
5.788434e-07,-7.71962e-05
5.789434e-07,-8.4331e-05
5.790434e-07,-9.08172e-05
5.791434e-07,-9.7952e-05
5.792434e-07,-0.000106384
5.793434e-07,-0.000117411
5.794434e-07,-0.00013168
5.795434e-07,-0.000149193
5.796434e-07,-0.000169949
5.797434e-07,-0.000193948
5.798434e-07,-0.000219893
5.799434e-07,-0.000246486
5.800434e-07,-0.000274377
5.801434e-07,-0.000299673
5.802434e-07,-0.000320429
5.803434e-07,-0.000335347
5.804434e-07,-0.000344428
5.805434e-07,-0.000345725
5.806434e-07,-0.000341185
5.807434e-07,-0.000330158
5.808434e-07,-0.000315888
5.809434e-07,-0.000299673
5.810434e-07,-0.000282809
5.811434e-07,-0.000268539
5.812434e-07,-0.000255567
5.813434e-07,-0.000245837
5.814434e-07,-0.000238054
5.815434e-07,-0.000230919
5.816434e-07,-0.000224433
5.817434e-07,-0.00021665
5.818434e-07,-0.000205623
5.819434e-07,-0.000191353
5.820434e-07,-0.000174489
5.821434e-07,-0.000155031
5.822434e-07,-0.000134275
5.823434e-07,-0.000114816
5.824434e-07,-9.73034e-05
5.825434e-07,-8.4331e-05
5.826434e-07,-7.46017e-05
5.827434e-07,-6.87641e-05
5.828434e-07,-6.68183e-05
5.829434e-07,-6.74669e-05
5.830434e-07,-6.94127e-05
5.831434e-07,-7.00614e-05
5.832434e-07,-7.071e-05
5.833434e-07,-7.00614e-05
5.834434e-07,-6.81155e-05
5.835434e-07,-6.5521e-05
5.836434e-07,-6.42238e-05
5.837434e-07,-6.48724e-05
5.838434e-07,-6.94127e-05
5.839434e-07,-7.78448e-05
5.840434e-07,-9.01686e-05
5.841434e-07,-0.000106384
5.842434e-07,-0.0001226
5.843434e-07,-0.000138166
5.844434e-07,-0.000151139
5.845434e-07,-0.000158922
5.846434e-07,-0.00016022
5.847434e-07,-0.000155031
5.848434e-07,-0.000144653
5.849434e-07,-0.000130383
5.850434e-07,-0.00011287
5.851434e-07,-9.47089e-05
5.852434e-07,-7.9142e-05
5.853434e-07,-6.81155e-05
5.854434e-07,-6.16293e-05
5.855434e-07,-6.03321e-05
5.856434e-07,-6.48724e-05
5.857434e-07,-7.52503e-05
5.858434e-07,-8.82227e-05
5.859434e-07,-0.000103141
5.860434e-07,-0.000119356
5.861434e-07,-0.000134923
5.862434e-07,-0.000149842
5.863434e-07,-0.000162165
5.864434e-07,-0.000172543
5.865434e-07,-0.000180327
5.866434e-07,-0.000185516
5.867434e-07,-0.000187462
5.868434e-07,-0.000186813
5.869434e-07,-0.000184867
5.870434e-07,-0.000180975
5.871434e-07,-0.000175138
5.872434e-07,-0.000168652
5.873434e-07,-0.000162165
5.874434e-07,-0.000156328
5.875434e-07,-0.000151787
5.876434e-07,-0.000149842
5.877434e-07,-0.00015049
5.878434e-07,-0.000154382
5.879434e-07,-0.00016022
5.880434e-07,-0.000167354
5.881434e-07,-0.000174489
5.882434e-07,-0.000180975
5.883434e-07,-0.000184219
5.884434e-07,-0.000182921
5.885434e-07,-0.000177732
5.886434e-07,-0.000167354
5.887434e-07,-0.000153085
5.888434e-07,-0.000136221
5.889434e-07,-0.000118708
5.890434e-07,-0.000101195
5.891434e-07,-8.56282e-05
5.892434e-07,-7.39531e-05
5.893434e-07,-6.74669e-05
5.894434e-07,-6.61696e-05
5.895434e-07,-7.00614e-05
5.896434e-07,-7.78448e-05
5.897434e-07,-8.69255e-05
5.898434e-07,-9.7952e-05
5.899434e-07,-0.00010833
5.900434e-07,-0.000116762
5.901434e-07,-0.000123248
5.902434e-07,-0.00012714
5.903434e-07,-0.000127789
5.904434e-07,-0.000127789
5.905434e-07,-0.000126491
5.906434e-07,-0.000125194
5.907434e-07,-0.000123897
5.908434e-07,-0.000123897
5.909434e-07,-0.000125194
5.910434e-07,-0.00012714
5.911434e-07,-0.000129734
5.912434e-07,-0.000132329
5.913434e-07,-0.000134275
5.914434e-07,-0.000136221
5.915434e-07,-0.000136869
5.916434e-07,-0.000136869
5.917434e-07,-0.000138166
5.918434e-07,-0.000138815
5.919434e-07,-0.000140112
5.920434e-07,-0.000140761
5.921434e-07,-0.000140761
5.922434e-07,-0.000140112
5.923434e-07,-0.000138815
5.924434e-07,-0.000135572
5.925434e-07,-0.00013168
5.926434e-07,-0.000125843
5.927434e-07,-0.000119356
5.928434e-07,-0.000113519
5.929434e-07,-0.000108979
5.930434e-07,-0.000105735
5.931434e-07,-0.000104438
5.932434e-07,-0.000105735
5.933434e-07,-0.000109627
5.934434e-07,-0.000114816
5.935434e-07,-0.000121951
5.936434e-07,-0.000128437
5.937434e-07,-0.000132978
5.938434e-07,-0.000134923
5.939434e-07,-0.00013168
5.940434e-07,-0.000125194
5.941434e-07,-0.000114168
5.942434e-07,-0.000101195
5.943434e-07,-8.69255e-05
5.944434e-07,-7.39531e-05
5.945434e-07,-6.35752e-05
5.946434e-07,-5.7089e-05
5.947434e-07,-5.51431e-05
5.948434e-07,-5.83862e-05
5.949434e-07,-6.61696e-05
5.950434e-07,-7.65476e-05
5.951434e-07,-8.75741e-05
5.952434e-07,-9.92493e-05
5.953434e-07,-0.000109627
5.954434e-07,-0.000117411
5.955434e-07,-0.000123248
5.956434e-07,-0.000126491
5.957434e-07,-0.000128437
5.958434e-07,-0.000128437
5.959434e-07,-0.000127789
5.960434e-07,-0.000125194
5.961434e-07,-0.000120654
5.962434e-07,-0.000113519
5.963434e-07,-0.000102492
5.964434e-07,-8.69255e-05
5.965434e-07,-6.81155e-05
5.966434e-07,-4.47652e-05
5.967434e-07,-1.81717e-05
5.968434e-07,9.0703e-06
5.969434e-07,3.56637e-05
5.970434e-07,5.90141e-05
5.971434e-07,7.65268e-05
5.972434e-07,8.62561e-05
5.973434e-07,8.75533e-05
5.974434e-07,7.97699e-05
5.975434e-07,6.4203e-05
5.976434e-07,4.21499e-05
5.977434e-07,1.55565e-05
5.978434e-07,-1.36314e-05
5.979434e-07,-4.15221e-05
5.980434e-07,-6.74669e-05
5.981434e-07,-8.952e-05
5.982434e-07,-0.00010833
5.983434e-07,-0.000123897
5.984434e-07,-0.000138815
5.985434e-07,-0.000153085
5.986434e-07,-0.000166706
5.987434e-07,-0.000180975
5.988434e-07,-0.000195894
5.989434e-07,-0.000210812
5.990434e-07,-0.000223136
5.991434e-07,-0.000232865
5.992434e-07,-0.000238054
5.993434e-07,-0.000237405
5.994434e-07,-0.000231568
5.995434e-07,-0.000219893
5.996434e-07,-0.000204326
5.997434e-07,-0.000185516
5.998434e-07,-0.000165409
5.999434e-07,-0.00014595
6.000434e-07,-0.000128437
6.001434e-07,-0.000113519
6.002434e-07,-0.000102492
6.003434e-07,-9.60062e-05
6.004434e-07,-9.21144e-05
6.005434e-07,-9.08172e-05
6.006434e-07,-9.08172e-05
6.007434e-07,-9.21144e-05
6.008434e-07,-9.47089e-05
6.009434e-07,-9.66548e-05
6.010434e-07,-9.7952e-05
6.011434e-07,-9.7952e-05
6.012434e-07,-9.7952e-05
6.013434e-07,-9.73034e-05
6.014434e-07,-9.66548e-05
6.015434e-07,-9.40603e-05
6.016434e-07,-9.08172e-05
6.017434e-07,-8.62769e-05
6.018434e-07,-7.97907e-05
6.019434e-07,-7.20072e-05
6.020434e-07,-6.29265e-05
6.021434e-07,-5.25486e-05
6.022434e-07,-4.21707e-05
6.023434e-07,-3.24414e-05
6.024434e-07,-2.27121e-05
6.025434e-07,-1.49286e-05
6.026434e-07,-9.09106e-06
6.027434e-07,-5.19934e-06
6.028434e-07,-2.60486e-06
6.029434e-07,-1.95624e-06
6.030434e-07,-1.30762e-06
6.031434e-07,-6.58998e-07
6.032434e-07,-1.03779e-08
6.033434e-07,6.38242e-07
6.034434e-07,-6.58998e-07
6.035434e-07,-3.25348e-06
6.036434e-07,-9.09106e-06
6.037434e-07,-1.88204e-05
6.038434e-07,-3.309e-05
6.039434e-07,-5.12514e-05
6.040434e-07,-7.26558e-05
6.041434e-07,-9.60062e-05
6.042434e-07,-0.000119356
6.043434e-07,-0.000140112
6.044434e-07,-0.000155679
6.045434e-07,-0.00016476
6.046434e-07,-0.000166057
6.047434e-07,-0.000159571
6.048434e-07,-0.00014595
6.049434e-07,-0.000126491
6.050434e-07,-0.00010379
6.051434e-07,-8.10879e-05
6.052434e-07,-5.90348e-05
6.053434e-07,-4.08734e-05
6.054434e-07,-2.53066e-05
6.055434e-07,-1.29828e-05
6.056434e-07,-3.25348e-06
6.057434e-07,4.52996e-06
6.058434e-07,1.16648e-05
6.059434e-07,2.00968e-05
6.060434e-07,2.98261e-05
6.061434e-07,4.08527e-05
6.062434e-07,5.18792e-05
6.063434e-07,6.29058e-05
6.064434e-07,7.19865e-05
6.065434e-07,7.7824e-05
6.066434e-07,7.97699e-05
6.067434e-07,7.7824e-05
6.068434e-07,7.26351e-05
6.069434e-07,6.55003e-05
6.070434e-07,5.77168e-05
6.071434e-07,4.99334e-05
6.072434e-07,4.27986e-05
6.073434e-07,3.82582e-05
6.074434e-07,3.50151e-05
6.075434e-07,3.37179e-05
6.076434e-07,3.24206e-05
6.077434e-07,3.04748e-05
6.078434e-07,2.59344e-05
6.079434e-07,1.87996e-05
6.080434e-07,8.42168e-06
6.081434e-07,-5.19934e-06
6.082434e-07,-2.20635e-05
6.083434e-07,-4.02248e-05
6.084434e-07,-5.83862e-05
6.085434e-07,-7.71962e-05
6.086434e-07,-9.47089e-05
6.087434e-07,-0.000110924
6.088434e-07,-0.000125843
6.089434e-07,-0.000140112
6.090434e-07,-0.000154382
6.091434e-07,-0.000168003
6.092434e-07,-0.000182921
6.093434e-07,-0.00019784
6.094434e-07,-0.000212758
6.095434e-07,-0.000227676
6.096434e-07,-0.000241297
6.097434e-07,-0.000252324
6.098434e-07,-0.000260107
6.099434e-07,-0.000263999
6.100434e-07,-0.000264647
6.101434e-07,-0.000262053
6.102434e-07,-0.000257513
6.103434e-07,-0.000251675
6.104434e-07,-0.000246486
6.105434e-07,-0.000242594
6.106434e-07,-0.000240648
6.107434e-07,-0.000240648
6.108434e-07,-0.000242594
6.109434e-07,-0.000245837
6.110434e-07,-0.000248432
6.111434e-07,-0.000249729
6.112434e-07,-0.000247135
6.113434e-07,-0.000239351
6.114434e-07,-0.00022573
6.115434e-07,-0.000204974
6.116434e-07,-0.000179678
6.117434e-07,-0.00015049
6.118434e-07,-0.000118708
6.119434e-07,-8.75741e-05
6.120434e-07,-5.77376e-05
6.121434e-07,-3.24414e-05
6.122434e-07,-1.23342e-05
6.123434e-07,2.5841e-06
6.124434e-07,1.16648e-05
6.125434e-07,1.55565e-05
6.126434e-07,1.49079e-05
6.127434e-07,1.16648e-05
6.128434e-07,7.12444e-06
6.129434e-07,6.38242e-07
6.130434e-07,-5.84796e-06
6.131434e-07,-1.29828e-05
6.132434e-07,-2.01176e-05
6.133434e-07,-2.66038e-05
6.134434e-07,-3.24414e-05
6.135434e-07,-3.69817e-05
6.136434e-07,-4.08734e-05
6.137434e-07,-4.28193e-05
6.138434e-07,-4.21707e-05
6.139434e-07,-3.8279e-05
6.140434e-07,-3.11441e-05
6.141434e-07,-2.01176e-05
6.142434e-07,-5.84796e-06
6.143434e-07,1.03675e-05
6.144434e-07,2.78803e-05
6.145434e-07,4.47444e-05
6.146434e-07,6.09599e-05
6.147434e-07,7.39323e-05
6.148434e-07,8.36616e-05
6.149434e-07,8.94992e-05
6.150434e-07,9.07964e-05
6.151434e-07,8.94992e-05
6.152434e-07,8.56075e-05
6.153434e-07,8.04185e-05
6.154434e-07,7.52296e-05
6.155434e-07,7.00406e-05
6.156434e-07,6.55003e-05
6.157434e-07,6.22572e-05
6.158434e-07,6.03113e-05
6.159434e-07,5.90141e-05
6.160434e-07,5.77168e-05
6.161434e-07,5.5771e-05
6.162434e-07,5.25279e-05
6.163434e-07,4.73389e-05
6.164434e-07,4.02041e-05
6.165434e-07,3.30692e-05
6.166434e-07,2.59344e-05
6.167434e-07,1.87996e-05
6.168434e-07,1.2962e-05
6.169434e-07,8.42168e-06
6.170434e-07,5.8272e-06
6.171434e-07,5.8272e-06
6.172434e-07,7.77306e-06
6.173434e-07,1.23134e-05
6.174434e-07,1.75024e-05
6.175434e-07,2.39886e-05
6.176434e-07,2.98261e-05
6.177434e-07,3.50151e-05
6.178434e-07,3.95555e-05
6.179434e-07,4.27986e-05
6.180434e-07,4.47444e-05
6.181434e-07,4.47444e-05
6.182434e-07,4.47444e-05
6.183434e-07,4.47444e-05
6.184434e-07,4.34472e-05
6.185434e-07,4.15013e-05
6.186434e-07,3.95555e-05
6.187434e-07,3.6961e-05
6.188434e-07,3.24206e-05
6.189434e-07,2.72317e-05
6.190434e-07,2.07455e-05
6.191434e-07,1.36106e-05
6.192434e-07,5.17858e-06
6.193434e-07,-2.60486e-06
6.194434e-07,-1.10369e-05
6.195434e-07,-1.88204e-05
6.196434e-07,-2.72524e-05
6.197434e-07,-3.43872e-05
6.198434e-07,-4.08734e-05
6.199434e-07,-4.54138e-05
6.200434e-07,-4.99541e-05
6.201434e-07,-5.38459e-05
6.202434e-07,-5.77376e-05
6.203434e-07,-6.03321e-05
6.204434e-07,-6.09807e-05
6.205434e-07,-5.96834e-05
6.206434e-07,-5.64403e-05
6.207434e-07,-5.06027e-05
6.208434e-07,-4.28193e-05
6.209434e-07,-3.309e-05
6.210434e-07,-2.14148e-05
6.211434e-07,-8.44244e-06
6.212434e-07,3.88134e-06
6.213434e-07,1.55565e-05
6.214434e-07,2.59344e-05
6.215434e-07,3.50151e-05
6.216434e-07,4.21499e-05
6.217434e-07,4.73389e-05
6.218434e-07,5.12306e-05
6.219434e-07,5.38251e-05
6.220434e-07,5.44737e-05
6.221434e-07,5.38251e-05
6.222434e-07,5.18792e-05
6.223434e-07,4.86361e-05
6.224434e-07,4.40958e-05
6.225434e-07,3.89068e-05
6.226434e-07,3.24206e-05
6.227434e-07,2.46372e-05
6.228434e-07,1.68537e-05
6.229434e-07,9.71892e-06
6.230434e-07,5.17858e-06
6.231434e-07,3.23272e-06
6.232434e-07,5.17858e-06
6.233434e-07,1.03675e-05
6.234434e-07,2.07455e-05
6.235434e-07,3.50151e-05
6.236434e-07,5.18792e-05
6.237434e-07,7.00406e-05
6.238434e-07,8.88506e-05
6.239434e-07,0.000105715
6.240434e-07,0.000119336
6.241434e-07,0.000129065
6.242434e-07,0.000133605
6.243434e-07,0.000132957
6.244434e-07,0.000127119
6.245434e-07,0.000116741
6.246434e-07,0.00010312
6.247434e-07,8.75533e-05
6.248434e-07,7.13378e-05
6.249434e-07,5.5771e-05
6.250434e-07,4.34472e-05
6.251434e-07,3.30692e-05
6.252434e-07,2.52858e-05
6.253434e-07,1.94482e-05
6.254434e-07,1.55565e-05
6.255434e-07,1.10162e-05
6.256434e-07,6.47582e-06
6.257434e-07,6.38242e-07
6.258434e-07,-6.49658e-06
6.259434e-07,-1.49286e-05
6.260434e-07,-2.59552e-05
6.261434e-07,-3.76303e-05
6.262434e-07,-4.93055e-05
6.263434e-07,-6.03321e-05
6.264434e-07,-6.94127e-05
6.265434e-07,-7.58989e-05
6.266434e-07,-7.9142e-05
6.267434e-07,-7.97907e-05
6.268434e-07,-7.84934e-05
6.269434e-07,-7.52503e-05
6.270434e-07,-7.071e-05
6.271434e-07,-6.61696e-05
6.272434e-07,-6.16293e-05
6.273434e-07,-5.77376e-05
6.274434e-07,-5.31972e-05
6.275434e-07,-4.86569e-05
6.276434e-07,-4.28193e-05
6.277434e-07,-3.56845e-05
6.278434e-07,-2.66038e-05
6.279434e-07,-1.55773e-05
6.280434e-07,-3.9021e-06
6.281434e-07,7.77306e-06
6.282434e-07,1.94482e-05
6.283434e-07,2.98261e-05
6.284434e-07,3.6961e-05
6.285434e-07,4.02041e-05
6.286434e-07,3.95555e-05
6.287434e-07,3.50151e-05
6.288434e-07,2.72317e-05
6.289434e-07,1.75024e-05
6.290434e-07,6.47582e-06
6.291434e-07,-3.25348e-06
6.292434e-07,-1.23342e-05
6.293434e-07,-1.9469e-05
6.294434e-07,-2.40093e-05
6.295434e-07,-2.66038e-05
6.296434e-07,-2.7901e-05
6.297434e-07,-2.91983e-05
6.298434e-07,-3.04955e-05
6.299434e-07,-3.11441e-05
6.300434e-07,-3.37386e-05
6.301434e-07,-3.69817e-05
6.302434e-07,-4.15221e-05
6.303434e-07,-4.60624e-05
6.304434e-07,-4.99541e-05
6.305434e-07,-5.38459e-05
6.306434e-07,-5.64403e-05
6.307434e-07,-5.7089e-05
6.308434e-07,-5.57917e-05
6.309434e-07,-5.38459e-05
6.310434e-07,-5.06027e-05
6.311434e-07,-4.73596e-05
6.312434e-07,-4.47652e-05
6.313434e-07,-4.28193e-05
6.314434e-07,-4.08734e-05
6.315434e-07,-3.95762e-05
6.316434e-07,-3.8279e-05
6.317434e-07,-3.63331e-05
6.318434e-07,-3.24414e-05
6.319434e-07,-2.7901e-05
6.320434e-07,-2.40093e-05
6.321434e-07,-1.9469e-05
6.322434e-07,-1.55773e-05
6.323434e-07,-1.29828e-05
6.324434e-07,-1.16855e-05
6.325434e-07,-1.23342e-05
6.326434e-07,-1.55773e-05
6.327434e-07,-1.88204e-05
6.328434e-07,-2.27121e-05
6.329434e-07,-2.53066e-05
6.330434e-07,-2.46579e-05
6.331434e-07,-2.14148e-05
6.332434e-07,-1.36314e-05
6.333434e-07,-2.60486e-06
6.334434e-07,1.16648e-05
6.335434e-07,2.72317e-05
6.336434e-07,4.34472e-05
6.337434e-07,5.77168e-05
6.338434e-07,6.87434e-05
6.339434e-07,7.58782e-05
6.340434e-07,7.91213e-05
6.341434e-07,7.7824e-05
6.342434e-07,7.39323e-05
6.343434e-07,6.87434e-05
6.344434e-07,6.4203e-05
6.345434e-07,6.16085e-05
6.346434e-07,6.22572e-05
6.347434e-07,6.80947e-05
6.348434e-07,7.71754e-05
6.349434e-07,9.01478e-05
6.350434e-07,0.000104417
6.351434e-07,0.000119984
6.352434e-07,0.000133605
6.353434e-07,0.000144632
6.354434e-07,0.000151767
6.355434e-07,0.000154361
6.356434e-07,0.000152415
6.357434e-07,0.000147226
6.358434e-07,0.000140092
6.359434e-07,0.00013166
6.360434e-07,0.000123227
6.361434e-07,0.000115444
6.362434e-07,0.000108958
6.363434e-07,0.000104417
6.364434e-07,0.000100526
6.365434e-07,9.79313e-05
6.366434e-07,9.46882e-05
6.367434e-07,9.07964e-05
6.368434e-07,8.62561e-05
6.369434e-07,7.97699e-05
6.370434e-07,7.19865e-05
6.371434e-07,6.35544e-05
6.372434e-07,5.38251e-05
6.373434e-07,4.34472e-05
6.374434e-07,3.37179e-05
6.375434e-07,2.46372e-05
6.376434e-07,1.68537e-05
6.377434e-07,1.16648e-05
6.378434e-07,7.77306e-06
6.379434e-07,6.47582e-06
6.380434e-07,7.12444e-06
6.381434e-07,9.71892e-06
6.382434e-07,1.49079e-05
6.383434e-07,2.07455e-05
6.384434e-07,2.85289e-05
6.385434e-07,3.56637e-05
6.386434e-07,4.34472e-05
6.387434e-07,4.99334e-05
6.388434e-07,5.5771e-05
6.389434e-07,5.96627e-05
6.390434e-07,6.35544e-05
6.391434e-07,6.55003e-05
6.392434e-07,6.74461e-05
6.393434e-07,6.87434e-05
6.394434e-07,7.06892e-05
6.395434e-07,7.19865e-05
6.396434e-07,7.45809e-05
6.397434e-07,7.7824e-05
6.398434e-07,8.3013e-05
6.399434e-07,8.8202e-05
6.400434e-07,9.33909e-05
6.401434e-07,9.72826e-05
6.402434e-07,9.79313e-05
6.403434e-07,9.53368e-05
6.404434e-07,8.8202e-05
6.405434e-07,7.71754e-05
6.406434e-07,6.35544e-05
6.407434e-07,4.73389e-05
6.408434e-07,3.04748e-05
6.409434e-07,1.2962e-05
6.410434e-07,-2.60486e-06
6.411434e-07,-1.49286e-05
6.412434e-07,-2.33607e-05
6.413434e-07,-2.91983e-05
6.414434e-07,-3.24414e-05
6.415434e-07,-3.309e-05
6.416434e-07,-3.309e-05
6.417434e-07,-3.24414e-05
6.418434e-07,-3.24414e-05
6.419434e-07,-3.37386e-05
6.420434e-07,-3.63331e-05
6.421434e-07,-3.95762e-05
6.422434e-07,-4.28193e-05
6.423434e-07,-4.41165e-05
6.424434e-07,-4.28193e-05
6.425434e-07,-3.89276e-05
6.426434e-07,-3.11441e-05
6.427434e-07,-2.01176e-05
6.428434e-07,-7.1452e-06
6.429434e-07,8.42168e-06
6.430434e-07,2.46372e-05
6.431434e-07,4.08527e-05
6.432434e-07,5.5771e-05
6.433434e-07,6.80947e-05
6.434434e-07,7.84727e-05
6.435434e-07,8.75533e-05
6.436434e-07,9.59854e-05
6.437434e-07,0.00010312
6.438434e-07,0.000110904
6.439434e-07,0.000119984
6.440434e-07,0.000129065
6.441434e-07,0.000137497
6.442434e-07,0.000145281
6.443434e-07,0.000151118
6.444434e-07,0.000153713
6.445434e-07,0.000151118
6.446434e-07,0.000144632
6.447434e-07,0.000134254
6.448434e-07,0.000121282
6.449434e-07,0.000107012
6.450434e-07,9.33909e-05
6.451434e-07,8.36616e-05
6.452434e-07,7.91213e-05
6.453434e-07,8.10671e-05
6.454434e-07,8.88506e-05
6.455434e-07,0.00010312
6.456434e-07,0.000121282
6.457434e-07,0.000142037
6.458434e-07,0.000162793
6.459434e-07,0.000180306
6.460434e-07,0.000193927
6.461434e-07,0.00020171
6.462434e-07,0.000203656
6.463434e-07,0.000200413
6.464434e-07,0.000193278
6.465434e-07,0.000183549
6.466434e-07,0.000174468
6.467434e-07,0.000166685
6.468434e-07,0.000162145
6.469434e-07,0.000160847
6.470434e-07,0.000162793
6.471434e-07,0.000166036
6.472434e-07,0.000170577
6.473434e-07,0.000174468
6.474434e-07,0.000177063
6.475434e-07,0.000177712
6.476434e-07,0.000176414
6.477434e-07,0.000173171
6.478434e-07,0.000168631
6.479434e-07,0.000162793
6.480434e-07,0.000156956
6.481434e-07,0.000151118
6.482434e-07,0.000143983
6.483434e-07,0.000136848
6.484434e-07,0.000128416
6.485434e-07,0.000118038
6.486434e-07,0.000106363
6.487434e-07,9.20937e-05
6.488434e-07,7.52296e-05
6.489434e-07,5.77168e-05
6.490434e-07,4.08527e-05
6.491434e-07,2.72317e-05
6.492434e-07,1.62051e-05
6.493434e-07,1.10162e-05
6.494434e-07,1.10162e-05
6.495434e-07,1.55565e-05
6.496434e-07,2.33399e-05
6.497434e-07,3.43665e-05
6.498434e-07,4.66903e-05
6.499434e-07,5.90141e-05
6.500434e-07,6.87434e-05
6.501434e-07,7.65268e-05
6.502434e-07,8.17158e-05
6.503434e-07,8.43102e-05
6.504434e-07,8.62561e-05
6.505434e-07,8.8202e-05
6.506434e-07,9.07964e-05
6.507434e-07,9.46882e-05
6.508434e-07,9.98771e-05
6.509434e-07,0.000106363
6.510434e-07,0.000113498
6.511434e-07,0.000119984
6.512434e-07,0.000123227
6.513434e-07,0.000122579
6.514434e-07,0.000118687
6.515434e-07,0.000111552
6.516434e-07,0.000100526
6.517434e-07,8.75533e-05
6.518434e-07,7.39323e-05
6.519434e-07,6.09599e-05
6.520434e-07,4.86361e-05
6.521434e-07,3.82582e-05
6.522434e-07,3.04748e-05
6.523434e-07,2.46372e-05
6.524434e-07,2.00968e-05
6.525434e-07,1.62051e-05
6.526434e-07,1.03675e-05
6.527434e-07,3.23272e-06
6.528434e-07,-5.84796e-06
6.529434e-07,-1.62259e-05
6.530434e-07,-2.66038e-05
6.531434e-07,-3.63331e-05
6.532434e-07,-4.34679e-05
6.533434e-07,-4.60624e-05
6.534434e-07,-4.41165e-05
6.535434e-07,-3.76303e-05
6.536434e-07,-2.7901e-05
6.537434e-07,-1.49286e-05
6.538434e-07,-6.58998e-07
6.539434e-07,1.2962e-05
6.540434e-07,2.6583e-05
6.541434e-07,3.82582e-05
6.542434e-07,4.92848e-05
6.543434e-07,5.90141e-05
6.544434e-07,6.80947e-05
6.545434e-07,7.84727e-05
6.546434e-07,9.01478e-05
6.547434e-07,0.000103769
6.548434e-07,0.00011739
6.549434e-07,0.000131011
6.550434e-07,0.000142037
6.551434e-07,0.000148524
6.552434e-07,0.000148524
6.553434e-07,0.000142037
6.554434e-07,0.000128416
6.555434e-07,0.000108958
6.556434e-07,8.62561e-05
6.557434e-07,6.22572e-05
6.558434e-07,4.15013e-05
6.559434e-07,2.59344e-05
6.560434e-07,1.75024e-05
6.561434e-07,1.68537e-05
6.562434e-07,2.59344e-05
6.563434e-07,4.34472e-05
6.564434e-07,6.61489e-05
6.565434e-07,9.20937e-05
6.566434e-07,0.000118038
6.567434e-07,0.000142037
6.568434e-07,0.000160847
6.569434e-07,0.00017382
6.570434e-07,0.000181603
6.571434e-07,0.000184846
6.572434e-07,0.000185495
6.573434e-07,0.000183549
6.574434e-07,0.000180955
6.575434e-07,0.000177712
6.576434e-07,0.000173171
6.577434e-07,0.000167334
6.578434e-07,0.000158902
6.579434e-07,0.000147875
6.580434e-07,0.000132957
6.581434e-07,0.000114795
6.582434e-07,9.33909e-05
6.583434e-07,7.19865e-05
6.584434e-07,5.0582e-05
6.585434e-07,3.24206e-05
6.586434e-07,1.87996e-05
6.587434e-07,1.16648e-05
6.588434e-07,1.10162e-05
6.589434e-07,1.68537e-05
6.590434e-07,2.59344e-05
6.591434e-07,3.6961e-05
6.592434e-07,4.5393e-05
6.593434e-07,4.92848e-05
6.594434e-07,4.66903e-05
6.595434e-07,3.6961e-05
6.596434e-07,2.00968e-05
6.597434e-07,-2.60486e-06
6.598434e-07,-2.85497e-05
6.599434e-07,-5.44945e-05
6.600434e-07,-7.84934e-05
6.601434e-07,-9.66548e-05
6.602434e-07,-0.000107033
6.603434e-07,-0.000108979
6.604434e-07,-0.000103141
6.605434e-07,-9.01686e-05
6.606434e-07,-7.26558e-05
6.607434e-07,-5.25486e-05
6.608434e-07,-3.11441e-05
6.609434e-07,-1.16855e-05
6.610434e-07,5.8272e-06
6.611434e-07,2.00968e-05
6.612434e-07,3.24206e-05
6.613434e-07,4.34472e-05
6.614434e-07,5.38251e-05
6.615434e-07,6.61489e-05
6.616434e-07,7.91213e-05
6.617434e-07,9.33909e-05
6.618434e-07,0.000108958
6.619434e-07,0.000125173
6.620434e-07,0.000141389
6.621434e-07,0.000155658
6.622434e-07,0.000169279
6.623434e-07,0.000182252
6.624434e-07,0.000193927
6.625434e-07,0.000204305
6.626434e-07,0.000214683
6.627434e-07,0.000224412
6.628434e-07,0.000232196
6.629434e-07,0.000238033
6.630434e-07,0.000239979
6.631434e-07,0.000236736
6.632434e-07,0.000226358
6.633434e-07,0.000208197
6.634434e-07,0.000183549
6.635434e-07,0.000152415
6.636434e-07,0.000118038
6.637434e-07,8.23644e-05
6.638434e-07,4.99334e-05
6.639434e-07,2.39886e-05
6.640434e-07,7.77306e-06
6.641434e-07,2.5841e-06
6.642434e-07,9.0703e-06
6.643434e-07,2.52858e-05
6.644434e-07,4.79875e-05
6.645434e-07,7.32837e-05
6.646434e-07,9.92285e-05
6.647434e-07,0.00012193
6.648434e-07,0.000137497
6.649434e-07,0.000144632
6.650434e-07,0.000142686
6.651434e-07,0.000133605
6.652434e-07,0.000118687
6.653434e-07,0.000101823
6.654434e-07,8.49589e-05
6.655434e-07,7.00406e-05
6.656434e-07,5.83654e-05
6.657434e-07,5.0582e-05
6.658434e-07,4.60417e-05
6.659434e-07,4.47444e-05
6.660434e-07,4.5393e-05
6.661434e-07,4.66903e-05
6.662434e-07,4.92848e-05
6.663434e-07,5.25279e-05
6.664434e-07,5.64196e-05
6.665434e-07,6.22572e-05
6.666434e-07,7.06892e-05
6.667434e-07,8.3013e-05
6.668434e-07,9.92285e-05
6.669434e-07,0.000118038
6.670434e-07,0.000138146
6.671434e-07,0.000157604
6.672434e-07,0.00017382
6.673434e-07,0.000184846
6.674434e-07,0.000187441
6.675434e-07,0.000181603
6.676434e-07,0.000167982
6.677434e-07,0.000147875
6.678434e-07,0.000123227
6.679434e-07,9.85799e-05
6.680434e-07,7.58782e-05
6.681434e-07,5.83654e-05
6.682434e-07,4.86361e-05
6.683434e-07,4.79875e-05
6.684434e-07,5.64196e-05
6.685434e-07,7.26351e-05
6.686434e-07,9.40395e-05
6.687434e-07,0.000116741
6.688434e-07,0.000138794
6.689434e-07,0.000156956
6.690434e-07,0.000169928
6.691434e-07,0.000176414
6.692434e-07,0.000177063
6.693434e-07,0.000171225
6.694434e-07,0.000160847
6.695434e-07,0.000146578
6.696434e-07,0.000131011
6.697434e-07,0.000114795
6.698434e-07,9.92285e-05
6.699434e-07,8.49589e-05
6.700434e-07,7.13378e-05
6.701434e-07,5.96627e-05
6.702434e-07,4.92848e-05
6.703434e-07,4.15013e-05
6.704434e-07,3.6961e-05
6.705434e-07,3.63124e-05
6.706434e-07,4.08527e-05
6.707434e-07,5.25279e-05
6.708434e-07,7.06892e-05
6.709434e-07,9.46882e-05
6.710434e-07,0.000122579
6.711434e-07,0.000151118
6.712434e-07,0.000177712
6.713434e-07,0.000197819
6.714434e-07,0.000210143
6.715434e-07,0.000212088
6.716434e-07,0.000203656
6.717434e-07,0.000184846
6.718434e-07,0.000158253
6.719434e-07,0.000127768
6.720434e-07,9.6634e-05
6.721434e-07,6.87434e-05
6.722434e-07,4.79875e-05
6.723434e-07,3.63124e-05
6.724434e-07,3.50151e-05
6.725434e-07,4.27986e-05
6.726434e-07,5.77168e-05
6.727434e-07,7.71754e-05
6.728434e-07,9.85799e-05
6.729434e-07,0.000118038
6.730434e-07,0.000134254
6.731434e-07,0.000146578
6.732434e-07,0.000153713
6.733434e-07,0.000157604
6.734434e-07,0.000158253
6.735434e-07,0.000157604
6.736434e-07,0.000156956
6.737434e-07,0.000156307
6.738434e-07,0.000156307
6.739434e-07,0.000156956
6.740434e-07,0.000156307
6.741434e-07,0.000152415
6.742434e-07,0.000146578
6.743434e-07,0.000136848
6.744434e-07,0.000123876
6.745434e-07,0.000108309
6.746434e-07,9.33909e-05
6.747434e-07,8.10671e-05
6.748434e-07,7.26351e-05
6.749434e-07,6.9392e-05
6.750434e-07,7.13378e-05
6.751434e-07,7.97699e-05
6.752434e-07,9.14451e-05
6.753434e-07,0.000106363
6.754434e-07,0.000121282
6.755434e-07,0.000134903
6.756434e-07,0.000145281
6.757434e-07,0.000150469
6.758434e-07,0.000150469
6.759434e-07,0.000146578
6.760434e-07,0.000139443
6.761434e-07,0.000130362
6.762434e-07,0.000119984
6.763434e-07,0.000110255
6.764434e-07,0.000100526
6.765434e-07,9.01478e-05
6.766434e-07,7.91213e-05
6.767434e-07,6.80947e-05
6.768434e-07,5.44737e-05
6.769434e-07,3.82582e-05
6.770434e-07,2.00968e-05
6.771434e-07,1.28686e-06
6.772434e-07,-1.75231e-05
6.773434e-07,-3.37386e-05
6.774434e-07,-4.6711e-05
6.775434e-07,-5.44945e-05
6.776434e-07,-5.64403e-05
6.777434e-07,-5.31972e-05
6.778434e-07,-4.54138e-05
6.779434e-07,-3.43872e-05
6.780434e-07,-2.14148e-05
6.781434e-07,-9.09106e-06
6.782434e-07,2.5841e-06
6.783434e-07,1.23134e-05
6.784434e-07,2.07455e-05
6.785434e-07,2.85289e-05
6.786434e-07,3.6961e-05
6.787434e-07,4.73389e-05
6.788434e-07,6.09599e-05
6.789434e-07,7.84727e-05
6.790434e-07,9.85799e-05
6.791434e-07,0.000121282
6.792434e-07,0.000144632
6.793434e-07,0.000165388
6.794434e-07,0.000181603
6.795434e-07,0.000191333
6.796434e-07,0.00019263
6.797434e-07,0.000185495
6.798434e-07,0.000171225
6.799434e-07,0.000150469
6.800434e-07,0.000125822
6.801434e-07,0.000100526
6.802434e-07,7.65268e-05
6.803434e-07,5.64196e-05
6.804434e-07,4.15013e-05
6.805434e-07,3.1772e-05
6.806434e-07,2.78803e-05
6.807434e-07,2.78803e-05
6.808434e-07,3.04748e-05
6.809434e-07,3.43665e-05
6.810434e-07,3.82582e-05
6.811434e-07,4.21499e-05
6.812434e-07,4.47444e-05
6.813434e-07,4.66903e-05
6.814434e-07,4.92848e-05
6.815434e-07,5.25279e-05
6.816434e-07,5.64196e-05
6.817434e-07,6.09599e-05
6.818434e-07,6.67975e-05
6.819434e-07,7.32837e-05
6.820434e-07,7.97699e-05
6.821434e-07,8.49589e-05
6.822434e-07,8.94992e-05
6.823434e-07,9.27423e-05
6.824434e-07,9.46882e-05
6.825434e-07,9.59854e-05
6.826434e-07,9.85799e-05
6.827434e-07,0.000103769
6.828434e-07,0.00011285
