LECROYWaveRunner‘N,20113,Waveform
Segments,1,SegmentSize,2002
Segment,TrigTime,TimeSinceSegment1
#1,01-Oct-2018 13:41:14,0                 
Time,Ampl
4.827005e-07,-6.48724e-05
4.828005e-07,-6.29265e-05
4.829005e-07,-6.5521e-05
4.830005e-07,-7.13586e-05
4.831005e-07,-8.17365e-05
4.832005e-07,-9.40603e-05
4.833005e-07,-0.000107681
4.834005e-07,-0.000120005
4.835005e-07,-0.000128437
4.836005e-07,-0.000132329
4.837005e-07,-0.000130383
4.838005e-07,-0.000123897
4.839005e-07,-0.00011287
4.840005e-07,-9.86006e-05
4.841005e-07,-8.30338e-05
4.842005e-07,-6.68183e-05
4.843005e-07,-5.19e-05
4.844005e-07,-3.89276e-05
4.845005e-07,-2.91983e-05
4.846005e-07,-2.07662e-05
4.847005e-07,-1.29828e-05
4.848005e-07,-6.49658e-06
4.849005e-07,-1.03779e-08
4.850005e-07,6.47582e-06
4.851005e-07,1.2962e-05
4.852005e-07,2.00968e-05
4.853005e-07,2.59344e-05
4.854005e-07,3.04748e-05
4.855005e-07,3.30692e-05
4.856005e-07,3.24206e-05
4.857005e-07,3.04748e-05
4.858005e-07,2.72317e-05
4.859005e-07,2.33399e-05
4.860005e-07,2.00968e-05
4.861005e-07,1.8151e-05
4.862005e-07,1.8151e-05
4.863005e-07,1.94482e-05
4.864005e-07,2.33399e-05
4.865005e-07,2.72317e-05
4.866005e-07,3.11234e-05
4.867005e-07,3.30692e-05
4.868005e-07,3.24206e-05
4.869005e-07,2.85289e-05
4.870005e-07,2.26913e-05
4.871005e-07,1.36106e-05
4.872005e-07,3.88134e-06
4.873005e-07,-5.84796e-06
4.874005e-07,-1.428e-05
4.875005e-07,-2.01176e-05
4.876005e-07,-2.20635e-05
4.877005e-07,-2.07662e-05
4.878005e-07,-1.68745e-05
4.879005e-07,-1.23342e-05
4.880005e-07,-7.79382e-06
4.881005e-07,-5.84796e-06
4.882005e-07,-7.1452e-06
4.883005e-07,-1.29828e-05
4.884005e-07,-2.20635e-05
4.885005e-07,-3.37386e-05
4.886005e-07,-4.6711e-05
4.887005e-07,-5.96834e-05
4.888005e-07,-7.071e-05
4.889005e-07,-7.71962e-05
4.890005e-07,-8.04393e-05
4.891005e-07,-7.9142e-05
4.892005e-07,-7.52503e-05
4.893005e-07,-6.74669e-05
4.894005e-07,-5.83862e-05
4.895005e-07,-4.6711e-05
4.896005e-07,-3.43872e-05
4.897005e-07,-2.07662e-05
4.898005e-07,-4.55072e-06
4.899005e-07,1.36106e-05
4.900005e-07,3.43665e-05
4.901005e-07,5.77168e-05
4.902005e-07,8.17158e-05
4.903005e-07,0.000105066
4.904005e-07,0.000125173
4.905005e-07,0.000141389
4.906005e-07,0.000149821
4.907005e-07,0.000149821
4.908005e-07,0.000141389
4.909005e-07,0.000124525
4.910005e-07,0.000101174
4.911005e-07,7.32837e-05
4.912005e-07,4.47444e-05
4.913005e-07,1.8151e-05
4.914005e-07,-1.95624e-06
4.915005e-07,-1.49286e-05
4.916005e-07,-1.88204e-05
4.917005e-07,-1.49286e-05
4.918005e-07,-3.9021e-06
4.919005e-07,1.23134e-05
4.920005e-07,2.98261e-05
4.921005e-07,4.66903e-05
4.922005e-07,5.96627e-05
4.923005e-07,6.74461e-05
4.924005e-07,6.87434e-05
4.925005e-07,6.48516e-05
4.926005e-07,5.64196e-05
4.927005e-07,4.5393e-05
4.928005e-07,3.43665e-05
4.929005e-07,2.52858e-05
4.930005e-07,1.94482e-05
4.931005e-07,1.62051e-05
4.932005e-07,1.55565e-05
4.933005e-07,1.62051e-05
4.934005e-07,1.8151e-05
4.935005e-07,1.87996e-05
4.936005e-07,1.68537e-05
4.937005e-07,1.2962e-05
4.938005e-07,7.12444e-06
4.939005e-07,-1.03779e-08
4.940005e-07,-7.79382e-06
4.941005e-07,-1.428e-05
4.942005e-07,-1.81717e-05
4.943005e-07,-1.88204e-05
4.944005e-07,-1.55773e-05
4.945005e-07,-9.73968e-06
4.946005e-07,-1.30762e-06
4.947005e-07,8.42168e-06
4.948005e-07,1.75024e-05
4.949005e-07,2.52858e-05
4.950005e-07,3.04748e-05
4.951005e-07,3.24206e-05
4.952005e-07,3.24206e-05
4.953005e-07,3.04748e-05
4.954005e-07,2.72317e-05
4.955005e-07,2.33399e-05
4.956005e-07,1.87996e-05
4.957005e-07,1.36106e-05
4.958005e-07,7.12444e-06
4.959005e-07,-2.60486e-06
4.960005e-07,-1.68745e-05
4.961005e-07,-3.63331e-05
4.962005e-07,-6.16293e-05
4.963005e-07,-9.21144e-05
4.964005e-07,-0.00012714
4.965005e-07,-0.000163463
4.966005e-07,-0.000198488
4.967005e-07,-0.000229622
4.968005e-07,-0.000252972
4.969005e-07,-0.000265945
4.970005e-07,-0.000266593
4.971005e-07,-0.000256215
4.972005e-07,-0.000234811
4.973005e-07,-0.000204326
4.974005e-07,-0.000167354
4.975005e-07,-0.00012714
4.976005e-07,-8.75741e-05
4.977005e-07,-4.93055e-05
4.978005e-07,-1.428e-05
4.979005e-07,1.62051e-05
4.980005e-07,4.02041e-05
4.981005e-07,5.90141e-05
4.982005e-07,7.26351e-05
4.983005e-07,8.17158e-05
4.984005e-07,8.62561e-05
4.985005e-07,8.62561e-05
4.986005e-07,8.10671e-05
4.987005e-07,7.06892e-05
4.988005e-07,5.44737e-05
4.989005e-07,3.43665e-05
4.990005e-07,1.16648e-05
4.991005e-07,-1.36314e-05
4.992005e-07,-3.89276e-05
4.993005e-07,-6.22779e-05
4.994005e-07,-8.17365e-05
4.995005e-07,-9.66548e-05
4.996005e-07,-0.000105735
4.997005e-07,-0.000108979
4.998005e-07,-0.00010833
4.999005e-07,-0.00010379
5.000005e-07,-9.7952e-05
5.001005e-07,-9.14658e-05
5.002005e-07,-8.49796e-05
5.003005e-07,-7.97907e-05
5.004005e-07,-7.46017e-05
5.005005e-07,-6.87641e-05
5.006005e-07,-6.03321e-05
5.007005e-07,-4.86569e-05
5.008005e-07,-3.24414e-05
5.009005e-07,-1.23342e-05
5.010005e-07,1.23134e-05
5.011005e-07,3.82582e-05
5.012005e-07,6.48516e-05
5.013005e-07,8.8202e-05
5.014005e-07,0.000107012
5.015005e-07,0.00011739
5.016005e-07,0.000119336
5.017005e-07,0.000112201
5.018005e-07,9.72826e-05
5.019005e-07,7.65268e-05
5.020005e-07,5.25279e-05
5.021005e-07,2.91775e-05
5.022005e-07,9.0703e-06
5.023005e-07,-6.49658e-06
5.024005e-07,-1.55773e-05
5.025005e-07,-1.88204e-05
5.026005e-07,-1.68745e-05
5.027005e-07,-1.16855e-05
5.028005e-07,-6.49658e-06
5.029005e-07,-1.30762e-06
5.030005e-07,1.28686e-06
5.031005e-07,1.28686e-06
5.032005e-07,-6.58998e-07
5.033005e-07,-4.55072e-06
5.034005e-07,-9.73968e-06
5.035005e-07,-1.428e-05
5.036005e-07,-1.88204e-05
5.037005e-07,-2.07662e-05
5.038005e-07,-2.20635e-05
5.039005e-07,-2.33607e-05
5.040005e-07,-2.59552e-05
5.041005e-07,-3.04955e-05
5.042005e-07,-3.8279e-05
5.043005e-07,-4.80083e-05
5.044005e-07,-6.09807e-05
5.045005e-07,-7.52503e-05
5.046005e-07,-8.82227e-05
5.047005e-07,-9.86006e-05
5.048005e-07,-0.000104438
5.049005e-07,-0.000104438
5.050005e-07,-9.86006e-05
5.051005e-07,-8.75741e-05
5.052005e-07,-7.26558e-05
5.053005e-07,-5.44945e-05
5.054005e-07,-3.76303e-05
5.055005e-07,-2.33607e-05
5.056005e-07,-1.29828e-05
5.057005e-07,-7.1452e-06
5.058005e-07,-6.49658e-06
5.059005e-07,-9.73968e-06
5.060005e-07,-1.49286e-05
5.061005e-07,-2.07662e-05
5.062005e-07,-2.46579e-05
5.063005e-07,-2.66038e-05
5.064005e-07,-2.53066e-05
5.065005e-07,-2.01176e-05
5.066005e-07,-1.36314e-05
5.067005e-07,-5.19934e-06
5.068005e-07,1.93548e-06
5.069005e-07,7.77306e-06
5.070005e-07,1.10162e-05
5.071005e-07,1.23134e-05
5.072005e-07,1.10162e-05
5.073005e-07,9.71892e-06
5.074005e-07,9.71892e-06
5.075005e-07,1.16648e-05
5.076005e-07,1.68537e-05
5.077005e-07,2.59344e-05
5.078005e-07,3.95555e-05
5.079005e-07,5.5771e-05
5.080005e-07,7.19865e-05
5.081005e-07,8.69047e-05
5.082005e-07,9.85799e-05
5.083005e-07,0.000103769
5.084005e-07,0.000101823
5.085005e-07,9.27423e-05
5.086005e-07,7.65268e-05
5.087005e-07,5.5771e-05
5.088005e-07,3.11234e-05
5.089005e-07,6.47582e-06
5.090005e-07,-1.75231e-05
5.091005e-07,-3.76303e-05
5.092005e-07,-5.38459e-05
5.093005e-07,-6.48724e-05
5.094005e-07,-7.26558e-05
5.095005e-07,-7.71962e-05
5.096005e-07,-8.10879e-05
5.097005e-07,-8.56282e-05
5.098005e-07,-9.01686e-05
5.099005e-07,-9.60062e-05
5.100005e-07,-0.000102492
5.101005e-07,-0.000108979
5.102005e-07,-0.000113519
5.103005e-07,-0.000115465
5.104005e-07,-0.000114168
5.105005e-07,-0.000107681
5.106005e-07,-9.66548e-05
5.107005e-07,-8.17365e-05
5.108005e-07,-6.35752e-05
5.109005e-07,-4.28193e-05
5.110005e-07,-2.14148e-05
5.111005e-07,-1.03779e-08
5.112005e-07,2.07455e-05
5.113005e-07,4.08527e-05
5.114005e-07,5.90141e-05
5.115005e-07,7.58782e-05
5.116005e-07,9.14451e-05
5.117005e-07,0.000105715
5.118005e-07,0.00011739
5.119005e-07,0.000126471
5.120005e-07,0.000130362
5.121005e-07,0.000129714
5.122005e-07,0.000123227
5.123005e-07,0.000111552
5.124005e-07,9.6634e-05
5.125005e-07,7.97699e-05
5.126005e-07,6.35544e-05
5.127005e-07,4.99334e-05
5.128005e-07,4.21499e-05
5.129005e-07,4.15013e-05
5.130005e-07,4.92848e-05
5.131005e-07,6.48516e-05
5.132005e-07,8.8202e-05
5.133005e-07,0.000116093
5.134005e-07,0.000146578
5.135005e-07,0.000175766
5.136005e-07,0.000200413
5.137005e-07,0.000219223
5.138005e-07,0.000229601
5.139005e-07,0.000231547
5.140005e-07,0.000225709
5.141005e-07,0.000213386
5.142005e-07,0.000196522
5.143005e-07,0.00017836
5.144005e-07,0.00015955
5.145005e-07,0.000142686
5.146005e-07,0.000129714
5.147005e-07,0.000119984
5.148005e-07,0.000114795
5.149005e-07,0.000112201
5.150005e-07,0.00011285
5.151005e-07,0.000114147
5.152005e-07,0.000115444
5.153005e-07,0.000116741
5.154005e-07,0.000116741
5.155005e-07,0.000115444
5.156005e-07,0.00011285
5.157005e-07,0.000108309
5.158005e-07,0.000101823
5.159005e-07,9.33909e-05
5.160005e-07,8.3013e-05
5.161005e-07,7.13378e-05
5.162005e-07,5.83654e-05
5.163005e-07,4.40958e-05
5.164005e-07,3.04748e-05
5.165005e-07,1.75024e-05
5.166005e-07,7.12444e-06
5.167005e-07,-1.30762e-06
5.168005e-07,-7.1452e-06
5.169005e-07,-9.73968e-06
5.170005e-07,-1.03883e-05
5.171005e-07,-9.73968e-06
5.172005e-07,-8.44244e-06
5.173005e-07,-8.44244e-06
5.174005e-07,-1.03883e-05
5.175005e-07,-1.62259e-05
5.176005e-07,-2.72524e-05
5.177005e-07,-4.28193e-05
5.178005e-07,-6.09807e-05
5.179005e-07,-8.17365e-05
5.180005e-07,-0.000101844
5.181005e-07,-0.000120005
5.182005e-07,-0.000133626
5.183005e-07,-0.000142058
5.184005e-07,-0.000143355
5.185005e-07,-0.000136869
5.186005e-07,-0.000123897
5.187005e-07,-0.000106384
5.188005e-07,-8.56282e-05
5.189005e-07,-6.42238e-05
5.190005e-07,-4.28193e-05
5.191005e-07,-2.33607e-05
5.192005e-07,-6.49658e-06
5.193005e-07,9.0703e-06
5.194005e-07,2.26913e-05
5.195005e-07,3.50151e-05
5.196005e-07,4.66903e-05
5.197005e-07,5.77168e-05
5.198005e-07,6.74461e-05
5.199005e-07,7.52296e-05
5.200005e-07,7.97699e-05
5.201005e-07,8.04185e-05
5.202005e-07,7.58782e-05
5.203005e-07,6.55003e-05
5.204005e-07,4.92848e-05
5.205005e-07,2.85289e-05
5.206005e-07,5.17858e-06
5.207005e-07,-1.88204e-05
5.208005e-07,-4.21707e-05
5.209005e-07,-6.22779e-05
5.210005e-07,-7.58989e-05
5.211005e-07,-8.30338e-05
5.212005e-07,-8.4331e-05
5.213005e-07,-7.97907e-05
5.214005e-07,-7.20072e-05
5.215005e-07,-6.35752e-05
5.216005e-07,-5.57917e-05
5.217005e-07,-5.12514e-05
5.218005e-07,-5.12514e-05
5.219005e-07,-5.57917e-05
5.220005e-07,-6.5521e-05
5.221005e-07,-7.78448e-05
5.222005e-07,-9.14658e-05
5.223005e-07,-0.000104438
5.224005e-07,-0.000113519
5.225005e-07,-0.000117411
5.226005e-07,-0.000114168
5.227005e-07,-0.000105735
5.228005e-07,-9.21144e-05
5.229005e-07,-7.46017e-05
5.230005e-07,-5.51431e-05
5.231005e-07,-3.56845e-05
5.232005e-07,-1.81717e-05
5.233005e-07,-3.25348e-06
5.234005e-07,7.12444e-06
5.235005e-07,1.42593e-05
5.236005e-07,1.75024e-05
5.237005e-07,1.87996e-05
5.238005e-07,1.68537e-05
5.239005e-07,1.2962e-05
5.240005e-07,7.12444e-06
5.241005e-07,-1.03779e-08
5.242005e-07,-9.09106e-06
5.243005e-07,-2.07662e-05
5.244005e-07,-3.43872e-05
5.245005e-07,-4.99541e-05
5.246005e-07,-6.68183e-05
5.247005e-07,-8.36824e-05
5.248005e-07,-9.86006e-05
5.249005e-07,-0.000109627
5.250005e-07,-0.000116113
5.251005e-07,-0.000118059
5.252005e-07,-0.000114168
5.253005e-07,-0.000106384
5.254005e-07,-9.66548e-05
5.255005e-07,-8.56282e-05
5.256005e-07,-7.65476e-05
5.257005e-07,-7.071e-05
5.258005e-07,-6.87641e-05
5.259005e-07,-7.13586e-05
5.260005e-07,-7.78448e-05
5.261005e-07,-8.75741e-05
5.262005e-07,-9.86006e-05
5.263005e-07,-0.000108979
5.264005e-07,-0.000116762
5.265005e-07,-0.000121951
5.266005e-07,-0.000123248
5.267005e-07,-0.000120654
5.268005e-07,-0.000114816
5.269005e-07,-0.000107681
5.270005e-07,-0.000100547
5.271005e-07,-9.34117e-05
5.272005e-07,-8.75741e-05
5.273005e-07,-8.17365e-05
5.274005e-07,-7.65476e-05
5.275005e-07,-7.071e-05
5.276005e-07,-6.35752e-05
5.277005e-07,-5.44945e-05
5.278005e-07,-4.34679e-05
5.279005e-07,-3.04955e-05
5.280005e-07,-1.62259e-05
5.281005e-07,-1.30762e-06
5.282005e-07,1.2962e-05
5.283005e-07,2.6583e-05
5.284005e-07,3.6961e-05
5.285005e-07,4.5393e-05
5.286005e-07,5.18792e-05
5.287005e-07,5.70682e-05
5.288005e-07,6.03113e-05
5.289005e-07,6.35544e-05
5.290005e-07,6.55003e-05
5.291005e-07,6.61489e-05
5.292005e-07,6.48516e-05
5.293005e-07,6.03113e-05
5.294005e-07,5.18792e-05
5.295005e-07,3.82582e-05
5.296005e-07,2.00968e-05
5.297005e-07,-2.60486e-06
5.298005e-07,-2.85497e-05
5.299005e-07,-5.64403e-05
5.300005e-07,-8.4331e-05
5.301005e-07,-0.00010833
5.302005e-07,-0.000127789
5.303005e-07,-0.000140112
5.304005e-07,-0.000144653
5.305005e-07,-0.000142058
5.306005e-07,-0.000132978
5.307005e-07,-0.000118708
5.308005e-07,-0.000102492
5.309005e-07,-8.69255e-05
5.310005e-07,-7.46017e-05
5.311005e-07,-6.68183e-05
5.312005e-07,-6.48724e-05
5.313005e-07,-6.94127e-05
5.314005e-07,-7.84934e-05
5.315005e-07,-9.08172e-05
5.316005e-07,-0.00010379
5.317005e-07,-0.000115465
5.318005e-07,-0.0001226
5.319005e-07,-0.000124545
5.320005e-07,-0.000121302
5.321005e-07,-0.00011287
5.322005e-07,-0.000100547
5.323005e-07,-8.69255e-05
5.324005e-07,-7.33045e-05
5.325005e-07,-6.16293e-05
5.326005e-07,-5.19e-05
5.327005e-07,-4.54138e-05
5.328005e-07,-4.02248e-05
5.329005e-07,-3.63331e-05
5.330005e-07,-3.17928e-05
5.331005e-07,-2.59552e-05
5.332005e-07,-1.75231e-05
5.333005e-07,-4.55072e-06
5.334005e-07,1.16648e-05
5.335005e-07,3.11234e-05
5.336005e-07,5.25279e-05
5.337005e-07,7.32837e-05
5.338005e-07,9.27423e-05
5.339005e-07,0.000108309
5.340005e-07,0.000120633
5.341005e-07,0.000128416
5.342005e-07,0.00013166
5.343005e-07,0.000131011
5.344005e-07,0.000128416
5.345005e-07,0.000123876
5.346005e-07,0.000119336
5.347005e-07,0.000115444
5.348005e-07,0.000111552
5.349005e-07,0.000108309
5.350005e-07,0.000105066
5.351005e-07,0.000100526
5.352005e-07,9.33909e-05
5.353005e-07,8.36616e-05
5.354005e-07,6.9392e-05
5.355005e-07,5.0582e-05
5.356005e-07,2.85289e-05
5.357005e-07,2.5841e-06
5.358005e-07,-2.46579e-05
5.359005e-07,-5.31972e-05
5.360005e-07,-8.17365e-05
5.361005e-07,-0.00010833
5.362005e-07,-0.000133626
5.363005e-07,-0.000155031
5.364005e-07,-0.000172543
5.365005e-07,-0.000184219
5.366005e-07,-0.000190705
5.367005e-07,-0.000192002
5.368005e-07,-0.00018811
5.369005e-07,-0.000178381
5.370005e-07,-0.000163463
5.371005e-07,-0.000143355
5.372005e-07,-0.000120005
5.373005e-07,-9.34117e-05
5.374005e-07,-6.5521e-05
5.375005e-07,-3.69817e-05
5.376005e-07,-9.73968e-06
5.377005e-07,1.55565e-05
5.378005e-07,3.63124e-05
5.379005e-07,5.18792e-05
5.380005e-07,6.16085e-05
5.381005e-07,6.61489e-05
5.382005e-07,6.61489e-05
5.383005e-07,6.16085e-05
5.384005e-07,5.38251e-05
5.385005e-07,4.47444e-05
5.386005e-07,3.37179e-05
5.387005e-07,2.33399e-05
5.388005e-07,1.2962e-05
5.389005e-07,3.88134e-06
5.390005e-07,-3.9021e-06
5.391005e-07,-1.10369e-05
5.392005e-07,-1.81717e-05
5.393005e-07,-2.53066e-05
5.394005e-07,-3.11441e-05
5.395005e-07,-3.69817e-05
5.396005e-07,-4.08734e-05
5.397005e-07,-4.21707e-05
5.398005e-07,-4.02248e-05
5.399005e-07,-3.50359e-05
5.400005e-07,-2.66038e-05
5.401005e-07,-1.55773e-05
5.402005e-07,-1.95624e-06
5.403005e-07,1.23134e-05
5.404005e-07,2.46372e-05
5.405005e-07,3.43665e-05
5.406005e-07,3.95555e-05
5.407005e-07,4.02041e-05
5.408005e-07,3.43665e-05
5.409005e-07,2.33399e-05
5.410005e-07,6.47582e-06
5.411005e-07,-1.36314e-05
5.412005e-07,-3.63331e-05
5.413005e-07,-5.90348e-05
5.414005e-07,-8.04393e-05
5.415005e-07,-9.98979e-05
5.416005e-07,-0.000115465
5.417005e-07,-0.000126491
5.418005e-07,-0.00013168
5.419005e-07,-0.000131032
5.420005e-07,-0.000123248
5.421005e-07,-0.00010833
5.422005e-07,-8.69255e-05
5.423005e-07,-6.09807e-05
5.424005e-07,-3.11441e-05
5.425005e-07,6.38242e-07
5.426005e-07,3.24206e-05
5.427005e-07,6.03113e-05
5.428005e-07,8.23644e-05
5.429005e-07,9.79313e-05
5.430005e-07,0.000105715
5.431005e-07,0.000104417
5.432005e-07,9.6634e-05
5.433005e-07,8.3013e-05
5.434005e-07,6.55003e-05
5.435005e-07,4.73389e-05
5.436005e-07,2.91775e-05
5.437005e-07,1.42593e-05
5.438005e-07,3.23272e-06
5.439005e-07,-3.25348e-06
5.440005e-07,-5.84796e-06
5.441005e-07,-3.9021e-06
5.442005e-07,1.28686e-06
5.443005e-07,7.77306e-06
5.444005e-07,1.55565e-05
5.445005e-07,2.39886e-05
5.446005e-07,3.24206e-05
5.447005e-07,4.02041e-05
5.448005e-07,4.73389e-05
5.449005e-07,5.38251e-05
5.450005e-07,5.96627e-05
5.451005e-07,6.48516e-05
5.452005e-07,6.87434e-05
5.453005e-07,7.13378e-05
5.454005e-07,7.19865e-05
5.455005e-07,7.06892e-05
5.456005e-07,6.67975e-05
5.457005e-07,6.22572e-05
5.458005e-07,5.77168e-05
5.459005e-07,5.31765e-05
5.460005e-07,5.18792e-05
5.461005e-07,5.38251e-05
5.462005e-07,5.96627e-05
5.463005e-07,6.9392e-05
5.464005e-07,8.36616e-05
5.465005e-07,0.000100526
5.466005e-07,0.000119984
5.467005e-07,0.000138794
5.468005e-07,0.000155658
5.469005e-07,0.000169279
5.470005e-07,0.00017836
5.471005e-07,0.000180955
5.472005e-07,0.000177712
5.473005e-07,0.000169279
5.474005e-07,0.000156956
5.475005e-07,0.000142037
5.476005e-07,0.000125173
5.477005e-07,0.000108958
5.478005e-07,9.33909e-05
5.479005e-07,7.91213e-05
5.480005e-07,6.48516e-05
5.481005e-07,5.0582e-05
5.482005e-07,3.56637e-05
5.483005e-07,1.87996e-05
5.484005e-07,6.38242e-07
5.485005e-07,-1.88204e-05
5.486005e-07,-3.89276e-05
5.487005e-07,-5.90348e-05
5.488005e-07,-7.71962e-05
5.489005e-07,-9.21144e-05
5.490005e-07,-0.00010379
5.491005e-07,-0.000110924
5.492005e-07,-0.000113519
5.493005e-07,-0.000112222
5.494005e-07,-0.000107033
5.495005e-07,-0.000100547
5.496005e-07,-9.34117e-05
5.497005e-07,-8.56282e-05
5.498005e-07,-7.78448e-05
5.499005e-07,-7.071e-05
5.500005e-07,-6.35752e-05
5.501005e-07,-5.51431e-05
5.502005e-07,-4.60624e-05
5.503005e-07,-3.56845e-05
5.504005e-07,-2.46579e-05
5.505005e-07,-1.23342e-05
5.506005e-07,6.38242e-07
5.507005e-07,1.23134e-05
5.508005e-07,2.07455e-05
5.509005e-07,2.6583e-05
5.510005e-07,2.85289e-05
5.511005e-07,2.59344e-05
5.512005e-07,2.00968e-05
5.513005e-07,1.2962e-05
5.514005e-07,5.17858e-06
5.515005e-07,-1.30762e-06
5.516005e-07,-4.55072e-06
5.517005e-07,-3.25348e-06
5.518005e-07,1.93548e-06
5.519005e-07,1.16648e-05
5.520005e-07,2.33399e-05
5.521005e-07,3.63124e-05
5.522005e-07,4.79875e-05
5.523005e-07,5.77168e-05
5.524005e-07,6.35544e-05
5.525005e-07,6.55003e-05
5.526005e-07,6.4203e-05
5.527005e-07,5.96627e-05
5.528005e-07,5.31765e-05
5.529005e-07,4.66903e-05
5.530005e-07,4.21499e-05
5.531005e-07,3.89068e-05
5.532005e-07,3.82582e-05
5.533005e-07,3.95555e-05
5.534005e-07,4.34472e-05
5.535005e-07,4.92848e-05
5.536005e-07,5.51223e-05
5.537005e-07,6.16085e-05
5.538005e-07,6.74461e-05
5.539005e-07,7.06892e-05
5.540005e-07,7.26351e-05
5.541005e-07,7.26351e-05
5.542005e-07,7.26351e-05
5.543005e-07,7.32837e-05
5.544005e-07,7.45809e-05
5.545005e-07,7.7824e-05
5.546005e-07,8.23644e-05
5.547005e-07,8.8202e-05
5.548005e-07,9.40395e-05
5.549005e-07,9.98771e-05
5.550005e-07,0.000104417
5.551005e-07,0.000105066
5.552005e-07,0.000102472
5.553005e-07,9.6634e-05
5.554005e-07,8.69047e-05
5.555005e-07,7.39323e-05
5.556005e-07,5.70682e-05
5.557005e-07,3.95555e-05
5.558005e-07,2.20427e-05
5.559005e-07,4.52996e-06
5.560005e-07,-1.16855e-05
5.561005e-07,-2.59552e-05
5.562005e-07,-3.89276e-05
5.563005e-07,-5.06027e-05
5.564005e-07,-6.29265e-05
5.565005e-07,-7.46017e-05
5.566005e-07,-8.56282e-05
5.567005e-07,-9.73034e-05
5.568005e-07,-0.00010833
5.569005e-07,-0.000118708
5.570005e-07,-0.000128437
5.571005e-07,-0.000137518
5.572005e-07,-0.00014595
5.573005e-07,-0.000152436
5.574005e-07,-0.000157625
5.575005e-07,-0.000162165
5.576005e-07,-0.000165409
5.577005e-07,-0.000167354
5.578005e-07,-0.000167354
5.579005e-07,-0.000165409
5.580005e-07,-0.000160868
5.581005e-07,-0.000153733
5.582005e-07,-0.000143355
5.583005e-07,-0.000130383
5.584005e-07,-0.000114816
5.585005e-07,-9.7952e-05
5.586005e-07,-8.17365e-05
5.587005e-07,-6.81155e-05
5.588005e-07,-5.77376e-05
5.589005e-07,-5.31972e-05
5.590005e-07,-5.44945e-05
5.591005e-07,-6.16293e-05
5.592005e-07,-7.46017e-05
5.593005e-07,-9.21144e-05
5.594005e-07,-0.000111573
5.595005e-07,-0.000131032
5.596005e-07,-0.000149193
5.597005e-07,-0.000162814
5.598005e-07,-0.000170597
5.599005e-07,-0.000172543
5.600005e-07,-0.0001693
5.601005e-07,-0.00016022
5.602005e-07,-0.000147247
5.603005e-07,-0.000132978
5.604005e-07,-0.000117411
5.605005e-07,-0.000101844
5.606005e-07,-8.69255e-05
5.607005e-07,-7.33045e-05
5.608005e-07,-6.09807e-05
5.609005e-07,-4.99541e-05
5.610005e-07,-4.08734e-05
5.611005e-07,-3.24414e-05
5.612005e-07,-2.46579e-05
5.613005e-07,-1.68745e-05
5.614005e-07,-9.09106e-06
5.615005e-07,-1.30762e-06
5.616005e-07,6.47582e-06
5.617005e-07,1.49079e-05
5.618005e-07,2.33399e-05
5.619005e-07,3.37179e-05
5.620005e-07,4.47444e-05
5.621005e-07,5.77168e-05
5.622005e-07,7.19865e-05
5.623005e-07,8.69047e-05
5.624005e-07,0.00010312
5.625005e-07,0.000118687
5.626005e-07,0.000133605
5.627005e-07,0.000145281
5.628005e-07,0.000153713
5.629005e-07,0.000156307
5.630005e-07,0.000154361
5.631005e-07,0.000147226
5.632005e-07,0.000134254
5.633005e-07,0.000118038
5.634005e-07,9.85799e-05
5.635005e-07,7.84727e-05
5.636005e-07,5.96627e-05
5.637005e-07,4.47444e-05
5.638005e-07,3.50151e-05
5.639005e-07,3.04748e-05
5.640005e-07,3.24206e-05
5.641005e-07,4.08527e-05
5.642005e-07,5.44737e-05
5.643005e-07,7.26351e-05
5.644005e-07,9.40395e-05
5.645005e-07,0.00011739
5.646005e-07,0.000141389
5.647005e-07,0.000162793
5.648005e-07,0.000181603
5.649005e-07,0.000196522
5.650005e-07,0.000206251
5.651005e-07,0.000210791
5.652005e-07,0.000208845
5.653005e-07,0.00020171
5.654005e-07,0.000188738
5.655005e-07,0.000170577
5.656005e-07,0.000147875
5.657005e-07,0.000121282
5.658005e-07,9.20937e-05
5.659005e-07,6.22572e-05
5.660005e-07,3.24206e-05
5.661005e-07,3.23272e-06
5.662005e-07,-2.40093e-05
5.663005e-07,-4.80083e-05
5.664005e-07,-6.74669e-05
5.665005e-07,-8.23851e-05
5.666005e-07,-9.21144e-05
5.667005e-07,-9.73034e-05
5.668005e-07,-9.92493e-05
5.669005e-07,-9.73034e-05
5.670005e-07,-9.21144e-05
5.671005e-07,-8.56282e-05
5.672005e-07,-7.71962e-05
5.673005e-07,-6.87641e-05
5.674005e-07,-5.96834e-05
5.675005e-07,-5.12514e-05
5.676005e-07,-4.28193e-05
5.677005e-07,-3.56845e-05
5.678005e-07,-2.98469e-05
5.679005e-07,-2.53066e-05
5.680005e-07,-2.33607e-05
5.681005e-07,-2.40093e-05
5.682005e-07,-2.59552e-05
5.683005e-07,-3.04955e-05
5.684005e-07,-3.63331e-05
5.685005e-07,-4.28193e-05
5.686005e-07,-4.99541e-05
5.687005e-07,-5.7089e-05
5.688005e-07,-6.42238e-05
5.689005e-07,-6.94127e-05
5.690005e-07,-7.33045e-05
5.691005e-07,-7.58989e-05
5.692005e-07,-7.78448e-05
5.693005e-07,-7.9142e-05
5.694005e-07,-7.97907e-05
5.695005e-07,-8.10879e-05
5.696005e-07,-8.30338e-05
5.697005e-07,-8.56282e-05
5.698005e-07,-8.88713e-05
5.699005e-07,-9.27631e-05
5.700005e-07,-9.66548e-05
5.701005e-07,-9.86006e-05
5.702005e-07,-9.66548e-05
5.703005e-07,-9.08172e-05
5.704005e-07,-7.97907e-05
5.705005e-07,-6.22779e-05
5.706005e-07,-4.02248e-05
5.707005e-07,-1.36314e-05
5.708005e-07,1.55565e-05
5.709005e-07,4.66903e-05
5.710005e-07,7.65268e-05
5.711005e-07,0.000103769
5.712005e-07,0.000127119
5.713005e-07,0.000145281
5.714005e-07,0.000157604
5.715005e-07,0.000164091
5.716005e-07,0.000166036
5.717005e-07,0.000164091
5.718005e-07,0.000160199
5.719005e-07,0.000154361
5.720005e-07,0.000147875
5.721005e-07,0.00014074
5.722005e-07,0.000134254
5.723005e-07,0.000127119
5.724005e-07,0.000118687
5.725005e-07,0.000108309
5.726005e-07,9.6634e-05
5.727005e-07,8.36616e-05
5.728005e-07,7.00406e-05
5.729005e-07,5.51223e-05
5.730005e-07,4.02041e-05
5.731005e-07,2.46372e-05
5.732005e-07,1.10162e-05
5.733005e-07,-6.58998e-07
5.734005e-07,-1.03883e-05
5.735005e-07,-1.68745e-05
5.736005e-07,-2.07662e-05
5.737005e-07,-2.27121e-05
5.738005e-07,-2.27121e-05
5.739005e-07,-2.14148e-05
5.740005e-07,-2.01176e-05
5.741005e-07,-1.75231e-05
5.742005e-07,-1.49286e-05
5.743005e-07,-1.23342e-05
5.744005e-07,-1.10369e-05
5.745005e-07,-1.03883e-05
5.746005e-07,-1.10369e-05
5.747005e-07,-1.23342e-05
5.748005e-07,-1.428e-05
5.749005e-07,-1.75231e-05
5.750005e-07,-2.01176e-05
5.751005e-07,-2.27121e-05
5.752005e-07,-2.40093e-05
5.753005e-07,-2.27121e-05
5.754005e-07,-1.9469e-05
5.755005e-07,-1.428e-05
5.756005e-07,-7.1452e-06
5.757005e-07,1.28686e-06
5.758005e-07,1.10162e-05
5.759005e-07,2.07455e-05
5.760005e-07,2.85289e-05
5.761005e-07,3.56637e-05
5.762005e-07,3.95555e-05
5.763005e-07,4.15013e-05
5.764005e-07,4.02041e-05
5.765005e-07,3.76096e-05
5.766005e-07,3.50151e-05
5.767005e-07,3.24206e-05
5.768005e-07,3.04748e-05
5.769005e-07,3.04748e-05
5.770005e-07,3.24206e-05
5.771005e-07,3.63124e-05
5.772005e-07,4.08527e-05
5.773005e-07,4.5393e-05
5.774005e-07,4.79875e-05
5.775005e-07,4.73389e-05
5.776005e-07,4.21499e-05
5.777005e-07,3.24206e-05
5.778005e-07,1.87996e-05
5.779005e-07,6.38242e-07
5.780005e-07,-2.01176e-05
5.781005e-07,-4.15221e-05
5.782005e-07,-6.22779e-05
5.783005e-07,-8.10879e-05
5.784005e-07,-9.60062e-05
5.785005e-07,-0.000106384
5.786005e-07,-0.000112222
5.787005e-07,-0.000113519
5.788005e-07,-0.000111573
5.789005e-07,-0.000107681
5.790005e-07,-0.000101844
5.791005e-07,-9.60062e-05
5.792005e-07,-9.01686e-05
5.793005e-07,-8.4331e-05
5.794005e-07,-7.97907e-05
5.795005e-07,-7.52503e-05
5.796005e-07,-7.071e-05
5.797005e-07,-6.5521e-05
5.798005e-07,-5.96834e-05
5.799005e-07,-5.44945e-05
5.800005e-07,-4.86569e-05
5.801005e-07,-4.28193e-05
5.802005e-07,-3.76303e-05
5.803005e-07,-3.37386e-05
5.804005e-07,-3.17928e-05
5.805005e-07,-3.17928e-05
5.806005e-07,-3.37386e-05
5.807005e-07,-3.76303e-05
5.808005e-07,-4.21707e-05
5.809005e-07,-4.6711e-05
5.810005e-07,-4.93055e-05
5.811005e-07,-5.06027e-05
5.812005e-07,-4.93055e-05
5.813005e-07,-4.41165e-05
5.814005e-07,-3.63331e-05
5.815005e-07,-2.53066e-05
5.816005e-07,-1.16855e-05
5.817005e-07,4.52996e-06
5.818005e-07,2.26913e-05
5.819005e-07,4.08527e-05
5.820005e-07,5.83654e-05
5.821005e-07,7.65268e-05
5.822005e-07,9.33909e-05
5.823005e-07,0.000108958
5.824005e-07,0.00012193
5.825005e-07,0.00013166
5.826005e-07,0.000139443
5.827005e-07,0.000143335
5.828005e-07,0.000144632
5.829005e-07,0.000143335
5.830005e-07,0.00014074
5.831005e-07,0.000136848
5.832005e-07,0.000132957
5.833005e-07,0.000129065
5.834005e-07,0.000125822
5.835005e-07,0.000122579
5.836005e-07,0.000119984
5.837005e-07,0.00011739
5.838005e-07,0.000113498
5.839005e-07,0.000107012
5.840005e-07,9.79313e-05
5.841005e-07,8.56075e-05
5.842005e-07,6.9392e-05
5.843005e-07,4.99334e-05
5.844005e-07,2.78803e-05
5.845005e-07,5.8272e-06
5.846005e-07,-1.62259e-05
5.847005e-07,-3.63331e-05
5.848005e-07,-5.25486e-05
5.849005e-07,-6.29265e-05
5.850005e-07,-6.5521e-05
5.851005e-07,-6.09807e-05
5.852005e-07,-4.86569e-05
5.853005e-07,-2.91983e-05
5.854005e-07,-3.9021e-06
5.855005e-07,2.52858e-05
5.856005e-07,5.64196e-05
5.857005e-07,8.8202e-05
5.858005e-07,0.000118038
5.859005e-07,0.000144632
5.860005e-07,0.000167334
5.861005e-07,0.000186144
5.862005e-07,0.000199765
5.863005e-07,0.000208197
5.864005e-07,0.00021144
5.865005e-07,0.000210143
5.866005e-07,0.000203656
5.867005e-07,0.000191981
5.868005e-07,0.000175766
5.869005e-07,0.000153713
5.870005e-07,0.000126471
5.871005e-07,9.40395e-05
5.872005e-07,5.77168e-05
5.873005e-07,1.87996e-05
5.874005e-07,-2.01176e-05
5.875005e-07,-5.77376e-05
5.876005e-07,-9.27631e-05
5.877005e-07,-0.0001226
5.878005e-07,-0.000146599
5.879005e-07,-0.00016476
5.880005e-07,-0.000176435
5.881005e-07,-0.000182921
5.882005e-07,-0.000184219
5.883005e-07,-0.000182921
5.884005e-07,-0.00017903
5.885005e-07,-0.000173192
5.886005e-07,-0.000166706
5.887005e-07,-0.000159571
5.888005e-07,-0.000151787
5.889005e-07,-0.000142707
5.890005e-07,-0.00013168
5.891005e-07,-0.000118708
5.892005e-07,-0.000104438
5.893005e-07,-8.88713e-05
5.894005e-07,-7.13586e-05
5.895005e-07,-5.44945e-05
5.896005e-07,-3.8279e-05
5.897005e-07,-2.33607e-05
5.898005e-07,-9.73968e-06
5.899005e-07,1.93548e-06
5.900005e-07,1.16648e-05
5.901005e-07,1.87996e-05
5.902005e-07,2.39886e-05
5.903005e-07,2.85289e-05
5.904005e-07,3.11234e-05
5.905005e-07,3.30692e-05
5.906005e-07,3.43665e-05
5.907005e-07,3.50151e-05
5.908005e-07,3.37179e-05
5.909005e-07,3.1772e-05
5.910005e-07,2.98261e-05
5.911005e-07,2.78803e-05
5.912005e-07,2.72317e-05
5.913005e-07,2.85289e-05
5.914005e-07,3.1772e-05
5.915005e-07,3.82582e-05
5.916005e-07,4.79875e-05
5.917005e-07,6.09599e-05
5.918005e-07,7.52296e-05
5.919005e-07,9.01478e-05
5.920005e-07,0.000104417
5.921005e-07,0.000115444
5.922005e-07,0.000123227
5.923005e-07,0.000125822
5.924005e-07,0.000123227
5.925005e-07,0.000115444
5.926005e-07,0.000102472
5.927005e-07,8.56075e-05
5.928005e-07,6.67975e-05
5.929005e-07,4.60417e-05
5.930005e-07,2.52858e-05
5.931005e-07,5.8272e-06
5.932005e-07,-1.23342e-05
5.933005e-07,-2.72524e-05
5.934005e-07,-3.89276e-05
5.935005e-07,-4.60624e-05
5.936005e-07,-4.93055e-05
5.937005e-07,-4.73596e-05
5.938005e-07,-4.08734e-05
5.939005e-07,-2.91983e-05
5.940005e-07,-1.29828e-05
5.941005e-07,8.42168e-06
5.942005e-07,3.43665e-05
5.943005e-07,6.29058e-05
5.944005e-07,9.27423e-05
5.945005e-07,0.000122579
5.946005e-07,0.000149821
5.947005e-07,0.000171874
5.948005e-07,0.000187441
5.949005e-07,0.000195224
5.950005e-07,0.000194576
5.951005e-07,0.000185495
5.952005e-07,0.000169279
5.953005e-07,0.000146578
5.954005e-07,0.000120633
5.955005e-07,9.27423e-05
5.956005e-07,6.48516e-05
5.957005e-07,4.02041e-05
5.958005e-07,1.94482e-05
5.959005e-07,3.23272e-06
5.960005e-07,-8.44244e-06
5.961005e-07,-1.49286e-05
5.962005e-07,-1.81717e-05
5.963005e-07,-1.88204e-05
5.964005e-07,-1.68745e-05
5.965005e-07,-1.16855e-05
5.966005e-07,-3.9021e-06
5.967005e-07,5.8272e-06
5.968005e-07,1.87996e-05
5.969005e-07,3.43665e-05
5.970005e-07,5.12306e-05
5.971005e-07,6.9392e-05
5.972005e-07,8.69047e-05
5.973005e-07,0.000102472
5.974005e-07,0.000114795
5.975005e-07,0.000122579
5.976005e-07,0.000124525
5.977005e-07,0.000120633
5.978005e-07,0.000112201
5.979005e-07,0.000100526
5.980005e-07,8.62561e-05
5.981005e-07,7.19865e-05
5.982005e-07,6.09599e-05
5.983005e-07,5.31765e-05
5.984005e-07,4.99334e-05
5.985005e-07,4.99334e-05
5.986005e-07,5.18792e-05
5.987005e-07,5.31765e-05
5.988005e-07,5.38251e-05
5.989005e-07,5.12306e-05
5.990005e-07,4.5393e-05
5.991005e-07,3.43665e-05
5.992005e-07,1.94482e-05
5.993005e-07,2.5841e-06
5.994005e-07,-1.428e-05
5.995005e-07,-2.85497e-05
5.996005e-07,-3.95762e-05
5.997005e-07,-4.47652e-05
5.998005e-07,-4.41165e-05
5.999005e-07,-3.8279e-05
6.000005e-07,-2.85497e-05
6.001005e-07,-1.68745e-05
6.002005e-07,-5.84796e-06
6.003005e-07,2.5841e-06
6.004005e-07,7.12444e-06
6.005005e-07,7.12444e-06
6.006005e-07,2.5841e-06
6.007005e-07,-5.19934e-06
6.008005e-07,-1.49286e-05
6.009005e-07,-2.46579e-05
6.010005e-07,-3.43872e-05
6.011005e-07,-4.21707e-05
6.012005e-07,-4.6711e-05
6.013005e-07,-4.80083e-05
6.014005e-07,-4.54138e-05
6.015005e-07,-4.02248e-05
6.016005e-07,-3.43872e-05
6.017005e-07,-2.85497e-05
6.018005e-07,-2.27121e-05
6.019005e-07,-1.81717e-05
6.020005e-07,-1.428e-05
6.021005e-07,-1.10369e-05
6.022005e-07,-7.79382e-06
6.023005e-07,-4.55072e-06
6.024005e-07,-6.58998e-07
6.025005e-07,3.23272e-06
6.026005e-07,8.42168e-06
6.027005e-07,1.36106e-05
6.028005e-07,1.75024e-05
6.029005e-07,2.20427e-05
6.030005e-07,2.52858e-05
6.031005e-07,2.72317e-05
6.032005e-07,2.85289e-05
6.033005e-07,2.91775e-05
6.034005e-07,2.98261e-05
6.035005e-07,2.98261e-05
6.036005e-07,2.91775e-05
6.037005e-07,2.91775e-05
6.038005e-07,2.98261e-05
6.039005e-07,2.98261e-05
6.040005e-07,2.78803e-05
6.041005e-07,2.52858e-05
6.042005e-07,2.00968e-05
6.043005e-07,1.2962e-05
6.044005e-07,3.88134e-06
6.045005e-07,-6.49658e-06
6.046005e-07,-1.75231e-05
6.047005e-07,-2.85497e-05
6.048005e-07,-3.89276e-05
6.049005e-07,-4.86569e-05
6.050005e-07,-5.77376e-05
6.051005e-07,-6.61696e-05
6.052005e-07,-7.46017e-05
6.053005e-07,-8.30338e-05
6.054005e-07,-9.21144e-05
6.055005e-07,-0.000104438
6.056005e-07,-0.000119356
6.057005e-07,-0.000136869
6.058005e-07,-0.000155679
6.059005e-07,-0.000173192
6.060005e-07,-0.000189407
6.061005e-07,-0.000199785
6.062005e-07,-0.000203677
6.063005e-07,-0.000201083
6.064005e-07,-0.000191353
6.065005e-07,-0.000173192
6.066005e-07,-0.000149193
6.067005e-07,-0.000121951
6.068005e-07,-9.27631e-05
6.069005e-07,-6.42238e-05
6.070005e-07,-3.95762e-05
6.071005e-07,-1.9469e-05
6.072005e-07,-5.84796e-06
6.073005e-07,1.28686e-06
6.074005e-07,2.5841e-06
6.075005e-07,-2.60486e-06
6.076005e-07,-1.10369e-05
6.077005e-07,-2.14148e-05
6.078005e-07,-3.11441e-05
6.079005e-07,-3.95762e-05
6.080005e-07,-4.73596e-05
6.081005e-07,-5.31972e-05
6.082005e-07,-5.57917e-05
6.083005e-07,-5.64403e-05
6.084005e-07,-5.44945e-05
6.085005e-07,-4.93055e-05
6.086005e-07,-4.28193e-05
6.087005e-07,-3.43872e-05
6.088005e-07,-2.33607e-05
6.089005e-07,-1.03883e-05
6.090005e-07,5.17858e-06
6.091005e-07,2.07455e-05
6.092005e-07,3.6961e-05
6.093005e-07,5.18792e-05
6.094005e-07,6.35544e-05
6.095005e-07,7.13378e-05
6.096005e-07,7.52296e-05
6.097005e-07,7.45809e-05
6.098005e-07,7.00406e-05
6.099005e-07,6.35544e-05
6.100005e-07,5.64196e-05
6.101005e-07,5.12306e-05
6.102005e-07,4.99334e-05
6.103005e-07,5.31765e-05
6.104005e-07,6.22572e-05
6.105005e-07,7.52296e-05
6.106005e-07,9.14451e-05
6.107005e-07,0.000108958
6.108005e-07,0.000125822
6.109005e-07,0.000139443
6.110005e-07,0.000147875
6.111005e-07,0.000148524
6.112005e-07,0.000142686
6.113005e-07,0.000129714
6.114005e-07,0.000110904
6.115005e-07,8.75533e-05
6.116005e-07,6.16085e-05
6.117005e-07,3.50151e-05
6.118005e-07,9.71892e-06
6.119005e-07,-1.36314e-05
6.120005e-07,-3.37386e-05
6.121005e-07,-5.12514e-05
6.122005e-07,-6.48724e-05
6.123005e-07,-7.52503e-05
6.124005e-07,-8.30338e-05
6.125005e-07,-8.75741e-05
6.126005e-07,-8.75741e-05
6.127005e-07,-8.36824e-05
6.128005e-07,-7.46017e-05
6.129005e-07,-6.09807e-05
6.130005e-07,-4.41165e-05
6.131005e-07,-2.46579e-05
6.132005e-07,-3.25348e-06
6.133005e-07,1.75024e-05
6.134005e-07,3.56637e-05
6.135005e-07,5.0582e-05
6.136005e-07,5.96627e-05
6.137005e-07,6.29058e-05
6.138005e-07,6.09599e-05
6.139005e-07,5.51223e-05
6.140005e-07,4.73389e-05
6.141005e-07,3.82582e-05
6.142005e-07,3.04748e-05
6.143005e-07,2.52858e-05
6.144005e-07,2.39886e-05
6.145005e-07,2.59344e-05
6.146005e-07,3.04748e-05
6.147005e-07,3.56637e-05
6.148005e-07,4.15013e-05
6.149005e-07,4.5393e-05
6.150005e-07,4.60417e-05
6.151005e-07,4.34472e-05
6.152005e-07,3.6961e-05
6.153005e-07,2.78803e-05
6.154005e-07,1.68537e-05
6.155005e-07,6.47582e-06
6.156005e-07,-2.60486e-06
6.157005e-07,-9.09106e-06
6.158005e-07,-1.10369e-05
6.159005e-07,-8.44244e-06
6.160005e-07,-1.30762e-06
6.161005e-07,9.0703e-06
6.162005e-07,2.20427e-05
6.163005e-07,3.6961e-05
6.164005e-07,5.18792e-05
6.165005e-07,6.74461e-05
6.166005e-07,8.10671e-05
6.167005e-07,9.27423e-05
6.168005e-07,0.000102472
6.169005e-07,0.000111552
6.170005e-07,0.000118687
6.171005e-07,0.000123227
6.172005e-07,0.000125822
6.173005e-07,0.000125173
6.174005e-07,0.000121282
6.175005e-07,0.000112201
6.176005e-07,9.85799e-05
6.177005e-07,7.91213e-05
6.178005e-07,5.44737e-05
6.179005e-07,2.59344e-05
6.180005e-07,-5.84796e-06
6.181005e-07,-3.76303e-05
6.182005e-07,-6.81155e-05
6.183005e-07,-9.47089e-05
6.184005e-07,-0.000115465
6.185005e-07,-0.000129734
6.186005e-07,-0.000138166
6.187005e-07,-0.000139464
6.188005e-07,-0.000136221
6.189005e-07,-0.000129734
6.190005e-07,-0.000120654
6.191005e-07,-0.000111573
6.192005e-07,-0.000103141
6.193005e-07,-9.60062e-05
6.194005e-07,-9.01686e-05
6.195005e-07,-8.36824e-05
6.196005e-07,-7.78448e-05
6.197005e-07,-7.071e-05
6.198005e-07,-6.29265e-05
6.199005e-07,-5.44945e-05
6.200005e-07,-4.60624e-05
6.201005e-07,-3.8279e-05
6.202005e-07,-3.309e-05
6.203005e-07,-3.11441e-05
6.204005e-07,-3.37386e-05
6.205005e-07,-4.15221e-05
6.206005e-07,-5.31972e-05
6.207005e-07,-6.87641e-05
6.208005e-07,-8.56282e-05
6.209005e-07,-0.000101195
6.210005e-07,-0.000113519
6.211005e-07,-0.000120654
6.212005e-07,-0.000119356
6.213005e-07,-0.000110276
6.214005e-07,-9.34117e-05
6.215005e-07,-7.00614e-05
6.216005e-07,-4.15221e-05
6.217005e-07,-9.73968e-06
6.218005e-07,2.20427e-05
6.219005e-07,5.25279e-05
6.220005e-07,7.91213e-05
6.221005e-07,0.000101823
6.222005e-07,0.000118687
6.223005e-07,0.000129714
6.224005e-07,0.000135551
6.225005e-07,0.0001362
6.226005e-07,0.000132308
6.227005e-07,0.000125173
6.228005e-07,0.000115444
6.229005e-07,0.00010312
6.230005e-07,8.94992e-05
6.231005e-07,7.52296e-05
6.232005e-07,6.16085e-05
6.233005e-07,4.92848e-05
6.234005e-07,3.89068e-05
6.235005e-07,3.1772e-05
6.236005e-07,2.78803e-05
6.237005e-07,2.72317e-05
6.238005e-07,2.85289e-05
6.239005e-07,3.1772e-05
6.240005e-07,3.56637e-05
6.241005e-07,3.89068e-05
6.242005e-07,4.15013e-05
6.243005e-07,4.34472e-05
6.244005e-07,4.40958e-05
6.245005e-07,4.40958e-05
6.246005e-07,4.40958e-05
6.247005e-07,4.40958e-05
6.248005e-07,4.60417e-05
6.249005e-07,4.99334e-05
6.250005e-07,5.64196e-05
6.251005e-07,6.55003e-05
6.252005e-07,7.58782e-05
6.253005e-07,8.69047e-05
6.254005e-07,9.6634e-05
6.255005e-07,0.000105066
6.256005e-07,0.000109606
6.257005e-07,0.000110255
6.258005e-07,0.000106363
6.259005e-07,9.85799e-05
6.260005e-07,8.69047e-05
6.261005e-07,7.45809e-05
6.262005e-07,6.16085e-05
6.263005e-07,4.86361e-05
6.264005e-07,3.76096e-05
6.265005e-07,2.72317e-05
6.266005e-07,1.8151e-05
6.267005e-07,9.71892e-06
6.268005e-07,1.93548e-06
6.269005e-07,-6.49658e-06
6.270005e-07,-1.62259e-05
6.271005e-07,-2.7901e-05
6.272005e-07,-4.02248e-05
6.273005e-07,-5.25486e-05
6.274005e-07,-6.42238e-05
6.275005e-07,-7.46017e-05
6.276005e-07,-8.30338e-05
6.277005e-07,-8.952e-05
6.278005e-07,-9.27631e-05
6.279005e-07,-9.40603e-05
6.280005e-07,-9.34117e-05
6.281005e-07,-9.08172e-05
6.282005e-07,-8.75741e-05
6.283005e-07,-8.23851e-05
6.284005e-07,-7.65476e-05
6.285005e-07,-6.87641e-05
6.286005e-07,-5.90348e-05
6.287005e-07,-4.6711e-05
6.288005e-07,-3.24414e-05
6.289005e-07,-1.62259e-05
6.290005e-07,6.38242e-07
6.291005e-07,1.75024e-05
6.292005e-07,3.37179e-05
6.293005e-07,4.73389e-05
6.294005e-07,5.64196e-05
6.295005e-07,6.03113e-05
6.296005e-07,5.70682e-05
6.297005e-07,4.79875e-05
6.298005e-07,3.30692e-05
6.299005e-07,1.2962e-05
6.300005e-07,-9.73968e-06
6.301005e-07,-3.24414e-05
6.302005e-07,-5.38459e-05
6.303005e-07,-7.26558e-05
6.304005e-07,-8.56282e-05
6.305005e-07,-9.27631e-05
6.306005e-07,-9.47089e-05
6.307005e-07,-9.14658e-05
6.308005e-07,-8.4331e-05
6.309005e-07,-7.33045e-05
6.310005e-07,-6.16293e-05
6.311005e-07,-4.93055e-05
6.312005e-07,-3.89276e-05
6.313005e-07,-2.85497e-05
6.314005e-07,-2.07662e-05
6.315005e-07,-1.49286e-05
6.316005e-07,-1.10369e-05
6.317005e-07,-9.09106e-06
6.318005e-07,-8.44244e-06
6.319005e-07,-1.10369e-05
6.320005e-07,-1.49286e-05
6.321005e-07,-2.07662e-05
6.322005e-07,-2.7901e-05
6.323005e-07,-3.56845e-05
6.324005e-07,-4.41165e-05
6.325005e-07,-5.19e-05
6.326005e-07,-5.83862e-05
6.327005e-07,-6.29265e-05
6.328005e-07,-6.35752e-05
6.329005e-07,-6.09807e-05
6.330005e-07,-5.51431e-05
6.331005e-07,-4.60624e-05
6.332005e-07,-3.37386e-05
6.333005e-07,-1.81717e-05
6.334005e-07,-1.95624e-06
6.335005e-07,1.49079e-05
6.336005e-07,2.98261e-05
6.337005e-07,4.27986e-05
6.338005e-07,5.25279e-05
6.339005e-07,5.83654e-05
6.340005e-07,5.96627e-05
6.341005e-07,5.70682e-05
6.342005e-07,5.0582e-05
6.343005e-07,4.15013e-05
6.344005e-07,2.91775e-05
6.345005e-07,1.55565e-05
6.346005e-07,1.28686e-06
6.347005e-07,-1.29828e-05
6.348005e-07,-2.72524e-05
6.349005e-07,-4.08734e-05
6.350005e-07,-5.38459e-05
6.351005e-07,-6.61696e-05
6.352005e-07,-7.65476e-05
6.353005e-07,-8.36824e-05
6.354005e-07,-8.82227e-05
6.355005e-07,-9.08172e-05
6.356005e-07,-8.952e-05
6.357005e-07,-8.56282e-05
6.358005e-07,-7.78448e-05
6.359005e-07,-6.87641e-05
6.360005e-07,-5.83862e-05
6.361005e-07,-4.73596e-05
6.362005e-07,-3.56845e-05
6.363005e-07,-2.53066e-05
6.364005e-07,-1.62259e-05
6.365005e-07,-9.09106e-06
6.366005e-07,-3.25348e-06
6.367005e-07,6.38242e-07
6.368005e-07,3.23272e-06
6.369005e-07,5.17858e-06
6.370005e-07,5.8272e-06
6.371005e-07,5.17858e-06
6.372005e-07,2.5841e-06
6.373005e-07,-1.30762e-06
6.374005e-07,-6.49658e-06
6.375005e-07,-1.428e-05
6.376005e-07,-2.33607e-05
6.377005e-07,-3.37386e-05
6.378005e-07,-4.54138e-05
6.379005e-07,-5.83862e-05
6.380005e-07,-7.20072e-05
6.381005e-07,-8.62769e-05
6.382005e-07,-9.98979e-05
6.383005e-07,-0.000113519
6.384005e-07,-0.000125843
6.385005e-07,-0.000138166
6.386005e-07,-0.000147896
6.387005e-07,-0.000156328
6.388005e-07,-0.000162814
6.389005e-07,-0.000166706
6.390005e-07,-0.000168003
6.391005e-07,-0.000166057
6.392005e-07,-0.000160868
6.393005e-07,-0.000152436
6.394005e-07,-0.000140761
6.395005e-07,-0.00012714
6.396005e-07,-0.000112222
6.397005e-07,-9.60062e-05
6.398005e-07,-7.97907e-05
6.399005e-07,-6.5521e-05
6.400005e-07,-5.25486e-05
6.401005e-07,-4.21707e-05
6.402005e-07,-3.50359e-05
6.403005e-07,-3.11441e-05
6.404005e-07,-3.11441e-05
6.405005e-07,-3.37386e-05
6.406005e-07,-3.89276e-05
6.407005e-07,-4.60624e-05
6.408005e-07,-5.31972e-05
6.409005e-07,-6.09807e-05
6.410005e-07,-6.74669e-05
6.411005e-07,-7.26558e-05
6.412005e-07,-7.65476e-05
6.413005e-07,-7.84934e-05
6.414005e-07,-7.78448e-05
6.415005e-07,-7.46017e-05
6.416005e-07,-6.94127e-05
6.417005e-07,-6.22779e-05
6.418005e-07,-5.25486e-05
6.419005e-07,-4.21707e-05
6.420005e-07,-3.04955e-05
6.421005e-07,-1.81717e-05
6.422005e-07,-6.49658e-06
6.423005e-07,3.23272e-06
6.424005e-07,1.16648e-05
6.425005e-07,1.62051e-05
6.426005e-07,1.87996e-05
6.427005e-07,1.75024e-05
6.428005e-07,1.23134e-05
6.429005e-07,5.17858e-06
6.430005e-07,-4.55072e-06
6.431005e-07,-1.62259e-05
6.432005e-07,-2.85497e-05
6.433005e-07,-4.02248e-05
6.434005e-07,-4.93055e-05
6.435005e-07,-5.57917e-05
6.436005e-07,-5.96834e-05
6.437005e-07,-5.90348e-05
6.438005e-07,-5.51431e-05
6.439005e-07,-4.80083e-05
6.440005e-07,-3.89276e-05
6.441005e-07,-2.72524e-05
6.442005e-07,-1.62259e-05
6.443005e-07,-6.49658e-06
6.444005e-07,1.93548e-06
6.445005e-07,7.12444e-06
6.446005e-07,8.42168e-06
6.447005e-07,7.12444e-06
6.448005e-07,1.93548e-06
6.449005e-07,-5.84796e-06
6.450005e-07,-1.55773e-05
6.451005e-07,-2.59552e-05
6.452005e-07,-3.63331e-05
6.453005e-07,-4.54138e-05
6.454005e-07,-5.19e-05
6.455005e-07,-5.51431e-05
6.456005e-07,-5.44945e-05
6.457005e-07,-4.93055e-05
6.458005e-07,-3.89276e-05
6.459005e-07,-2.27121e-05
6.460005e-07,-2.60486e-06
6.461005e-07,2.13941e-05
6.462005e-07,4.66903e-05
6.463005e-07,7.19865e-05
6.464005e-07,9.53368e-05
6.465005e-07,0.000115444
6.466005e-07,0.000129714
6.467005e-07,0.0001362
6.468005e-07,0.000134254
6.469005e-07,0.000123227
6.470005e-07,0.000103769
6.471005e-07,7.71754e-05
6.472005e-07,4.47444e-05
6.473005e-07,9.0703e-06
6.474005e-07,-2.7901e-05
6.475005e-07,-6.48724e-05
6.476005e-07,-9.98979e-05
6.477005e-07,-0.00013168
6.478005e-07,-0.000158922
6.479005e-07,-0.000181624
6.480005e-07,-0.000201083
6.481005e-07,-0.000217298
6.482005e-07,-0.000228973
6.483005e-07,-0.000238054
6.484005e-07,-0.000243243
6.485005e-07,-0.00024454
6.486005e-07,-0.000241297
6.487005e-07,-0.000232865
6.488005e-07,-0.000219244
6.489005e-07,-0.000199137
6.490005e-07,-0.000173841
6.491005e-07,-0.000144653
6.492005e-07,-0.000112222
6.493005e-07,-7.9142e-05
6.494005e-07,-4.73596e-05
6.495005e-07,-1.88204e-05
6.496005e-07,4.52996e-06
6.497005e-07,2.26913e-05
6.498005e-07,3.43665e-05
6.499005e-07,4.08527e-05
6.500005e-07,4.21499e-05
6.501005e-07,4.02041e-05
6.502005e-07,3.76096e-05
6.503005e-07,3.50151e-05
6.504005e-07,3.30692e-05
6.505005e-07,3.37179e-05
6.506005e-07,3.63124e-05
6.507005e-07,4.02041e-05
6.508005e-07,4.34472e-05
6.509005e-07,4.5393e-05
6.510005e-07,4.5393e-05
6.511005e-07,4.15013e-05
6.512005e-07,3.30692e-05
6.513005e-07,2.13941e-05
6.514005e-07,5.17858e-06
6.515005e-07,-1.428e-05
6.516005e-07,-3.56845e-05
6.517005e-07,-5.83862e-05
6.518005e-07,-7.97907e-05
6.519005e-07,-9.92493e-05
6.520005e-07,-0.000115465
6.521005e-07,-0.000126491
6.522005e-07,-0.000132329
6.523005e-07,-0.000132329
6.524005e-07,-0.000126491
6.525005e-07,-0.000114816
6.526005e-07,-9.86006e-05
6.527005e-07,-7.9142e-05
6.528005e-07,-5.83862e-05
6.529005e-07,-3.76303e-05
6.530005e-07,-1.9469e-05
6.531005e-07,-5.84796e-06
6.532005e-07,3.23272e-06
6.533005e-07,7.12444e-06
6.534005e-07,6.47582e-06
6.535005e-07,2.5841e-06
6.536005e-07,-3.25348e-06
6.537005e-07,-9.09106e-06
6.538005e-07,-1.23342e-05
6.539005e-07,-1.23342e-05
6.540005e-07,-7.79382e-06
6.541005e-07,1.93548e-06
6.542005e-07,1.55565e-05
6.543005e-07,3.24206e-05
6.544005e-07,4.99334e-05
6.545005e-07,6.80947e-05
6.546005e-07,8.36616e-05
6.547005e-07,9.59854e-05
6.548005e-07,0.000104417
6.549005e-07,0.000109606
6.550005e-07,0.000111552
6.551005e-07,0.000109606
6.552005e-07,0.000106363
6.553005e-07,0.000102472
6.554005e-07,9.72826e-05
6.555005e-07,9.14451e-05
6.556005e-07,8.56075e-05
6.557005e-07,8.04185e-05
6.558005e-07,7.52296e-05
6.559005e-07,6.9392e-05
6.560005e-07,6.29058e-05
6.561005e-07,5.64196e-05
6.562005e-07,5.12306e-05
6.563005e-07,4.60417e-05
6.564005e-07,4.21499e-05
6.565005e-07,3.82582e-05
6.566005e-07,3.56637e-05
6.567005e-07,3.1772e-05
6.568005e-07,2.78803e-05
6.569005e-07,2.20427e-05
6.570005e-07,1.49079e-05
6.571005e-07,5.17858e-06
6.572005e-07,-5.84796e-06
6.573005e-07,-1.88204e-05
6.574005e-07,-3.24414e-05
6.575005e-07,-4.60624e-05
6.576005e-07,-5.83862e-05
6.577005e-07,-6.81155e-05
6.578005e-07,-7.46017e-05
6.579005e-07,-7.78448e-05
6.580005e-07,-7.78448e-05
6.581005e-07,-7.46017e-05
6.582005e-07,-6.81155e-05
6.583005e-07,-6.03321e-05
6.584005e-07,-5.19e-05
6.585005e-07,-4.41165e-05
6.586005e-07,-3.69817e-05
6.587005e-07,-3.04955e-05
6.588005e-07,-2.53066e-05
6.589005e-07,-2.20635e-05
6.590005e-07,-1.9469e-05
6.591005e-07,-1.9469e-05
6.592005e-07,-2.01176e-05
6.593005e-07,-2.33607e-05
6.594005e-07,-2.91983e-05
6.595005e-07,-3.8279e-05
6.596005e-07,-5.06027e-05
6.597005e-07,-6.68183e-05
6.598005e-07,-8.69255e-05
6.599005e-07,-0.000110276
6.600005e-07,-0.000136869
6.601005e-07,-0.000162814
6.602005e-07,-0.000186813
6.603005e-07,-0.00020692
6.604005e-07,-0.000221838
6.605005e-07,-0.000228973
6.606005e-07,-0.000228325
6.607005e-07,-0.000219244
6.608005e-07,-0.00020238
6.609005e-07,-0.000180327
6.610005e-07,-0.000154382
6.611005e-07,-0.000128437
6.612005e-07,-0.000103141
6.613005e-07,-8.10879e-05
6.614005e-07,-6.42238e-05
6.615005e-07,-5.25486e-05
6.616005e-07,-4.54138e-05
6.617005e-07,-4.34679e-05
6.618005e-07,-4.47652e-05
6.619005e-07,-4.80083e-05
6.620005e-07,-5.12514e-05
6.621005e-07,-5.44945e-05
6.622005e-07,-5.64403e-05
6.623005e-07,-5.7089e-05
6.624005e-07,-5.7089e-05
6.625005e-07,-5.64403e-05
6.626005e-07,-5.57917e-05
6.627005e-07,-5.57917e-05
6.628005e-07,-5.57917e-05
6.629005e-07,-5.64403e-05
6.630005e-07,-5.7089e-05
6.631005e-07,-5.7089e-05
6.632005e-07,-5.57917e-05
6.633005e-07,-5.31972e-05
6.634005e-07,-4.80083e-05
6.635005e-07,-4.21707e-05
6.636005e-07,-3.63331e-05
6.637005e-07,-3.11441e-05
6.638005e-07,-2.72524e-05
6.639005e-07,-2.53066e-05
6.640005e-07,-2.59552e-05
6.641005e-07,-2.85497e-05
6.642005e-07,-3.309e-05
6.643005e-07,-4.02248e-05
6.644005e-07,-4.80083e-05
6.645005e-07,-5.51431e-05
6.646005e-07,-6.22779e-05
6.647005e-07,-6.74669e-05
6.648005e-07,-7.071e-05
6.649005e-07,-7.20072e-05
6.650005e-07,-7.071e-05
6.651005e-07,-6.74669e-05
6.652005e-07,-6.29265e-05
6.653005e-07,-5.57917e-05
6.654005e-07,-4.73596e-05
6.655005e-07,-3.8279e-05
6.656005e-07,-2.7901e-05
6.657005e-07,-1.81717e-05
6.658005e-07,-8.44244e-06
6.659005e-07,-6.58998e-07
6.660005e-07,3.88134e-06
6.661005e-07,5.17858e-06
6.662005e-07,3.23272e-06
6.663005e-07,-3.25348e-06
6.664005e-07,-1.23342e-05
6.665005e-07,-2.40093e-05
6.666005e-07,-3.63331e-05
6.667005e-07,-4.93055e-05
6.668005e-07,-6.16293e-05
6.669005e-07,-7.00614e-05
6.670005e-07,-7.52503e-05
6.671005e-07,-7.71962e-05
6.672005e-07,-7.46017e-05
6.673005e-07,-6.81155e-05
6.674005e-07,-5.90348e-05
6.675005e-07,-4.99541e-05
6.676005e-07,-4.15221e-05
6.677005e-07,-3.43872e-05
6.678005e-07,-3.04955e-05
6.679005e-07,-2.98469e-05
6.680005e-07,-3.309e-05
6.681005e-07,-3.8279e-05
6.682005e-07,-4.41165e-05
6.683005e-07,-4.93055e-05
6.684005e-07,-5.38459e-05
6.685005e-07,-5.57917e-05
6.686005e-07,-5.44945e-05
6.687005e-07,-4.86569e-05
6.688005e-07,-3.89276e-05
6.689005e-07,-2.66038e-05
6.690005e-07,-1.10369e-05
6.691005e-07,5.8272e-06
6.692005e-07,2.26913e-05
6.693005e-07,4.02041e-05
6.694005e-07,5.70682e-05
6.695005e-07,7.32837e-05
6.696005e-07,8.75533e-05
6.697005e-07,0.000100526
6.698005e-07,0.000110904
6.699005e-07,0.000118687
6.700005e-07,0.000122579
6.701005e-07,0.000122579
6.702005e-07,0.00011739
6.703005e-07,0.000108309
6.704005e-07,9.40395e-05
6.705005e-07,7.58782e-05
6.706005e-07,5.38251e-05
6.707005e-07,2.98261e-05
6.708005e-07,5.17858e-06
6.709005e-07,-1.88204e-05
6.710005e-07,-3.95762e-05
6.711005e-07,-5.57917e-05
6.712005e-07,-6.61696e-05
6.713005e-07,-7.00614e-05
6.714005e-07,-6.81155e-05
6.715005e-07,-6.16293e-05
6.716005e-07,-5.06027e-05
6.717005e-07,-3.76303e-05
6.718005e-07,-2.46579e-05
6.719005e-07,-1.23342e-05
6.720005e-07,-1.30762e-06
6.721005e-07,7.12444e-06
6.722005e-07,1.42593e-05
6.723005e-07,1.94482e-05
6.724005e-07,2.39886e-05
6.725005e-07,2.91775e-05
6.726005e-07,3.56637e-05
6.727005e-07,4.34472e-05
6.728005e-07,5.18792e-05
6.729005e-07,6.09599e-05
6.730005e-07,6.87434e-05
6.731005e-07,7.32837e-05
6.732005e-07,7.39323e-05
6.733005e-07,7.00406e-05
6.734005e-07,6.03113e-05
6.735005e-07,4.47444e-05
6.736005e-07,2.26913e-05
6.737005e-07,-3.9021e-06
6.738005e-07,-3.56845e-05
6.739005e-07,-7.00614e-05
6.740005e-07,-0.000105735
6.741005e-07,-0.000140761
6.742005e-07,-0.000174489
6.743005e-07,-0.000204326
6.744005e-07,-0.000230271
6.745005e-07,-0.000249729
6.746005e-07,-0.00026335
6.747005e-07,-0.000269188
6.748005e-07,-0.000265945
6.749005e-07,-0.000254269
6.750005e-07,-0.000233514
6.751005e-07,-0.000203677
6.752005e-07,-0.000166706
6.753005e-07,-0.000123897
6.754005e-07,-7.65476e-05
6.755005e-07,-2.85497e-05
6.756005e-07,1.62051e-05
6.757005e-07,5.70682e-05
6.758005e-07,9.01478e-05
6.759005e-07,0.000114147
6.760005e-07,0.000128416
6.761005e-07,0.000132957
6.762005e-07,0.000128416
6.763005e-07,0.00011739
6.764005e-07,0.000101823
6.765005e-07,8.43102e-05
6.766005e-07,6.67975e-05
6.767005e-07,5.18792e-05
6.768005e-07,4.08527e-05
6.769005e-07,3.37179e-05
6.770005e-07,3.11234e-05
6.771005e-07,3.30692e-05
6.772005e-07,3.76096e-05
6.773005e-07,4.5393e-05
6.774005e-07,5.44737e-05
6.775005e-07,6.4203e-05
6.776005e-07,7.32837e-05
6.777005e-07,8.10671e-05
6.778005e-07,8.69047e-05
6.779005e-07,8.94992e-05
6.780005e-07,8.88506e-05
6.781005e-07,8.43102e-05
6.782005e-07,7.58782e-05
6.783005e-07,6.48516e-05
6.784005e-07,5.12306e-05
6.785005e-07,3.56637e-05
6.786005e-07,1.87996e-05
6.787005e-07,1.93548e-06
6.788005e-07,-1.428e-05
6.789005e-07,-2.85497e-05
6.790005e-07,-4.02248e-05
6.791005e-07,-4.86569e-05
6.792005e-07,-5.51431e-05
6.793005e-07,-5.96834e-05
6.794005e-07,-6.29265e-05
6.795005e-07,-6.68183e-05
6.796005e-07,-7.13586e-05
6.797005e-07,-7.71962e-05
6.798005e-07,-8.36824e-05
6.799005e-07,-9.14658e-05
6.800005e-07,-9.86006e-05
6.801005e-07,-0.000104438
6.802005e-07,-0.000107681
6.803005e-07,-0.000107033
6.804005e-07,-0.000103141
6.805005e-07,-9.53575e-05
6.806005e-07,-8.4331e-05
6.807005e-07,-7.13586e-05
6.808005e-07,-5.90348e-05
6.809005e-07,-4.86569e-05
6.810005e-07,-4.21707e-05
6.811005e-07,-4.08734e-05
6.812005e-07,-4.47652e-05
6.813005e-07,-5.31972e-05
6.814005e-07,-6.61696e-05
6.815005e-07,-8.30338e-05
6.816005e-07,-0.000101195
6.817005e-07,-0.000120005
6.818005e-07,-0.000137518
6.819005e-07,-0.000153085
6.820005e-07,-0.000165409
6.821005e-07,-0.000174489
6.822005e-07,-0.000180975
6.823005e-07,-0.000186164
6.824005e-07,-0.000189407
6.825005e-07,-0.000190705
6.826005e-07,-0.000190705
6.827005e-07,-0.000188759
6.828005e-07,-0.00018357
