LECROYWaveRunner‘N,20113,Waveform
Segments,1,SegmentSize,2002
Segment,TrigTime,TimeSinceSegment1
#1,01-Oct-2018 13:41:22,0                 
Time,Ampl
4.827823e-07,3.30692e-05
4.828823e-07,1.42593e-05
4.829823e-07,1.28686e-06
4.830823e-07,-5.84796e-06
4.831823e-07,-7.1452e-06
4.832823e-07,-3.9021e-06
4.833823e-07,4.52996e-06
4.834823e-07,1.62051e-05
4.835823e-07,2.91775e-05
4.836823e-07,4.34472e-05
4.837823e-07,5.70682e-05
4.838823e-07,6.9392e-05
4.839823e-07,7.91213e-05
4.840823e-07,8.69047e-05
4.841823e-07,9.27423e-05
4.842823e-07,9.72826e-05
4.843823e-07,0.000102472
4.844823e-07,0.000107661
4.845823e-07,0.000114795
4.846823e-07,0.000123876
4.847823e-07,0.000136848
4.848823e-07,0.000152415
4.849823e-07,0.000170577
4.850823e-07,0.000190684
4.851823e-07,0.000210791
4.852823e-07,0.00023025
4.853823e-07,0.000247763
4.854823e-07,0.000260735
4.855823e-07,0.00026787
4.856823e-07,0.000267221
4.857823e-07,0.000259438
4.858823e-07,0.000243222
4.859823e-07,0.000219872
4.860823e-07,0.000189387
4.861823e-07,0.00015501
4.862823e-07,0.000118687
4.863823e-07,8.3013e-05
4.864823e-07,4.92848e-05
4.865823e-07,1.94482e-05
4.866823e-07,-3.25348e-06
4.867823e-07,-1.9469e-05
4.868823e-07,-2.7901e-05
4.869823e-07,-2.85497e-05
4.870823e-07,-2.20635e-05
4.871823e-07,-8.44244e-06
4.872823e-07,1.10162e-05
4.873823e-07,3.50151e-05
4.874823e-07,6.16085e-05
4.875823e-07,9.01478e-05
4.876823e-07,0.000119336
4.877823e-07,0.000146578
4.878823e-07,0.000170577
4.879823e-07,0.000190035
4.880823e-07,0.000203656
4.881823e-07,0.000212088
4.882823e-07,0.000214683
4.883823e-07,0.000212088
4.884823e-07,0.000204954
4.885823e-07,0.000195873
4.886823e-07,0.000185495
4.887823e-07,0.000174468
4.888823e-07,0.000165388
4.889823e-07,0.000158253
4.890823e-07,0.000152415
4.891823e-07,0.000149172
4.892823e-07,0.000145929
4.893823e-07,0.000142037
4.894823e-07,0.000137497
4.895823e-07,0.000130362
4.896823e-07,0.000120633
4.897823e-07,0.000107661
4.898823e-07,9.27423e-05
4.899823e-07,7.65268e-05
4.900823e-07,5.96627e-05
4.901823e-07,4.47444e-05
4.902823e-07,3.30692e-05
4.903823e-07,2.52858e-05
4.904823e-07,2.20427e-05
4.905823e-07,2.26913e-05
4.906823e-07,2.72317e-05
4.907823e-07,3.43665e-05
4.908823e-07,4.27986e-05
4.909823e-07,5.25279e-05
4.910823e-07,6.22572e-05
4.911823e-07,7.06892e-05
4.912823e-07,7.84727e-05
4.913823e-07,8.49589e-05
4.914823e-07,9.14451e-05
4.915823e-07,9.72826e-05
4.916823e-07,0.000102472
4.917823e-07,0.000105715
4.918823e-07,0.000106363
4.919823e-07,0.000105066
4.920823e-07,9.98771e-05
4.921823e-07,9.14451e-05
4.922823e-07,8.04185e-05
4.923823e-07,6.74461e-05
4.924823e-07,5.31765e-05
4.925823e-07,3.95555e-05
4.926823e-07,2.78803e-05
4.927823e-07,1.94482e-05
4.928823e-07,1.55565e-05
4.929823e-07,1.68537e-05
4.930823e-07,2.26913e-05
4.931823e-07,3.30692e-05
4.932823e-07,4.73389e-05
4.933823e-07,6.4203e-05
4.934823e-07,8.3013e-05
4.935823e-07,0.000102472
4.936823e-07,0.000121282
4.937823e-07,0.000138794
4.938823e-07,0.000155658
4.939823e-07,0.000171874
4.940823e-07,0.000187441
4.941823e-07,0.00020171
4.942823e-07,0.00021598
4.943823e-07,0.000228953
4.944823e-07,0.000241925
4.945823e-07,0.000252951
4.946823e-07,0.000262681
4.947823e-07,0.000269167
4.948823e-07,0.00027241
4.949823e-07,0.000271113
4.950823e-07,0.000265924
4.951823e-07,0.000256843
4.952823e-07,0.000245168
4.953823e-07,0.000231547
4.954823e-07,0.000217277
4.955823e-07,0.000202359
4.956823e-07,0.000187441
4.957823e-07,0.000173171
4.958823e-07,0.00015955
4.959823e-07,0.000145929
4.960823e-07,0.000131011
4.961823e-07,0.000115444
4.962823e-07,9.98771e-05
4.963823e-07,8.36616e-05
4.964823e-07,6.67975e-05
4.965823e-07,5.12306e-05
4.966823e-07,3.63124e-05
4.967823e-07,2.39886e-05
4.968823e-07,1.42593e-05
4.969823e-07,7.77306e-06
4.970823e-07,4.52996e-06
4.971823e-07,3.23272e-06
4.972823e-07,3.88134e-06
4.973823e-07,6.47582e-06
4.974823e-07,9.71892e-06
4.975823e-07,1.23134e-05
4.976823e-07,1.42593e-05
4.977823e-07,1.62051e-05
4.978823e-07,1.87996e-05
4.979823e-07,2.13941e-05
4.980823e-07,2.59344e-05
4.981823e-07,3.37179e-05
4.982823e-07,4.47444e-05
4.983823e-07,5.96627e-05
4.984823e-07,7.7824e-05
4.985823e-07,9.85799e-05
4.986823e-07,0.000121282
4.987823e-07,0.000143335
4.988823e-07,0.000163442
4.989823e-07,0.000179009
4.990823e-07,0.000189387
4.991823e-07,0.000193278
4.992823e-07,0.000191333
4.993823e-07,0.000185495
4.994823e-07,0.000176414
4.995823e-07,0.000165388
4.996823e-07,0.00015501
4.997823e-07,0.000146578
4.998823e-07,0.000141389
4.999823e-07,0.000138794
5.000823e-07,0.000138794
5.001823e-07,0.000140092
5.002823e-07,0.000142686
5.003823e-07,0.000145281
5.004823e-07,0.000146578
5.005823e-07,0.000147226
5.006823e-07,0.000147226
5.007823e-07,0.000147226
5.008823e-07,0.000147875
5.009823e-07,0.000149821
5.010823e-07,0.000153713
5.011823e-07,0.000158902
5.012823e-07,0.000166685
5.013823e-07,0.000174468
5.014823e-07,0.000182252
5.015823e-07,0.000188089
5.016823e-07,0.000190684
5.017823e-07,0.000189387
5.018823e-07,0.000184846
5.019823e-07,0.000176414
5.020823e-07,0.000164091
5.021823e-07,0.000149821
5.022823e-07,0.000134903
5.023823e-07,0.000121282
5.024823e-07,0.000108958
5.025823e-07,0.000100526
5.026823e-07,9.46882e-05
5.027823e-07,9.33909e-05
5.028823e-07,9.53368e-05
5.029823e-07,0.000100526
5.030823e-07,0.000108958
5.031823e-07,0.000119984
5.032823e-07,0.000134254
5.033823e-07,0.000149172
5.034823e-07,0.000165388
5.035823e-07,0.000180955
5.036823e-07,0.000195224
5.037823e-07,0.000206899
5.038823e-07,0.000214683
5.039823e-07,0.000216629
5.040823e-07,0.000212737
5.041823e-07,0.000201062
5.042823e-07,0.000182901
5.043823e-07,0.000158253
5.044823e-07,0.000129714
5.045823e-07,9.92285e-05
5.046823e-07,6.9392e-05
5.047823e-07,4.34472e-05
5.048823e-07,2.20427e-05
5.049823e-07,5.17858e-06
5.050823e-07,-7.79382e-06
5.051823e-07,-1.75231e-05
5.052823e-07,-2.7901e-05
5.053823e-07,-4.15221e-05
5.054823e-07,-6.09807e-05
5.055823e-07,-9.08172e-05
5.056823e-07,-0.00013168
5.057823e-07,-0.000186164
5.058823e-07,-0.000252324
5.059823e-07,-0.000330807
5.060823e-07,-0.00041837
5.061823e-07,-0.000513069
5.062823e-07,-0.000611659
5.063823e-07,-0.000712844
5.064823e-07,-0.000815326
5.065823e-07,-0.000919105
5.066823e-07,-0.00102288
5.067823e-07,-0.00112796
5.068823e-07,-0.00123628
5.069823e-07,-0.00134784
5.070823e-07,-0.00146265
5.071823e-07,-0.0015807
5.072823e-07,-0.00170069
5.073823e-07,-0.00182198
5.074823e-07,-0.00194263
5.075823e-07,-0.00206197
5.076823e-07,-0.00217743
5.077823e-07,-0.00228899
5.078823e-07,-0.00239666
5.079823e-07,-0.00250044
5.080823e-07,-0.00260227
5.081823e-07,-0.00270216
5.082823e-07,-0.00280075
5.083823e-07,-0.00289805
5.084823e-07,-0.00299469
5.085823e-07,-0.00308939
5.086823e-07,-0.00318019
5.087823e-07,-0.00326452
5.088823e-07,-0.0033417
5.089823e-07,-0.00340721
5.090823e-07,-0.0034604
5.091823e-07,-0.00349932
5.092823e-07,-0.00352591
5.093823e-07,-0.00354018
5.094823e-07,-0.00354407
5.095823e-07,-0.00354018
5.096823e-07,-0.00353045
5.097823e-07,-0.00351618
5.098823e-07,-0.00349996
5.099823e-07,-0.0034818
5.100823e-07,-0.00346234
5.101823e-07,-0.00343964
5.102823e-07,-0.0034137
5.103823e-07,-0.00338321
5.104823e-07,-0.00334754
5.105823e-07,-0.00330603
5.106823e-07,-0.00325738
5.107823e-07,-0.0032029
5.108823e-07,-0.00314322
5.109823e-07,-0.00308096
5.110823e-07,-0.00301609
5.111823e-07,-0.00295123
5.112823e-07,-0.00288767
5.113823e-07,-0.0028254
5.114823e-07,-0.00276702
5.115823e-07,-0.00271189
5.116823e-07,-0.0026613
5.117823e-07,-0.0026159
5.118823e-07,-0.00257568
5.119823e-07,-0.00254066
5.120823e-07,-0.00250887
5.121823e-07,-0.00248033
5.122823e-07,-0.00245374
5.123823e-07,-0.00242909
5.124823e-07,-0.00240509
5.125823e-07,-0.00238109
5.126823e-07,-0.00235515
5.127823e-07,-0.00232596
5.128823e-07,-0.00229353
5.129823e-07,-0.00225721
5.130823e-07,-0.00221699
5.131823e-07,-0.00217354
5.132823e-07,-0.00212748
5.133823e-07,-0.00208143
5.134823e-07,-0.00203668
5.135823e-07,-0.00199581
5.136823e-07,-0.00195949
5.137823e-07,-0.00192901
5.138823e-07,-0.00190501
5.139823e-07,-0.0018849
5.140823e-07,-0.00186869
5.141823e-07,-0.00185442
5.142823e-07,-0.0018382
5.143823e-07,-0.00181744
5.144823e-07,-0.0017902
5.145823e-07,-0.00175518
5.146823e-07,-0.00171042
5.147823e-07,-0.00165594
5.148823e-07,-0.00159367
5.149823e-07,-0.00152427
5.150823e-07,-0.00144968
5.151823e-07,-0.00137314
5.152823e-07,-0.0012966
5.153823e-07,-0.00122201
5.154823e-07,-0.00115131
5.155823e-07,-0.0010871
5.156823e-07,-0.00102872
5.157823e-07,-0.000977481
5.158823e-07,-0.000932078
5.159823e-07,-0.000892512
5.160823e-07,-0.000858135
5.161823e-07,-0.000828947
5.162823e-07,-0.000803002
5.163823e-07,-0.0007803
5.164823e-07,-0.000760842
5.165823e-07,-0.00074268
5.166823e-07,-0.000727114
5.167823e-07,-0.000713493
5.168823e-07,-0.000702466
5.169823e-07,-0.000693385
5.170823e-07,-0.000687548
5.171823e-07,-0.000684953
5.172823e-07,-0.000685602
5.173823e-07,-0.000690791
5.174823e-07,-0.000699872
5.175823e-07,-0.000713493
5.176823e-07,-0.000731005
5.177823e-07,-0.000751761
5.178823e-07,-0.000773814
5.179823e-07,-0.000796516
5.180823e-07,-0.00081792
5.181823e-07,-0.000836082
5.182823e-07,-0.000849703
5.183823e-07,-0.000858135
5.184823e-07,-0.000862027
5.185823e-07,-0.000860081
5.186823e-07,-0.000854892
5.187823e-07,-0.00084646
5.188823e-07,-0.000837379
5.189823e-07,-0.000828947
5.190823e-07,-0.000821163
5.191823e-07,-0.000815326
5.192823e-07,-0.000811434
5.193823e-07,-0.000808191
5.194823e-07,-0.000804948
5.195823e-07,-0.000801056
5.196823e-07,-0.000795219
5.197823e-07,-0.000785489
5.198823e-07,-0.000773166
5.199823e-07,-0.000757599
5.200823e-07,-0.000741383
5.201823e-07,-0.000725168
5.202823e-07,-0.000709601
5.203823e-07,-0.000697277
5.204823e-07,-0.000688196
5.205823e-07,-0.000683007
5.206823e-07,-0.000681062
5.207823e-07,-0.000681062
5.208823e-07,-0.000682359
5.209823e-07,-0.00068171
5.210823e-07,-0.000677818
5.211823e-07,-0.000668738
5.212823e-07,-0.000655117
5.213823e-07,-0.000635658
5.214823e-07,-0.000612308
5.215823e-07,-0.000586363
5.216823e-07,-0.000558472
5.217823e-07,-0.000530582
5.218823e-07,-0.000504637
5.219823e-07,-0.000481935
5.220823e-07,-0.000463774
5.221823e-07,-0.000448207
5.222823e-07,-0.000435883
5.223823e-07,-0.000425505
5.224823e-07,-0.000415776
5.225823e-07,-0.000406695
5.226823e-07,-0.000397615
5.227823e-07,-0.000388534
5.228823e-07,-0.000380102
5.229823e-07,-0.000373616
5.230823e-07,-0.000369724
5.231823e-07,-0.000369075
5.232823e-07,-0.000372318
5.233823e-07,-0.000378156
5.234823e-07,-0.000385939
5.235823e-07,-0.00039502
5.236823e-07,-0.000402803
5.237823e-07,-0.000408641
5.238823e-07,-0.000410587
5.239823e-07,-0.000407992
5.240823e-07,-0.000401506
5.241823e-07,-0.000391128
5.242823e-07,-0.000378805
5.243823e-07,-0.000365184
5.244823e-07,-0.000352211
5.245823e-07,-0.000341185
5.246823e-07,-0.000333401
5.247823e-07,-0.000330158
5.248823e-07,-0.000329509
5.249823e-07,-0.000330807
5.250823e-07,-0.000332753
5.251823e-07,-0.000334698
5.252823e-07,-0.000335996
5.253823e-07,-0.000335347
5.254823e-07,-0.000333401
5.255823e-07,-0.000330158
5.256823e-07,-0.000327564
5.257823e-07,-0.000327564
5.258823e-07,-0.000330158
5.259823e-07,-0.000335996
5.260823e-07,-0.000345725
5.261823e-07,-0.000358049
5.262823e-07,-0.000371021
5.263823e-07,-0.000383994
5.264823e-07,-0.000392426
5.265823e-07,-0.00039502
5.266823e-07,-0.000391128
5.267823e-07,-0.000379453
5.268823e-07,-0.00036194
5.269823e-07,-0.000339239
5.270823e-07,-0.000313943
5.271823e-07,-0.000287998
5.272823e-07,-0.000264647
5.273823e-07,-0.000245837
5.274823e-07,-0.000231568
5.275823e-07,-0.000221838
5.276823e-07,-0.000216001
5.277823e-07,-0.000212758
5.278823e-07,-0.000210812
5.279823e-07,-0.000208217
5.280823e-07,-0.000204974
5.281823e-07,-0.000201083
5.282823e-07,-0.000197191
5.283823e-07,-0.000194596
5.284823e-07,-0.000193948
5.285823e-07,-0.000197191
5.286823e-07,-0.000204326
5.287823e-07,-0.00021665
5.288823e-07,-0.000230919
5.289823e-07,-0.000246486
5.290823e-07,-0.000260107
5.291823e-07,-0.000269836
5.292823e-07,-0.000273079
5.293823e-07,-0.000269188
5.294823e-07,-0.000256864
5.295823e-07,-0.000238054
5.296823e-07,-0.000214704
5.297823e-07,-0.000189407
5.298823e-07,-0.00016476
5.299823e-07,-0.000143355
5.300823e-07,-0.00012714
5.301823e-07,-0.000116762
5.302823e-07,-0.000110924
5.303823e-07,-0.000108979
5.304823e-07,-0.000109627
5.305823e-07,-0.000110276
5.306823e-07,-0.000108979
5.307823e-07,-0.000106384
5.308823e-07,-0.000101844
5.309823e-07,-9.73034e-05
5.310823e-07,-9.34117e-05
5.311823e-07,-9.27631e-05
5.312823e-07,-9.66548e-05
5.313823e-07,-0.000105087
5.314823e-07,-0.000118708
5.315823e-07,-0.000136221
5.316823e-07,-0.000155031
5.317823e-07,-0.000172543
5.318823e-07,-0.000186813
5.319823e-07,-0.000195245
5.320823e-07,-0.000197191
5.321823e-07,-0.000192002
5.322823e-07,-0.000179678
5.323823e-07,-0.000162814
5.324823e-07,-0.000143355
5.325823e-07,-0.000125194
5.326823e-07,-0.000108979
5.327823e-07,-9.73034e-05
5.328823e-07,-9.01686e-05
5.329823e-07,-8.75741e-05
5.330823e-07,-8.952e-05
5.331823e-07,-9.40603e-05
5.332823e-07,-9.98979e-05
5.333823e-07,-0.000105735
5.334823e-07,-0.000111573
5.335823e-07,-0.000116762
5.336823e-07,-0.000121951
5.337823e-07,-0.00012714
5.338823e-07,-0.000132978
5.339823e-07,-0.000139464
5.340823e-07,-0.000147247
5.341823e-07,-0.000155679
5.342823e-07,-0.000162165
5.343823e-07,-0.000166057
5.344823e-07,-0.000166706
5.345823e-07,-0.000162814
5.346823e-07,-0.000153085
5.347823e-07,-0.000138815
5.348823e-07,-0.000120005
5.349823e-07,-9.98979e-05
5.350823e-07,-8.04393e-05
5.351823e-07,-6.42238e-05
5.352823e-07,-5.19e-05
5.353823e-07,-4.34679e-05
5.354823e-07,-3.95762e-05
5.355823e-07,-3.8279e-05
5.356823e-07,-3.76303e-05
5.357823e-07,-3.43872e-05
5.358823e-07,-2.59552e-05
5.359823e-07,-1.10369e-05
5.360823e-07,1.16648e-05
5.361823e-07,4.15013e-05
5.362823e-07,7.58782e-05
5.363823e-07,0.000111552
5.364823e-07,0.000144632
5.365823e-07,0.000170577
5.366823e-07,0.000188089
5.367823e-07,0.000193927
5.368823e-07,0.000188089
5.369823e-07,0.000171225
5.370823e-07,0.000146578
5.371823e-07,0.00011739
5.372823e-07,8.75533e-05
5.373823e-07,6.03113e-05
5.374823e-07,3.76096e-05
5.375823e-07,2.13941e-05
5.376823e-07,1.16648e-05
5.377823e-07,7.12444e-06
5.378823e-07,7.12444e-06
5.379823e-07,9.0703e-06
5.380823e-07,1.10162e-05
5.381823e-07,1.16648e-05
5.382823e-07,1.03675e-05
5.383823e-07,8.42168e-06
5.384823e-07,6.47582e-06
5.385823e-07,5.8272e-06
5.386823e-07,7.77306e-06
5.387823e-07,1.2962e-05
5.388823e-07,2.13941e-05
5.389823e-07,3.30692e-05
5.390823e-07,4.73389e-05
5.391823e-07,6.35544e-05
5.392823e-07,7.7824e-05
5.393823e-07,9.07964e-05
5.394823e-07,0.000100526
5.395823e-07,0.000108958
5.396823e-07,0.000116093
5.397823e-07,0.000122579
5.398823e-07,0.000129714
5.399823e-07,0.000139443
5.400823e-07,0.000151118
5.401823e-07,0.000164739
5.402823e-07,0.00017836
5.403823e-07,0.000191333
5.404823e-07,0.000199765
5.405823e-07,0.000203008
5.406823e-07,0.00019717
5.407823e-07,0.000182901
5.408823e-07,0.000160199
5.409823e-07,0.000129714
5.410823e-07,9.27423e-05
5.411823e-07,5.25279e-05
5.412823e-07,1.10162e-05
5.413823e-07,-2.91983e-05
5.414823e-07,-6.74669e-05
5.415823e-07,-0.000101844
5.416823e-07,-0.000132978
5.417823e-07,-0.000162165
5.418823e-07,-0.000189407
5.419823e-07,-0.000216001
5.420823e-07,-0.000241297
5.421823e-07,-0.000263999
5.422823e-07,-0.000282809
5.423823e-07,-0.000297078
5.424823e-07,-0.000304213
5.425823e-07,-0.000302267
5.426823e-07,-0.000289944
5.427823e-07,-0.000268539
5.428823e-07,-0.000238054
5.429823e-07,-0.000200434
5.430823e-07,-0.000158922
5.431823e-07,-0.000117411
5.432823e-07,-7.97907e-05
5.433823e-07,-4.80083e-05
5.434823e-07,-2.33607e-05
5.435823e-07,-7.1452e-06
5.436823e-07,1.28686e-06
5.437823e-07,3.23272e-06
5.438823e-07,6.38242e-07
5.439823e-07,-4.55072e-06
5.440823e-07,-1.03883e-05
5.441823e-07,-1.55773e-05
5.442823e-07,-1.88204e-05
5.443823e-07,-2.14148e-05
5.444823e-07,-2.33607e-05
5.445823e-07,-2.59552e-05
5.446823e-07,-2.7901e-05
5.447823e-07,-3.17928e-05
5.448823e-07,-3.69817e-05
5.449823e-07,-4.21707e-05
5.450823e-07,-4.73596e-05
5.451823e-07,-4.93055e-05
5.452823e-07,-4.80083e-05
5.453823e-07,-4.15221e-05
5.454823e-07,-2.98469e-05
5.455823e-07,-1.36314e-05
5.456823e-07,5.8272e-06
5.457823e-07,2.59344e-05
5.458823e-07,4.47444e-05
5.459823e-07,5.96627e-05
5.460823e-07,7.06892e-05
5.461823e-07,7.71754e-05
5.462823e-07,7.84727e-05
5.463823e-07,7.71754e-05
5.464823e-07,7.45809e-05
5.465823e-07,7.26351e-05
5.466823e-07,7.39323e-05
5.467823e-07,7.84727e-05
5.468823e-07,8.69047e-05
5.469823e-07,9.79313e-05
5.470823e-07,0.000110255
5.471823e-07,0.000120633
5.472823e-07,0.000127119
5.473823e-07,0.000129065
5.474823e-07,0.000125173
5.475823e-07,0.000116093
5.476823e-07,0.000102472
5.477823e-07,8.62561e-05
5.478823e-07,7.06892e-05
5.479823e-07,5.83654e-05
5.480823e-07,4.99334e-05
5.481823e-07,4.60417e-05
5.482823e-07,4.73389e-05
5.483823e-07,5.18792e-05
5.484823e-07,5.70682e-05
5.485823e-07,6.03113e-05
5.486823e-07,5.96627e-05
5.487823e-07,5.25279e-05
5.488823e-07,3.89068e-05
5.489823e-07,1.87996e-05
5.490823e-07,-3.9021e-06
5.491823e-07,-2.85497e-05
5.492823e-07,-5.06027e-05
5.493823e-07,-6.81155e-05
5.494823e-07,-7.78448e-05
5.495823e-07,-7.97907e-05
5.496823e-07,-7.52503e-05
5.497823e-07,-6.42238e-05
5.498823e-07,-4.99541e-05
5.499823e-07,-3.56845e-05
5.500823e-07,-2.46579e-05
5.501823e-07,-1.81717e-05
5.502823e-07,-1.81717e-05
5.503823e-07,-2.40093e-05
5.504823e-07,-3.43872e-05
5.505823e-07,-4.6711e-05
5.506823e-07,-5.96834e-05
5.507823e-07,-7.00614e-05
5.508823e-07,-7.78448e-05
5.509823e-07,-8.30338e-05
5.510823e-07,-8.4331e-05
5.511823e-07,-8.49796e-05
5.512823e-07,-8.49796e-05
5.513823e-07,-8.62769e-05
5.514823e-07,-8.82227e-05
5.515823e-07,-9.08172e-05
5.516823e-07,-9.40603e-05
5.517823e-07,-9.60062e-05
5.518823e-07,-9.53575e-05
5.519823e-07,-9.01686e-05
5.520823e-07,-7.9142e-05
5.521823e-07,-6.22779e-05
5.522823e-07,-4.08734e-05
5.523823e-07,-1.62259e-05
5.524823e-07,9.0703e-06
5.525823e-07,3.30692e-05
5.526823e-07,5.25279e-05
5.527823e-07,6.55003e-05
5.528823e-07,7.13378e-05
5.529823e-07,7.06892e-05
5.530823e-07,6.61489e-05
5.531823e-07,5.90141e-05
5.532823e-07,5.18792e-05
5.533823e-07,4.66903e-05
5.534823e-07,4.60417e-05
5.535823e-07,5.12306e-05
5.536823e-07,6.03113e-05
5.537823e-07,7.32837e-05
5.538823e-07,8.94992e-05
5.539823e-07,0.000105715
5.540823e-07,0.000119984
5.541823e-07,0.000131011
5.542823e-07,0.000137497
5.543823e-07,0.000140092
5.544823e-07,0.000139443
5.545823e-07,0.0001362
5.546823e-07,0.000132308
5.547823e-07,0.000128416
5.548823e-07,0.000124525
5.549823e-07,0.00012193
5.550823e-07,0.000118038
5.551823e-07,0.00011285
5.552823e-07,0.000104417
5.553823e-07,9.27423e-05
5.554823e-07,7.7824e-05
5.555823e-07,5.90141e-05
5.556823e-07,3.82582e-05
5.557823e-07,1.62051e-05
5.558823e-07,-4.55072e-06
5.559823e-07,-2.20635e-05
5.560823e-07,-3.56845e-05
5.561823e-07,-4.54138e-05
5.562823e-07,-5.12514e-05
5.563823e-07,-5.44945e-05
5.564823e-07,-5.7089e-05
5.565823e-07,-6.09807e-05
5.566823e-07,-6.74669e-05
5.567823e-07,-7.78448e-05
5.568823e-07,-9.21144e-05
5.569823e-07,-0.000109627
5.570823e-07,-0.000127789
5.571823e-07,-0.000144653
5.572823e-07,-0.000156976
5.573823e-07,-0.000162814
5.574823e-07,-0.000160868
5.575823e-07,-0.000149842
5.576823e-07,-0.000130383
5.577823e-07,-0.000104438
5.578823e-07,-7.33045e-05
5.579823e-07,-3.95762e-05
5.580823e-07,-7.1452e-06
5.581823e-07,2.26913e-05
5.582823e-07,4.79875e-05
5.583823e-07,6.9392e-05
5.584823e-07,8.75533e-05
5.585823e-07,0.000102472
5.586823e-07,0.000116741
5.587823e-07,0.000131011
5.588823e-07,0.000145929
5.589823e-07,0.000160847
5.590823e-07,0.000175117
5.591823e-07,0.000186792
5.592823e-07,0.000194576
5.593823e-07,0.000195224
5.594823e-07,0.000188089
5.595823e-07,0.000173171
5.596823e-07,0.000149821
5.597823e-07,0.00012193
5.598823e-07,9.07964e-05
5.599823e-07,5.96627e-05
5.600823e-07,3.04748e-05
5.601823e-07,6.47582e-06
5.602823e-07,-1.10369e-05
5.603823e-07,-2.14148e-05
5.604823e-07,-2.59552e-05
5.605823e-07,-2.59552e-05
5.606823e-07,-2.40093e-05
5.607823e-07,-2.20635e-05
5.608823e-07,-2.07662e-05
5.609823e-07,-2.27121e-05
5.610823e-07,-2.72524e-05
5.611823e-07,-3.50359e-05
5.612823e-07,-4.41165e-05
5.613823e-07,-5.38459e-05
5.614823e-07,-6.29265e-05
5.615823e-07,-7.00614e-05
5.616823e-07,-7.52503e-05
5.617823e-07,-7.84934e-05
5.618823e-07,-7.9142e-05
5.619823e-07,-7.78448e-05
5.620823e-07,-7.52503e-05
5.621823e-07,-7.20072e-05
5.622823e-07,-6.74669e-05
5.623823e-07,-6.09807e-05
5.624823e-07,-5.12514e-05
5.625823e-07,-3.8279e-05
5.626823e-07,-2.07662e-05
5.627823e-07,1.28686e-06
5.628823e-07,2.6583e-05
5.629823e-07,5.38251e-05
5.630823e-07,7.91213e-05
5.631823e-07,0.000101174
5.632823e-07,0.000115444
5.633823e-07,0.000121282
5.634823e-07,0.00011739
5.635823e-07,0.000105066
5.636823e-07,8.56075e-05
5.637823e-07,6.16085e-05
5.638823e-07,3.82582e-05
5.639823e-07,1.8151e-05
5.640823e-07,5.8272e-06
5.641823e-07,4.52996e-06
5.642823e-07,1.42593e-05
5.643823e-07,3.50151e-05
5.644823e-07,6.48516e-05
5.645823e-07,9.92285e-05
5.646823e-07,0.0001362
5.647823e-07,0.000169928
5.648823e-07,0.000199765
5.649823e-07,0.000222466
5.650823e-07,0.000237385
5.651823e-07,0.000245168
5.652823e-07,0.000248411
5.653823e-07,0.00024906
5.654823e-07,0.00024906
5.655823e-07,0.000250357
5.656823e-07,0.000252303
5.657823e-07,0.000255546
5.658823e-07,0.000259438
5.659823e-07,0.000263329
5.660823e-07,0.000263978
5.661823e-07,0.000262032
5.662823e-07,0.000254897
5.663823e-07,0.000244519
5.664823e-07,0.000230898
5.665823e-07,0.000217277
5.666823e-07,0.000205602
5.667823e-07,0.000198467
5.668823e-07,0.00019717
5.669823e-07,0.000202359
5.670823e-07,0.000213386
5.671823e-07,0.000228304
5.672823e-07,0.000247114
5.673823e-07,0.000265924
5.674823e-07,0.000282788
5.675823e-07,0.000295112
5.676823e-07,0.000302895
5.677823e-07,0.00030549
5.678823e-07,0.000304841
5.679823e-07,0.000302247
5.680823e-07,0.000299004
5.681823e-07,0.000297058
5.682823e-07,0.000297706
5.683823e-07,0.000300301
5.684823e-07,0.000304841
5.685823e-07,0.00031003
5.686823e-07,0.000313922
5.687823e-07,0.000315219
5.688823e-07,0.000313273
5.689823e-07,0.000306787
5.690823e-07,0.00029576
5.691823e-07,0.000282139
5.692823e-07,0.000267221
5.693823e-07,0.000252303
5.694823e-07,0.00023933
5.695823e-07,0.000228304
5.696823e-07,0.000221169
5.697823e-07,0.000217926
5.698823e-07,0.000218575
5.699823e-07,0.000221818
5.700823e-07,0.000227007
5.701823e-07,0.000231547
5.702823e-07,0.000236736
5.703823e-07,0.000240628
5.704823e-07,0.000243871
5.705823e-07,0.000246465
5.706823e-07,0.000247763
5.707823e-07,0.000248411
5.708823e-07,0.000248411
5.709823e-07,0.000247114
5.710823e-07,0.000243222
5.711823e-07,0.000237385
5.712823e-07,0.000226358
5.713823e-07,0.00021144
5.714823e-07,0.000191981
5.715823e-07,0.000168631
5.716823e-07,0.000142037
5.717823e-07,0.000115444
5.718823e-07,8.94992e-05
5.719823e-07,6.80947e-05
5.720823e-07,5.12306e-05
5.721823e-07,4.08527e-05
5.722823e-07,3.82582e-05
5.723823e-07,4.15013e-05
5.724823e-07,4.92848e-05
5.725823e-07,6.09599e-05
5.726823e-07,7.32837e-05
5.727823e-07,8.49589e-05
5.728823e-07,9.33909e-05
5.729823e-07,9.72826e-05
5.730823e-07,9.59854e-05
5.731823e-07,9.07964e-05
5.732823e-07,8.17158e-05
5.733823e-07,7.06892e-05
5.734823e-07,5.90141e-05
5.735823e-07,4.86361e-05
5.736823e-07,3.89068e-05
5.737823e-07,3.1772e-05
5.738823e-07,2.6583e-05
5.739823e-07,2.26913e-05
5.740823e-07,1.94482e-05
5.741823e-07,1.62051e-05
5.742823e-07,1.16648e-05
5.743823e-07,5.8272e-06
5.744823e-07,-1.30762e-06
5.745823e-07,-9.09106e-06
5.746823e-07,-1.68745e-05
5.747823e-07,-2.33607e-05
5.748823e-07,-2.85497e-05
5.749823e-07,-3.17928e-05
5.750823e-07,-3.309e-05
5.751823e-07,-3.24414e-05
5.752823e-07,-3.17928e-05
5.753823e-07,-3.309e-05
5.754823e-07,-3.63331e-05
5.755823e-07,-4.28193e-05
5.756823e-07,-5.12514e-05
5.757823e-07,-6.09807e-05
5.758823e-07,-7.13586e-05
5.759823e-07,-8.04393e-05
5.760823e-07,-8.62769e-05
5.761823e-07,-8.69255e-05
5.762823e-07,-8.10879e-05
5.763823e-07,-6.94127e-05
5.764823e-07,-5.25486e-05
5.765823e-07,-3.17928e-05
5.766823e-07,-8.44244e-06
5.767823e-07,1.49079e-05
5.768823e-07,3.63124e-05
5.769823e-07,5.51223e-05
5.770823e-07,7.06892e-05
5.771823e-07,8.36616e-05
5.772823e-07,9.46882e-05
5.773823e-07,0.000105715
5.774823e-07,0.00011739
5.775823e-07,0.000130362
5.776823e-07,0.000145929
5.777823e-07,0.000161496
5.778823e-07,0.000176414
5.779823e-07,0.000189387
5.780823e-07,0.000198467
5.781823e-07,0.000202359
5.782823e-07,0.000201062
5.783823e-07,0.000193278
5.784823e-07,0.000180955
5.785823e-07,0.000165388
5.786823e-07,0.000149172
5.787823e-07,0.000133605
5.788823e-07,0.000121282
5.789823e-07,0.000112201
5.790823e-07,0.000107661
5.791823e-07,0.000107012
5.792823e-07,0.000108958
5.793823e-07,0.000110904
5.794823e-07,0.000112201
5.795823e-07,0.000110904
5.796823e-07,0.000106363
5.797823e-07,9.79313e-05
5.798823e-07,8.75533e-05
5.799823e-07,7.58782e-05
5.800823e-07,6.4203e-05
5.801823e-07,5.31765e-05
5.802823e-07,4.34472e-05
5.803823e-07,3.50151e-05
5.804823e-07,2.78803e-05
5.805823e-07,2.07455e-05
5.806823e-07,1.36106e-05
5.807823e-07,5.17858e-06
5.808823e-07,-5.84796e-06
5.809823e-07,-1.88204e-05
5.810823e-07,-3.309e-05
5.811823e-07,-4.6711e-05
5.812823e-07,-5.96834e-05
5.813823e-07,-6.87641e-05
5.814823e-07,-7.26558e-05
5.815823e-07,-6.94127e-05
5.816823e-07,-5.96834e-05
5.817823e-07,-4.28193e-05
5.818823e-07,-1.88204e-05
5.819823e-07,9.71892e-06
5.820823e-07,4.15013e-05
5.821823e-07,7.39323e-05
5.822823e-07,0.000106363
5.823823e-07,0.000137497
5.824823e-07,0.000164739
5.825823e-07,0.000189387
5.826823e-07,0.000210143
5.827823e-07,0.000227007
5.828823e-07,0.000240628
5.829823e-07,0.000250357
5.830823e-07,0.000256843
5.831823e-07,0.000260086
5.832823e-07,0.000257492
5.833823e-07,0.000249708
5.834823e-07,0.000236087
5.835823e-07,0.000217926
5.836823e-07,0.000195873
5.837823e-07,0.000173171
5.838823e-07,0.000151767
5.839823e-07,0.000134254
5.840823e-07,0.000123227
5.841823e-07,0.000120633
5.842823e-07,0.000128416
5.843823e-07,0.000146578
5.844823e-07,0.00017382
5.845823e-07,0.000206899
5.846823e-07,0.000243871
5.847823e-07,0.000280194
5.848823e-07,0.000312625
5.849823e-07,0.000337921
5.850823e-07,0.000354136
5.851823e-07,0.000361271
5.852823e-07,0.000358028
5.853823e-07,0.000346353
5.854823e-07,0.00032884
5.855823e-07,0.000308084
5.856823e-07,0.000284734
5.857823e-07,0.000261384
5.858823e-07,0.000238033
5.859823e-07,0.00021598
5.860823e-07,0.000193927
5.861823e-07,0.000172523
5.862823e-07,0.000150469
5.863823e-07,0.000127768
5.864823e-07,0.000102472
5.865823e-07,7.65268e-05
5.866823e-07,4.99334e-05
5.867823e-07,2.46372e-05
5.868823e-07,3.23272e-06
5.869823e-07,-1.29828e-05
5.870823e-07,-2.40093e-05
5.871823e-07,-2.7901e-05
5.872823e-07,-2.66038e-05
5.873823e-07,-2.07662e-05
5.874823e-07,-1.03883e-05
5.875823e-07,3.23272e-06
5.876823e-07,1.8151e-05
5.877823e-07,3.37179e-05
5.878823e-07,4.92848e-05
5.879823e-07,6.4203e-05
5.880823e-07,7.84727e-05
5.881823e-07,9.20937e-05
5.882823e-07,0.000104417
5.883823e-07,0.000116093
5.884823e-07,0.000126471
5.885823e-07,0.0001362
5.886823e-07,0.000144632
5.887823e-07,0.000151118
5.888823e-07,0.000154361
5.889823e-07,0.000155658
5.890823e-07,0.000153713
5.891823e-07,0.000150469
5.892823e-07,0.000146578
5.893823e-07,0.000142037
5.894823e-07,0.000139443
5.895823e-07,0.000138146
5.896823e-07,0.000137497
5.897823e-07,0.000138146
5.898823e-07,0.000139443
5.899823e-07,0.000141389
5.900823e-07,0.000143335
5.901823e-07,0.000144632
5.902823e-07,0.000145929
5.903823e-07,0.000146578
5.904823e-07,0.000147226
5.905823e-07,0.000149172
5.906823e-07,0.000152415
5.907823e-07,0.00015955
5.908823e-07,0.000169928
5.909823e-07,0.000182901
5.910823e-07,0.000197819
5.911823e-07,0.000214034
5.912823e-07,0.000228953
5.913823e-07,0.000241276
5.914823e-07,0.000248411
5.915823e-07,0.000250357
5.916823e-07,0.000246465
5.917823e-07,0.000236736
5.918823e-07,0.000223115
5.919823e-07,0.000208197
5.920823e-07,0.00019263
5.921823e-07,0.000179657
5.922823e-07,0.000170577
5.923823e-07,0.000166036
5.924823e-07,0.000166036
5.925823e-07,0.000169928
5.926823e-07,0.000175117
5.927823e-07,0.000180955
5.928823e-07,0.000184198
5.929823e-07,0.000184198
5.930823e-07,0.000179657
5.931823e-07,0.000171225
5.932823e-07,0.000158902
5.933823e-07,0.000143983
5.934823e-07,0.000129065
5.935823e-07,0.000115444
5.936823e-07,0.000105715
5.937823e-07,0.000100526
5.938823e-07,0.000101174
5.939823e-07,0.000108958
5.940823e-07,0.00012193
5.941823e-07,0.00014074
5.942823e-07,0.000162145
5.943823e-07,0.000186792
5.944823e-07,0.000212737
5.945823e-07,0.000239979
5.946823e-07,0.000267221
5.947823e-07,0.000293815
5.948823e-07,0.000318462
5.949823e-07,0.000341812
5.950823e-07,0.000362568
5.951823e-07,0.000380081
5.952823e-07,0.000392405
5.953823e-07,0.00039954
5.954823e-07,0.00039954
5.955823e-07,0.000393702
5.956823e-07,0.000381378
5.957823e-07,0.000363217
5.958823e-07,0.000341812
5.959823e-07,0.000317165
5.960823e-07,0.000293166
5.961823e-07,0.000271761
5.962823e-07,0.000254897
5.963823e-07,0.000243871
5.964823e-07,0.000239979
5.965823e-07,0.000241925
5.966823e-07,0.00024906
5.967823e-07,0.000259438
5.968823e-07,0.000270464
5.969823e-07,0.000280194
5.970823e-07,0.00028668
5.971823e-07,0.000287328
5.972823e-07,0.000282139
5.973823e-07,0.000269816
5.974823e-07,0.000252303
5.975823e-07,0.000230898
5.976823e-07,0.000207548
5.977823e-07,0.000183549
5.978823e-07,0.000160847
5.979823e-07,0.000139443
5.980823e-07,0.000120633
5.981823e-07,0.000104417
5.982823e-07,9.07964e-05
5.983823e-07,7.97699e-05
5.984823e-07,6.9392e-05
5.985823e-07,6.03113e-05
5.986823e-07,5.31765e-05
5.987823e-07,4.86361e-05
5.988823e-07,4.79875e-05
5.989823e-07,5.0582e-05
5.990823e-07,5.90141e-05
5.991823e-07,7.13378e-05
5.992823e-07,8.8202e-05
5.993823e-07,0.000109606
5.994823e-07,0.000133605
5.995823e-07,0.000158253
5.996823e-07,0.000181603
5.997823e-07,0.00020171
5.998823e-07,0.000217277
5.999823e-07,0.000225709
6.000823e-07,0.000228304
6.001823e-07,0.000224412
6.002823e-07,0.000215332
6.003823e-07,0.00020171
6.004823e-07,0.000184198
6.005823e-07,0.000165388
6.006823e-07,0.000145929
6.007823e-07,0.000127119
6.008823e-07,0.000109606
6.009823e-07,9.33909e-05
6.010823e-07,7.91213e-05
6.011823e-07,6.55003e-05
6.012823e-07,5.38251e-05
6.013823e-07,4.34472e-05
6.014823e-07,3.56637e-05
6.015823e-07,2.91775e-05
6.016823e-07,2.46372e-05
6.017823e-07,2.26913e-05
6.018823e-07,2.20427e-05
6.019823e-07,2.26913e-05
6.020823e-07,2.46372e-05
6.021823e-07,2.72317e-05
6.022823e-07,2.85289e-05
6.023823e-07,2.85289e-05
6.024823e-07,2.85289e-05
6.025823e-07,2.6583e-05
6.026823e-07,2.52858e-05
6.027823e-07,2.39886e-05
6.028823e-07,2.26913e-05
6.029823e-07,2.26913e-05
6.030823e-07,2.39886e-05
6.031823e-07,2.72317e-05
6.032823e-07,3.11234e-05
6.033823e-07,3.56637e-05
6.034823e-07,4.15013e-05
6.035823e-07,4.73389e-05
6.036823e-07,5.25279e-05
6.037823e-07,5.64196e-05
6.038823e-07,6.03113e-05
6.039823e-07,6.35544e-05
6.040823e-07,6.80947e-05
6.041823e-07,7.26351e-05
6.042823e-07,7.91213e-05
6.043823e-07,8.69047e-05
6.044823e-07,9.6634e-05
6.045823e-07,0.000108958
6.046823e-07,0.000122579
6.047823e-07,0.000136848
6.048823e-07,0.000149821
6.049823e-07,0.000160847
6.050823e-07,0.000169928
6.051823e-07,0.000176414
6.052823e-07,0.000179657
6.053823e-07,0.000180306
6.054823e-07,0.000177712
6.055823e-07,0.00017382
6.056823e-07,0.000167982
6.057823e-07,0.000160847
6.058823e-07,0.000153064
6.059823e-07,0.000143983
6.060823e-07,0.000133605
6.061823e-07,0.000120633
6.062823e-07,0.000105715
6.063823e-07,8.88506e-05
6.064823e-07,7.00406e-05
6.065823e-07,4.92848e-05
6.066823e-07,2.91775e-05
6.067823e-07,1.03675e-05
6.068823e-07,-5.84796e-06
6.069823e-07,-1.68745e-05
6.070823e-07,-2.14148e-05
6.071823e-07,-1.9469e-05
6.072823e-07,-1.03883e-05
6.073823e-07,4.52996e-06
6.074823e-07,2.46372e-05
6.075823e-07,4.79875e-05
6.076823e-07,7.32837e-05
6.077823e-07,9.72826e-05
6.078823e-07,0.000118687
6.079823e-07,0.0001362
6.080823e-07,0.000147875
6.081823e-07,0.00015501
6.082823e-07,0.000157604
6.083823e-07,0.000156307
6.084823e-07,0.000153064
6.085823e-07,0.000147226
6.086823e-07,0.00014074
6.087823e-07,0.000134254
6.088823e-07,0.000126471
6.089823e-07,0.000119336
6.090823e-07,0.000112201
6.091823e-07,0.000105066
6.092823e-07,9.79313e-05
6.093823e-07,9.14451e-05
6.094823e-07,8.62561e-05
6.095823e-07,8.23644e-05
6.096823e-07,8.04185e-05
6.097823e-07,8.10671e-05
6.098823e-07,8.49589e-05
6.099823e-07,9.07964e-05
6.100823e-07,9.85799e-05
6.101823e-07,0.000106363
6.102823e-07,0.000114147
6.103823e-07,0.000119984
6.104823e-07,0.000122579
6.105823e-07,0.000121282
6.106823e-07,0.000116093
6.107823e-07,0.000107012
6.108823e-07,9.53368e-05
6.109823e-07,8.10671e-05
6.110823e-07,6.55003e-05
6.111823e-07,4.92848e-05
6.112823e-07,3.37179e-05
6.113823e-07,1.87996e-05
6.114823e-07,6.47582e-06
6.115823e-07,-3.25348e-06
6.116823e-07,-1.03883e-05
6.117823e-07,-1.55773e-05
6.118823e-07,-1.81717e-05
6.119823e-07,-1.81717e-05
6.120823e-07,-1.55773e-05
6.121823e-07,-1.03883e-05
6.122823e-07,-1.30762e-06
6.123823e-07,1.03675e-05
6.124823e-07,2.46372e-05
6.125823e-07,4.15013e-05
6.126823e-07,5.96627e-05
6.127823e-07,7.97699e-05
6.128823e-07,9.85799e-05
6.129823e-07,0.000115444
6.130823e-07,0.000130362
6.131823e-07,0.000141389
6.132823e-07,0.000149172
6.133823e-07,0.000153064
6.134823e-07,0.000152415
6.135823e-07,0.000149172
6.136823e-07,0.000143983
6.137823e-07,0.000138146
6.138823e-07,0.000132957
6.139823e-07,0.000129714
6.140823e-07,0.000128416
6.141823e-07,0.000131011
6.142823e-07,0.000136848
6.143823e-07,0.000145281
6.144823e-07,0.000155658
6.145823e-07,0.000166685
6.146823e-07,0.000177063
6.147823e-07,0.000186144
6.148823e-07,0.000191333
6.149823e-07,0.00019263
6.150823e-07,0.000190035
6.151823e-07,0.000182901
6.152823e-07,0.000171874
6.153823e-07,0.000157604
6.154823e-07,0.00014074
6.155823e-07,0.000123876
6.156823e-07,0.000107012
6.157823e-07,9.14451e-05
6.158823e-07,7.71754e-05
6.159823e-07,6.55003e-05
6.160823e-07,5.64196e-05
6.161823e-07,4.99334e-05
6.162823e-07,4.66903e-05
6.163823e-07,4.66903e-05
6.164823e-07,4.92848e-05
6.165823e-07,5.51223e-05
6.166823e-07,6.48516e-05
6.167823e-07,7.84727e-05
6.168823e-07,9.53368e-05
6.169823e-07,0.000115444
6.170823e-07,0.000138794
6.171823e-07,0.000163442
6.172823e-07,0.000189387
6.173823e-07,0.000214683
6.174823e-07,0.000238033
6.175823e-07,0.000258789
6.176823e-07,0.000275005
6.177823e-07,0.00028668
6.178823e-07,0.000293815
6.179823e-07,0.000296409
6.180823e-07,0.000295112
6.181823e-07,0.000290571
6.182823e-07,0.000285382
6.183823e-07,0.000278896
6.184823e-07,0.000273707
6.185823e-07,0.000268518
6.186823e-07,0.000264627
6.187823e-07,0.000261384
6.188823e-07,0.000257492
6.189823e-07,0.000252951
6.190823e-07,0.00024906
6.191823e-07,0.000244519
6.192823e-07,0.00023933
6.193823e-07,0.000233493
6.194823e-07,0.000226358
6.195823e-07,0.000217926
6.196823e-07,0.000209494
6.197823e-07,0.000201062
6.198823e-07,0.000193278
6.199823e-07,0.000186144
6.200823e-07,0.000179009
6.201823e-07,0.000173171
6.202823e-07,0.000167334
6.203823e-07,0.000162793
6.204823e-07,0.000158253
6.205823e-07,0.00015501
6.206823e-07,0.000152415
6.207823e-07,0.000149821
6.208823e-07,0.000147875
6.209823e-07,0.000146578
6.210823e-07,0.000144632
6.211823e-07,0.000143335
6.212823e-07,0.00014074
6.213823e-07,0.000135551
6.214823e-07,0.000129714
6.215823e-07,0.000121282
6.216823e-07,0.000111552
6.217823e-07,9.92285e-05
6.218823e-07,8.62561e-05
6.219823e-07,7.19865e-05
6.220823e-07,5.83654e-05
6.221823e-07,4.66903e-05
6.222823e-07,3.82582e-05
6.223823e-07,3.43665e-05
6.224823e-07,3.43665e-05
6.225823e-07,3.89068e-05
6.226823e-07,4.66903e-05
6.227823e-07,5.83654e-05
6.228823e-07,7.19865e-05
6.229823e-07,8.69047e-05
6.230823e-07,0.000101823
6.231823e-07,0.000115444
6.232823e-07,0.000128416
6.233823e-07,0.000138794
6.234823e-07,0.000147875
6.235823e-07,0.000155658
6.236823e-07,0.000160847
6.237823e-07,0.000164091
6.238823e-07,0.000166685
6.239823e-07,0.000169279
6.240823e-07,0.000171874
6.241823e-07,0.000175117
6.242823e-07,0.000179009
6.243823e-07,0.000183549
6.244823e-07,0.000188089
6.245823e-07,0.00019263
6.246823e-07,0.00019717
6.247823e-07,0.000202359
6.248823e-07,0.000207548
6.249823e-07,0.00021144
6.250823e-07,0.000214034
6.251823e-07,0.000214683
6.252823e-07,0.000212737
6.253823e-07,0.000208845
6.254823e-07,0.000203008
6.255823e-07,0.000193927
6.256823e-07,0.000182901
6.257823e-07,0.000169279
6.258823e-07,0.000154361
6.259823e-07,0.000138146
6.260823e-07,0.000121282
6.261823e-07,0.000103769
6.262823e-07,8.75533e-05
6.263823e-07,7.19865e-05
6.264823e-07,5.83654e-05
6.265823e-07,4.66903e-05
6.266823e-07,3.89068e-05
6.267823e-07,3.43665e-05
6.268823e-07,3.37179e-05
6.269823e-07,3.6961e-05
6.270823e-07,4.5393e-05
6.271823e-07,5.77168e-05
6.272823e-07,7.39323e-05
6.273823e-07,9.27423e-05
6.274823e-07,0.000112201
6.275823e-07,0.000130362
6.276823e-07,0.000145929
6.277823e-07,0.000156956
6.278823e-07,0.000163442
6.279823e-07,0.000164739
6.280823e-07,0.00015955
6.281823e-07,0.000149172
6.282823e-07,0.000134903
6.283823e-07,0.000118687
6.284823e-07,0.000102472
6.285823e-07,8.8202e-05
6.286823e-07,7.71754e-05
6.287823e-07,7.13378e-05
6.288823e-07,7.13378e-05
6.289823e-07,7.58782e-05
6.290823e-07,8.62561e-05
6.291823e-07,9.98771e-05
6.292823e-07,0.000115444
6.293823e-07,0.000130362
6.294823e-07,0.000143983
6.295823e-07,0.00015501
6.296823e-07,0.000162793
6.297823e-07,0.000166685
6.298823e-07,0.000168631
6.299823e-07,0.000168631
6.300823e-07,0.000167334
6.301823e-07,0.000166685
6.302823e-07,0.000166685
6.303823e-07,0.000167982
6.304823e-07,0.000170577
6.305823e-07,0.00017382
6.306823e-07,0.000177063
6.307823e-07,0.000179657
6.308823e-07,0.000180955
6.309823e-07,0.000181603
6.310823e-07,0.000179657
6.311823e-07,0.000176414
6.312823e-07,0.000171225
6.313823e-07,0.000166036
6.314823e-07,0.000160847
6.315823e-07,0.000157604
6.316823e-07,0.000155658
6.317823e-07,0.00015501
6.318823e-07,0.000156956
6.319823e-07,0.000161496
6.320823e-07,0.000167334
6.321823e-07,0.00017382
6.322823e-07,0.000181603
6.323823e-07,0.000189387
6.324823e-07,0.00019717
6.325823e-07,0.000203656
6.326823e-07,0.000209494
6.327823e-07,0.000214034
6.328823e-07,0.000217277
6.329823e-07,0.000218575
6.330823e-07,0.000218575
6.331823e-07,0.000217277
6.332823e-07,0.000213386
6.333823e-07,0.000208197
6.334823e-07,0.00020171
6.335823e-07,0.000194576
6.336823e-07,0.000186144
6.337823e-07,0.000177712
6.338823e-07,0.000169928
6.339823e-07,0.000162793
6.340823e-07,0.000156956
6.341823e-07,0.000151767
6.342823e-07,0.000147226
6.343823e-07,0.000143335
6.344823e-07,0.000140092
6.345823e-07,0.000137497
6.346823e-07,0.000134254
6.347823e-07,0.000129714
6.348823e-07,0.000125173
6.349823e-07,0.000119984
6.350823e-07,0.000114795
6.351823e-07,0.000110255
6.352823e-07,0.000105066
6.353823e-07,0.000100526
6.354823e-07,9.72826e-05
6.355823e-07,9.40395e-05
6.356823e-07,9.14451e-05
6.357823e-07,8.88506e-05
6.358823e-07,8.62561e-05
6.359823e-07,8.3013e-05
6.360823e-07,7.97699e-05
6.361823e-07,7.65268e-05
6.362823e-07,7.26351e-05
6.363823e-07,6.80947e-05
6.364823e-07,6.4203e-05
6.365823e-07,6.09599e-05
6.366823e-07,5.96627e-05
6.367823e-07,6.09599e-05
6.368823e-07,6.48516e-05
6.369823e-07,7.19865e-05
6.370823e-07,8.17158e-05
6.371823e-07,9.53368e-05
6.372823e-07,0.000110255
6.373823e-07,0.000126471
6.374823e-07,0.000143335
6.375823e-07,0.000160847
6.376823e-07,0.000177063
6.377823e-07,0.000191333
6.378823e-07,0.000203656
6.379823e-07,0.000214034
6.380823e-07,0.000223115
6.381823e-07,0.000228953
6.382823e-07,0.000233493
6.383823e-07,0.000236087
6.384823e-07,0.000236087
6.385823e-07,0.000234141
6.386823e-07,0.00023025
6.387823e-07,0.000223764
6.388823e-07,0.00021598
6.389823e-07,0.000206899
6.390823e-07,0.000197819
6.391823e-07,0.000188089
6.392823e-07,0.00017836
6.393823e-07,0.000169279
6.394823e-07,0.00015955
6.395823e-07,0.000151767
6.396823e-07,0.000143983
6.397823e-07,0.000136848
6.398823e-07,0.000129714
6.399823e-07,0.000122579
6.400823e-07,0.000115444
6.401823e-07,0.000108958
6.402823e-07,0.00010312
6.403823e-07,9.85799e-05
6.404823e-07,9.53368e-05
6.405823e-07,9.46882e-05
6.406823e-07,9.72826e-05
6.407823e-07,0.000101823
6.408823e-07,0.000109606
6.409823e-07,0.000119336
6.410823e-07,0.000129714
6.411823e-07,0.00014074
6.412823e-07,0.000150469
6.413823e-07,0.000158902
6.414823e-07,0.000165388
6.415823e-07,0.000169928
6.416823e-07,0.000173171
6.417823e-07,0.000175117
6.418823e-07,0.000176414
6.419823e-07,0.000179009
6.420823e-07,0.000184198
6.421823e-07,0.000191981
6.422823e-07,0.00020171
6.423823e-07,0.000213386
6.424823e-07,0.000227655
6.425823e-07,0.000241925
6.426823e-07,0.000255546
6.427823e-07,0.000267221
6.428823e-07,0.00027695
6.429823e-07,0.000283437
6.430823e-07,0.00028668
6.431823e-07,0.00028668
6.432823e-07,0.000284085
6.433823e-07,0.000280842
6.434823e-07,0.000276302
6.435823e-07,0.000273707
6.436823e-07,0.000271761
6.437823e-07,0.00027241
6.438823e-07,0.000274356
6.439823e-07,0.000278248
6.440823e-07,0.000283437
6.441823e-07,0.000288626
6.442823e-07,0.000292517
6.443823e-07,0.000293815
6.444823e-07,0.000291869
6.445823e-07,0.000284734
6.446823e-07,0.000273707
6.447823e-07,0.00025814
6.448823e-07,0.000239979
6.449823e-07,0.000219223
6.450823e-07,0.00019717
6.451823e-07,0.000174468
6.452823e-07,0.000153713
6.453823e-07,0.000134903
6.454823e-07,0.000119984
6.455823e-07,0.000108309
6.456823e-07,0.000100526
6.457823e-07,9.72826e-05
6.458823e-07,9.79313e-05
6.459823e-07,0.000101823
6.460823e-07,0.000108309
6.461823e-07,0.00011739
6.462823e-07,0.000126471
6.463823e-07,0.000135551
6.464823e-07,0.000143335
6.465823e-07,0.000149821
6.466823e-07,0.000154361
6.467823e-07,0.000156307
6.468823e-07,0.000155658
6.469823e-07,0.000153064
6.470823e-07,0.000149821
6.471823e-07,0.000147226
6.472823e-07,0.000145281
6.473823e-07,0.000145281
6.474823e-07,0.000147875
6.475823e-07,0.000151767
6.476823e-07,0.000156956
6.477823e-07,0.000162793
6.478823e-07,0.000168631
6.479823e-07,0.00017382
6.480823e-07,0.000177063
6.481823e-07,0.00017836
6.482823e-07,0.000177063
6.483823e-07,0.00017382
6.484823e-07,0.000167982
6.485823e-07,0.000160199
6.486823e-07,0.000152415
6.487823e-07,0.000144632
6.488823e-07,0.000137497
6.489823e-07,0.000131011
6.490823e-07,0.000126471
6.491823e-07,0.000123227
6.492823e-07,0.00012193
6.493823e-07,0.000121282
6.494823e-07,0.000123227
6.495823e-07,0.000126471
6.496823e-07,0.000131011
6.497823e-07,0.000136848
6.498823e-07,0.000144632
6.499823e-07,0.000153713
6.500823e-07,0.000164739
6.501823e-07,0.000176414
6.502823e-07,0.000189387
6.503823e-07,0.000203008
6.504823e-07,0.000216629
6.505823e-07,0.000230898
6.506823e-07,0.000244519
6.507823e-07,0.00025814
6.508823e-07,0.000269816
6.509823e-07,0.000280194
6.510823e-07,0.000288626
6.511823e-07,0.000295112
6.512823e-07,0.000299652
6.513823e-07,0.000300301
6.514823e-07,0.000297058
6.515823e-07,0.000289274
6.516823e-07,0.000276302
6.517823e-07,0.00025814
6.518823e-07,0.000235439
6.519823e-07,0.000208845
6.520823e-07,0.000180955
6.521823e-07,0.000153064
6.522823e-07,0.000127119
6.523823e-07,0.000105715
6.524823e-07,9.14451e-05
6.525823e-07,8.43102e-05
6.526823e-07,8.69047e-05
6.527823e-07,9.85799e-05
6.528823e-07,0.000118038
6.529823e-07,0.000144632
6.530823e-07,0.000176414
6.531823e-07,0.00021144
6.532823e-07,0.000247114
6.533823e-07,0.000280842
6.534823e-07,0.000311327
6.535823e-07,0.000337272
6.536823e-07,0.000357379
6.537823e-07,0.000372298
6.538823e-07,0.000382027
6.539823e-07,0.000387864
6.540823e-07,0.00038981
6.541823e-07,0.000388513
6.542823e-07,0.000384621
6.543823e-07,0.000378784
6.544823e-07,0.000372298
6.545823e-07,0.000364514
6.546823e-07,0.000356082
6.547823e-07,0.000348299
6.548823e-07,0.000340515
6.549823e-07,0.00033338
6.550823e-07,0.000326246
6.551823e-07,0.000321057
6.552823e-07,0.000315868
6.553823e-07,0.000311327
6.554823e-07,0.000306787
6.555823e-07,0.000300949
6.556823e-07,0.000293166
6.557823e-07,0.000281491
6.558823e-07,0.000266573
6.559823e-07,0.00024906
6.560823e-07,0.00023025
6.561823e-07,0.000209494
6.562823e-07,0.000189387
6.563823e-07,0.000171225
6.564823e-07,0.000156307
6.565823e-07,0.000145929
6.566823e-07,0.000139443
6.567823e-07,0.000137497
6.568823e-07,0.000138146
6.569823e-07,0.00014074
6.570823e-07,0.000143983
6.571823e-07,0.000145281
6.572823e-07,0.000144632
6.573823e-07,0.000140092
6.574823e-07,0.000132308
6.575823e-07,0.00012193
6.576823e-07,0.000111552
6.577823e-07,0.000101174
6.578823e-07,9.27423e-05
6.579823e-07,8.69047e-05
6.580823e-07,8.49589e-05
6.581823e-07,8.49589e-05
6.582823e-07,8.88506e-05
6.583823e-07,9.40395e-05
6.584823e-07,0.000101174
6.585823e-07,0.000108958
6.586823e-07,0.000116741
6.587823e-07,0.000123227
6.588823e-07,0.000129065
6.589823e-07,0.000134254
6.590823e-07,0.000140092
6.591823e-07,0.000146578
6.592823e-07,0.000153713
6.593823e-07,0.000162145
6.594823e-07,0.000171225
6.595823e-07,0.000179657
6.596823e-07,0.000186792
6.597823e-07,0.000191981
6.598823e-07,0.000194576
6.599823e-07,0.000194576
6.600823e-07,0.00019263
6.601823e-07,0.000188738
6.602823e-07,0.000184198
6.603823e-07,0.000179657
6.604823e-07,0.000176414
6.605823e-07,0.000175117
6.606823e-07,0.000177063
6.607823e-07,0.000181603
6.608823e-07,0.000186792
6.609823e-07,0.000191333
6.610823e-07,0.000193927
6.611823e-07,0.000193278
6.612823e-07,0.000188738
6.613823e-07,0.000179657
6.614823e-07,0.000166685
6.615823e-07,0.000152415
6.616823e-07,0.000138794
6.617823e-07,0.000127768
6.618823e-07,0.00012193
6.619823e-07,0.000121282
6.620823e-07,0.000127119
6.621823e-07,0.000138794
6.622823e-07,0.000154361
6.623823e-07,0.000172523
6.624823e-07,0.000190684
6.625823e-07,0.000204954
6.626823e-07,0.000214683
6.627823e-07,0.000217277
6.628823e-07,0.000213386
6.629823e-07,0.000202359
6.630823e-07,0.000186792
6.631823e-07,0.000169279
6.632823e-07,0.000152415
6.633823e-07,0.000137497
6.634823e-07,0.000127119
6.635823e-07,0.000123227
6.636823e-07,0.000123876
6.637823e-07,0.000129065
6.638823e-07,0.0001362
6.639823e-07,0.000145281
6.640823e-07,0.000154361
6.641823e-07,0.000162145
6.642823e-07,0.000169279
6.643823e-07,0.000175117
6.644823e-07,0.000179657
6.645823e-07,0.000183549
6.646823e-07,0.000188089
6.647823e-07,0.000191981
6.648823e-07,0.000195224
6.649823e-07,0.00019717
6.650823e-07,0.000196522
6.651823e-07,0.000191981
6.652823e-07,0.000182901
6.653823e-07,0.000169279
6.654823e-07,0.000152415
6.655823e-07,0.000133605
6.656823e-07,0.000114147
6.657823e-07,9.72826e-05
6.658823e-07,8.56075e-05
6.659823e-07,7.97699e-05
6.660823e-07,8.17158e-05
6.661823e-07,9.01478e-05
6.662823e-07,0.000105066
6.663823e-07,0.000124525
6.664823e-07,0.000147226
6.665823e-07,0.000170577
6.666823e-07,0.00019263
6.667823e-07,0.00021144
6.668823e-07,0.000227007
6.669823e-07,0.00023933
6.670823e-07,0.000250357
6.671823e-07,0.000260735
6.672823e-07,0.00027241
6.673823e-07,0.00028668
6.674823e-07,0.000303544
6.675823e-07,0.000322354
6.676823e-07,0.000341164
6.677823e-07,0.000359325
6.678823e-07,0.000374243
6.679823e-07,0.00038527
6.680823e-07,0.000389162
6.681823e-07,0.000386567
6.682823e-07,0.000378135
6.683823e-07,0.000364514
6.684823e-07,0.00034765
6.685823e-07,0.00032884
6.686823e-07,0.000310679
6.687823e-07,0.000295112
6.688823e-07,0.000283437
6.689823e-07,0.000275653
6.690823e-07,0.000271113
6.691823e-07,0.000269816
6.692823e-07,0.000270464
6.693823e-07,0.00027241
6.694823e-07,0.000274356
6.695823e-07,0.00027695
6.696823e-07,0.000278248
6.697823e-07,0.000279545
6.698823e-07,0.000280842
6.699823e-07,0.000281491
6.700823e-07,0.000282788
6.701823e-07,0.000284085
6.702823e-07,0.000284085
6.703823e-07,0.000283437
6.704823e-07,0.000279545
6.705823e-07,0.00027241
6.706823e-07,0.000261384
6.707823e-07,0.000246465
6.708823e-07,0.000227655
6.709823e-07,0.000205602
6.710823e-07,0.000182901
6.711823e-07,0.00015955
6.712823e-07,0.000138146
6.713823e-07,0.000118687
6.714823e-07,0.00010312
6.715823e-07,9.14451e-05
6.716823e-07,8.43102e-05
6.717823e-07,8.17158e-05
6.718823e-07,8.49589e-05
6.719823e-07,9.33909e-05
6.720823e-07,0.000105066
6.721823e-07,0.000120633
6.722823e-07,0.000138794
6.723823e-07,0.000160199
6.724823e-07,0.000182252
6.725823e-07,0.000205602
6.726823e-07,0.000227655
6.727823e-07,0.000247114
6.728823e-07,0.000262032
6.729823e-07,0.000271761
6.730823e-07,0.000274356
6.731823e-07,0.000270464
6.732823e-07,0.000259438
6.733823e-07,0.000242574
6.734823e-07,0.00022052
6.735823e-07,0.000196522
6.736823e-07,0.000171874
6.737823e-07,0.000149821
6.738823e-07,0.00013166
6.739823e-07,0.000119984
6.740823e-07,0.000114147
6.741823e-07,0.000114147
6.742823e-07,0.000119984
6.743823e-07,0.000130362
6.744823e-07,0.000142037
6.745823e-07,0.000154361
6.746823e-07,0.000166685
6.747823e-07,0.000177063
6.748823e-07,0.000185495
6.749823e-07,0.000191981
6.750823e-07,0.000197819
6.751823e-07,0.000203008
6.752823e-07,0.000208197
6.753823e-07,0.000212737
6.754823e-07,0.000217926
6.755823e-07,0.000222466
6.756823e-07,0.000227655
6.757823e-07,0.000230898
6.758823e-07,0.000232196
6.759823e-07,0.000230898
6.760823e-07,0.000227007
6.761823e-07,0.000219872
6.762823e-07,0.000210791
6.763823e-07,0.000199765
6.764823e-07,0.000189387
6.765823e-07,0.000180306
6.766823e-07,0.000174468
6.767823e-07,0.000172523
6.768823e-07,0.000175766
6.769823e-07,0.000184198
6.770823e-07,0.000197819
6.771823e-07,0.00021598
6.772823e-07,0.000236736
6.773823e-07,0.000259438
6.774823e-07,0.000283437
6.775823e-07,0.000306787
6.776823e-07,0.000329489
6.777823e-07,0.000348299
6.778823e-07,0.000363217
6.779823e-07,0.000373595
6.780823e-07,0.000378135
6.781823e-07,0.000377487
6.782823e-07,0.000371649
6.783823e-07,0.000358677
6.784823e-07,0.000340515
6.785823e-07,0.000316516
6.786823e-07,0.000288626
6.787823e-07,0.00025814
6.788823e-07,0.000225709
6.789823e-07,0.000193927
6.790823e-07,0.000165388
6.791823e-07,0.000141389
6.792823e-07,0.000123227
6.793823e-07,0.000111552
6.794823e-07,0.000105066
6.795823e-07,0.00010312
6.796823e-07,0.000103769
6.797823e-07,0.000105715
6.798823e-07,0.000107661
6.799823e-07,0.000107661
6.800823e-07,0.000104417
6.801823e-07,9.72826e-05
6.802823e-07,8.75533e-05
6.803823e-07,7.52296e-05
6.804823e-07,6.22572e-05
6.805823e-07,4.99334e-05
6.806823e-07,3.95555e-05
6.807823e-07,3.30692e-05
6.808823e-07,2.98261e-05
6.809823e-07,3.04748e-05
6.810823e-07,3.50151e-05
6.811823e-07,4.34472e-05
6.812823e-07,5.44737e-05
6.813823e-07,6.61489e-05
6.814823e-07,7.91213e-05
6.815823e-07,9.20937e-05
6.816823e-07,0.000105066
6.817823e-07,0.000116741
6.818823e-07,0.000127768
6.819823e-07,0.000136848
6.820823e-07,0.000143335
6.821823e-07,0.000147875
6.822823e-07,0.000150469
6.823823e-07,0.000151118
6.824823e-07,0.000149821
6.825823e-07,0.000146578
6.826823e-07,0.000142037
6.827823e-07,0.000137497
6.828823e-07,0.000132957
