LECROYWaveRunner‘N,20113,Waveform
Segments,1,SegmentSize,2002
Segment,TrigTime,TimeSinceSegment1
#1,01-Oct-2018 13:41:07,0                 
Time,Ampl
4.82721e-07,0.000131011
4.82821e-07,0.000139443
4.82921e-07,0.000147226
4.83021e-07,0.000151118
4.83121e-07,0.000151767
4.83221e-07,0.000147875
4.83321e-07,0.000140092
4.83421e-07,0.000127768
4.83521e-07,0.000113498
4.83621e-07,9.85799e-05
4.83721e-07,8.43102e-05
4.83821e-07,7.06892e-05
4.83921e-07,5.90141e-05
4.84021e-07,4.99334e-05
4.84121e-07,4.27986e-05
4.84221e-07,3.63124e-05
4.84321e-07,2.91775e-05
4.84421e-07,2.26913e-05
4.84521e-07,1.55565e-05
4.84621e-07,9.0703e-06
4.84721e-07,3.23272e-06
4.84821e-07,-1.03779e-08
4.84921e-07,-6.58998e-07
4.85021e-07,1.93548e-06
4.85121e-07,7.77306e-06
4.85221e-07,1.75024e-05
4.85321e-07,2.98261e-05
4.85421e-07,4.21499e-05
4.85521e-07,5.31765e-05
4.85621e-07,6.16085e-05
4.85721e-07,6.61489e-05
4.85821e-07,6.67975e-05
4.85921e-07,6.4203e-05
4.86021e-07,6.03113e-05
4.86121e-07,5.64196e-05
4.86221e-07,5.38251e-05
4.86321e-07,5.38251e-05
4.86421e-07,5.90141e-05
4.86521e-07,6.9392e-05
4.86621e-07,8.36616e-05
4.86721e-07,9.98771e-05
4.86821e-07,0.000116093
4.86921e-07,0.000130362
4.87021e-07,0.000140092
4.87121e-07,0.000144632
4.87221e-07,0.000142686
4.87321e-07,0.0001362
4.87421e-07,0.000124525
4.87521e-07,0.000110904
4.87621e-07,9.85799e-05
4.87721e-07,8.8202e-05
4.87821e-07,8.17158e-05
4.87921e-07,7.97699e-05
4.88021e-07,8.17158e-05
4.88121e-07,8.69047e-05
4.88221e-07,9.33909e-05
4.88321e-07,9.98771e-05
4.88421e-07,0.000106363
4.88521e-07,0.000111552
4.88621e-07,0.000116741
4.88721e-07,0.00012193
4.88821e-07,0.000129065
4.88921e-07,0.000140092
4.89021e-07,0.000156307
4.89121e-07,0.000177712
4.89221e-07,0.000203008
4.89321e-07,0.000232196
4.89421e-07,0.000261384
4.89521e-07,0.000287328
4.89621e-07,0.000308084
4.89721e-07,0.000320408
4.89821e-07,0.0003243
4.89921e-07,0.000317165
4.90021e-07,0.000301598
4.90121e-07,0.000278248
4.90221e-07,0.000249708
4.90321e-07,0.000218575
4.90421e-07,0.000188738
4.90521e-07,0.000161496
4.90621e-07,0.000138146
4.90721e-07,0.000119336
4.90821e-07,0.000103769
4.90921e-07,9.14451e-05
4.91021e-07,8.04185e-05
4.91121e-07,6.80947e-05
4.91221e-07,5.38251e-05
4.91321e-07,3.76096e-05
4.91421e-07,1.94482e-05
4.91521e-07,1.28686e-06
4.91621e-07,-1.55773e-05
4.91721e-07,-2.91983e-05
4.91821e-07,-3.8279e-05
4.91921e-07,-4.15221e-05
4.92021e-07,-3.95762e-05
4.92121e-07,-3.17928e-05
4.92221e-07,-2.01176e-05
4.92321e-07,-5.19934e-06
4.92421e-07,1.10162e-05
4.92521e-07,2.72317e-05
4.92621e-07,4.21499e-05
4.92721e-07,5.5771e-05
4.92821e-07,6.80947e-05
4.92921e-07,7.97699e-05
4.93021e-07,9.14451e-05
4.93121e-07,0.000103769
4.93221e-07,0.00011739
4.93321e-07,0.000132308
4.93421e-07,0.000147226
4.93521e-07,0.000161496
4.93621e-07,0.000172523
4.93721e-07,0.000180306
4.93821e-07,0.000182901
4.93921e-07,0.000181603
4.94021e-07,0.000174468
4.94121e-07,0.000164091
4.94221e-07,0.000150469
4.94321e-07,0.000134254
4.94421e-07,0.000118038
4.94521e-07,0.000101174
4.94621e-07,8.49589e-05
4.94721e-07,6.87434e-05
4.94821e-07,5.25279e-05
4.94921e-07,3.56637e-05
4.95021e-07,1.75024e-05
4.95121e-07,-3.25348e-06
4.95221e-07,-2.53066e-05
4.95321e-07,-4.80083e-05
4.95421e-07,-6.94127e-05
4.95521e-07,-8.75741e-05
4.95621e-07,-0.000101195
4.95721e-07,-0.000107681
4.95821e-07,-0.000106384
4.95921e-07,-9.66548e-05
4.96021e-07,-7.97907e-05
4.96121e-07,-5.7089e-05
4.96221e-07,-2.91983e-05
4.96321e-07,6.38242e-07
4.96421e-07,3.1772e-05
4.96521e-07,6.09599e-05
4.96621e-07,8.8202e-05
4.96721e-07,0.00011285
4.96821e-07,0.0001362
4.96921e-07,0.000158253
4.97021e-07,0.000179657
4.97121e-07,0.000201062
4.97221e-07,0.000224412
4.97321e-07,0.000247114
4.97421e-07,0.000269167
4.97521e-07,0.000287328
4.97621e-07,0.000300301
4.97721e-07,0.00030549
4.97821e-07,0.000300949
4.97921e-07,0.000287977
4.98021e-07,0.000266573
4.98121e-07,0.000238682
4.98221e-07,0.000206899
4.98321e-07,0.000175117
4.98421e-07,0.000147226
4.98521e-07,0.000125822
4.98621e-07,0.000112201
4.98721e-07,0.000107661
4.98821e-07,0.000111552
4.98921e-07,0.000120633
4.99021e-07,0.000132957
4.99121e-07,0.000145929
4.99221e-07,0.000156307
4.99321e-07,0.000163442
4.99421e-07,0.000166036
4.99521e-07,0.000164739
4.99621e-07,0.000160847
4.99721e-07,0.000156956
4.99821e-07,0.00015501
4.99921e-07,0.000155658
5.00021e-07,0.000160847
5.00121e-07,0.000168631
5.00221e-07,0.000179009
5.00321e-07,0.000187441
5.00421e-07,0.000193278
5.00521e-07,0.000193927
5.00621e-07,0.000186144
5.00721e-07,0.000171225
5.00821e-07,0.000148524
5.00921e-07,0.00012193
5.01021e-07,9.27423e-05
5.01121e-07,6.55003e-05
5.01221e-07,4.40958e-05
5.01321e-07,3.04748e-05
5.01421e-07,2.52858e-05
5.01521e-07,3.04748e-05
5.01621e-07,4.40958e-05
5.01721e-07,6.48516e-05
5.01821e-07,8.88506e-05
5.01921e-07,0.000113498
5.02021e-07,0.000134254
5.02121e-07,0.000150469
5.02221e-07,0.00015955
5.02321e-07,0.000162145
5.02421e-07,0.000157604
5.02521e-07,0.000148524
5.02621e-07,0.000134903
5.02721e-07,0.000118687
5.02821e-07,0.000101823
5.02921e-07,8.49589e-05
5.03021e-07,6.87434e-05
5.03121e-07,5.31765e-05
5.03221e-07,3.95555e-05
5.03321e-07,2.72317e-05
5.03421e-07,1.62051e-05
5.03521e-07,7.77306e-06
5.03621e-07,2.5841e-06
5.03721e-07,-1.03779e-08
5.03821e-07,-1.03779e-08
5.03921e-07,1.28686e-06
5.04021e-07,3.23272e-06
5.04121e-07,5.8272e-06
5.04221e-07,5.8272e-06
5.04321e-07,3.88134e-06
5.04421e-07,-1.30762e-06
5.04521e-07,-9.73968e-06
5.04621e-07,-1.88204e-05
5.04721e-07,-2.7901e-05
5.04821e-07,-3.24414e-05
5.04921e-07,-3.17928e-05
5.05021e-07,-2.33607e-05
5.05121e-07,-5.19934e-06
5.05221e-07,2.26913e-05
5.05321e-07,5.83654e-05
5.05421e-07,9.98771e-05
5.05521e-07,0.000143983
5.05621e-07,0.000186792
5.05721e-07,0.000223764
5.05821e-07,0.000251654
5.05921e-07,0.000268518
5.06021e-07,0.000273059
5.06121e-07,0.000265924
5.06221e-07,0.000249708
5.06321e-07,0.000227655
5.06421e-07,0.000202359
5.06521e-07,0.00017836
5.06621e-07,0.000157604
5.06721e-07,0.000141389
5.06821e-07,0.000130362
5.06921e-07,0.000124525
5.07021e-07,0.000121282
5.07121e-07,0.000118038
5.07221e-07,0.000113498
5.07321e-07,0.000105066
5.07421e-07,9.20937e-05
5.07521e-07,7.45809e-05
5.07621e-07,5.44737e-05
5.07721e-07,3.37179e-05
5.07821e-07,1.42593e-05
5.07921e-07,-2.60486e-06
5.08021e-07,-1.36314e-05
5.08121e-07,-1.81717e-05
5.08221e-07,-1.62259e-05
5.08321e-07,-9.73968e-06
5.08421e-07,-1.03779e-08
5.08521e-07,1.03675e-05
5.08621e-07,1.94482e-05
5.08721e-07,2.52858e-05
5.08821e-07,2.78803e-05
5.08921e-07,2.6583e-05
5.09021e-07,2.26913e-05
5.09121e-07,1.62051e-05
5.09221e-07,9.71892e-06
5.09321e-07,3.88134e-06
5.09421e-07,6.38242e-07
5.09521e-07,-6.58998e-07
5.09621e-07,6.38242e-07
5.09721e-07,3.88134e-06
5.09821e-07,7.77306e-06
5.09921e-07,1.16648e-05
5.10021e-07,1.49079e-05
5.10121e-07,1.62051e-05
5.10221e-07,1.68537e-05
5.10321e-07,1.62051e-05
5.10421e-07,1.55565e-05
5.10521e-07,1.68537e-05
5.10621e-07,2.00968e-05
5.10721e-07,2.46372e-05
5.10821e-07,3.11234e-05
5.10921e-07,3.76096e-05
5.11021e-07,4.34472e-05
5.11121e-07,4.5393e-05
5.11221e-07,4.40958e-05
5.11321e-07,3.82582e-05
5.11421e-07,2.78803e-05
5.11521e-07,1.2962e-05
5.11621e-07,-4.55072e-06
5.11721e-07,-2.40093e-05
5.11821e-07,-4.15221e-05
5.11921e-07,-5.44945e-05
5.12021e-07,-6.22779e-05
5.12121e-07,-6.29265e-05
5.12221e-07,-5.64403e-05
5.12321e-07,-4.34679e-05
5.12421e-07,-2.66038e-05
5.12521e-07,-6.49658e-06
5.12621e-07,1.23134e-05
5.12721e-07,2.98261e-05
5.12821e-07,4.34472e-05
5.12921e-07,5.31765e-05
5.13021e-07,5.83654e-05
5.13121e-07,6.03113e-05
5.13221e-07,5.96627e-05
5.13321e-07,5.70682e-05
5.13421e-07,5.31765e-05
5.13521e-07,4.86361e-05
5.13621e-07,4.40958e-05
5.13721e-07,3.95555e-05
5.13821e-07,3.43665e-05
5.13921e-07,2.85289e-05
5.14021e-07,2.13941e-05
5.14121e-07,1.36106e-05
5.14221e-07,5.8272e-06
5.14321e-07,-1.30762e-06
5.14421e-07,-5.19934e-06
5.14521e-07,-6.49658e-06
5.14621e-07,-3.9021e-06
5.14721e-07,1.28686e-06
5.14821e-07,9.71892e-06
5.14921e-07,2.00968e-05
5.15021e-07,3.04748e-05
5.15121e-07,3.89068e-05
5.15221e-07,4.5393e-05
5.15321e-07,4.79875e-05
5.15421e-07,4.60417e-05
5.15521e-07,4.08527e-05
5.15621e-07,3.24206e-05
5.15721e-07,2.26913e-05
5.15821e-07,1.42593e-05
5.15921e-07,7.77306e-06
5.16021e-07,4.52996e-06
5.16121e-07,6.47582e-06
5.16221e-07,1.23134e-05
5.16321e-07,2.20427e-05
5.16421e-07,3.37179e-05
5.16521e-07,4.60417e-05
5.16621e-07,5.83654e-05
5.16721e-07,6.80947e-05
5.16821e-07,7.45809e-05
5.16921e-07,7.84727e-05
5.17021e-07,7.91213e-05
5.17121e-07,7.84727e-05
5.17221e-07,7.65268e-05
5.17321e-07,7.45809e-05
5.17421e-07,7.32837e-05
5.17521e-07,7.19865e-05
5.17621e-07,7.26351e-05
5.17721e-07,7.32837e-05
5.17821e-07,7.32837e-05
5.17921e-07,7.13378e-05
5.18021e-07,6.67975e-05
5.18121e-07,6.03113e-05
5.18221e-07,5.31765e-05
5.18321e-07,4.60417e-05
5.18421e-07,4.08527e-05
5.18521e-07,3.95555e-05
5.18621e-07,4.27986e-05
5.18721e-07,5.12306e-05
5.18821e-07,6.48516e-05
5.18921e-07,8.36616e-05
5.19021e-07,0.000105715
5.19121e-07,0.000127119
5.19221e-07,0.000145281
5.19321e-07,0.000157604
5.19421e-07,0.000162793
5.19521e-07,0.000158902
5.19621e-07,0.000147226
5.19721e-07,0.000129714
5.19821e-07,0.000107661
5.19921e-07,8.49589e-05
5.20021e-07,6.4203e-05
5.20121e-07,4.79875e-05
5.20221e-07,3.89068e-05
5.20321e-07,3.56637e-05
5.20421e-07,3.95555e-05
5.20521e-07,4.86361e-05
5.20621e-07,6.09599e-05
5.20721e-07,7.39323e-05
5.20821e-07,8.56075e-05
5.20921e-07,9.53368e-05
5.21021e-07,0.000101174
5.21121e-07,0.000103769
5.21221e-07,0.000102472
5.21321e-07,9.92285e-05
5.21421e-07,9.59854e-05
5.21521e-07,9.40395e-05
5.21621e-07,9.27423e-05
5.21721e-07,9.40395e-05
5.21821e-07,9.6634e-05
5.21921e-07,0.000100526
5.22021e-07,0.000105715
5.22121e-07,0.000110904
5.22221e-07,0.00011739
5.22321e-07,0.000124525
5.22421e-07,0.000132957
5.22521e-07,0.000143335
5.22621e-07,0.000155658
5.22721e-07,0.000168631
5.22821e-07,0.000181603
5.22921e-07,0.000193927
5.23021e-07,0.000203008
5.23121e-07,0.000207548
5.23221e-07,0.000205602
5.23321e-07,0.00019717
5.23421e-07,0.000182252
5.23521e-07,0.000161496
5.23621e-07,0.000138794
5.23721e-07,0.000115444
5.23821e-07,9.59854e-05
5.23921e-07,8.36616e-05
5.24021e-07,8.04185e-05
5.24121e-07,8.75533e-05
5.24221e-07,0.000103769
5.24321e-07,0.000127768
5.24421e-07,0.000156307
5.24521e-07,0.000185495
5.24621e-07,0.000212737
5.24721e-07,0.000234141
5.24821e-07,0.000247114
5.24921e-07,0.000251654
5.25021e-07,0.000247114
5.25121e-07,0.00023479
5.25221e-07,0.000217277
5.25321e-07,0.000197819
5.25421e-07,0.000179657
5.25521e-07,0.000164739
5.25621e-07,0.000154361
5.25721e-07,0.000149172
5.25821e-07,0.000147875
5.25921e-07,0.000149821
5.26021e-07,0.000152415
5.26121e-07,0.000154361
5.26221e-07,0.000153713
5.26321e-07,0.000149821
5.26421e-07,0.000143335
5.26521e-07,0.000134254
5.26621e-07,0.000123227
5.26721e-07,0.000112201
5.26821e-07,0.000102472
5.26921e-07,9.46882e-05
5.27021e-07,8.94992e-05
5.27121e-07,8.75533e-05
5.27221e-07,8.8202e-05
5.27321e-07,9.07964e-05
5.27421e-07,9.27423e-05
5.27521e-07,9.46882e-05
5.27621e-07,9.46882e-05
5.27721e-07,9.40395e-05
5.27821e-07,9.20937e-05
5.27921e-07,8.94992e-05
5.28021e-07,8.69047e-05
5.28121e-07,8.36616e-05
5.28221e-07,8.10671e-05
5.28321e-07,7.91213e-05
5.28421e-07,7.7824e-05
5.28521e-07,7.71754e-05
5.28621e-07,7.58782e-05
5.28721e-07,7.45809e-05
5.28821e-07,7.32837e-05
5.28921e-07,7.06892e-05
5.29021e-07,6.87434e-05
5.29121e-07,6.87434e-05
5.29221e-07,7.26351e-05
5.29321e-07,8.04185e-05
5.29421e-07,9.27423e-05
5.29521e-07,0.000108958
5.29621e-07,0.000128416
5.29721e-07,0.000149172
5.29821e-07,0.000168631
5.29921e-07,0.000183549
5.30021e-07,0.000191981
5.30121e-07,0.00019263
5.30221e-07,0.000182901
5.30321e-07,0.000165388
5.30421e-07,0.00014074
5.30521e-07,0.00011285
5.30621e-07,8.49589e-05
5.30721e-07,6.03113e-05
5.30821e-07,4.21499e-05
5.30921e-07,3.24206e-05
5.31021e-07,3.30692e-05
5.31121e-07,4.27986e-05
5.31221e-07,5.96627e-05
5.31321e-07,7.97699e-05
5.31421e-07,9.98771e-05
5.31521e-07,0.00011739
5.31621e-07,0.000130362
5.31721e-07,0.0001362
5.31821e-07,0.000135551
5.31921e-07,0.000127768
5.32021e-07,0.000116093
5.32121e-07,0.00010312
5.32221e-07,9.01478e-05
5.32321e-07,8.10671e-05
5.32421e-07,7.52296e-05
5.32521e-07,7.32837e-05
5.32621e-07,7.32837e-05
5.32721e-07,7.39323e-05
5.32821e-07,7.45809e-05
5.32921e-07,7.32837e-05
5.33021e-07,6.9392e-05
5.33121e-07,6.16085e-05
5.33221e-07,4.99334e-05
5.33321e-07,3.63124e-05
5.33421e-07,2.13941e-05
5.33521e-07,8.42168e-06
5.33621e-07,-1.30762e-06
5.33721e-07,-7.1452e-06
5.33821e-07,-9.09106e-06
5.33921e-07,-6.49658e-06
5.34021e-07,-1.03779e-08
5.34121e-07,9.71892e-06
5.34221e-07,2.00968e-05
5.34321e-07,2.98261e-05
5.34421e-07,3.82582e-05
5.34521e-07,4.60417e-05
5.34621e-07,5.31765e-05
5.34721e-07,6.09599e-05
5.34821e-07,7.00406e-05
5.34921e-07,8.17158e-05
5.35021e-07,9.53368e-05
5.35121e-07,0.000110904
5.35221e-07,0.000128416
5.35321e-07,0.000146578
5.35421e-07,0.000163442
5.35521e-07,0.000177063
5.35621e-07,0.000186144
5.35721e-07,0.000190035
5.35821e-07,0.000188738
5.35921e-07,0.000181603
5.36021e-07,0.000171225
5.36121e-07,0.000158902
5.36221e-07,0.000145281
5.36321e-07,0.00013166
5.36421e-07,0.000119336
5.36521e-07,0.000107661
5.36621e-07,9.6634e-05
5.36721e-07,8.62561e-05
5.36821e-07,7.52296e-05
5.36921e-07,6.4203e-05
5.37021e-07,5.25279e-05
5.37121e-07,4.21499e-05
5.37221e-07,3.37179e-05
5.37321e-07,2.98261e-05
5.37421e-07,3.04748e-05
5.37521e-07,3.63124e-05
5.37621e-07,4.79875e-05
5.37721e-07,6.48516e-05
5.37821e-07,8.49589e-05
5.37921e-07,0.000105715
5.38021e-07,0.000125173
5.38121e-07,0.000140092
5.38221e-07,0.000147875
5.38321e-07,0.000147875
5.38421e-07,0.00014074
5.38521e-07,0.000127119
5.38621e-07,0.000108958
5.38721e-07,9.01478e-05
5.38821e-07,7.32837e-05
5.38921e-07,5.96627e-05
5.39021e-07,5.0582e-05
5.39121e-07,4.66903e-05
5.39221e-07,4.73389e-05
5.39321e-07,5.0582e-05
5.39421e-07,5.44737e-05
5.39521e-07,5.64196e-05
5.39621e-07,5.44737e-05
5.39721e-07,4.92848e-05
5.39821e-07,3.95555e-05
5.39921e-07,2.6583e-05
5.40021e-07,1.36106e-05
5.40121e-07,1.28686e-06
5.40221e-07,-8.44244e-06
5.40321e-07,-1.29828e-05
5.40421e-07,-1.10369e-05
5.40521e-07,-3.25348e-06
5.40621e-07,8.42168e-06
5.40721e-07,2.20427e-05
5.40821e-07,3.56637e-05
5.40921e-07,4.66903e-05
5.41021e-07,5.38251e-05
5.41121e-07,5.5771e-05
5.41221e-07,5.31765e-05
5.41321e-07,4.73389e-05
5.41421e-07,4.08527e-05
5.41521e-07,3.43665e-05
5.41621e-07,2.98261e-05
5.41721e-07,2.91775e-05
5.41821e-07,3.24206e-05
5.41921e-07,3.89068e-05
5.42021e-07,4.79875e-05
5.42121e-07,5.77168e-05
5.42221e-07,6.61489e-05
5.42321e-07,7.19865e-05
5.42421e-07,7.52296e-05
5.42521e-07,7.52296e-05
5.42621e-07,7.32837e-05
5.42721e-07,7.00406e-05
5.42821e-07,6.87434e-05
5.42921e-07,7.13378e-05
5.43021e-07,7.84727e-05
5.43121e-07,9.01478e-05
5.43221e-07,0.000106363
5.43321e-07,0.000126471
5.43421e-07,0.000147875
5.43521e-07,0.000167982
5.43621e-07,0.000184846
5.43721e-07,0.000196522
5.43821e-07,0.000202359
5.43921e-07,0.00020171
5.44021e-07,0.000195873
5.44121e-07,0.000187441
5.44221e-07,0.000179009
5.44321e-07,0.000172523
5.44421e-07,0.000169928
5.44521e-07,0.000172523
5.44621e-07,0.000180306
5.44721e-07,0.000191333
5.44821e-07,0.000204954
5.44921e-07,0.000218575
5.45021e-07,0.000229601
5.45121e-07,0.000237385
5.45221e-07,0.000240628
5.45321e-07,0.000238682
5.45421e-07,0.000232844
5.45521e-07,0.000224412
5.45621e-07,0.000214683
5.45721e-07,0.000204954
5.45821e-07,0.000195873
5.45921e-07,0.000189387
5.46021e-07,0.000183549
5.46121e-07,0.000179009
5.46221e-07,0.000174468
5.46321e-07,0.000169279
5.46421e-07,0.000162793
5.46521e-07,0.000156307
5.46621e-07,0.000149821
5.46721e-07,0.000144632
5.46821e-07,0.000142037
5.46921e-07,0.000142686
5.47021e-07,0.000147875
5.47121e-07,0.000157604
5.47221e-07,0.000171874
5.47321e-07,0.000188738
5.47421e-07,0.000206251
5.47521e-07,0.000222466
5.47621e-07,0.000236736
5.47721e-07,0.000247114
5.47821e-07,0.0002536
5.47921e-07,0.000256195
5.48021e-07,0.000254897
5.48121e-07,0.000252303
5.48221e-07,0.00024906
5.48321e-07,0.000245817
5.48421e-07,0.000242574
5.48521e-07,0.00023933
5.48621e-07,0.00023479
5.48721e-07,0.000227007
5.48821e-07,0.00021598
5.48921e-07,0.000199765
5.49021e-07,0.000177712
5.49121e-07,0.000151767
5.49221e-07,0.000123227
5.49321e-07,9.59854e-05
5.49421e-07,7.19865e-05
5.49521e-07,5.5771e-05
5.49621e-07,4.99334e-05
5.49721e-07,5.64196e-05
5.49821e-07,7.39323e-05
5.49921e-07,0.000102472
5.50021e-07,0.000138794
5.50121e-07,0.000179657
5.50221e-07,0.000218575
5.50321e-07,0.000252951
5.50421e-07,0.000277599
5.50521e-07,0.000290571
5.50621e-07,0.000291869
5.50721e-07,0.000282139
5.50821e-07,0.000263329
5.50921e-07,0.00023933
5.51021e-07,0.000212737
5.51121e-07,0.000187441
5.51221e-07,0.000165388
5.51321e-07,0.000149172
5.51421e-07,0.000138794
5.51521e-07,0.000134254
5.51621e-07,0.000133605
5.51721e-07,0.000136848
5.51821e-07,0.000141389
5.51921e-07,0.000145929
5.52021e-07,0.000149821
5.52121e-07,0.000153713
5.52221e-07,0.000156956
5.52321e-07,0.000160199
5.52421e-07,0.000164091
5.52521e-07,0.000167334
5.52621e-07,0.000171225
5.52721e-07,0.00017382
5.52821e-07,0.000175766
5.52921e-07,0.000174468
5.53021e-07,0.000168631
5.53121e-07,0.000158253
5.53221e-07,0.000142686
5.53321e-07,0.000123876
5.53421e-07,0.000101174
5.53521e-07,7.71754e-05
5.53621e-07,5.44737e-05
5.53721e-07,3.37179e-05
5.53821e-07,1.75024e-05
5.53921e-07,6.47582e-06
5.54021e-07,6.38242e-07
5.54121e-07,-1.30762e-06
5.54221e-07,6.38242e-07
5.54321e-07,5.17858e-06
5.54421e-07,1.03675e-05
5.54521e-07,1.68537e-05
5.54621e-07,2.33399e-05
5.54721e-07,2.91775e-05
5.54821e-07,3.50151e-05
5.54921e-07,4.08527e-05
5.55021e-07,4.66903e-05
5.55121e-07,5.31765e-05
5.55221e-07,5.90141e-05
5.55321e-07,6.35544e-05
5.55421e-07,6.61489e-05
5.55521e-07,6.55003e-05
5.55621e-07,6.16085e-05
5.55721e-07,5.38251e-05
5.55821e-07,4.34472e-05
5.55921e-07,3.04748e-05
5.56021e-07,1.75024e-05
5.56121e-07,6.47582e-06
5.56221e-07,-1.03779e-08
5.56321e-07,-1.03779e-08
5.56421e-07,5.8272e-06
5.56521e-07,1.8151e-05
5.56621e-07,3.63124e-05
5.56721e-07,5.77168e-05
5.56821e-07,7.97699e-05
5.56921e-07,9.92285e-05
5.57021e-07,0.000113498
5.57121e-07,0.000119984
5.57221e-07,0.000118038
5.57321e-07,0.000108309
5.57421e-07,9.20937e-05
5.57521e-07,7.26351e-05
5.57621e-07,5.25279e-05
5.57721e-07,3.43665e-05
5.57821e-07,2.00968e-05
5.57921e-07,1.16648e-05
5.58021e-07,9.0703e-06
5.58121e-07,1.23134e-05
5.58221e-07,1.87996e-05
5.58321e-07,2.6583e-05
5.58421e-07,3.30692e-05
5.58521e-07,3.76096e-05
5.58621e-07,3.82582e-05
5.58721e-07,3.56637e-05
5.58821e-07,3.04748e-05
5.58921e-07,2.46372e-05
5.59021e-07,1.94482e-05
5.59121e-07,1.68537e-05
5.59221e-07,1.87996e-05
5.59321e-07,2.6583e-05
5.59421e-07,3.95555e-05
5.59521e-07,5.70682e-05
5.59621e-07,7.58782e-05
5.59721e-07,9.53368e-05
5.59821e-07,0.000112201
5.59921e-07,0.000123876
5.60021e-07,0.000129714
5.60121e-07,0.000130362
5.60221e-07,0.000124525
5.60321e-07,0.000114147
5.60421e-07,0.000101174
5.60521e-07,8.75533e-05
5.60621e-07,7.52296e-05
5.60721e-07,6.48516e-05
5.60821e-07,5.77168e-05
5.60921e-07,5.38251e-05
5.61021e-07,5.38251e-05
5.61121e-07,5.5771e-05
5.61221e-07,6.03113e-05
5.61321e-07,6.61489e-05
5.61421e-07,7.32837e-05
5.61521e-07,8.10671e-05
5.61621e-07,8.94992e-05
5.61721e-07,9.92285e-05
5.61821e-07,0.000110255
5.61921e-07,0.000122579
5.62021e-07,0.000134903
5.62121e-07,0.000147875
5.62221e-07,0.000158902
5.62321e-07,0.000167334
5.62421e-07,0.000172523
5.62521e-07,0.00017382
5.62621e-07,0.000171874
5.62721e-07,0.000166036
5.62821e-07,0.000158253
5.62921e-07,0.000149172
5.63021e-07,0.000142037
5.63121e-07,0.000137497
5.63221e-07,0.000137497
5.63321e-07,0.000143335
5.63421e-07,0.000153713
5.63521e-07,0.000168631
5.63621e-07,0.000186144
5.63721e-07,0.000204305
5.63821e-07,0.00022052
5.63921e-07,0.000233493
5.64021e-07,0.000241276
5.64121e-07,0.000243222
5.64221e-07,0.00023933
5.64321e-07,0.000231547
5.64421e-07,0.000221169
5.64521e-07,0.000209494
5.64621e-07,0.000198467
5.64721e-07,0.000188738
5.64821e-07,0.000181603
5.64921e-07,0.000175766
5.65021e-07,0.000170577
5.65121e-07,0.000165388
5.65221e-07,0.000157604
5.65321e-07,0.000147875
5.65421e-07,0.000134254
5.65521e-07,0.000118687
5.65621e-07,0.000101823
5.65721e-07,8.49589e-05
5.65821e-07,7.00406e-05
5.65921e-07,5.90141e-05
5.66021e-07,5.31765e-05
5.66121e-07,5.38251e-05
5.66221e-07,5.90141e-05
5.66321e-07,6.87434e-05
5.66421e-07,8.04185e-05
5.66521e-07,9.33909e-05
5.66621e-07,0.000105066
5.66721e-07,0.000114795
5.66821e-07,0.000122579
5.66921e-07,0.000127119
5.67021e-07,0.000130362
5.67121e-07,0.000132957
5.67221e-07,0.000135551
5.67321e-07,0.000140092
5.67421e-07,0.000146578
5.67521e-07,0.000154361
5.67621e-07,0.000164739
5.67721e-07,0.000176414
5.67821e-07,0.000187441
5.67921e-07,0.00019717
5.68021e-07,0.000204305
5.68121e-07,0.000208845
5.68221e-07,0.000210791
5.68321e-07,0.000210791
5.68421e-07,0.000210143
5.68521e-07,0.000209494
5.68621e-07,0.000209494
5.68721e-07,0.000210143
5.68821e-07,0.00021144
5.68921e-07,0.000213386
5.69021e-07,0.000214683
5.69121e-07,0.000214683
5.69221e-07,0.000214034
5.69321e-07,0.000210791
5.69421e-07,0.000206251
5.69521e-07,0.000199765
5.69621e-07,0.000193927
5.69721e-07,0.000188738
5.69821e-07,0.000185495
5.69921e-07,0.000184846
5.70021e-07,0.000186144
5.70121e-07,0.000188738
5.70221e-07,0.000191333
5.70321e-07,0.00019263
5.70421e-07,0.000191981
5.70521e-07,0.000188089
5.70621e-07,0.000181603
5.70721e-07,0.000171874
5.70821e-07,0.000160199
5.70921e-07,0.000148524
5.71021e-07,0.000137497
5.71121e-07,0.000128416
5.71221e-07,0.000123227
5.71321e-07,0.00012193
5.71421e-07,0.000125173
5.71521e-07,0.000130362
5.71621e-07,0.000137497
5.71721e-07,0.000143335
5.71821e-07,0.000147226
5.71921e-07,0.000147226
5.72021e-07,0.000143983
5.72121e-07,0.000136848
5.72221e-07,0.000127768
5.72321e-07,0.00011739
5.72421e-07,0.000107012
5.72521e-07,9.85799e-05
5.72621e-07,9.20937e-05
5.72721e-07,8.69047e-05
5.72821e-07,8.23644e-05
5.72921e-07,7.84727e-05
5.73021e-07,7.19865e-05
5.73121e-07,6.16085e-05
5.73221e-07,4.79875e-05
5.73321e-07,2.98261e-05
5.73421e-07,8.42168e-06
5.73521e-07,-1.29828e-05
5.73621e-07,-3.24414e-05
5.73721e-07,-4.60624e-05
5.73821e-07,-5.25486e-05
5.73921e-07,-4.93055e-05
5.74021e-07,-3.63331e-05
5.74121e-07,-1.428e-05
5.74221e-07,1.42593e-05
5.74321e-07,4.66903e-05
5.74421e-07,7.91213e-05
5.74521e-07,0.000107661
5.74621e-07,0.000129065
5.74721e-07,0.000141389
5.74821e-07,0.000142686
5.74921e-07,0.000135551
5.75021e-07,0.000120633
5.75121e-07,0.000101174
5.75221e-07,7.97699e-05
5.75321e-07,6.03113e-05
5.75421e-07,4.40958e-05
5.75521e-07,3.30692e-05
5.75621e-07,2.78803e-05
5.75721e-07,2.85289e-05
5.75821e-07,3.30692e-05
5.75921e-07,4.08527e-05
5.76021e-07,4.92848e-05
5.76121e-07,5.83654e-05
5.76221e-07,6.55003e-05
5.76321e-07,7.06892e-05
5.76421e-07,7.39323e-05
5.76521e-07,7.58782e-05
5.76621e-07,7.71754e-05
5.76721e-07,7.7824e-05
5.76821e-07,7.84727e-05
5.76921e-07,7.97699e-05
5.77021e-07,8.04185e-05
5.77121e-07,8.17158e-05
5.77221e-07,8.3013e-05
5.77321e-07,8.43102e-05
5.77421e-07,8.69047e-05
5.77521e-07,9.07964e-05
5.77621e-07,9.72826e-05
5.77721e-07,0.000106363
5.77821e-07,0.000119336
5.77921e-07,0.000134903
5.78021e-07,0.000154361
5.78121e-07,0.000175117
5.78221e-07,0.000195873
5.78321e-07,0.000214034
5.78421e-07,0.000228953
5.78521e-07,0.000237385
5.78621e-07,0.000238682
5.78721e-07,0.000232844
5.78821e-07,0.00022052
5.78921e-07,0.000203008
5.79021e-07,0.000182901
5.79121e-07,0.000164091
5.79221e-07,0.000147875
5.79321e-07,0.0001362
5.79421e-07,0.000130362
5.79521e-07,0.00013166
5.79621e-07,0.000138794
5.79721e-07,0.000149821
5.79821e-07,0.000164091
5.79921e-07,0.000177712
5.80021e-07,0.000188738
5.80121e-07,0.000195873
5.80221e-07,0.000196522
5.80321e-07,0.000191981
5.80421e-07,0.000181603
5.80521e-07,0.000167334
5.80621e-07,0.000149821
5.80721e-07,0.000130362
5.80821e-07,0.000110904
5.80921e-07,9.20937e-05
5.81021e-07,7.32837e-05
5.81121e-07,5.5771e-05
5.81221e-07,3.89068e-05
5.81321e-07,2.33399e-05
5.81421e-07,9.71892e-06
5.81521e-07,-1.95624e-06
5.81621e-07,-8.44244e-06
5.81721e-07,-1.03883e-05
5.81821e-07,-6.49658e-06
5.81921e-07,3.23272e-06
5.82021e-07,1.8151e-05
5.82121e-07,3.82582e-05
5.82221e-07,6.03113e-05
5.82321e-07,8.23644e-05
5.82421e-07,0.000101823
5.82521e-07,0.00011739
5.82621e-07,0.000127119
5.82721e-07,0.000130362
5.82821e-07,0.000128416
5.82921e-07,0.000123227
5.83021e-07,0.000116093
5.83121e-07,0.000108958
5.83221e-07,0.000104417
5.83321e-07,0.000104417
5.83421e-07,0.000107661
5.83521e-07,0.000114795
5.83621e-07,0.000124525
5.83721e-07,0.000134903
5.83821e-07,0.000144632
5.83921e-07,0.000150469
5.84021e-07,0.000151767
5.84121e-07,0.000149172
5.84221e-07,0.000142686
5.84321e-07,0.000133605
5.84421e-07,0.000124525
5.84521e-07,0.000116741
5.84621e-07,0.000113498
5.84721e-07,0.000114795
5.84821e-07,0.000120633
5.84921e-07,0.000131011
5.85021e-07,0.000143983
5.85121e-07,0.000156956
5.85221e-07,0.000167982
5.85321e-07,0.00017382
5.85421e-07,0.00017382
5.85521e-07,0.000167334
5.85621e-07,0.000155658
5.85721e-07,0.000139443
5.85821e-07,0.00012193
5.85921e-07,0.000105715
5.86021e-07,9.27423e-05
5.86121e-07,8.69047e-05
5.86221e-07,8.8202e-05
5.86321e-07,9.59854e-05
5.86421e-07,0.000109606
5.86521e-07,0.000126471
5.86621e-07,0.000144632
5.86721e-07,0.000161496
5.86821e-07,0.000175766
5.86921e-07,0.000184846
5.87021e-07,0.000188089
5.87121e-07,0.000186792
5.87221e-07,0.000180306
5.87321e-07,0.000170577
5.87421e-07,0.000160847
5.87521e-07,0.000151118
5.87621e-07,0.000143335
5.87721e-07,0.000138146
5.87821e-07,0.000134903
5.87921e-07,0.000132957
5.88021e-07,0.00013166
5.88121e-07,0.000130362
5.88221e-07,0.000129714
5.88321e-07,0.000128416
5.88421e-07,0.000127119
5.88521e-07,0.000127119
5.88621e-07,0.000129065
5.88721e-07,0.000133605
5.88821e-07,0.00014074
5.88921e-07,0.000149172
5.89021e-07,0.000158902
5.89121e-07,0.000167334
5.89221e-07,0.00017382
5.89321e-07,0.000177063
5.89421e-07,0.000175766
5.89521e-07,0.000168631
5.89621e-07,0.000157604
5.89721e-07,0.000143983
5.89821e-07,0.000129714
5.89921e-07,0.000115444
5.90021e-07,0.000105715
5.90121e-07,9.98771e-05
5.90221e-07,9.92285e-05
5.90321e-07,0.000101823
5.90421e-07,0.000107012
5.90521e-07,0.000111552
5.90621e-07,0.000114147
5.90721e-07,0.00011285
5.90821e-07,0.000106363
5.90921e-07,9.59854e-05
5.91021e-07,8.17158e-05
5.91121e-07,6.67975e-05
5.91221e-07,5.44737e-05
5.91321e-07,4.60417e-05
5.91421e-07,4.40958e-05
5.91521e-07,4.99334e-05
5.91621e-07,6.35544e-05
5.91721e-07,8.3013e-05
5.91821e-07,0.000107661
5.91921e-07,0.000134254
5.92021e-07,0.00015955
5.92121e-07,0.000181603
5.92221e-07,0.000197819
5.92321e-07,0.000207548
5.92421e-07,0.00021144
5.92521e-07,0.00021144
5.92621e-07,0.000208845
5.92721e-07,0.000204954
5.92821e-07,0.00020171
5.92921e-07,0.000199765
5.93021e-07,0.000199116
5.93121e-07,0.000198467
5.93221e-07,0.000198467
5.93321e-07,0.000196522
5.93421e-07,0.000191981
5.93521e-07,0.000182901
5.93621e-07,0.000170577
5.93721e-07,0.000156307
5.93821e-07,0.00014074
5.93921e-07,0.000126471
5.94021e-07,0.000115444
5.94121e-07,0.000110255
5.94221e-07,0.000110904
5.94321e-07,0.000118038
5.94421e-07,0.000130362
5.94521e-07,0.000146578
5.94621e-07,0.000162793
5.94721e-07,0.000176414
5.94821e-07,0.000184846
5.94921e-07,0.000186792
5.95021e-07,0.000180955
5.95121e-07,0.000167982
5.95221e-07,0.000149821
5.95321e-07,0.000127119
5.95421e-07,0.000104417
5.95521e-07,8.23644e-05
5.95621e-07,6.35544e-05
5.95721e-07,5.0582e-05
5.95821e-07,4.21499e-05
5.95921e-07,3.82582e-05
5.96021e-07,3.6961e-05
5.96121e-07,3.82582e-05
5.96221e-07,3.89068e-05
5.96321e-07,3.89068e-05
5.96421e-07,3.6961e-05
5.96521e-07,3.30692e-05
5.96621e-07,2.78803e-05
5.96721e-07,2.26913e-05
5.96821e-07,1.8151e-05
5.96921e-07,1.68537e-05
5.97021e-07,1.87996e-05
5.97121e-07,2.33399e-05
5.97221e-07,2.98261e-05
5.97321e-07,3.6961e-05
5.97421e-07,4.34472e-05
5.97521e-07,4.79875e-05
5.97621e-07,4.92848e-05
5.97721e-07,4.66903e-05
5.97821e-07,3.95555e-05
5.97921e-07,2.98261e-05
5.98021e-07,1.87996e-05
5.98121e-07,8.42168e-06
5.98221e-07,-1.03779e-08
5.98321e-07,-4.55072e-06
5.98421e-07,-5.84796e-06
5.98521e-07,-3.25348e-06
5.98621e-07,1.28686e-06
5.98721e-07,8.42168e-06
5.98821e-07,1.62051e-05
5.98921e-07,2.33399e-05
5.99021e-07,2.98261e-05
5.99121e-07,3.56637e-05
5.99221e-07,4.15013e-05
5.99321e-07,4.86361e-05
5.99421e-07,5.77168e-05
5.99521e-07,7.13378e-05
5.99621e-07,8.94992e-05
5.99721e-07,0.000112201
5.99821e-07,0.000138794
5.99921e-07,0.000168631
6.00021e-07,0.000199765
6.00121e-07,0.000231547
6.00221e-07,0.000261384
6.00321e-07,0.000287977
6.00421e-07,0.000310679
6.00521e-07,0.000329489
6.00621e-07,0.000344407
6.00721e-07,0.000356082
6.00821e-07,0.000365163
6.00921e-07,0.000372298
6.01021e-07,0.000375541
6.01121e-07,0.000376189
6.01221e-07,0.000372946
6.01321e-07,0.000365163
6.01421e-07,0.000351542
6.01521e-07,0.000331435
6.01621e-07,0.000304841
6.01721e-07,0.00027241
6.01821e-07,0.000236087
6.01921e-07,0.00019717
6.02021e-07,0.000160199
6.02121e-07,0.000127768
6.02221e-07,0.000102472
6.02321e-07,8.49589e-05
6.02421e-07,7.58782e-05
6.02521e-07,7.39323e-05
6.02621e-07,7.7824e-05
6.02721e-07,8.49589e-05
6.02821e-07,9.20937e-05
6.02921e-07,9.53368e-05
6.03021e-07,9.46882e-05
6.03121e-07,8.75533e-05
6.03221e-07,7.52296e-05
6.03321e-07,5.70682e-05
6.03421e-07,3.56637e-05
6.03521e-07,1.23134e-05
6.03621e-07,-1.03883e-05
6.03721e-07,-3.17928e-05
6.03821e-07,-4.93055e-05
6.03921e-07,-6.42238e-05
6.04021e-07,-7.52503e-05
6.04121e-07,-8.30338e-05
6.04221e-07,-8.88713e-05
6.04321e-07,-9.27631e-05
6.04421e-07,-9.47089e-05
6.04521e-07,-9.53575e-05
6.04621e-07,-9.40603e-05
6.04721e-07,-9.01686e-05
6.04821e-07,-8.4331e-05
6.04921e-07,-7.58989e-05
6.05021e-07,-6.5521e-05
6.05121e-07,-5.25486e-05
6.05221e-07,-3.95762e-05
6.05321e-07,-2.66038e-05
6.05421e-07,-1.62259e-05
6.05521e-07,-9.09106e-06
6.05621e-07,-7.1452e-06
6.05721e-07,-9.73968e-06
6.05821e-07,-1.68745e-05
6.05921e-07,-2.72524e-05
6.06021e-07,-3.89276e-05
6.06121e-07,-4.86569e-05
6.06221e-07,-5.57917e-05
6.06321e-07,-5.90348e-05
6.06421e-07,-5.7089e-05
6.06521e-07,-5.12514e-05
6.06621e-07,-4.21707e-05
6.06721e-07,-3.17928e-05
6.06821e-07,-2.14148e-05
6.06921e-07,-1.23342e-05
6.07021e-07,-5.84796e-06
6.07121e-07,-1.30762e-06
6.07221e-07,3.23272e-06
6.07321e-07,9.0703e-06
6.07421e-07,1.8151e-05
6.07521e-07,3.1772e-05
6.07621e-07,5.18792e-05
6.07721e-07,7.71754e-05
6.07821e-07,0.000107012
6.07921e-07,0.000140092
6.08021e-07,0.000171874
6.08121e-07,0.000199765
6.08221e-07,0.000221169
6.08321e-07,0.000233493
6.08421e-07,0.00023479
6.08521e-07,0.000226358
6.08621e-07,0.000208845
6.08721e-07,0.000184198
6.08821e-07,0.000157604
6.08921e-07,0.000130362
6.09021e-07,0.000106363
6.09121e-07,8.8202e-05
6.09221e-07,7.65268e-05
6.09321e-07,7.19865e-05
6.09421e-07,7.39323e-05
6.09521e-07,7.91213e-05
6.09621e-07,8.69047e-05
6.09721e-07,9.46882e-05
6.09821e-07,0.000101174
6.09921e-07,0.000105066
6.10021e-07,0.000105715
6.10121e-07,0.000105066
6.10221e-07,0.00010312
6.10321e-07,0.000100526
6.10421e-07,9.92285e-05
6.10521e-07,9.98771e-05
6.10621e-07,0.000100526
6.10721e-07,0.000101174
6.10821e-07,0.000101174
6.10921e-07,0.000101174
6.11021e-07,9.98771e-05
6.11121e-07,9.72826e-05
6.11221e-07,9.59854e-05
6.11321e-07,9.59854e-05
6.11421e-07,9.92285e-05
6.11521e-07,0.000107661
6.11621e-07,0.000122579
6.11721e-07,0.000144632
6.11821e-07,0.000172523
6.11921e-07,0.000204305
6.12021e-07,0.00023933
6.12121e-07,0.00027241
6.12221e-07,0.000301598
6.12321e-07,0.000323651
6.12421e-07,0.000336623
6.12521e-07,0.000339218
6.12621e-07,0.000331435
6.12721e-07,0.00031457
6.12821e-07,0.000290571
6.12921e-07,0.000262032
6.13021e-07,0.000230898
6.13121e-07,0.000199116
6.13221e-07,0.000169928
6.13321e-07,0.000142686
6.13421e-07,0.000118038
6.13521e-07,9.59854e-05
6.13621e-07,7.58782e-05
6.13721e-07,5.64196e-05
6.13821e-07,3.76096e-05
6.13921e-07,1.94482e-05
6.14021e-07,1.28686e-06
6.14121e-07,-1.49286e-05
6.14221e-07,-2.85497e-05
6.14321e-07,-3.89276e-05
6.14421e-07,-4.47652e-05
6.14521e-07,-4.47652e-05
6.14621e-07,-4.02248e-05
6.14721e-07,-3.17928e-05
6.14821e-07,-2.01176e-05
6.14921e-07,-7.79382e-06
6.15021e-07,5.8272e-06
6.15121e-07,1.8151e-05
6.15221e-07,3.04748e-05
6.15321e-07,4.08527e-05
6.15421e-07,5.0582e-05
6.15521e-07,6.03113e-05
6.15621e-07,7.06892e-05
6.15721e-07,8.3013e-05
6.15821e-07,9.6634e-05
6.15921e-07,0.000112201
6.16021e-07,0.000129065
6.16121e-07,0.000145929
6.16221e-07,0.00015955
6.16321e-07,0.000169928
6.16421e-07,0.000175117
6.16521e-07,0.000174468
6.16621e-07,0.000167982
6.16721e-07,0.000156307
6.16821e-07,0.000141389
6.16921e-07,0.000125173
6.17021e-07,0.000107661
6.17121e-07,9.20937e-05
6.17221e-07,7.71754e-05
6.17321e-07,6.48516e-05
6.17421e-07,5.44737e-05
6.17521e-07,4.40958e-05
6.17621e-07,3.37179e-05
6.17721e-07,2.13941e-05
6.17821e-07,8.42168e-06
6.17921e-07,-7.1452e-06
6.18021e-07,-2.20635e-05
6.18121e-07,-3.63331e-05
6.18221e-07,-4.73596e-05
6.18321e-07,-5.38459e-05
6.18421e-07,-5.31972e-05
6.18521e-07,-4.54138e-05
6.18621e-07,-3.17928e-05
6.18721e-07,-1.23342e-05
6.18821e-07,1.10162e-05
6.18921e-07,3.50151e-05
6.19021e-07,5.83654e-05
6.19121e-07,7.91213e-05
6.19221e-07,9.6634e-05
6.19321e-07,0.000110255
6.19421e-07,0.000119984
6.19521e-07,0.000127768
6.19621e-07,0.000134903
6.19721e-07,0.000143335
6.19821e-07,0.000153064
6.19921e-07,0.000164739
6.20021e-07,0.000177063
6.20121e-07,0.000189387
6.20221e-07,0.000198467
6.20321e-07,0.000203008
6.20421e-07,0.000201062
6.20521e-07,0.000191981
6.20621e-07,0.000175117
6.20721e-07,0.000153064
6.20821e-07,0.000126471
6.20921e-07,9.85799e-05
6.21021e-07,7.26351e-05
6.21121e-07,5.18792e-05
6.21221e-07,3.6961e-05
6.21321e-07,2.98261e-05
6.21421e-07,2.98261e-05
6.21521e-07,3.56637e-05
6.21621e-07,4.60417e-05
6.21721e-07,5.83654e-05
6.21821e-07,7.00406e-05
6.21921e-07,7.97699e-05
6.22021e-07,8.75533e-05
6.22121e-07,9.33909e-05
6.22221e-07,9.72826e-05
6.22321e-07,0.000101174
6.22421e-07,0.000105066
6.22521e-07,0.000110255
6.22621e-07,0.000116093
6.22721e-07,0.000122579
6.22821e-07,0.000128416
6.22921e-07,0.000132308
6.23021e-07,0.000132957
6.23121e-07,0.000130362
6.23221e-07,0.000123227
6.23321e-07,0.00011285
6.23421e-07,9.98771e-05
6.23521e-07,8.69047e-05
6.23621e-07,7.65268e-05
6.23721e-07,7.06892e-05
6.23821e-07,7.19865e-05
6.23921e-07,8.04185e-05
6.24021e-07,9.6634e-05
6.24121e-07,0.000119984
6.24221e-07,0.000148524
6.24321e-07,0.000180306
6.24421e-07,0.000212737
6.24521e-07,0.000243222
6.24621e-07,0.000269167
6.24721e-07,0.000289923
6.24821e-07,0.000303544
6.24921e-07,0.000311976
6.25021e-07,0.000313922
6.25121e-07,0.000311976
6.25221e-07,0.000306138
6.25321e-07,0.000297058
6.25421e-07,0.000284734
6.25521e-07,0.000269167
6.25621e-07,0.000251006
6.25721e-07,0.000228953
6.25821e-07,0.000204305
6.25921e-07,0.000177063
6.26021e-07,0.000149172
6.26121e-07,0.000123876
6.26221e-07,0.000101823
6.26321e-07,8.56075e-05
6.26421e-07,7.7824e-05
6.26521e-07,7.7824e-05
6.26621e-07,8.49589e-05
6.26721e-07,9.79313e-05
6.26821e-07,0.000114795
6.26921e-07,0.000132308
6.27021e-07,0.000146578
6.27121e-07,0.00015501
6.27221e-07,0.000156956
6.27321e-07,0.000150469
6.27421e-07,0.0001362
6.27521e-07,0.00011739
6.27621e-07,9.59854e-05
6.27721e-07,7.52296e-05
6.27821e-07,5.83654e-05
6.27921e-07,4.79875e-05
6.28021e-07,4.47444e-05
6.28121e-07,4.92848e-05
6.28221e-07,6.09599e-05
6.28321e-07,7.65268e-05
6.28421e-07,9.40395e-05
6.28521e-07,0.000109606
6.28621e-07,0.000121282
6.28721e-07,0.000127768
6.28821e-07,0.000128416
6.28921e-07,0.000124525
6.29021e-07,0.000116093
6.29121e-07,0.000106363
6.29221e-07,9.6634e-05
6.29321e-07,9.01478e-05
6.29421e-07,8.69047e-05
6.29521e-07,8.75533e-05
6.29621e-07,9.27423e-05
6.29721e-07,0.000101823
6.29821e-07,0.000112201
6.29921e-07,0.000123227
6.30021e-07,0.000134903
6.30121e-07,0.000145929
6.30221e-07,0.000156307
6.30321e-07,0.000166036
6.30421e-07,0.000175117
6.30521e-07,0.000185495
6.30621e-07,0.000196522
6.30721e-07,0.000207548
6.30821e-07,0.000218575
6.30921e-07,0.000226358
6.31021e-07,0.000229601
6.31121e-07,0.000227007
6.31221e-07,0.000217926
6.31321e-07,0.00020171
6.31421e-07,0.00017836
6.31521e-07,0.000149172
6.31621e-07,0.000118038
6.31721e-07,8.62561e-05
6.31821e-07,5.77168e-05
6.31921e-07,3.37179e-05
6.32021e-07,1.68537e-05
6.32121e-07,7.77306e-06
6.32221e-07,5.17858e-06
6.32321e-07,7.77306e-06
6.32421e-07,1.42593e-05
6.32521e-07,2.26913e-05
6.32621e-07,3.11234e-05
6.32721e-07,3.76096e-05
6.32821e-07,4.27986e-05
6.32921e-07,4.66903e-05
6.33021e-07,5.12306e-05
6.33121e-07,5.90141e-05
6.33221e-07,7.00406e-05
6.33321e-07,8.62561e-05
6.33421e-07,0.000105715
6.33521e-07,0.000129065
6.33621e-07,0.000154361
6.33721e-07,0.000179657
6.33821e-07,0.00020171
6.33921e-07,0.000217926
6.34021e-07,0.000227655
6.34121e-07,0.000230898
6.34221e-07,0.000227655
6.34321e-07,0.000219223
6.34421e-07,0.000208197
6.34521e-07,0.000196522
6.34621e-07,0.000184846
6.34721e-07,0.000175117
6.34821e-07,0.000167982
6.34921e-07,0.000161496
6.35021e-07,0.00015501
6.35121e-07,0.000146578
6.35221e-07,0.000135551
6.35321e-07,0.000121282
6.35421e-07,0.000103769
6.35521e-07,8.3013e-05
6.35621e-07,6.22572e-05
6.35721e-07,4.34472e-05
6.35821e-07,2.78803e-05
6.35921e-07,1.68537e-05
6.36021e-07,1.36106e-05
6.36121e-07,1.68537e-05
6.36221e-07,2.59344e-05
6.36321e-07,3.89068e-05
6.36421e-07,5.25279e-05
6.36521e-07,6.48516e-05
6.36621e-07,7.19865e-05
6.36721e-07,7.32837e-05
6.36821e-07,6.80947e-05
6.36921e-07,5.83654e-05
6.37021e-07,4.47444e-05
6.37121e-07,3.04748e-05
6.37221e-07,1.94482e-05
6.37321e-07,1.36106e-05
6.37421e-07,1.42593e-05
6.37521e-07,2.33399e-05
6.37621e-07,4.08527e-05
6.37721e-07,6.35544e-05
6.37821e-07,9.07964e-05
6.37921e-07,0.000118687
6.38021e-07,0.000145281
6.38121e-07,0.000167982
6.38221e-07,0.000184846
6.38321e-07,0.000195873
6.38421e-07,0.000201062
6.38521e-07,0.000201062
6.38621e-07,0.00019717
6.38721e-07,0.000190035
6.38821e-07,0.000180306
6.38921e-07,0.000169279
6.39021e-07,0.000156956
6.39121e-07,0.000144632
6.39221e-07,0.000131011
6.39321e-07,0.00011739
6.39421e-07,0.00010312
6.39521e-07,8.88506e-05
6.39621e-07,7.65268e-05
6.39721e-07,6.61489e-05
6.39821e-07,5.90141e-05
6.39921e-07,5.70682e-05
6.40021e-07,5.96627e-05
6.40121e-07,6.74461e-05
6.40221e-07,7.91213e-05
6.40321e-07,9.33909e-05
6.40421e-07,0.000108958
6.40521e-07,0.000123227
6.40621e-07,0.000134254
6.40721e-07,0.000141389
6.40821e-07,0.000145281
6.40921e-07,0.000145929
6.41021e-07,0.000144632
6.41121e-07,0.000142686
6.41221e-07,0.000142037
6.41321e-07,0.000143335
6.41421e-07,0.000146578
6.41521e-07,0.000151767
6.41621e-07,0.000158902
6.41721e-07,0.000165388
6.41821e-07,0.000168631
6.41921e-07,0.000167982
6.42021e-07,0.000162793
6.42121e-07,0.000153064
6.42221e-07,0.000138794
6.42321e-07,0.00012193
6.42421e-07,0.000103769
6.42521e-07,8.75533e-05
6.42621e-07,7.32837e-05
6.42721e-07,6.35544e-05
6.42821e-07,5.90141e-05
6.42921e-07,5.90141e-05
6.43021e-07,6.22572e-05
6.43121e-07,6.61489e-05
6.43221e-07,7.13378e-05
6.43321e-07,7.45809e-05
6.43421e-07,7.52296e-05
6.43521e-07,7.26351e-05
6.43621e-07,6.80947e-05
6.43721e-07,6.29058e-05
6.43821e-07,5.83654e-05
6.43921e-07,5.51223e-05
6.44021e-07,5.51223e-05
6.44121e-07,5.83654e-05
6.44221e-07,6.55003e-05
6.44321e-07,7.39323e-05
6.44421e-07,8.36616e-05
6.44521e-07,9.20937e-05
6.44621e-07,9.79313e-05
6.44721e-07,9.92285e-05
6.44821e-07,9.72826e-05
6.44921e-07,9.20937e-05
6.45021e-07,8.56075e-05
6.45121e-07,7.91213e-05
6.45221e-07,7.52296e-05
6.45321e-07,7.52296e-05
6.45421e-07,7.97699e-05
6.45521e-07,8.75533e-05
6.45621e-07,9.85799e-05
6.45721e-07,0.000110904
6.45821e-07,0.000123227
6.45921e-07,0.00013166
6.46021e-07,0.0001362
6.46121e-07,0.000134254
6.46221e-07,0.000125822
6.46321e-07,0.000111552
6.46421e-07,9.27423e-05
6.46521e-07,7.26351e-05
6.46621e-07,5.18792e-05
6.46721e-07,3.43665e-05
6.46821e-07,2.13941e-05
6.46921e-07,1.36106e-05
6.47021e-07,1.10162e-05
6.47121e-07,1.23134e-05
6.47221e-07,1.68537e-05
6.47321e-07,2.26913e-05
6.47421e-07,2.91775e-05
6.47521e-07,3.50151e-05
6.47621e-07,4.15013e-05
6.47721e-07,4.73389e-05
6.47821e-07,5.44737e-05
6.47921e-07,6.22572e-05
6.48021e-07,7.13378e-05
6.48121e-07,8.36616e-05
6.48221e-07,9.72826e-05
6.48321e-07,0.000110904
6.48421e-07,0.000123876
6.48521e-07,0.000134254
6.48621e-07,0.000140092
6.48721e-07,0.00014074
6.48821e-07,0.000135551
6.48921e-07,0.000127119
6.49021e-07,0.000116741
6.49121e-07,0.000107012
6.49221e-07,9.98771e-05
6.49321e-07,9.72826e-05
6.49421e-07,9.98771e-05
6.49521e-07,0.000107661
6.49621e-07,0.000120633
6.49721e-07,0.000136848
6.49821e-07,0.000153713
6.49921e-07,0.000169279
6.50021e-07,0.000180955
6.50121e-07,0.000186792
6.50221e-07,0.000185495
6.50321e-07,0.000177063
6.50421e-07,0.000162145
6.50521e-07,0.000142686
6.50621e-07,0.000119984
6.50721e-07,9.46882e-05
6.50821e-07,6.80947e-05
6.50921e-07,4.15013e-05
6.51021e-07,1.36106e-05
6.51121e-07,-1.55773e-05
6.51221e-07,-4.54138e-05
6.51321e-07,-7.58989e-05
6.51421e-07,-0.000107033
6.51521e-07,-0.000135572
6.51621e-07,-0.000161517
6.51721e-07,-0.000181624
6.51821e-07,-0.000194596
6.51921e-07,-0.00019784
6.52021e-07,-0.000190705
6.52121e-07,-0.000172543
6.52221e-07,-0.000145301
6.52321e-07,-0.000110276
6.52421e-07,-7.20072e-05
6.52521e-07,-3.309e-05
6.52621e-07,1.28686e-06
6.52721e-07,3.04748e-05
6.52821e-07,5.18792e-05
6.52921e-07,6.55003e-05
6.53021e-07,7.32837e-05
6.53121e-07,7.58782e-05
6.53221e-07,7.65268e-05
6.53321e-07,7.7824e-05
6.53421e-07,8.17158e-05
6.53521e-07,9.07964e-05
6.53621e-07,0.000105066
6.53721e-07,0.000122579
6.53821e-07,0.000141389
6.53921e-07,0.000158902
6.54021e-07,0.000174468
6.54121e-07,0.000184198
6.54221e-07,0.000188089
6.54321e-07,0.000185495
6.54421e-07,0.000177712
6.54521e-07,0.000166036
6.54621e-07,0.000153713
6.54721e-07,0.000142037
6.54821e-07,0.000132957
6.54921e-07,0.000127768
6.55021e-07,0.000125822
6.55121e-07,0.000125173
6.55221e-07,0.000125822
6.55321e-07,0.000125822
6.55421e-07,0.000122579
6.55521e-07,0.000115444
6.55621e-07,0.000105066
6.55721e-07,9.01478e-05
6.55821e-07,7.26351e-05
6.55921e-07,5.44737e-05
6.56021e-07,3.82582e-05
6.56121e-07,2.6583e-05
6.56221e-07,1.94482e-05
6.56321e-07,1.75024e-05
6.56421e-07,2.07455e-05
6.56521e-07,2.85289e-05
6.56621e-07,3.82582e-05
6.56721e-07,4.92848e-05
6.56821e-07,5.83654e-05
6.56921e-07,6.61489e-05
6.57021e-07,7.26351e-05
6.57121e-07,7.84727e-05
6.57221e-07,8.49589e-05
6.57321e-07,9.46882e-05
6.57421e-07,0.000107661
6.57521e-07,0.000125822
6.57621e-07,0.000149172
6.57721e-07,0.000175766
6.57821e-07,0.000204954
6.57921e-07,0.000234141
6.58021e-07,0.000259438
6.58121e-07,0.000278896
6.58221e-07,0.000289923
6.58321e-07,0.000291869
6.58421e-07,0.000285382
6.58521e-07,0.00027241
6.58621e-07,0.000256195
6.58721e-07,0.000238682
6.58821e-07,0.000222466
6.58921e-07,0.000209494
6.59021e-07,0.000201062
6.59121e-07,0.000196522
6.59221e-07,0.000195873
6.59321e-07,0.000196522
6.59421e-07,0.00019717
6.59521e-07,0.000195224
6.59621e-07,0.000189387
6.59721e-07,0.000179009
6.59821e-07,0.000162793
6.59921e-07,0.000143335
6.60021e-07,0.00012193
6.60121e-07,0.000100526
6.60221e-07,8.10671e-05
6.60321e-07,6.55003e-05
6.60421e-07,5.44737e-05
6.60521e-07,4.92848e-05
6.60621e-07,4.92848e-05
6.60721e-07,5.31765e-05
6.60821e-07,6.03113e-05
6.60921e-07,6.9392e-05
6.61021e-07,8.04185e-05
6.61121e-07,9.33909e-05
6.61221e-07,0.000107661
6.61321e-07,0.000123227
6.61421e-07,0.00014074
6.61521e-07,0.00015955
6.61621e-07,0.000179657
6.61721e-07,0.000200413
6.61821e-07,0.00022052
6.61921e-07,0.000238682
6.62021e-07,0.000252951
6.62121e-07,0.000262032
6.62221e-07,0.000264627
6.62321e-07,0.000260735
6.62421e-07,0.000251654
6.62521e-07,0.000238682
6.62621e-07,0.000224412
6.62721e-07,0.000208845
6.62821e-07,0.000195224
6.62921e-07,0.000183549
6.63021e-07,0.000174468
6.63121e-07,0.000167334
6.63221e-07,0.000161496
6.63321e-07,0.000155658
6.63421e-07,0.000148524
6.63521e-07,0.000138794
6.63621e-07,0.000126471
6.63721e-07,0.000112201
6.63821e-07,9.72826e-05
6.63921e-07,8.36616e-05
6.64021e-07,7.26351e-05
6.64121e-07,6.74461e-05
6.64221e-07,6.87434e-05
6.64321e-07,7.71754e-05
6.64421e-07,9.33909e-05
6.64521e-07,0.000115444
6.64621e-07,0.000139443
6.64721e-07,0.000163442
6.64821e-07,0.000184198
6.64921e-07,0.000200413
6.65021e-07,0.000210143
6.65121e-07,0.000214034
6.65221e-07,0.00021144
6.65321e-07,0.000204305
6.65421e-07,0.000194576
6.65521e-07,0.000186144
6.65621e-07,0.000180306
6.65721e-07,0.00017836
6.65821e-07,0.000180306
6.65921e-07,0.000186144
6.66021e-07,0.000194576
6.66121e-07,0.000204305
6.66221e-07,0.000213386
6.66321e-07,0.000219872
6.66421e-07,0.000222466
6.66521e-07,0.000221818
6.66621e-07,0.000217926
6.66721e-07,0.000212088
6.66821e-07,0.000204954
6.66921e-07,0.000197819
6.67021e-07,0.000190684
6.67121e-07,0.000182901
6.67221e-07,0.000174468
6.67321e-07,0.000165388
6.67421e-07,0.000153713
6.67521e-07,0.000139443
6.67621e-07,0.000121282
6.67721e-07,9.92285e-05
6.67821e-07,7.52296e-05
6.67921e-07,5.12306e-05
6.68021e-07,3.04748e-05
6.68121e-07,1.49079e-05
6.68221e-07,7.12444e-06
6.68321e-07,7.77306e-06
6.68421e-07,1.8151e-05
6.68521e-07,3.63124e-05
6.68621e-07,6.16085e-05
6.68721e-07,9.01478e-05
6.68821e-07,0.000119336
6.68921e-07,0.000145281
6.69021e-07,0.000166036
6.69121e-07,0.000180306
6.69221e-07,0.000187441
6.69321e-07,0.000186792
6.69421e-07,0.000179009
6.69521e-07,0.000166685
6.69621e-07,0.000151767
6.69721e-07,0.0001362
6.69821e-07,0.000119984
6.69921e-07,0.000104417
6.70021e-07,9.07964e-05
6.70121e-07,7.84727e-05
6.70221e-07,6.80947e-05
6.70321e-07,5.90141e-05
6.70421e-07,5.25279e-05
6.70521e-07,4.92848e-05
6.70621e-07,4.92848e-05
6.70721e-07,5.31765e-05
6.70821e-07,6.09599e-05
6.70921e-07,7.19865e-05
6.71021e-07,8.62561e-05
6.71121e-07,0.000101174
6.71221e-07,0.000114147
6.71321e-07,0.000123876
6.71421e-07,0.000127768
6.71521e-07,0.000124525
6.71621e-07,0.000114147
6.71721e-07,9.6634e-05
6.71821e-07,7.32837e-05
6.71921e-07,4.79875e-05
6.72021e-07,2.33399e-05
6.72121e-07,3.23272e-06
6.72221e-07,-1.03883e-05
6.72321e-07,-1.62259e-05
6.72421e-07,-1.36314e-05
6.72521e-07,-2.60486e-06
6.72621e-07,1.36106e-05
6.72721e-07,3.1772e-05
6.72821e-07,4.86361e-05
6.72921e-07,6.03113e-05
6.73021e-07,6.35544e-05
6.73121e-07,5.77168e-05
6.73221e-07,4.27986e-05
6.73321e-07,1.87996e-05
6.73421e-07,-1.03883e-05
6.73521e-07,-4.28193e-05
6.73621e-07,-7.46017e-05
6.73721e-07,-0.000102492
6.73821e-07,-0.000124545
6.73921e-07,-0.000139464
6.74021e-07,-0.000147247
6.74121e-07,-0.000148544
6.74221e-07,-0.000144653
6.74321e-07,-0.000136869
6.74421e-07,-0.000125843
6.74521e-07,-0.00011287
6.74621e-07,-9.7952e-05
6.74721e-07,-8.04393e-05
6.74821e-07,-5.96834e-05
6.74921e-07,-3.43872e-05
6.75021e-07,-3.9021e-06
6.75121e-07,3.04748e-05
6.75221e-07,6.87434e-05
6.75321e-07,0.000108958
6.75421e-07,0.000145929
6.75521e-07,0.00017836
6.75621e-07,0.000203008
6.75721e-07,0.000217277
6.75821e-07,0.000219872
6.75921e-07,0.000210791
6.76021e-07,0.00019263
6.76121e-07,0.000167982
6.76221e-07,0.000140092
6.76321e-07,0.000113498
6.76421e-07,9.14451e-05
6.76521e-07,7.58782e-05
6.76621e-07,6.74461e-05
6.76721e-07,6.74461e-05
6.76821e-07,7.39323e-05
6.76921e-07,8.43102e-05
6.77021e-07,9.6634e-05
6.77121e-07,0.000107012
6.77221e-07,0.000114147
6.77321e-07,0.000118038
6.77421e-07,0.000118038
6.77521e-07,0.000115444
6.77621e-07,0.000112201
6.77721e-07,0.000110255
6.77821e-07,0.000110904
6.77921e-07,0.000114147
6.78021e-07,0.000121282
6.78121e-07,0.00013166
6.78221e-07,0.000142686
6.78321e-07,0.000152415
6.78421e-07,0.00015955
6.78521e-07,0.000163442
6.78621e-07,0.000162145
6.78721e-07,0.000156956
6.78821e-07,0.000147226
6.78921e-07,0.000135551
6.79021e-07,0.000123227
6.79121e-07,0.000110904
6.79221e-07,0.000100526
6.79321e-07,9.33909e-05
6.79421e-07,8.75533e-05
6.79521e-07,8.23644e-05
6.79621e-07,7.65268e-05
6.79721e-07,7.00406e-05
6.79821e-07,6.09599e-05
6.79921e-07,5.0582e-05
6.80021e-07,3.82582e-05
6.80121e-07,2.72317e-05
6.80221e-07,1.75024e-05
6.80321e-07,1.16648e-05
6.80421e-07,1.10162e-05
6.80521e-07,1.68537e-05
6.80621e-07,2.91775e-05
6.80721e-07,4.66903e-05
6.80821e-07,6.80947e-05
6.80921e-07,9.14451e-05
6.81021e-07,0.000115444
6.81121e-07,0.000138146
6.81221e-07,0.000156956
6.81321e-07,0.000171874
6.81421e-07,0.000182901
6.81521e-07,0.000190035
6.81621e-07,0.000194576
6.81721e-07,0.000198467
6.81821e-07,0.00020171
6.81921e-07,0.000204305
6.82021e-07,0.000206251
6.82121e-07,0.000206251
6.82221e-07,0.000204954
6.82321e-07,0.000199765
6.82421e-07,0.000190684
6.82521e-07,0.000179009
6.82621e-07,0.000164739
6.82721e-07,0.000150469
6.82821e-07,0.000137497
