LECROYWaveRunner‘N,20113,Waveform
Segments,1,SegmentSize,2002
Segment,TrigTime,TimeSinceSegment1
#1,01-Oct-2018 13:40:45,0                 
Time,Ampl
4.827399e-07,0.000202359
4.828399e-07,0.000210791
4.829399e-07,0.000217926
4.830399e-07,0.000223764
4.831399e-07,0.000227007
4.832399e-07,0.000225061
4.833399e-07,0.000219223
4.834399e-07,0.000208845
4.835399e-07,0.000194576
4.836399e-07,0.000177063
4.837399e-07,0.000156956
4.838399e-07,0.000136848
4.839399e-07,0.000120633
4.840399e-07,0.000108309
4.841399e-07,0.000101823
4.842399e-07,0.000100526
4.843399e-07,0.000105715
4.844399e-07,0.000114795
4.845399e-07,0.000128416
4.846399e-07,0.000143983
4.847399e-07,0.000160847
4.848399e-07,0.000175117
4.849399e-07,0.000186792
4.850399e-07,0.000195224
4.851399e-07,0.000200413
4.852399e-07,0.000203008
4.853399e-07,0.000203008
4.854399e-07,0.00020171
4.855399e-07,0.000199765
4.856399e-07,0.000198467
4.857399e-07,0.000196522
4.858399e-07,0.000195873
4.859399e-07,0.000194576
4.860399e-07,0.00019263
4.861399e-07,0.000189387
4.862399e-07,0.000184198
4.863399e-07,0.00017836
4.864399e-07,0.000171874
4.865399e-07,0.000166036
4.866399e-07,0.000162145
4.867399e-07,0.000160847
4.868399e-07,0.000164091
4.869399e-07,0.000171874
4.870399e-07,0.000184198
4.871399e-07,0.000201062
4.872399e-07,0.000221169
4.873399e-07,0.000241925
4.874399e-07,0.000262032
4.875399e-07,0.000280842
4.876399e-07,0.000297058
4.877399e-07,0.000308084
4.878399e-07,0.00031457
4.879399e-07,0.000315219
4.880399e-07,0.000310679
4.881399e-07,0.000302895
4.882399e-07,0.00029122
4.883399e-07,0.000277599
4.884399e-07,0.000261384
4.885399e-07,0.000242574
4.886399e-07,0.000221818
4.887399e-07,0.000199116
4.888399e-07,0.000175766
4.889399e-07,0.000151118
4.890399e-07,0.000126471
4.891399e-07,0.000102472
4.892399e-07,8.04185e-05
4.893399e-07,6.09599e-05
4.894399e-07,4.60417e-05
4.895399e-07,3.76096e-05
4.896399e-07,3.43665e-05
4.897399e-07,3.6961e-05
4.898399e-07,4.47444e-05
4.899399e-07,5.77168e-05
4.900399e-07,7.52296e-05
4.901399e-07,9.40395e-05
4.902399e-07,0.000114147
4.903399e-07,0.000133605
4.904399e-07,0.000151118
4.905399e-07,0.000166685
4.906399e-07,0.000180955
4.907399e-07,0.000193927
4.908399e-07,0.000204305
4.909399e-07,0.000212088
4.910399e-07,0.000217926
4.911399e-07,0.000219872
4.912399e-07,0.000218575
4.913399e-07,0.000212737
4.914399e-07,0.000202359
4.915399e-07,0.000187441
4.916399e-07,0.000167982
4.917399e-07,0.000144632
4.918399e-07,0.000119984
4.919399e-07,9.53368e-05
4.920399e-07,7.32837e-05
4.921399e-07,5.44737e-05
4.922399e-07,4.08527e-05
4.923399e-07,3.37179e-05
4.924399e-07,3.37179e-05
4.925399e-07,3.95555e-05
4.926399e-07,5.12306e-05
4.927399e-07,6.55003e-05
4.928399e-07,8.17158e-05
4.929399e-07,9.72826e-05
4.930399e-07,0.000111552
4.931399e-07,0.000123227
4.932399e-07,0.000131011
4.933399e-07,0.000134903
4.934399e-07,0.000135551
4.935399e-07,0.000133605
4.936399e-07,0.000128416
4.937399e-07,0.00012193
4.938399e-07,0.000114147
4.939399e-07,0.000107012
4.940399e-07,0.000100526
4.941399e-07,9.46882e-05
4.942399e-07,9.07964e-05
4.943399e-07,8.88506e-05
4.944399e-07,8.94992e-05
4.945399e-07,9.27423e-05
4.946399e-07,9.85799e-05
4.947399e-07,0.000106363
4.948399e-07,0.000116093
4.949399e-07,0.000126471
4.950399e-07,0.000136848
4.951399e-07,0.000147226
4.952399e-07,0.000155658
4.953399e-07,0.000161496
4.954399e-07,0.000164739
4.955399e-07,0.000166036
4.956399e-07,0.000165388
4.957399e-07,0.000164091
4.958399e-07,0.000162793
4.959399e-07,0.000164091
4.960399e-07,0.000166685
4.961399e-07,0.000171225
4.962399e-07,0.00017836
4.963399e-07,0.000186792
4.964399e-07,0.000195873
4.965399e-07,0.000203656
4.966399e-07,0.000210143
4.967399e-07,0.000213386
4.968399e-07,0.000212737
4.969399e-07,0.000207548
4.970399e-07,0.000199116
4.971399e-07,0.000188738
4.972399e-07,0.000176414
4.973399e-07,0.000162793
4.974399e-07,0.000149821
4.975399e-07,0.000138794
4.976399e-07,0.000129714
4.977399e-07,0.000123227
4.978399e-07,0.000119336
4.979399e-07,0.000116741
4.980399e-07,0.000116093
4.981399e-07,0.000115444
4.982399e-07,0.000114795
4.983399e-07,0.000114147
4.984399e-07,0.00011285
4.985399e-07,0.000111552
4.986399e-07,0.000110255
4.987399e-07,0.000109606
4.988399e-07,0.000110255
4.989399e-07,0.000112201
4.990399e-07,0.000115444
4.991399e-07,0.000119984
4.992399e-07,0.000125173
4.993399e-07,0.000129065
4.994399e-07,0.000132308
4.995399e-07,0.000132957
4.996399e-07,0.00013166
4.997399e-07,0.000127768
4.998399e-07,0.000121282
4.999399e-07,0.00011285
5.000399e-07,0.00010312
5.001399e-07,9.33909e-05
5.002399e-07,8.49589e-05
5.003399e-07,7.84727e-05
5.004399e-07,7.26351e-05
5.005399e-07,6.87434e-05
5.006399e-07,6.61489e-05
5.007399e-07,6.48516e-05
5.008399e-07,6.4203e-05
5.009399e-07,6.4203e-05
5.010399e-07,6.4203e-05
5.011399e-07,6.4203e-05
5.012399e-07,6.48516e-05
5.013399e-07,6.74461e-05
5.014399e-07,7.13378e-05
5.015399e-07,7.7824e-05
5.016399e-07,8.56075e-05
5.017399e-07,9.40395e-05
5.018399e-07,0.000102472
5.019399e-07,0.000110255
5.020399e-07,0.000116093
5.021399e-07,0.000119336
5.022399e-07,0.000119336
5.023399e-07,0.000116093
5.024399e-07,0.000110255
5.025399e-07,0.000103769
5.026399e-07,9.79313e-05
5.027399e-07,9.53368e-05
5.028399e-07,9.59854e-05
5.029399e-07,9.98771e-05
5.030399e-07,0.000108958
5.031399e-07,0.000121282
5.032399e-07,0.000136848
5.033399e-07,0.000153064
5.034399e-07,0.000167982
5.035399e-07,0.000180306
5.036399e-07,0.000188738
5.037399e-07,0.000191333
5.038399e-07,0.000189387
5.039399e-07,0.000182252
5.040399e-07,0.000171225
5.041399e-07,0.000156307
5.042399e-07,0.000137497
5.043399e-07,0.000116741
5.044399e-07,9.40395e-05
5.045399e-07,6.87434e-05
5.046399e-07,4.27986e-05
5.047399e-07,1.62051e-05
5.048399e-07,-1.16855e-05
5.049399e-07,-3.89276e-05
5.050399e-07,-6.35752e-05
5.051399e-07,-8.30338e-05
5.052399e-07,-9.66548e-05
5.053399e-07,-0.000102492
5.054399e-07,-0.000100547
5.055399e-07,-8.88713e-05
5.056399e-07,-6.94127e-05
5.057399e-07,-4.21707e-05
5.058399e-07,-1.03883e-05
5.059399e-07,2.39886e-05
5.060399e-07,5.70682e-05
5.061399e-07,8.75533e-05
5.062399e-07,0.000114147
5.063399e-07,0.000136848
5.064399e-07,0.000155658
5.065399e-07,0.000171225
5.066399e-07,0.000183549
5.067399e-07,0.000193927
5.068399e-07,0.000204305
5.069399e-07,0.000214683
5.070399e-07,0.000225709
5.071399e-07,0.000235439
5.072399e-07,0.000243871
5.073399e-07,0.00024906
5.074399e-07,0.000250357
5.075399e-07,0.000245817
5.076399e-07,0.000236736
5.077399e-07,0.000221818
5.078399e-07,0.00020171
5.079399e-07,0.00017836
5.080399e-07,0.000152415
5.081399e-07,0.000126471
5.082399e-07,0.000101823
5.083399e-07,7.97699e-05
5.084399e-07,5.96627e-05
5.085399e-07,4.27986e-05
5.086399e-07,2.91775e-05
5.087399e-07,1.87996e-05
5.088399e-07,1.16648e-05
5.089399e-07,7.77306e-06
5.090399e-07,6.47582e-06
5.091399e-07,7.77306e-06
5.092399e-07,1.23134e-05
5.093399e-07,2.00968e-05
5.094399e-07,3.11234e-05
5.095399e-07,4.47444e-05
5.096399e-07,6.09599e-05
5.097399e-07,7.71754e-05
5.098399e-07,9.27423e-05
5.099399e-07,0.000106363
5.100399e-07,0.000116093
5.101399e-07,0.000120633
5.102399e-07,0.000121282
5.103399e-07,0.000116741
5.104399e-07,0.000108958
5.105399e-07,9.79313e-05
5.106399e-07,8.62561e-05
5.107399e-07,7.65268e-05
5.108399e-07,6.9392e-05
5.109399e-07,6.55003e-05
5.110399e-07,6.61489e-05
5.111399e-07,7.06892e-05
5.112399e-07,7.84727e-05
5.113399e-07,8.75533e-05
5.114399e-07,9.72826e-05
5.115399e-07,0.000106363
5.116399e-07,0.000113498
5.117399e-07,0.000116741
5.118399e-07,0.000116741
5.119399e-07,0.000114147
5.120399e-07,0.000108958
5.121399e-07,0.000102472
5.122399e-07,9.53368e-05
5.123399e-07,8.88506e-05
5.124399e-07,8.36616e-05
5.125399e-07,8.17158e-05
5.126399e-07,8.3013e-05
5.127399e-07,8.75533e-05
5.128399e-07,9.53368e-05
5.129399e-07,0.000104417
5.130399e-07,0.000115444
5.131399e-07,0.000126471
5.132399e-07,0.000137497
5.133399e-07,0.000147226
5.134399e-07,0.000155658
5.135399e-07,0.000162145
5.136399e-07,0.000166036
5.137399e-07,0.000167334
5.138399e-07,0.000165388
5.139399e-07,0.000160847
5.140399e-07,0.000153064
5.141399e-07,0.000142037
5.142399e-07,0.000129714
5.143399e-07,0.000115444
5.144399e-07,0.000100526
5.145399e-07,8.75533e-05
5.146399e-07,7.65268e-05
5.147399e-07,6.9392e-05
5.148399e-07,6.55003e-05
5.149399e-07,6.61489e-05
5.150399e-07,7.13378e-05
5.151399e-07,8.10671e-05
5.152399e-07,9.33909e-05
5.153399e-07,0.000107012
5.154399e-07,0.000123227
5.155399e-07,0.000140092
5.156399e-07,0.000156307
5.157399e-07,0.000172523
5.158399e-07,0.000186792
5.159399e-07,0.000199765
5.160399e-07,0.000209494
5.161399e-07,0.000217926
5.162399e-07,0.000223115
5.163399e-07,0.000226358
5.164399e-07,0.000226358
5.165399e-07,0.000225061
5.166399e-07,0.000222466
5.167399e-07,0.000217926
5.168399e-07,0.000212737
5.169399e-07,0.000208197
5.170399e-07,0.000205602
5.171399e-07,0.000205602
5.172399e-07,0.000208197
5.173399e-07,0.000213386
5.174399e-07,0.000221818
5.175399e-07,0.000233493
5.176399e-07,0.000248411
5.177399e-07,0.000264627
5.178399e-07,0.000280194
5.179399e-07,0.000293815
5.180399e-07,0.000304192
5.181399e-07,0.000308733
5.182399e-07,0.000308084
5.183399e-07,0.000300949
5.184399e-07,0.000287977
5.185399e-07,0.000271113
5.186399e-07,0.000251006
5.187399e-07,0.000230898
5.188399e-07,0.00021144
5.189399e-07,0.000194576
5.190399e-07,0.000180306
5.191399e-07,0.000169279
5.192399e-07,0.000160199
5.193399e-07,0.000152415
5.194399e-07,0.000145929
5.195399e-07,0.000139443
5.196399e-07,0.000132308
5.197399e-07,0.00012193
5.198399e-07,0.000109606
5.199399e-07,9.53368e-05
5.200399e-07,7.91213e-05
5.201399e-07,6.29058e-05
5.202399e-07,4.86361e-05
5.203399e-07,3.50151e-05
5.204399e-07,2.39886e-05
5.205399e-07,1.62051e-05
5.206399e-07,1.2962e-05
5.207399e-07,1.2962e-05
5.208399e-07,1.62051e-05
5.209399e-07,2.20427e-05
5.210399e-07,2.98261e-05
5.211399e-07,3.89068e-05
5.212399e-07,4.86361e-05
5.213399e-07,5.96627e-05
5.214399e-07,7.19865e-05
5.215399e-07,8.49589e-05
5.216399e-07,9.72826e-05
5.217399e-07,0.000110255
5.218399e-07,0.000123876
5.219399e-07,0.000136848
5.220399e-07,0.000149821
5.221399e-07,0.000161496
5.222399e-07,0.000171874
5.223399e-07,0.000180955
5.224399e-07,0.000189387
5.225399e-07,0.000196522
5.226399e-07,0.000202359
5.227399e-07,0.000208197
5.228399e-07,0.000213386
5.229399e-07,0.000217277
5.230399e-07,0.000219872
5.231399e-07,0.000219872
5.232399e-07,0.000216629
5.233399e-07,0.000210143
5.234399e-07,0.000199116
5.235399e-07,0.000185495
5.236399e-07,0.000168631
5.237399e-07,0.000150469
5.238399e-07,0.00013166
5.239399e-07,0.000114795
5.240399e-07,0.000100526
5.241399e-07,9.01478e-05
5.242399e-07,8.56075e-05
5.243399e-07,8.69047e-05
5.244399e-07,9.33909e-05
5.245399e-07,0.000104417
5.246399e-07,0.000118687
5.247399e-07,0.000135551
5.248399e-07,0.000152415
5.249399e-07,0.000167982
5.250399e-07,0.000180955
5.251399e-07,0.000190684
5.252399e-07,0.000195873
5.253399e-07,0.000195873
5.254399e-07,0.000190684
5.255399e-07,0.000180955
5.256399e-07,0.000166036
5.257399e-07,0.000146578
5.258399e-07,0.000123227
5.259399e-07,9.6634e-05
5.260399e-07,6.80947e-05
5.261399e-07,3.76096e-05
5.262399e-07,7.77306e-06
5.263399e-07,-1.9469e-05
5.264399e-07,-4.21707e-05
5.265399e-07,-5.90348e-05
5.266399e-07,-6.87641e-05
5.267399e-07,-7.00614e-05
5.268399e-07,-6.22779e-05
5.269399e-07,-4.80083e-05
5.270399e-07,-2.7901e-05
5.271399e-07,-2.60486e-06
5.272399e-07,2.39886e-05
5.273399e-07,4.99334e-05
5.274399e-07,7.32837e-05
5.275399e-07,9.27423e-05
5.276399e-07,0.000107012
5.277399e-07,0.000115444
5.278399e-07,0.000118687
5.279399e-07,0.00011739
5.280399e-07,0.000112201
5.281399e-07,0.000104417
5.282399e-07,9.46882e-05
5.283399e-07,8.3013e-05
5.284399e-07,7.00406e-05
5.285399e-07,5.64196e-05
5.286399e-07,4.27986e-05
5.287399e-07,2.91775e-05
5.288399e-07,1.68537e-05
5.289399e-07,7.12444e-06
5.290399e-07,-1.03779e-08
5.291399e-07,-1.95624e-06
5.292399e-07,6.38242e-07
5.293399e-07,8.42168e-06
5.294399e-07,2.07455e-05
5.295399e-07,3.6961e-05
5.296399e-07,5.5771e-05
5.297399e-07,7.45809e-05
5.298399e-07,9.27423e-05
5.299399e-07,0.000107661
5.300399e-07,0.000116741
5.301399e-07,0.000119336
5.302399e-07,0.000114795
5.303399e-07,0.000103769
5.304399e-07,8.62561e-05
5.305399e-07,6.4203e-05
5.306399e-07,4.08527e-05
5.307399e-07,1.75024e-05
5.308399e-07,-3.25348e-06
5.309399e-07,-2.01176e-05
5.310399e-07,-3.17928e-05
5.311399e-07,-3.76303e-05
5.312399e-07,-3.69817e-05
5.313399e-07,-3.17928e-05
5.314399e-07,-2.20635e-05
5.315399e-07,-8.44244e-06
5.316399e-07,7.77306e-06
5.317399e-07,2.59344e-05
5.318399e-07,4.60417e-05
5.319399e-07,6.74461e-05
5.320399e-07,9.01478e-05
5.321399e-07,0.000113498
5.322399e-07,0.000135551
5.323399e-07,0.000156956
5.324399e-07,0.000175117
5.325399e-07,0.000189387
5.326399e-07,0.000199116
5.327399e-07,0.000203008
5.328399e-07,0.000199765
5.329399e-07,0.000189387
5.330399e-07,0.000172523
5.331399e-07,0.000151767
5.332399e-07,0.000128416
5.333399e-07,0.000105066
5.334399e-07,8.56075e-05
5.335399e-07,7.06892e-05
5.336399e-07,6.4203e-05
5.337399e-07,6.61489e-05
5.338399e-07,7.7824e-05
5.339399e-07,9.85799e-05
5.340399e-07,0.000126471
5.341399e-07,0.000158902
5.342399e-07,0.00019263
5.343399e-07,0.000225061
5.344399e-07,0.000254249
5.345399e-07,0.00027695
5.346399e-07,0.000293166
5.347399e-07,0.000301598
5.348399e-07,0.000302247
5.349399e-07,0.000296409
5.350399e-07,0.000286031
5.351399e-07,0.000270464
5.352399e-07,0.000252303
5.353399e-07,0.000230898
5.354399e-07,0.000208197
5.355399e-07,0.000184846
5.356399e-07,0.000162793
5.357399e-07,0.000142037
5.358399e-07,0.000124525
5.359399e-07,0.000110904
5.360399e-07,0.000101174
5.361399e-07,9.59854e-05
5.362399e-07,9.53368e-05
5.363399e-07,9.92285e-05
5.364399e-07,0.000107012
5.365399e-07,0.000118038
5.366399e-07,0.000131011
5.367399e-07,0.000143983
5.368399e-07,0.000155658
5.369399e-07,0.000166685
5.370399e-07,0.000175766
5.371399e-07,0.000181603
5.372399e-07,0.000184846
5.373399e-07,0.000183549
5.374399e-07,0.000179657
5.375399e-07,0.000173171
5.376399e-07,0.000164091
5.377399e-07,0.000154361
5.378399e-07,0.000143983
5.379399e-07,0.000133605
5.380399e-07,0.000123876
5.381399e-07,0.000114795
5.382399e-07,0.000108309
5.383399e-07,0.000103769
5.384399e-07,0.000101823
5.385399e-07,0.000101174
5.386399e-07,0.00010312
5.387399e-07,0.000107661
5.388399e-07,0.000113498
5.389399e-07,0.00012193
5.390399e-07,0.00013166
5.391399e-07,0.000142037
5.392399e-07,0.000152415
5.393399e-07,0.000162793
5.394399e-07,0.000173171
5.395399e-07,0.000181603
5.396399e-07,0.000188738
5.397399e-07,0.000193278
5.398399e-07,0.000195224
5.399399e-07,0.000194576
5.400399e-07,0.000190684
5.401399e-07,0.000185495
5.402399e-07,0.000179009
5.403399e-07,0.000170577
5.404399e-07,0.000160847
5.405399e-07,0.000149172
5.406399e-07,0.000138146
5.407399e-07,0.000126471
5.408399e-07,0.000114795
5.409399e-07,0.00010312
5.410399e-07,9.27423e-05
5.411399e-07,8.43102e-05
5.412399e-07,7.65268e-05
5.413399e-07,7.13378e-05
5.414399e-07,6.9392e-05
5.415399e-07,6.9392e-05
5.416399e-07,7.26351e-05
5.417399e-07,7.7824e-05
5.418399e-07,8.43102e-05
5.419399e-07,9.07964e-05
5.420399e-07,9.79313e-05
5.421399e-07,0.000103769
5.422399e-07,0.000108958
5.423399e-07,0.000112201
5.424399e-07,0.000114795
5.425399e-07,0.00011739
5.426399e-07,0.000121282
5.427399e-07,0.000126471
5.428399e-07,0.000133605
5.429399e-07,0.000142686
5.430399e-07,0.000153064
5.431399e-07,0.000164091
5.432399e-07,0.000174468
5.433399e-07,0.000182901
5.434399e-07,0.000186144
5.435399e-07,0.000184198
5.436399e-07,0.000177063
5.437399e-07,0.000164091
5.438399e-07,0.000148524
5.439399e-07,0.000131011
5.440399e-07,0.000115444
5.441399e-07,0.00010312
5.442399e-07,9.6634e-05
5.443399e-07,9.72826e-05
5.444399e-07,0.000104417
5.445399e-07,0.000118038
5.446399e-07,0.0001362
5.447399e-07,0.000156307
5.448399e-07,0.000175117
5.449399e-07,0.000190684
5.450399e-07,0.000201062
5.451399e-07,0.000204954
5.452399e-07,0.000202359
5.453399e-07,0.000193927
5.454399e-07,0.000180955
5.455399e-07,0.000163442
5.456399e-07,0.000143983
5.457399e-07,0.000122579
5.458399e-07,0.000100526
5.459399e-07,7.84727e-05
5.460399e-07,5.5771e-05
5.461399e-07,3.24206e-05
5.462399e-07,8.42168e-06
5.463399e-07,-1.55773e-05
5.464399e-07,-3.95762e-05
5.465399e-07,-6.35752e-05
5.466399e-07,-8.62769e-05
5.467399e-07,-0.000106384
5.468399e-07,-0.000123897
5.469399e-07,-0.000137518
5.470399e-07,-0.000145301
5.471399e-07,-0.000147896
5.472399e-07,-0.00014595
5.473399e-07,-0.000139464
5.474399e-07,-0.000128437
5.475399e-07,-0.000114816
5.476399e-07,-9.98979e-05
5.477399e-07,-8.30338e-05
5.478399e-07,-6.61696e-05
5.479399e-07,-4.86569e-05
5.480399e-07,-3.11441e-05
5.481399e-07,-1.29828e-05
5.482399e-07,5.17858e-06
5.483399e-07,2.46372e-05
5.484399e-07,4.40958e-05
5.485399e-07,6.29058e-05
5.486399e-07,8.17158e-05
5.487399e-07,9.85799e-05
5.488399e-07,0.000112201
5.489399e-07,0.000122579
5.490399e-07,0.000128416
5.491399e-07,0.000129714
5.492399e-07,0.000126471
5.493399e-07,0.000119984
5.494399e-07,0.000110904
5.495399e-07,0.000100526
5.496399e-07,9.07964e-05
5.497399e-07,8.17158e-05
5.498399e-07,7.52296e-05
5.499399e-07,7.19865e-05
5.500399e-07,7.13378e-05
5.501399e-07,7.32837e-05
5.502399e-07,7.91213e-05
5.503399e-07,8.69047e-05
5.504399e-07,9.72826e-05
5.505399e-07,0.000109606
5.506399e-07,0.000123876
5.507399e-07,0.000139443
5.508399e-07,0.000155658
5.509399e-07,0.000172523
5.510399e-07,0.000189387
5.511399e-07,0.000206251
5.512399e-07,0.000222466
5.513399e-07,0.000236736
5.514399e-07,0.000248411
5.515399e-07,0.000257492
5.516399e-07,0.000262681
5.517399e-07,0.000264627
5.518399e-07,0.000263978
5.519399e-07,0.000260086
5.520399e-07,0.000254897
5.521399e-07,0.000248411
5.522399e-07,0.000241925
5.523399e-07,0.000235439
5.524399e-07,0.000228953
5.525399e-07,0.000223115
5.526399e-07,0.000216629
5.527399e-07,0.000210791
5.528399e-07,0.000203008
5.529399e-07,0.000193278
5.530399e-07,0.000182901
5.531399e-07,0.000171225
5.532399e-07,0.000160199
5.533399e-07,0.000149172
5.534399e-07,0.000141389
5.535399e-07,0.0001362
5.536399e-07,0.000134903
5.537399e-07,0.000136848
5.538399e-07,0.000142037
5.539399e-07,0.000150469
5.540399e-07,0.000158902
5.541399e-07,0.000167334
5.542399e-07,0.00017382
5.543399e-07,0.000179009
5.544399e-07,0.000180955
5.545399e-07,0.000179657
5.546399e-07,0.000177063
5.547399e-07,0.000173171
5.548399e-07,0.000168631
5.549399e-07,0.000164091
5.550399e-07,0.000161496
5.551399e-07,0.000160199
5.552399e-07,0.00015955
5.553399e-07,0.00015955
5.554399e-07,0.00015955
5.555399e-07,0.000158902
5.556399e-07,0.000156956
5.557399e-07,0.000153713
5.558399e-07,0.000149172
5.559399e-07,0.000142686
5.560399e-07,0.000134254
5.561399e-07,0.000125173
5.562399e-07,0.000115444
5.563399e-07,0.000106363
5.564399e-07,9.79313e-05
5.565399e-07,8.94992e-05
5.566399e-07,8.17158e-05
5.567399e-07,7.32837e-05
5.568399e-07,6.48516e-05
5.569399e-07,5.5771e-05
5.570399e-07,4.66903e-05
5.571399e-07,3.6961e-05
5.572399e-07,2.78803e-05
5.573399e-07,2.00968e-05
5.574399e-07,1.55565e-05
5.575399e-07,1.42593e-05
5.576399e-07,1.62051e-05
5.577399e-07,2.20427e-05
5.578399e-07,3.1772e-05
5.579399e-07,4.47444e-05
5.580399e-07,5.90141e-05
5.581399e-07,7.32837e-05
5.582399e-07,8.62561e-05
5.583399e-07,9.72826e-05
5.584399e-07,0.000104417
5.585399e-07,0.000108309
5.586399e-07,0.000108309
5.587399e-07,0.000105066
5.588399e-07,9.85799e-05
5.589399e-07,9.07964e-05
5.590399e-07,8.17158e-05
5.591399e-07,7.19865e-05
5.592399e-07,6.22572e-05
5.593399e-07,5.25279e-05
5.594399e-07,4.40958e-05
5.595399e-07,3.6961e-05
5.596399e-07,3.11234e-05
5.597399e-07,2.6583e-05
5.598399e-07,2.39886e-05
5.599399e-07,2.33399e-05
5.600399e-07,2.52858e-05
5.601399e-07,2.91775e-05
5.602399e-07,3.63124e-05
5.603399e-07,4.66903e-05
5.604399e-07,5.96627e-05
5.605399e-07,7.45809e-05
5.606399e-07,9.07964e-05
5.607399e-07,0.000107012
5.608399e-07,0.000122579
5.609399e-07,0.0001362
5.610399e-07,0.000147226
5.611399e-07,0.000153713
5.612399e-07,0.00015501
5.613399e-07,0.000152415
5.614399e-07,0.000145281
5.615399e-07,0.000134254
5.616399e-07,0.000118687
5.617399e-07,9.98771e-05
5.618399e-07,7.71754e-05
5.619399e-07,5.25279e-05
5.620399e-07,2.6583e-05
5.621399e-07,-1.03779e-08
5.622399e-07,-2.66038e-05
5.623399e-07,-5.19e-05
5.624399e-07,-7.52503e-05
5.625399e-07,-9.40603e-05
5.626399e-07,-0.00010833
5.627399e-07,-0.000115465
5.628399e-07,-0.000115465
5.629399e-07,-0.000107033
5.630399e-07,-9.08172e-05
5.631399e-07,-6.68183e-05
5.632399e-07,-3.56845e-05
5.633399e-07,6.38242e-07
5.634399e-07,3.95555e-05
5.635399e-07,7.91213e-05
5.636399e-07,0.00011739
5.637399e-07,0.000152415
5.638399e-07,0.000182901
5.639399e-07,0.000207548
5.640399e-07,0.000227007
5.641399e-07,0.000240628
5.642399e-07,0.000250357
5.643399e-07,0.000256195
5.644399e-07,0.000259438
5.645399e-07,0.000262032
5.646399e-07,0.000263978
5.647399e-07,0.000265924
5.648399e-07,0.000267221
5.649399e-07,0.000268518
5.650399e-07,0.000268518
5.651399e-07,0.000267221
5.652399e-07,0.000263329
5.653399e-07,0.000256195
5.654399e-07,0.000246465
5.655399e-07,0.000233493
5.656399e-07,0.000217926
5.657399e-07,0.000199765
5.658399e-07,0.000179009
5.659399e-07,0.000156956
5.660399e-07,0.000133605
5.661399e-07,0.000110255
5.662399e-07,8.8202e-05
5.663399e-07,6.67975e-05
5.664399e-07,4.86361e-05
5.665399e-07,3.30692e-05
5.666399e-07,2.13941e-05
5.667399e-07,1.36106e-05
5.668399e-07,1.03675e-05
5.669399e-07,1.10162e-05
5.670399e-07,1.68537e-05
5.671399e-07,2.72317e-05
5.672399e-07,4.08527e-05
5.673399e-07,5.70682e-05
5.674399e-07,7.52296e-05
5.675399e-07,9.33909e-05
5.676399e-07,0.000110904
5.677399e-07,0.000126471
5.678399e-07,0.000140092
5.679399e-07,0.000152415
5.680399e-07,0.000161496
5.681399e-07,0.000169279
5.682399e-07,0.000176414
5.683399e-07,0.000181603
5.684399e-07,0.000186792
5.685399e-07,0.000191333
5.686399e-07,0.000195873
5.687399e-07,0.000199765
5.688399e-07,0.000203656
5.689399e-07,0.000206899
5.690399e-07,0.000209494
5.691399e-07,0.000210143
5.692399e-07,0.000209494
5.693399e-07,0.000205602
5.694399e-07,0.000200413
5.695399e-07,0.000193278
5.696399e-07,0.000183549
5.697399e-07,0.000171874
5.698399e-07,0.000158902
5.699399e-07,0.000143983
5.700399e-07,0.000129065
5.701399e-07,0.000113498
5.702399e-07,9.92285e-05
5.703399e-07,8.56075e-05
5.704399e-07,7.39323e-05
5.705399e-07,6.55003e-05
5.706399e-07,6.03113e-05
5.707399e-07,5.96627e-05
5.708399e-07,6.29058e-05
5.709399e-07,7.06892e-05
5.710399e-07,8.3013e-05
5.711399e-07,9.92285e-05
5.712399e-07,0.00011739
5.713399e-07,0.000136848
5.714399e-07,0.000155658
5.715399e-07,0.000172523
5.716399e-07,0.000186144
5.717399e-07,0.000195873
5.718399e-07,0.00020171
5.719399e-07,0.000204305
5.720399e-07,0.000203008
5.721399e-07,0.000199765
5.722399e-07,0.000195873
5.723399e-07,0.000190684
5.724399e-07,0.000185495
5.725399e-07,0.000180955
5.726399e-07,0.000177063
5.727399e-07,0.000173171
5.728399e-07,0.000168631
5.729399e-07,0.000161496
5.730399e-07,0.000153064
5.731399e-07,0.000142686
5.732399e-07,0.000130362
5.733399e-07,0.000116093
5.734399e-07,0.000101823
5.735399e-07,8.8202e-05
5.736399e-07,7.71754e-05
5.737399e-07,6.87434e-05
5.738399e-07,6.4203e-05
5.739399e-07,6.4203e-05
5.740399e-07,6.80947e-05
5.741399e-07,7.52296e-05
5.742399e-07,8.49589e-05
5.743399e-07,9.46882e-05
5.744399e-07,0.000104417
5.745399e-07,0.00011285
5.746399e-07,0.000118687
5.747399e-07,0.000120633
5.748399e-07,0.000119984
5.749399e-07,0.000115444
5.750399e-07,0.000109606
5.751399e-07,0.000102472
5.752399e-07,9.53368e-05
5.753399e-07,8.75533e-05
5.754399e-07,8.04185e-05
5.755399e-07,7.45809e-05
5.756399e-07,7.13378e-05
5.757399e-07,7.00406e-05
5.758399e-07,7.13378e-05
5.759399e-07,7.58782e-05
5.760399e-07,8.17158e-05
5.761399e-07,9.01478e-05
5.762399e-07,9.98771e-05
5.763399e-07,0.000110255
5.764399e-07,0.000120633
5.765399e-07,0.000131011
5.766399e-07,0.000140092
5.767399e-07,0.000147875
5.768399e-07,0.000153713
5.769399e-07,0.000158253
5.770399e-07,0.000161496
5.771399e-07,0.000164091
5.772399e-07,0.000165388
5.773399e-07,0.000166685
5.774399e-07,0.000168631
5.775399e-07,0.000171874
5.776399e-07,0.000175766
5.777399e-07,0.000181603
5.778399e-07,0.000188089
5.779399e-07,0.000193927
5.780399e-07,0.000199116
5.781399e-07,0.000201062
5.782399e-07,0.000200413
5.783399e-07,0.000195224
5.784399e-07,0.000185495
5.785399e-07,0.000171225
5.786399e-07,0.000153713
5.787399e-07,0.000134903
5.788399e-07,0.000115444
5.789399e-07,9.85799e-05
5.790399e-07,8.49589e-05
5.791399e-07,7.65268e-05
5.792399e-07,7.39323e-05
5.793399e-07,7.71754e-05
5.794399e-07,8.49589e-05
5.795399e-07,9.59854e-05
5.796399e-07,0.000108309
5.797399e-07,0.000119336
5.798399e-07,0.000127119
5.799399e-07,0.000130362
5.800399e-07,0.000127119
5.801399e-07,0.000118038
5.802399e-07,0.00010312
5.803399e-07,8.43102e-05
5.804399e-07,6.22572e-05
5.805399e-07,3.95555e-05
5.806399e-07,1.75024e-05
5.807399e-07,-2.60486e-06
5.808399e-07,-1.9469e-05
5.809399e-07,-3.37386e-05
5.810399e-07,-4.34679e-05
5.811399e-07,-4.99541e-05
5.812399e-07,-5.38459e-05
5.813399e-07,-5.51431e-05
5.814399e-07,-5.38459e-05
5.815399e-07,-5.06027e-05
5.816399e-07,-4.47652e-05
5.817399e-07,-3.69817e-05
5.818399e-07,-2.72524e-05
5.819399e-07,-1.49286e-05
5.820399e-07,-2.60486e-06
5.821399e-07,1.10162e-05
5.822399e-07,2.46372e-05
5.823399e-07,3.76096e-05
5.824399e-07,4.92848e-05
5.825399e-07,6.03113e-05
5.826399e-07,7.00406e-05
5.827399e-07,7.84727e-05
5.828399e-07,8.69047e-05
5.829399e-07,9.53368e-05
5.830399e-07,0.000104417
5.831399e-07,0.000114795
5.832399e-07,0.000125822
5.833399e-07,0.000138146
5.834399e-07,0.000150469
5.835399e-07,0.000163442
5.836399e-07,0.000176414
5.837399e-07,0.000188738
5.838399e-07,0.000199116
5.839399e-07,0.000207548
5.840399e-07,0.000213386
5.841399e-07,0.000216629
5.842399e-07,0.000217277
5.843399e-07,0.00021598
5.844399e-07,0.000212088
5.845399e-07,0.000206899
5.846399e-07,0.000201062
5.847399e-07,0.000195224
5.848399e-07,0.000189387
5.849399e-07,0.000183549
5.850399e-07,0.000179009
5.851399e-07,0.000175117
5.852399e-07,0.000171874
5.853399e-07,0.000169279
5.854399e-07,0.000167334
5.855399e-07,0.000166036
5.856399e-07,0.000165388
5.857399e-07,0.000166685
5.858399e-07,0.000168631
5.859399e-07,0.000171874
5.860399e-07,0.000176414
5.861399e-07,0.000182252
5.862399e-07,0.000190035
5.863399e-07,0.000199116
5.864399e-07,0.000208845
5.865399e-07,0.000217926
5.866399e-07,0.000226358
5.867399e-07,0.000233493
5.868399e-07,0.000238033
5.869399e-07,0.000238682
5.870399e-07,0.000236087
5.871399e-07,0.000229601
5.872399e-07,0.000218575
5.873399e-07,0.000203656
5.874399e-07,0.000184846
5.875399e-07,0.000162793
5.876399e-07,0.000138794
5.877399e-07,0.000113498
5.878399e-07,8.75533e-05
5.879399e-07,6.4203e-05
5.880399e-07,4.40958e-05
5.881399e-07,2.91775e-05
5.882399e-07,1.94482e-05
5.883399e-07,1.68537e-05
5.884399e-07,2.13941e-05
5.885399e-07,3.43665e-05
5.886399e-07,5.51223e-05
5.887399e-07,8.23644e-05
5.888399e-07,0.000115444
5.889399e-07,0.000152415
5.890399e-07,0.000190035
5.891399e-07,0.000225709
5.892399e-07,0.000257492
5.893399e-07,0.000284085
5.894399e-07,0.000304192
5.895399e-07,0.000315868
5.896399e-07,0.000320408
5.897399e-07,0.000317813
5.898399e-07,0.000309381
5.899399e-07,0.00029576
5.900399e-07,0.000277599
5.901399e-07,0.000256843
5.902399e-07,0.000234141
5.903399e-07,0.000210143
5.904399e-07,0.000186792
5.905399e-07,0.000164091
5.906399e-07,0.000142037
5.907399e-07,0.00012193
5.908399e-07,0.000105066
5.909399e-07,9.07964e-05
5.910399e-07,8.04185e-05
5.911399e-07,7.52296e-05
5.912399e-07,7.39323e-05
5.913399e-07,7.65268e-05
5.914399e-07,8.36616e-05
5.915399e-07,9.40395e-05
5.916399e-07,0.000106363
5.917399e-07,0.000119984
5.918399e-07,0.000134903
5.919399e-07,0.000149821
5.920399e-07,0.000162793
5.921399e-07,0.00017382
5.922399e-07,0.000182252
5.923399e-07,0.000187441
5.924399e-07,0.000189387
5.925399e-07,0.000188089
5.926399e-07,0.000183549
5.927399e-07,0.000176414
5.928399e-07,0.000166036
5.929399e-07,0.000153064
5.930399e-07,0.000138794
5.931399e-07,0.000123876
5.932399e-07,0.000109606
5.933399e-07,9.59854e-05
5.934399e-07,8.36616e-05
5.935399e-07,7.45809e-05
5.936399e-07,6.87434e-05
5.937399e-07,6.61489e-05
5.938399e-07,6.67975e-05
5.939399e-07,6.9392e-05
5.940399e-07,7.39323e-05
5.941399e-07,7.84727e-05
5.942399e-07,8.23644e-05
5.943399e-07,8.49589e-05
5.944399e-07,8.49589e-05
5.945399e-07,8.10671e-05
5.946399e-07,7.45809e-05
5.947399e-07,6.4203e-05
5.948399e-07,5.12306e-05
5.949399e-07,3.63124e-05
5.950399e-07,2.07455e-05
5.951399e-07,5.8272e-06
5.952399e-07,-9.09106e-06
5.953399e-07,-2.20635e-05
5.954399e-07,-3.24414e-05
5.955399e-07,-3.95762e-05
5.956399e-07,-4.28193e-05
5.957399e-07,-4.28193e-05
5.958399e-07,-3.95762e-05
5.959399e-07,-3.309e-05
5.960399e-07,-2.46579e-05
5.961399e-07,-1.36314e-05
5.962399e-07,-1.03779e-08
5.963399e-07,1.55565e-05
5.964399e-07,3.30692e-05
5.965399e-07,5.12306e-05
5.966399e-07,7.00406e-05
5.967399e-07,9.01478e-05
5.968399e-07,0.000110255
5.969399e-07,0.000129065
5.970399e-07,0.000147226
5.971399e-07,0.000164091
5.972399e-07,0.00017836
5.973399e-07,0.000191333
5.974399e-07,0.000202359
5.975399e-07,0.000212088
5.976399e-07,0.000219872
5.977399e-07,0.000225061
5.978399e-07,0.000228304
5.979399e-07,0.00023025
5.980399e-07,0.000228953
5.981399e-07,0.000224412
5.982399e-07,0.000217277
5.983399e-07,0.000206251
5.984399e-07,0.000191981
5.985399e-07,0.00017382
5.986399e-07,0.000153713
5.987399e-07,0.000132957
5.988399e-07,0.000112201
5.989399e-07,9.20937e-05
5.990399e-07,7.52296e-05
5.991399e-07,6.22572e-05
5.992399e-07,5.25279e-05
5.993399e-07,4.79875e-05
5.994399e-07,4.79875e-05
5.995399e-07,5.31765e-05
5.996399e-07,6.09599e-05
5.997399e-07,7.00406e-05
5.998399e-07,8.04185e-05
5.999399e-07,9.01478e-05
6.000399e-07,9.72826e-05
6.001399e-07,0.000101174
6.002399e-07,0.000101823
6.003399e-07,9.92285e-05
6.004399e-07,9.33909e-05
6.005399e-07,8.49589e-05
6.006399e-07,7.52296e-05
6.007399e-07,6.4203e-05
6.008399e-07,5.18792e-05
6.009399e-07,3.82582e-05
6.010399e-07,2.46372e-05
6.011399e-07,9.0703e-06
6.012399e-07,-6.49658e-06
6.013399e-07,-2.20635e-05
6.014399e-07,-3.69817e-05
6.015399e-07,-4.99541e-05
6.016399e-07,-6.16293e-05
6.017399e-07,-6.94127e-05
6.018399e-07,-7.20072e-05
6.019399e-07,-6.87641e-05
6.020399e-07,-5.96834e-05
6.021399e-07,-4.54138e-05
6.022399e-07,-2.72524e-05
6.023399e-07,-5.84796e-06
6.024399e-07,1.49079e-05
6.025399e-07,3.50151e-05
6.026399e-07,5.0582e-05
6.027399e-07,6.22572e-05
6.028399e-07,6.74461e-05
6.029399e-07,6.74461e-05
6.030399e-07,6.22572e-05
6.031399e-07,5.31765e-05
6.032399e-07,4.27986e-05
6.033399e-07,3.24206e-05
6.034399e-07,2.39886e-05
6.035399e-07,1.8151e-05
6.036399e-07,1.49079e-05
6.037399e-07,1.62051e-05
6.038399e-07,2.00968e-05
6.039399e-07,2.52858e-05
6.040399e-07,2.98261e-05
6.041399e-07,3.30692e-05
6.042399e-07,3.30692e-05
6.043399e-07,3.11234e-05
6.044399e-07,2.6583e-05
6.045399e-07,2.00968e-05
6.046399e-07,1.36106e-05
6.047399e-07,7.77306e-06
6.048399e-07,3.23272e-06
6.049399e-07,1.93548e-06
6.050399e-07,3.88134e-06
6.051399e-07,9.0703e-06
6.052399e-07,1.68537e-05
6.053399e-07,2.59344e-05
6.054399e-07,3.6961e-05
6.055399e-07,4.73389e-05
6.056399e-07,5.70682e-05
6.057399e-07,6.61489e-05
6.058399e-07,7.32837e-05
6.059399e-07,7.97699e-05
6.060399e-07,8.56075e-05
6.061399e-07,9.01478e-05
6.062399e-07,9.59854e-05
6.063399e-07,0.000102472
6.064399e-07,0.000110255
6.065399e-07,0.000118687
6.066399e-07,0.000128416
6.067399e-07,0.000138794
6.068399e-07,0.000149172
6.069399e-07,0.000158902
6.070399e-07,0.000167982
6.071399e-07,0.000177063
6.072399e-07,0.000184846
6.073399e-07,0.000191333
6.074399e-07,0.00019717
6.075399e-07,0.000201062
6.076399e-07,0.000203008
6.077399e-07,0.000203008
6.078399e-07,0.000199765
6.079399e-07,0.000194576
6.080399e-07,0.000186144
6.081399e-07,0.000175117
6.082399e-07,0.000161496
6.083399e-07,0.000147875
6.084399e-07,0.000135551
6.085399e-07,0.000125822
6.086399e-07,0.000120633
6.087399e-07,0.000120633
6.088399e-07,0.000126471
6.089399e-07,0.000138794
6.090399e-07,0.000155658
6.091399e-07,0.000175766
6.092399e-07,0.000195224
6.093399e-07,0.000212737
6.094399e-07,0.000226358
6.095399e-07,0.00023479
6.096399e-07,0.000236736
6.097399e-07,0.000231547
6.098399e-07,0.000219872
6.099399e-07,0.000203008
6.100399e-07,0.000181603
6.101399e-07,0.000158902
6.102399e-07,0.0001362
6.103399e-07,0.000115444
6.104399e-07,9.85799e-05
6.105399e-07,8.49589e-05
6.106399e-07,7.58782e-05
6.107399e-07,7.06892e-05
6.108399e-07,6.9392e-05
6.109399e-07,7.13378e-05
6.110399e-07,7.58782e-05
6.111399e-07,8.23644e-05
6.112399e-07,9.07964e-05
6.113399e-07,9.98771e-05
6.114399e-07,0.000110904
6.115399e-07,0.00012193
6.116399e-07,0.00013166
6.117399e-07,0.000140092
6.118399e-07,0.000145929
6.119399e-07,0.000149172
6.120399e-07,0.000147875
6.121399e-07,0.000142686
6.122399e-07,0.000133605
6.123399e-07,0.000119984
6.124399e-07,0.000102472
6.125399e-07,8.3013e-05
6.126399e-07,6.29058e-05
6.127399e-07,4.34472e-05
6.128399e-07,2.52858e-05
6.129399e-07,9.71892e-06
6.130399e-07,-2.60486e-06
6.131399e-07,-1.03883e-05
6.132399e-07,-1.29828e-05
6.133399e-07,-1.10369e-05
6.134399e-07,-4.55072e-06
6.135399e-07,7.12444e-06
6.136399e-07,2.26913e-05
6.137399e-07,4.21499e-05
6.138399e-07,6.4203e-05
6.139399e-07,8.69047e-05
6.140399e-07,0.000110255
6.141399e-07,0.000131011
6.142399e-07,0.000149172
6.143399e-07,0.000162793
6.144399e-07,0.000171225
6.145399e-07,0.000173171
6.146399e-07,0.000168631
6.147399e-07,0.000158902
6.148399e-07,0.000143335
6.149399e-07,0.000123227
6.150399e-07,0.000101174
6.151399e-07,7.84727e-05
6.152399e-07,5.64196e-05
6.153399e-07,3.6961e-05
6.154399e-07,2.13941e-05
6.155399e-07,1.03675e-05
6.156399e-07,5.17858e-06
6.157399e-07,5.17858e-06
6.158399e-07,1.03675e-05
6.159399e-07,1.94482e-05
6.160399e-07,3.24206e-05
6.161399e-07,4.73389e-05
6.162399e-07,6.35544e-05
6.163399e-07,7.97699e-05
6.164399e-07,9.59854e-05
6.165399e-07,0.000110255
6.166399e-07,0.000123227
6.167399e-07,0.000133605
6.168399e-07,0.000141389
6.169399e-07,0.000145929
6.170399e-07,0.000148524
6.171399e-07,0.000149172
6.172399e-07,0.000147226
6.173399e-07,0.000144632
6.174399e-07,0.000141389
6.175399e-07,0.000138794
6.176399e-07,0.000138146
6.177399e-07,0.00014074
6.178399e-07,0.000147875
6.179399e-07,0.00015955
6.180399e-07,0.000176414
6.181399e-07,0.00019717
6.182399e-07,0.000221818
6.183399e-07,0.000247763
6.184399e-07,0.000273707
6.185399e-07,0.000297706
6.186399e-07,0.000319111
6.187399e-07,0.000336623
6.188399e-07,0.000348947
6.189399e-07,0.000355433
6.190399e-07,0.000357379
6.191399e-07,0.000355433
6.192399e-07,0.000350893
6.193399e-07,0.000343758
6.194399e-07,0.000335326
6.195399e-07,0.000326246
6.196399e-07,0.000316516
6.197399e-07,0.000306138
6.198399e-07,0.000293815
6.199399e-07,0.000278896
6.200399e-07,0.000261384
6.201399e-07,0.000241276
6.202399e-07,0.000217926
6.203399e-07,0.000191981
6.204399e-07,0.000165388
6.205399e-07,0.000138794
6.206399e-07,0.000115444
6.207399e-07,9.59854e-05
6.208399e-07,8.17158e-05
6.209399e-07,7.32837e-05
6.210399e-07,7.26351e-05
6.211399e-07,7.84727e-05
6.212399e-07,8.88506e-05
6.213399e-07,0.000101823
6.214399e-07,0.000116093
6.215399e-07,0.000129714
6.216399e-07,0.000140092
6.217399e-07,0.000146578
6.218399e-07,0.000149172
6.219399e-07,0.000145929
6.220399e-07,0.000137497
6.221399e-07,0.000124525
6.222399e-07,0.000108958
6.223399e-07,9.14451e-05
6.224399e-07,7.39323e-05
6.225399e-07,5.77168e-05
6.226399e-07,4.34472e-05
6.227399e-07,3.1772e-05
6.228399e-07,2.33399e-05
6.229399e-07,1.8151e-05
6.230399e-07,1.62051e-05
6.231399e-07,1.62051e-05
6.232399e-07,1.87996e-05
6.233399e-07,2.20427e-05
6.234399e-07,2.59344e-05
6.235399e-07,2.98261e-05
6.236399e-07,3.30692e-05
6.237399e-07,3.43665e-05
6.238399e-07,3.56637e-05
6.239399e-07,3.50151e-05
6.240399e-07,3.30692e-05
6.241399e-07,3.04748e-05
6.242399e-07,2.78803e-05
6.243399e-07,2.46372e-05
6.244399e-07,2.26913e-05
6.245399e-07,2.20427e-05
6.246399e-07,2.46372e-05
6.247399e-07,2.98261e-05
6.248399e-07,3.89068e-05
6.249399e-07,5.12306e-05
6.250399e-07,6.55003e-05
6.251399e-07,8.23644e-05
6.252399e-07,9.92285e-05
6.253399e-07,0.000115444
6.254399e-07,0.000129065
6.255399e-07,0.000140092
6.256399e-07,0.000146578
6.257399e-07,0.000149172
6.258399e-07,0.000147875
6.259399e-07,0.000143983
6.260399e-07,0.000137497
6.261399e-07,0.000129714
6.262399e-07,0.00012193
6.263399e-07,0.000115444
6.264399e-07,0.000110255
6.265399e-07,0.000107012
6.266399e-07,0.000103769
6.267399e-07,0.000101823
6.268399e-07,9.98771e-05
6.269399e-07,9.59854e-05
6.270399e-07,9.14451e-05
6.271399e-07,8.56075e-05
6.272399e-07,7.84727e-05
6.273399e-07,6.9392e-05
6.274399e-07,6.09599e-05
6.275399e-07,5.31765e-05
6.276399e-07,4.60417e-05
6.277399e-07,4.02041e-05
6.278399e-07,3.56637e-05
6.279399e-07,3.37179e-05
6.280399e-07,3.30692e-05
6.281399e-07,3.1772e-05
6.282399e-07,3.11234e-05
6.283399e-07,3.04748e-05
6.284399e-07,2.91775e-05
6.285399e-07,2.6583e-05
6.286399e-07,2.39886e-05
6.287399e-07,2.20427e-05
6.288399e-07,2.07455e-05
6.289399e-07,2.00968e-05
6.290399e-07,2.07455e-05
6.291399e-07,2.26913e-05
6.292399e-07,2.59344e-05
6.293399e-07,2.98261e-05
6.294399e-07,3.43665e-05
6.295399e-07,3.95555e-05
6.296399e-07,4.5393e-05
6.297399e-07,5.0582e-05
6.298399e-07,5.5771e-05
6.299399e-07,6.16085e-05
6.300399e-07,6.74461e-05
6.301399e-07,7.32837e-05
6.302399e-07,7.84727e-05
6.303399e-07,8.3013e-05
6.304399e-07,8.69047e-05
6.305399e-07,8.75533e-05
6.306399e-07,8.56075e-05
6.307399e-07,8.04185e-05
6.308399e-07,7.19865e-05
6.309399e-07,5.96627e-05
6.310399e-07,4.60417e-05
6.311399e-07,3.1772e-05
6.312399e-07,1.87996e-05
6.313399e-07,7.77306e-06
6.314399e-07,1.93548e-06
6.315399e-07,1.28686e-06
6.316399e-07,6.47582e-06
6.317399e-07,1.75024e-05
6.318399e-07,3.43665e-05
6.319399e-07,5.64196e-05
6.320399e-07,8.04185e-05
6.321399e-07,0.000105715
6.322399e-07,0.000130362
6.323399e-07,0.000152415
6.324399e-07,0.000171225
6.325399e-07,0.000186144
6.326399e-07,0.00019717
6.327399e-07,0.000205602
6.328399e-07,0.000210791
6.329399e-07,0.000213386
6.330399e-07,0.000214034
6.331399e-07,0.000213386
6.332399e-07,0.000210791
6.333399e-07,0.000206899
6.334399e-07,0.00020171
6.335399e-07,0.000195224
6.336399e-07,0.000187441
6.337399e-07,0.000179009
6.338399e-07,0.000171874
6.339399e-07,0.000166036
6.340399e-07,0.000162145
6.341399e-07,0.000161496
6.342399e-07,0.000164739
6.343399e-07,0.000171225
6.344399e-07,0.000181603
6.345399e-07,0.000193278
6.346399e-07,0.000206251
6.347399e-07,0.000217277
6.348399e-07,0.000224412
6.349399e-07,0.000227007
6.350399e-07,0.000223764
6.351399e-07,0.000214683
6.352399e-07,0.000200413
6.353399e-07,0.000181603
6.354399e-07,0.000160199
6.355399e-07,0.000137497
6.356399e-07,0.000116093
6.357399e-07,9.79313e-05
6.358399e-07,8.3013e-05
6.359399e-07,7.32837e-05
6.360399e-07,6.74461e-05
6.361399e-07,6.48516e-05
6.362399e-07,6.48516e-05
6.363399e-07,6.55003e-05
6.364399e-07,6.67975e-05
6.365399e-07,6.74461e-05
6.366399e-07,6.74461e-05
6.367399e-07,6.67975e-05
6.368399e-07,6.61489e-05
6.369399e-07,6.48516e-05
6.370399e-07,6.48516e-05
6.371399e-07,6.55003e-05
6.372399e-07,6.67975e-05
6.373399e-07,6.9392e-05
6.374399e-07,7.19865e-05
6.375399e-07,7.52296e-05
6.376399e-07,7.84727e-05
6.377399e-07,8.17158e-05
6.378399e-07,8.49589e-05
6.379399e-07,8.75533e-05
6.380399e-07,8.8202e-05
6.381399e-07,8.8202e-05
6.382399e-07,8.75533e-05
6.383399e-07,8.56075e-05
6.384399e-07,8.3013e-05
6.385399e-07,7.91213e-05
6.386399e-07,7.32837e-05
6.387399e-07,6.61489e-05
6.388399e-07,5.77168e-05
6.389399e-07,4.86361e-05
6.390399e-07,4.02041e-05
6.391399e-07,3.24206e-05
6.392399e-07,2.72317e-05
6.393399e-07,2.6583e-05
6.394399e-07,3.04748e-05
6.395399e-07,4.02041e-05
6.396399e-07,5.5771e-05
6.397399e-07,7.71754e-05
6.398399e-07,0.000101823
6.399399e-07,0.000128416
6.400399e-07,0.00015501
6.401399e-07,0.000179009
6.402399e-07,0.000199765
6.403399e-07,0.00021598
6.404399e-07,0.000227007
6.405399e-07,0.000232196
6.406399e-07,0.00023479
6.407399e-07,0.000235439
6.408399e-07,0.000237385
6.409399e-07,0.000241925
6.410399e-07,0.000249708
6.411399e-07,0.000262032
6.412399e-07,0.000277599
6.413399e-07,0.000294463
6.414399e-07,0.000312625
6.415399e-07,0.000327543
6.416399e-07,0.000338569
6.417399e-07,0.000341812
6.418399e-07,0.000337272
6.419399e-07,0.000323651
6.420399e-07,0.000301598
6.421399e-07,0.000273059
6.422399e-07,0.000240628
6.423399e-07,0.000207548
6.424399e-07,0.000176414
6.425399e-07,0.000151118
6.426399e-07,0.000133605
6.427399e-07,0.000125173
6.428399e-07,0.000127768
6.429399e-07,0.00014074
6.430399e-07,0.000162145
6.431399e-07,0.000190035
6.432399e-07,0.000222466
6.433399e-07,0.000256843
6.434399e-07,0.000290571
6.435399e-07,0.000321057
6.436399e-07,0.000345704
6.437399e-07,0.000363217
6.438399e-07,0.000372946
6.439399e-07,0.000374243
6.440399e-07,0.000368406
6.441399e-07,0.000354785
6.442399e-07,0.000335975
6.443399e-07,0.000312625
6.444399e-07,0.000287328
6.445399e-07,0.000261384
6.446399e-07,0.000237385
6.447399e-07,0.000215332
6.448399e-07,0.000197819
6.449399e-07,0.000183549
6.450399e-07,0.00017382
6.451399e-07,0.000166685
6.452399e-07,0.000161496
6.453399e-07,0.000156956
6.454399e-07,0.000151118
6.455399e-07,0.000142686
6.456399e-07,0.000130362
6.457399e-07,0.000114147
6.458399e-07,9.46882e-05
6.459399e-07,7.13378e-05
6.460399e-07,4.5393e-05
6.461399e-07,1.87996e-05
6.462399e-07,-5.84796e-06
6.463399e-07,-2.7901e-05
6.464399e-07,-4.47652e-05
6.465399e-07,-5.64403e-05
6.466399e-07,-6.03321e-05
6.467399e-07,-5.83862e-05
6.468399e-07,-5.06027e-05
6.469399e-07,-3.69817e-05
6.470399e-07,-2.01176e-05
6.471399e-07,-6.58998e-07
6.472399e-07,2.00968e-05
6.473399e-07,4.02041e-05
6.474399e-07,5.96627e-05
6.475399e-07,7.7824e-05
6.476399e-07,9.33909e-05
6.477399e-07,0.000107012
6.478399e-07,0.000118687
6.479399e-07,0.000129714
6.480399e-07,0.000139443
6.481399e-07,0.000149172
6.482399e-07,0.000158902
6.483399e-07,0.000169279
6.484399e-07,0.000179657
6.485399e-07,0.000190684
6.486399e-07,0.00020171
6.487399e-07,0.000212737
6.488399e-07,0.000223764
6.489399e-07,0.000234141
6.490399e-07,0.000242574
6.491399e-07,0.00024906
6.492399e-07,0.000252303
6.493399e-07,0.0002536
6.494399e-07,0.000252303
6.495399e-07,0.00024906
6.496399e-07,0.000243871
6.497399e-07,0.000237385
6.498399e-07,0.000230898
6.499399e-07,0.000224412
6.500399e-07,0.000217926
6.501399e-07,0.000212737
6.502399e-07,0.000208197
6.503399e-07,0.000204305
6.504399e-07,0.000200413
6.505399e-07,0.000195873
6.506399e-07,0.000190035
6.507399e-07,0.000182901
6.508399e-07,0.000173171
6.509399e-07,0.000160847
6.510399e-07,0.000145929
6.511399e-07,0.000129065
6.512399e-07,0.000112201
6.513399e-07,9.53368e-05
6.514399e-07,8.10671e-05
6.515399e-07,6.87434e-05
6.516399e-07,5.90141e-05
6.517399e-07,5.38251e-05
6.518399e-07,5.31765e-05
6.519399e-07,5.70682e-05
6.520399e-07,6.4203e-05
6.521399e-07,7.52296e-05
6.522399e-07,8.88506e-05
6.523399e-07,0.000103769
6.524399e-07,0.000119984
6.525399e-07,0.000135551
6.526399e-07,0.000151118
6.527399e-07,0.000165388
6.528399e-07,0.000177712
6.529399e-07,0.000188738
6.530399e-07,0.000197819
6.531399e-07,0.000205602
6.532399e-07,0.000212737
6.533399e-07,0.00022052
6.534399e-07,0.000228953
6.535399e-07,0.000238033
6.536399e-07,0.000248411
6.537399e-07,0.000258789
6.538399e-07,0.000269167
6.539399e-07,0.000279545
6.540399e-07,0.000287977
6.541399e-07,0.000293166
6.542399e-07,0.00029576
6.543399e-07,0.000294463
6.544399e-07,0.000287977
6.545399e-07,0.000275653
6.546399e-07,0.000257492
6.547399e-07,0.00023479
6.548399e-07,0.000207548
6.549399e-07,0.000177063
6.550399e-07,0.000143983
6.551399e-07,0.000110255
6.552399e-07,7.71754e-05
6.553399e-07,4.79875e-05
6.554399e-07,2.26913e-05
6.555399e-07,1.93548e-06
6.556399e-07,-1.23342e-05
6.557399e-07,-2.01176e-05
6.558399e-07,-2.20635e-05
6.559399e-07,-1.9469e-05
6.560399e-07,-1.29828e-05
6.561399e-07,-5.19934e-06
6.562399e-07,3.23272e-06
6.563399e-07,1.16648e-05
6.564399e-07,1.8151e-05
6.565399e-07,2.26913e-05
6.566399e-07,2.52858e-05
6.567399e-07,2.6583e-05
6.568399e-07,2.59344e-05
6.569399e-07,2.52858e-05
6.570399e-07,2.52858e-05
6.571399e-07,2.72317e-05
6.572399e-07,3.24206e-05
6.573399e-07,4.08527e-05
6.574399e-07,5.18792e-05
6.575399e-07,6.55003e-05
6.576399e-07,8.04185e-05
6.577399e-07,9.59854e-05
6.578399e-07,0.000111552
6.579399e-07,0.000125822
6.580399e-07,0.000138794
6.581399e-07,0.000149821
6.582399e-07,0.000158902
6.583399e-07,0.000167334
6.584399e-07,0.000173171
6.585399e-07,0.000177712
6.586399e-07,0.000180306
6.587399e-07,0.000180955
6.588399e-07,0.000180306
6.589399e-07,0.000177712
6.590399e-07,0.000174468
6.591399e-07,0.000170577
6.592399e-07,0.000164739
6.593399e-07,0.000158253
6.594399e-07,0.000151767
6.595399e-07,0.000145281
6.596399e-07,0.000138794
6.597399e-07,0.000132957
6.598399e-07,0.000127768
6.599399e-07,0.000122579
6.600399e-07,0.00011739
6.601399e-07,0.000112201
6.602399e-07,0.000107012
6.603399e-07,0.000101823
6.604399e-07,9.53368e-05
6.605399e-07,8.94992e-05
6.606399e-07,8.43102e-05
6.607399e-07,7.91213e-05
6.608399e-07,7.52296e-05
6.609399e-07,7.26351e-05
6.610399e-07,7.19865e-05
6.611399e-07,7.32837e-05
6.612399e-07,7.71754e-05
6.613399e-07,8.23644e-05
6.614399e-07,8.94992e-05
6.615399e-07,9.79313e-05
6.616399e-07,0.000106363
6.617399e-07,0.000114147
6.618399e-07,0.000121282
6.619399e-07,0.000128416
6.620399e-07,0.000134254
6.621399e-07,0.000139443
6.622399e-07,0.000144632
6.623399e-07,0.000149172
6.624399e-07,0.00015501
6.625399e-07,0.000162145
6.626399e-07,0.000171225
6.627399e-07,0.000181603
6.628399e-07,0.00019263
6.629399e-07,0.000204954
6.630399e-07,0.000217926
6.631399e-07,0.00023025
6.632399e-07,0.000241276
6.633399e-07,0.000249708
6.634399e-07,0.000254249
6.635399e-07,0.000256195
6.636399e-07,0.000254249
6.637399e-07,0.000248411
6.638399e-07,0.000240628
6.639399e-07,0.000230898
6.640399e-07,0.000219872
6.641399e-07,0.000208845
6.642399e-07,0.000197819
6.643399e-07,0.000187441
6.644399e-07,0.000177712
6.645399e-07,0.000167334
6.646399e-07,0.000156307
6.647399e-07,0.000143983
6.648399e-07,0.000130362
6.649399e-07,0.000114795
6.650399e-07,9.85799e-05
6.651399e-07,8.23644e-05
6.652399e-07,6.61489e-05
6.653399e-07,5.18792e-05
6.654399e-07,4.08527e-05
6.655399e-07,3.24206e-05
6.656399e-07,2.91775e-05
6.657399e-07,3.11234e-05
6.658399e-07,3.76096e-05
6.659399e-07,4.86361e-05
6.660399e-07,6.4203e-05
6.661399e-07,8.17158e-05
6.662399e-07,0.000101174
6.663399e-07,0.000121282
6.664399e-07,0.000140092
6.665399e-07,0.000156956
6.666399e-07,0.000171225
6.667399e-07,0.000181603
6.668399e-07,0.000189387
6.669399e-07,0.000193927
6.670399e-07,0.000196522
6.671399e-07,0.00019717
6.672399e-07,0.00019717
6.673399e-07,0.000196522
6.674399e-07,0.000196522
6.675399e-07,0.000197819
6.676399e-07,0.000199765
6.677399e-07,0.000203008
6.678399e-07,0.000207548
6.679399e-07,0.000212088
6.680399e-07,0.000217277
6.681399e-07,0.000223115
6.682399e-07,0.000228953
6.683399e-07,0.000233493
6.684399e-07,0.000237385
6.685399e-07,0.00023933
6.686399e-07,0.00023933
6.687399e-07,0.000236087
6.688399e-07,0.00023025
6.689399e-07,0.000222466
6.690399e-07,0.000212737
6.691399e-07,0.000200413
6.692399e-07,0.000186792
6.693399e-07,0.000172523
6.694399e-07,0.000158253
6.695399e-07,0.000143983
6.696399e-07,0.00013166
6.697399e-07,0.000120633
6.698399e-07,0.000111552
6.699399e-07,0.000104417
6.700399e-07,9.98771e-05
6.701399e-07,9.6634e-05
6.702399e-07,9.46882e-05
6.703399e-07,9.33909e-05
6.704399e-07,9.33909e-05
6.705399e-07,9.33909e-05
6.706399e-07,9.33909e-05
6.707399e-07,9.33909e-05
6.708399e-07,9.27423e-05
6.709399e-07,9.27423e-05
6.710399e-07,9.20937e-05
6.711399e-07,9.20937e-05
6.712399e-07,9.27423e-05
6.713399e-07,9.40395e-05
6.714399e-07,9.6634e-05
6.715399e-07,0.000100526
6.716399e-07,0.000105715
6.717399e-07,0.000112201
6.718399e-07,0.000119336
6.719399e-07,0.000125822
6.720399e-07,0.000132957
6.721399e-07,0.000138794
6.722399e-07,0.000143335
6.723399e-07,0.000147226
6.724399e-07,0.000147875
6.725399e-07,0.000146578
6.726399e-07,0.000143335
6.727399e-07,0.000138794
6.728399e-07,0.000132308
6.729399e-07,0.000125173
6.730399e-07,0.000118687
6.731399e-07,0.00011285
6.732399e-07,0.000108309
6.733399e-07,0.000105715
6.734399e-07,0.000105066
6.735399e-07,0.000106363
6.736399e-07,0.000108958
6.737399e-07,0.000112201
6.738399e-07,0.000116741
6.739399e-07,0.000121282
6.740399e-07,0.000125173
6.741399e-07,0.000127768
6.742399e-07,0.000129714
6.743399e-07,0.000129714
6.744399e-07,0.000128416
6.745399e-07,0.000126471
6.746399e-07,0.000123227
6.747399e-07,0.000119984
6.748399e-07,0.000116093
6.749399e-07,0.000110255
6.750399e-07,0.000104417
6.751399e-07,9.72826e-05
6.752399e-07,8.88506e-05
6.753399e-07,7.97699e-05
6.754399e-07,6.9392e-05
6.755399e-07,5.96627e-05
6.756399e-07,4.99334e-05
6.757399e-07,4.15013e-05
6.758399e-07,3.37179e-05
6.759399e-07,2.85289e-05
6.760399e-07,2.59344e-05
6.761399e-07,2.6583e-05
6.762399e-07,3.04748e-05
6.763399e-07,3.6961e-05
6.764399e-07,4.60417e-05
6.765399e-07,5.64196e-05
6.766399e-07,6.80947e-05
6.767399e-07,7.91213e-05
6.768399e-07,8.8202e-05
6.769399e-07,9.46882e-05
6.770399e-07,9.92285e-05
6.771399e-07,0.000101174
6.772399e-07,9.98771e-05
6.773399e-07,9.6634e-05
6.774399e-07,9.14451e-05
6.775399e-07,8.49589e-05
6.776399e-07,7.71754e-05
6.777399e-07,6.80947e-05
6.778399e-07,5.90141e-05
6.779399e-07,5.0582e-05
6.780399e-07,4.21499e-05
6.781399e-07,3.37179e-05
6.782399e-07,2.52858e-05
6.783399e-07,1.75024e-05
6.784399e-07,9.71892e-06
6.785399e-07,3.88134e-06
6.786399e-07,-6.58998e-07
6.787399e-07,-2.60486e-06
6.788399e-07,-3.25348e-06
6.789399e-07,-1.95624e-06
6.790399e-07,6.38242e-07
6.791399e-07,4.52996e-06
6.792399e-07,9.0703e-06
6.793399e-07,1.2962e-05
6.794399e-07,1.75024e-05
6.795399e-07,2.26913e-05
6.796399e-07,2.72317e-05
6.797399e-07,3.30692e-05
6.798399e-07,4.02041e-05
6.799399e-07,4.99334e-05
6.800399e-07,6.29058e-05
6.801399e-07,7.84727e-05
6.802399e-07,9.6634e-05
6.803399e-07,0.000118038
6.804399e-07,0.00014074
6.805399e-07,0.000163442
6.806399e-07,0.000185495
6.807399e-07,0.000203656
6.808399e-07,0.000216629
6.809399e-07,0.000223115
6.810399e-07,0.000221818
6.811399e-07,0.000214683
6.812399e-07,0.000200413
6.813399e-07,0.000180955
6.814399e-07,0.000158902
6.815399e-07,0.0001362
6.816399e-07,0.000113498
6.817399e-07,9.20937e-05
6.818399e-07,7.45809e-05
6.819399e-07,6.16085e-05
6.820399e-07,5.25279e-05
6.821399e-07,4.73389e-05
6.822399e-07,4.5393e-05
6.823399e-07,4.66903e-05
6.824399e-07,4.99334e-05
6.825399e-07,5.38251e-05
6.826399e-07,5.83654e-05
6.827399e-07,6.35544e-05
6.828399e-07,6.74461e-05
