LECROYWaveRunner‘N,20113,Waveform
Segments,1,SegmentSize,2002
Segment,TrigTime,TimeSinceSegment1
#1,01-Oct-2018 13:40:51,0                 
Time,Ampl
4.827493e-07,0.000265275
4.828493e-07,0.000284734
4.829493e-07,0.000301598
4.830493e-07,0.000315868
4.831493e-07,0.000326894
4.832493e-07,0.000334029
4.833493e-07,0.000336623
4.834493e-07,0.000335326
4.835493e-07,0.000330786
4.836493e-07,0.000323651
4.837493e-07,0.00031457
4.838493e-07,0.000304192
4.839493e-07,0.00029576
4.840493e-07,0.000288626
4.841493e-07,0.000284085
4.842493e-07,0.000282788
4.843493e-07,0.000285382
4.844493e-07,0.000289923
4.845493e-07,0.000297058
4.846493e-07,0.000306138
4.847493e-07,0.000315868
4.848493e-07,0.000326246
4.849493e-07,0.000336623
4.850493e-07,0.000345704
4.851493e-07,0.000353488
4.852493e-07,0.000359974
4.853493e-07,0.000365163
4.854493e-07,0.000368406
4.855493e-07,0.000371
4.856493e-07,0.000370352
4.857493e-07,0.000367757
4.858493e-07,0.000361271
4.859493e-07,0.000350893
4.860493e-07,0.000337272
4.861493e-07,0.000319759
4.862493e-07,0.000299652
4.863493e-07,0.00027695
4.864493e-07,0.000252303
4.865493e-07,0.000228304
4.866493e-07,0.000205602
4.867493e-07,0.000185495
4.868493e-07,0.000167982
4.869493e-07,0.00015501
4.870493e-07,0.000145281
4.871493e-07,0.000139443
4.872493e-07,0.000136848
4.873493e-07,0.000137497
4.874493e-07,0.000140092
4.875493e-07,0.000143983
4.876493e-07,0.000147226
4.877493e-07,0.000149172
4.878493e-07,0.000150469
4.879493e-07,0.000149172
4.880493e-07,0.000145929
4.881493e-07,0.000140092
4.882493e-07,0.000132308
4.883493e-07,0.000123876
4.884493e-07,0.000114795
4.885493e-07,0.000106363
4.886493e-07,9.92285e-05
4.887493e-07,9.53368e-05
4.888493e-07,9.53368e-05
4.889493e-07,9.92285e-05
4.890493e-07,0.000107661
4.891493e-07,0.000119984
4.892493e-07,0.000135551
4.893493e-07,0.000153713
4.894493e-07,0.000172523
4.895493e-07,0.000190684
4.896493e-07,0.000204954
4.897493e-07,0.000214034
4.898493e-07,0.00021598
4.899493e-07,0.000210791
4.900493e-07,0.000198467
4.901493e-07,0.000179009
4.902493e-07,0.00015501
4.903493e-07,0.000129065
4.904493e-07,0.000101823
4.905493e-07,7.7824e-05
4.906493e-07,5.83654e-05
4.907493e-07,4.5393e-05
4.908493e-07,4.02041e-05
4.909493e-07,4.08527e-05
4.910493e-07,4.79875e-05
4.911493e-07,5.96627e-05
4.912493e-07,7.45809e-05
4.913493e-07,9.07964e-05
4.914493e-07,0.000107012
4.915493e-07,0.000120633
4.916493e-07,0.000132308
4.917493e-07,0.000141389
4.918493e-07,0.000149821
4.919493e-07,0.000156956
4.920493e-07,0.000165388
4.921493e-07,0.000175117
4.922493e-07,0.000188089
4.923493e-07,0.000203656
4.924493e-07,0.000221818
4.925493e-07,0.000241276
4.926493e-07,0.000261384
4.927493e-07,0.000279545
4.928493e-07,0.000295112
4.929493e-07,0.00030549
4.930493e-07,0.000311976
4.931493e-07,0.00031457
4.932493e-07,0.000313922
4.933493e-07,0.000310679
4.934493e-07,0.000306787
4.935493e-07,0.000303544
4.936493e-07,0.000300949
4.937493e-07,0.000300949
4.938493e-07,0.000302895
4.939493e-07,0.000306138
4.940493e-07,0.000308733
4.941493e-07,0.000310679
4.942493e-07,0.000310679
4.943493e-07,0.000308733
4.944493e-07,0.000303544
4.945493e-07,0.00029576
4.946493e-07,0.000285382
4.947493e-07,0.000274356
4.948493e-07,0.000262681
4.949493e-07,0.000251006
4.950493e-07,0.000240628
4.951493e-07,0.000232844
4.952493e-07,0.000226358
4.953493e-07,0.000221169
4.954493e-07,0.000217277
4.955493e-07,0.000213386
4.956493e-07,0.000208845
4.957493e-07,0.000203656
4.958493e-07,0.000197819
4.959493e-07,0.000190684
4.960493e-07,0.000183549
4.961493e-07,0.000175766
4.962493e-07,0.000170577
4.963493e-07,0.000167982
4.964493e-07,0.000168631
4.965493e-07,0.000172523
4.966493e-07,0.000180955
4.967493e-07,0.000193927
4.968493e-07,0.000209494
4.969493e-07,0.000227655
4.970493e-07,0.000246465
4.971493e-07,0.000265924
4.972493e-07,0.000284085
4.973493e-07,0.000299004
4.974493e-07,0.000309381
4.975493e-07,0.00031457
4.976493e-07,0.000313273
4.977493e-07,0.00030549
4.978493e-07,0.00029122
4.979493e-07,0.000270464
4.980493e-07,0.000246465
4.981493e-07,0.000219872
4.982493e-07,0.000193278
4.983493e-07,0.000169928
4.984493e-07,0.000151118
4.985493e-07,0.000140092
4.986493e-07,0.000137497
4.987493e-07,0.000143335
4.988493e-07,0.000158253
4.989493e-07,0.000180955
4.990493e-07,0.000207548
4.991493e-07,0.000237385
4.992493e-07,0.000266573
4.993493e-07,0.000292517
4.994493e-07,0.000313922
4.995493e-07,0.000328191
4.996493e-07,0.000335326
4.997493e-07,0.000335975
4.998493e-07,0.000330786
4.999493e-07,0.000321705
5.000493e-07,0.00031003
5.001493e-07,0.000297706
5.002493e-07,0.000287328
5.003493e-07,0.000278896
5.004493e-07,0.000273059
5.005493e-07,0.000270464
5.006493e-07,0.000268518
5.007493e-07,0.00026787
5.008493e-07,0.000266573
5.009493e-07,0.000264627
5.010493e-07,0.000261384
5.011493e-07,0.000256843
5.012493e-07,0.000251654
5.013493e-07,0.000245817
5.014493e-07,0.000240628
5.015493e-07,0.00023479
5.016493e-07,0.000229601
5.017493e-07,0.000224412
5.018493e-07,0.000218575
5.019493e-07,0.00021144
5.020493e-07,0.000203008
5.021493e-07,0.000193278
5.022493e-07,0.000182901
5.023493e-07,0.000173171
5.024493e-07,0.000164091
5.025493e-07,0.000156956
5.026493e-07,0.000153064
5.027493e-07,0.000153064
5.028493e-07,0.000157604
5.029493e-07,0.000164739
5.030493e-07,0.000175117
5.031493e-07,0.000185495
5.032493e-07,0.000195224
5.033493e-07,0.000202359
5.034493e-07,0.000206251
5.035493e-07,0.000206899
5.036493e-07,0.000204954
5.037493e-07,0.000201062
5.038493e-07,0.00019717
5.039493e-07,0.000193927
5.040493e-07,0.00019263
5.041493e-07,0.000193278
5.042493e-07,0.00019717
5.043493e-07,0.000203656
5.044493e-07,0.000210791
5.045493e-07,0.000218575
5.046493e-07,0.000224412
5.047493e-07,0.000228304
5.048493e-07,0.000229601
5.049493e-07,0.000228953
5.050493e-07,0.000227007
5.051493e-07,0.000224412
5.052493e-07,0.000223764
5.053493e-07,0.000226358
5.054493e-07,0.000233493
5.055493e-07,0.000245817
5.056493e-07,0.000262681
5.057493e-07,0.000282139
5.058493e-07,0.000304192
5.059493e-07,0.000324948
5.060493e-07,0.000344407
5.061493e-07,0.000359974
5.062493e-07,0.000371
5.063493e-07,0.000376838
5.064493e-07,0.000377487
5.065493e-07,0.000374892
5.066493e-07,0.000369054
5.067493e-07,0.000363217
5.068493e-07,0.000358028
5.069493e-07,0.000355433
5.070493e-07,0.000355433
5.071493e-07,0.000357379
5.072493e-07,0.00036192
5.073493e-07,0.000367757
5.074493e-07,0.000374243
5.075493e-07,0.000379432
5.076493e-07,0.000383324
5.077493e-07,0.000385919
5.078493e-07,0.00038527
5.079493e-07,0.000382676
5.080493e-07,0.000378135
5.081493e-07,0.000371649
5.082493e-07,0.000363217
5.083493e-07,0.000352839
5.084493e-07,0.000340515
5.085493e-07,0.000326894
5.086493e-07,0.000311976
5.087493e-07,0.00029576
5.088493e-07,0.000278896
5.089493e-07,0.000262032
5.090493e-07,0.000245817
5.091493e-07,0.00023025
5.092493e-07,0.000217277
5.093493e-07,0.000207548
5.094493e-07,0.000200413
5.095493e-07,0.00019717
5.096493e-07,0.000196522
5.097493e-07,0.000197819
5.098493e-07,0.000200413
5.099493e-07,0.000203008
5.100493e-07,0.000203656
5.101493e-07,0.000203008
5.102493e-07,0.000199116
5.103493e-07,0.000193278
5.104493e-07,0.000185495
5.105493e-07,0.000177712
5.106493e-07,0.000171225
5.107493e-07,0.000166685
5.108493e-07,0.000165388
5.109493e-07,0.000166685
5.110493e-07,0.000171874
5.111493e-07,0.000179657
5.112493e-07,0.000188738
5.113493e-07,0.00019717
5.114493e-07,0.000204954
5.115493e-07,0.000209494
5.116493e-07,0.000210143
5.117493e-07,0.000206899
5.118493e-07,0.000199116
5.119493e-07,0.000188089
5.120493e-07,0.000175117
5.121493e-07,0.000160199
5.122493e-07,0.000145929
5.123493e-07,0.000132957
5.124493e-07,0.000122579
5.125493e-07,0.000116093
5.126493e-07,0.00011285
5.127493e-07,0.00011285
5.128493e-07,0.00011739
5.129493e-07,0.000125173
5.130493e-07,0.000136848
5.131493e-07,0.000151767
5.132493e-07,0.000167982
5.133493e-07,0.000185495
5.134493e-07,0.000203656
5.135493e-07,0.000221169
5.136493e-07,0.000238033
5.137493e-07,0.000252951
5.138493e-07,0.000265275
5.139493e-07,0.000274356
5.140493e-07,0.000279545
5.141493e-07,0.000280842
5.142493e-07,0.000278896
5.143493e-07,0.000273707
5.144493e-07,0.000266573
5.145493e-07,0.000258789
5.146493e-07,0.000251654
5.147493e-07,0.000246465
5.148493e-07,0.000244519
5.149493e-07,0.000245817
5.150493e-07,0.000250357
5.151493e-07,0.00025814
5.152493e-07,0.000267221
5.153493e-07,0.000277599
5.154493e-07,0.00028668
5.155493e-07,0.000295112
5.156493e-07,0.000300301
5.157493e-07,0.000301598
5.158493e-07,0.000299652
5.159493e-07,0.000295112
5.160493e-07,0.000288626
5.161493e-07,0.000282139
5.162493e-07,0.000275653
5.163493e-07,0.000271761
5.164493e-07,0.000269816
5.165493e-07,0.000270464
5.166493e-07,0.000274356
5.167493e-07,0.000279545
5.168493e-07,0.00028668
5.169493e-07,0.000294463
5.170493e-07,0.000300949
5.171493e-07,0.00030549
5.172493e-07,0.000308084
5.173493e-07,0.000308733
5.174493e-07,0.000306138
5.175493e-07,0.000300301
5.176493e-07,0.000292517
5.177493e-07,0.000282788
5.178493e-07,0.000270464
5.179493e-07,0.000256843
5.180493e-07,0.000240628
5.181493e-07,0.000223115
5.182493e-07,0.000204954
5.183493e-07,0.000186792
5.184493e-07,0.000169279
5.185493e-07,0.000153064
5.186493e-07,0.000138794
5.187493e-07,0.000127768
5.188493e-07,0.000119336
5.189493e-07,0.000113498
5.190493e-07,0.000110255
5.191493e-07,0.000110255
5.192493e-07,0.000112201
5.193493e-07,0.000115444
5.194493e-07,0.000119336
5.195493e-07,0.000123227
5.196493e-07,0.000126471
5.197493e-07,0.000131011
5.198493e-07,0.000135551
5.199493e-07,0.00014074
5.200493e-07,0.000147226
5.201493e-07,0.000156307
5.202493e-07,0.000168631
5.203493e-07,0.000183549
5.204493e-07,0.000200413
5.205493e-07,0.000219872
5.206493e-07,0.000241276
5.207493e-07,0.000263978
5.208493e-07,0.000286031
5.209493e-07,0.000306138
5.210493e-07,0.0003243
5.211493e-07,0.000337921
5.212493e-07,0.000345704
5.213493e-07,0.000347001
5.214493e-07,0.000341164
5.215493e-07,0.000328191
5.216493e-07,0.000308084
5.217493e-07,0.000282139
5.218493e-07,0.000250357
5.219493e-07,0.000214683
5.220493e-07,0.000176414
5.221493e-07,0.000136848
5.222493e-07,9.98771e-05
5.223493e-07,6.48516e-05
5.224493e-07,3.43665e-05
5.225493e-07,9.71892e-06
5.226493e-07,-7.1452e-06
5.227493e-07,-1.62259e-05
5.228493e-07,-1.88204e-05
5.229493e-07,-1.428e-05
5.230493e-07,-3.9021e-06
5.231493e-07,1.23134e-05
5.232493e-07,3.24206e-05
5.233493e-07,5.5771e-05
5.234493e-07,8.10671e-05
5.235493e-07,0.000107661
5.236493e-07,0.000133605
5.237493e-07,0.000158253
5.238493e-07,0.000181603
5.239493e-07,0.000202359
5.240493e-07,0.000219872
5.241493e-07,0.000234141
5.242493e-07,0.000246465
5.243493e-07,0.000255546
5.244493e-07,0.000261384
5.245493e-07,0.000265275
5.246493e-07,0.000265924
5.247493e-07,0.000264627
5.248493e-07,0.000260086
5.249493e-07,0.0002536
5.250493e-07,0.000244519
5.251493e-07,0.00023479
5.252493e-07,0.000223764
5.253493e-07,0.000212737
5.254493e-07,0.00020171
5.255493e-07,0.00019263
5.256493e-07,0.000185495
5.257493e-07,0.000181603
5.258493e-07,0.000181603
5.259493e-07,0.000185495
5.260493e-07,0.000191981
5.261493e-07,0.000201062
5.262493e-07,0.000212737
5.263493e-07,0.000225709
5.264493e-07,0.000238033
5.265493e-07,0.000250357
5.266493e-07,0.000261384
5.267493e-07,0.000271113
5.268493e-07,0.000279545
5.269493e-07,0.000285382
5.270493e-07,0.000289274
5.271493e-07,0.000291869
5.272493e-07,0.000292517
5.273493e-07,0.00029122
5.274493e-07,0.000289274
5.275493e-07,0.00028668
5.276493e-07,0.000282788
5.277493e-07,0.000278248
5.278493e-07,0.000271761
5.279493e-07,0.000264627
5.280493e-07,0.000254897
5.281493e-07,0.000243871
5.282493e-07,0.000230898
5.283493e-07,0.000216629
5.284493e-07,0.000201062
5.285493e-07,0.000184846
5.286493e-07,0.000168631
5.287493e-07,0.000153713
5.288493e-07,0.000139443
5.289493e-07,0.000129065
5.290493e-07,0.000122579
5.291493e-07,0.000120633
5.292493e-07,0.000123227
5.293493e-07,0.000131011
5.294493e-07,0.000143983
5.295493e-07,0.000160199
5.296493e-07,0.000180306
5.297493e-07,0.00020171
5.298493e-07,0.000224412
5.299493e-07,0.000246465
5.300493e-07,0.00026787
5.301493e-07,0.00028668
5.302493e-07,0.000302247
5.303493e-07,0.000313273
5.304493e-07,0.000321057
5.305493e-07,0.000326246
5.306493e-07,0.00032884
5.307493e-07,0.000330137
5.308493e-07,0.000330137
5.309493e-07,0.000329489
5.310493e-07,0.000329489
5.311493e-07,0.00032884
5.312493e-07,0.000328191
5.313493e-07,0.000328191
5.314493e-07,0.000326894
5.315493e-07,0.000325597
5.316493e-07,0.000323002
5.317493e-07,0.000317813
5.318493e-07,0.000310679
5.319493e-07,0.000301598
5.320493e-07,0.000290571
5.321493e-07,0.000278896
5.322493e-07,0.000265275
5.323493e-07,0.000251654
5.324493e-07,0.000238033
5.325493e-07,0.000223764
5.326493e-07,0.000208197
5.327493e-07,0.000191981
5.328493e-07,0.00017382
5.329493e-07,0.00015501
5.330493e-07,0.000136848
5.331493e-07,0.000118687
5.332493e-07,0.000101174
5.333493e-07,8.56075e-05
5.334493e-07,7.32837e-05
5.335493e-07,6.48516e-05
5.336493e-07,6.16085e-05
5.337493e-07,6.35544e-05
5.338493e-07,7.13378e-05
5.339493e-07,8.49589e-05
5.340493e-07,0.000102472
5.341493e-07,0.000124525
5.342493e-07,0.000147875
5.343493e-07,0.000172523
5.344493e-07,0.000196522
5.345493e-07,0.000219223
5.346493e-07,0.00023933
5.347493e-07,0.000256195
5.348493e-07,0.000269816
5.349493e-07,0.000280842
5.350493e-07,0.000288626
5.351493e-07,0.000293166
5.352493e-07,0.000294463
5.353493e-07,0.000292517
5.354493e-07,0.000288626
5.355493e-07,0.000281491
5.356493e-07,0.000271113
5.357493e-07,0.000258789
5.358493e-07,0.000243222
5.359493e-07,0.000227007
5.360493e-07,0.000210791
5.361493e-07,0.000194576
5.362493e-07,0.000180306
5.363493e-07,0.000168631
5.364493e-07,0.000161496
5.365493e-07,0.000158253
5.366493e-07,0.000158253
5.367493e-07,0.000162145
5.368493e-07,0.000167982
5.369493e-07,0.000175117
5.370493e-07,0.000182252
5.371493e-07,0.000188089
5.372493e-07,0.000193278
5.373493e-07,0.000195873
5.374493e-07,0.00019717
5.375493e-07,0.00019717
5.376493e-07,0.000196522
5.377493e-07,0.000195873
5.378493e-07,0.000194576
5.379493e-07,0.000194576
5.380493e-07,0.000194576
5.381493e-07,0.000195873
5.382493e-07,0.000196522
5.383493e-07,0.000196522
5.384493e-07,0.000195224
5.385493e-07,0.000193278
5.386493e-07,0.000190684
5.387493e-07,0.000188738
5.388493e-07,0.000188738
5.389493e-07,0.000193278
5.390493e-07,0.000203008
5.391493e-07,0.000218575
5.392493e-07,0.000239979
5.393493e-07,0.000267221
5.394493e-07,0.000297706
5.395493e-07,0.000330786
5.396493e-07,0.000363217
5.397493e-07,0.000393053
5.398493e-07,0.000417701
5.399493e-07,0.000436511
5.400493e-07,0.000448186
5.401493e-07,0.000452726
5.402493e-07,0.000450781
5.403493e-07,0.000445592
5.404493e-07,0.00043716
5.405493e-07,0.000428728
5.406493e-07,0.000420944
5.407493e-07,0.000414458
5.408493e-07,0.000410566
5.409493e-07,0.000407972
5.410493e-07,0.000406674
5.411493e-07,0.000406026
5.412493e-07,0.000405377
5.413493e-07,0.000403431
5.414493e-07,0.00039954
5.415493e-07,0.000393702
5.416493e-07,0.000384621
5.417493e-07,0.000373595
5.418493e-07,0.000360622
5.419493e-07,0.000346353
5.420493e-07,0.000330786
5.421493e-07,0.00031457
5.422493e-07,0.000298355
5.423493e-07,0.000282139
5.424493e-07,0.000265275
5.425493e-07,0.000248411
5.426493e-07,0.000232844
5.427493e-07,0.000217926
5.428493e-07,0.000204305
5.429493e-07,0.00019263
5.430493e-07,0.000183549
5.431493e-07,0.000177063
5.432493e-07,0.00017382
5.433493e-07,0.000174468
5.434493e-07,0.000179009
5.435493e-07,0.000187441
5.436493e-07,0.000197819
5.437493e-07,0.000210791
5.438493e-07,0.000225061
5.439493e-07,0.000239979
5.440493e-07,0.0002536
5.441493e-07,0.000265924
5.442493e-07,0.000276302
5.443493e-07,0.000284085
5.444493e-07,0.000289274
5.445493e-07,0.000290571
5.446493e-07,0.000289274
5.447493e-07,0.000285382
5.448493e-07,0.000278896
5.449493e-07,0.000269816
5.450493e-07,0.000259438
5.451493e-07,0.000247114
5.452493e-07,0.000232196
5.453493e-07,0.000215332
5.454493e-07,0.00019717
5.455493e-07,0.00017836
5.456493e-07,0.00015955
5.457493e-07,0.000142686
5.458493e-07,0.000128416
5.459493e-07,0.000118687
5.460493e-07,0.000113498
5.461493e-07,0.000114147
5.462493e-07,0.000120633
5.463493e-07,0.00013166
5.464493e-07,0.000145929
5.465493e-07,0.000162793
5.466493e-07,0.000180306
5.467493e-07,0.000196522
5.468493e-07,0.000210143
5.469493e-07,0.000219223
5.470493e-07,0.000223115
5.471493e-07,0.000221169
5.472493e-07,0.000214683
5.473493e-07,0.000203656
5.474493e-07,0.000189387
5.475493e-07,0.000172523
5.476493e-07,0.000154361
5.477493e-07,0.000136848
5.478493e-07,0.000119984
5.479493e-07,0.000105715
5.480493e-07,9.40395e-05
5.481493e-07,8.62561e-05
5.482493e-07,8.17158e-05
5.483493e-07,7.97699e-05
5.484493e-07,7.97699e-05
5.485493e-07,8.23644e-05
5.486493e-07,8.56075e-05
5.487493e-07,9.07964e-05
5.488493e-07,9.59854e-05
5.489493e-07,0.000102472
5.490493e-07,0.000109606
5.491493e-07,0.00011739
5.492493e-07,0.000125822
5.493493e-07,0.0001362
5.494493e-07,0.000147226
5.495493e-07,0.000160199
5.496493e-07,0.000175117
5.497493e-07,0.000191333
5.498493e-07,0.000208845
5.499493e-07,0.000227007
5.500493e-07,0.000244519
5.501493e-07,0.000260735
5.502493e-07,0.000275005
5.503493e-07,0.000286031
5.504493e-07,0.000293815
5.505493e-07,0.000298355
5.506493e-07,0.000300301
5.507493e-07,0.000299652
5.508493e-07,0.000297706
5.509493e-07,0.000295112
5.510493e-07,0.000293815
5.511493e-07,0.000295112
5.512493e-07,0.000299004
5.513493e-07,0.00030549
5.514493e-07,0.000315219
5.515493e-07,0.000326246
5.516493e-07,0.000337272
5.517493e-07,0.000347001
5.518493e-07,0.000354136
5.519493e-07,0.000358028
5.520493e-07,0.000356731
5.521493e-07,0.000350245
5.522493e-07,0.000338569
5.523493e-07,0.0003243
5.524493e-07,0.000308733
5.525493e-07,0.000293166
5.526493e-07,0.000280194
5.527493e-07,0.000269167
5.528493e-07,0.000263329
5.529493e-07,0.000262032
5.530493e-07,0.000263329
5.531493e-07,0.00026787
5.532493e-07,0.00027241
5.533493e-07,0.00027695
5.534493e-07,0.000278248
5.535493e-07,0.00027695
5.536493e-07,0.000271113
5.537493e-07,0.000262681
5.538493e-07,0.000252303
5.539493e-07,0.000240628
5.540493e-07,0.000228304
5.541493e-07,0.000217926
5.542493e-07,0.000209494
5.543493e-07,0.000203656
5.544493e-07,0.000201062
5.545493e-07,0.000199116
5.546493e-07,0.000198467
5.547493e-07,0.00019717
5.548493e-07,0.000195873
5.549493e-07,0.000194576
5.550493e-07,0.000193278
5.551493e-07,0.000191981
5.552493e-07,0.000191333
5.553493e-07,0.000191981
5.554493e-07,0.000193927
5.555493e-07,0.000197819
5.556493e-07,0.000203656
5.557493e-07,0.00021144
5.558493e-07,0.00022052
5.559493e-07,0.000231547
5.560493e-07,0.000242574
5.561493e-07,0.000254249
5.562493e-07,0.000267221
5.563493e-07,0.000280842
5.564493e-07,0.000293815
5.565493e-07,0.000306138
5.566493e-07,0.000317813
5.567493e-07,0.000327543
5.568493e-07,0.000335326
5.569493e-07,0.000340515
5.570493e-07,0.000342461
5.571493e-07,0.000339218
5.572493e-07,0.000332083
5.573493e-07,0.000321057
5.574493e-07,0.000306138
5.575493e-07,0.000289274
5.576493e-07,0.000271113
5.577493e-07,0.000252303
5.578493e-07,0.00023479
5.579493e-07,0.000219223
5.580493e-07,0.000206899
5.581493e-07,0.000197819
5.582493e-07,0.000193278
5.583493e-07,0.000193278
5.584493e-07,0.000195224
5.585493e-07,0.000200413
5.586493e-07,0.000207548
5.587493e-07,0.000216629
5.588493e-07,0.000227007
5.589493e-07,0.000238033
5.590493e-07,0.00024906
5.591493e-07,0.000259438
5.592493e-07,0.000269167
5.593493e-07,0.000278248
5.594493e-07,0.000286031
5.595493e-07,0.000292517
5.596493e-07,0.000297058
5.597493e-07,0.000299652
5.598493e-07,0.000301598
5.599493e-07,0.000302895
5.600493e-07,0.000304841
5.601493e-07,0.000307436
5.602493e-07,0.000310679
5.603493e-07,0.000313922
5.604493e-07,0.000317813
5.605493e-07,0.000322354
5.606493e-07,0.000326894
5.607493e-07,0.000330786
5.608493e-07,0.000334029
5.609493e-07,0.000334678
5.610493e-07,0.000332732
5.611493e-07,0.000327543
5.612493e-07,0.000320408
5.613493e-07,0.00031003
5.614493e-07,0.000299004
5.615493e-07,0.00028668
5.616493e-07,0.000274356
5.617493e-07,0.000262681
5.618493e-07,0.000252951
5.619493e-07,0.000245168
5.620493e-07,0.000239979
5.621493e-07,0.000236087
5.622493e-07,0.000232844
5.623493e-07,0.000230898
5.624493e-07,0.00023025
5.625493e-07,0.00023025
5.626493e-07,0.000230898
5.627493e-07,0.000232844
5.628493e-07,0.000236087
5.629493e-07,0.000240628
5.630493e-07,0.000247114
5.631493e-07,0.0002536
5.632493e-07,0.000260086
5.633493e-07,0.000265924
5.634493e-07,0.000269167
5.635493e-07,0.000269167
5.636493e-07,0.000265275
5.637493e-07,0.00025814
5.638493e-07,0.000247763
5.639493e-07,0.000235439
5.640493e-07,0.000223764
5.641493e-07,0.000214034
5.642493e-07,0.000206899
5.643493e-07,0.000204954
5.644493e-07,0.000208197
5.645493e-07,0.000216629
5.646493e-07,0.000228304
5.647493e-07,0.000241276
5.648493e-07,0.000254249
5.649493e-07,0.000264627
5.650493e-07,0.000271113
5.651493e-07,0.000271113
5.652493e-07,0.000265275
5.653493e-07,0.000252951
5.654493e-07,0.000236087
5.655493e-07,0.00021598
5.656493e-07,0.000195873
5.657493e-07,0.00017836
5.658493e-07,0.000164091
5.659493e-07,0.00015501
5.660493e-07,0.000151767
5.661493e-07,0.000155658
5.662493e-07,0.000164739
5.663493e-07,0.000179009
5.664493e-07,0.00019717
5.665493e-07,0.000217926
5.666493e-07,0.00023933
5.667493e-07,0.000260735
5.668493e-07,0.000280842
5.669493e-07,0.000298355
5.670493e-07,0.000313922
5.671493e-07,0.000325597
5.672493e-07,0.000332083
5.673493e-07,0.000334678
5.674493e-07,0.00033338
5.675493e-07,0.000326246
5.676493e-07,0.000315219
5.677493e-07,0.000300301
5.678493e-07,0.000282139
5.679493e-07,0.000262681
5.680493e-07,0.000243222
5.681493e-07,0.000225061
5.682493e-07,0.000209494
5.683493e-07,0.00019717
5.684493e-07,0.000188089
5.685493e-07,0.000182901
5.686493e-07,0.000181603
5.687493e-07,0.000184198
5.688493e-07,0.000188089
5.689493e-07,0.00019263
5.690493e-07,0.00019717
5.691493e-07,0.000199765
5.692493e-07,0.000201062
5.693493e-07,0.000200413
5.694493e-07,0.000197819
5.695493e-07,0.000193927
5.696493e-07,0.000188738
5.697493e-07,0.000184198
5.698493e-07,0.000180955
5.699493e-07,0.000179657
5.700493e-07,0.000179657
5.701493e-07,0.000182252
5.702493e-07,0.000187441
5.703493e-07,0.000193927
5.704493e-07,0.000200413
5.705493e-07,0.000207548
5.706493e-07,0.000212737
5.707493e-07,0.000215332
5.708493e-07,0.000215332
5.709493e-07,0.00021144
5.710493e-07,0.000204305
5.711493e-07,0.000194576
5.712493e-07,0.000181603
5.713493e-07,0.000167334
5.714493e-07,0.000152415
5.715493e-07,0.000137497
5.716493e-07,0.000123876
5.717493e-07,0.000114147
5.718493e-07,0.000108958
5.719493e-07,0.000109606
5.720493e-07,0.000116093
5.721493e-07,0.000127768
5.722493e-07,0.000145281
5.723493e-07,0.000166685
5.724493e-07,0.000190684
5.725493e-07,0.000214683
5.726493e-07,0.000238033
5.727493e-07,0.000258789
5.728493e-07,0.000275653
5.729493e-07,0.000287328
5.730493e-07,0.00029576
5.731493e-07,0.000301598
5.732493e-07,0.00030549
5.733493e-07,0.00031003
5.734493e-07,0.000315868
5.735493e-07,0.0003243
5.736493e-07,0.000335326
5.737493e-07,0.000349596
5.738493e-07,0.000365163
5.739493e-07,0.000381378
5.740493e-07,0.000395648
5.741493e-07,0.000406026
5.742493e-07,0.000411215
5.743493e-07,0.000409918
5.744493e-07,0.000400837
5.745493e-07,0.000384621
5.746493e-07,0.00036192
5.747493e-07,0.000334678
5.748493e-07,0.000304192
5.749493e-07,0.00027241
5.750493e-07,0.000241925
5.751493e-07,0.000213386
5.752493e-07,0.000189387
5.753493e-07,0.000169279
5.754493e-07,0.000154361
5.755493e-07,0.000144632
5.756493e-07,0.000139443
5.757493e-07,0.000138146
5.758493e-07,0.00014074
5.759493e-07,0.000144632
5.760493e-07,0.000149821
5.761493e-07,0.000156956
5.762493e-07,0.000163442
5.763493e-07,0.000170577
5.764493e-07,0.000177063
5.765493e-07,0.000182901
5.766493e-07,0.000187441
5.767493e-07,0.000188738
5.768493e-07,0.000188738
5.769493e-07,0.000186144
5.770493e-07,0.000180955
5.771493e-07,0.00017382
5.772493e-07,0.000164739
5.773493e-07,0.000154361
5.774493e-07,0.000143335
5.775493e-07,0.000132957
5.776493e-07,0.000123876
5.777493e-07,0.000115444
5.778493e-07,0.000109606
5.779493e-07,0.000105066
5.780493e-07,0.000103769
5.781493e-07,0.000105066
5.782493e-07,0.000108958
5.783493e-07,0.000115444
5.784493e-07,0.000123876
5.785493e-07,0.000134254
5.786493e-07,0.000147226
5.787493e-07,0.000162145
5.788493e-07,0.000179009
5.789493e-07,0.000197819
5.790493e-07,0.000216629
5.791493e-07,0.00023479
5.792493e-07,0.000251654
5.793493e-07,0.000265275
5.794493e-07,0.000275005
5.795493e-07,0.000279545
5.796493e-07,0.000277599
5.797493e-07,0.000269167
5.798493e-07,0.000255546
5.799493e-07,0.000237385
5.800493e-07,0.00021598
5.801493e-07,0.00019263
5.802493e-07,0.000169928
5.803493e-07,0.000147875
5.804493e-07,0.000129065
5.805493e-07,0.000114795
5.806493e-07,0.000105066
5.807493e-07,9.98771e-05
5.808493e-07,9.79313e-05
5.809493e-07,9.92285e-05
5.810493e-07,0.000102472
5.811493e-07,0.000107012
5.812493e-07,0.00011285
5.813493e-07,0.000119984
5.814493e-07,0.000126471
5.815493e-07,0.000133605
5.816493e-07,0.000140092
5.817493e-07,0.000145929
5.818493e-07,0.000151118
5.819493e-07,0.00015501
5.820493e-07,0.000156307
5.821493e-07,0.000156307
5.822493e-07,0.000154361
5.823493e-07,0.000149821
5.824493e-07,0.000143335
5.825493e-07,0.0001362
5.826493e-07,0.000128416
5.827493e-07,0.000121282
5.828493e-07,0.000115444
5.829493e-07,0.00011285
5.830493e-07,0.000113498
5.831493e-07,0.00011739
5.832493e-07,0.000124525
5.833493e-07,0.000134254
5.834493e-07,0.000146578
5.835493e-07,0.000160199
5.836493e-07,0.000174468
5.837493e-07,0.000188738
5.838493e-07,0.000202359
5.839493e-07,0.000214683
5.840493e-07,0.000225061
5.841493e-07,0.00023479
5.842493e-07,0.000242574
5.843493e-07,0.000248411
5.844493e-07,0.000254249
5.845493e-07,0.000259438
5.846493e-07,0.000264627
5.847493e-07,0.000269167
5.848493e-07,0.000273707
5.849493e-07,0.000278248
5.850493e-07,0.000282139
5.851493e-07,0.000286031
5.852493e-07,0.000289274
5.853493e-07,0.000291869
5.854493e-07,0.000295112
5.855493e-07,0.000297058
5.856493e-07,0.000299652
5.857493e-07,0.000302247
5.858493e-07,0.000303544
5.859493e-07,0.000303544
5.860493e-07,0.000302247
5.861493e-07,0.000297706
5.862493e-07,0.000291869
5.863493e-07,0.000282788
5.864493e-07,0.000270464
5.865493e-07,0.000256195
5.866493e-07,0.000240628
5.867493e-07,0.000224412
5.868493e-07,0.000209494
5.869493e-07,0.00019717
5.870493e-07,0.000189387
5.871493e-07,0.000186792
5.872493e-07,0.000189387
5.873493e-07,0.000197819
5.874493e-07,0.000210791
5.875493e-07,0.000227007
5.876493e-07,0.000245817
5.877493e-07,0.000265275
5.878493e-07,0.000283437
5.879493e-07,0.000299004
5.880493e-07,0.000310679
5.881493e-07,0.000317813
5.882493e-07,0.000319759
5.883493e-07,0.000317813
5.884493e-07,0.00031003
5.885493e-07,0.000299652
5.886493e-07,0.000286031
5.887493e-07,0.000270464
5.888493e-07,0.000254897
5.889493e-07,0.00023933
5.890493e-07,0.000224412
5.891493e-07,0.000212088
5.892493e-07,0.000202359
5.893493e-07,0.000196522
5.894493e-07,0.000193927
5.895493e-07,0.000195873
5.896493e-07,0.000202359
5.897493e-07,0.00021144
5.898493e-07,0.000224412
5.899493e-07,0.00023933
5.900493e-07,0.000256195
5.901493e-07,0.00027241
5.902493e-07,0.000287977
5.903493e-07,0.000301598
5.904493e-07,0.000310679
5.905493e-07,0.000315868
5.906493e-07,0.000317165
5.907493e-07,0.000313922
5.908493e-07,0.000306138
5.909493e-07,0.000295112
5.910493e-07,0.000281491
5.911493e-07,0.000266573
5.912493e-07,0.000251006
5.913493e-07,0.000236736
5.914493e-07,0.000225709
5.915493e-07,0.000216629
5.916493e-07,0.00021144
5.917493e-07,0.000210143
5.918493e-07,0.00021144
5.919493e-07,0.000216629
5.920493e-07,0.000223115
5.921493e-07,0.000232196
5.922493e-07,0.000241276
5.923493e-07,0.000251006
5.924493e-07,0.000260086
5.925493e-07,0.000268518
5.926493e-07,0.000276302
5.927493e-07,0.000282788
5.928493e-07,0.000288626
5.929493e-07,0.000293166
5.930493e-07,0.000297058
5.931493e-07,0.000299004
5.932493e-07,0.000299652
5.933493e-07,0.000299004
5.934493e-07,0.000297706
5.935493e-07,0.000295112
5.936493e-07,0.000292517
5.937493e-07,0.000290571
5.938493e-07,0.000290571
5.939493e-07,0.000293166
5.940493e-07,0.000297058
5.941493e-07,0.000303544
5.942493e-07,0.000311976
5.943493e-07,0.000321057
5.944493e-07,0.000330137
5.945493e-07,0.000338569
5.946493e-07,0.000344407
5.947493e-07,0.00034765
5.948493e-07,0.00034765
5.949493e-07,0.000344407
5.950493e-07,0.000337272
5.951493e-07,0.000328191
5.952493e-07,0.000317165
5.953493e-07,0.000304841
5.954493e-07,0.000290571
5.955493e-07,0.000276302
5.956493e-07,0.000260735
5.957493e-07,0.000245817
5.958493e-07,0.000230898
5.959493e-07,0.00021598
5.960493e-07,0.000201062
5.961493e-07,0.000186144
5.962493e-07,0.000172523
5.963493e-07,0.000160199
5.964493e-07,0.000150469
5.965493e-07,0.000143335
5.966493e-07,0.00014074
5.967493e-07,0.000142037
5.968493e-07,0.000147875
5.969493e-07,0.000158253
5.970493e-07,0.000172523
5.971493e-07,0.000188738
5.972493e-07,0.000207548
5.973493e-07,0.000226358
5.974493e-07,0.000245817
5.975493e-07,0.000263978
5.976493e-07,0.000280842
5.977493e-07,0.00029576
5.978493e-07,0.000309381
5.979493e-07,0.000321057
5.980493e-07,0.000329489
5.981493e-07,0.000335326
5.982493e-07,0.000339218
5.983493e-07,0.000339218
5.984493e-07,0.000335326
5.985493e-07,0.000327543
5.986493e-07,0.000315219
5.987493e-07,0.000298355
5.988493e-07,0.00027695
5.989493e-07,0.000252303
5.990493e-07,0.000224412
5.991493e-07,0.000195873
5.992493e-07,0.000166685
5.993493e-07,0.000139443
5.994493e-07,0.000114795
5.995493e-07,9.40395e-05
5.996493e-07,7.7824e-05
5.997493e-07,6.61489e-05
5.998493e-07,5.96627e-05
5.999493e-07,5.77168e-05
6.000493e-07,5.96627e-05
6.001493e-07,6.55003e-05
6.002493e-07,7.52296e-05
6.003493e-07,8.8202e-05
6.004493e-07,0.000103769
6.005493e-07,0.000122579
6.006493e-07,0.000143335
6.007493e-07,0.000165388
6.008493e-07,0.000187441
6.009493e-07,0.000208197
6.010493e-07,0.000226358
6.011493e-07,0.000240628
6.012493e-07,0.000248411
6.013493e-07,0.000250357
6.014493e-07,0.000245168
6.015493e-07,0.00023479
6.016493e-07,0.00022052
6.017493e-07,0.000203008
6.018493e-07,0.000185495
6.019493e-07,0.000169928
6.020493e-07,0.000156956
6.021493e-07,0.000148524
6.022493e-07,0.000145281
6.023493e-07,0.000146578
6.024493e-07,0.000151767
6.025493e-07,0.000160199
6.026493e-07,0.000171225
6.027493e-07,0.000181603
6.028493e-07,0.000191981
6.029493e-07,0.000201062
6.030493e-07,0.000208845
6.031493e-07,0.000214683
6.032493e-07,0.000219872
6.033493e-07,0.000224412
6.034493e-07,0.000228953
6.035493e-07,0.000234141
6.036493e-07,0.000239979
6.037493e-07,0.000246465
6.038493e-07,0.000254249
6.039493e-07,0.000262681
6.040493e-07,0.000271113
6.041493e-07,0.000280194
6.042493e-07,0.000289274
6.043493e-07,0.000297058
6.044493e-07,0.000304192
6.045493e-07,0.000311327
6.046493e-07,0.000317165
6.047493e-07,0.000322354
6.048493e-07,0.000326246
6.049493e-07,0.000329489
6.050493e-07,0.000332083
6.051493e-07,0.000334029
6.052493e-07,0.000335326
6.053493e-07,0.000335975
6.054493e-07,0.000337272
6.055493e-07,0.000338569
6.056493e-07,0.000339218
6.057493e-07,0.000341164
6.058493e-07,0.00034311
6.059493e-07,0.000345704
6.060493e-07,0.000348299
6.061493e-07,0.000351542
6.062493e-07,0.000354136
6.063493e-07,0.000356731
6.064493e-07,0.000358028
6.065493e-07,0.000358677
6.066493e-07,0.000356731
6.067493e-07,0.000353488
6.068493e-07,0.000347001
6.069493e-07,0.000339218
6.070493e-07,0.000328191
6.071493e-07,0.000315219
6.072493e-07,0.000300301
6.073493e-07,0.000283437
6.074493e-07,0.000265924
6.075493e-07,0.000246465
6.076493e-07,0.000226358
6.077493e-07,0.000204954
6.078493e-07,0.000182901
6.079493e-07,0.000160199
6.080493e-07,0.000138146
6.081493e-07,0.000116093
6.082493e-07,9.59854e-05
6.083493e-07,7.84727e-05
6.084493e-07,6.48516e-05
6.085493e-07,5.64196e-05
6.086493e-07,5.44737e-05
6.087493e-07,6.03113e-05
6.088493e-07,7.32837e-05
6.089493e-07,9.33909e-05
6.090493e-07,0.000120633
6.091493e-07,0.000152415
6.092493e-07,0.000187441
6.093493e-07,0.000224412
6.094493e-07,0.000260086
6.095493e-07,0.000292517
6.096493e-07,0.000320408
6.097493e-07,0.000341812
6.098493e-07,0.000357379
6.099493e-07,0.000365811
6.100493e-07,0.000367757
6.101493e-07,0.000364514
6.102493e-07,0.000356731
6.103493e-07,0.000346353
6.104493e-07,0.00033338
6.105493e-07,0.000320408
6.106493e-07,0.000308733
6.107493e-07,0.000297706
6.108493e-07,0.000289274
6.109493e-07,0.000283437
6.110493e-07,0.000279545
6.111493e-07,0.000278248
6.112493e-07,0.000278248
6.113493e-07,0.000278896
6.114493e-07,0.000278248
6.115493e-07,0.000276302
6.116493e-07,0.00027241
6.117493e-07,0.000265275
6.118493e-07,0.000255546
6.119493e-07,0.000243222
6.120493e-07,0.000227655
6.121493e-07,0.00021144
6.122493e-07,0.000195224
6.123493e-07,0.000180306
6.124493e-07,0.000166685
6.125493e-07,0.000156956
6.126493e-07,0.000150469
6.127493e-07,0.000147875
6.128493e-07,0.000148524
6.129493e-07,0.000152415
6.130493e-07,0.000158902
6.131493e-07,0.000167982
6.132493e-07,0.00017836
6.133493e-07,0.000190035
6.134493e-07,0.00020171
6.135493e-07,0.000214034
6.136493e-07,0.000227007
6.137493e-07,0.000238682
6.138493e-07,0.000251006
6.139493e-07,0.000261384
6.140493e-07,0.000271113
6.141493e-07,0.000279545
6.142493e-07,0.00028668
6.143493e-07,0.000292517
6.144493e-07,0.000296409
6.145493e-07,0.000297706
6.146493e-07,0.000297058
6.147493e-07,0.000294463
6.148493e-07,0.000289274
6.149493e-07,0.000283437
6.150493e-07,0.000276302
6.151493e-07,0.000268518
6.152493e-07,0.000261384
6.153493e-07,0.000254897
6.154493e-07,0.000250357
6.155493e-07,0.000247763
6.156493e-07,0.000245817
6.157493e-07,0.000246465
6.158493e-07,0.00024906
6.159493e-07,0.000252951
6.160493e-07,0.000256843
6.161493e-07,0.000262681
6.162493e-07,0.000269816
6.163493e-07,0.000277599
6.164493e-07,0.00028668
6.165493e-07,0.000296409
6.166493e-07,0.000306787
6.167493e-07,0.000317165
6.168493e-07,0.000327543
6.169493e-07,0.000336623
6.170493e-07,0.000345056
6.171493e-07,0.000350245
6.172493e-07,0.000354136
6.173493e-07,0.000356082
6.174493e-07,0.000356082
6.175493e-07,0.000354136
6.176493e-07,0.000350893
6.177493e-07,0.000348299
6.178493e-07,0.000345704
6.179493e-07,0.000344407
6.180493e-07,0.000344407
6.181493e-07,0.000346353
6.182493e-07,0.000350245
6.183493e-07,0.000354785
6.184493e-07,0.000359974
6.185493e-07,0.000365811
6.186493e-07,0.000372298
6.187493e-07,0.000377487
6.188493e-07,0.00038073
6.189493e-07,0.000383324
6.190493e-07,0.000383973
6.191493e-07,0.000383324
6.192493e-07,0.000380081
6.193493e-07,0.000374892
6.194493e-07,0.000367109
6.195493e-07,0.000357379
6.196493e-07,0.000345056
6.197493e-07,0.000331435
6.198493e-07,0.000315868
6.199493e-07,0.000299004
6.200493e-07,0.000281491
6.201493e-07,0.000263978
6.202493e-07,0.000247763
6.203493e-07,0.000232844
6.204493e-07,0.000219223
6.205493e-07,0.000207548
6.206493e-07,0.00019717
6.207493e-07,0.000188089
6.208493e-07,0.000179657
6.209493e-07,0.000171874
6.210493e-07,0.000162793
6.211493e-07,0.000153064
6.212493e-07,0.000142037
6.213493e-07,0.000130362
6.214493e-07,0.000118687
6.215493e-07,0.000107661
6.216493e-07,9.79313e-05
6.217493e-07,9.27423e-05
6.218493e-07,9.20937e-05
6.219493e-07,9.79313e-05
6.220493e-07,0.000110904
6.221493e-07,0.000130362
6.222493e-07,0.000156307
6.223493e-07,0.000187441
6.224493e-07,0.000221169
6.225493e-07,0.000254897
6.226493e-07,0.00028668
6.227493e-07,0.000312625
6.228493e-07,0.000331435
6.229493e-07,0.000341164
6.230493e-07,0.000341812
6.231493e-07,0.000332732
6.232493e-07,0.000316516
6.233493e-07,0.000295112
6.234493e-07,0.000269816
6.235493e-07,0.000244519
6.236493e-07,0.000219872
6.237493e-07,0.000197819
6.238493e-07,0.000179657
6.239493e-07,0.000164739
6.240493e-07,0.000152415
6.241493e-07,0.000141389
6.242493e-07,0.00013166
6.243493e-07,0.000121282
6.244493e-07,0.000109606
6.245493e-07,9.79313e-05
6.246493e-07,8.49589e-05
6.247493e-07,7.32837e-05
6.248493e-07,6.22572e-05
6.249493e-07,5.44737e-05
6.250493e-07,5.0582e-05
6.251493e-07,5.0582e-05
6.252493e-07,5.44737e-05
6.253493e-07,6.16085e-05
6.254493e-07,7.26351e-05
6.255493e-07,8.49589e-05
6.256493e-07,9.92285e-05
6.257493e-07,0.00011285
6.258493e-07,0.000125822
6.259493e-07,0.0001362
6.260493e-07,0.000143983
6.261493e-07,0.000150469
6.262493e-07,0.000154361
6.263493e-07,0.000158253
6.264493e-07,0.000161496
6.265493e-07,0.000166036
6.266493e-07,0.000171225
6.267493e-07,0.000179009
6.268493e-07,0.000188089
6.269493e-07,0.000199116
6.270493e-07,0.00021144
6.271493e-07,0.000223764
6.272493e-07,0.00023479
6.273493e-07,0.000244519
6.274493e-07,0.000251654
6.275493e-07,0.000255546
6.276493e-07,0.000255546
6.277493e-07,0.000252303
6.278493e-07,0.000247114
6.279493e-07,0.000240628
6.280493e-07,0.000234141
6.281493e-07,0.00023025
6.282493e-07,0.000228953
6.283493e-07,0.000230898
6.284493e-07,0.000235439
6.285493e-07,0.000243871
6.286493e-07,0.000254897
6.287493e-07,0.00026787
6.288493e-07,0.000281491
6.289493e-07,0.000294463
6.290493e-07,0.000304192
6.291493e-07,0.00031003
6.292493e-07,0.000311976
6.293493e-07,0.000310679
6.294493e-07,0.00030549
6.295493e-07,0.000296409
6.296493e-07,0.000284734
6.297493e-07,0.000271761
6.298493e-07,0.00025814
6.299493e-07,0.000243871
6.300493e-07,0.000230898
6.301493e-07,0.000219223
6.302493e-07,0.000209494
6.303493e-07,0.00020171
6.304493e-07,0.00019717
6.305493e-07,0.000195224
6.306493e-07,0.000197819
6.307493e-07,0.000203656
6.308493e-07,0.000212088
6.309493e-07,0.000223764
6.310493e-07,0.000237385
6.311493e-07,0.000252951
6.312493e-07,0.000269167
6.313493e-07,0.000285382
6.314493e-07,0.000300301
6.315493e-07,0.000313273
6.316493e-07,0.000323002
6.317493e-07,0.000329489
6.318493e-07,0.000332083
6.319493e-07,0.000329489
6.320493e-07,0.000322354
6.321493e-07,0.000310679
6.322493e-07,0.00029576
6.323493e-07,0.000277599
6.324493e-07,0.00025814
6.325493e-07,0.000238682
6.326493e-07,0.000219872
6.327493e-07,0.000202359
6.328493e-07,0.000187441
6.329493e-07,0.000175766
6.330493e-07,0.000166685
6.331493e-07,0.000160199
6.332493e-07,0.000156307
6.333493e-07,0.000153713
6.334493e-07,0.000153064
6.335493e-07,0.000153713
6.336493e-07,0.000154361
6.337493e-07,0.000156307
6.338493e-07,0.000157604
6.339493e-07,0.000158902
6.340493e-07,0.000158902
6.341493e-07,0.000158253
6.342493e-07,0.000156956
6.343493e-07,0.00015501
6.344493e-07,0.000151118
6.345493e-07,0.000147226
6.346493e-07,0.000142686
6.347493e-07,0.000138794
6.348493e-07,0.000135551
6.349493e-07,0.000133605
6.350493e-07,0.000132957
6.351493e-07,0.000133605
6.352493e-07,0.000136848
6.353493e-07,0.000141389
6.354493e-07,0.000147875
6.355493e-07,0.000156307
6.356493e-07,0.000164739
6.357493e-07,0.000174468
6.358493e-07,0.000183549
6.359493e-07,0.000191981
6.360493e-07,0.000199765
6.361493e-07,0.000206251
6.362493e-07,0.00021144
6.363493e-07,0.000214034
6.364493e-07,0.000215332
6.365493e-07,0.000214683
6.366493e-07,0.000212737
6.367493e-07,0.000208845
6.368493e-07,0.000203656
6.369493e-07,0.00019717
6.370493e-07,0.000188738
6.371493e-07,0.000179657
6.372493e-07,0.000171225
6.373493e-07,0.000164091
6.374493e-07,0.000158253
6.375493e-07,0.000154361
6.376493e-07,0.000153713
6.377493e-07,0.000155658
6.378493e-07,0.000160847
6.379493e-07,0.000169928
6.380493e-07,0.000182252
6.381493e-07,0.000196522
6.382493e-07,0.000212737
6.383493e-07,0.00023025
6.384493e-07,0.000247114
6.385493e-07,0.000262681
6.386493e-07,0.000275653
6.387493e-07,0.00028668
6.388493e-07,0.000293815
6.389493e-07,0.000298355
6.390493e-07,0.000299004
6.391493e-07,0.000297706
6.392493e-07,0.000293815
6.393493e-07,0.000287328
6.394493e-07,0.000279545
6.395493e-07,0.000269816
6.396493e-07,0.000260086
6.397493e-07,0.00024906
6.398493e-07,0.000238682
6.399493e-07,0.000227655
6.400493e-07,0.000215332
6.401493e-07,0.000202359
6.402493e-07,0.000189387
6.403493e-07,0.000176414
6.404493e-07,0.000163442
6.405493e-07,0.000151118
6.406493e-07,0.000140092
6.407493e-07,0.00013166
6.408493e-07,0.000124525
6.409493e-07,0.000121282
6.410493e-07,0.000120633
6.411493e-07,0.000122579
6.412493e-07,0.000127768
6.413493e-07,0.000134903
6.414493e-07,0.000143983
6.415493e-07,0.00015501
6.416493e-07,0.000166036
6.417493e-07,0.000177063
6.418493e-07,0.000187441
6.419493e-07,0.000195873
6.420493e-07,0.000202359
6.421493e-07,0.000207548
6.422493e-07,0.000210791
6.423493e-07,0.000212088
6.424493e-07,0.00021144
6.425493e-07,0.000208845
6.426493e-07,0.000206251
6.427493e-07,0.000204305
6.428493e-07,0.000203656
6.429493e-07,0.000204954
6.430493e-07,0.000208845
6.431493e-07,0.000215332
6.432493e-07,0.000221818
6.433493e-07,0.000229601
6.434493e-07,0.000235439
6.435493e-07,0.00023933
6.436493e-07,0.000240628
6.437493e-07,0.000237385
6.438493e-07,0.000229601
6.439493e-07,0.000218575
6.440493e-07,0.000203656
6.441493e-07,0.000186144
6.442493e-07,0.000167334
6.443493e-07,0.000148524
6.444493e-07,0.000130362
6.445493e-07,0.000115444
6.446493e-07,0.000104417
6.447493e-07,9.6634e-05
6.448493e-07,9.27423e-05
6.449493e-07,9.33909e-05
6.450493e-07,9.6634e-05
6.451493e-07,0.000102472
6.452493e-07,0.000109606
6.453493e-07,0.00011739
6.454493e-07,0.000125173
6.455493e-07,0.000132308
6.456493e-07,0.000139443
6.457493e-07,0.000145281
6.458493e-07,0.000151118
6.459493e-07,0.000156307
6.460493e-07,0.000160847
6.461493e-07,0.000164739
6.462493e-07,0.000167334
6.463493e-07,0.000168631
6.464493e-07,0.000167982
6.465493e-07,0.000165388
6.466493e-07,0.000160199
6.467493e-07,0.000153064
6.468493e-07,0.000144632
6.469493e-07,0.0001362
6.470493e-07,0.000129065
6.471493e-07,0.000124525
6.472493e-07,0.000123227
6.473493e-07,0.000126471
6.474493e-07,0.000134903
6.475493e-07,0.000147226
6.476493e-07,0.000164739
6.477493e-07,0.000184846
6.478493e-07,0.000206251
6.479493e-07,0.000226358
6.480493e-07,0.000245168
6.481493e-07,0.000260086
6.482493e-07,0.000269816
6.483493e-07,0.000273707
6.484493e-07,0.00027241
6.485493e-07,0.000265924
6.486493e-07,0.000254897
6.487493e-07,0.000240628
6.488493e-07,0.000223764
6.489493e-07,0.000204954
6.490493e-07,0.000186144
6.491493e-07,0.000166685
6.492493e-07,0.000147226
6.493493e-07,0.000129065
6.494493e-07,0.000112201
6.495493e-07,9.72826e-05
6.496493e-07,8.49589e-05
6.497493e-07,7.58782e-05
6.498493e-07,7.13378e-05
6.499493e-07,7.00406e-05
6.500493e-07,7.32837e-05
6.501493e-07,8.04185e-05
6.502493e-07,9.14451e-05
6.503493e-07,0.000103769
6.504493e-07,0.00011739
6.505493e-07,0.000129714
6.506493e-07,0.00014074
6.507493e-07,0.000149172
6.508493e-07,0.000154361
6.509493e-07,0.000156956
6.510493e-07,0.000156956
6.511493e-07,0.000156307
6.512493e-07,0.00015501
6.513493e-07,0.000154361
6.514493e-07,0.000155658
6.515493e-07,0.000158253
6.516493e-07,0.000162793
6.517493e-07,0.000167982
6.518493e-07,0.000174468
6.519493e-07,0.000180306
6.520493e-07,0.000184846
6.521493e-07,0.000187441
6.522493e-07,0.000189387
6.523493e-07,0.000188738
6.524493e-07,0.000187441
6.525493e-07,0.000185495
6.526493e-07,0.000183549
6.527493e-07,0.000182901
6.528493e-07,0.000182901
6.529493e-07,0.000184846
6.530493e-07,0.000188089
6.531493e-07,0.000191981
6.532493e-07,0.000195224
6.533493e-07,0.000196522
6.534493e-07,0.000195224
6.535493e-07,0.000190035
6.536493e-07,0.000179657
6.537493e-07,0.000165388
6.538493e-07,0.000146578
6.539493e-07,0.000125173
6.540493e-07,0.000101823
6.541493e-07,7.84727e-05
6.542493e-07,5.83654e-05
6.543493e-07,4.15013e-05
6.544493e-07,3.04748e-05
6.545493e-07,2.6583e-05
6.546493e-07,2.91775e-05
6.547493e-07,3.76096e-05
6.548493e-07,5.0582e-05
6.549493e-07,6.74461e-05
6.550493e-07,8.62561e-05
6.551493e-07,0.000105715
6.552493e-07,0.000123876
6.553493e-07,0.000140092
6.554493e-07,0.000153713
6.555493e-07,0.000165388
6.556493e-07,0.00017382
6.557493e-07,0.000179009
6.558493e-07,0.000181603
6.559493e-07,0.000182901
6.560493e-07,0.000182252
6.561493e-07,0.000181603
6.562493e-07,0.000180306
6.563493e-07,0.000179009
6.564493e-07,0.000179657
6.565493e-07,0.000180955
6.566493e-07,0.000184198
6.567493e-07,0.000188089
6.568493e-07,0.000191981
6.569493e-07,0.000195873
6.570493e-07,0.000197819
6.571493e-07,0.00019717
6.572493e-07,0.000193278
6.573493e-07,0.000184198
6.574493e-07,0.000171225
6.575493e-07,0.000154361
6.576493e-07,0.000133605
6.577493e-07,0.000110255
6.578493e-07,8.56075e-05
6.579493e-07,6.29058e-05
6.580493e-07,4.40958e-05
6.581493e-07,3.04748e-05
6.582493e-07,2.46372e-05
6.583493e-07,2.59344e-05
6.584493e-07,3.56637e-05
6.585493e-07,5.25279e-05
6.586493e-07,7.58782e-05
6.587493e-07,0.000104417
6.588493e-07,0.000135551
6.589493e-07,0.000166036
6.590493e-07,0.000195873
6.591493e-07,0.000221818
6.592493e-07,0.000243222
6.593493e-07,0.000260086
6.594493e-07,0.00027241
6.595493e-07,0.000281491
6.596493e-07,0.000288626
6.597493e-07,0.000294463
6.598493e-07,0.000299004
6.599493e-07,0.000302895
6.600493e-07,0.000306138
6.601493e-07,0.000308084
6.602493e-07,0.000307436
6.603493e-07,0.000304841
6.604493e-07,0.000299004
6.605493e-07,0.000290571
6.606493e-07,0.000279545
6.607493e-07,0.000265275
6.608493e-07,0.00024906
6.609493e-07,0.00023025
6.610493e-07,0.000210791
6.611493e-07,0.000191333
6.612493e-07,0.000173171
6.613493e-07,0.000156307
6.614493e-07,0.000141389
6.615493e-07,0.000128416
6.616493e-07,0.000118038
6.617493e-07,0.000109606
6.618493e-07,0.00010312
6.619493e-07,9.92285e-05
6.620493e-07,9.79313e-05
6.621493e-07,9.92285e-05
6.622493e-07,0.000101823
6.623493e-07,0.000106363
6.624493e-07,0.000111552
6.625493e-07,0.00011739
6.626493e-07,0.000123876
6.627493e-07,0.000129714
6.628493e-07,0.000134254
6.629493e-07,0.000137497
6.630493e-07,0.000140092
6.631493e-07,0.00014074
6.632493e-07,0.00014074
6.633493e-07,0.000140092
6.634493e-07,0.000140092
6.635493e-07,0.000140092
6.636493e-07,0.000140092
6.637493e-07,0.00014074
6.638493e-07,0.000140092
6.639493e-07,0.000138146
6.640493e-07,0.000133605
6.641493e-07,0.000127119
6.642493e-07,0.000118038
6.643493e-07,0.000106363
6.644493e-07,9.46882e-05
6.645493e-07,8.23644e-05
6.646493e-07,7.19865e-05
6.647493e-07,6.4203e-05
6.648493e-07,5.96627e-05
6.649493e-07,5.90141e-05
6.650493e-07,6.29058e-05
6.651493e-07,7.00406e-05
6.652493e-07,8.04185e-05
6.653493e-07,9.20937e-05
6.654493e-07,0.000103769
6.655493e-07,0.000114795
6.656493e-07,0.000123227
6.657493e-07,0.000129065
6.658493e-07,0.000132308
6.659493e-07,0.000132308
6.660493e-07,0.000129714
6.661493e-07,0.000125173
6.662493e-07,0.000119336
6.663493e-07,0.000113498
6.664493e-07,0.000108958
6.665493e-07,0.000105715
6.666493e-07,0.000105066
6.667493e-07,0.000107661
6.668493e-07,0.000113498
6.669493e-07,0.000122579
6.670493e-07,0.000133605
6.671493e-07,0.000146578
6.672493e-07,0.000161496
6.673493e-07,0.000177063
6.674493e-07,0.00019263
6.675493e-07,0.000206899
6.676493e-07,0.000219872
6.677493e-07,0.00023025
6.678493e-07,0.000237385
6.679493e-07,0.000241276
6.680493e-07,0.000239979
6.681493e-07,0.00023479
6.682493e-07,0.000223764
6.683493e-07,0.000208197
6.684493e-07,0.000188089
6.685493e-07,0.000165388
6.686493e-07,0.000139443
6.687493e-07,0.00011285
6.688493e-07,8.69047e-05
6.689493e-07,6.16085e-05
6.690493e-07,3.95555e-05
6.691493e-07,2.00968e-05
6.692493e-07,5.8272e-06
6.693493e-07,-4.55072e-06
6.694493e-07,-9.73968e-06
6.695493e-07,-1.16855e-05
6.696493e-07,-1.03883e-05
6.697493e-07,-6.49658e-06
6.698493e-07,-6.58998e-07
6.699493e-07,6.47582e-06
6.700493e-07,1.42593e-05
6.701493e-07,2.33399e-05
6.702493e-07,3.30692e-05
6.703493e-07,4.34472e-05
6.704493e-07,5.44737e-05
6.705493e-07,6.61489e-05
6.706493e-07,7.71754e-05
6.707493e-07,8.69047e-05
6.708493e-07,9.53368e-05
6.709493e-07,0.000101174
6.710493e-07,0.000104417
6.711493e-07,0.000104417
6.712493e-07,0.000102472
6.713493e-07,9.85799e-05
6.714493e-07,9.40395e-05
6.715493e-07,8.88506e-05
6.716493e-07,8.49589e-05
6.717493e-07,8.23644e-05
6.718493e-07,8.3013e-05
6.719493e-07,8.49589e-05
6.720493e-07,8.8202e-05
6.721493e-07,9.14451e-05
6.722493e-07,9.40395e-05
6.723493e-07,9.59854e-05
6.724493e-07,9.6634e-05
6.725493e-07,9.59854e-05
6.726493e-07,9.33909e-05
6.727493e-07,9.01478e-05
6.728493e-07,8.75533e-05
6.729493e-07,8.69047e-05
6.730493e-07,9.07964e-05
6.731493e-07,9.85799e-05
6.732493e-07,0.00011285
6.733493e-07,0.000132957
6.734493e-07,0.00015955
6.735493e-07,0.000191333
6.736493e-07,0.000227007
6.737493e-07,0.000264627
6.738493e-07,0.000301598
6.739493e-07,0.000334029
6.740493e-07,0.000360622
6.741493e-07,0.000380081
6.742493e-07,0.000392405
6.743493e-07,0.000395648
6.744493e-07,0.000391108
6.745493e-07,0.000379432
6.746493e-07,0.000362568
6.747493e-07,0.000341812
6.748493e-07,0.000319759
6.749493e-07,0.000298355
6.750493e-07,0.000277599
6.751493e-07,0.000258789
6.752493e-07,0.000242574
6.753493e-07,0.00023025
6.754493e-07,0.000219872
6.755493e-07,0.000212088
6.756493e-07,0.000205602
6.757493e-07,0.000199765
6.758493e-07,0.000193927
6.759493e-07,0.000188089
6.760493e-07,0.000182252
6.761493e-07,0.000175766
6.762493e-07,0.000169279
6.763493e-07,0.000162145
6.764493e-07,0.000155658
6.765493e-07,0.000151767
6.766493e-07,0.000150469
6.767493e-07,0.000151767
6.768493e-07,0.000156307
6.769493e-07,0.000164739
6.770493e-07,0.000175766
6.771493e-07,0.000188738
6.772493e-07,0.000203656
6.773493e-07,0.000217926
6.774493e-07,0.000230898
6.775493e-07,0.000240628
6.776493e-07,0.000245817
6.777493e-07,0.000246465
6.778493e-07,0.000241276
6.779493e-07,0.000230898
6.780493e-07,0.000217277
6.781493e-07,0.000201062
6.782493e-07,0.000184198
6.783493e-07,0.000167982
6.784493e-07,0.000154361
6.785493e-07,0.000143335
6.786493e-07,0.000136848
6.787493e-07,0.000132957
6.788493e-07,0.000132308
6.789493e-07,0.0001362
6.790493e-07,0.000142686
6.791493e-07,0.000152415
6.792493e-07,0.000164739
6.793493e-07,0.00017836
6.794493e-07,0.000194576
6.795493e-07,0.000213386
6.796493e-07,0.000233493
6.797493e-07,0.000254249
6.798493e-07,0.000275653
6.799493e-07,0.000297058
6.800493e-07,0.000315868
6.801493e-07,0.000332083
6.802493e-07,0.000343758
6.803493e-07,0.000349596
6.804493e-07,0.000350245
6.805493e-07,0.000345704
6.806493e-07,0.000334678
6.807493e-07,0.000318462
6.808493e-07,0.000299004
6.809493e-07,0.000277599
6.810493e-07,0.000255546
6.811493e-07,0.00023479
6.812493e-07,0.000216629
6.813493e-07,0.000202359
6.814493e-07,0.000193927
6.815493e-07,0.000190684
6.816493e-07,0.000193278
6.817493e-07,0.00020171
6.818493e-07,0.000214683
6.819493e-07,0.000230898
6.820493e-07,0.00024906
6.821493e-07,0.00026787
6.822493e-07,0.000286031
6.823493e-07,0.000300949
6.824493e-07,0.000311976
6.825493e-07,0.000319111
6.826493e-07,0.000321705
6.827493e-07,0.000319759
6.828493e-07,0.00031457
