LECROYWaveRunner‘N,20113,Waveform
Segments,1,SegmentSize,2002
Segment,TrigTime,TimeSinceSegment1
#1,01-Oct-2018 13:40:29,0                 
Time,Ampl
4.827075e-07,0.00025814
4.828075e-07,0.000254897
4.829075e-07,0.000247114
4.830075e-07,0.000235439
4.831075e-07,0.00022052
4.832075e-07,0.000203008
4.833075e-07,0.000184198
4.834075e-07,0.000166036
4.835075e-07,0.000148524
4.836075e-07,0.000132957
4.837075e-07,0.000119984
4.838075e-07,0.000108958
4.839075e-07,9.98771e-05
4.840075e-07,9.27423e-05
4.841075e-07,8.75533e-05
4.842075e-07,8.36616e-05
4.843075e-07,8.10671e-05
4.844075e-07,7.97699e-05
4.845075e-07,8.04185e-05
4.846075e-07,8.23644e-05
4.847075e-07,8.56075e-05
4.848075e-07,9.07964e-05
4.849075e-07,9.85799e-05
4.850075e-07,0.000107661
4.851075e-07,0.000118038
4.852075e-07,0.000129065
4.853075e-07,0.000141389
4.854075e-07,0.000152415
4.855075e-07,0.000162793
4.856075e-07,0.000169928
4.857075e-07,0.000174468
4.858075e-07,0.000175117
4.859075e-07,0.000172523
4.860075e-07,0.000166036
4.861075e-07,0.000157604
4.862075e-07,0.000146578
4.863075e-07,0.000133605
4.864075e-07,0.000118687
4.865075e-07,0.000102472
4.866075e-07,8.56075e-05
4.867075e-07,6.74461e-05
4.868075e-07,4.86361e-05
4.869075e-07,2.91775e-05
4.870075e-07,9.0703e-06
4.871075e-07,-1.16855e-05
4.872075e-07,-3.11441e-05
4.873075e-07,-4.86569e-05
4.874075e-07,-6.29265e-05
4.875075e-07,-7.39531e-05
4.876075e-07,-7.9142e-05
4.877075e-07,-7.84934e-05
4.878075e-07,-7.071e-05
4.879075e-07,-5.64403e-05
4.880075e-07,-3.63331e-05
4.881075e-07,-1.10369e-05
4.882075e-07,1.8151e-05
4.883075e-07,5.0582e-05
4.884075e-07,8.36616e-05
4.885075e-07,0.000118038
4.886075e-07,0.000151118
4.887075e-07,0.000182901
4.888075e-07,0.000210791
4.889075e-07,0.000234141
4.890075e-07,0.000254249
4.891075e-07,0.000268518
4.892075e-07,0.000278248
4.893075e-07,0.000280842
4.894075e-07,0.00027695
4.895075e-07,0.000265275
4.896075e-07,0.000247114
4.897075e-07,0.000221818
4.898075e-07,0.000191333
4.899075e-07,0.000155658
4.900075e-07,0.00011739
4.901075e-07,7.84727e-05
4.902075e-07,4.08527e-05
4.903075e-07,6.47582e-06
4.904075e-07,-2.27121e-05
4.905075e-07,-4.60624e-05
4.906075e-07,-6.22779e-05
4.907075e-07,-7.00614e-05
4.908075e-07,-6.94127e-05
4.909075e-07,-6.16293e-05
4.910075e-07,-4.73596e-05
4.911075e-07,-2.85497e-05
4.912075e-07,-5.84796e-06
4.913075e-07,2.00968e-05
4.914075e-07,4.60417e-05
4.915075e-07,7.26351e-05
4.916075e-07,9.85799e-05
4.917075e-07,0.000122579
4.918075e-07,0.000144632
4.919075e-07,0.000162145
4.920075e-07,0.000176414
4.921075e-07,0.000187441
4.922075e-07,0.000193927
4.923075e-07,0.00019717
4.924075e-07,0.00019717
4.925075e-07,0.000194576
4.926075e-07,0.000188738
4.927075e-07,0.000180306
4.928075e-07,0.000169928
4.929075e-07,0.000158253
4.930075e-07,0.000145929
4.931075e-07,0.00013166
4.932075e-07,0.00011739
4.933075e-07,0.000101823
4.934075e-07,8.69047e-05
4.935075e-07,7.13378e-05
4.936075e-07,5.70682e-05
4.937075e-07,4.5393e-05
4.938075e-07,3.76096e-05
4.939075e-07,3.50151e-05
4.940075e-07,3.89068e-05
4.941075e-07,4.92848e-05
4.942075e-07,6.74461e-05
4.943075e-07,9.07964e-05
4.944075e-07,0.000118687
4.945075e-07,0.000149821
4.946075e-07,0.000180955
4.947075e-07,0.000208845
4.948075e-07,0.000232196
4.949075e-07,0.000248411
4.950075e-07,0.000256195
4.951075e-07,0.000255546
4.952075e-07,0.000246465
4.953075e-07,0.00023025
4.954075e-07,0.000209494
4.955075e-07,0.000186792
4.956075e-07,0.000164091
4.957075e-07,0.000143335
4.958075e-07,0.000126471
4.959075e-07,0.000113498
4.960075e-07,0.000105066
4.961075e-07,9.98771e-05
4.962075e-07,9.79313e-05
4.963075e-07,9.6634e-05
4.964075e-07,9.53368e-05
4.965075e-07,9.33909e-05
4.966075e-07,9.01478e-05
4.967075e-07,8.62561e-05
4.968075e-07,8.23644e-05
4.969075e-07,7.84727e-05
4.970075e-07,7.58782e-05
4.971075e-07,7.45809e-05
4.972075e-07,7.65268e-05
4.973075e-07,8.04185e-05
4.974075e-07,8.62561e-05
4.975075e-07,9.33909e-05
4.976075e-07,0.000101823
4.977075e-07,0.000110255
4.978075e-07,0.000119336
4.979075e-07,0.000128416
4.980075e-07,0.000137497
4.981075e-07,0.000147875
4.982075e-07,0.00015955
4.983075e-07,0.000170577
4.984075e-07,0.000181603
4.985075e-07,0.000191981
4.986075e-07,0.000201062
4.987075e-07,0.000207548
4.988075e-07,0.000210143
4.989075e-07,0.000208845
4.990075e-07,0.000204305
4.991075e-07,0.000195224
4.992075e-07,0.000184198
4.993075e-07,0.000171874
4.994075e-07,0.000160199
4.995075e-07,0.000150469
4.996075e-07,0.000143983
4.997075e-07,0.000142686
4.998075e-07,0.000145281
4.999075e-07,0.000152415
5.000075e-07,0.000162793
5.001075e-07,0.000175766
5.002075e-07,0.000189387
5.003075e-07,0.000202359
5.004075e-07,0.000214034
5.005075e-07,0.000223764
5.006075e-07,0.000230898
5.007075e-07,0.000235439
5.008075e-07,0.000238033
5.009075e-07,0.00023933
5.010075e-07,0.000239979
5.011075e-07,0.00023933
5.012075e-07,0.000236736
5.013075e-07,0.000233493
5.014075e-07,0.000228953
5.015075e-07,0.000222466
5.016075e-07,0.000213386
5.017075e-07,0.000202359
5.018075e-07,0.000190035
5.019075e-07,0.000175766
5.020075e-07,0.000160847
5.021075e-07,0.000145929
5.022075e-07,0.000132957
5.023075e-07,0.000121282
5.024075e-07,0.00011285
5.025075e-07,0.000107661
5.026075e-07,0.000104417
5.027075e-07,0.00010312
5.028075e-07,0.000102472
5.029075e-07,0.000101823
5.030075e-07,0.000101174
5.031075e-07,9.92285e-05
5.032075e-07,9.79313e-05
5.033075e-07,9.59854e-05
5.034075e-07,9.59854e-05
5.035075e-07,9.72826e-05
5.036075e-07,0.000101823
5.037075e-07,0.000109606
5.038075e-07,0.000121282
5.039075e-07,0.000136848
5.040075e-07,0.000154361
5.041075e-07,0.000173171
5.042075e-07,0.000191333
5.043075e-07,0.000207548
5.044075e-07,0.00022052
5.045075e-07,0.000228953
5.046075e-07,0.000233493
5.047075e-07,0.000233493
5.048075e-07,0.000228953
5.049075e-07,0.000221169
5.050075e-07,0.000210791
5.051075e-07,0.000198467
5.052075e-07,0.000185495
5.053075e-07,0.000171874
5.054075e-07,0.000158253
5.055075e-07,0.000143983
5.056075e-07,0.000129065
5.057075e-07,0.000113498
5.058075e-07,9.85799e-05
5.059075e-07,8.3013e-05
5.060075e-07,6.9392e-05
5.061075e-07,5.77168e-05
5.062075e-07,4.92848e-05
5.063075e-07,4.60417e-05
5.064075e-07,4.66903e-05
5.065075e-07,5.25279e-05
5.066075e-07,6.22572e-05
5.067075e-07,7.45809e-05
5.068075e-07,8.88506e-05
5.069075e-07,0.000102472
5.070075e-07,0.000114795
5.071075e-07,0.000124525
5.072075e-07,0.000131011
5.073075e-07,0.000133605
5.074075e-07,0.000132308
5.075075e-07,0.000127768
5.076075e-07,0.000121282
5.077075e-07,0.000112201
5.078075e-07,0.000100526
5.079075e-07,8.62561e-05
5.080075e-07,6.80947e-05
5.081075e-07,4.47444e-05
5.082075e-07,1.68537e-05
5.083075e-07,-1.68745e-05
5.084075e-07,-5.64403e-05
5.085075e-07,-0.000102492
5.086075e-07,-0.000155031
5.087075e-07,-0.000211461
5.088075e-07,-0.000271134
5.089075e-07,-0.000331455
5.090075e-07,-0.000391777
5.091075e-07,-0.00045145
5.092075e-07,-0.000509826
5.093075e-07,-0.000567553
5.094075e-07,-0.00062528
5.095075e-07,-0.000684953
5.096075e-07,-0.000747869
5.097075e-07,-0.000815975
5.098075e-07,-0.000890566
5.099075e-07,-0.000972941
5.100075e-07,-0.00106115
5.101075e-07,-0.0011552
5.102075e-07,-0.00125444
5.103075e-07,-0.00135628
5.104075e-07,-0.00145876
5.105075e-07,-0.00156059
5.106075e-07,-0.00165918
5.107075e-07,-0.00175388
5.108075e-07,-0.00184404
5.109075e-07,-0.00192836
5.110075e-07,-0.00200619
5.111075e-07,-0.00207884
5.112075e-07,-0.002145
5.113075e-07,-0.00220402
5.114075e-07,-0.00225591
5.115075e-07,-0.00230131
5.116075e-07,-0.00233893
5.117075e-07,-0.00236812
5.118075e-07,-0.00239018
5.119075e-07,-0.00240574
5.120075e-07,-0.00241482
5.121075e-07,-0.00241936
5.122075e-07,-0.00242001
5.123075e-07,-0.00241742
5.124075e-07,-0.00241223
5.125075e-07,-0.00240315
5.126075e-07,-0.00239082
5.127075e-07,-0.00237526
5.128075e-07,-0.0023558
5.129075e-07,-0.00233115
5.130075e-07,-0.00230131
5.131075e-07,-0.00226759
5.132075e-07,-0.00223062
5.133075e-07,-0.0021917
5.134075e-07,-0.00215343
5.135075e-07,-0.00211711
5.136075e-07,-0.00208532
5.137075e-07,-0.00205873
5.138075e-07,-0.00203927
5.139075e-07,-0.002025
5.140075e-07,-0.00201462
5.141075e-07,-0.00200554
5.142075e-07,-0.00199581
5.143075e-07,-0.00198284
5.144075e-07,-0.00196598
5.145075e-07,-0.00194263
5.146075e-07,-0.00191409
5.147075e-07,-0.00188166
5.148075e-07,-0.00184533
5.149075e-07,-0.00180836
5.150075e-07,-0.00177269
5.151075e-07,-0.00173961
5.152075e-07,-0.00171172
5.153075e-07,-0.00168772
5.154075e-07,-0.00166826
5.155075e-07,-0.00165205
5.156075e-07,-0.00163778
5.157075e-07,-0.00162351
5.158075e-07,-0.00160859
5.159075e-07,-0.00159237
5.160075e-07,-0.00157486
5.161075e-07,-0.00155605
5.162075e-07,-0.00153659
5.163075e-07,-0.00151713
5.164075e-07,-0.00149832
5.165075e-07,-0.00147886
5.166075e-07,-0.00146005
5.167075e-07,-0.0014406
5.168075e-07,-0.00142049
5.169075e-07,-0.00139779
5.170075e-07,-0.00137184
5.171075e-07,-0.00134201
5.172075e-07,-0.00130828
5.173075e-07,-0.00127001
5.174075e-07,-0.00122915
5.175075e-07,-0.00118569
5.176075e-07,-0.00114158
5.177075e-07,-0.00109683
5.178075e-07,-0.00105402
5.179075e-07,-0.00101186
5.180075e-07,-0.000970346
5.181075e-07,-0.000930132
5.182075e-07,-0.000889269
5.183075e-07,-0.000849054
5.184075e-07,-0.000807542
5.185075e-07,-0.000765382
5.186075e-07,-0.00072387
5.187075e-07,-0.000683007
5.188075e-07,-0.000645387
5.189075e-07,-0.000611011
5.190075e-07,-0.000581823
5.191075e-07,-0.000559121
5.192075e-07,-0.000541608
5.193075e-07,-0.000529284
5.194075e-07,-0.00052215
5.195075e-07,-0.000517609
5.196075e-07,-0.000515663
5.197075e-07,-0.000514366
5.198075e-07,-0.000513718
5.199075e-07,-0.00051242
5.200075e-07,-0.000509826
5.201075e-07,-0.00050788
5.202075e-07,-0.000505934
5.203075e-07,-0.000505934
5.204075e-07,-0.000507231
5.205075e-07,-0.000510474
5.206075e-07,-0.000516312
5.207075e-07,-0.00052215
5.208075e-07,-0.000527987
5.209075e-07,-0.00053123
5.210075e-07,-0.00053123
5.211075e-07,-0.000527339
5.212075e-07,-0.000518906
5.213075e-07,-0.000506583
5.214075e-07,-0.000491664
5.215075e-07,-0.000476098
5.216075e-07,-0.000461179
5.217075e-07,-0.000450153
5.218075e-07,-0.000443018
5.219075e-07,-0.000441721
5.220075e-07,-0.000445612
5.221075e-07,-0.000454693
5.222075e-07,-0.000467017
5.223075e-07,-0.000480638
5.224075e-07,-0.00049361
5.225075e-07,-0.000503988
5.226075e-07,-0.000511772
5.227075e-07,-0.000515663
5.228075e-07,-0.000516961
5.229075e-07,-0.000515663
5.230075e-07,-0.000513069
5.231075e-07,-0.000509826
5.232075e-07,-0.000505285
5.233075e-07,-0.000500745
5.234075e-07,-0.000494259
5.235075e-07,-0.000485827
5.236075e-07,-0.000474152
5.237075e-07,-0.000457288
5.238075e-07,-0.000435883
5.239075e-07,-0.000408641
5.240075e-07,-0.000378156
5.241075e-07,-0.000345076
5.242075e-07,-0.000311997
5.243075e-07,-0.00028216
5.244075e-07,-0.000256864
5.245075e-07,-0.000238703
5.246075e-07,-0.000228973
5.247075e-07,-0.000227676
5.248075e-07,-0.000233514
5.249075e-07,-0.00024454
5.250075e-07,-0.000257513
5.251075e-07,-0.000269836
5.252075e-07,-0.000280214
5.253075e-07,-0.000285403
5.254075e-07,-0.000285403
5.255075e-07,-0.000280863
5.256075e-07,-0.000272431
5.257075e-07,-0.000260107
5.258075e-07,-0.000248432
5.259075e-07,-0.000237405
5.260075e-07,-0.000229622
5.261075e-07,-0.000224433
5.262075e-07,-0.000221838
5.263075e-07,-0.000222487
5.264075e-07,-0.000223784
5.265075e-07,-0.00022573
5.266075e-07,-0.000228325
5.267075e-07,-0.000229622
5.268075e-07,-0.000231568
5.269075e-07,-0.000233514
5.270075e-07,-0.000236757
5.271075e-07,-0.000242594
5.272075e-07,-0.000251026
5.273075e-07,-0.000262702
5.274075e-07,-0.000276971
5.275075e-07,-0.000292538
5.276075e-07,-0.000307456
5.277075e-07,-0.000319131
5.278075e-07,-0.000325618
5.279075e-07,-0.000326266
5.280075e-07,-0.00031978
5.281075e-07,-0.000306808
5.282075e-07,-0.000288646
5.283075e-07,-0.000267242
5.284075e-07,-0.00024454
5.285075e-07,-0.000223136
5.286075e-07,-0.000204974
5.287075e-07,-0.000191353
5.288075e-07,-0.00018357
5.289075e-07,-0.000179678
5.290075e-07,-0.00017903
5.291075e-07,-0.000180975
5.292075e-07,-0.000182921
5.293075e-07,-0.000184867
5.294075e-07,-0.000185516
5.295075e-07,-0.000186164
5.296075e-07,-0.000187462
5.297075e-07,-0.000190705
5.298075e-07,-0.000197191
5.299075e-07,-0.000207569
5.300075e-07,-0.000222487
5.301075e-07,-0.000239351
5.302075e-07,-0.000256215
5.303075e-07,-0.000271782
5.304075e-07,-0.000282809
5.305075e-07,-0.000286052
5.306075e-07,-0.000280214
5.307075e-07,-0.000263999
5.308075e-07,-0.000238054
5.309075e-07,-0.000203677
5.310075e-07,-0.000163463
5.311075e-07,-0.000120654
5.312075e-07,-7.84934e-05
5.313075e-07,-4.08734e-05
5.314075e-07,-9.09106e-06
5.315075e-07,1.49079e-05
5.316075e-07,3.04748e-05
5.317075e-07,3.82582e-05
5.318075e-07,4.02041e-05
5.319075e-07,3.76096e-05
5.320075e-07,3.1772e-05
5.321075e-07,2.33399e-05
5.322075e-07,1.42593e-05
5.323075e-07,3.88134e-06
5.324075e-07,-6.49658e-06
5.325075e-07,-1.75231e-05
5.326075e-07,-2.7901e-05
5.327075e-07,-3.76303e-05
5.328075e-07,-4.6711e-05
5.329075e-07,-5.31972e-05
5.330075e-07,-5.57917e-05
5.331075e-07,-5.51431e-05
5.332075e-07,-5.06027e-05
5.333075e-07,-4.28193e-05
5.334075e-07,-3.17928e-05
5.335075e-07,-2.01176e-05
5.336075e-07,-9.09106e-06
5.337075e-07,-6.58998e-07
5.338075e-07,3.88134e-06
5.339075e-07,3.23272e-06
5.340075e-07,-1.95624e-06
5.341075e-07,-1.03883e-05
5.342075e-07,-2.14148e-05
5.343075e-07,-3.24414e-05
5.344075e-07,-4.21707e-05
5.345075e-07,-4.73596e-05
5.346075e-07,-4.80083e-05
5.347075e-07,-4.28193e-05
5.348075e-07,-3.37386e-05
5.349075e-07,-2.07662e-05
5.350075e-07,-6.49658e-06
5.351075e-07,5.8272e-06
5.352075e-07,1.42593e-05
5.353075e-07,1.68537e-05
5.354075e-07,1.2962e-05
5.355075e-07,1.93548e-06
5.356075e-07,-1.49286e-05
5.357075e-07,-3.63331e-05
5.358075e-07,-5.83862e-05
5.359075e-07,-7.97907e-05
5.360075e-07,-9.7952e-05
5.361075e-07,-0.000110924
5.362075e-07,-0.000119356
5.363075e-07,-0.000123248
5.364075e-07,-0.0001226
5.365075e-07,-0.000120005
5.366075e-07,-0.000116113
5.367075e-07,-0.000113519
5.368075e-07,-0.00011287
5.369075e-07,-0.000114168
5.370075e-07,-0.000116762
5.371075e-07,-0.000121302
5.372075e-07,-0.000125843
5.373075e-07,-0.000129734
5.374075e-07,-0.000132329
5.375075e-07,-0.000133626
5.376075e-07,-0.000132978
5.377075e-07,-0.000129086
5.378075e-07,-0.000123248
5.379075e-07,-0.000115465
5.380075e-07,-0.000105735
5.381075e-07,-9.47089e-05
5.382075e-07,-8.17365e-05
5.383075e-07,-6.68183e-05
5.384075e-07,-4.93055e-05
5.385075e-07,-2.91983e-05
5.386075e-07,-6.49658e-06
5.387075e-07,1.8151e-05
5.388075e-07,4.40958e-05
5.389075e-07,7.00406e-05
5.390075e-07,9.33909e-05
5.391075e-07,0.000112201
5.392075e-07,0.000125173
5.393075e-07,0.000130362
5.394075e-07,0.000127768
5.395075e-07,0.00011739
5.396075e-07,9.98771e-05
5.397075e-07,7.7824e-05
5.398075e-07,5.31765e-05
5.399075e-07,2.91775e-05
5.400075e-07,7.77306e-06
5.401075e-07,-7.79382e-06
5.402075e-07,-1.75231e-05
5.403075e-07,-2.20635e-05
5.404075e-07,-2.07662e-05
5.405075e-07,-1.68745e-05
5.406075e-07,-1.23342e-05
5.407075e-07,-8.44244e-06
5.408075e-07,-6.49658e-06
5.409075e-07,-8.44244e-06
5.410075e-07,-1.36314e-05
5.411075e-07,-2.27121e-05
5.412075e-07,-3.43872e-05
5.413075e-07,-4.6711e-05
5.414075e-07,-5.90348e-05
5.415075e-07,-6.94127e-05
5.416075e-07,-7.71962e-05
5.417075e-07,-8.10879e-05
5.418075e-07,-8.23851e-05
5.419075e-07,-8.10879e-05
5.420075e-07,-7.78448e-05
5.421075e-07,-7.26558e-05
5.422075e-07,-6.68183e-05
5.423075e-07,-6.09807e-05
5.424075e-07,-5.44945e-05
5.425075e-07,-4.6711e-05
5.426075e-07,-3.63331e-05
5.427075e-07,-2.40093e-05
5.428075e-07,-9.09106e-06
5.429075e-07,8.42168e-06
5.430075e-07,2.85289e-05
5.431075e-07,5.0582e-05
5.432075e-07,7.45809e-05
5.433075e-07,9.92285e-05
5.434075e-07,0.000122579
5.435075e-07,0.000144632
5.436075e-07,0.000164739
5.437075e-07,0.000182252
5.438075e-07,0.000198467
5.439075e-07,0.000212088
5.440075e-07,0.000223115
5.441075e-07,0.000232196
5.442075e-07,0.000237385
5.443075e-07,0.000237385
5.444075e-07,0.000232844
5.445075e-07,0.000222466
5.446075e-07,0.000206251
5.447075e-07,0.000183549
5.448075e-07,0.00015501
5.449075e-07,0.000121282
5.450075e-07,8.49589e-05
5.451075e-07,4.73389e-05
5.452075e-07,1.16648e-05
5.453075e-07,-2.07662e-05
5.454075e-07,-4.93055e-05
5.455075e-07,-7.33045e-05
5.456075e-07,-9.21144e-05
5.457075e-07,-0.000105735
5.458075e-07,-0.000116113
5.459075e-07,-0.0001226
5.460075e-07,-0.00012714
5.461075e-07,-0.000128437
5.462075e-07,-0.000126491
5.463075e-07,-0.000120005
5.464075e-07,-0.00010833
5.465075e-07,-9.08172e-05
5.466075e-07,-6.74669e-05
5.467075e-07,-3.95762e-05
5.468075e-07,-8.44244e-06
5.469075e-07,2.39886e-05
5.470075e-07,5.38251e-05
5.471075e-07,7.91213e-05
5.472075e-07,9.72826e-05
5.473075e-07,0.000107661
5.474075e-07,0.000108309
5.475075e-07,0.000102472
5.476075e-07,9.14451e-05
5.477075e-07,7.97699e-05
5.478075e-07,7.06892e-05
5.479075e-07,6.61489e-05
5.480075e-07,6.87434e-05
5.481075e-07,7.91213e-05
5.482075e-07,9.72826e-05
5.483075e-07,0.00012193
5.484075e-07,0.000149172
5.485075e-07,0.000175117
5.486075e-07,0.00019717
5.487075e-07,0.000212088
5.488075e-07,0.000217926
5.489075e-07,0.000215332
5.490075e-07,0.000203656
5.491075e-07,0.000186144
5.492075e-07,0.000164739
5.493075e-07,0.000143335
5.494075e-07,0.000123876
5.495075e-07,0.000107661
5.496075e-07,9.72826e-05
5.497075e-07,9.14451e-05
5.498075e-07,9.01478e-05
5.499075e-07,9.20937e-05
5.500075e-07,9.46882e-05
5.501075e-07,9.79313e-05
5.502075e-07,9.98771e-05
5.503075e-07,9.98771e-05
5.504075e-07,9.85799e-05
5.505075e-07,9.59854e-05
5.506075e-07,9.27423e-05
5.507075e-07,9.01478e-05
5.508075e-07,8.75533e-05
5.509075e-07,8.56075e-05
5.510075e-07,8.23644e-05
5.511075e-07,7.84727e-05
5.512075e-07,7.39323e-05
5.513075e-07,6.74461e-05
5.514075e-07,5.90141e-05
5.515075e-07,4.92848e-05
5.516075e-07,3.95555e-05
5.517075e-07,3.11234e-05
5.518075e-07,2.52858e-05
5.519075e-07,2.26913e-05
5.520075e-07,2.33399e-05
5.521075e-07,2.85289e-05
5.522075e-07,3.6961e-05
5.523075e-07,4.86361e-05
5.524075e-07,6.16085e-05
5.525075e-07,7.39323e-05
5.526075e-07,8.43102e-05
5.527075e-07,9.14451e-05
5.528075e-07,9.40395e-05
5.529075e-07,9.20937e-05
5.530075e-07,8.56075e-05
5.531075e-07,7.58782e-05
5.532075e-07,6.22572e-05
5.533075e-07,4.73389e-05
5.534075e-07,3.04748e-05
5.535075e-07,1.23134e-05
5.536075e-07,-4.55072e-06
5.537075e-07,-2.07662e-05
5.538075e-07,-3.56845e-05
5.539075e-07,-4.99541e-05
5.540075e-07,-6.29265e-05
5.541075e-07,-7.39531e-05
5.542075e-07,-8.30338e-05
5.543075e-07,-8.952e-05
5.544075e-07,-9.21144e-05
5.545075e-07,-9.01686e-05
5.546075e-07,-8.30338e-05
5.547075e-07,-7.071e-05
5.548075e-07,-5.31972e-05
5.549075e-07,-3.17928e-05
5.550075e-07,-7.79382e-06
5.551075e-07,1.75024e-05
5.552075e-07,4.15013e-05
5.553075e-07,6.4203e-05
5.554075e-07,8.36616e-05
5.555075e-07,9.98771e-05
5.556075e-07,0.000112201
5.557075e-07,0.000120633
5.558075e-07,0.000125822
5.559075e-07,0.000127768
5.560075e-07,0.000128416
5.561075e-07,0.000127119
5.562075e-07,0.000125173
5.563075e-07,0.000121282
5.564075e-07,0.000116741
5.565075e-07,0.000110904
5.566075e-07,0.000104417
5.567075e-07,9.6634e-05
5.568075e-07,8.8202e-05
5.569075e-07,8.10671e-05
5.570075e-07,7.58782e-05
5.571075e-07,7.32837e-05
5.572075e-07,7.32837e-05
5.573075e-07,7.7824e-05
5.574075e-07,8.62561e-05
5.575075e-07,9.72826e-05
5.576075e-07,0.000108309
5.577075e-07,0.000118687
5.578075e-07,0.000125173
5.579075e-07,0.000127119
5.580075e-07,0.00012193
5.581075e-07,0.000109606
5.582075e-07,9.01478e-05
5.583075e-07,6.55003e-05
5.584075e-07,3.82582e-05
5.585075e-07,1.10162e-05
5.586075e-07,-1.49286e-05
5.587075e-07,-3.63331e-05
5.588075e-07,-5.19e-05
5.589075e-07,-6.16293e-05
5.590075e-07,-6.61696e-05
5.591075e-07,-6.74669e-05
5.592075e-07,-6.68183e-05
5.593075e-07,-6.5521e-05
5.594075e-07,-6.48724e-05
5.595075e-07,-6.61696e-05
5.596075e-07,-6.94127e-05
5.597075e-07,-7.39531e-05
5.598075e-07,-7.78448e-05
5.599075e-07,-8.04393e-05
5.600075e-07,-8.10879e-05
5.601075e-07,-7.9142e-05
5.602075e-07,-7.52503e-05
5.603075e-07,-6.81155e-05
5.604075e-07,-6.03321e-05
5.605075e-07,-5.25486e-05
5.606075e-07,-4.6711e-05
5.607075e-07,-4.28193e-05
5.608075e-07,-4.08734e-05
5.609075e-07,-4.15221e-05
5.610075e-07,-4.15221e-05
5.611075e-07,-4.02248e-05
5.612075e-07,-3.63331e-05
5.613075e-07,-2.7901e-05
5.614075e-07,-1.55773e-05
5.615075e-07,1.28686e-06
5.616075e-07,2.07455e-05
5.617075e-07,4.21499e-05
5.618075e-07,6.29058e-05
5.619075e-07,7.97699e-05
5.620075e-07,9.07964e-05
5.621075e-07,9.59854e-05
5.622075e-07,9.53368e-05
5.623075e-07,9.01478e-05
5.624075e-07,8.10671e-05
5.625075e-07,7.19865e-05
5.626075e-07,6.61489e-05
5.627075e-07,6.55003e-05
5.628075e-07,7.19865e-05
5.629075e-07,8.62561e-05
5.630075e-07,0.000107661
5.631075e-07,0.000134254
5.632075e-07,0.000164739
5.633075e-07,0.000196522
5.634075e-07,0.000227007
5.635075e-07,0.0002536
5.636075e-07,0.000273707
5.637075e-07,0.000287977
5.638075e-07,0.000293815
5.639075e-07,0.000293166
5.640075e-07,0.000285382
5.641075e-07,0.000271761
5.642075e-07,0.0002536
5.643075e-07,0.000231547
5.644075e-07,0.000205602
5.645075e-07,0.000177712
5.646075e-07,0.000147875
5.647075e-07,0.000116093
5.648075e-07,8.3013e-05
5.649075e-07,4.92848e-05
5.650075e-07,1.68537e-05
5.651075e-07,-1.428e-05
5.652075e-07,-4.28193e-05
5.653075e-07,-6.68183e-05
5.654075e-07,-8.69255e-05
5.655075e-07,-0.000101844
5.656075e-07,-0.000111573
5.657075e-07,-0.000114816
5.658075e-07,-0.00011287
5.659075e-07,-0.000105735
5.660075e-07,-9.40603e-05
5.661075e-07,-7.84934e-05
5.662075e-07,-5.83862e-05
5.663075e-07,-3.56845e-05
5.664075e-07,-1.10369e-05
5.665075e-07,1.75024e-05
5.666075e-07,4.79875e-05
5.667075e-07,7.97699e-05
5.668075e-07,0.000111552
5.669075e-07,0.000143335
5.670075e-07,0.000171874
5.671075e-07,0.000195873
5.672075e-07,0.000214683
5.673075e-07,0.000227007
5.674075e-07,0.000232196
5.675075e-07,0.000228953
5.676075e-07,0.000219223
5.677075e-07,0.000203656
5.678075e-07,0.000184198
5.679075e-07,0.000161496
5.680075e-07,0.000136848
5.681075e-07,0.00011285
5.682075e-07,8.94992e-05
5.683075e-07,6.67975e-05
5.684075e-07,4.60417e-05
5.685075e-07,2.72317e-05
5.686075e-07,9.0703e-06
5.687075e-07,-7.79382e-06
5.688075e-07,-2.46579e-05
5.689075e-07,-4.02248e-05
5.690075e-07,-5.38459e-05
5.691075e-07,-6.35752e-05
5.692075e-07,-6.94127e-05
5.693075e-07,-6.87641e-05
5.694075e-07,-6.16293e-05
5.695075e-07,-4.80083e-05
5.696075e-07,-2.98469e-05
5.697075e-07,-7.79382e-06
5.698075e-07,1.55565e-05
5.699075e-07,3.6961e-05
5.700075e-07,5.38251e-05
5.701075e-07,6.35544e-05
5.702075e-07,6.61489e-05
5.703075e-07,6.03113e-05
5.704075e-07,4.66903e-05
5.705075e-07,2.78803e-05
5.706075e-07,5.8272e-06
5.707075e-07,-1.68745e-05
5.708075e-07,-3.69817e-05
5.709075e-07,-5.19e-05
5.710075e-07,-6.09807e-05
5.711075e-07,-6.29265e-05
5.712075e-07,-5.96834e-05
5.713075e-07,-5.25486e-05
5.714075e-07,-4.21707e-05
5.715075e-07,-3.04955e-05
5.716075e-07,-1.88204e-05
5.717075e-07,-7.79382e-06
5.718075e-07,1.93548e-06
5.719075e-07,1.16648e-05
5.720075e-07,2.07455e-05
5.721075e-07,2.98261e-05
5.722075e-07,4.08527e-05
5.723075e-07,5.38251e-05
5.724075e-07,6.87434e-05
5.725075e-07,8.49589e-05
5.726075e-07,0.000101823
5.727075e-07,0.000118687
5.728075e-07,0.000133605
5.729075e-07,0.000146578
5.730075e-07,0.000157604
5.731075e-07,0.000166036
5.732075e-07,0.000173171
5.733075e-07,0.000179657
5.734075e-07,0.000186144
5.735075e-07,0.000193278
5.736075e-07,0.000200413
5.737075e-07,0.000207548
5.738075e-07,0.000214034
5.739075e-07,0.000218575
5.740075e-07,0.000219872
5.741075e-07,0.000217926
5.742075e-07,0.000210791
5.743075e-07,0.000199116
5.744075e-07,0.000183549
5.745075e-07,0.000164739
5.746075e-07,0.000144632
5.747075e-07,0.000124525
5.748075e-07,0.000105066
5.749075e-07,8.88506e-05
5.750075e-07,7.58782e-05
5.751075e-07,6.55003e-05
5.752075e-07,5.77168e-05
5.753075e-07,5.18792e-05
5.754075e-07,4.66903e-05
5.755075e-07,4.02041e-05
5.756075e-07,3.24206e-05
5.757075e-07,2.20427e-05
5.758075e-07,9.71892e-06
5.759075e-07,-4.55072e-06
5.760075e-07,-1.88204e-05
5.761075e-07,-3.309e-05
5.762075e-07,-4.47652e-05
5.763075e-07,-5.31972e-05
5.764075e-07,-5.64403e-05
5.765075e-07,-5.57917e-05
5.766075e-07,-4.93055e-05
5.767075e-07,-3.89276e-05
5.768075e-07,-2.46579e-05
5.769075e-07,-7.1452e-06
5.770075e-07,1.2962e-05
5.771075e-07,3.43665e-05
5.772075e-07,5.5771e-05
5.773075e-07,7.7824e-05
5.774075e-07,9.85799e-05
5.775075e-07,0.000118687
5.776075e-07,0.000137497
5.777075e-07,0.000154361
5.778075e-07,0.000168631
5.779075e-07,0.000180306
5.780075e-07,0.000188738
5.781075e-07,0.000194576
5.782075e-07,0.000197819
5.783075e-07,0.000198467
5.784075e-07,0.000197819
5.785075e-07,0.000196522
5.786075e-07,0.000193927
5.787075e-07,0.000190684
5.788075e-07,0.000188089
5.789075e-07,0.000186144
5.790075e-07,0.000184198
5.791075e-07,0.000181603
5.792075e-07,0.00017836
5.793075e-07,0.00017382
5.794075e-07,0.000167334
5.795075e-07,0.000158253
5.796075e-07,0.000147226
5.797075e-07,0.000133605
5.798075e-07,0.000119336
5.799075e-07,0.000104417
5.800075e-07,8.88506e-05
5.801075e-07,7.52296e-05
5.802075e-07,6.16085e-05
5.803075e-07,4.79875e-05
5.804075e-07,3.43665e-05
5.805075e-07,2.07455e-05
5.806075e-07,6.47582e-06
5.807075e-07,-9.73968e-06
5.808075e-07,-2.7901e-05
5.809075e-07,-4.6711e-05
5.810075e-07,-6.61696e-05
5.811075e-07,-8.4331e-05
5.812075e-07,-9.98979e-05
5.813075e-07,-0.000110276
5.814075e-07,-0.000113519
5.815075e-07,-0.000110276
5.816075e-07,-9.92493e-05
5.817075e-07,-8.30338e-05
5.818075e-07,-6.16293e-05
5.819075e-07,-3.89276e-05
5.820075e-07,-1.68745e-05
5.821075e-07,2.5841e-06
5.822075e-07,1.68537e-05
5.823075e-07,2.52858e-05
5.824075e-07,2.72317e-05
5.825075e-07,2.26913e-05
5.826075e-07,1.49079e-05
5.827075e-07,3.23272e-06
5.828075e-07,-8.44244e-06
5.829075e-07,-1.9469e-05
5.830075e-07,-2.59552e-05
5.831075e-07,-2.85497e-05
5.832075e-07,-2.53066e-05
5.833075e-07,-1.75231e-05
5.834075e-07,-5.84796e-06
5.835075e-07,7.77306e-06
5.836075e-07,2.20427e-05
5.837075e-07,3.6961e-05
5.838075e-07,4.99334e-05
5.839075e-07,6.09599e-05
5.840075e-07,7.00406e-05
5.841075e-07,7.71754e-05
5.842075e-07,8.17158e-05
5.843075e-07,8.43102e-05
5.844075e-07,8.49589e-05
5.845075e-07,8.43102e-05
5.846075e-07,8.23644e-05
5.847075e-07,7.91213e-05
5.848075e-07,7.39323e-05
5.849075e-07,6.80947e-05
5.850075e-07,6.22572e-05
5.851075e-07,5.5771e-05
5.852075e-07,4.99334e-05
5.853075e-07,4.60417e-05
5.854075e-07,4.40958e-05
5.855075e-07,4.47444e-05
5.856075e-07,4.86361e-05
5.857075e-07,5.51223e-05
5.858075e-07,6.4203e-05
5.859075e-07,7.45809e-05
5.860075e-07,8.49589e-05
5.861075e-07,9.46882e-05
5.862075e-07,0.00010312
5.863075e-07,0.000108958
5.864075e-07,0.000112201
5.865075e-07,0.000113498
5.866075e-07,0.000111552
5.867075e-07,0.000105715
5.868075e-07,9.79313e-05
5.869075e-07,8.88506e-05
5.870075e-07,7.84727e-05
5.871075e-07,6.87434e-05
5.872075e-07,5.90141e-05
5.873075e-07,5.0582e-05
5.874075e-07,4.34472e-05
5.875075e-07,3.89068e-05
5.876075e-07,3.56637e-05
5.877075e-07,3.37179e-05
5.878075e-07,3.37179e-05
5.879075e-07,3.56637e-05
5.880075e-07,3.89068e-05
5.881075e-07,4.27986e-05
5.882075e-07,4.79875e-05
5.883075e-07,5.31765e-05
5.884075e-07,5.77168e-05
5.885075e-07,6.09599e-05
5.886075e-07,6.22572e-05
5.887075e-07,6.16085e-05
5.888075e-07,5.90141e-05
5.889075e-07,5.44737e-05
5.890075e-07,4.86361e-05
5.891075e-07,4.08527e-05
5.892075e-07,3.30692e-05
5.893075e-07,2.72317e-05
5.894075e-07,2.39886e-05
5.895075e-07,2.52858e-05
5.896075e-07,2.98261e-05
5.897075e-07,3.95555e-05
5.898075e-07,5.38251e-05
5.899075e-07,7.13378e-05
5.900075e-07,9.01478e-05
5.901075e-07,0.000108309
5.902075e-07,0.000123876
5.903075e-07,0.0001362
5.904075e-07,0.000142686
5.905075e-07,0.000143335
5.906075e-07,0.000138794
5.907075e-07,0.000130362
5.908075e-07,0.000119336
5.909075e-07,0.000107012
5.910075e-07,9.6634e-05
5.911075e-07,8.88506e-05
5.912075e-07,8.49589e-05
5.913075e-07,8.62561e-05
5.914075e-07,9.07964e-05
5.915075e-07,9.79313e-05
5.916075e-07,0.000105715
5.917075e-07,0.000113498
5.918075e-07,0.00012193
5.919075e-07,0.000129065
5.920075e-07,0.000135551
5.921075e-07,0.000142686
5.922075e-07,0.000150469
5.923075e-07,0.000160199
5.924075e-07,0.000172523
5.925075e-07,0.000187441
5.926075e-07,0.000205602
5.927075e-07,0.000224412
5.928075e-07,0.000242574
5.929075e-07,0.000258789
5.930075e-07,0.000269816
5.931075e-07,0.000276302
5.932075e-07,0.000275005
5.933075e-07,0.00026787
5.934075e-07,0.000254249
5.935075e-07,0.000235439
5.936075e-07,0.000214034
5.937075e-07,0.000191981
5.938075e-07,0.000171874
5.939075e-07,0.000153713
5.940075e-07,0.000139443
5.941075e-07,0.000127119
5.942075e-07,0.000118038
5.943075e-07,0.000110255
5.944075e-07,0.00010312
5.945075e-07,9.59854e-05
5.946075e-07,8.69047e-05
5.947075e-07,7.65268e-05
5.948075e-07,6.35544e-05
5.949075e-07,4.86361e-05
5.950075e-07,3.37179e-05
5.951075e-07,1.87996e-05
5.952075e-07,4.52996e-06
5.953075e-07,-7.79382e-06
5.954075e-07,-1.81717e-05
5.955075e-07,-2.59552e-05
5.956075e-07,-3.11441e-05
5.957075e-07,-3.24414e-05
5.958075e-07,-3.17928e-05
5.959075e-07,-2.85497e-05
5.960075e-07,-2.40093e-05
5.961075e-07,-1.68745e-05
5.962075e-07,-6.49658e-06
5.963075e-07,5.8272e-06
5.964075e-07,2.07455e-05
5.965075e-07,3.76096e-05
5.966075e-07,5.64196e-05
5.967075e-07,7.58782e-05
5.968075e-07,9.59854e-05
5.969075e-07,0.000114795
5.970075e-07,0.000132957
5.971075e-07,0.000147875
5.972075e-07,0.000158253
5.973075e-07,0.000164739
5.974075e-07,0.000166685
5.975075e-07,0.000165388
5.976075e-07,0.000162145
5.977075e-07,0.000158902
5.978075e-07,0.000156307
5.979075e-07,0.000155658
5.980075e-07,0.000157604
5.981075e-07,0.000163442
5.982075e-07,0.000171225
5.983075e-07,0.000182252
5.984075e-07,0.000193278
5.985075e-07,0.000204954
5.986075e-07,0.000215332
5.987075e-07,0.000223115
5.988075e-07,0.000228953
5.989075e-07,0.000230898
5.990075e-07,0.000230898
5.991075e-07,0.000227655
5.992075e-07,0.000223115
5.993075e-07,0.000217926
5.994075e-07,0.000212088
5.995075e-07,0.000206251
5.996075e-07,0.000199765
5.997075e-07,0.000191981
5.998075e-07,0.000184198
5.999075e-07,0.000175766
6.000075e-07,0.000167334
6.001075e-07,0.00015955
6.002075e-07,0.000154361
6.003075e-07,0.000151767
6.004075e-07,0.000153064
6.005075e-07,0.000158253
6.006075e-07,0.000167982
6.007075e-07,0.000180955
6.008075e-07,0.000196522
6.009075e-07,0.000212737
6.010075e-07,0.000227655
6.011075e-07,0.000238682
6.012075e-07,0.000244519
6.013075e-07,0.000244519
6.014075e-07,0.000236736
6.015075e-07,0.000223764
6.016075e-07,0.000205602
6.017075e-07,0.000186144
6.018075e-07,0.000167334
6.019075e-07,0.000150469
6.020075e-07,0.000138794
6.021075e-07,0.000133605
6.022075e-07,0.000134903
6.023075e-07,0.000141389
6.024075e-07,0.000153064
6.025075e-07,0.000167334
6.026075e-07,0.000182901
6.027075e-07,0.00019717
6.028075e-07,0.000209494
6.029075e-07,0.000218575
6.030075e-07,0.000226358
6.031075e-07,0.000233493
6.032075e-07,0.000239979
6.033075e-07,0.000245817
6.034075e-07,0.000252951
6.035075e-07,0.000260735
6.036075e-07,0.000268518
6.037075e-07,0.000275653
6.038075e-07,0.000281491
6.039075e-07,0.000282788
6.040075e-07,0.000278896
6.041075e-07,0.000269816
6.042075e-07,0.000254897
6.043075e-07,0.00023479
6.044075e-07,0.000210791
6.045075e-07,0.000186144
6.046075e-07,0.000161496
6.047075e-07,0.000139443
6.048075e-07,0.000120633
6.049075e-07,0.000107012
6.050075e-07,9.92285e-05
6.051075e-07,9.6634e-05
6.052075e-07,9.85799e-05
6.053075e-07,0.00010312
6.054075e-07,0.000109606
6.055075e-07,0.000116741
6.056075e-07,0.00012193
6.057075e-07,0.000126471
6.058075e-07,0.000128416
6.059075e-07,0.000128416
6.060075e-07,0.000127119
6.061075e-07,0.000125173
6.062075e-07,0.000123876
6.063075e-07,0.00012193
6.064075e-07,0.000119336
6.065075e-07,0.000116741
6.066075e-07,0.000113498
6.067075e-07,0.000109606
6.068075e-07,0.000104417
6.069075e-07,9.98771e-05
6.070075e-07,9.46882e-05
6.071075e-07,8.88506e-05
6.072075e-07,8.3013e-05
6.073075e-07,7.7824e-05
6.074075e-07,7.26351e-05
6.075075e-07,6.87434e-05
6.076075e-07,6.48516e-05
6.077075e-07,6.16085e-05
6.078075e-07,5.90141e-05
6.079075e-07,5.5771e-05
6.080075e-07,5.25279e-05
6.081075e-07,4.92848e-05
6.082075e-07,4.66903e-05
6.083075e-07,4.5393e-05
6.084075e-07,4.5393e-05
6.085075e-07,4.79875e-05
6.086075e-07,5.31765e-05
6.087075e-07,6.09599e-05
6.088075e-07,7.06892e-05
6.089075e-07,8.17158e-05
6.090075e-07,9.33909e-05
6.091075e-07,0.00010312
6.092075e-07,0.000110904
6.093075e-07,0.000116093
6.094075e-07,0.000116741
6.095075e-07,0.000114147
6.096075e-07,0.000107012
6.097075e-07,9.79313e-05
6.098075e-07,8.69047e-05
6.099075e-07,7.52296e-05
6.100075e-07,6.48516e-05
6.101075e-07,5.64196e-05
6.102075e-07,5.0582e-05
6.103075e-07,4.66903e-05
6.104075e-07,4.40958e-05
6.105075e-07,4.27986e-05
6.106075e-07,4.21499e-05
6.107075e-07,4.08527e-05
6.108075e-07,3.95555e-05
6.109075e-07,3.82582e-05
6.110075e-07,3.82582e-05
6.111075e-07,3.89068e-05
6.112075e-07,4.15013e-05
6.113075e-07,4.66903e-05
6.114075e-07,5.51223e-05
6.115075e-07,6.55003e-05
6.116075e-07,7.71754e-05
6.117075e-07,9.01478e-05
6.118075e-07,0.000102472
6.119075e-07,0.00011285
6.120075e-07,0.000119984
6.121075e-07,0.000123227
6.122075e-07,0.000122579
6.123075e-07,0.000119336
6.124075e-07,0.000114147
6.125075e-07,0.000109606
6.126075e-07,0.000107661
6.127075e-07,0.000109606
6.128075e-07,0.000116741
6.129075e-07,0.000128416
6.130075e-07,0.000144632
6.131075e-07,0.000164739
6.132075e-07,0.000186144
6.133075e-07,0.000206899
6.134075e-07,0.000226358
6.135075e-07,0.000242574
6.136075e-07,0.000254249
6.137075e-07,0.000260735
6.138075e-07,0.000262681
6.139075e-07,0.000260086
6.140075e-07,0.0002536
6.141075e-07,0.000244519
6.142075e-07,0.000233493
6.143075e-07,0.000221818
6.144075e-07,0.000210791
6.145075e-07,0.000199765
6.146075e-07,0.000190035
6.147075e-07,0.000181603
6.148075e-07,0.000174468
6.149075e-07,0.000169928
6.150075e-07,0.000167982
6.151075e-07,0.000167334
6.152075e-07,0.000169279
6.153075e-07,0.000171874
6.154075e-07,0.000175117
6.155075e-07,0.000177712
6.156075e-07,0.000179009
6.157075e-07,0.000177712
6.158075e-07,0.000174468
6.159075e-07,0.000167982
6.160075e-07,0.000158902
6.161075e-07,0.000148524
6.162075e-07,0.000136848
6.163075e-07,0.000127119
6.164075e-07,0.000120633
6.165075e-07,0.000119336
6.166075e-07,0.000124525
6.167075e-07,0.000137497
6.168075e-07,0.000156307
6.169075e-07,0.000181603
6.170075e-07,0.000210143
6.171075e-07,0.00023933
6.172075e-07,0.000267221
6.173075e-07,0.000289923
6.174075e-07,0.000306138
6.175075e-07,0.000313922
6.176075e-07,0.000313922
6.177075e-07,0.000307436
6.178075e-07,0.000296409
6.179075e-07,0.000282139
6.180075e-07,0.00026787
6.181075e-07,0.000256195
6.182075e-07,0.000248411
6.183075e-07,0.000245817
6.184075e-07,0.00024906
6.185075e-07,0.000254897
6.186075e-07,0.000262681
6.187075e-07,0.000268518
6.188075e-07,0.000269816
6.189075e-07,0.000265924
6.190075e-07,0.000256195
6.191075e-07,0.000239979
6.192075e-07,0.000217926
6.193075e-07,0.00019263
6.194075e-07,0.000166685
6.195075e-07,0.000141389
6.196075e-07,0.000120633
6.197075e-07,0.000105715
6.198075e-07,9.6634e-05
6.199075e-07,9.27423e-05
6.200075e-07,9.40395e-05
6.201075e-07,9.85799e-05
6.202075e-07,0.000105066
6.203075e-07,0.000109606
6.204075e-07,0.000112201
6.205075e-07,0.000110904
6.206075e-07,0.000105715
6.207075e-07,9.6634e-05
6.208075e-07,8.43102e-05
6.209075e-07,7.06892e-05
6.210075e-07,5.5771e-05
6.211075e-07,4.15013e-05
6.212075e-07,2.72317e-05
6.213075e-07,1.49079e-05
6.214075e-07,6.47582e-06
6.215075e-07,6.38242e-07
6.216075e-07,-6.58998e-07
6.217075e-07,1.93548e-06
6.218075e-07,9.0703e-06
6.219075e-07,2.00968e-05
6.220075e-07,3.63124e-05
6.221075e-07,5.5771e-05
6.222075e-07,7.7824e-05
6.223075e-07,0.000101174
6.224075e-07,0.000123227
6.225075e-07,0.000142037
6.226075e-07,0.000156956
6.227075e-07,0.000165388
6.228075e-07,0.000167334
6.229075e-07,0.000161496
6.230075e-07,0.000150469
6.231075e-07,0.0001362
6.232075e-07,0.000119984
6.233075e-07,0.000105066
6.234075e-07,9.33909e-05
6.235075e-07,8.62561e-05
6.236075e-07,8.56075e-05
6.237075e-07,9.20937e-05
6.238075e-07,0.000105715
6.239075e-07,0.000123876
6.240075e-07,0.000146578
6.241075e-07,0.000169928
6.242075e-07,0.00019263
6.243075e-07,0.000213386
6.244075e-07,0.000230898
6.245075e-07,0.000243871
6.246075e-07,0.000252951
6.247075e-07,0.00025814
6.248075e-07,0.000260086
6.249075e-07,0.000260086
6.250075e-07,0.000259438
6.251075e-07,0.00025814
6.252075e-07,0.000257492
6.253075e-07,0.000256843
6.254075e-07,0.000255546
6.255075e-07,0.0002536
6.256075e-07,0.00024906
6.257075e-07,0.000243222
6.258075e-07,0.000235439
6.259075e-07,0.000225709
6.260075e-07,0.000213386
6.261075e-07,0.000200413
6.262075e-07,0.000187441
6.263075e-07,0.000175117
6.264075e-07,0.000164739
6.265075e-07,0.000155658
6.266075e-07,0.000148524
6.267075e-07,0.000142037
6.268075e-07,0.0001362
6.269075e-07,0.00013166
6.270075e-07,0.000127119
6.271075e-07,0.000123227
6.272075e-07,0.000119336
6.273075e-07,0.000116093
6.274075e-07,0.000113498
6.275075e-07,0.00011285
6.276075e-07,0.000115444
6.277075e-07,0.00012193
6.278075e-07,0.000132308
6.279075e-07,0.000145281
6.280075e-07,0.000160199
6.281075e-07,0.000176414
6.282075e-07,0.000191333
6.283075e-07,0.000203656
6.284075e-07,0.000212088
6.285075e-07,0.000214683
6.286075e-07,0.00021144
6.287075e-07,0.000202359
6.288075e-07,0.000188738
6.289075e-07,0.000171225
6.290075e-07,0.000152415
6.291075e-07,0.000132308
6.292075e-07,0.00011285
6.293075e-07,9.53368e-05
6.294075e-07,8.04185e-05
6.295075e-07,6.9392e-05
6.296075e-07,6.16085e-05
6.297075e-07,5.77168e-05
6.298075e-07,5.70682e-05
6.299075e-07,5.90141e-05
6.300075e-07,6.4203e-05
6.301075e-07,7.32837e-05
6.302075e-07,8.43102e-05
6.303075e-07,9.6634e-05
6.304075e-07,0.000109606
6.305075e-07,0.000122579
6.306075e-07,0.000134903
6.307075e-07,0.000144632
6.308075e-07,0.000151767
6.309075e-07,0.000156307
6.310075e-07,0.000160199
6.311075e-07,0.000162793
6.312075e-07,0.000166036
6.313075e-07,0.000171225
6.314075e-07,0.000179657
6.315075e-07,0.00019263
6.316075e-07,0.000210791
6.317075e-07,0.000233493
6.318075e-07,0.000259438
6.319075e-07,0.000287977
6.320075e-07,0.000316516
6.321075e-07,0.000341164
6.322075e-07,0.000361271
6.323075e-07,0.000373595
6.324075e-07,0.000378135
6.325075e-07,0.000374892
6.326075e-07,0.000363866
6.327075e-07,0.000347001
6.328075e-07,0.000326894
6.329075e-07,0.00030549
6.330075e-07,0.000284085
6.331075e-07,0.000265924
6.332075e-07,0.000249708
6.333075e-07,0.000236736
6.334075e-07,0.000225709
6.335075e-07,0.000216629
6.336075e-07,0.000208197
6.337075e-07,0.000201062
6.338075e-07,0.000193927
6.339075e-07,0.000188089
6.340075e-07,0.000182901
6.341075e-07,0.000179009
6.342075e-07,0.000177063
6.343075e-07,0.000177063
6.344075e-07,0.000179009
6.345075e-07,0.000180955
6.346075e-07,0.000182901
6.347075e-07,0.000182252
6.348075e-07,0.00017836
6.349075e-07,0.000170577
6.350075e-07,0.000158902
6.351075e-07,0.000142686
6.352075e-07,0.000123876
6.353075e-07,0.000103769
6.354075e-07,8.49589e-05
6.355075e-07,7.00406e-05
6.356075e-07,6.03113e-05
6.357075e-07,5.70682e-05
6.358075e-07,6.09599e-05
6.359075e-07,7.00406e-05
6.360075e-07,8.23644e-05
6.361075e-07,9.6634e-05
6.362075e-07,0.000108958
6.363075e-07,0.000118687
6.364075e-07,0.000123227
6.365075e-07,0.000123227
6.366075e-07,0.000119336
6.367075e-07,0.000113498
6.368075e-07,0.000107661
6.369075e-07,0.000104417
6.370075e-07,0.000105715
6.371075e-07,0.00011285
6.372075e-07,0.000125173
6.373075e-07,0.000142686
6.374075e-07,0.000163442
6.375075e-07,0.000184846
6.376075e-07,0.000204305
6.377075e-07,0.000219872
6.378075e-07,0.000230898
6.379075e-07,0.000236736
6.380075e-07,0.000236736
6.381075e-07,0.000234141
6.382075e-07,0.000228953
6.383075e-07,0.000222466
6.384075e-07,0.000217277
6.385075e-07,0.000214034
6.386075e-07,0.00021144
6.387075e-07,0.000209494
6.388075e-07,0.000206251
6.389075e-07,0.000202359
6.390075e-07,0.000195224
6.391075e-07,0.000184198
6.392075e-07,0.000169928
6.393075e-07,0.000153064
6.394075e-07,0.0001362
6.395075e-07,0.000119336
6.396075e-07,0.000106363
6.397075e-07,9.79313e-05
6.398075e-07,9.46882e-05
6.399075e-07,9.72826e-05
6.400075e-07,0.000104417
6.401075e-07,0.000115444
6.402075e-07,0.000129065
6.403075e-07,0.000142686
6.404075e-07,0.00015501
6.405075e-07,0.000164739
6.406075e-07,0.000171874
6.407075e-07,0.000175766
6.408075e-07,0.000177063
6.409075e-07,0.000177063
6.410075e-07,0.000176414
6.411075e-07,0.000175766
6.412075e-07,0.000175766
6.413075e-07,0.000175117
6.414075e-07,0.000175117
6.415075e-07,0.000175117
6.416075e-07,0.00017382
6.417075e-07,0.000171874
6.418075e-07,0.000169279
6.419075e-07,0.000166036
6.420075e-07,0.000163442
6.421075e-07,0.000162145
6.422075e-07,0.000163442
6.423075e-07,0.000167982
6.424075e-07,0.000176414
6.425075e-07,0.000187441
6.426075e-07,0.000199116
6.427075e-07,0.000210791
6.428075e-07,0.00022052
6.429075e-07,0.000226358
6.430075e-07,0.000225709
6.431075e-07,0.000218575
6.432075e-07,0.000205602
6.433075e-07,0.000186792
6.434075e-07,0.000164739
6.435075e-07,0.000142686
6.436075e-07,0.000122579
6.437075e-07,0.000106363
6.438075e-07,9.72826e-05
6.439075e-07,9.59854e-05
6.440075e-07,0.00010312
6.441075e-07,0.000118038
6.442075e-07,0.000137497
6.443075e-07,0.000160199
6.444075e-07,0.000183549
6.445075e-07,0.000205602
6.446075e-07,0.000225061
6.447075e-07,0.00023933
6.448075e-07,0.000249708
6.449075e-07,0.000255546
6.450075e-07,0.000258789
6.451075e-07,0.000258789
6.452075e-07,0.00025814
6.453075e-07,0.000256843
6.454075e-07,0.000255546
6.455075e-07,0.0002536
6.456075e-07,0.000251006
6.457075e-07,0.000247763
6.458075e-07,0.000243871
6.459075e-07,0.000238682
6.460075e-07,0.000232844
6.461075e-07,0.000225709
6.462075e-07,0.000218575
6.463075e-07,0.000210143
6.464075e-07,0.000201062
6.465075e-07,0.000191333
6.466075e-07,0.000180306
6.467075e-07,0.000166685
6.468075e-07,0.000151767
6.469075e-07,0.000133605
6.470075e-07,0.000113498
6.471075e-07,9.14451e-05
6.472075e-07,6.74461e-05
6.473075e-07,4.40958e-05
6.474075e-07,2.33399e-05
6.475075e-07,6.47582e-06
6.476075e-07,-3.9021e-06
6.477075e-07,-6.49658e-06
6.478075e-07,-1.03779e-08
6.479075e-07,1.49079e-05
6.480075e-07,3.76096e-05
6.481075e-07,6.67975e-05
6.482075e-07,9.98771e-05
6.483075e-07,0.000134903
6.484075e-07,0.000168631
6.485075e-07,0.000199116
6.486075e-07,0.000225061
6.487075e-07,0.000245817
6.488075e-07,0.000260086
6.489075e-07,0.000269167
6.490075e-07,0.000273707
6.491075e-07,0.000273059
6.492075e-07,0.000268518
6.493075e-07,0.000260735
6.494075e-07,0.000249708
6.495075e-07,0.00023479
6.496075e-07,0.000216629
6.497075e-07,0.000194576
6.498075e-07,0.000170577
6.499075e-07,0.000143335
6.500075e-07,0.000115444
6.501075e-07,8.8202e-05
6.502075e-07,6.35544e-05
6.503075e-07,4.34472e-05
6.504075e-07,2.85289e-05
6.505075e-07,2.00968e-05
6.506075e-07,2.00968e-05
6.507075e-07,2.72317e-05
6.508075e-07,4.08527e-05
6.509075e-07,5.96627e-05
6.510075e-07,8.17158e-05
6.511075e-07,0.000106363
6.512075e-07,0.000130362
6.513075e-07,0.000153713
6.514075e-07,0.000175117
6.515075e-07,0.000193927
6.516075e-07,0.000210143
6.517075e-07,0.000225061
6.518075e-07,0.000238682
6.519075e-07,0.000250357
6.520075e-07,0.000260735
6.521075e-07,0.000269816
6.522075e-07,0.000278248
6.523075e-07,0.000283437
6.524075e-07,0.00028668
6.525075e-07,0.000287328
6.526075e-07,0.000285382
6.527075e-07,0.000281491
6.528075e-07,0.000276302
6.529075e-07,0.000271113
6.530075e-07,0.000265924
6.531075e-07,0.000261384
6.532075e-07,0.000258789
6.533075e-07,0.000256843
6.534075e-07,0.000255546
6.535075e-07,0.000254897
6.536075e-07,0.000252951
6.537075e-07,0.000251006
6.538075e-07,0.00024906
6.539075e-07,0.000245817
6.540075e-07,0.000243222
6.541075e-07,0.000241925
6.542075e-07,0.000243222
6.543075e-07,0.000247763
6.544075e-07,0.000254897
6.545075e-07,0.000266573
6.546075e-07,0.000280194
6.547075e-07,0.000294463
6.548075e-07,0.000307436
6.549075e-07,0.000316516
6.550075e-07,0.000321057
6.551075e-07,0.000317813
6.552075e-07,0.000307436
6.553075e-07,0.000289923
6.554075e-07,0.000267221
6.555075e-07,0.000239979
6.556075e-07,0.000212088
6.557075e-07,0.000185495
6.558075e-07,0.000163442
6.559075e-07,0.000147226
6.560075e-07,0.000137497
6.561075e-07,0.000134903
6.562075e-07,0.000138794
6.563075e-07,0.000147226
6.564075e-07,0.000157604
6.565075e-07,0.000167982
6.566075e-07,0.000177063
6.567075e-07,0.000183549
6.568075e-07,0.000187441
6.569075e-07,0.000187441
6.570075e-07,0.000184846
6.571075e-07,0.000180306
6.572075e-07,0.000175117
6.573075e-07,0.000168631
6.574075e-07,0.000162793
6.575075e-07,0.000156307
6.576075e-07,0.000149172
6.577075e-07,0.00014074
6.578075e-07,0.000131011
6.579075e-07,0.000119336
6.580075e-07,0.000107012
6.581075e-07,9.40395e-05
6.582075e-07,8.17158e-05
6.583075e-07,7.19865e-05
6.584075e-07,6.48516e-05
6.585075e-07,6.16085e-05
6.586075e-07,6.4203e-05
6.587075e-07,7.06892e-05
6.588075e-07,8.23644e-05
6.589075e-07,9.59854e-05
6.590075e-07,0.000110904
6.591075e-07,0.000124525
6.592075e-07,0.000135551
6.593075e-07,0.000142037
6.594075e-07,0.000144632
6.595075e-07,0.000143983
6.596075e-07,0.00014074
6.597075e-07,0.000136848
6.598075e-07,0.000134903
6.599075e-07,0.000135551
6.600075e-07,0.000140092
6.601075e-07,0.000149821
6.602075e-07,0.000162793
6.603075e-07,0.00017836
6.604075e-07,0.000194576
6.605075e-07,0.000208845
6.606075e-07,0.000219872
6.607075e-07,0.000225061
6.608075e-07,0.000223764
6.609075e-07,0.000216629
6.610075e-07,0.000204305
6.611075e-07,0.000187441
6.612075e-07,0.000168631
6.613075e-07,0.000149821
6.614075e-07,0.000132308
6.615075e-07,0.00011739
6.616075e-07,0.000103769
6.617075e-07,9.27423e-05
6.618075e-07,8.36616e-05
6.619075e-07,7.58782e-05
6.620075e-07,6.74461e-05
6.621075e-07,5.96627e-05
6.622075e-07,5.25279e-05
6.623075e-07,4.5393e-05
6.624075e-07,3.89068e-05
6.625075e-07,3.50151e-05
6.626075e-07,3.30692e-05
6.627075e-07,3.50151e-05
6.628075e-07,3.82582e-05
6.629075e-07,4.40958e-05
6.630075e-07,4.99334e-05
6.631075e-07,5.44737e-05
6.632075e-07,5.5771e-05
6.633075e-07,5.38251e-05
6.634075e-07,4.79875e-05
6.635075e-07,3.82582e-05
6.636075e-07,2.52858e-05
6.637075e-07,1.16648e-05
6.638075e-07,-1.03779e-08
6.639075e-07,-8.44244e-06
6.640075e-07,-1.03883e-05
6.641075e-07,-5.84796e-06
6.642075e-07,5.17858e-06
6.643075e-07,2.13941e-05
6.644075e-07,4.15013e-05
6.645075e-07,6.35544e-05
6.646075e-07,8.69047e-05
6.647075e-07,0.000108309
6.648075e-07,0.000127768
6.649075e-07,0.000143335
6.650075e-07,0.000154361
6.651075e-07,0.000160847
6.652075e-07,0.000164091
6.653075e-07,0.000164739
6.654075e-07,0.000162793
6.655075e-07,0.000158253
6.656075e-07,0.000152415
6.657075e-07,0.000145281
6.658075e-07,0.000136848
6.659075e-07,0.000127768
6.660075e-07,0.000118038
6.661075e-07,0.000108958
6.662075e-07,9.98771e-05
6.663075e-07,9.33909e-05
6.664075e-07,8.94992e-05
6.665075e-07,8.94992e-05
6.666075e-07,9.33909e-05
6.667075e-07,0.000101174
6.668075e-07,0.000112201
6.669075e-07,0.000125173
6.670075e-07,0.000139443
6.671075e-07,0.000152415
6.672075e-07,0.000162793
6.673075e-07,0.000169279
6.674075e-07,0.000171874
6.675075e-07,0.000169928
6.676075e-07,0.000164739
6.677075e-07,0.000157604
6.678075e-07,0.000150469
6.679075e-07,0.000144632
6.680075e-07,0.00014074
6.681075e-07,0.00014074
6.682075e-07,0.000143335
6.683075e-07,0.000149172
6.684075e-07,0.000157604
6.685075e-07,0.000167334
6.686075e-07,0.000177063
6.687075e-07,0.000187441
6.688075e-07,0.00019717
6.689075e-07,0.000206899
6.690075e-07,0.000216629
6.691075e-07,0.000226358
6.692075e-07,0.000236736
6.693075e-07,0.000247114
6.694075e-07,0.000257492
6.695075e-07,0.000267221
6.696075e-07,0.000275005
6.697075e-07,0.000280194
6.698075e-07,0.000282788
6.699075e-07,0.000280194
6.700075e-07,0.000273707
6.701075e-07,0.000263329
6.702075e-07,0.000250357
6.703075e-07,0.000235439
6.704075e-07,0.000219872
6.705075e-07,0.000204954
6.706075e-07,0.000190684
6.707075e-07,0.000177712
6.708075e-07,0.000166036
6.709075e-07,0.000155658
6.710075e-07,0.000145281
6.711075e-07,0.000132957
6.712075e-07,0.000119336
6.713075e-07,0.000104417
6.714075e-07,8.88506e-05
6.715075e-07,7.39323e-05
6.716075e-07,6.16085e-05
6.717075e-07,5.38251e-05
6.718075e-07,5.18792e-05
6.719075e-07,5.70682e-05
6.720075e-07,6.87434e-05
6.721075e-07,8.69047e-05
6.722075e-07,0.000109606
6.723075e-07,0.000132957
6.724075e-07,0.00015501
6.725075e-07,0.000172523
6.726075e-07,0.000183549
6.727075e-07,0.000186792
6.728075e-07,0.000182901
6.729075e-07,0.000171874
6.730075e-07,0.000155658
6.731075e-07,0.0001362
6.732075e-07,0.000116093
6.733075e-07,9.79313e-05
6.734075e-07,8.43102e-05
6.735075e-07,7.52296e-05
6.736075e-07,7.13378e-05
6.737075e-07,7.19865e-05
6.738075e-07,7.65268e-05
6.739075e-07,8.36616e-05
6.740075e-07,9.20937e-05
6.741075e-07,0.000100526
6.742075e-07,0.000108958
6.743075e-07,0.000116741
6.744075e-07,0.000123876
6.745075e-07,0.000130362
6.746075e-07,0.000137497
6.747075e-07,0.000145281
6.748075e-07,0.000153713
6.749075e-07,0.000162793
6.750075e-07,0.000171874
6.751075e-07,0.000180955
6.752075e-07,0.000188089
6.753075e-07,0.00019263
6.754075e-07,0.000194576
6.755075e-07,0.000193278
6.756075e-07,0.000188089
6.757075e-07,0.000181603
6.758075e-07,0.000173171
6.759075e-07,0.000164091
6.760075e-07,0.000154361
6.761075e-07,0.000145281
6.762075e-07,0.0001362
6.763075e-07,0.000126471
6.764075e-07,0.000116741
6.765075e-07,0.000105715
6.766075e-07,9.46882e-05
6.767075e-07,8.17158e-05
6.768075e-07,6.74461e-05
6.769075e-07,5.31765e-05
6.770075e-07,4.02041e-05
6.771075e-07,2.91775e-05
6.772075e-07,2.26913e-05
6.773075e-07,2.07455e-05
6.774075e-07,2.39886e-05
6.775075e-07,3.1772e-05
6.776075e-07,4.40958e-05
6.777075e-07,5.90141e-05
6.778075e-07,7.32837e-05
6.779075e-07,8.62561e-05
6.780075e-07,9.53368e-05
6.781075e-07,9.92285e-05
6.782075e-07,9.85799e-05
6.783075e-07,9.33909e-05
6.784075e-07,8.36616e-05
6.785075e-07,7.26351e-05
6.786075e-07,6.16085e-05
6.787075e-07,5.25279e-05
6.788075e-07,4.60417e-05
6.789075e-07,4.34472e-05
6.790075e-07,4.5393e-05
6.791075e-07,4.99334e-05
6.792075e-07,5.5771e-05
6.793075e-07,6.22572e-05
6.794075e-07,6.74461e-05
6.795075e-07,7.06892e-05
6.796075e-07,7.26351e-05
6.797075e-07,7.19865e-05
6.798075e-07,7.06892e-05
6.799075e-07,6.9392e-05
6.800075e-07,6.80947e-05
6.801075e-07,6.87434e-05
6.802075e-07,7.19865e-05
6.803075e-07,7.65268e-05
6.804075e-07,8.23644e-05
6.805075e-07,8.94992e-05
6.806075e-07,9.59854e-05
6.807075e-07,9.98771e-05
6.808075e-07,0.000101823
6.809075e-07,0.000100526
6.810075e-07,9.6634e-05
6.811075e-07,9.07964e-05
6.812075e-07,8.36616e-05
6.813075e-07,7.71754e-05
6.814075e-07,7.26351e-05
6.815075e-07,7.13378e-05
6.816075e-07,7.26351e-05
6.817075e-07,7.71754e-05
6.818075e-07,8.49589e-05
6.819075e-07,9.40395e-05
6.820075e-07,0.000103769
6.821075e-07,0.000113498
6.822075e-07,0.000122579
6.823075e-07,0.000129065
6.824075e-07,0.000133605
6.825075e-07,0.000135551
6.826075e-07,0.0001362
6.827075e-07,0.000135551
6.828075e-07,0.000133605
