LECROYWaveRunner‘N,20113,Waveform
Segments,1,SegmentSize,2002
Segment,TrigTime,TimeSinceSegment1
#1,01-Oct-2018 13:41:02,0                 
Time,Ampl
4.827213e-07,6.9392e-05
4.828213e-07,7.71754e-05
4.829213e-07,8.69047e-05
4.830213e-07,0.000101823
4.831213e-07,0.000123227
4.832213e-07,0.000152415
4.833213e-07,0.000187441
4.834213e-07,0.000227007
4.835213e-07,0.00026787
4.836213e-07,0.00030549
4.837213e-07,0.000336623
4.838213e-07,0.000358028
4.839213e-07,0.000369054
4.840213e-07,0.000368406
4.841213e-07,0.000356731
4.842213e-07,0.000337921
4.843213e-07,0.00031457
4.844213e-07,0.000289923
4.845213e-07,0.000267221
4.846213e-07,0.000247763
4.847213e-07,0.000231547
4.848213e-07,0.000217926
4.849213e-07,0.000204954
4.850213e-07,0.000190684
4.851213e-07,0.000174468
4.852213e-07,0.000154361
4.853213e-07,0.000131011
4.854213e-07,0.000106363
4.855213e-07,8.3013e-05
4.856213e-07,6.35544e-05
4.857213e-07,5.18792e-05
4.858213e-07,4.99334e-05
4.859213e-07,5.77168e-05
4.860213e-07,7.45809e-05
4.861213e-07,9.85799e-05
4.862213e-07,0.000125822
4.863213e-07,0.000153713
4.864213e-07,0.000177712
4.865213e-07,0.000195224
4.866213e-07,0.000203656
4.867213e-07,0.000204305
4.868213e-07,0.000197819
4.869213e-07,0.000187441
4.870213e-07,0.000175117
4.871213e-07,0.000164739
4.872213e-07,0.000157604
4.873213e-07,0.000154361
4.874213e-07,0.000155658
4.875213e-07,0.000160199
4.876213e-07,0.000166685
4.877213e-07,0.000171225
4.878213e-07,0.00017382
4.879213e-07,0.000173171
4.880213e-07,0.000169928
4.881213e-07,0.000165388
4.882213e-07,0.000161496
4.883213e-07,0.000160847
4.884213e-07,0.000165388
4.885213e-07,0.000175766
4.886213e-07,0.000193927
4.887213e-07,0.000216629
4.888213e-07,0.000242574
4.889213e-07,0.000267221
4.890213e-07,0.000287977
4.891213e-07,0.000300949
4.892213e-07,0.000304192
4.893213e-07,0.000297706
4.894213e-07,0.000282139
4.895213e-07,0.000260735
4.896213e-07,0.00023479
4.897213e-07,0.000208197
4.898213e-07,0.000184198
4.899213e-07,0.000164739
4.900213e-07,0.000149821
4.901213e-07,0.000139443
4.902213e-07,0.00013166
4.903213e-07,0.000125173
4.904213e-07,0.000118038
4.905213e-07,0.000107661
4.906213e-07,9.53368e-05
4.907213e-07,8.10671e-05
4.908213e-07,6.55003e-05
4.909213e-07,5.12306e-05
4.910213e-07,4.02041e-05
4.911213e-07,3.50151e-05
4.912213e-07,3.56637e-05
4.913213e-07,4.21499e-05
4.914213e-07,5.31765e-05
4.915213e-07,6.67975e-05
4.916213e-07,7.97699e-05
4.917213e-07,8.88506e-05
4.918213e-07,9.33909e-05
4.919213e-07,9.20937e-05
4.920213e-07,8.36616e-05
4.921213e-07,7.06892e-05
4.922213e-07,5.5771e-05
4.923213e-07,4.21499e-05
4.924213e-07,3.24206e-05
4.925213e-07,2.72317e-05
4.926213e-07,2.85289e-05
4.927213e-07,3.63124e-05
4.928213e-07,4.73389e-05
4.929213e-07,6.09599e-05
4.930213e-07,7.32837e-05
4.931213e-07,8.36616e-05
4.932213e-07,8.94992e-05
4.933213e-07,9.01478e-05
4.934213e-07,8.75533e-05
4.935213e-07,8.3013e-05
4.936213e-07,7.97699e-05
4.937213e-07,7.97699e-05
4.938213e-07,8.56075e-05
4.939213e-07,9.72826e-05
4.940213e-07,0.000114795
4.941213e-07,0.0001362
4.942213e-07,0.000158902
4.943213e-07,0.000179009
4.944213e-07,0.000193927
4.945213e-07,0.000201062
4.946213e-07,0.000200413
4.947213e-07,0.00019263
4.948213e-07,0.000179009
4.949213e-07,0.000162793
4.950213e-07,0.000147226
4.951213e-07,0.000135551
4.952213e-07,0.000128416
4.953213e-07,0.000127768
4.954213e-07,0.000132308
4.955213e-07,0.00014074
4.956213e-07,0.000149821
4.957213e-07,0.000157604
4.958213e-07,0.000162145
4.959213e-07,0.000162145
4.960213e-07,0.000158902
4.961213e-07,0.000153064
4.962213e-07,0.000147226
4.963213e-07,0.000143983
4.964213e-07,0.000145929
4.965213e-07,0.000153713
4.966213e-07,0.000168631
4.967213e-07,0.000187441
4.968213e-07,0.000208845
4.969213e-07,0.000228304
4.970213e-07,0.000243222
4.971213e-07,0.000250357
4.972213e-07,0.000246465
4.973213e-07,0.000231547
4.974213e-07,0.000207548
4.975213e-07,0.000177063
4.976213e-07,0.000143335
4.977213e-07,0.000109606
4.978213e-07,7.97699e-05
4.979213e-07,5.5771e-05
4.980213e-07,3.89068e-05
4.981213e-07,2.98261e-05
4.982213e-07,2.52858e-05
4.983213e-07,2.52858e-05
4.984213e-07,2.59344e-05
4.985213e-07,2.59344e-05
4.986213e-07,2.39886e-05
4.987213e-07,1.94482e-05
4.988213e-07,1.36106e-05
4.989213e-07,8.42168e-06
4.990213e-07,5.17858e-06
4.991213e-07,5.17858e-06
4.992213e-07,9.0703e-06
4.993213e-07,1.55565e-05
4.994213e-07,2.46372e-05
4.995213e-07,3.37179e-05
4.996213e-07,4.08527e-05
4.997213e-07,4.34472e-05
4.998213e-07,4.08527e-05
4.999213e-07,3.24206e-05
5.000213e-07,1.8151e-05
5.001213e-07,-1.03779e-08
5.002213e-07,-1.88204e-05
5.003213e-07,-3.63331e-05
5.004213e-07,-4.99541e-05
5.005213e-07,-5.77376e-05
5.006213e-07,-5.83862e-05
5.007213e-07,-5.25486e-05
5.008213e-07,-4.34679e-05
5.009213e-07,-3.17928e-05
5.010213e-07,-2.07662e-05
5.011213e-07,-1.23342e-05
5.012213e-07,-8.44244e-06
5.013213e-07,-1.03883e-05
5.014213e-07,-1.62259e-05
5.015213e-07,-2.46579e-05
5.016213e-07,-3.43872e-05
5.017213e-07,-4.28193e-05
5.018213e-07,-4.80083e-05
5.019213e-07,-4.80083e-05
5.020213e-07,-4.34679e-05
5.021213e-07,-3.43872e-05
5.022213e-07,-2.14148e-05
5.023213e-07,-6.49658e-06
5.024213e-07,7.77306e-06
5.025213e-07,2.13941e-05
5.026213e-07,3.24206e-05
5.027213e-07,4.27986e-05
5.028213e-07,5.0582e-05
5.029213e-07,5.83654e-05
5.030213e-07,6.67975e-05
5.031213e-07,7.45809e-05
5.032213e-07,8.3013e-05
5.033213e-07,9.07964e-05
5.034213e-07,9.79313e-05
5.035213e-07,0.00010312
5.036213e-07,0.000105066
5.037213e-07,0.000102472
5.038213e-07,9.59854e-05
5.039213e-07,8.75533e-05
5.040213e-07,7.71754e-05
5.041213e-07,6.87434e-05
5.042213e-07,6.35544e-05
5.043213e-07,6.35544e-05
5.044213e-07,6.9392e-05
5.045213e-07,8.17158e-05
5.046213e-07,9.85799e-05
5.047213e-07,0.000118038
5.048213e-07,0.0001362
5.049213e-07,0.000150469
5.050213e-07,0.000157604
5.051213e-07,0.000156956
5.052213e-07,0.000147226
5.053213e-07,0.000129714
5.054213e-07,0.000107012
5.055213e-07,8.23644e-05
5.056213e-07,5.90141e-05
5.057213e-07,4.02041e-05
5.058213e-07,2.85289e-05
5.059213e-07,2.52858e-05
5.060213e-07,3.04748e-05
5.061213e-07,4.21499e-05
5.062213e-07,5.83654e-05
5.063213e-07,7.65268e-05
5.064213e-07,9.27423e-05
5.065213e-07,0.000106363
5.066213e-07,0.000116093
5.067213e-07,0.00012193
5.068213e-07,0.000125173
5.069213e-07,0.000127119
5.070213e-07,0.000129714
5.071213e-07,0.000133605
5.072213e-07,0.000140092
5.073213e-07,0.000148524
5.074213e-07,0.000158253
5.075213e-07,0.000166036
5.076213e-07,0.000171225
5.077213e-07,0.000171225
5.078213e-07,0.000164739
5.079213e-07,0.000150469
5.080213e-07,0.000131011
5.081213e-07,0.000107661
5.082213e-07,8.23644e-05
5.083213e-07,5.83654e-05
5.084213e-07,3.82582e-05
5.085213e-07,2.39886e-05
5.086213e-07,1.68537e-05
5.087213e-07,1.68537e-05
5.088213e-07,2.20427e-05
5.089213e-07,2.98261e-05
5.090213e-07,3.95555e-05
5.091213e-07,4.79875e-05
5.092213e-07,5.51223e-05
5.093213e-07,6.03113e-05
5.094213e-07,6.35544e-05
5.095213e-07,6.55003e-05
5.096213e-07,6.74461e-05
5.097213e-07,7.19865e-05
5.098213e-07,7.84727e-05
5.099213e-07,8.69047e-05
5.100213e-07,9.6634e-05
5.101213e-07,0.000107012
5.102213e-07,0.000114795
5.103213e-07,0.000118687
5.104213e-07,0.000116093
5.105213e-07,0.000107661
5.106213e-07,9.33909e-05
5.107213e-07,7.52296e-05
5.108213e-07,5.5771e-05
5.109213e-07,3.6961e-05
5.110213e-07,2.07455e-05
5.111213e-07,8.42168e-06
5.112213e-07,1.93548e-06
5.113213e-07,-1.30762e-06
5.114213e-07,-6.58998e-07
5.115213e-07,6.38242e-07
5.116213e-07,1.28686e-06
5.117213e-07,-1.30762e-06
5.118213e-07,-7.1452e-06
5.119213e-07,-1.68745e-05
5.120213e-07,-2.98469e-05
5.121213e-07,-4.28193e-05
5.122213e-07,-5.51431e-05
5.123213e-07,-6.35752e-05
5.124213e-07,-6.68183e-05
5.125213e-07,-6.29265e-05
5.126213e-07,-5.31972e-05
5.127213e-07,-4.02248e-05
5.128213e-07,-2.53066e-05
5.129213e-07,-1.29828e-05
5.130213e-07,-3.25348e-06
5.131213e-07,6.38242e-07
5.132213e-07,-2.60486e-06
5.133213e-07,-1.10369e-05
5.134213e-07,-2.40093e-05
5.135213e-07,-3.8279e-05
5.136213e-07,-5.31972e-05
5.137213e-07,-6.42238e-05
5.138213e-07,-7.071e-05
5.139213e-07,-7.13586e-05
5.140213e-07,-6.74669e-05
5.141213e-07,-6.09807e-05
5.142213e-07,-5.19e-05
5.143213e-07,-4.41165e-05
5.144213e-07,-3.76303e-05
5.145213e-07,-3.50359e-05
5.146213e-07,-3.50359e-05
5.147213e-07,-3.69817e-05
5.148213e-07,-3.89276e-05
5.149213e-07,-3.89276e-05
5.150213e-07,-3.43872e-05
5.151213e-07,-2.46579e-05
5.152213e-07,-9.73968e-06
5.153213e-07,9.0703e-06
5.154213e-07,3.04748e-05
5.155213e-07,5.18792e-05
5.156213e-07,6.9392e-05
5.157213e-07,7.97699e-05
5.158213e-07,8.23644e-05
5.159213e-07,7.45809e-05
5.160213e-07,5.77168e-05
5.161213e-07,3.30692e-05
5.162213e-07,3.88134e-06
5.163213e-07,-2.66038e-05
5.164213e-07,-5.51431e-05
5.165213e-07,-7.84934e-05
5.166213e-07,-9.47089e-05
5.167213e-07,-0.000101844
5.168213e-07,-0.000101195
5.169213e-07,-9.27631e-05
5.170213e-07,-7.9142e-05
5.171213e-07,-6.09807e-05
5.172213e-07,-4.08734e-05
5.173213e-07,-2.01176e-05
5.174213e-07,1.28686e-06
5.175213e-07,2.33399e-05
5.176213e-07,4.60417e-05
5.177213e-07,6.9392e-05
5.178213e-07,9.33909e-05
5.179213e-07,0.00011739
5.180213e-07,0.00014074
5.181213e-07,0.000160847
5.182213e-07,0.00017836
5.183213e-07,0.000190684
5.184213e-07,0.000196522
5.185213e-07,0.000196522
5.186213e-07,0.000190035
5.187213e-07,0.00017836
5.188213e-07,0.000164091
5.189213e-07,0.000149172
5.190213e-07,0.000135551
5.191213e-07,0.000123876
5.192213e-07,0.000116741
5.193213e-07,0.00011285
5.194213e-07,0.00011285
5.195213e-07,0.000114147
5.196213e-07,0.000116093
5.197213e-07,0.000116741
5.198213e-07,0.000114795
5.199213e-07,0.000110255
5.200213e-07,0.000103769
5.201213e-07,9.59854e-05
5.202213e-07,8.75533e-05
5.203213e-07,7.97699e-05
5.204213e-07,7.39323e-05
5.205213e-07,7.06892e-05
5.206213e-07,6.9392e-05
5.207213e-07,6.9392e-05
5.208213e-07,6.87434e-05
5.209213e-07,6.74461e-05
5.210213e-07,6.35544e-05
5.211213e-07,5.5771e-05
5.212213e-07,4.47444e-05
5.213213e-07,3.24206e-05
5.214213e-07,2.00968e-05
5.215213e-07,8.42168e-06
5.216213e-07,-6.58998e-07
5.217213e-07,-5.19934e-06
5.218213e-07,-4.55072e-06
5.219213e-07,1.28686e-06
5.220213e-07,1.10162e-05
5.221213e-07,2.39886e-05
5.222213e-07,3.82582e-05
5.223213e-07,5.18792e-05
5.224213e-07,6.29058e-05
5.225213e-07,7.00406e-05
5.226213e-07,7.32837e-05
5.227213e-07,7.13378e-05
5.228213e-07,6.61489e-05
5.229213e-07,5.83654e-05
5.230213e-07,4.99334e-05
5.231213e-07,4.15013e-05
5.232213e-07,3.43665e-05
5.233213e-07,2.85289e-05
5.234213e-07,2.33399e-05
5.235213e-07,1.75024e-05
5.236213e-07,9.71892e-06
5.237213e-07,-1.03779e-08
5.238213e-07,-1.23342e-05
5.239213e-07,-2.7901e-05
5.240213e-07,-4.60624e-05
5.241213e-07,-6.48724e-05
5.242213e-07,-8.17365e-05
5.243213e-07,-9.60062e-05
5.244213e-07,-0.000105087
5.245213e-07,-0.000108979
5.246213e-07,-0.000107033
5.247213e-07,-9.92493e-05
5.248213e-07,-8.82227e-05
5.249213e-07,-7.46017e-05
5.250213e-07,-5.96834e-05
5.251213e-07,-4.60624e-05
5.252213e-07,-3.37386e-05
5.253213e-07,-2.46579e-05
5.254213e-07,-1.81717e-05
5.255213e-07,-1.36314e-05
5.256213e-07,-9.73968e-06
5.257213e-07,-5.84796e-06
5.258213e-07,-1.95624e-06
5.259213e-07,3.23272e-06
5.260213e-07,7.77306e-06
5.261213e-07,1.36106e-05
5.262213e-07,1.87996e-05
5.263213e-07,2.39886e-05
5.264213e-07,2.78803e-05
5.265213e-07,3.04748e-05
5.266213e-07,3.24206e-05
5.267213e-07,3.50151e-05
5.268213e-07,3.82582e-05
5.269213e-07,4.40958e-05
5.270213e-07,5.31765e-05
5.271213e-07,6.61489e-05
5.272213e-07,8.17158e-05
5.273213e-07,9.92285e-05
5.274213e-07,0.000118687
5.275213e-07,0.000136848
5.276213e-07,0.000152415
5.277213e-07,0.000162793
5.278213e-07,0.000168631
5.279213e-07,0.000168631
5.280213e-07,0.000164091
5.281213e-07,0.000156307
5.282213e-07,0.000146578
5.283213e-07,0.000135551
5.284213e-07,0.000124525
5.285213e-07,0.000113498
5.286213e-07,0.000103769
5.287213e-07,9.53368e-05
5.288213e-07,8.62561e-05
5.289213e-07,7.71754e-05
5.290213e-07,6.67975e-05
5.291213e-07,5.5771e-05
5.292213e-07,4.40958e-05
5.293213e-07,3.24206e-05
5.294213e-07,2.20427e-05
5.295213e-07,1.2962e-05
5.296213e-07,5.8272e-06
5.297213e-07,1.93548e-06
5.298213e-07,6.38242e-07
5.299213e-07,1.93548e-06
5.300213e-07,5.17858e-06
5.301213e-07,9.0703e-06
5.302213e-07,1.36106e-05
5.303213e-07,1.8151e-05
5.304213e-07,2.26913e-05
5.305213e-07,2.72317e-05
5.306213e-07,3.24206e-05
5.307213e-07,3.6961e-05
5.308213e-07,4.21499e-05
5.309213e-07,4.66903e-05
5.310213e-07,5.18792e-05
5.311213e-07,5.64196e-05
5.312213e-07,5.83654e-05
5.313213e-07,5.64196e-05
5.314213e-07,5.12306e-05
5.315213e-07,4.08527e-05
5.316213e-07,2.52858e-05
5.317213e-07,5.8272e-06
5.318213e-07,-1.62259e-05
5.319213e-07,-4.02248e-05
5.320213e-07,-6.29265e-05
5.321213e-07,-8.36824e-05
5.322213e-07,-9.92493e-05
5.323213e-07,-0.000108979
5.324213e-07,-0.00011287
5.325213e-07,-0.000110924
5.326213e-07,-0.00010379
5.327213e-07,-9.40603e-05
5.328213e-07,-8.30338e-05
5.329213e-07,-7.20072e-05
5.330213e-07,-6.42238e-05
5.331213e-07,-5.96834e-05
5.332213e-07,-5.96834e-05
5.333213e-07,-6.22779e-05
5.334213e-07,-6.74669e-05
5.335213e-07,-7.20072e-05
5.336213e-07,-7.65476e-05
5.337213e-07,-7.84934e-05
5.338213e-07,-7.71962e-05
5.339213e-07,-7.20072e-05
5.340213e-07,-6.42238e-05
5.341213e-07,-5.38459e-05
5.342213e-07,-4.41165e-05
5.343213e-07,-3.56845e-05
5.344213e-07,-3.11441e-05
5.345213e-07,-3.11441e-05
5.346213e-07,-3.56845e-05
5.347213e-07,-4.54138e-05
5.348213e-07,-5.90348e-05
5.349213e-07,-7.46017e-05
5.350213e-07,-9.21144e-05
5.351213e-07,-0.00010833
5.352213e-07,-0.0001226
5.353213e-07,-0.000132329
5.354213e-07,-0.000136869
5.355213e-07,-0.000136869
5.356213e-07,-0.000132329
5.357213e-07,-0.000123897
5.358213e-07,-0.000112222
5.359213e-07,-9.98979e-05
5.360213e-07,-8.75741e-05
5.361213e-07,-7.52503e-05
5.362213e-07,-6.35752e-05
5.363213e-07,-5.38459e-05
5.364213e-07,-4.60624e-05
5.365213e-07,-4.02248e-05
5.366213e-07,-3.63331e-05
5.367213e-07,-3.37386e-05
5.368213e-07,-3.17928e-05
5.369213e-07,-3.04955e-05
5.370213e-07,-2.85497e-05
5.371213e-07,-2.46579e-05
5.372213e-07,-1.88204e-05
5.373213e-07,-9.09106e-06
5.374213e-07,4.52996e-06
5.375213e-07,2.07455e-05
5.376213e-07,3.95555e-05
5.377213e-07,6.03113e-05
5.378213e-07,8.23644e-05
5.379213e-07,0.000104417
5.380213e-07,0.000124525
5.381213e-07,0.000141389
5.382213e-07,0.00015501
5.383213e-07,0.000164739
5.384213e-07,0.000171874
5.385213e-07,0.000176414
5.386213e-07,0.000180306
5.387213e-07,0.000184198
5.388213e-07,0.000188738
5.389213e-07,0.000191981
5.390213e-07,0.000194576
5.391213e-07,0.000194576
5.392213e-07,0.000191333
5.393213e-07,0.000184198
5.394213e-07,0.000171874
5.395213e-07,0.00015501
5.396213e-07,0.000134254
5.397213e-07,0.000110904
5.398213e-07,8.69047e-05
5.399213e-07,6.61489e-05
5.400213e-07,4.92848e-05
5.401213e-07,3.95555e-05
5.402213e-07,3.82582e-05
5.403213e-07,4.47444e-05
5.404213e-07,5.96627e-05
5.405213e-07,7.97699e-05
5.406213e-07,0.000104417
5.407213e-07,0.000130362
5.408213e-07,0.000155658
5.409213e-07,0.00017836
5.410213e-07,0.000199116
5.411213e-07,0.000216629
5.412213e-07,0.000230898
5.413213e-07,0.000242574
5.414213e-07,0.000252303
5.415213e-07,0.000259438
5.416213e-07,0.000263329
5.417213e-07,0.000263978
5.418213e-07,0.000261384
5.419213e-07,0.0002536
5.420213e-07,0.000241276
5.421213e-07,0.000222466
5.422213e-07,0.000198467
5.423213e-07,0.000171225
5.424213e-07,0.000142037
5.425213e-07,0.000114795
5.426213e-07,9.01478e-05
5.427213e-07,7.06892e-05
5.428213e-07,5.64196e-05
5.429213e-07,4.86361e-05
5.430213e-07,4.66903e-05
5.431213e-07,4.86361e-05
5.432213e-07,5.25279e-05
5.433213e-07,5.5771e-05
5.434213e-07,5.70682e-05
5.435213e-07,5.44737e-05
5.436213e-07,4.79875e-05
5.437213e-07,3.76096e-05
5.438213e-07,2.46372e-05
5.439213e-07,1.03675e-05
5.440213e-07,-4.55072e-06
5.441213e-07,-1.68745e-05
5.442213e-07,-2.53066e-05
5.443213e-07,-2.91983e-05
5.444213e-07,-2.85497e-05
5.445213e-07,-2.59552e-05
5.446213e-07,-2.07662e-05
5.447213e-07,-1.55773e-05
5.448213e-07,-1.03883e-05
5.449213e-07,-5.84796e-06
5.450213e-07,-1.30762e-06
5.451213e-07,4.52996e-06
5.452213e-07,1.16648e-05
5.453213e-07,2.20427e-05
5.454213e-07,3.63124e-05
5.455213e-07,5.44737e-05
5.456213e-07,7.58782e-05
5.457213e-07,9.92285e-05
5.458213e-07,0.000122579
5.459213e-07,0.000145281
5.460213e-07,0.000163442
5.461213e-07,0.000176414
5.462213e-07,0.000182901
5.463213e-07,0.000181603
5.464213e-07,0.000173171
5.465213e-07,0.000158902
5.466213e-07,0.00014074
5.467213e-07,0.000120633
5.468213e-07,9.98771e-05
5.469213e-07,7.91213e-05
5.470213e-07,5.96627e-05
5.471213e-07,4.15013e-05
5.472213e-07,2.46372e-05
5.473213e-07,9.0703e-06
5.474213e-07,-4.55072e-06
5.475213e-07,-1.81717e-05
5.476213e-07,-3.04955e-05
5.477213e-07,-4.08734e-05
5.478213e-07,-4.93055e-05
5.479213e-07,-5.38459e-05
5.480213e-07,-5.44945e-05
5.481213e-07,-4.99541e-05
5.482213e-07,-3.95762e-05
5.483213e-07,-2.33607e-05
5.484213e-07,-2.60486e-06
5.485213e-07,2.07455e-05
5.486213e-07,4.60417e-05
5.487213e-07,7.13378e-05
5.488213e-07,9.46882e-05
5.489213e-07,0.000115444
5.490213e-07,0.000133605
5.491213e-07,0.000150469
5.492213e-07,0.000164091
5.493213e-07,0.000175766
5.494213e-07,0.000185495
5.495213e-07,0.000193927
5.496213e-07,0.000199116
5.497213e-07,0.000202359
5.498213e-07,0.00020171
5.499213e-07,0.000195873
5.500213e-07,0.000185495
5.501213e-07,0.000169928
5.502213e-07,0.000149821
5.503213e-07,0.000127119
5.504213e-07,0.000103769
5.505213e-07,8.10671e-05
5.506213e-07,6.16085e-05
5.507213e-07,4.66903e-05
5.508213e-07,3.6961e-05
5.509213e-07,3.24206e-05
5.510213e-07,3.24206e-05
5.511213e-07,3.56637e-05
5.512213e-07,4.02041e-05
5.513213e-07,4.47444e-05
5.514213e-07,4.66903e-05
5.515213e-07,4.66903e-05
5.516213e-07,4.47444e-05
5.517213e-07,4.08527e-05
5.518213e-07,3.6961e-05
5.519213e-07,3.56637e-05
5.520213e-07,3.76096e-05
5.521213e-07,4.40958e-05
5.522213e-07,5.38251e-05
5.523213e-07,6.74461e-05
5.524213e-07,8.10671e-05
5.525213e-07,9.40395e-05
5.526213e-07,0.000103769
5.527213e-07,0.000107012
5.528213e-07,0.000103769
5.529213e-07,9.40395e-05
5.530213e-07,7.84727e-05
5.531213e-07,6.03113e-05
5.532213e-07,4.15013e-05
5.533213e-07,2.59344e-05
5.534213e-07,1.62051e-05
5.535213e-07,1.42593e-05
5.536213e-07,2.07455e-05
5.537213e-07,3.37179e-05
5.538213e-07,5.18792e-05
5.539213e-07,7.19865e-05
5.540213e-07,8.94992e-05
5.541213e-07,0.00010312
5.542213e-07,0.000110904
5.543213e-07,0.000110904
5.544213e-07,0.00010312
5.545213e-07,8.94992e-05
5.546213e-07,7.19865e-05
5.547213e-07,5.18792e-05
5.548213e-07,3.1772e-05
5.549213e-07,1.23134e-05
5.550213e-07,-3.25348e-06
5.551213e-07,-1.68745e-05
5.552213e-07,-2.7901e-05
5.553213e-07,-3.76303e-05
5.554213e-07,-4.60624e-05
5.555213e-07,-5.44945e-05
5.556213e-07,-6.35752e-05
5.557213e-07,-7.26558e-05
5.558213e-07,-7.97907e-05
5.559213e-07,-8.36824e-05
5.560213e-07,-8.4331e-05
5.561213e-07,-8.04393e-05
5.562213e-07,-7.20072e-05
5.563213e-07,-5.96834e-05
5.564213e-07,-4.34679e-05
5.565213e-07,-2.59552e-05
5.566213e-07,-8.44244e-06
5.567213e-07,7.12444e-06
5.568213e-07,1.94482e-05
5.569213e-07,2.85289e-05
5.570213e-07,3.37179e-05
5.571213e-07,3.56637e-05
5.572213e-07,3.56637e-05
5.573213e-07,3.43665e-05
5.574213e-07,3.37179e-05
5.575213e-07,3.43665e-05
5.576213e-07,3.50151e-05
5.577213e-07,3.6961e-05
5.578213e-07,3.95555e-05
5.579213e-07,4.15013e-05
5.580213e-07,4.15013e-05
5.581213e-07,3.89068e-05
5.582213e-07,3.56637e-05
5.583213e-07,3.24206e-05
5.584213e-07,3.04748e-05
5.585213e-07,3.11234e-05
5.586213e-07,3.50151e-05
5.587213e-07,4.21499e-05
5.588213e-07,5.31765e-05
5.589213e-07,6.55003e-05
5.590213e-07,7.91213e-05
5.591213e-07,9.01478e-05
5.592213e-07,9.79313e-05
5.593213e-07,9.92285e-05
5.594213e-07,9.53368e-05
5.595213e-07,8.62561e-05
5.596213e-07,7.26351e-05
5.597213e-07,5.77168e-05
5.598213e-07,4.40958e-05
5.599213e-07,3.50151e-05
5.600213e-07,3.11234e-05
5.601213e-07,3.30692e-05
5.602213e-07,4.15013e-05
5.603213e-07,5.44737e-05
5.604213e-07,6.87434e-05
5.605213e-07,8.04185e-05
5.606213e-07,8.75533e-05
5.607213e-07,8.8202e-05
5.608213e-07,8.17158e-05
5.609213e-07,6.74461e-05
5.610213e-07,4.79875e-05
5.611213e-07,2.6583e-05
5.612213e-07,6.47582e-06
5.613213e-07,-9.73968e-06
5.614213e-07,-1.81717e-05
5.615213e-07,-1.62259e-05
5.616213e-07,-5.84796e-06
5.617213e-07,1.36106e-05
5.618213e-07,3.82582e-05
5.619213e-07,6.48516e-05
5.620213e-07,9.01478e-05
5.621213e-07,0.000110904
5.622213e-07,0.000124525
5.623213e-07,0.000130362
5.624213e-07,0.000128416
5.625213e-07,0.000120633
5.626213e-07,0.000108958
5.627213e-07,9.53368e-05
5.628213e-07,8.17158e-05
5.629213e-07,6.87434e-05
5.630213e-07,5.77168e-05
5.631213e-07,4.79875e-05
5.632213e-07,3.82582e-05
5.633213e-07,2.78803e-05
5.634213e-07,1.62051e-05
5.635213e-07,2.5841e-06
5.636213e-07,-1.29828e-05
5.637213e-07,-2.98469e-05
5.638213e-07,-4.60624e-05
5.639213e-07,-5.96834e-05
5.640213e-07,-6.87641e-05
5.641213e-07,-7.13586e-05
5.642213e-07,-6.74669e-05
5.643213e-07,-5.57917e-05
5.644213e-07,-3.8279e-05
5.645213e-07,-1.55773e-05
5.646213e-07,1.16648e-05
5.647213e-07,4.02041e-05
5.648213e-07,6.80947e-05
5.649213e-07,9.46882e-05
5.650213e-07,0.000118038
5.651213e-07,0.000138794
5.652213e-07,0.000154361
5.653213e-07,0.000166036
5.654213e-07,0.000173171
5.655213e-07,0.000177063
5.656213e-07,0.000175766
5.657213e-07,0.000169928
5.658213e-07,0.000158902
5.659213e-07,0.000143335
5.660213e-07,0.000123227
5.661213e-07,9.92285e-05
5.662213e-07,7.39323e-05
5.663213e-07,4.79875e-05
5.664213e-07,2.46372e-05
5.665213e-07,6.47582e-06
5.666213e-07,-5.84796e-06
5.667213e-07,-1.03883e-05
5.668213e-07,-6.49658e-06
5.669213e-07,4.52996e-06
5.670213e-07,2.13941e-05
5.671213e-07,4.15013e-05
5.672213e-07,6.29058e-05
5.673213e-07,8.23644e-05
5.674213e-07,9.98771e-05
5.675213e-07,0.000114147
5.676213e-07,0.000124525
5.677213e-07,0.000132308
5.678213e-07,0.000139443
5.679213e-07,0.000148524
5.680213e-07,0.000160199
5.681213e-07,0.000177063
5.682213e-07,0.000197819
5.683213e-07,0.000221169
5.684213e-07,0.000245817
5.685213e-07,0.00026787
5.686213e-07,0.00028668
5.687213e-07,0.000298355
5.688213e-07,0.000301598
5.689213e-07,0.000295112
5.690213e-07,0.000280194
5.691213e-07,0.000257492
5.692213e-07,0.000229601
5.693213e-07,0.000200413
5.694213e-07,0.000171874
5.695213e-07,0.000145929
5.696213e-07,0.000124525
5.697213e-07,0.000107661
5.698213e-07,9.6634e-05
5.699213e-07,8.94992e-05
5.700213e-07,8.56075e-05
5.701213e-07,8.43102e-05
5.702213e-07,8.56075e-05
5.703213e-07,8.8202e-05
5.704213e-07,9.33909e-05
5.705213e-07,0.000101174
5.706213e-07,0.000112201
5.707213e-07,0.000127119
5.708213e-07,0.000144632
5.709213e-07,0.000164091
5.710213e-07,0.000185495
5.711213e-07,0.000205602
5.712213e-07,0.000223764
5.713213e-07,0.000236736
5.714213e-07,0.000243222
5.715213e-07,0.000243871
5.716213e-07,0.000238033
5.717213e-07,0.000228304
5.718213e-07,0.000215332
5.719213e-07,0.000203008
5.720213e-07,0.000191333
5.721213e-07,0.000182901
5.722213e-07,0.00017836
5.723213e-07,0.000177063
5.724213e-07,0.000177712
5.725213e-07,0.000179657
5.726213e-07,0.000180306
5.727213e-07,0.000179009
5.728213e-07,0.00017382
5.729213e-07,0.000165388
5.730213e-07,0.000154361
5.731213e-07,0.000142037
5.732213e-07,0.000129714
5.733213e-07,0.00011739
5.734213e-07,0.000107661
5.735213e-07,9.98771e-05
5.736213e-07,9.33909e-05
5.737213e-07,8.75533e-05
5.738213e-07,8.04185e-05
5.739213e-07,7.19865e-05
5.740213e-07,5.96627e-05
5.741213e-07,4.47444e-05
5.742213e-07,2.78803e-05
5.743213e-07,9.71892e-06
5.744213e-07,-6.49658e-06
5.745213e-07,-1.88204e-05
5.746213e-07,-2.46579e-05
5.747213e-07,-2.20635e-05
5.748213e-07,-1.03883e-05
5.749213e-07,9.0703e-06
5.750213e-07,3.43665e-05
5.751213e-07,6.35544e-05
5.752213e-07,9.27423e-05
5.753213e-07,0.000118038
5.754213e-07,0.000136848
5.755213e-07,0.000147226
5.756213e-07,0.000149172
5.757213e-07,0.000143335
5.758213e-07,0.00013166
5.759213e-07,0.000116741
5.760213e-07,0.000100526
5.761213e-07,8.56075e-05
5.762213e-07,7.39323e-05
5.763213e-07,6.55003e-05
5.764213e-07,6.09599e-05
5.765213e-07,5.77168e-05
5.766213e-07,5.51223e-05
5.767213e-07,5.18792e-05
5.768213e-07,4.5393e-05
5.769213e-07,3.63124e-05
5.770213e-07,2.46372e-05
5.771213e-07,1.2962e-05
5.772213e-07,1.93548e-06
5.773213e-07,-7.1452e-06
5.774213e-07,-1.16855e-05
5.775213e-07,-1.10369e-05
5.776213e-07,-4.55072e-06
5.777213e-07,7.12444e-06
5.778213e-07,2.33399e-05
5.779213e-07,4.21499e-05
5.780213e-07,6.29058e-05
5.781213e-07,8.36616e-05
5.782213e-07,0.000104417
5.783213e-07,0.000123227
5.784213e-07,0.000141389
5.785213e-07,0.000156956
5.786213e-07,0.000170577
5.787213e-07,0.000181603
5.788213e-07,0.000189387
5.789213e-07,0.00019263
5.790213e-07,0.000190684
5.791213e-07,0.000182901
5.792213e-07,0.000167334
5.793213e-07,0.000145281
5.794213e-07,0.000116741
5.795213e-07,8.3013e-05
5.796213e-07,4.73389e-05
5.797213e-07,1.16648e-05
5.798213e-07,-2.07662e-05
5.799213e-07,-4.80083e-05
5.800213e-07,-6.81155e-05
5.801213e-07,-7.97907e-05
5.802213e-07,-8.30338e-05
5.803213e-07,-8.04393e-05
5.804213e-07,-7.26558e-05
5.805213e-07,-6.16293e-05
5.806213e-07,-4.86569e-05
5.807213e-07,-3.63331e-05
5.808213e-07,-2.46579e-05
5.809213e-07,-1.428e-05
5.810213e-07,-3.9021e-06
5.811213e-07,7.12444e-06
5.812213e-07,2.07455e-05
5.813213e-07,3.76096e-05
5.814213e-07,5.77168e-05
5.815213e-07,8.10671e-05
5.816213e-07,0.000105715
5.817213e-07,0.000130362
5.818213e-07,0.000153713
5.819213e-07,0.000172523
5.820213e-07,0.000186144
5.821213e-07,0.000193278
5.822213e-07,0.000193927
5.823213e-07,0.000188089
5.824213e-07,0.000177063
5.825213e-07,0.000163442
5.826213e-07,0.000147875
5.827213e-07,0.00013166
5.828213e-07,0.000116093
5.829213e-07,0.000101174
5.830213e-07,8.75533e-05
5.831213e-07,7.45809e-05
5.832213e-07,6.16085e-05
5.833213e-07,4.73389e-05
5.834213e-07,3.24206e-05
5.835213e-07,1.75024e-05
5.836213e-07,3.23272e-06
5.837213e-07,-7.79382e-06
5.838213e-07,-1.55773e-05
5.839213e-07,-1.75231e-05
5.840213e-07,-1.29828e-05
5.841213e-07,-6.58998e-07
5.842213e-07,1.87996e-05
5.843213e-07,4.47444e-05
5.844213e-07,7.39323e-05
5.845213e-07,0.000105066
5.846213e-07,0.000135551
5.847213e-07,0.000161496
5.848213e-07,0.000180955
5.849213e-07,0.000193927
5.850213e-07,0.000199765
5.851213e-07,0.000199116
5.852213e-07,0.000193927
5.853213e-07,0.000185495
5.854213e-07,0.000176414
5.855213e-07,0.000167982
5.856213e-07,0.000160847
5.857213e-07,0.000156307
5.858213e-07,0.000153064
5.859213e-07,0.000151767
5.860213e-07,0.000149821
5.861213e-07,0.000147226
5.862213e-07,0.000143335
5.863213e-07,0.000136848
5.864213e-07,0.000127768
5.865213e-07,0.000116093
5.866213e-07,0.00010312
5.867213e-07,9.01478e-05
5.868213e-07,7.71754e-05
5.869213e-07,6.61489e-05
5.870213e-07,5.64196e-05
5.871213e-07,4.99334e-05
5.872213e-07,4.5393e-05
5.873213e-07,4.34472e-05
5.874213e-07,4.47444e-05
5.875213e-07,4.73389e-05
5.876213e-07,4.99334e-05
5.877213e-07,5.38251e-05
5.878213e-07,5.77168e-05
5.879213e-07,6.16085e-05
5.880213e-07,6.48516e-05
5.881213e-07,6.74461e-05
5.882213e-07,6.80947e-05
5.883213e-07,6.74461e-05
5.884213e-07,6.4203e-05
5.885213e-07,5.90141e-05
5.886213e-07,5.18792e-05
5.887213e-07,4.15013e-05
5.888213e-07,2.85289e-05
5.889213e-07,1.36106e-05
5.890213e-07,-1.95624e-06
5.891213e-07,-1.55773e-05
5.892213e-07,-2.66038e-05
5.893213e-07,-3.50359e-05
5.894213e-07,-3.89276e-05
5.895213e-07,-3.8279e-05
5.896213e-07,-3.309e-05
5.897213e-07,-2.53066e-05
5.898213e-07,-1.36314e-05
5.899213e-07,-6.58998e-07
5.900213e-07,1.2962e-05
5.901213e-07,2.52858e-05
5.902213e-07,3.6961e-05
5.903213e-07,4.73389e-05
5.904213e-07,5.70682e-05
5.905213e-07,6.67975e-05
5.906213e-07,7.65268e-05
5.907213e-07,8.62561e-05
5.908213e-07,9.59854e-05
5.909213e-07,0.000105066
5.910213e-07,0.000114795
5.911213e-07,0.000124525
5.912213e-07,0.000132957
5.913213e-07,0.000138794
5.914213e-07,0.000142686
5.915213e-07,0.000143983
5.916213e-07,0.000143335
5.917213e-07,0.000139443
5.918213e-07,0.000134903
5.919213e-07,0.000129714
5.920213e-07,0.000125173
5.921213e-07,0.00012193
5.922213e-07,0.000119984
5.923213e-07,0.000119984
5.924213e-07,0.000120633
5.925213e-07,0.000122579
5.926213e-07,0.000123876
5.927213e-07,0.000125173
5.928213e-07,0.000125173
5.929213e-07,0.000125173
5.930213e-07,0.000125173
5.931213e-07,0.000126471
5.932213e-07,0.000129065
5.933213e-07,0.000132957
5.934213e-07,0.000138794
5.935213e-07,0.000146578
5.936213e-07,0.000155658
5.937213e-07,0.000163442
5.938213e-07,0.000169928
5.939213e-07,0.000173171
5.940213e-07,0.000171874
5.941213e-07,0.000166036
5.942213e-07,0.000155658
5.943213e-07,0.000142686
5.944213e-07,0.000129714
5.945213e-07,0.000118038
5.946213e-07,0.000110255
5.947213e-07,0.000107661
5.948213e-07,0.000111552
5.949213e-07,0.000122579
5.950213e-07,0.00014074
5.951213e-07,0.000163442
5.952213e-07,0.000188089
5.953213e-07,0.000214034
5.954213e-07,0.000237385
5.955213e-07,0.000256195
5.956213e-07,0.000268518
5.957213e-07,0.000271761
5.958213e-07,0.000266573
5.959213e-07,0.000252951
5.960213e-07,0.000232196
5.961213e-07,0.000204954
5.962213e-07,0.000173171
5.963213e-07,0.000139443
5.964213e-07,0.000105066
5.965213e-07,7.13378e-05
5.966213e-07,4.08527e-05
5.967213e-07,1.42593e-05
5.968213e-07,-6.49658e-06
5.969213e-07,-2.07662e-05
5.970213e-07,-2.72524e-05
5.971213e-07,-2.59552e-05
5.972213e-07,-1.75231e-05
5.973213e-07,-2.60486e-06
5.974213e-07,1.75024e-05
5.975213e-07,4.02041e-05
5.976213e-07,6.35544e-05
5.977213e-07,8.62561e-05
5.978213e-07,0.000104417
5.979213e-07,0.000118038
5.980213e-07,0.000124525
5.981213e-07,0.000123227
5.982213e-07,0.000116741
5.983213e-07,0.000104417
5.984213e-07,9.07964e-05
5.985213e-07,7.65268e-05
5.986213e-07,6.48516e-05
5.987213e-07,5.70682e-05
5.988213e-07,5.31765e-05
5.989213e-07,5.44737e-05
5.990213e-07,5.96627e-05
5.991213e-07,6.80947e-05
5.992213e-07,7.91213e-05
5.993213e-07,9.14451e-05
5.994213e-07,0.000103769
5.995213e-07,0.000116093
5.996213e-07,0.000127119
5.997213e-07,0.000137497
5.998213e-07,0.000145929
5.999213e-07,0.000152415
6.000213e-07,0.000156956
6.001213e-07,0.00015955
6.002213e-07,0.00015955
6.003213e-07,0.000156307
6.004213e-07,0.000149172
6.005213e-07,0.000137497
6.006213e-07,0.000121282
6.007213e-07,0.000101174
6.008213e-07,7.84727e-05
6.009213e-07,5.51223e-05
6.010213e-07,3.37179e-05
6.011213e-07,1.62051e-05
6.012213e-07,5.17858e-06
6.013213e-07,1.28686e-06
6.014213e-07,6.47582e-06
6.015213e-07,2.07455e-05
6.016213e-07,4.34472e-05
6.017213e-07,7.32837e-05
6.018213e-07,0.000107012
6.019213e-07,0.000143983
6.020213e-07,0.000179657
6.021213e-07,0.000212737
6.022213e-07,0.000240628
6.023213e-07,0.000262681
6.024213e-07,0.00027695
6.025213e-07,0.000284734
6.026213e-07,0.000286031
6.027213e-07,0.000282139
6.028213e-07,0.000273059
6.029213e-07,0.000260735
6.030213e-07,0.000245817
6.031213e-07,0.00023025
6.032213e-07,0.000214034
6.033213e-07,0.000199116
6.034213e-07,0.000185495
6.035213e-07,0.00017382
6.036213e-07,0.000164739
6.037213e-07,0.000157604
6.038213e-07,0.000153064
6.039213e-07,0.000151767
6.040213e-07,0.000151767
6.041213e-07,0.000152415
6.042213e-07,0.000154361
6.043213e-07,0.000155658
6.044213e-07,0.00015501
6.045213e-07,0.000151767
6.046213e-07,0.000145281
6.047213e-07,0.0001362
6.048213e-07,0.000123876
6.049213e-07,0.000109606
6.050213e-07,9.53368e-05
6.051213e-07,8.23644e-05
6.052213e-07,7.26351e-05
6.053213e-07,6.67975e-05
6.054213e-07,6.55003e-05
6.055213e-07,7.06892e-05
6.056213e-07,8.17158e-05
6.057213e-07,9.79313e-05
6.058213e-07,0.000118687
6.059213e-07,0.000143335
6.060213e-07,0.000169279
6.061213e-07,0.000195224
6.062213e-07,0.000219872
6.063213e-07,0.000240628
6.064213e-07,0.000256843
6.065213e-07,0.00026787
6.066213e-07,0.000273707
6.067213e-07,0.000274356
6.068213e-07,0.000269816
6.069213e-07,0.000260735
6.070213e-07,0.000247763
6.071213e-07,0.000231547
6.072213e-07,0.000212737
6.073213e-07,0.00019263
6.074213e-07,0.000173171
6.075213e-07,0.00015501
6.076213e-07,0.000139443
6.077213e-07,0.000126471
6.078213e-07,0.00011739
6.079213e-07,0.000113498
6.080213e-07,0.000113498
6.081213e-07,0.000116741
6.082213e-07,0.000123876
6.083213e-07,0.000132957
6.084213e-07,0.000142037
6.085213e-07,0.000151118
6.086213e-07,0.000158902
6.087213e-07,0.000164091
6.088213e-07,0.000166685
6.089213e-07,0.000165388
6.090213e-07,0.000160847
6.091213e-07,0.000154361
6.092213e-07,0.000144632
6.093213e-07,0.000132957
6.094213e-07,0.000119336
6.095213e-07,0.000104417
6.096213e-07,8.94992e-05
6.097213e-07,7.39323e-05
6.098213e-07,5.96627e-05
6.099213e-07,4.5393e-05
6.100213e-07,3.1772e-05
6.101213e-07,1.94482e-05
6.102213e-07,9.0703e-06
6.103213e-07,6.38242e-07
6.104213e-07,-6.49658e-06
6.105213e-07,-1.16855e-05
6.106213e-07,-1.49286e-05
6.107213e-07,-1.62259e-05
6.108213e-07,-1.68745e-05
6.109213e-07,-1.55773e-05
6.110213e-07,-1.29828e-05
6.111213e-07,-9.09106e-06
6.112213e-07,-3.25348e-06
6.113213e-07,3.88134e-06
6.114213e-07,1.36106e-05
6.115213e-07,2.52858e-05
6.116213e-07,3.95555e-05
6.117213e-07,5.64196e-05
6.118213e-07,7.52296e-05
6.119213e-07,9.40395e-05
6.120213e-07,0.000113498
6.121213e-07,0.00013166
6.122213e-07,0.000146578
6.123213e-07,0.000158253
6.124213e-07,0.000164091
6.125213e-07,0.000165388
6.126213e-07,0.000162145
6.127213e-07,0.000154361
6.128213e-07,0.000143335
6.129213e-07,0.000130362
6.130213e-07,0.00011739
6.131213e-07,0.000105715
6.132213e-07,9.46882e-05
6.133213e-07,8.69047e-05
6.134213e-07,8.17158e-05
6.135213e-07,7.97699e-05
6.136213e-07,8.04185e-05
6.137213e-07,8.17158e-05
6.138213e-07,8.43102e-05
6.139213e-07,8.69047e-05
6.140213e-07,8.88506e-05
6.141213e-07,8.88506e-05
6.142213e-07,8.88506e-05
6.143213e-07,8.75533e-05
6.144213e-07,8.43102e-05
6.145213e-07,7.97699e-05
6.146213e-07,7.52296e-05
6.147213e-07,6.9392e-05
6.148213e-07,6.35544e-05
6.149213e-07,5.77168e-05
6.150213e-07,5.18792e-05
6.151213e-07,4.73389e-05
6.152213e-07,4.47444e-05
6.153213e-07,4.40958e-05
6.154213e-07,4.66903e-05
6.155213e-07,5.18792e-05
6.156213e-07,6.03113e-05
6.157213e-07,7.06892e-05
6.158213e-07,8.3013e-05
6.159213e-07,9.59854e-05
6.160213e-07,0.000108309
6.161213e-07,0.000118687
6.162213e-07,0.000126471
6.163213e-07,0.000130362
6.164213e-07,0.000131011
6.165213e-07,0.000127119
6.166213e-07,0.000120633
6.167213e-07,0.000112201
6.168213e-07,0.00010312
6.169213e-07,9.33909e-05
6.170213e-07,8.43102e-05
6.171213e-07,7.65268e-05
6.172213e-07,7.06892e-05
6.173213e-07,6.61489e-05
6.174213e-07,6.29058e-05
6.175213e-07,6.09599e-05
6.176213e-07,5.90141e-05
6.177213e-07,5.83654e-05
6.178213e-07,5.77168e-05
6.179213e-07,5.90141e-05
6.180213e-07,6.03113e-05
6.181213e-07,6.29058e-05
6.182213e-07,6.74461e-05
6.183213e-07,7.32837e-05
6.184213e-07,8.04185e-05
6.185213e-07,8.75533e-05
6.186213e-07,9.53368e-05
6.187213e-07,0.000101823
6.188213e-07,0.000105715
6.189213e-07,0.000106363
6.190213e-07,0.000103769
6.191213e-07,9.85799e-05
6.192213e-07,9.07964e-05
6.193213e-07,8.17158e-05
6.194213e-07,7.26351e-05
6.195213e-07,6.48516e-05
6.196213e-07,5.90141e-05
6.197213e-07,5.5771e-05
6.198213e-07,5.5771e-05
6.199213e-07,5.90141e-05
6.200213e-07,6.4203e-05
6.201213e-07,7.06892e-05
6.202213e-07,7.71754e-05
6.203213e-07,8.23644e-05
6.204213e-07,8.49589e-05
6.205213e-07,8.36616e-05
6.206213e-07,7.91213e-05
6.207213e-07,6.9392e-05
6.208213e-07,5.5771e-05
6.209213e-07,3.89068e-05
6.210213e-07,2.00968e-05
6.211213e-07,1.28686e-06
6.212213e-07,-1.81717e-05
6.213213e-07,-3.63331e-05
6.214213e-07,-5.19e-05
6.215213e-07,-6.48724e-05
6.216213e-07,-7.46017e-05
6.217213e-07,-7.97907e-05
6.218213e-07,-8.04393e-05
6.219213e-07,-7.65476e-05
6.220213e-07,-6.74669e-05
6.221213e-07,-5.44945e-05
6.222213e-07,-3.8279e-05
6.223213e-07,-1.9469e-05
6.224213e-07,1.28686e-06
6.225213e-07,2.13941e-05
6.226213e-07,4.08527e-05
6.227213e-07,5.64196e-05
6.228213e-07,6.74461e-05
6.229213e-07,7.39323e-05
6.230213e-07,7.45809e-05
6.231213e-07,7.19865e-05
6.232213e-07,6.67975e-05
6.233213e-07,6.09599e-05
6.234213e-07,5.70682e-05
6.235213e-07,5.64196e-05
6.236213e-07,6.22572e-05
6.237213e-07,7.32837e-05
6.238213e-07,9.14451e-05
6.239213e-07,0.000114147
6.240213e-07,0.000140092
6.241213e-07,0.000167334
6.242213e-07,0.00019263
6.243213e-07,0.000213386
6.244213e-07,0.000227655
6.245213e-07,0.000234141
6.246213e-07,0.000233493
6.247213e-07,0.000225061
6.248213e-07,0.000210791
6.249213e-07,0.000193278
6.250213e-07,0.000174468
6.251213e-07,0.000155658
6.252213e-07,0.000138794
6.253213e-07,0.000125173
6.254213e-07,0.000114147
6.255213e-07,0.000107012
6.256213e-07,0.000101823
6.257213e-07,9.85799e-05
6.258213e-07,9.72826e-05
6.259213e-07,9.6634e-05
6.260213e-07,9.72826e-05
6.261213e-07,9.92285e-05
6.262213e-07,0.000101823
6.263213e-07,0.000106363
6.264213e-07,0.000111552
6.265213e-07,0.00011739
6.266213e-07,0.000123876
6.267213e-07,0.000129065
6.268213e-07,0.000132957
6.269213e-07,0.000135551
6.270213e-07,0.000136848
6.271213e-07,0.000137497
6.272213e-07,0.000137497
6.273213e-07,0.000137497
6.274213e-07,0.000138794
6.275213e-07,0.000141389
6.276213e-07,0.000145281
6.277213e-07,0.000149172
6.278213e-07,0.000154361
6.279213e-07,0.000158902
6.280213e-07,0.000160199
6.281213e-07,0.000158902
6.282213e-07,0.000154361
6.283213e-07,0.000146578
6.284213e-07,0.000136848
6.285213e-07,0.000125822
6.286213e-07,0.000114795
6.287213e-07,0.000106363
6.288213e-07,0.000101174
6.289213e-07,9.98771e-05
6.290213e-07,0.000101823
6.291213e-07,0.000107661
6.292213e-07,0.000116093
6.293213e-07,0.000124525
6.294213e-07,0.000132308
6.295213e-07,0.000137497
6.296213e-07,0.000138794
6.297213e-07,0.0001362
6.298213e-07,0.000130362
6.299213e-07,0.000121282
6.300213e-07,0.000109606
6.301213e-07,9.6634e-05
6.302213e-07,8.43102e-05
6.303213e-07,7.26351e-05
6.304213e-07,6.22572e-05
6.305213e-07,5.25279e-05
6.306213e-07,4.27986e-05
6.307213e-07,3.30692e-05
6.308213e-07,2.20427e-05
6.309213e-07,8.42168e-06
6.310213e-07,-7.1452e-06
6.311213e-07,-2.40093e-05
6.312213e-07,-4.21707e-05
6.313213e-07,-6.09807e-05
6.314213e-07,-7.84934e-05
6.315213e-07,-9.34117e-05
6.316213e-07,-0.000104438
6.317213e-07,-0.000111573
6.318213e-07,-0.000113519
6.319213e-07,-0.000112222
6.320213e-07,-0.000107681
6.321213e-07,-0.000101195
6.322213e-07,-9.34117e-05
6.323213e-07,-8.4331e-05
6.324213e-07,-7.65476e-05
6.325213e-07,-6.94127e-05
6.326213e-07,-6.35752e-05
6.327213e-07,-5.90348e-05
6.328213e-07,-5.51431e-05
6.329213e-07,-5.19e-05
6.330213e-07,-4.73596e-05
6.331213e-07,-4.21707e-05
6.332213e-07,-3.76303e-05
6.333213e-07,-3.309e-05
6.334213e-07,-2.85497e-05
6.335213e-07,-2.27121e-05
6.336213e-07,-1.55773e-05
6.337213e-07,-7.1452e-06
6.338213e-07,1.93548e-06
6.339213e-07,1.2962e-05
6.340213e-07,2.59344e-05
6.341213e-07,4.08527e-05
6.342213e-07,5.90141e-05
6.343213e-07,7.7824e-05
6.344213e-07,9.72826e-05
6.345213e-07,0.000116093
6.346213e-07,0.000132308
6.347213e-07,0.000145929
6.348213e-07,0.00015501
6.349213e-07,0.000158253
6.350213e-07,0.000156956
6.351213e-07,0.000151118
6.352213e-07,0.000142037
6.353213e-07,0.00013166
6.354213e-07,0.000121282
6.355213e-07,0.000114147
6.356213e-07,0.000111552
6.357213e-07,0.000112201
6.358213e-07,0.00011739
6.359213e-07,0.000126471
6.360213e-07,0.000138794
6.361213e-07,0.000152415
6.362213e-07,0.000166685
6.363213e-07,0.000179009
6.364213e-07,0.000189387
6.365213e-07,0.000196522
6.366213e-07,0.000201062
6.367213e-07,0.000203008
6.368213e-07,0.00020171
6.369213e-07,0.000197819
6.370213e-07,0.000191333
6.371213e-07,0.000181603
6.372213e-07,0.000170577
6.373213e-07,0.000156956
6.374213e-07,0.000142686
6.375213e-07,0.000127119
6.376213e-07,0.000110904
6.377213e-07,9.59854e-05
6.378213e-07,8.36616e-05
6.379213e-07,7.52296e-05
6.380213e-07,7.13378e-05
6.381213e-07,7.26351e-05
6.382213e-07,8.04185e-05
6.383213e-07,9.27423e-05
6.384213e-07,0.000109606
6.385213e-07,0.000129714
6.386213e-07,0.000151118
6.387213e-07,0.000171225
6.388213e-07,0.000190035
6.389213e-07,0.000204305
6.390213e-07,0.000214034
6.391213e-07,0.000219223
6.392213e-07,0.00022052
6.393213e-07,0.000217926
6.394213e-07,0.000213386
6.395213e-07,0.000206251
6.396213e-07,0.000198467
6.397213e-07,0.000190684
6.398213e-07,0.000184198
6.399213e-07,0.000177712
6.400213e-07,0.000171225
6.401213e-07,0.000164091
6.402213e-07,0.000156956
6.403213e-07,0.000149821
6.404213e-07,0.000142686
6.405213e-07,0.0001362
6.406213e-07,0.000131011
6.407213e-07,0.000127119
6.408213e-07,0.000125173
6.409213e-07,0.000123876
6.410213e-07,0.000124525
6.411213e-07,0.000126471
6.412213e-07,0.000129065
6.413213e-07,0.000131011
6.414213e-07,0.00013166
6.415213e-07,0.000130362
6.416213e-07,0.000127768
6.417213e-07,0.000123876
6.418213e-07,0.000119984
6.419213e-07,0.000116093
6.420213e-07,0.000114147
6.421213e-07,0.000115444
6.422213e-07,0.000119984
6.423213e-07,0.000129065
6.424213e-07,0.000143335
6.425213e-07,0.000160199
6.426213e-07,0.000179009
6.427213e-07,0.00019717
6.428213e-07,0.000213386
6.429213e-07,0.000225709
6.430213e-07,0.000233493
6.431213e-07,0.000235439
6.432213e-07,0.00023025
6.433213e-07,0.000219872
6.434213e-07,0.000203656
6.435213e-07,0.000184846
6.436213e-07,0.000163442
6.437213e-07,0.000141389
6.438213e-07,0.000119984
6.439213e-07,9.98771e-05
6.440213e-07,8.10671e-05
6.441213e-07,6.35544e-05
6.442213e-07,4.86361e-05
6.443213e-07,3.56637e-05
6.444213e-07,2.46372e-05
6.445213e-07,1.49079e-05
6.446213e-07,7.12444e-06
6.447213e-07,1.28686e-06
6.448213e-07,-3.25348e-06
6.449213e-07,-5.19934e-06
6.450213e-07,-5.84796e-06
6.451213e-07,-4.55072e-06
6.452213e-07,-1.95624e-06
6.453213e-07,1.28686e-06
6.454213e-07,6.47582e-06
6.455213e-07,1.10162e-05
6.456213e-07,1.62051e-05
6.457213e-07,2.07455e-05
6.458213e-07,2.52858e-05
6.459213e-07,3.04748e-05
6.460213e-07,3.50151e-05
6.461213e-07,4.08527e-05
6.462213e-07,4.86361e-05
6.463213e-07,5.70682e-05
6.464213e-07,6.74461e-05
6.465213e-07,7.84727e-05
6.466213e-07,8.94992e-05
6.467213e-07,9.79313e-05
6.468213e-07,0.00010312
6.469213e-07,0.00010312
6.470213e-07,9.72826e-05
6.471213e-07,8.56075e-05
6.472213e-07,6.74461e-05
6.473213e-07,4.47444e-05
6.474213e-07,1.8151e-05
6.475213e-07,-9.73968e-06
6.476213e-07,-3.63331e-05
6.477213e-07,-5.96834e-05
6.478213e-07,-7.65476e-05
6.479213e-07,-8.75741e-05
6.480213e-07,-9.21144e-05
6.481213e-07,-8.88713e-05
6.482213e-07,-7.9142e-05
6.483213e-07,-6.35752e-05
6.484213e-07,-4.28193e-05
6.485213e-07,-1.9469e-05
6.486213e-07,6.47582e-06
6.487213e-07,3.30692e-05
6.488213e-07,5.96627e-05
6.489213e-07,8.56075e-05
6.490213e-07,0.000110255
6.491213e-07,0.00013166
6.492213e-07,0.000149821
6.493213e-07,0.000164091
6.494213e-07,0.000173171
6.495213e-07,0.000179009
6.496213e-07,0.000179657
6.497213e-07,0.000176414
6.498213e-07,0.000169279
6.499213e-07,0.000157604
6.500213e-07,0.000143335
6.501213e-07,0.000127119
6.502213e-07,0.000110904
6.503213e-07,9.53368e-05
6.504213e-07,8.17158e-05
6.505213e-07,7.00406e-05
6.506213e-07,6.03113e-05
6.507213e-07,5.31765e-05
6.508213e-07,4.79875e-05
6.509213e-07,4.5393e-05
6.510213e-07,4.34472e-05
6.511213e-07,4.21499e-05
6.512213e-07,3.95555e-05
6.513213e-07,3.63124e-05
6.514213e-07,3.1772e-05
6.515213e-07,2.59344e-05
6.516213e-07,1.75024e-05
6.517213e-07,7.77306e-06
6.518213e-07,-4.55072e-06
6.519213e-07,-1.88204e-05
6.520213e-07,-3.309e-05
6.521213e-07,-4.80083e-05
6.522213e-07,-6.16293e-05
6.523213e-07,-7.26558e-05
6.524213e-07,-7.97907e-05
6.525213e-07,-8.17365e-05
6.526213e-07,-7.78448e-05
6.527213e-07,-6.74669e-05
6.528213e-07,-5.06027e-05
6.529213e-07,-2.85497e-05
6.530213e-07,-2.60486e-06
6.531213e-07,2.46372e-05
6.532213e-07,5.0582e-05
6.533213e-07,7.39323e-05
6.534213e-07,9.40395e-05
6.535213e-07,0.000108309
6.536213e-07,0.00011739
6.537213e-07,0.000119984
6.538213e-07,0.000116741
6.539213e-07,0.000108958
6.540213e-07,9.85799e-05
6.541213e-07,8.56075e-05
6.542213e-07,7.13378e-05
6.543213e-07,5.70682e-05
6.544213e-07,4.27986e-05
6.545213e-07,2.85289e-05
6.546213e-07,1.62051e-05
6.547213e-07,3.88134e-06
6.548213e-07,-7.1452e-06
6.549213e-07,-1.81717e-05
6.550213e-07,-2.85497e-05
6.551213e-07,-3.69817e-05
6.552213e-07,-4.41165e-05
6.553213e-07,-4.86569e-05
6.554213e-07,-4.99541e-05
6.555213e-07,-4.6711e-05
6.556213e-07,-3.95762e-05
6.557213e-07,-2.7901e-05
6.558213e-07,-1.16855e-05
6.559213e-07,8.42168e-06
6.560213e-07,3.11234e-05
6.561213e-07,5.44737e-05
6.562213e-07,7.7824e-05
6.563213e-07,9.92285e-05
6.564213e-07,0.00011739
6.565213e-07,0.000132308
6.566213e-07,0.000143335
6.567213e-07,0.000149821
6.568213e-07,0.000152415
6.569213e-07,0.000150469
6.570213e-07,0.000145281
6.571213e-07,0.000136848
6.572213e-07,0.000125822
6.573213e-07,0.000112201
6.574213e-07,9.79313e-05
6.575213e-07,8.3013e-05
6.576213e-07,6.80947e-05
6.577213e-07,5.44737e-05
6.578213e-07,4.27986e-05
6.579213e-07,3.30692e-05
6.580213e-07,2.46372e-05
6.581213e-07,1.8151e-05
6.582213e-07,1.2962e-05
6.583213e-07,8.42168e-06
6.584213e-07,3.23272e-06
6.585213e-07,-1.95624e-06
6.586213e-07,-7.79382e-06
6.587213e-07,-1.49286e-05
6.588213e-07,-2.33607e-05
6.589213e-07,-3.309e-05
6.590213e-07,-4.21707e-05
6.591213e-07,-4.86569e-05
6.592213e-07,-5.31972e-05
6.593213e-07,-5.44945e-05
6.594213e-07,-5.12514e-05
6.595213e-07,-4.41165e-05
6.596213e-07,-3.309e-05
6.597213e-07,-1.75231e-05
6.598213e-07,6.38242e-07
6.599213e-07,2.13941e-05
6.600213e-07,4.27986e-05
6.601213e-07,6.48516e-05
6.602213e-07,8.56075e-05
6.603213e-07,0.000104417
6.604213e-07,0.00012193
6.605213e-07,0.000137497
6.606213e-07,0.000152415
6.607213e-07,0.000166036
6.608213e-07,0.000177063
6.609213e-07,0.000186792
6.610213e-07,0.000193927
6.611213e-07,0.00019717
6.612213e-07,0.000195224
6.613213e-07,0.000188089
6.614213e-07,0.000174468
6.615213e-07,0.000155658
6.616213e-07,0.000132957
6.617213e-07,0.000107661
6.618213e-07,8.23644e-05
6.619213e-07,5.83654e-05
6.620213e-07,3.82582e-05
6.621213e-07,2.52858e-05
6.622213e-07,1.94482e-05
6.623213e-07,2.13941e-05
6.624213e-07,3.11234e-05
6.625213e-07,4.60417e-05
6.626213e-07,6.4203e-05
6.627213e-07,8.49589e-05
6.628213e-07,0.000104417
6.629213e-07,0.000122579
6.630213e-07,0.000138794
6.631213e-07,0.000151767
6.632213e-07,0.000160847
6.633213e-07,0.000167334
6.634213e-07,0.000172523
6.635213e-07,0.000176414
6.636213e-07,0.000179657
6.637213e-07,0.000182901
6.638213e-07,0.000186144
6.639213e-07,0.000188089
6.640213e-07,0.000188738
6.641213e-07,0.000186792
6.642213e-07,0.000181603
6.643213e-07,0.000172523
6.644213e-07,0.000160199
6.645213e-07,0.000145281
6.646213e-07,0.000128416
6.647213e-07,0.000112201
6.648213e-07,9.72826e-05
6.649213e-07,8.49589e-05
6.650213e-07,7.58782e-05
6.651213e-07,7.19865e-05
6.652213e-07,7.26351e-05
6.653213e-07,7.71754e-05
6.654213e-07,8.62561e-05
6.655213e-07,9.85799e-05
6.656213e-07,0.000113498
6.657213e-07,0.000129714
6.658213e-07,0.000146578
6.659213e-07,0.000163442
6.660213e-07,0.000179009
6.661213e-07,0.00019263
6.662213e-07,0.000203008
6.663213e-07,0.000208845
6.664213e-07,0.000208197
6.665213e-07,0.000201062
6.666213e-07,0.000186792
6.667213e-07,0.000166036
6.668213e-07,0.00014074
6.669213e-07,0.000111552
6.670213e-07,8.23644e-05
6.671213e-07,5.51223e-05
6.672213e-07,3.1772e-05
6.673213e-07,1.55565e-05
6.674213e-07,7.12444e-06
6.675213e-07,5.8272e-06
6.676213e-07,1.23134e-05
6.677213e-07,2.33399e-05
6.678213e-07,3.76096e-05
6.679213e-07,5.25279e-05
6.680213e-07,6.55003e-05
6.681213e-07,7.65268e-05
6.682213e-07,8.23644e-05
6.683213e-07,8.43102e-05
6.684213e-07,8.17158e-05
6.685213e-07,7.7824e-05
6.686213e-07,7.32837e-05
6.687213e-07,6.87434e-05
6.688213e-07,6.55003e-05
6.689213e-07,6.4203e-05
6.690213e-07,6.4203e-05
6.691213e-07,6.48516e-05
6.692213e-07,6.55003e-05
6.693213e-07,6.61489e-05
6.694213e-07,6.55003e-05
6.695213e-07,6.29058e-05
6.696213e-07,5.96627e-05
6.697213e-07,5.51223e-05
6.698213e-07,5.18792e-05
6.699213e-07,5.0582e-05
6.700213e-07,5.12306e-05
6.701213e-07,5.5771e-05
6.702213e-07,6.29058e-05
6.703213e-07,7.32837e-05
6.704213e-07,8.43102e-05
6.705213e-07,9.59854e-05
6.706213e-07,0.000105715
6.707213e-07,0.00011285
6.708213e-07,0.000116093
6.709213e-07,0.000116093
6.710213e-07,0.000113498
6.711213e-07,0.000107661
6.712213e-07,9.92285e-05
6.713213e-07,9.07964e-05
6.714213e-07,8.17158e-05
6.715213e-07,7.45809e-05
6.716213e-07,6.74461e-05
6.717213e-07,6.16085e-05
6.718213e-07,5.5771e-05
6.719213e-07,4.99334e-05
6.720213e-07,4.40958e-05
6.721213e-07,3.76096e-05
6.722213e-07,3.11234e-05
6.723213e-07,2.52858e-05
6.724213e-07,2.07455e-05
6.725213e-07,1.75024e-05
6.726213e-07,1.62051e-05
6.727213e-07,1.8151e-05
6.728213e-07,2.20427e-05
6.729213e-07,2.91775e-05
6.730213e-07,3.76096e-05
6.731213e-07,4.66903e-05
6.732213e-07,5.64196e-05
6.733213e-07,6.55003e-05
6.734213e-07,7.32837e-05
6.735213e-07,8.04185e-05
6.736213e-07,8.56075e-05
6.737213e-07,8.94992e-05
6.738213e-07,9.14451e-05
6.739213e-07,9.14451e-05
6.740213e-07,8.94992e-05
6.741213e-07,8.49589e-05
6.742213e-07,7.84727e-05
6.743213e-07,6.9392e-05
6.744213e-07,5.83654e-05
6.745213e-07,4.5393e-05
6.746213e-07,3.1772e-05
6.747213e-07,1.87996e-05
6.748213e-07,7.12444e-06
6.749213e-07,-1.30762e-06
6.750213e-07,-5.84796e-06
6.751213e-07,-6.49658e-06
6.752213e-07,-1.95624e-06
6.753213e-07,6.47582e-06
6.754213e-07,1.87996e-05
6.755213e-07,3.37179e-05
6.756213e-07,4.92848e-05
6.757213e-07,6.35544e-05
6.758213e-07,7.71754e-05
6.759213e-07,8.69047e-05
6.760213e-07,9.33909e-05
6.761213e-07,9.59854e-05
6.762213e-07,9.53368e-05
6.763213e-07,9.07964e-05
6.764213e-07,8.49589e-05
6.765213e-07,7.71754e-05
6.766213e-07,6.87434e-05
6.767213e-07,6.03113e-05
6.768213e-07,5.18792e-05
6.769213e-07,4.15013e-05
6.770213e-07,3.04748e-05
6.771213e-07,1.8151e-05
6.772213e-07,4.52996e-06
6.773213e-07,-1.03883e-05
6.774213e-07,-2.46579e-05
6.775213e-07,-3.8279e-05
6.776213e-07,-4.99541e-05
6.777213e-07,-5.7089e-05
6.778213e-07,-5.90348e-05
6.779213e-07,-5.51431e-05
6.780213e-07,-4.47652e-05
6.781213e-07,-2.85497e-05
6.782213e-07,-7.79382e-06
6.783213e-07,1.68537e-05
6.784213e-07,4.27986e-05
6.785213e-07,6.80947e-05
6.786213e-07,9.20937e-05
6.787213e-07,0.000111552
6.788213e-07,0.000127119
6.789213e-07,0.000136848
6.790213e-07,0.000141389
6.791213e-07,0.000142037
6.792213e-07,0.000138794
6.793213e-07,0.000132308
6.794213e-07,0.000125173
6.795213e-07,0.000118038
6.796213e-07,0.000110904
6.797213e-07,0.000105066
6.798213e-07,0.000100526
6.799213e-07,9.6634e-05
6.800213e-07,9.27423e-05
6.801213e-07,8.88506e-05
6.802213e-07,8.49589e-05
6.803213e-07,8.10671e-05
6.804213e-07,7.7824e-05
6.805213e-07,7.39323e-05
6.806213e-07,7.06892e-05
6.807213e-07,6.80947e-05
6.808213e-07,6.61489e-05
6.809213e-07,6.4203e-05
6.810213e-07,6.22572e-05
6.811213e-07,5.90141e-05
6.812213e-07,5.31765e-05
6.813213e-07,4.5393e-05
6.814213e-07,3.56637e-05
6.815213e-07,2.39886e-05
6.816213e-07,1.10162e-05
6.817213e-07,-1.30762e-06
6.818213e-07,-1.23342e-05
6.819213e-07,-2.14148e-05
6.820213e-07,-2.7901e-05
6.821213e-07,-3.11441e-05
6.822213e-07,-3.24414e-05
6.823213e-07,-3.04955e-05
6.824213e-07,-2.7901e-05
6.825213e-07,-2.40093e-05
6.826213e-07,-2.01176e-05
6.827213e-07,-1.62259e-05
6.828213e-07,-1.23342e-05
