LECROYWaveRunner‘N,20113,Waveform
Segments,1,SegmentSize,2002
Segment,TrigTime,TimeSinceSegment1
#1,01-Oct-2018 13:41:15,0                 
Time,Ampl
4.82701e-07,0.000241925
4.82801e-07,0.0002536
4.82901e-07,0.000255546
4.83001e-07,0.000248411
4.83101e-07,0.000230898
4.83201e-07,0.000205602
4.83301e-07,0.00017382
4.83401e-07,0.000139443
4.83501e-07,0.000104417
4.83601e-07,7.19865e-05
4.83701e-07,4.47444e-05
4.83801e-07,2.39886e-05
4.83901e-07,1.10162e-05
4.84001e-07,5.17858e-06
4.84101e-07,4.52996e-06
4.84201e-07,8.42168e-06
4.84301e-07,1.49079e-05
4.84401e-07,2.20427e-05
4.84501e-07,3.04748e-05
4.84601e-07,3.82582e-05
4.84701e-07,4.5393e-05
4.84801e-07,5.31765e-05
4.84901e-07,6.16085e-05
4.85001e-07,7.06892e-05
4.85101e-07,8.10671e-05
4.85201e-07,9.14451e-05
4.85301e-07,0.000101174
4.85401e-07,0.000109606
4.85501e-07,0.000115444
4.85601e-07,0.00011739
4.85701e-07,0.000114147
4.85801e-07,0.000107012
4.85901e-07,9.46882e-05
4.86001e-07,7.97699e-05
4.86101e-07,6.35544e-05
4.86201e-07,4.79875e-05
4.86301e-07,3.63124e-05
4.86401e-07,2.78803e-05
4.86501e-07,2.33399e-05
4.86601e-07,2.39886e-05
4.86701e-07,2.85289e-05
4.86801e-07,3.56637e-05
4.86901e-07,4.40958e-05
4.87001e-07,5.25279e-05
4.87101e-07,5.96627e-05
4.87201e-07,6.55003e-05
4.87301e-07,6.87434e-05
4.87401e-07,7.19865e-05
4.87501e-07,7.52296e-05
4.87601e-07,7.91213e-05
4.87701e-07,8.43102e-05
4.87801e-07,9.01478e-05
4.87901e-07,9.85799e-05
4.88001e-07,0.000106363
4.88101e-07,0.00011285
4.88201e-07,0.000116741
4.88301e-07,0.000118687
4.88401e-07,0.000116093
4.88501e-07,0.000110255
4.88601e-07,0.000101174
4.88701e-07,9.07964e-05
4.88801e-07,7.97699e-05
4.88901e-07,7.00406e-05
4.89001e-07,6.29058e-05
4.89101e-07,5.90141e-05
4.89201e-07,6.03113e-05
4.89301e-07,6.4203e-05
4.89401e-07,7.19865e-05
4.89501e-07,8.10671e-05
4.89601e-07,9.07964e-05
4.89701e-07,9.98771e-05
4.89801e-07,0.000108958
4.89901e-07,0.00011739
4.90001e-07,0.000125822
4.90101e-07,0.000133605
4.90201e-07,0.000143983
4.90301e-07,0.000156956
4.90401e-07,0.00017382
4.90501e-07,0.000193927
4.90601e-07,0.000216629
4.90701e-07,0.000241276
4.90801e-07,0.000264627
4.90901e-07,0.000286031
4.91001e-07,0.000303544
4.91101e-07,0.000316516
4.91201e-07,0.0003243
4.91301e-07,0.000326894
4.91401e-07,0.000324948
4.91501e-07,0.000319759
4.91601e-07,0.000312625
4.91701e-07,0.000303544
4.91801e-07,0.000293166
4.91901e-07,0.000283437
4.92001e-07,0.000273059
4.92101e-07,0.000262032
4.92201e-07,0.000251006
4.92301e-07,0.000238033
4.92401e-07,0.000224412
4.92501e-07,0.000210143
4.92601e-07,0.000195224
4.92701e-07,0.000181603
4.92801e-07,0.000170577
4.92901e-07,0.000163442
4.93001e-07,0.000160847
4.93101e-07,0.000162793
4.93201e-07,0.000168631
4.93301e-07,0.000177712
4.93401e-07,0.000188738
4.93501e-07,0.000200413
4.93601e-07,0.000210143
4.93701e-07,0.000216629
4.93801e-07,0.000219223
4.93901e-07,0.000217926
4.94001e-07,0.000212737
4.94101e-07,0.000203656
4.94201e-07,0.000193278
4.94301e-07,0.000182252
4.94401e-07,0.000172523
4.94501e-07,0.000164739
4.94601e-07,0.000158253
4.94701e-07,0.000153064
4.94801e-07,0.000148524
4.94901e-07,0.000144632
4.95001e-07,0.00014074
4.95101e-07,0.0001362
4.95201e-07,0.000129714
4.95301e-07,0.000122579
4.95401e-07,0.000114795
4.95501e-07,0.000106363
4.95601e-07,9.72826e-05
4.95701e-07,8.69047e-05
4.95801e-07,7.45809e-05
4.95901e-07,6.16085e-05
4.96001e-07,4.60417e-05
4.96101e-07,2.91775e-05
4.96201e-07,1.03675e-05
4.96301e-07,-9.09106e-06
4.96401e-07,-2.85497e-05
4.96501e-07,-4.73596e-05
4.96601e-07,-6.35752e-05
4.96701e-07,-7.46017e-05
4.96801e-07,-7.97907e-05
4.96901e-07,-7.78448e-05
4.97001e-07,-6.87641e-05
4.97101e-07,-5.44945e-05
4.97201e-07,-3.56845e-05
4.97301e-07,-1.49286e-05
4.97401e-07,5.8272e-06
4.97501e-07,2.52858e-05
4.97601e-07,4.15013e-05
4.97701e-07,5.18792e-05
4.97801e-07,5.77168e-05
4.97901e-07,5.90141e-05
4.98001e-07,5.70682e-05
4.98101e-07,5.44737e-05
4.98201e-07,5.25279e-05
4.98301e-07,5.18792e-05
4.98401e-07,5.5771e-05
4.98501e-07,6.35544e-05
4.98601e-07,7.58782e-05
4.98701e-07,9.07964e-05
4.98801e-07,0.000107012
4.98901e-07,0.000122579
4.99001e-07,0.000135551
4.99101e-07,0.000144632
4.99201e-07,0.000149821
4.99301e-07,0.000151118
4.99401e-07,0.000148524
4.99501e-07,0.000143983
4.99601e-07,0.000137497
4.99701e-07,0.000131011
4.99801e-07,0.000125822
4.99901e-07,0.000122579
5.00001e-07,0.000121282
5.00101e-07,0.000121282
5.00201e-07,0.00012193
5.00301e-07,0.00012193
5.00401e-07,0.000121282
5.00501e-07,0.000118687
5.00601e-07,0.000114795
5.00701e-07,0.000109606
5.00801e-07,0.000103769
5.00901e-07,9.79313e-05
5.01001e-07,9.40395e-05
5.01101e-07,9.27423e-05
5.01201e-07,9.40395e-05
5.01301e-07,9.79313e-05
5.01401e-07,0.000103769
5.01501e-07,0.000111552
5.01601e-07,0.000119984
5.01701e-07,0.000129065
5.01801e-07,0.000138146
5.01901e-07,0.000147875
5.02001e-07,0.000157604
5.02101e-07,0.000168631
5.02201e-07,0.000180955
5.02301e-07,0.00019717
5.02401e-07,0.00021598
5.02501e-07,0.000238033
5.02601e-07,0.000262032
5.02701e-07,0.00028668
5.02801e-07,0.000309381
5.02901e-07,0.00032884
5.03001e-07,0.00034311
5.03101e-07,0.000350245
5.03201e-07,0.000349596
5.03301e-07,0.000341164
5.03401e-07,0.000324948
5.03501e-07,0.000303544
5.03601e-07,0.000277599
5.03701e-07,0.000250357
5.03801e-07,0.000223115
5.03901e-07,0.000196522
5.04001e-07,0.000171874
5.04101e-07,0.000149172
5.04201e-07,0.000129065
5.04301e-07,0.000110904
5.04401e-07,9.53368e-05
5.04501e-07,8.10671e-05
5.04601e-07,6.9392e-05
5.04701e-07,6.03113e-05
5.04801e-07,5.44737e-05
5.04901e-07,5.31765e-05
5.05001e-07,5.64196e-05
5.05101e-07,6.35544e-05
5.05201e-07,7.39323e-05
5.05301e-07,8.62561e-05
5.05401e-07,9.85799e-05
5.05501e-07,0.000109606
5.05601e-07,0.00011739
5.05701e-07,0.000121282
5.05801e-07,0.000120633
5.05901e-07,0.000114795
5.06001e-07,0.000106363
5.06101e-07,9.59854e-05
5.06201e-07,8.62561e-05
5.06301e-07,7.7824e-05
5.06401e-07,7.32837e-05
5.06501e-07,7.32837e-05
5.06601e-07,7.71754e-05
5.06701e-07,8.36616e-05
5.06801e-07,9.27423e-05
5.06901e-07,0.000101823
5.07001e-07,0.000109606
5.07101e-07,0.000114147
5.07201e-07,0.000114147
5.07301e-07,0.000110255
5.07401e-07,0.00010312
5.07501e-07,9.20937e-05
5.07601e-07,8.04185e-05
5.07701e-07,6.80947e-05
5.07801e-07,5.70682e-05
5.07901e-07,4.86361e-05
5.08001e-07,4.21499e-05
5.08101e-07,3.76096e-05
5.08201e-07,3.50151e-05
5.08301e-07,3.30692e-05
5.08401e-07,2.98261e-05
5.08501e-07,2.6583e-05
5.08601e-07,2.20427e-05
5.08701e-07,1.68537e-05
5.08801e-07,1.2962e-05
5.08901e-07,9.71892e-06
5.09001e-07,9.0703e-06
5.09101e-07,1.03675e-05
5.09201e-07,1.36106e-05
5.09301e-07,1.94482e-05
5.09401e-07,2.59344e-05
5.09501e-07,3.24206e-05
5.09601e-07,3.6961e-05
5.09701e-07,3.82582e-05
5.09801e-07,3.63124e-05
5.09901e-07,3.11234e-05
5.10001e-07,2.33399e-05
5.10101e-07,1.36106e-05
5.10201e-07,4.52996e-06
5.10301e-07,-3.25348e-06
5.10401e-07,-7.1452e-06
5.10501e-07,-5.19934e-06
5.10601e-07,3.23272e-06
5.10701e-07,1.87996e-05
5.10801e-07,3.95555e-05
5.10901e-07,6.61489e-05
5.11001e-07,9.6634e-05
5.11101e-07,0.000130362
5.11201e-07,0.000164739
5.11301e-07,0.000198467
5.11401e-07,0.000229601
5.11501e-07,0.000257492
5.11601e-07,0.000280194
5.11701e-07,0.000297058
5.11801e-07,0.000308084
5.11901e-07,0.000311976
5.12001e-07,0.000309381
5.12101e-07,0.000299652
5.12201e-07,0.000284085
5.12301e-07,0.000262032
5.12401e-07,0.000236087
5.12501e-07,0.000205602
5.12601e-07,0.00017382
5.12701e-07,0.000141389
5.12801e-07,0.000110904
5.12901e-07,8.36616e-05
5.13001e-07,6.22572e-05
5.13101e-07,4.60417e-05
5.13201e-07,3.50151e-05
5.13301e-07,2.98261e-05
5.13401e-07,2.91775e-05
5.13501e-07,3.1772e-05
5.13601e-07,3.56637e-05
5.13701e-07,3.89068e-05
5.13801e-07,4.02041e-05
5.13901e-07,3.95555e-05
5.14001e-07,3.50151e-05
5.14101e-07,2.78803e-05
5.14201e-07,1.94482e-05
5.14301e-07,1.03675e-05
5.14401e-07,1.28686e-06
5.14501e-07,-4.55072e-06
5.14601e-07,-7.1452e-06
5.14701e-07,-5.84796e-06
5.14801e-07,-6.58998e-07
5.14901e-07,7.12444e-06
5.15001e-07,1.68537e-05
5.15101e-07,2.72317e-05
5.15201e-07,3.6961e-05
5.15301e-07,4.60417e-05
5.15401e-07,5.38251e-05
5.15501e-07,6.03113e-05
5.15601e-07,6.67975e-05
5.15701e-07,7.39323e-05
5.15801e-07,8.36616e-05
5.15901e-07,9.59854e-05
5.16001e-07,0.000110255
5.16101e-07,0.000126471
5.16201e-07,0.000143335
5.16301e-07,0.00015955
5.16401e-07,0.000173171
5.16501e-07,0.000182252
5.16601e-07,0.000186792
5.16701e-07,0.000184198
5.16801e-07,0.000175766
5.16901e-07,0.000162145
5.17001e-07,0.000146578
5.17101e-07,0.000129714
5.17201e-07,0.000115444
5.17301e-07,0.000105066
5.17401e-07,9.98771e-05
5.17501e-07,0.000101174
5.17601e-07,0.000107012
5.17701e-07,0.00011739
5.17801e-07,0.000129714
5.17901e-07,0.000142686
5.18001e-07,0.000153064
5.18101e-07,0.000160199
5.18201e-07,0.000162145
5.18301e-07,0.000158902
5.18401e-07,0.000151118
5.18501e-07,0.000140092
5.18601e-07,0.000126471
5.18701e-07,0.000112201
5.18801e-07,0.000100526
5.18901e-07,9.07964e-05
5.19001e-07,8.49589e-05
5.19101e-07,8.3013e-05
5.19201e-07,8.43102e-05
5.19301e-07,8.94992e-05
5.19401e-07,9.79313e-05
5.19501e-07,0.000108309
5.19601e-07,0.000121282
5.19701e-07,0.000134903
5.19801e-07,0.000147875
5.19901e-07,0.000160847
5.20001e-07,0.000171874
5.20101e-07,0.000180955
5.20201e-07,0.000187441
5.20301e-07,0.000190035
5.20401e-07,0.000190035
5.20501e-07,0.000186792
5.20601e-07,0.000180306
5.20701e-07,0.000172523
5.20801e-07,0.000163442
5.20901e-07,0.00015501
5.21001e-07,0.000147226
5.21101e-07,0.000141389
5.21201e-07,0.000138146
5.21301e-07,0.000136848
5.21401e-07,0.000138794
5.21501e-07,0.000142037
5.21601e-07,0.000145281
5.21701e-07,0.000148524
5.21801e-07,0.000150469
5.21901e-07,0.000150469
5.22001e-07,0.000147226
5.22101e-07,0.000141389
5.22201e-07,0.000132957
5.22301e-07,0.000122579
5.22401e-07,0.000112201
5.22501e-07,0.000101174
5.22601e-07,9.14451e-05
5.22701e-07,8.36616e-05
5.22801e-07,7.71754e-05
5.22901e-07,7.19865e-05
5.23001e-07,6.74461e-05
5.23101e-07,6.4203e-05
5.23201e-07,6.03113e-05
5.23301e-07,5.70682e-05
5.23401e-07,5.38251e-05
5.23501e-07,5.0582e-05
5.23601e-07,4.79875e-05
5.23701e-07,4.73389e-05
5.23801e-07,4.99334e-05
5.23901e-07,5.64196e-05
5.24001e-07,6.61489e-05
5.24101e-07,7.97699e-05
5.24201e-07,9.53368e-05
5.24301e-07,0.000111552
5.24401e-07,0.000127119
5.24501e-07,0.000139443
5.24601e-07,0.000146578
5.24701e-07,0.000148524
5.24801e-07,0.000143335
5.24901e-07,0.00013166
5.25001e-07,0.000114795
5.25101e-07,9.46882e-05
5.25201e-07,7.19865e-05
5.25301e-07,4.99334e-05
5.25401e-07,2.91775e-05
5.25501e-07,1.2962e-05
5.25601e-07,1.28686e-06
5.25701e-07,-5.84796e-06
5.25801e-07,-7.79382e-06
5.25901e-07,-5.84796e-06
5.26001e-07,-1.95624e-06
5.26101e-07,1.93548e-06
5.26201e-07,4.52996e-06
5.26301e-07,4.52996e-06
5.26401e-07,1.28686e-06
5.26501e-07,-5.84796e-06
5.26601e-07,-1.68745e-05
5.26701e-07,-3.04955e-05
5.26801e-07,-4.6711e-05
5.26901e-07,-6.29265e-05
5.27001e-07,-7.71962e-05
5.27101e-07,-8.88713e-05
5.27201e-07,-9.53575e-05
5.27301e-07,-9.73034e-05
5.27401e-07,-9.14658e-05
5.27501e-07,-7.84934e-05
5.27601e-07,-5.90348e-05
5.27701e-07,-3.309e-05
5.27801e-07,-1.30762e-06
5.27901e-07,3.56637e-05
5.28001e-07,7.58782e-05
5.28101e-07,0.00011739
5.28201e-07,0.000156956
5.28301e-07,0.00019263
5.28401e-07,0.000221169
5.28501e-07,0.00023933
5.28601e-07,0.000247114
5.28701e-07,0.000243871
5.28801e-07,0.000228304
5.28901e-07,0.000203008
5.29001e-07,0.000169279
5.29101e-07,0.000130362
5.29201e-07,9.01478e-05
5.29301e-07,5.18792e-05
5.29401e-07,1.87996e-05
5.29501e-07,-5.84796e-06
5.29601e-07,-2.07662e-05
5.29701e-07,-2.53066e-05
5.29801e-07,-1.88204e-05
5.29901e-07,-4.55072e-06
5.30001e-07,1.62051e-05
5.30101e-07,3.95555e-05
5.30201e-07,6.29058e-05
5.30301e-07,8.3013e-05
5.30401e-07,9.79313e-05
5.30501e-07,0.000106363
5.30601e-07,0.000107661
5.30701e-07,0.000102472
5.30801e-07,9.14451e-05
5.30901e-07,7.52296e-05
5.31001e-07,5.70682e-05
5.31101e-07,3.76096e-05
5.31201e-07,1.8151e-05
5.31301e-07,6.38242e-07
5.31401e-07,-1.428e-05
5.31501e-07,-2.53066e-05
5.31601e-07,-3.17928e-05
5.31701e-07,-3.37386e-05
5.31801e-07,-2.98469e-05
5.31901e-07,-2.01176e-05
5.32001e-07,-5.19934e-06
5.32101e-07,1.49079e-05
5.32201e-07,4.02041e-05
5.32301e-07,6.74461e-05
5.32401e-07,9.6634e-05
5.32501e-07,0.000123876
5.32601e-07,0.000148524
5.32701e-07,0.000167982
5.32801e-07,0.000181603
5.32901e-07,0.000189387
5.33001e-07,0.000191333
5.33101e-07,0.000188738
5.33201e-07,0.000182901
5.33301e-07,0.000176414
5.33401e-07,0.000170577
5.33501e-07,0.000167334
5.33601e-07,0.000168631
5.33701e-07,0.00017382
5.33801e-07,0.000182901
5.33901e-07,0.000194576
5.34001e-07,0.000207548
5.34101e-07,0.000219872
5.34201e-07,0.00023025
5.34301e-07,0.000237385
5.34401e-07,0.000240628
5.34501e-07,0.00023933
5.34601e-07,0.00023479
5.34701e-07,0.000227655
5.34801e-07,0.000219223
5.34901e-07,0.000209494
5.35001e-07,0.000199765
5.35101e-07,0.000190035
5.35201e-07,0.000180306
5.35301e-07,0.000171874
5.35401e-07,0.000163442
5.35501e-07,0.000156307
5.35601e-07,0.000150469
5.35701e-07,0.000145281
5.35801e-07,0.000142037
5.35901e-07,0.00014074
5.36001e-07,0.000141389
5.36101e-07,0.000144632
5.36201e-07,0.000150469
5.36301e-07,0.000157604
5.36401e-07,0.000165388
5.36501e-07,0.000173171
5.36601e-07,0.000180306
5.36701e-07,0.000185495
5.36801e-07,0.000188738
5.36901e-07,0.000188738
5.37001e-07,0.000187441
5.37101e-07,0.000184846
5.37201e-07,0.000182252
5.37301e-07,0.000179657
5.37401e-07,0.000177063
5.37501e-07,0.000175117
5.37601e-07,0.000171874
5.37701e-07,0.000167334
5.37801e-07,0.00015955
5.37901e-07,0.000147226
5.38001e-07,0.000129714
5.38101e-07,0.000107012
5.38201e-07,7.91213e-05
5.38301e-07,4.79875e-05
5.38401e-07,1.49079e-05
5.38501e-07,-1.68745e-05
5.38601e-07,-4.41165e-05
5.38701e-07,-6.48724e-05
5.38801e-07,-7.65476e-05
5.38901e-07,-7.78448e-05
5.39001e-07,-6.94127e-05
5.39101e-07,-5.19e-05
5.39201e-07,-2.72524e-05
5.39301e-07,1.93548e-06
5.39401e-07,3.30692e-05
5.39501e-07,6.22572e-05
5.39601e-07,8.75533e-05
5.39701e-07,0.000107661
5.39801e-07,0.000121282
5.39901e-07,0.000129065
5.40001e-07,0.00013166
5.40101e-07,0.000130362
5.40201e-07,0.000126471
5.40301e-07,0.000120633
5.40401e-07,0.000113498
5.40501e-07,0.000105715
5.40601e-07,9.79313e-05
5.40701e-07,8.94992e-05
5.40801e-07,8.04185e-05
5.40901e-07,6.9392e-05
5.41001e-07,5.70682e-05
5.41101e-07,4.27986e-05
5.41201e-07,2.6583e-05
5.41301e-07,1.03675e-05
5.41401e-07,-3.9021e-06
5.41501e-07,-1.55773e-05
5.41601e-07,-2.33607e-05
5.41701e-07,-2.59552e-05
5.41801e-07,-2.27121e-05
5.41901e-07,-1.29828e-05
5.42001e-07,2.5841e-06
5.42101e-07,2.39886e-05
5.42201e-07,4.99334e-05
5.42301e-07,8.10671e-05
5.42401e-07,0.000115444
5.42501e-07,0.000151767
5.42601e-07,0.000187441
5.42701e-07,0.000221818
5.42801e-07,0.000252951
5.42901e-07,0.000278248
5.43001e-07,0.000298355
5.43101e-07,0.000310679
5.43201e-07,0.000313922
5.43301e-07,0.000308733
5.43401e-07,0.000294463
5.43501e-07,0.00027241
5.43601e-07,0.000243222
5.43701e-07,0.000210143
5.43801e-07,0.000175766
5.43901e-07,0.000143335
5.44001e-07,0.000114795
5.44101e-07,9.27423e-05
5.44201e-07,7.84727e-05
5.44301e-07,7.26351e-05
5.44401e-07,7.39323e-05
5.44501e-07,8.17158e-05
5.44601e-07,9.59854e-05
5.44701e-07,0.000113498
5.44801e-07,0.00013166
5.44901e-07,0.000149172
5.45001e-07,0.000164739
5.45101e-07,0.000177063
5.45201e-07,0.000185495
5.45301e-07,0.000190684
5.45401e-07,0.000193278
5.45501e-07,0.000193927
5.45601e-07,0.000193278
5.45701e-07,0.000191333
5.45801e-07,0.000188089
5.45901e-07,0.000184846
5.46001e-07,0.000180306
5.46101e-07,0.00017382
5.46201e-07,0.000167334
5.46301e-07,0.000158253
5.46401e-07,0.000148524
5.46501e-07,0.000136848
5.46601e-07,0.000124525
5.46701e-07,0.000111552
5.46801e-07,9.85799e-05
5.46901e-07,8.62561e-05
5.47001e-07,7.52296e-05
5.47101e-07,6.61489e-05
5.47201e-07,5.90141e-05
5.47301e-07,5.44737e-05
5.47401e-07,5.12306e-05
5.47501e-07,4.92848e-05
5.47601e-07,4.79875e-05
5.47701e-07,4.73389e-05
5.47801e-07,4.66903e-05
5.47901e-07,4.73389e-05
5.48001e-07,4.79875e-05
5.48101e-07,4.79875e-05
5.48201e-07,4.79875e-05
5.48301e-07,4.73389e-05
5.48401e-07,4.60417e-05
5.48501e-07,4.27986e-05
5.48601e-07,3.82582e-05
5.48701e-07,3.1772e-05
5.48801e-07,2.33399e-05
5.48901e-07,1.36106e-05
5.49001e-07,3.23272e-06
5.49101e-07,-7.1452e-06
5.49201e-07,-1.62259e-05
5.49301e-07,-2.20635e-05
5.49401e-07,-2.53066e-05
5.49501e-07,-2.46579e-05
5.49601e-07,-2.01176e-05
5.49701e-07,-1.23342e-05
5.49801e-07,-1.95624e-06
5.49901e-07,9.71892e-06
5.50001e-07,2.13941e-05
5.50101e-07,3.11234e-05
5.50201e-07,3.89068e-05
5.50301e-07,4.34472e-05
5.50401e-07,4.60417e-05
5.50501e-07,4.79875e-05
5.50601e-07,4.86361e-05
5.50701e-07,4.99334e-05
5.50801e-07,5.31765e-05
5.50901e-07,5.83654e-05
5.51001e-07,6.67975e-05
5.51101e-07,7.71754e-05
5.51201e-07,9.01478e-05
5.51301e-07,0.00010312
5.51401e-07,0.000114795
5.51501e-07,0.000125173
5.51601e-07,0.00013166
5.51701e-07,0.000134903
5.51801e-07,0.000134254
5.51901e-07,0.000131011
5.52001e-07,0.000124525
5.52101e-07,0.000116741
5.52201e-07,0.000107661
5.52301e-07,9.85799e-05
5.52401e-07,8.88506e-05
5.52501e-07,7.84727e-05
5.52601e-07,6.80947e-05
5.52701e-07,5.64196e-05
5.52801e-07,4.40958e-05
5.52901e-07,3.11234e-05
5.53001e-07,1.87996e-05
5.53101e-07,9.0703e-06
5.53201e-07,1.93548e-06
5.53301e-07,-6.58998e-07
5.53401e-07,1.93548e-06
5.53501e-07,1.03675e-05
5.53601e-07,2.39886e-05
5.53701e-07,4.08527e-05
5.53801e-07,5.96627e-05
5.53901e-07,7.7824e-05
5.54001e-07,9.40395e-05
5.54101e-07,0.000105715
5.54201e-07,0.000112201
5.54301e-07,0.00011285
5.54401e-07,0.000107661
5.54501e-07,9.85799e-05
5.54601e-07,8.69047e-05
5.54701e-07,7.58782e-05
5.54801e-07,6.80947e-05
5.54901e-07,6.48516e-05
5.55001e-07,6.74461e-05
5.55101e-07,7.45809e-05
5.55201e-07,8.62561e-05
5.55301e-07,0.000101174
5.55401e-07,0.000118038
5.55501e-07,0.0001362
5.55601e-07,0.000153064
5.55701e-07,0.000167982
5.55801e-07,0.000180955
5.55901e-07,0.000191981
5.56001e-07,0.00020171
5.56101e-07,0.000210143
5.56201e-07,0.000217926
5.56301e-07,0.000226358
5.56401e-07,0.000233493
5.56501e-07,0.000240628
5.56601e-07,0.000245168
5.56701e-07,0.000247763
5.56801e-07,0.000245817
5.56901e-07,0.00023933
5.57001e-07,0.000228304
5.57101e-07,0.000212737
5.57201e-07,0.000193927
5.57301e-07,0.00017382
5.57401e-07,0.000154361
5.57501e-07,0.000136848
5.57601e-07,0.000122579
5.57701e-07,0.000112201
5.57801e-07,0.000105715
5.57901e-07,0.000104417
5.58001e-07,0.000107012
5.58101e-07,0.000112201
5.58201e-07,0.000118038
5.58301e-07,0.000124525
5.58401e-07,0.000131011
5.58501e-07,0.000138146
5.58601e-07,0.000144632
5.58701e-07,0.000151767
5.58801e-07,0.000160199
5.58901e-07,0.000169928
5.59001e-07,0.000180306
5.59101e-07,0.00019263
5.59201e-07,0.000204305
5.59301e-07,0.000215332
5.59401e-07,0.000224412
5.59501e-07,0.000229601
5.59601e-07,0.00023025
5.59701e-07,0.000225709
5.59801e-07,0.000217926
5.59901e-07,0.000206899
5.60001e-07,0.000193927
5.60101e-07,0.000181603
5.60201e-07,0.000171225
5.60301e-07,0.000163442
5.60401e-07,0.000157604
5.60501e-07,0.000154361
5.60601e-07,0.000152415
5.60701e-07,0.000151118
5.60801e-07,0.000147875
5.60901e-07,0.000142686
5.61001e-07,0.000134903
5.61101e-07,0.000123876
5.61201e-07,0.000110904
5.61301e-07,9.72826e-05
5.61401e-07,8.49589e-05
5.61501e-07,7.45809e-05
5.61601e-07,6.74461e-05
5.61701e-07,6.48516e-05
5.61801e-07,6.67975e-05
5.61901e-07,7.13378e-05
5.62001e-07,7.7824e-05
5.62101e-07,8.43102e-05
5.62201e-07,9.01478e-05
5.62301e-07,9.33909e-05
5.62401e-07,9.53368e-05
5.62501e-07,9.53368e-05
5.62601e-07,9.40395e-05
5.62701e-07,9.46882e-05
5.62801e-07,9.79313e-05
5.62901e-07,0.000105715
5.63001e-07,0.000118687
5.63101e-07,0.000136848
5.63201e-07,0.000158902
5.63301e-07,0.000182252
5.63401e-07,0.000205602
5.63501e-07,0.000226358
5.63601e-07,0.000242574
5.63701e-07,0.0002536
5.63801e-07,0.00025814
5.63901e-07,0.000256843
5.64001e-07,0.000251006
5.64101e-07,0.000241925
5.64201e-07,0.000230898
5.64301e-07,0.000219872
5.64401e-07,0.000208845
5.64501e-07,0.000197819
5.64601e-07,0.000187441
5.64701e-07,0.000175117
5.64801e-07,0.000162145
5.64901e-07,0.000146578
5.65001e-07,0.000128416
5.65101e-07,0.000108309
5.65201e-07,8.69047e-05
5.65301e-07,6.61489e-05
5.65401e-07,4.73389e-05
5.65501e-07,3.24206e-05
5.65601e-07,2.07455e-05
5.65701e-07,1.36106e-05
5.65801e-07,9.0703e-06
5.65901e-07,7.12444e-06
5.66001e-07,5.8272e-06
5.66101e-07,3.23272e-06
5.66201e-07,-1.95624e-06
5.66301e-07,-1.16855e-05
5.66401e-07,-2.46579e-05
5.66501e-07,-4.08734e-05
5.66601e-07,-5.7089e-05
5.66701e-07,-7.20072e-05
5.66801e-07,-8.30338e-05
5.66901e-07,-8.69255e-05
5.67001e-07,-8.30338e-05
5.67101e-07,-7.13586e-05
5.67201e-07,-5.25486e-05
5.67301e-07,-2.7901e-05
5.67401e-07,-1.03779e-08
5.67501e-07,2.91775e-05
5.67601e-07,5.70682e-05
5.67701e-07,8.23644e-05
5.67801e-07,0.000104417
5.67901e-07,0.000123227
5.68001e-07,0.000139443
5.68101e-07,0.000153713
5.68201e-07,0.000167334
5.68301e-07,0.000181603
5.68401e-07,0.000196522
5.68501e-07,0.000212737
5.68601e-07,0.000229601
5.68701e-07,0.000244519
5.68801e-07,0.000257492
5.68901e-07,0.000265924
5.69001e-07,0.000270464
5.69101e-07,0.000270464
5.69201e-07,0.000265924
5.69301e-07,0.000257492
5.69401e-07,0.000246465
5.69501e-07,0.000233493
5.69601e-07,0.000219872
5.69701e-07,0.000205602
5.69801e-07,0.000190684
5.69901e-07,0.000175766
5.70001e-07,0.00015955
5.70101e-07,0.000143335
5.70201e-07,0.000125822
5.70301e-07,0.000108309
5.70401e-07,9.01478e-05
5.70501e-07,7.32837e-05
5.70601e-07,5.90141e-05
5.70701e-07,4.79875e-05
5.70801e-07,4.08527e-05
5.70901e-07,3.95555e-05
5.71001e-07,4.47444e-05
5.71101e-07,5.51223e-05
5.71201e-07,7.00406e-05
5.71301e-07,8.8202e-05
5.71401e-07,0.000108958
5.71501e-07,0.000129065
5.71601e-07,0.000147226
5.71701e-07,0.000160847
5.71801e-07,0.000170577
5.71901e-07,0.000175117
5.72001e-07,0.000174468
5.72101e-07,0.000168631
5.72201e-07,0.000158253
5.72301e-07,0.000145281
5.72401e-07,0.000129065
5.72501e-07,0.000110904
5.72601e-07,9.14451e-05
5.72701e-07,7.13378e-05
5.72801e-07,5.0582e-05
5.72901e-07,3.04748e-05
5.73001e-07,1.16648e-05
5.73101e-07,-5.84796e-06
5.73201e-07,-2.14148e-05
5.73301e-07,-3.50359e-05
5.73401e-07,-4.47652e-05
5.73501e-07,-5.19e-05
5.73601e-07,-5.64403e-05
5.73701e-07,-5.77376e-05
5.73801e-07,-5.64403e-05
5.73901e-07,-5.25486e-05
5.74001e-07,-4.80083e-05
5.74101e-07,-4.21707e-05
5.74201e-07,-3.69817e-05
5.74301e-07,-3.17928e-05
5.74401e-07,-2.72524e-05
5.74501e-07,-2.33607e-05
5.74601e-07,-1.9469e-05
5.74701e-07,-1.62259e-05
5.74801e-07,-1.23342e-05
5.74901e-07,-7.79382e-06
5.75001e-07,-2.60486e-06
5.75101e-07,3.88134e-06
5.75201e-07,1.10162e-05
5.75301e-07,1.87996e-05
5.75401e-07,2.72317e-05
5.75501e-07,3.56637e-05
5.75601e-07,4.34472e-05
5.75701e-07,5.12306e-05
5.75801e-07,5.77168e-05
5.75901e-07,6.4203e-05
5.76001e-07,7.13378e-05
5.76101e-07,7.91213e-05
5.76201e-07,8.8202e-05
5.76301e-07,9.85799e-05
5.76401e-07,0.000109606
5.76501e-07,0.000120633
5.76601e-07,0.00013166
5.76701e-07,0.000140092
5.76801e-07,0.000147226
5.76901e-07,0.000150469
5.77001e-07,0.000151767
5.77101e-07,0.000149172
5.77201e-07,0.000144632
5.77301e-07,0.000138794
5.77401e-07,0.000132957
5.77501e-07,0.000127768
5.77601e-07,0.000122579
5.77701e-07,0.000119336
5.77801e-07,0.000116093
5.77901e-07,0.000113498
5.78001e-07,0.000109606
5.78101e-07,0.000104417
5.78201e-07,9.6634e-05
5.78301e-07,8.62561e-05
5.78401e-07,7.39323e-05
5.78501e-07,6.22572e-05
5.78601e-07,5.25279e-05
5.78701e-07,4.66903e-05
5.78801e-07,4.60417e-05
5.78901e-07,5.12306e-05
5.79001e-07,6.35544e-05
5.79101e-07,8.10671e-05
5.79201e-07,0.00010312
5.79301e-07,0.000126471
5.79401e-07,0.000148524
5.79501e-07,0.000166685
5.79601e-07,0.000177712
5.79701e-07,0.000182252
5.79801e-07,0.000179009
5.79901e-07,0.000169928
5.80001e-07,0.000156956
5.80101e-07,0.000142037
5.80201e-07,0.000127768
5.80301e-07,0.000116741
5.80401e-07,0.000110255
5.80501e-07,0.000108958
5.80601e-07,0.00011285
5.80701e-07,0.000119984
5.80801e-07,0.000128416
5.80901e-07,0.000135551
5.81001e-07,0.000140092
5.81101e-07,0.00014074
5.81201e-07,0.000138146
5.81301e-07,0.00013166
5.81401e-07,0.000123876
5.81501e-07,0.000114795
5.81601e-07,0.000108309
5.81701e-07,0.000105715
5.81801e-07,0.000106363
5.81901e-07,0.000110904
5.82001e-07,0.000118038
5.82101e-07,0.000125822
5.82201e-07,0.000132308
5.82301e-07,0.000136848
5.82401e-07,0.0001362
5.82501e-07,0.000131011
5.82601e-07,0.00012193
5.82701e-07,0.000108958
5.82801e-07,9.59854e-05
5.82901e-07,8.36616e-05
5.83001e-07,7.45809e-05
5.83101e-07,7.00406e-05
5.83201e-07,7.00406e-05
5.83301e-07,7.45809e-05
5.83401e-07,8.17158e-05
5.83501e-07,9.07964e-05
5.83601e-07,9.85799e-05
5.83701e-07,0.000103769
5.83801e-07,0.000105715
5.83901e-07,0.000102472
5.84001e-07,9.40395e-05
5.84101e-07,8.3013e-05
5.84201e-07,6.87434e-05
5.84301e-07,5.31765e-05
5.84401e-07,3.63124e-05
5.84501e-07,1.94482e-05
5.84601e-07,3.23272e-06
5.84701e-07,-1.29828e-05
5.84801e-07,-2.7901e-05
5.84901e-07,-4.28193e-05
5.85001e-07,-5.57917e-05
5.85101e-07,-6.68183e-05
5.85201e-07,-7.52503e-05
5.85301e-07,-7.9142e-05
5.85401e-07,-7.78448e-05
5.85501e-07,-7.071e-05
5.85601e-07,-5.77376e-05
5.85701e-07,-3.8279e-05
5.85801e-07,-1.49286e-05
5.85901e-07,1.03675e-05
5.86001e-07,3.50151e-05
5.86101e-07,5.5771e-05
5.86201e-07,7.13378e-05
5.86301e-07,7.97699e-05
5.86401e-07,8.04185e-05
5.86501e-07,7.45809e-05
5.86601e-07,6.35544e-05
5.86701e-07,5.0582e-05
5.86801e-07,3.82582e-05
5.86901e-07,2.78803e-05
5.87001e-07,2.26913e-05
5.87101e-07,2.20427e-05
5.87201e-07,2.52858e-05
5.87301e-07,3.24206e-05
5.87401e-07,4.15013e-05
5.87501e-07,4.99334e-05
5.87601e-07,5.51223e-05
5.87701e-07,5.64196e-05
5.87801e-07,5.31765e-05
5.87901e-07,4.73389e-05
5.88001e-07,4.02041e-05
5.88101e-07,3.37179e-05
5.88201e-07,2.98261e-05
5.88301e-07,3.04748e-05
5.88401e-07,3.56637e-05
5.88501e-07,4.60417e-05
5.88601e-07,6.03113e-05
5.88701e-07,7.71754e-05
5.88801e-07,9.33909e-05
5.88901e-07,0.000107661
5.89001e-07,0.00011739
5.89101e-07,0.00012193
5.89201e-07,0.00012193
5.89301e-07,0.00011739
5.89401e-07,0.000110255
5.89501e-07,0.000101823
5.89601e-07,9.53368e-05
5.89701e-07,9.20937e-05
5.89801e-07,9.40395e-05
5.89901e-07,9.92285e-05
5.90001e-07,0.000108309
5.90101e-07,0.000119984
5.90201e-07,0.000132308
5.90301e-07,0.000143335
5.90401e-07,0.000153064
5.90501e-07,0.000160199
5.90601e-07,0.000164739
5.90701e-07,0.000166685
5.90801e-07,0.000167334
5.90901e-07,0.000166685
5.91001e-07,0.000166685
5.91101e-07,0.000166685
5.91201e-07,0.000166685
5.91301e-07,0.000166036
5.91401e-07,0.000165388
5.91501e-07,0.000164091
5.91601e-07,0.000162145
5.91701e-07,0.000160199
5.91801e-07,0.000158253
5.91901e-07,0.000156956
5.92001e-07,0.000158902
5.92101e-07,0.000165388
5.92201e-07,0.000175766
5.92301e-07,0.000189387
5.92401e-07,0.000205602
5.92501e-07,0.000221169
5.92601e-07,0.000233493
5.92701e-07,0.000241276
5.92801e-07,0.000241276
5.92901e-07,0.000232844
5.93001e-07,0.000214683
5.93101e-07,0.000188089
5.93201e-07,0.00015501
5.93301e-07,0.000119336
5.93401e-07,8.43102e-05
5.93501e-07,5.25279e-05
5.93601e-07,2.59344e-05
5.93701e-07,6.47582e-06
5.93801e-07,-5.84796e-06
5.93901e-07,-1.16855e-05
5.94001e-07,-1.29828e-05
5.94101e-07,-1.03883e-05
5.94201e-07,-7.1452e-06
5.94301e-07,-3.25348e-06
5.94401e-07,-1.03779e-08
5.94501e-07,2.5841e-06
5.94601e-07,6.47582e-06
5.94701e-07,1.23134e-05
5.94801e-07,2.13941e-05
5.94901e-07,3.43665e-05
5.95001e-07,5.12306e-05
5.95101e-07,7.13378e-05
5.95201e-07,9.27423e-05
5.95301e-07,0.000114147
5.95401e-07,0.000132957
5.95501e-07,0.000147226
5.95601e-07,0.00015501
5.95701e-07,0.000156307
5.95801e-07,0.000151118
5.95901e-07,0.000142037
5.96001e-07,0.000129065
5.96101e-07,0.000115444
5.96201e-07,0.00010312
5.96301e-07,9.46882e-05
5.96401e-07,8.94992e-05
5.96501e-07,8.8202e-05
5.96601e-07,9.01478e-05
5.96701e-07,9.46882e-05
5.96801e-07,9.98771e-05
5.96901e-07,0.000103769
5.97001e-07,0.000106363
5.97101e-07,0.000107661
5.97201e-07,0.000107012
5.97301e-07,0.000105066
5.97401e-07,0.000102472
5.97501e-07,9.98771e-05
5.97601e-07,9.72826e-05
5.97701e-07,9.53368e-05
5.97801e-07,9.40395e-05
5.97901e-07,9.14451e-05
5.98001e-07,8.75533e-05
5.98101e-07,8.10671e-05
5.98201e-07,7.19865e-05
5.98301e-07,5.90141e-05
5.98401e-07,4.27986e-05
5.98501e-07,2.46372e-05
5.98601e-07,6.47582e-06
5.98701e-07,-1.03883e-05
5.98801e-07,-2.33607e-05
5.98901e-07,-3.17928e-05
5.99001e-07,-3.50359e-05
5.99101e-07,-3.309e-05
5.99201e-07,-2.72524e-05
5.99301e-07,-1.88204e-05
5.99401e-07,-1.03883e-05
5.99501e-07,-3.25348e-06
5.99601e-07,1.93548e-06
5.99701e-07,4.52996e-06
5.99801e-07,5.8272e-06
5.99901e-07,5.8272e-06
6.00001e-07,6.47582e-06
6.00101e-07,1.03675e-05
6.00201e-07,1.94482e-05
6.00301e-07,3.37179e-05
6.00401e-07,5.18792e-05
6.00501e-07,7.39323e-05
6.00601e-07,9.79313e-05
6.00701e-07,0.000120633
6.00801e-07,0.000140092
6.00901e-07,0.000153064
6.01001e-07,0.000158253
6.01101e-07,0.00015501
6.01201e-07,0.000144632
6.01301e-07,0.000128416
6.01401e-07,0.000109606
6.01501e-07,9.14451e-05
6.01601e-07,7.65268e-05
6.01701e-07,6.67975e-05
6.01801e-07,6.4203e-05
6.01901e-07,6.87434e-05
6.02001e-07,8.04185e-05
6.02101e-07,9.79313e-05
6.02201e-07,0.000118038
6.02301e-07,0.000139443
6.02401e-07,0.000158902
6.02501e-07,0.000174468
6.02601e-07,0.000186144
6.02701e-07,0.00019263
6.02801e-07,0.000193927
6.02901e-07,0.000191981
6.03001e-07,0.000186792
6.03101e-07,0.000180306
6.03201e-07,0.000171225
6.03301e-07,0.000161496
6.03401e-07,0.000151118
6.03501e-07,0.000140092
6.03601e-07,0.000129714
6.03701e-07,0.000121282
6.03801e-07,0.000115444
6.03901e-07,0.00011285
6.04001e-07,0.000114147
6.04101e-07,0.000119336
6.04201e-07,0.000129714
6.04301e-07,0.000143335
6.04401e-07,0.00015955
6.04501e-07,0.000176414
6.04601e-07,0.00019263
6.04701e-07,0.000204305
6.04801e-07,0.000210143
6.04901e-07,0.000208197
6.05001e-07,0.000198467
6.05101e-07,0.000180955
6.05201e-07,0.000156307
6.05301e-07,0.000129065
6.05401e-07,0.000100526
6.05501e-07,7.52296e-05
6.05601e-07,5.38251e-05
6.05701e-07,3.95555e-05
6.05801e-07,3.37179e-05
6.05901e-07,3.63124e-05
6.06001e-07,4.5393e-05
6.06101e-07,6.09599e-05
6.06201e-07,8.04185e-05
6.06301e-07,0.000101174
6.06401e-07,0.000121282
6.06501e-07,0.000140092
6.06601e-07,0.000156956
6.06701e-07,0.000172523
6.06801e-07,0.000187441
6.06901e-07,0.000203008
6.07001e-07,0.000218575
6.07101e-07,0.000236087
6.07201e-07,0.000254249
6.07301e-07,0.00027241
6.07401e-07,0.000289923
6.07501e-07,0.000304841
6.07601e-07,0.000315219
6.07701e-07,0.000319759
6.07801e-07,0.000317813
6.07901e-07,0.00031003
6.08001e-07,0.00029576
6.08101e-07,0.000277599
6.08201e-07,0.000256195
6.08301e-07,0.00023479
6.08401e-07,0.000214034
6.08501e-07,0.000196522
6.08601e-07,0.000182252
6.08701e-07,0.000171225
6.08801e-07,0.000162793
6.08901e-07,0.000156956
6.09001e-07,0.000153064
6.09101e-07,0.000150469
6.09201e-07,0.000149172
6.09301e-07,0.000148524
6.09401e-07,0.000149172
6.09501e-07,0.000150469
6.09601e-07,0.000153713
6.09701e-07,0.000158253
6.09801e-07,0.000163442
6.09901e-07,0.000169928
6.10001e-07,0.000175117
6.10101e-07,0.000177063
6.10201e-07,0.000176414
6.10301e-07,0.000172523
6.10401e-07,0.000164091
6.10501e-07,0.000152415
6.10601e-07,0.000138794
6.10701e-07,0.000125822
6.10801e-07,0.000116093
6.10901e-07,0.000111552
6.11001e-07,0.00011285
6.11101e-07,0.000122579
6.11201e-07,0.000138146
6.11301e-07,0.000158253
6.11401e-07,0.000180306
6.11501e-07,0.000201062
6.11601e-07,0.000217926
6.11701e-07,0.000227655
6.11801e-07,0.000227655
6.11901e-07,0.000217926
6.12001e-07,0.000199116
6.12101e-07,0.000173171
6.12201e-07,0.000143335
6.12301e-07,0.000112201
6.12401e-07,8.36616e-05
6.12501e-07,5.90141e-05
6.12601e-07,4.02041e-05
6.12701e-07,2.72317e-05
6.12801e-07,1.94482e-05
6.12901e-07,1.68537e-05
6.13001e-07,1.55565e-05
6.13101e-07,1.62051e-05
6.13201e-07,1.75024e-05
6.13301e-07,1.87996e-05
6.13401e-07,1.87996e-05
6.13501e-07,1.94482e-05
6.13601e-07,2.00968e-05
6.13701e-07,2.26913e-05
6.13801e-07,2.85289e-05
6.13901e-07,3.63124e-05
6.14001e-07,4.60417e-05
6.14101e-07,5.77168e-05
6.14201e-07,6.9392e-05
6.14301e-07,7.97699e-05
6.14401e-07,8.75533e-05
6.14501e-07,9.27423e-05
6.14601e-07,9.53368e-05
6.14701e-07,9.59854e-05
6.14801e-07,9.6634e-05
6.14901e-07,9.6634e-05
6.15001e-07,9.85799e-05
6.15101e-07,0.000101823
6.15201e-07,0.000107661
6.15301e-07,0.000114795
6.15401e-07,0.000123227
6.15501e-07,0.000130362
6.15601e-07,0.0001362
6.15701e-07,0.000139443
6.15801e-07,0.000138794
6.15901e-07,0.000134254
6.16001e-07,0.000125822
6.16101e-07,0.000114795
6.16201e-07,0.00010312
6.16301e-07,9.07964e-05
6.16401e-07,7.97699e-05
6.16501e-07,6.9392e-05
6.16601e-07,6.09599e-05
6.16701e-07,5.38251e-05
6.16801e-07,4.86361e-05
6.16901e-07,4.47444e-05
6.17001e-07,4.15013e-05
6.17101e-07,3.95555e-05
6.17201e-07,3.82582e-05
6.17301e-07,3.95555e-05
6.17401e-07,4.21499e-05
6.17501e-07,4.73389e-05
6.17601e-07,5.44737e-05
6.17701e-07,6.29058e-05
6.17801e-07,7.13378e-05
6.17901e-07,7.71754e-05
6.18001e-07,7.97699e-05
6.18101e-07,7.71754e-05
6.18201e-07,6.80947e-05
6.18301e-07,5.18792e-05
6.18401e-07,2.91775e-05
6.18501e-07,1.28686e-06
6.18601e-07,-2.98469e-05
6.18701e-07,-6.09807e-05
6.18801e-07,-9.08172e-05
6.18901e-07,-0.000116113
6.19001e-07,-0.000135572
6.19101e-07,-0.000147896
6.19201e-07,-0.000152436
6.19301e-07,-0.000151139
6.19401e-07,-0.000145301
6.19501e-07,-0.000136221
6.19601e-07,-0.000126491
6.19701e-07,-0.000117411
6.19801e-07,-0.000110924
6.19901e-07,-0.000106384
6.20001e-07,-0.00010379
6.20101e-07,-0.000101195
6.20201e-07,-9.7952e-05
6.20301e-07,-9.14658e-05
6.20401e-07,-8.17365e-05
6.20501e-07,-6.61696e-05
6.20601e-07,-4.54138e-05
6.20701e-07,-1.9469e-05
6.20801e-07,1.03675e-05
6.20901e-07,4.15013e-05
6.21001e-07,7.19865e-05
6.21101e-07,0.000101174
6.21201e-07,0.000125822
6.21301e-07,0.000144632
6.21401e-07,0.000158253
6.21501e-07,0.000165388
6.21601e-07,0.000166685
6.21701e-07,0.000162793
6.21801e-07,0.000155658
6.21901e-07,0.000145929
6.22001e-07,0.000134903
6.22101e-07,0.000123227
6.22201e-07,0.000112201
6.22301e-07,0.000102472
6.22401e-07,9.53368e-05
6.22501e-07,9.01478e-05
6.22601e-07,8.94992e-05
6.22701e-07,9.33909e-05
6.22801e-07,0.000101174
6.22901e-07,0.000113498
6.23001e-07,0.000129714
6.23101e-07,0.000149821
6.23201e-07,0.000171874
6.23301e-07,0.000193927
6.23401e-07,0.000215332
6.23501e-07,0.000234141
6.23601e-07,0.00024906
6.23701e-07,0.00025814
6.23801e-07,0.000263329
6.23901e-07,0.000263329
6.24001e-07,0.000259438
6.24101e-07,0.000252951
6.24201e-07,0.000244519
6.24301e-07,0.000236736
6.24401e-07,0.000229601
6.24501e-07,0.000224412
6.24601e-07,0.000221818
6.24701e-07,0.000219872
6.24801e-07,0.000219223
6.24901e-07,0.000217926
6.25001e-07,0.000216629
6.25101e-07,0.000214034
6.25201e-07,0.000209494
6.25301e-07,0.000202359
6.25401e-07,0.000193278
6.25501e-07,0.000182252
6.25601e-07,0.000171225
6.25701e-07,0.00015955
6.25801e-07,0.000149172
6.25901e-07,0.000140092
6.26001e-07,0.000132308
6.26101e-07,0.000125822
6.26201e-07,0.000120633
6.26301e-07,0.000118038
6.26401e-07,0.00011739
6.26501e-07,0.000118687
6.26601e-07,0.00012193
6.26701e-07,0.000127119
6.26801e-07,0.000134254
6.26901e-07,0.000143335
6.27001e-07,0.000154361
6.27101e-07,0.000166036
6.27201e-07,0.000177063
6.27301e-07,0.000186144
6.27401e-07,0.000191981
6.27501e-07,0.000193927
6.27601e-07,0.000191333
6.27701e-07,0.000184198
6.27801e-07,0.000172523
6.27901e-07,0.000157604
6.28001e-07,0.00014074
6.28101e-07,0.000123876
6.28201e-07,0.000108309
6.28301e-07,9.53368e-05
6.28401e-07,8.49589e-05
6.28501e-07,7.7824e-05
6.28601e-07,7.39323e-05
6.28701e-07,7.26351e-05
6.28801e-07,7.06892e-05
6.28901e-07,6.87434e-05
6.29001e-07,6.4203e-05
6.29101e-07,5.77168e-05
6.29201e-07,4.73389e-05
6.29301e-07,3.50151e-05
6.29401e-07,2.00968e-05
6.29501e-07,5.8272e-06
6.29601e-07,-7.79382e-06
6.29701e-07,-1.81717e-05
6.29801e-07,-2.53066e-05
6.29901e-07,-2.72524e-05
6.30001e-07,-2.53066e-05
6.30101e-07,-1.9469e-05
6.30201e-07,-1.03883e-05
6.30301e-07,-1.03779e-08
6.30401e-07,1.16648e-05
6.30501e-07,2.20427e-05
6.30601e-07,3.1772e-05
6.30701e-07,4.02041e-05
6.30801e-07,4.73389e-05
6.30901e-07,5.38251e-05
6.31001e-07,6.03113e-05
6.31101e-07,6.74461e-05
6.31201e-07,7.58782e-05
6.31301e-07,8.56075e-05
6.31401e-07,9.53368e-05
6.31501e-07,0.000106363
6.31601e-07,0.000116741
6.31701e-07,0.000125822
6.31801e-07,0.000132957
6.31901e-07,0.000136848
6.32001e-07,0.000137497
6.32101e-07,0.000134254
6.32201e-07,0.000127119
6.32301e-07,0.000116741
6.32401e-07,0.000104417
6.32501e-07,9.01478e-05
6.32601e-07,7.39323e-05
6.32701e-07,5.64196e-05
6.32801e-07,3.82582e-05
6.32901e-07,2.00968e-05
6.33001e-07,3.23272e-06
6.33101e-07,-1.16855e-05
6.33201e-07,-2.40093e-05
6.33301e-07,-3.309e-05
6.33401e-07,-3.76303e-05
6.33501e-07,-3.63331e-05
6.33601e-07,-2.98469e-05
6.33701e-07,-1.68745e-05
6.33801e-07,6.38242e-07
6.33901e-07,2.26913e-05
6.34001e-07,4.66903e-05
6.34101e-07,7.19865e-05
6.34201e-07,9.72826e-05
6.34301e-07,0.000119984
6.34401e-07,0.000138146
6.34501e-07,0.000152415
6.34601e-07,0.000161496
6.34701e-07,0.000167334
6.34801e-07,0.000170577
6.34901e-07,0.000173171
6.35001e-07,0.000176414
6.35101e-07,0.000180306
6.35201e-07,0.000185495
6.35301e-07,0.000191333
6.35401e-07,0.000199116
6.35501e-07,0.000207548
6.35601e-07,0.000214034
6.35701e-07,0.000217926
6.35801e-07,0.000217926
6.35901e-07,0.000213386
6.36001e-07,0.000204305
6.36101e-07,0.00019263
6.36201e-07,0.00017836
6.36301e-07,0.000163442
6.36401e-07,0.000149172
6.36501e-07,0.000137497
6.36601e-07,0.000129065
6.36701e-07,0.000125173
6.36801e-07,0.000124525
6.36901e-07,0.000127119
6.37001e-07,0.000130362
6.37101e-07,0.000134254
6.37201e-07,0.0001362
6.37301e-07,0.0001362
6.37401e-07,0.000132957
6.37501e-07,0.000125822
6.37601e-07,0.000114795
6.37701e-07,9.98771e-05
6.37801e-07,8.17158e-05
6.37901e-07,6.22572e-05
6.38001e-07,4.15013e-05
6.38101e-07,2.00968e-05
6.38201e-07,-1.95624e-06
6.38301e-07,-2.40093e-05
6.38401e-07,-4.54138e-05
6.38501e-07,-6.68183e-05
6.38601e-07,-8.62769e-05
6.38701e-07,-0.000103141
6.38801e-07,-0.000117411
6.38901e-07,-0.000127789
6.39001e-07,-0.000133626
6.39101e-07,-0.000134275
6.39201e-07,-0.000128437
6.39301e-07,-0.000118059
6.39401e-07,-0.000102492
6.39501e-07,-8.30338e-05
6.39601e-07,-6.03321e-05
6.39701e-07,-3.69817e-05
6.39801e-07,-1.36314e-05
6.39901e-07,8.42168e-06
6.40001e-07,2.78803e-05
6.40101e-07,4.27986e-05
6.40201e-07,5.38251e-05
6.40301e-07,6.03113e-05
6.40401e-07,6.35544e-05
6.40501e-07,6.35544e-05
6.40601e-07,6.16085e-05
6.40701e-07,5.83654e-05
6.40801e-07,5.38251e-05
6.40901e-07,4.92848e-05
6.41001e-07,4.47444e-05
6.41101e-07,4.08527e-05
6.41201e-07,3.76096e-05
6.41301e-07,3.50151e-05
6.41401e-07,3.37179e-05
6.41501e-07,3.30692e-05
6.41601e-07,3.30692e-05
6.41701e-07,3.50151e-05
6.41801e-07,3.82582e-05
6.41901e-07,4.40958e-05
6.42001e-07,5.25279e-05
6.42101e-07,6.29058e-05
6.42201e-07,7.65268e-05
6.42301e-07,9.20937e-05
6.42401e-07,0.000110904
6.42501e-07,0.000130362
6.42601e-07,0.000151118
6.42701e-07,0.000171225
6.42801e-07,0.000190684
6.42901e-07,0.000207548
6.43001e-07,0.000221169
6.43101e-07,0.000230898
6.43201e-07,0.000236087
6.43301e-07,0.000236736
6.43401e-07,0.000233493
6.43501e-07,0.000226358
6.43601e-07,0.000215332
6.43701e-07,0.000202359
6.43801e-07,0.000187441
6.43901e-07,0.000171874
6.44001e-07,0.000155658
6.44101e-07,0.00014074
6.44201e-07,0.000128416
6.44301e-07,0.000118038
6.44401e-07,0.000110255
6.44501e-07,0.000105715
6.44601e-07,0.000103769
6.44701e-07,0.000105066
6.44801e-07,0.000107661
6.44901e-07,0.000110255
6.45001e-07,0.000113498
6.45101e-07,0.000115444
6.45201e-07,0.000116093
6.45301e-07,0.000114795
6.45401e-07,0.000112201
6.45501e-07,0.000108309
6.45601e-07,0.000104417
6.45701e-07,0.000101174
6.45801e-07,0.000100526
6.45901e-07,0.000102472
6.46001e-07,0.000107012
6.46101e-07,0.000114147
6.46201e-07,0.000123876
6.46301e-07,0.000134254
6.46401e-07,0.000143335
6.46501e-07,0.000150469
6.46601e-07,0.000154361
6.46701e-07,0.000153064
6.46801e-07,0.000145929
6.46901e-07,0.000132957
6.47001e-07,0.000115444
6.47101e-07,9.40395e-05
6.47201e-07,7.06892e-05
6.47301e-07,4.73389e-05
6.47401e-07,2.52858e-05
6.47501e-07,6.47582e-06
6.47601e-07,-7.79382e-06
6.47701e-07,-1.81717e-05
6.47801e-07,-2.46579e-05
6.47901e-07,-2.85497e-05
6.48001e-07,-3.11441e-05
6.48101e-07,-3.24414e-05
6.48201e-07,-3.309e-05
6.48301e-07,-3.37386e-05
6.48401e-07,-3.50359e-05
6.48501e-07,-3.69817e-05
6.48601e-07,-3.76303e-05
6.48701e-07,-3.63331e-05
6.48801e-07,-3.309e-05
6.48901e-07,-2.72524e-05
6.49001e-07,-1.75231e-05
6.49101e-07,-3.9021e-06
6.49201e-07,1.23134e-05
6.49301e-07,3.04748e-05
6.49401e-07,5.0582e-05
6.49501e-07,7.00406e-05
6.49601e-07,8.88506e-05
6.49701e-07,0.000105066
6.49801e-07,0.000119336
6.49901e-07,0.000131011
6.50001e-07,0.000140092
6.50101e-07,0.000146578
6.50201e-07,0.000150469
6.50301e-07,0.000152415
6.50401e-07,0.000153064
6.50501e-07,0.000151118
6.50601e-07,0.000147875
6.50701e-07,0.000143335
6.50801e-07,0.000136848
6.50901e-07,0.000129714
6.51001e-07,0.000121282
6.51101e-07,0.000112201
6.51201e-07,0.00010312
6.51301e-07,9.46882e-05
6.51401e-07,8.62561e-05
6.51501e-07,7.97699e-05
6.51601e-07,7.45809e-05
6.51701e-07,7.06892e-05
6.51801e-07,6.74461e-05
6.51901e-07,6.48516e-05
6.52001e-07,6.22572e-05
6.52101e-07,5.90141e-05
6.52201e-07,5.5771e-05
6.52301e-07,5.12306e-05
6.52401e-07,4.60417e-05
6.52501e-07,3.95555e-05
6.52601e-07,3.24206e-05
6.52701e-07,2.46372e-05
6.52801e-07,1.68537e-05
6.52901e-07,9.71892e-06
6.53001e-07,3.88134e-06
6.53101e-07,-1.03779e-08
6.53201e-07,-1.95624e-06
6.53301e-07,-1.95624e-06
6.53401e-07,1.28686e-06
6.53501e-07,7.12444e-06
6.53601e-07,1.62051e-05
6.53701e-07,2.72317e-05
6.53801e-07,4.08527e-05
6.53901e-07,5.70682e-05
6.54001e-07,7.45809e-05
6.54101e-07,9.14451e-05
6.54201e-07,0.000108309
6.54301e-07,0.000123876
6.54401e-07,0.000135551
6.54501e-07,0.000144632
6.54601e-07,0.000149172
6.54701e-07,0.000149821
6.54801e-07,0.000146578
6.54901e-07,0.00014074
6.55001e-07,0.000132308
6.55101e-07,0.000123227
6.55201e-07,0.000113498
6.55301e-07,0.000105066
6.55401e-07,9.79313e-05
6.55501e-07,9.40395e-05
6.55601e-07,9.14451e-05
6.55701e-07,9.07964e-05
6.55801e-07,9.01478e-05
6.55901e-07,8.88506e-05
6.56001e-07,8.49589e-05
6.56101e-07,7.84727e-05
6.56201e-07,6.80947e-05
6.56301e-07,5.38251e-05
6.56401e-07,3.56637e-05
6.56501e-07,1.49079e-05
6.56601e-07,-7.79382e-06
6.56701e-07,-3.11441e-05
6.56801e-07,-5.25486e-05
6.56901e-07,-7.20072e-05
6.57001e-07,-8.75741e-05
6.57101e-07,-9.86006e-05
6.57201e-07,-0.000106384
6.57301e-07,-0.000110276
6.57401e-07,-0.000110924
6.57501e-07,-0.00010833
6.57601e-07,-0.000103141
6.57701e-07,-9.66548e-05
6.57801e-07,-8.69255e-05
6.57901e-07,-7.46017e-05
6.58001e-07,-5.90348e-05
6.58101e-07,-4.02248e-05
6.58201e-07,-1.75231e-05
6.58301e-07,8.42168e-06
6.58401e-07,3.56637e-05
6.58501e-07,6.48516e-05
6.58601e-07,9.33909e-05
6.58701e-07,0.000120633
6.58801e-07,0.000144632
6.58901e-07,0.000163442
6.59001e-07,0.000177063
6.59101e-07,0.000185495
6.59201e-07,0.000188738
6.59301e-07,0.000190035
6.59401e-07,0.000190035
6.59501e-07,0.000190035
6.59601e-07,0.000191981
6.59701e-07,0.000196522
6.59801e-07,0.000203656
6.59901e-07,0.000212737
6.60001e-07,0.000221818
6.60101e-07,0.000229601
6.60201e-07,0.00023479
6.60301e-07,0.000235439
6.60401e-07,0.000232196
6.60501e-07,0.000223115
6.60601e-07,0.000210791
6.60701e-07,0.000195224
6.60801e-07,0.000177712
6.60901e-07,0.000160847
6.61001e-07,0.000145281
6.61101e-07,0.000132308
6.61201e-07,0.00012193
6.61301e-07,0.000114795
6.61401e-07,0.000109606
6.61501e-07,0.000104417
6.61601e-07,9.92285e-05
6.61701e-07,9.27423e-05
6.61801e-07,8.43102e-05
6.61901e-07,7.39323e-05
6.62001e-07,6.22572e-05
6.62101e-07,4.86361e-05
6.62201e-07,3.50151e-05
6.62301e-07,2.26913e-05
6.62401e-07,1.23134e-05
6.62501e-07,3.88134e-06
6.62601e-07,-6.58998e-07
6.62701e-07,-1.95624e-06
6.62801e-07,-6.58998e-07
6.62901e-07,1.93548e-06
6.63001e-07,5.17858e-06
6.63101e-07,9.0703e-06
6.63201e-07,1.36106e-05
6.63301e-07,1.75024e-05
6.63401e-07,2.26913e-05
6.63501e-07,2.85289e-05
6.63601e-07,3.56637e-05
6.63701e-07,4.34472e-05
6.63801e-07,5.31765e-05
6.63901e-07,6.48516e-05
6.64001e-07,7.71754e-05
6.64101e-07,8.94992e-05
6.64201e-07,0.000100526
6.64301e-07,0.000110904
6.64401e-07,0.000119336
6.64501e-07,0.000126471
6.64601e-07,0.000132308
6.64701e-07,0.000137497
6.64801e-07,0.000142037
6.64901e-07,0.000146578
6.65001e-07,0.000153064
6.65101e-07,0.000160847
6.65201e-07,0.000168631
6.65301e-07,0.000176414
6.65401e-07,0.000182901
6.65501e-07,0.000187441
6.65601e-07,0.000189387
6.65701e-07,0.000187441
6.65801e-07,0.000181603
6.65901e-07,0.000172523
6.66001e-07,0.000160847
6.66101e-07,0.000147875
6.66201e-07,0.000134903
6.66301e-07,0.000124525
6.66401e-07,0.000116741
6.66501e-07,0.00011285
6.66601e-07,0.000112201
6.66701e-07,0.000116093
6.66801e-07,0.000121282
6.66901e-07,0.000127768
6.67001e-07,0.000134254
6.67101e-07,0.000141389
6.67201e-07,0.000147226
6.67301e-07,0.000153713
6.67401e-07,0.000160847
6.67501e-07,0.000169279
6.67601e-07,0.000180955
6.67701e-07,0.000195873
6.67801e-07,0.000215332
6.67901e-07,0.000238033
6.68001e-07,0.000262681
6.68101e-07,0.000289274
6.68201e-07,0.000315868
6.68301e-07,0.000340515
6.68401e-07,0.000360622
6.68501e-07,0.000376838
6.68601e-07,0.000387864
6.68701e-07,0.000394999
6.68801e-07,0.000398242
6.68901e-07,0.000398891
6.69001e-07,0.000396297
6.69101e-07,0.000392405
6.69201e-07,0.000385919
6.69301e-07,0.000377487
6.69401e-07,0.00036646
6.69501e-07,0.00035219
6.69601e-07,0.00033338
6.69701e-07,0.000310679
6.69801e-07,0.000284085
6.69901e-07,0.000254249
6.70001e-07,0.000223115
6.70101e-07,0.00019263
6.70201e-07,0.000165388
6.70301e-07,0.000141389
6.70401e-07,0.000123227
6.70501e-07,0.000110904
6.70601e-07,0.000103769
6.70701e-07,0.000101823
6.70801e-07,0.000101823
6.70901e-07,0.000103769
6.71001e-07,0.000104417
6.71101e-07,0.000103769
6.71201e-07,0.000101823
6.71301e-07,9.72826e-05
6.71401e-07,9.27423e-05
6.71501e-07,8.88506e-05
6.71601e-07,8.56075e-05
6.71701e-07,8.62561e-05
6.71801e-07,9.01478e-05
6.71901e-07,9.79313e-05
6.72001e-07,0.000108309
6.72101e-07,0.000120633
6.72201e-07,0.000132308
6.72301e-07,0.000142686
6.72401e-07,0.000150469
6.72501e-07,0.00015501
6.72601e-07,0.000155658
6.72701e-07,0.000154361
6.72801e-07,0.000149821
6.72901e-07,0.000144632
6.73001e-07,0.00014074
6.73101e-07,0.000138146
6.73201e-07,0.000137497
6.73301e-07,0.000138794
6.73401e-07,0.000140092
6.73501e-07,0.000141389
6.73601e-07,0.00014074
6.73701e-07,0.000137497
6.73801e-07,0.000132308
6.73901e-07,0.000124525
6.74001e-07,0.000114795
6.74101e-07,0.000103769
6.74201e-07,9.33909e-05
6.74301e-07,8.49589e-05
6.74401e-07,7.91213e-05
6.74501e-07,7.71754e-05
6.74601e-07,7.97699e-05
6.74701e-07,8.49589e-05
6.74801e-07,9.20937e-05
6.74901e-07,0.000100526
6.75001e-07,0.000109606
6.75101e-07,0.00011739
6.75201e-07,0.000123227
6.75301e-07,0.000127119
6.75401e-07,0.000129065
6.75501e-07,0.000130362
6.75601e-07,0.000130362
6.75701e-07,0.000130362
6.75801e-07,0.000130362
6.75901e-07,0.000129714
6.76001e-07,0.000128416
6.76101e-07,0.000125173
6.76201e-07,0.000121282
6.76301e-07,0.000115444
6.76401e-07,0.000107661
6.76501e-07,9.92285e-05
6.76601e-07,9.07964e-05
6.76701e-07,8.49589e-05
6.76801e-07,8.17158e-05
6.76901e-07,8.43102e-05
6.77001e-07,9.27423e-05
6.77101e-07,0.000107661
6.77201e-07,0.000127768
6.77301e-07,0.000151118
6.77401e-07,0.000176414
6.77501e-07,0.000201062
6.77601e-07,0.000221818
6.77701e-07,0.000238033
6.77801e-07,0.000246465
6.77901e-07,0.000248411
6.78001e-07,0.000243222
6.78101e-07,0.000232844
6.78201e-07,0.000219223
6.78301e-07,0.000203656
6.78401e-07,0.000187441
6.78501e-07,0.000173171
6.78601e-07,0.000160199
6.78701e-07,0.000149821
6.78801e-07,0.00014074
6.78901e-07,0.000132308
6.79001e-07,0.000124525
6.79101e-07,0.000115444
6.79201e-07,0.000107012
6.79301e-07,9.72826e-05
6.79401e-07,8.94992e-05
6.79501e-07,8.3013e-05
6.79601e-07,8.04185e-05
6.79701e-07,8.10671e-05
6.79801e-07,8.62561e-05
6.79901e-07,9.59854e-05
6.80001e-07,0.000109606
6.80101e-07,0.000125822
6.80201e-07,0.000143335
6.80301e-07,0.00015955
6.80401e-07,0.000173171
6.80501e-07,0.000182901
6.80601e-07,0.000188738
6.80701e-07,0.000190035
6.80801e-07,0.000187441
6.80901e-07,0.000182252
6.81001e-07,0.000175766
6.81101e-07,0.000167982
6.81201e-07,0.000161496
6.81301e-07,0.00015501
6.81401e-07,0.000149821
6.81501e-07,0.000145281
6.81601e-07,0.000139443
6.81701e-07,0.000132308
6.81801e-07,0.000123876
6.81901e-07,0.000113498
6.82001e-07,0.000101823
6.82101e-07,8.88506e-05
6.82201e-07,7.52296e-05
6.82301e-07,6.22572e-05
6.82401e-07,5.18792e-05
6.82501e-07,4.34472e-05
6.82601e-07,3.82582e-05
6.82701e-07,3.56637e-05
6.82801e-07,3.50151e-05
