LECROYWaveRunner‘N,20113,Waveform
Segments,1,SegmentSize,2002
Segment,TrigTime,TimeSinceSegment1
#1,01-Oct-2018 13:41:15,0                 
Time,Ampl
4.827779e-07,0.000172523
4.828779e-07,0.000188738
4.829779e-07,0.000206899
4.830779e-07,0.000225709
4.831779e-07,0.000244519
4.832779e-07,0.000262032
4.833779e-07,0.000277599
4.834779e-07,0.000289923
4.835779e-07,0.000299004
4.836779e-07,0.000302895
4.837779e-07,0.000300949
4.838779e-07,0.000293166
4.839779e-07,0.000280842
4.840779e-07,0.000264627
4.841779e-07,0.000244519
4.842779e-07,0.000221818
4.843779e-07,0.000198467
4.844779e-07,0.000174468
4.845779e-07,0.000151118
4.846779e-07,0.000129065
4.847779e-07,0.000109606
4.848779e-07,9.27423e-05
4.849779e-07,7.97699e-05
4.850779e-07,7.13378e-05
4.851779e-07,6.74461e-05
4.852779e-07,6.9392e-05
4.853779e-07,7.65268e-05
4.854779e-07,8.94992e-05
4.855779e-07,0.000107012
4.856779e-07,0.000129714
4.857779e-07,0.000154361
4.858779e-07,0.000179657
4.859779e-07,0.000204954
4.860779e-07,0.000228953
4.861779e-07,0.00024906
4.862779e-07,0.000264627
4.863779e-07,0.000275005
4.864779e-07,0.000280194
4.865779e-07,0.000280842
4.866779e-07,0.000277599
4.867779e-07,0.000271113
4.868779e-07,0.000263978
4.869779e-07,0.000256195
4.870779e-07,0.00024906
4.871779e-07,0.000241925
4.872779e-07,0.000235439
4.873779e-07,0.00023025
4.874779e-07,0.000227007
4.875779e-07,0.000225709
4.876779e-07,0.000226358
4.877779e-07,0.000228304
4.878779e-07,0.000232196
4.879779e-07,0.000238682
4.880779e-07,0.000247763
4.881779e-07,0.000260086
4.882779e-07,0.000274356
4.883779e-07,0.00029122
4.884779e-07,0.000309381
4.885779e-07,0.000328191
4.886779e-07,0.000344407
4.887779e-07,0.000358028
4.888779e-07,0.00036646
4.889779e-07,0.000369703
4.890779e-07,0.000367109
4.891779e-07,0.000358028
4.892779e-07,0.000345056
4.893779e-07,0.000327543
4.894779e-07,0.000307436
4.895779e-07,0.000286031
4.896779e-07,0.000263329
4.897779e-07,0.000241925
4.898779e-07,0.000221169
4.899779e-07,0.00020171
4.900779e-07,0.000184198
4.901779e-07,0.000166685
4.902779e-07,0.000149172
4.903779e-07,0.000132957
4.904779e-07,0.00011739
4.905779e-07,0.000104417
4.906779e-07,9.33909e-05
4.907779e-07,8.56075e-05
4.908779e-07,8.23644e-05
4.909779e-07,8.36616e-05
4.910779e-07,8.88506e-05
4.911779e-07,9.85799e-05
4.912779e-07,0.000110255
4.913779e-07,0.000123227
4.914779e-07,0.000135551
4.915779e-07,0.000145281
4.916779e-07,0.000151118
4.917779e-07,0.000151767
4.918779e-07,0.000145929
4.919779e-07,0.000133605
4.920779e-07,0.000116093
4.921779e-07,9.33909e-05
4.922779e-07,6.74461e-05
4.923779e-07,3.95555e-05
4.924779e-07,1.2962e-05
4.925779e-07,-1.23342e-05
4.926779e-07,-3.309e-05
4.927779e-07,-4.99541e-05
4.928779e-07,-6.09807e-05
4.929779e-07,-6.61696e-05
4.930779e-07,-6.48724e-05
4.931779e-07,-5.77376e-05
4.932779e-07,-4.34679e-05
4.933779e-07,-2.40093e-05
4.934779e-07,1.28686e-06
4.935779e-07,3.11234e-05
4.936779e-07,6.35544e-05
4.937779e-07,9.72826e-05
4.938779e-07,0.000130362
4.939779e-07,0.000161496
4.940779e-07,0.000190035
4.941779e-07,0.000214034
4.942779e-07,0.000233493
4.943779e-07,0.000246465
4.944779e-07,0.000254897
4.945779e-07,0.00025814
4.946779e-07,0.000256843
4.947779e-07,0.000251654
4.948779e-07,0.000244519
4.949779e-07,0.000236087
4.950779e-07,0.000227007
4.951779e-07,0.000216629
4.952779e-07,0.000204954
4.953779e-07,0.000193278
4.954779e-07,0.000180955
4.955779e-07,0.000169279
4.956779e-07,0.00015955
4.957779e-07,0.000151118
4.958779e-07,0.000145929
4.959779e-07,0.000143983
4.960779e-07,0.000145929
4.961779e-07,0.000151767
4.962779e-07,0.000160199
4.963779e-07,0.000171874
4.964779e-07,0.000185495
4.965779e-07,0.000199116
4.966779e-07,0.00021144
4.967779e-07,0.000219872
4.968779e-07,0.000223764
4.969779e-07,0.000222466
4.970779e-07,0.00021598
4.971779e-07,0.000204954
4.972779e-07,0.000191333
4.973779e-07,0.000177063
4.974779e-07,0.000164091
4.975779e-07,0.000154361
4.976779e-07,0.000149172
4.977779e-07,0.000149821
4.978779e-07,0.000155658
4.979779e-07,0.000167334
4.980779e-07,0.000182901
4.981779e-07,0.00020171
4.982779e-07,0.000221169
4.983779e-07,0.000238682
4.984779e-07,0.000254249
4.985779e-07,0.000265275
4.986779e-07,0.00027241
4.987779e-07,0.000274356
4.988779e-07,0.000273059
4.989779e-07,0.00026787
4.990779e-07,0.000259438
4.991779e-07,0.000248411
4.992779e-07,0.000236736
4.993779e-07,0.000223764
4.994779e-07,0.000210143
4.995779e-07,0.000195873
4.996779e-07,0.000182252
4.997779e-07,0.000169928
4.998779e-07,0.000158253
4.999779e-07,0.000149172
5.000779e-07,0.000142037
5.001779e-07,0.000139443
5.002779e-07,0.00014074
5.003779e-07,0.000146578
5.004779e-07,0.000156307
5.005779e-07,0.000169928
5.006779e-07,0.000184846
5.007779e-07,0.000199765
5.008779e-07,0.000213386
5.009779e-07,0.000223115
5.010779e-07,0.000228953
5.011779e-07,0.000228953
5.012779e-07,0.000224412
5.013779e-07,0.000215332
5.014779e-07,0.000203008
5.015779e-07,0.000188738
5.016779e-07,0.000175117
5.017779e-07,0.000162793
5.018779e-07,0.000154361
5.019779e-07,0.000149821
5.020779e-07,0.000150469
5.021779e-07,0.000156307
5.022779e-07,0.000165388
5.023779e-07,0.000177063
5.024779e-07,0.000190684
5.025779e-07,0.000204305
5.026779e-07,0.00021598
5.027779e-07,0.000225061
5.028779e-07,0.000231547
5.029779e-07,0.000233493
5.030779e-07,0.000230898
5.031779e-07,0.000223115
5.032779e-07,0.00021144
5.033779e-07,0.000197819
5.034779e-07,0.000182901
5.035779e-07,0.000167982
5.036779e-07,0.000154361
5.037779e-07,0.000143335
5.038779e-07,0.000135551
5.039779e-07,0.000132308
5.040779e-07,0.000132308
5.041779e-07,0.000136848
5.042779e-07,0.000143335
5.043779e-07,0.000151118
5.044779e-07,0.000158902
5.045779e-07,0.000165388
5.046779e-07,0.000169279
5.047779e-07,0.000169279
5.048779e-07,0.000165388
5.049779e-07,0.00015955
5.050779e-07,0.000151118
5.051779e-07,0.000142037
5.052779e-07,0.000134903
5.053779e-07,0.000131011
5.054779e-07,0.000130362
5.055779e-07,0.000134254
5.056779e-07,0.000142037
5.057779e-07,0.000153713
5.058779e-07,0.000167982
5.059779e-07,0.000184198
5.060779e-07,0.000199116
5.061779e-07,0.00021144
5.062779e-07,0.000219872
5.063779e-07,0.000223115
5.064779e-07,0.000221169
5.065779e-07,0.000213386
5.066779e-07,0.000200413
5.067779e-07,0.000182252
5.068779e-07,0.00015955
5.069779e-07,0.000134254
5.070779e-07,0.000107661
5.071779e-07,7.97699e-05
5.072779e-07,5.31765e-05
5.073779e-07,2.91775e-05
5.074779e-07,7.77306e-06
5.075779e-07,-8.44244e-06
5.076779e-07,-2.01176e-05
5.077779e-07,-2.59552e-05
5.078779e-07,-2.53066e-05
5.079779e-07,-1.81717e-05
5.080779e-07,-5.19934e-06
5.081779e-07,1.36106e-05
5.082779e-07,3.6961e-05
5.083779e-07,6.4203e-05
5.084779e-07,9.33909e-05
5.085779e-07,0.000123227
5.086779e-07,0.000151767
5.087779e-07,0.000176414
5.088779e-07,0.00019717
5.089779e-07,0.000213386
5.090779e-07,0.000224412
5.091779e-07,0.000231547
5.092779e-07,0.00023479
5.093779e-07,0.000236736
5.094779e-07,0.000238682
5.095779e-07,0.000241276
5.096779e-07,0.000246465
5.097779e-07,0.000255546
5.098779e-07,0.000267221
5.099779e-07,0.000282139
5.100779e-07,0.000298355
5.101779e-07,0.000315219
5.102779e-07,0.000331435
5.103779e-07,0.000347001
5.104779e-07,0.000360622
5.105779e-07,0.000372298
5.106779e-07,0.00038073
5.107779e-07,0.000385919
5.108779e-07,0.000387216
5.109779e-07,0.00038527
5.110779e-07,0.000380081
5.111779e-07,0.000370352
5.112779e-07,0.000356731
5.113779e-07,0.000338569
5.114779e-07,0.000315868
5.115779e-07,0.000289274
5.116779e-07,0.000260735
5.117779e-07,0.000231547
5.118779e-07,0.000203656
5.119779e-07,0.000179657
5.120779e-07,0.000160847
5.121779e-07,0.000149821
5.122779e-07,0.000146578
5.123779e-07,0.000151767
5.124779e-07,0.000162793
5.125779e-07,0.000179009
5.126779e-07,0.000196522
5.127779e-07,0.000214034
5.128779e-07,0.000229601
5.129779e-07,0.000239979
5.130779e-07,0.000243871
5.131779e-07,0.000241925
5.132779e-07,0.000232844
5.133779e-07,0.000219223
5.134779e-07,0.00020171
5.135779e-07,0.000182901
5.136779e-07,0.000164739
5.137779e-07,0.000148524
5.138779e-07,0.000134254
5.139779e-07,0.000123876
5.140779e-07,0.000116741
5.141779e-07,0.000114147
5.142779e-07,0.000114795
5.143779e-07,0.000119336
5.144779e-07,0.000127119
5.145779e-07,0.000138146
5.146779e-07,0.000153064
5.147779e-07,0.000170577
5.148779e-07,0.000190035
5.149779e-07,0.00021144
5.150779e-07,0.000233493
5.151779e-07,0.000255546
5.152779e-07,0.000275005
5.153779e-07,0.000291869
5.154779e-07,0.000304192
5.155779e-07,0.000311327
5.156779e-07,0.000311976
5.157779e-07,0.000308084
5.158779e-07,0.000298355
5.159779e-07,0.000285382
5.160779e-07,0.000271113
5.161779e-07,0.000257492
5.162779e-07,0.000245817
5.163779e-07,0.000236087
5.164779e-07,0.00023025
5.165779e-07,0.000227007
5.166779e-07,0.000227007
5.167779e-07,0.000228304
5.168779e-07,0.000229601
5.169779e-07,0.000230898
5.170779e-07,0.00023025
5.171779e-07,0.000227007
5.172779e-07,0.000221169
5.173779e-07,0.000213386
5.174779e-07,0.000203656
5.175779e-07,0.000193278
5.176779e-07,0.000182901
5.177779e-07,0.00017382
5.178779e-07,0.000166036
5.179779e-07,0.000158902
5.180779e-07,0.000153713
5.181779e-07,0.000149821
5.182779e-07,0.000146578
5.183779e-07,0.000142686
5.184779e-07,0.000139443
5.185779e-07,0.000136848
5.186779e-07,0.000134254
5.187779e-07,0.000133605
5.188779e-07,0.000134254
5.189779e-07,0.000138146
5.190779e-07,0.000144632
5.191779e-07,0.000154361
5.192779e-07,0.000166685
5.193779e-07,0.000180955
5.194779e-07,0.000196522
5.195779e-07,0.00021144
5.196779e-07,0.000225061
5.197779e-07,0.000238033
5.198779e-07,0.000248411
5.199779e-07,0.000256843
5.200779e-07,0.000263978
5.201779e-07,0.000269816
5.202779e-07,0.000274356
5.203779e-07,0.000277599
5.204779e-07,0.000280194
5.205779e-07,0.000282139
5.206779e-07,0.000283437
5.207779e-07,0.000283437
5.208779e-07,0.000283437
5.209779e-07,0.000284085
5.210779e-07,0.000284734
5.211779e-07,0.000286031
5.212779e-07,0.000288626
5.213779e-07,0.000293815
5.214779e-07,0.000300301
5.215779e-07,0.000308084
5.216779e-07,0.000315219
5.217779e-07,0.000321705
5.218779e-07,0.000326246
5.219779e-07,0.000328191
5.220779e-07,0.000326246
5.221779e-07,0.000320408
5.222779e-07,0.000311327
5.223779e-07,0.000300301
5.224779e-07,0.000287328
5.225779e-07,0.000275653
5.226779e-07,0.000265275
5.227779e-07,0.000258789
5.228779e-07,0.000256843
5.229779e-07,0.000260086
5.230779e-07,0.000268518
5.231779e-07,0.000281491
5.232779e-07,0.000296409
5.233779e-07,0.000311976
5.234779e-07,0.000324948
5.235779e-07,0.000334678
5.236779e-07,0.000338569
5.237779e-07,0.000336623
5.238779e-07,0.000328191
5.239779e-07,0.00031457
5.240779e-07,0.000297706
5.241779e-07,0.000277599
5.242779e-07,0.00025814
5.243779e-07,0.000239979
5.244779e-07,0.000225061
5.245779e-07,0.000214034
5.246779e-07,0.000207548
5.247779e-07,0.000204954
5.248779e-07,0.000205602
5.249779e-07,0.000207548
5.250779e-07,0.000210143
5.251779e-07,0.000212088
5.252779e-07,0.000214034
5.253779e-07,0.000215332
5.254779e-07,0.000215332
5.255779e-07,0.000214034
5.256779e-07,0.000212088
5.257779e-07,0.000210791
5.258779e-07,0.000208845
5.259779e-07,0.000206899
5.260779e-07,0.000205602
5.261779e-07,0.000204305
5.262779e-07,0.000202359
5.263779e-07,0.000199116
5.264779e-07,0.000195224
5.265779e-07,0.000191333
5.266779e-07,0.000186792
5.267779e-07,0.000183549
5.268779e-07,0.000180955
5.269779e-07,0.000180955
5.270779e-07,0.000182901
5.271779e-07,0.000188738
5.272779e-07,0.000197819
5.273779e-07,0.000209494
5.274779e-07,0.000223764
5.275779e-07,0.00023933
5.276779e-07,0.000256195
5.277779e-07,0.000273707
5.278779e-07,0.000290571
5.279779e-07,0.00030549
5.280779e-07,0.000319111
5.281779e-07,0.000330786
5.282779e-07,0.000341164
5.283779e-07,0.000350245
5.284779e-07,0.000357379
5.285779e-07,0.000362568
5.286779e-07,0.000365163
5.287779e-07,0.000365163
5.288779e-07,0.00036192
5.289779e-07,0.000356731
5.290779e-07,0.00034765
5.291779e-07,0.000336623
5.292779e-07,0.0003243
5.293779e-07,0.000311327
5.294779e-07,0.000297706
5.295779e-07,0.000284734
5.296779e-07,0.000275005
5.297779e-07,0.000268518
5.298779e-07,0.000264627
5.299779e-07,0.000263329
5.300779e-07,0.000265275
5.301779e-07,0.000271113
5.302779e-07,0.000278896
5.303779e-07,0.000289274
5.304779e-07,0.000300301
5.305779e-07,0.000311327
5.306779e-07,0.000323002
5.307779e-07,0.000334678
5.308779e-07,0.000345056
5.309779e-07,0.000353488
5.310779e-07,0.000359325
5.311779e-07,0.000361271
5.312779e-07,0.000360622
5.313779e-07,0.000356731
5.314779e-07,0.000350245
5.315779e-07,0.000340515
5.316779e-07,0.00032884
5.317779e-07,0.000316516
5.318779e-07,0.000302895
5.319779e-07,0.000289923
5.320779e-07,0.000278248
5.321779e-07,0.000269167
5.322779e-07,0.000262032
5.323779e-07,0.000257492
5.324779e-07,0.000255546
5.325779e-07,0.000256195
5.326779e-07,0.000259438
5.327779e-07,0.000263978
5.328779e-07,0.000269816
5.329779e-07,0.00027695
5.330779e-07,0.000284734
5.331779e-07,0.000293815
5.332779e-07,0.000303544
5.333779e-07,0.00031457
5.334779e-07,0.000327543
5.335779e-07,0.000340515
5.336779e-07,0.000354785
5.337779e-07,0.000369703
5.338779e-07,0.000383324
5.339779e-07,0.000395648
5.340779e-07,0.000406026
5.341779e-07,0.000413161
5.342779e-07,0.000417701
5.343779e-07,0.000419647
5.344779e-07,0.000419647
5.345779e-07,0.000417701
5.346779e-07,0.000414458
5.347779e-07,0.000411215
5.348779e-07,0.00040862
5.349779e-07,0.000406674
5.350779e-07,0.000404729
5.351779e-07,0.000402783
5.352779e-07,0.000400837
5.353779e-07,0.000398242
5.354779e-07,0.000394351
5.355779e-07,0.000388513
5.356779e-07,0.00038073
5.357779e-07,0.000372298
5.358779e-07,0.000363217
5.359779e-07,0.000354136
5.360779e-07,0.000343758
5.361779e-07,0.00033338
5.362779e-07,0.000323002
5.363779e-07,0.000311976
5.364779e-07,0.000301598
5.365779e-07,0.000289923
5.366779e-07,0.000278248
5.367779e-07,0.000265924
5.368779e-07,0.000252951
5.369779e-07,0.00023933
5.370779e-07,0.000225061
5.371779e-07,0.000210791
5.372779e-07,0.000197819
5.373779e-07,0.000185495
5.374779e-07,0.000175117
5.375779e-07,0.000165388
5.376779e-07,0.000158253
5.377779e-07,0.000153064
5.378779e-07,0.000149172
5.379779e-07,0.000147226
5.380779e-07,0.000145929
5.381779e-07,0.000146578
5.382779e-07,0.000147875
5.383779e-07,0.000149172
5.384779e-07,0.000151118
5.385779e-07,0.000151767
5.386779e-07,0.000150469
5.387779e-07,0.000148524
5.388779e-07,0.000143983
5.389779e-07,0.000138794
5.390779e-07,0.00013166
5.391779e-07,0.000123227
5.392779e-07,0.00011285
5.393779e-07,0.000101823
5.394779e-07,9.01478e-05
5.395779e-07,7.7824e-05
5.396779e-07,6.55003e-05
5.397779e-07,5.44737e-05
5.398779e-07,4.40958e-05
5.399779e-07,3.63124e-05
5.400779e-07,3.24206e-05
5.401779e-07,3.24206e-05
5.402779e-07,3.82582e-05
5.403779e-07,4.92848e-05
5.404779e-07,6.55003e-05
5.405779e-07,8.8202e-05
5.406779e-07,0.000114795
5.407779e-07,0.000144632
5.408779e-07,0.000176414
5.409779e-07,0.000208197
5.410779e-07,0.000237385
5.411779e-07,0.000262681
5.412779e-07,0.000283437
5.413779e-07,0.000299004
5.414779e-07,0.000309381
5.415779e-07,0.00031457
5.416779e-07,0.000315219
5.417779e-07,0.000313273
5.418779e-07,0.000307436
5.419779e-07,0.000300301
5.420779e-07,0.000292517
5.421779e-07,0.000282139
5.422779e-07,0.000270464
5.423779e-07,0.000255546
5.424779e-07,0.00023933
5.425779e-07,0.00022052
5.426779e-07,0.000199765
5.427779e-07,0.000177712
5.428779e-07,0.000154361
5.429779e-07,0.000132308
5.430779e-07,0.00011285
5.431779e-07,9.59854e-05
5.432779e-07,8.36616e-05
5.433779e-07,7.58782e-05
5.434779e-07,7.26351e-05
5.435779e-07,7.13378e-05
5.436779e-07,7.19865e-05
5.437779e-07,7.39323e-05
5.438779e-07,7.52296e-05
5.439779e-07,7.45809e-05
5.440779e-07,7.26351e-05
5.441779e-07,6.80947e-05
5.442779e-07,6.09599e-05
5.443779e-07,5.18792e-05
5.444779e-07,4.08527e-05
5.445779e-07,2.91775e-05
5.446779e-07,1.8151e-05
5.447779e-07,7.77306e-06
5.448779e-07,-6.58998e-07
5.449779e-07,-5.84796e-06
5.450779e-07,-8.44244e-06
5.451779e-07,-7.1452e-06
5.452779e-07,-3.25348e-06
5.453779e-07,5.17858e-06
5.454779e-07,1.62051e-05
5.455779e-07,3.11234e-05
5.456779e-07,4.79875e-05
5.457779e-07,6.67975e-05
5.458779e-07,8.69047e-05
5.459779e-07,0.000107012
5.460779e-07,0.000126471
5.461779e-07,0.000144632
5.462779e-07,0.000160847
5.463779e-07,0.000176414
5.464779e-07,0.000190684
5.465779e-07,0.000204305
5.466779e-07,0.000218575
5.467779e-07,0.000232196
5.468779e-07,0.000246465
5.469779e-07,0.000262032
5.470779e-07,0.000277599
5.471779e-07,0.000294463
5.472779e-07,0.000310679
5.473779e-07,0.000325597
5.474779e-07,0.000336623
5.475779e-07,0.000341812
5.476779e-07,0.000339867
5.477779e-07,0.000330786
5.478779e-07,0.000313273
5.479779e-07,0.00028668
5.480779e-07,0.0002536
5.481779e-07,0.000215332
5.482779e-07,0.00017382
5.483779e-07,0.000132308
5.484779e-07,9.27423e-05
5.485779e-07,5.96627e-05
5.486779e-07,3.37179e-05
5.487779e-07,1.75024e-05
5.488779e-07,1.10162e-05
5.489779e-07,1.42593e-05
5.490779e-07,2.6583e-05
5.491779e-07,4.5393e-05
5.492779e-07,6.87434e-05
5.493779e-07,9.59854e-05
5.494779e-07,0.000124525
5.495779e-07,0.000152415
5.496779e-07,0.00017836
5.497779e-07,0.000202359
5.498779e-07,0.000222466
5.499779e-07,0.00023933
5.500779e-07,0.000251006
5.501779e-07,0.000259438
5.502779e-07,0.000262681
5.503779e-07,0.000260735
5.504779e-07,0.000252951
5.505779e-07,0.00023933
5.506779e-07,0.00022052
5.507779e-07,0.000195873
5.508779e-07,0.000167982
5.509779e-07,0.000138146
5.510779e-07,0.000109606
5.511779e-07,8.36616e-05
5.512779e-07,6.29058e-05
5.513779e-07,4.99334e-05
5.514779e-07,4.47444e-05
5.515779e-07,4.79875e-05
5.516779e-07,5.90141e-05
5.517779e-07,7.7824e-05
5.518779e-07,0.000101823
5.519779e-07,0.000128416
5.520779e-07,0.00015501
5.521779e-07,0.000180955
5.522779e-07,0.000203008
5.523779e-07,0.000221169
5.524779e-07,0.00023479
5.525779e-07,0.000245168
5.526779e-07,0.000252951
5.527779e-07,0.00025814
5.528779e-07,0.000262032
5.529779e-07,0.000265924
5.530779e-07,0.000269816
5.531779e-07,0.000273059
5.532779e-07,0.000275005
5.533779e-07,0.000276302
5.534779e-07,0.000274356
5.535779e-07,0.000270464
5.536779e-07,0.000263329
5.537779e-07,0.0002536
5.538779e-07,0.000241925
5.539779e-07,0.00023025
5.540779e-07,0.000218575
5.541779e-07,0.000210143
5.542779e-07,0.000203656
5.543779e-07,0.000201062
5.544779e-07,0.000202359
5.545779e-07,0.000207548
5.546779e-07,0.000216629
5.547779e-07,0.000228953
5.548779e-07,0.000242574
5.549779e-07,0.000258789
5.550779e-07,0.000275005
5.551779e-07,0.000292517
5.552779e-07,0.000309381
5.553779e-07,0.000326246
5.554779e-07,0.000341812
5.555779e-07,0.000356082
5.556779e-07,0.000369054
5.557779e-07,0.000378784
5.558779e-07,0.000385919
5.559779e-07,0.000387864
5.560779e-07,0.00038527
5.561779e-07,0.000378135
5.562779e-07,0.000365811
5.563779e-07,0.000348299
5.564779e-07,0.000326894
5.565779e-07,0.000302895
5.566779e-07,0.000277599
5.567779e-07,0.000252303
5.568779e-07,0.00023025
5.569779e-07,0.00021144
5.570779e-07,0.00019717
5.571779e-07,0.000187441
5.572779e-07,0.000181603
5.573779e-07,0.000179009
5.574779e-07,0.000179657
5.575779e-07,0.000182901
5.576779e-07,0.000187441
5.577779e-07,0.000193927
5.578779e-07,0.000202359
5.579779e-07,0.000212737
5.580779e-07,0.000224412
5.581779e-07,0.000238033
5.582779e-07,0.000252303
5.583779e-07,0.000265924
5.584779e-07,0.000278248
5.585779e-07,0.000287328
5.586779e-07,0.000292517
5.587779e-07,0.000292517
5.588779e-07,0.000287328
5.589779e-07,0.000276302
5.590779e-07,0.000261384
5.591779e-07,0.000241925
5.592779e-07,0.000221818
5.593779e-07,0.000203008
5.594779e-07,0.000186144
5.595779e-07,0.000173171
5.596779e-07,0.000165388
5.597779e-07,0.000163442
5.598779e-07,0.000167982
5.599779e-07,0.000177712
5.600779e-07,0.00019263
5.601779e-07,0.000210791
5.602779e-07,0.000231547
5.603779e-07,0.000252303
5.604779e-07,0.000273059
5.605779e-07,0.000292517
5.606779e-07,0.00031003
5.607779e-07,0.0003243
5.608779e-07,0.000334029
5.609779e-07,0.000339867
5.610779e-07,0.000341164
5.611779e-07,0.000335975
5.612779e-07,0.000324948
5.613779e-07,0.000308084
5.614779e-07,0.000285382
5.615779e-07,0.000258789
5.616779e-07,0.000228953
5.617779e-07,0.000199116
5.618779e-07,0.000170577
5.619779e-07,0.000146578
5.620779e-07,0.000127768
5.621779e-07,0.000116093
5.622779e-07,0.000111552
5.623779e-07,0.000114795
5.624779e-07,0.000123876
5.625779e-07,0.000137497
5.626779e-07,0.000153064
5.627779e-07,0.000168631
5.628779e-07,0.000182901
5.629779e-07,0.000194576
5.630779e-07,0.000203656
5.631779e-07,0.000208845
5.632779e-07,0.00021144
5.633779e-07,0.00021144
5.634779e-07,0.000210791
5.635779e-07,0.00021144
5.636779e-07,0.000214683
5.637779e-07,0.00022052
5.638779e-07,0.000228304
5.639779e-07,0.000238682
5.640779e-07,0.000250357
5.641779e-07,0.000261384
5.642779e-07,0.000271113
5.643779e-07,0.00027695
5.644779e-07,0.000278248
5.645779e-07,0.000276302
5.646779e-07,0.000270464
5.647779e-07,0.000263329
5.648779e-07,0.000255546
5.649779e-07,0.00024906
5.650779e-07,0.000244519
5.651779e-07,0.000243871
5.652779e-07,0.000247114
5.653779e-07,0.000254897
5.654779e-07,0.000265275
5.655779e-07,0.00027695
5.656779e-07,0.000287977
5.657779e-07,0.000296409
5.658779e-07,0.000302247
5.659779e-07,0.000303544
5.660779e-07,0.000301598
5.661779e-07,0.000297058
5.662779e-07,0.000288626
5.663779e-07,0.000278896
5.664779e-07,0.00026787
5.665779e-07,0.000256843
5.666779e-07,0.000244519
5.667779e-07,0.000231547
5.668779e-07,0.000217277
5.669779e-07,0.00020171
5.670779e-07,0.000184198
5.671779e-07,0.000166036
5.672779e-07,0.000147226
5.673779e-07,0.000128416
5.674779e-07,0.000112201
5.675779e-07,0.000100526
5.676779e-07,9.40395e-05
5.677779e-07,9.40395e-05
5.678779e-07,0.000100526
5.679779e-07,0.000111552
5.680779e-07,0.000127119
5.681779e-07,0.000145281
5.682779e-07,0.000164739
5.683779e-07,0.000182901
5.684779e-07,0.000199765
5.685779e-07,0.000214683
5.686779e-07,0.000227655
5.687779e-07,0.00023933
5.688779e-07,0.000250357
5.689779e-07,0.000261384
5.690779e-07,0.000273059
5.691779e-07,0.000284085
5.692779e-07,0.000294463
5.693779e-07,0.000302895
5.694779e-07,0.000307436
5.695779e-07,0.000306787
5.696779e-07,0.000299652
5.697779e-07,0.00028668
5.698779e-07,0.000267221
5.699779e-07,0.000243871
5.700779e-07,0.000217926
5.701779e-07,0.000191981
5.702779e-07,0.000169279
5.703779e-07,0.000149821
5.704779e-07,0.000136848
5.705779e-07,0.000129714
5.706779e-07,0.000129065
5.707779e-07,0.000133605
5.708779e-07,0.000142037
5.709779e-07,0.000153064
5.710779e-07,0.000165388
5.711779e-07,0.00017836
5.712779e-07,0.000191333
5.713779e-07,0.000204305
5.714779e-07,0.000216629
5.715779e-07,0.000228304
5.716779e-07,0.00023933
5.717779e-07,0.000250357
5.718779e-07,0.000260086
5.719779e-07,0.000267221
5.720779e-07,0.00027241
5.721779e-07,0.000273059
5.722779e-07,0.000268518
5.723779e-07,0.00025814
5.724779e-07,0.000243222
5.725779e-07,0.000223115
5.726779e-07,0.000199765
5.727779e-07,0.000174468
5.728779e-07,0.000149821
5.729779e-07,0.000126471
5.730779e-07,0.000107012
5.731779e-07,9.20937e-05
5.732779e-07,8.23644e-05
5.733779e-07,7.71754e-05
5.734779e-07,7.52296e-05
5.735779e-07,7.71754e-05
5.736779e-07,8.23644e-05
5.737779e-07,8.88506e-05
5.738779e-07,9.6634e-05
5.739779e-07,0.000105715
5.740779e-07,0.00011739
5.741779e-07,0.000130362
5.742779e-07,0.000146578
5.743779e-07,0.000164739
5.744779e-07,0.000186144
5.745779e-07,0.000208845
5.746779e-07,0.000231547
5.747779e-07,0.000252303
5.748779e-07,0.000270464
5.749779e-07,0.000284734
5.750779e-07,0.000293166
5.751779e-07,0.000295112
5.752779e-07,0.000291869
5.753779e-07,0.000284085
5.754779e-07,0.000271761
5.755779e-07,0.000257492
5.756779e-07,0.000241925
5.757779e-07,0.000227007
5.758779e-07,0.000212088
5.759779e-07,0.000198467
5.760779e-07,0.000185495
5.761779e-07,0.000173171
5.762779e-07,0.000160847
5.763779e-07,0.000149172
5.764779e-07,0.000138794
5.765779e-07,0.000130362
5.766779e-07,0.000125822
5.767779e-07,0.000125822
5.768779e-07,0.000132308
5.769779e-07,0.000145929
5.770779e-07,0.000167334
5.771779e-07,0.000195224
5.772779e-07,0.000227655
5.773779e-07,0.000261384
5.774779e-07,0.000293166
5.775779e-07,0.000321057
5.776779e-07,0.000341812
5.777779e-07,0.000355433
5.778779e-07,0.000360622
5.779779e-07,0.000359325
5.780779e-07,0.000353488
5.781779e-07,0.000347001
5.782779e-07,0.000341812
5.783779e-07,0.000340515
5.784779e-07,0.000343758
5.785779e-07,0.000353488
5.786779e-07,0.000368406
5.787779e-07,0.000387216
5.788779e-07,0.000407323
5.789779e-07,0.000426133
5.790779e-07,0.000441051
5.791779e-07,0.000450781
5.792779e-07,0.000454024
5.793779e-07,0.000450132
5.794779e-07,0.000439754
5.795779e-07,0.000424187
5.796779e-07,0.000405377
5.797779e-07,0.000383324
5.798779e-07,0.000359974
5.799779e-07,0.000334678
5.800779e-07,0.000308733
5.801779e-07,0.000281491
5.802779e-07,0.0002536
5.803779e-07,0.000223764
5.804779e-07,0.00019263
5.805779e-07,0.000161496
5.806779e-07,0.00013166
5.807779e-07,0.000104417
5.808779e-07,8.23644e-05
5.809779e-07,6.61489e-05
5.810779e-07,5.70682e-05
5.811779e-07,5.51223e-05
5.812779e-07,5.90141e-05
5.813779e-07,6.74461e-05
5.814779e-07,7.84727e-05
5.815779e-07,8.94992e-05
5.816779e-07,9.85799e-05
5.817779e-07,0.000103769
5.818779e-07,0.000105066
5.819779e-07,0.000101823
5.820779e-07,9.46882e-05
5.821779e-07,8.49589e-05
5.822779e-07,7.52296e-05
5.823779e-07,6.67975e-05
5.824779e-07,6.03113e-05
5.825779e-07,5.77168e-05
5.826779e-07,5.83654e-05
5.827779e-07,6.22572e-05
5.828779e-07,6.87434e-05
5.829779e-07,7.71754e-05
5.830779e-07,8.62561e-05
5.831779e-07,9.53368e-05
5.832779e-07,0.000105715
5.833779e-07,0.000116741
5.834779e-07,0.000129714
5.835779e-07,0.000145281
5.836779e-07,0.000162793
5.837779e-07,0.000182901
5.838779e-07,0.000204305
5.839779e-07,0.000226358
5.840779e-07,0.000247114
5.841779e-07,0.000264627
5.842779e-07,0.000277599
5.843779e-07,0.000285382
5.844779e-07,0.000285382
5.845779e-07,0.000279545
5.846779e-07,0.000267221
5.847779e-07,0.000251006
5.848779e-07,0.000233493
5.849779e-07,0.00021598
5.850779e-07,0.000200413
5.851779e-07,0.000186144
5.852779e-07,0.000175117
5.853779e-07,0.000166036
5.854779e-07,0.000158902
5.855779e-07,0.000151767
5.856779e-07,0.000144632
5.857779e-07,0.000138146
5.858779e-07,0.00013166
5.859779e-07,0.000126471
5.860779e-07,0.000125173
5.861779e-07,0.000128416
5.862779e-07,0.0001362
5.863779e-07,0.000149172
5.864779e-07,0.000166036
5.865779e-07,0.000185495
5.866779e-07,0.000204305
5.867779e-07,0.000221818
5.868779e-07,0.00023479
5.869779e-07,0.000241925
5.870779e-07,0.000241276
5.871779e-07,0.000234141
5.872779e-07,0.000222466
5.873779e-07,0.000208197
5.874779e-07,0.000194576
5.875779e-07,0.000182901
5.876779e-07,0.000175117
5.877779e-07,0.00017382
5.878779e-07,0.000177063
5.879779e-07,0.000184198
5.880779e-07,0.000193278
5.881779e-07,0.00020171
5.882779e-07,0.000206251
5.883779e-07,0.000205602
5.884779e-07,0.000199116
5.885779e-07,0.000186792
5.886779e-07,0.000170577
5.887779e-07,0.000153064
5.888779e-07,0.000137497
5.889779e-07,0.000126471
5.890779e-07,0.000122579
5.891779e-07,0.000126471
5.892779e-07,0.000138146
5.893779e-07,0.000156956
5.894779e-07,0.000179009
5.895779e-07,0.000201062
5.896779e-07,0.000221818
5.897779e-07,0.000238682
5.898779e-07,0.000250357
5.899779e-07,0.000256195
5.900779e-07,0.000258789
5.901779e-07,0.000260086
5.902779e-07,0.000262681
5.903779e-07,0.000268518
5.904779e-07,0.000280842
5.905779e-07,0.000299652
5.906779e-07,0.0003243
5.907779e-07,0.000353488
5.908779e-07,0.000383973
5.909779e-07,0.000413161
5.910779e-07,0.00043716
5.911779e-07,0.000453375
5.912779e-07,0.00046051
5.913779e-07,0.000459213
5.914779e-07,0.000448835
5.915779e-07,0.000432619
5.916779e-07,0.000411863
5.917779e-07,0.000390459
5.918779e-07,0.000369054
5.919779e-07,0.000350245
5.920779e-07,0.000334029
5.921779e-07,0.000320408
5.922779e-07,0.000308733
5.923779e-07,0.000297706
5.924779e-07,0.00028668
5.925779e-07,0.000274356
5.926779e-07,0.000262032
5.927779e-07,0.000249708
5.928779e-07,0.00023933
5.929779e-07,0.000232844
5.930779e-07,0.00023025
5.931779e-07,0.000233493
5.932779e-07,0.000241925
5.933779e-07,0.000256195
5.934779e-07,0.000274356
5.935779e-07,0.000294463
5.936779e-07,0.00031457
5.937779e-07,0.000334029
5.938779e-07,0.000348947
5.939779e-07,0.000359974
5.940779e-07,0.000367109
5.941779e-07,0.000369054
5.942779e-07,0.000367109
5.943779e-07,0.000361271
5.944779e-07,0.000352839
5.945779e-07,0.000342461
5.946779e-07,0.000330137
5.947779e-07,0.000317165
5.948779e-07,0.000302247
5.949779e-07,0.000287328
5.950779e-07,0.000271761
5.951779e-07,0.000257492
5.952779e-07,0.000245168
5.953779e-07,0.000237385
5.954779e-07,0.00023479
5.955779e-07,0.000238682
5.956779e-07,0.000248411
5.957779e-07,0.000263978
5.958779e-07,0.000283437
5.959779e-07,0.000303544
5.960779e-07,0.000323002
5.961779e-07,0.000338569
5.962779e-07,0.00034765
5.963779e-07,0.000349596
5.964779e-07,0.000344407
5.965779e-07,0.000334029
5.966779e-07,0.000319759
5.967779e-07,0.000303544
5.968779e-07,0.000289274
5.969779e-07,0.000278896
5.970779e-07,0.000275005
5.971779e-07,0.000276302
5.972779e-07,0.000282139
5.973779e-07,0.000290571
5.974779e-07,0.000298355
5.975779e-07,0.000302247
5.976779e-07,0.000300301
5.977779e-07,0.00029122
5.978779e-07,0.000273707
5.979779e-07,0.000249708
5.980779e-07,0.000219872
5.981779e-07,0.000188738
5.982779e-07,0.000157604
5.983779e-07,0.000131011
5.984779e-07,0.000111552
5.985779e-07,9.98771e-05
5.986779e-07,9.59854e-05
5.987779e-07,9.85799e-05
5.988779e-07,0.000105715
5.989779e-07,0.000116093
5.990779e-07,0.000126471
5.991779e-07,0.000134254
5.992779e-07,0.000138794
5.993779e-07,0.00014074
5.994779e-07,0.000139443
5.995779e-07,0.000137497
5.996779e-07,0.000134254
5.997779e-07,0.000132957
5.998779e-07,0.000133605
5.999779e-07,0.000138146
6.000779e-07,0.000145929
6.001779e-07,0.000155658
6.002779e-07,0.000167334
6.003779e-07,0.000179009
6.004779e-07,0.000191333
6.005779e-07,0.00020171
6.006779e-07,0.00021144
6.007779e-07,0.00022052
6.008779e-07,0.00023025
6.009779e-07,0.000239979
6.010779e-07,0.000250357
6.011779e-07,0.000260735
6.012779e-07,0.000270464
6.013779e-07,0.000278248
6.014779e-07,0.000282139
6.015779e-07,0.000280842
6.016779e-07,0.000275005
6.017779e-07,0.000263978
6.018779e-07,0.000249708
6.019779e-07,0.000233493
6.020779e-07,0.000217926
6.021779e-07,0.000206251
6.022779e-07,0.000199765
6.023779e-07,0.000200413
6.024779e-07,0.000208845
6.025779e-07,0.000223764
6.026779e-07,0.000241276
6.027779e-07,0.000259438
6.028779e-07,0.000275653
6.029779e-07,0.000285382
6.030779e-07,0.000287328
6.031779e-07,0.000279545
6.032779e-07,0.000262681
6.033779e-07,0.000239979
6.034779e-07,0.000212737
6.035779e-07,0.000184846
6.036779e-07,0.00015955
6.037779e-07,0.000138794
6.038779e-07,0.000123876
6.039779e-07,0.000114147
6.040779e-07,0.000110255
6.041779e-07,0.000108309
6.042779e-07,0.000105715
6.043779e-07,9.98771e-05
6.044779e-07,9.01478e-05
6.045779e-07,7.58782e-05
6.046779e-07,5.70682e-05
6.047779e-07,3.6961e-05
6.048779e-07,1.8151e-05
6.049779e-07,3.23272e-06
6.050779e-07,-5.19934e-06
6.051779e-07,-5.19934e-06
6.052779e-07,4.52996e-06
6.053779e-07,2.33399e-05
6.054779e-07,4.79875e-05
6.055779e-07,7.58782e-05
6.056779e-07,0.000103769
6.057779e-07,0.000129065
6.058779e-07,0.000149821
6.059779e-07,0.000164739
6.060779e-07,0.000175117
6.061779e-07,0.000180955
6.062779e-07,0.000184198
6.063779e-07,0.000185495
6.064779e-07,0.000187441
6.065779e-07,0.000190035
6.066779e-07,0.000194576
6.067779e-07,0.000199116
6.068779e-07,0.000203008
6.069779e-07,0.000205602
6.070779e-07,0.000205602
6.071779e-07,0.000202359
6.072779e-07,0.000197819
6.073779e-07,0.000191333
6.074779e-07,0.000185495
6.075779e-07,0.000181603
6.076779e-07,0.000180955
6.077779e-07,0.000184198
6.078779e-07,0.00019263
6.079779e-07,0.000203656
6.080779e-07,0.000216629
6.081779e-07,0.000229601
6.082779e-07,0.000240628
6.083779e-07,0.000247114
6.084779e-07,0.00024906
6.085779e-07,0.000245168
6.086779e-07,0.000236736
6.087779e-07,0.000223764
6.088779e-07,0.000209494
6.089779e-07,0.000195224
6.090779e-07,0.000182252
6.091779e-07,0.000172523
6.092779e-07,0.000166036
6.093779e-07,0.000162145
6.094779e-07,0.000160847
6.095779e-07,0.000160199
6.096779e-07,0.00015955
6.097779e-07,0.00015955
6.098779e-07,0.000158902
6.099779e-07,0.00015955
6.100779e-07,0.000162145
6.101779e-07,0.000167334
6.102779e-07,0.000175766
6.103779e-07,0.000186792
6.104779e-07,0.000200413
6.105779e-07,0.000215332
6.106779e-07,0.000228953
6.107779e-07,0.00023933
6.108779e-07,0.000245817
6.109779e-07,0.000245168
6.110779e-07,0.000238682
6.111779e-07,0.000226358
6.112779e-07,0.000210143
6.113779e-07,0.000191981
6.114779e-07,0.000174468
6.115779e-07,0.000160199
6.116779e-07,0.000151767
6.117779e-07,0.000151118
6.118779e-07,0.000156307
6.119779e-07,0.000168631
6.120779e-07,0.000186144
6.121779e-07,0.000207548
6.122779e-07,0.000229601
6.123779e-07,0.000249708
6.124779e-07,0.000267221
6.125779e-07,0.000280842
6.126779e-07,0.000289923
6.127779e-07,0.00029576
6.128779e-07,0.000299004
6.129779e-07,0.000300301
6.130779e-07,0.000299652
6.131779e-07,0.000297706
6.132779e-07,0.000294463
6.133779e-07,0.000287977
6.134779e-07,0.000277599
6.135779e-07,0.000264627
6.136779e-07,0.00024906
6.137779e-07,0.000230898
6.138779e-07,0.000212737
6.139779e-07,0.000196522
6.140779e-07,0.000184198
6.141779e-07,0.00017836
6.142779e-07,0.000180955
6.143779e-07,0.000191333
6.144779e-07,0.000209494
6.145779e-07,0.000232844
6.146779e-07,0.000258789
6.147779e-07,0.000283437
6.148779e-07,0.000303544
6.149779e-07,0.000315219
6.150779e-07,0.000315868
6.151779e-07,0.00030549
6.152779e-07,0.000284734
6.153779e-07,0.000256843
6.154779e-07,0.000223764
6.155779e-07,0.000189387
6.156779e-07,0.000158902
6.157779e-07,0.000134903
6.158779e-07,0.000119336
6.159779e-07,0.00011285
6.160779e-07,0.000114795
6.161779e-07,0.000123876
6.162779e-07,0.000137497
6.163779e-07,0.000152415
6.164779e-07,0.000167334
6.165779e-07,0.000182252
6.166779e-07,0.000195224
6.167779e-07,0.000206899
6.168779e-07,0.000219223
6.169779e-07,0.000232844
6.170779e-07,0.000247114
6.171779e-07,0.000262681
6.172779e-07,0.000278896
6.173779e-07,0.000294463
6.174779e-07,0.000306787
6.175779e-07,0.00031457
6.176779e-07,0.000315868
6.177779e-07,0.000310679
6.178779e-07,0.000299652
6.179779e-07,0.000282788
6.180779e-07,0.000261384
6.181779e-07,0.00023933
6.182779e-07,0.000217926
6.183779e-07,0.000199116
6.184779e-07,0.000184846
6.185779e-07,0.000174468
6.186779e-07,0.000167334
6.187779e-07,0.000162145
6.188779e-07,0.000157604
6.189779e-07,0.000151767
6.190779e-07,0.000142686
6.191779e-07,0.000131011
6.192779e-07,0.000116093
6.193779e-07,9.98771e-05
6.194779e-07,8.43102e-05
6.195779e-07,7.06892e-05
6.196779e-07,6.09599e-05
6.197779e-07,5.64196e-05
6.198779e-07,5.64196e-05
6.199779e-07,6.03113e-05
6.200779e-07,6.74461e-05
6.201779e-07,7.58782e-05
6.202779e-07,8.23644e-05
6.203779e-07,8.69047e-05
6.204779e-07,8.75533e-05
6.205779e-07,8.43102e-05
6.206779e-07,7.84727e-05
6.207779e-07,7.19865e-05
6.208779e-07,6.67975e-05
6.209779e-07,6.4203e-05
6.210779e-07,6.48516e-05
6.211779e-07,6.9392e-05
6.212779e-07,7.7824e-05
6.213779e-07,8.94992e-05
6.214779e-07,0.000101174
6.215779e-07,0.00011285
6.216779e-07,0.000123227
6.217779e-07,0.000131011
6.218779e-07,0.000135551
6.219779e-07,0.000137497
6.220779e-07,0.000138146
6.221779e-07,0.000140092
6.222779e-07,0.000145281
6.223779e-07,0.000154361
6.224779e-07,0.000169279
6.225779e-07,0.000189387
6.226779e-07,0.000212737
6.227779e-07,0.000237385
6.228779e-07,0.000261384
6.229779e-07,0.000282788
6.230779e-07,0.000299652
6.231779e-07,0.00031003
6.232779e-07,0.00031457
6.233779e-07,0.000312625
6.234779e-07,0.00030549
6.235779e-07,0.000295112
6.236779e-07,0.000282139
6.237779e-07,0.000269167
6.238779e-07,0.000256843
6.239779e-07,0.000244519
6.240779e-07,0.000234141
6.241779e-07,0.000224412
6.242779e-07,0.000214683
6.243779e-07,0.000204305
6.244779e-07,0.000193927
6.245779e-07,0.000183549
6.246779e-07,0.000174468
6.247779e-07,0.000167334
6.248779e-07,0.000163442
6.249779e-07,0.000163442
6.250779e-07,0.000167334
6.251779e-07,0.00017382
6.252779e-07,0.000183549
6.253779e-07,0.000194576
6.254779e-07,0.000204305
6.255779e-07,0.000212088
6.256779e-07,0.000216629
6.257779e-07,0.000216629
6.258779e-07,0.000212088
6.259779e-07,0.000203656
6.260779e-07,0.000193927
6.261779e-07,0.000184198
6.262779e-07,0.000176414
6.263779e-07,0.000171225
6.264779e-07,0.000169928
6.265779e-07,0.000172523
6.266779e-07,0.000177712
6.267779e-07,0.000184846
6.268779e-07,0.000191981
6.269779e-07,0.000199116
6.270779e-07,0.000203656
6.271779e-07,0.000206899
6.272779e-07,0.000208197
6.273779e-07,0.000209494
6.274779e-07,0.000210791
6.275779e-07,0.000214034
6.276779e-07,0.000219872
6.277779e-07,0.000228304
6.278779e-07,0.00023933
6.279779e-07,0.000251006
6.280779e-07,0.000262032
6.281779e-07,0.000271761
6.282779e-07,0.00027695
6.283779e-07,0.000276302
6.284779e-07,0.000269816
6.285779e-07,0.00025814
6.286779e-07,0.000241925
6.287779e-07,0.000223764
6.288779e-07,0.000206251
6.289779e-07,0.000191333
6.290779e-07,0.000179657
6.291779e-07,0.000171874
6.292779e-07,0.000169279
6.293779e-07,0.000170577
6.294779e-07,0.000173171
6.295779e-07,0.000176414
6.296779e-07,0.00017836
6.297779e-07,0.000177063
6.298779e-07,0.000173171
6.299779e-07,0.000165388
6.300779e-07,0.000155658
6.301779e-07,0.000145281
6.302779e-07,0.0001362
6.303779e-07,0.000129714
6.304779e-07,0.000128416
6.305779e-07,0.000133605
6.306779e-07,0.000143983
6.307779e-07,0.000158902
6.308779e-07,0.000176414
6.309779e-07,0.000195873
6.310779e-07,0.000215332
6.311779e-07,0.000233493
6.312779e-07,0.000249708
6.313779e-07,0.000264627
6.314779e-07,0.00027695
6.315779e-07,0.00028668
6.316779e-07,0.00029576
6.317779e-07,0.000304192
6.318779e-07,0.000312625
6.319779e-07,0.000319759
6.320779e-07,0.000325597
6.321779e-07,0.000329489
6.322779e-07,0.000330137
6.323779e-07,0.000328191
6.324779e-07,0.000323002
6.325779e-07,0.00031457
6.326779e-07,0.00030549
6.327779e-07,0.000295112
6.328779e-07,0.00028668
6.329779e-07,0.000280842
6.330779e-07,0.000278248
6.331779e-07,0.000278896
6.332779e-07,0.000282139
6.333779e-07,0.00028668
6.334779e-07,0.000290571
6.335779e-07,0.000292517
6.336779e-07,0.00029122
6.337779e-07,0.00028668
6.338779e-07,0.000277599
6.339779e-07,0.000264627
6.340779e-07,0.00024906
6.341779e-07,0.000232196
6.342779e-07,0.000214683
6.343779e-07,0.000199765
6.344779e-07,0.000186792
6.345779e-07,0.000176414
6.346779e-07,0.000168631
6.347779e-07,0.000163442
6.348779e-07,0.00015955
6.349779e-07,0.000155658
6.350779e-07,0.000152415
6.351779e-07,0.000148524
6.352779e-07,0.000145929
6.353779e-07,0.000145281
6.354779e-07,0.000147226
6.355779e-07,0.000153064
6.356779e-07,0.000164091
6.357779e-07,0.00017836
6.358779e-07,0.000196522
6.359779e-07,0.000216629
6.360779e-07,0.000236736
6.361779e-07,0.000255546
6.362779e-07,0.000270464
6.363779e-07,0.000279545
6.364779e-07,0.000284085
6.365779e-07,0.000284085
6.366779e-07,0.000281491
6.367779e-07,0.00027695
6.368779e-07,0.00027241
6.369779e-07,0.000271113
6.370779e-07,0.000271761
6.371779e-07,0.000275653
6.372779e-07,0.000282139
6.373779e-07,0.000289274
6.374779e-07,0.000295112
6.375779e-07,0.000297058
6.376779e-07,0.000294463
6.377779e-07,0.000286031
6.378779e-07,0.00027241
6.379779e-07,0.000254249
6.380779e-07,0.000234141
6.381779e-07,0.000214034
6.382779e-07,0.000195873
6.383779e-07,0.000181603
6.384779e-07,0.000172523
6.385779e-07,0.000168631
6.386779e-07,0.000167334
6.387779e-07,0.000167982
6.388779e-07,0.000168631
6.389779e-07,0.000167334
6.390779e-07,0.000162793
6.391779e-07,0.00015501
6.392779e-07,0.000144632
6.393779e-07,0.000133605
6.394779e-07,0.000123227
6.395779e-07,0.000116741
6.396779e-07,0.000115444
6.397779e-07,0.000119984
6.398779e-07,0.000130362
6.399779e-07,0.000145281
6.400779e-07,0.000162145
6.401779e-07,0.000179657
6.402779e-07,0.000194576
6.403779e-07,0.000206251
6.404779e-07,0.000212088
6.405779e-07,0.000212737
6.406779e-07,0.000208197
6.407779e-07,0.000199765
6.408779e-07,0.000190035
6.409779e-07,0.000180306
6.410779e-07,0.000170577
6.411779e-07,0.000162145
6.412779e-07,0.000154361
6.413779e-07,0.000148524
6.414779e-07,0.000142686
6.415779e-07,0.000135551
6.416779e-07,0.000128416
6.417779e-07,0.000119984
6.418779e-07,0.000112201
6.419779e-07,0.000105715
6.420779e-07,0.000102472
6.421779e-07,0.000104417
6.422779e-07,0.000111552
6.423779e-07,0.000125822
6.424779e-07,0.000145929
6.425779e-07,0.000170577
6.426779e-07,0.000197819
6.427779e-07,0.000225709
6.428779e-07,0.000252303
6.429779e-07,0.000275653
6.430779e-07,0.000295112
6.431779e-07,0.00031003
6.432779e-07,0.000320408
6.433779e-07,0.000328191
6.434779e-07,0.000334678
6.435779e-07,0.000339867
6.436779e-07,0.000345704
6.437779e-07,0.000350893
6.438779e-07,0.000355433
6.439779e-07,0.000358677
6.440779e-07,0.000359325
6.441779e-07,0.000356082
6.442779e-07,0.000347001
6.443779e-07,0.00033338
6.444779e-07,0.000315219
6.445779e-07,0.000293815
6.446779e-07,0.000271761
6.447779e-07,0.000251654
6.448779e-07,0.000236736
6.449779e-07,0.000227007
6.450779e-07,0.000223115
6.451779e-07,0.000225709
6.452779e-07,0.000234141
6.453779e-07,0.000246465
6.454779e-07,0.000260086
6.455779e-07,0.00027241
6.456779e-07,0.000283437
6.457779e-07,0.000290571
6.458779e-07,0.000295112
6.459779e-07,0.00029576
6.460779e-07,0.000295112
6.461779e-07,0.000293166
6.462779e-07,0.000291869
6.463779e-07,0.000290571
6.464779e-07,0.00029122
6.465779e-07,0.000292517
6.466779e-07,0.000293166
6.467779e-07,0.000292517
6.468779e-07,0.000288626
6.469779e-07,0.000281491
6.470779e-07,0.000270464
6.471779e-07,0.000256843
6.472779e-07,0.000242574
6.473779e-07,0.000228304
6.474779e-07,0.00021598
6.475779e-07,0.000208197
6.476779e-07,0.000205602
6.477779e-07,0.000208197
6.478779e-07,0.000214683
6.479779e-07,0.000223764
6.480779e-07,0.000232844
6.481779e-07,0.000240628
6.482779e-07,0.000243222
6.483779e-07,0.000240628
6.484779e-07,0.000232196
6.485779e-07,0.00022052
6.486779e-07,0.000206251
6.487779e-07,0.000193278
6.488779e-07,0.000184846
6.489779e-07,0.000181603
6.490779e-07,0.000184846
6.491779e-07,0.000193927
6.492779e-07,0.000209494
6.493779e-07,0.000228304
6.494779e-07,0.000247763
6.495779e-07,0.000265924
6.496779e-07,0.000280194
6.497779e-07,0.000289274
6.498779e-07,0.000293166
6.499779e-07,0.000292517
6.500779e-07,0.000287977
6.501779e-07,0.000281491
6.502779e-07,0.000274356
6.503779e-07,0.00026787
6.504779e-07,0.000262032
6.505779e-07,0.000257492
6.506779e-07,0.000252951
6.507779e-07,0.000245168
6.508779e-07,0.000234141
6.509779e-07,0.000219223
6.510779e-07,0.000200413
6.511779e-07,0.000179009
6.512779e-07,0.000156956
6.513779e-07,0.000136848
6.514779e-07,0.000119984
6.515779e-07,0.000109606
6.516779e-07,0.000108309
6.517779e-07,0.000115444
6.518779e-07,0.00013166
6.519779e-07,0.000153064
6.520779e-07,0.000177063
6.521779e-07,0.00020171
6.522779e-07,0.000223115
6.523779e-07,0.000241276
6.524779e-07,0.000254897
6.525779e-07,0.000263978
6.526779e-07,0.000269167
6.527779e-07,0.000273707
6.528779e-07,0.000279545
6.529779e-07,0.000288626
6.530779e-07,0.000302247
6.531779e-07,0.000319759
6.532779e-07,0.000340515
6.533779e-07,0.00036192
6.534779e-07,0.000381378
6.535779e-07,0.000397594
6.536779e-07,0.000407323
6.537779e-07,0.000409918
6.538779e-07,0.000404729
6.539779e-07,0.000393053
6.540779e-07,0.000377487
6.541779e-07,0.000359974
6.542779e-07,0.00034311
6.543779e-07,0.00032884
6.544779e-07,0.000317813
6.545779e-07,0.00031003
6.546779e-07,0.000304841
6.547779e-07,0.000300301
6.548779e-07,0.000295112
6.549779e-07,0.000288626
6.550779e-07,0.000278896
6.551779e-07,0.000266573
6.552779e-07,0.000251006
6.553779e-07,0.00023479
6.554779e-07,0.000219223
6.555779e-07,0.000206899
6.556779e-07,0.000198467
6.557779e-07,0.000194576
6.558779e-07,0.000195873
6.559779e-07,0.000200413
6.560779e-07,0.000208197
6.561779e-07,0.000217926
6.562779e-07,0.000227007
6.563779e-07,0.000234141
6.564779e-07,0.000239979
6.565779e-07,0.000243871
6.566779e-07,0.000247114
6.567779e-07,0.000251006
6.568779e-07,0.000256195
6.569779e-07,0.000263978
6.570779e-07,0.000274356
6.571779e-07,0.000287328
6.572779e-07,0.000300949
6.573779e-07,0.000315219
6.574779e-07,0.000326894
6.575779e-07,0.000335326
6.576779e-07,0.000339218
6.577779e-07,0.000339218
6.578779e-07,0.000334678
6.579779e-07,0.000326894
6.580779e-07,0.000317813
6.581779e-07,0.000308733
6.582779e-07,0.000300949
6.583779e-07,0.000295112
6.584779e-07,0.00029122
6.585779e-07,0.000289274
6.586779e-07,0.00028668
6.587779e-07,0.000282139
6.588779e-07,0.000275005
6.589779e-07,0.000263978
6.590779e-07,0.00024906
6.591779e-07,0.000232196
6.592779e-07,0.000214683
6.593779e-07,0.000197819
6.594779e-07,0.000183549
6.595779e-07,0.000174468
6.596779e-07,0.000170577
6.597779e-07,0.000172523
6.598779e-07,0.000179657
6.599779e-07,0.000190035
6.600779e-07,0.00020171
6.601779e-07,0.000212737
6.602779e-07,0.000221169
6.603779e-07,0.000225061
6.604779e-07,0.000223764
6.605779e-07,0.000218575
6.606779e-07,0.000209494
6.607779e-07,0.000199116
6.608779e-07,0.000189387
6.609779e-07,0.000180955
6.610779e-07,0.000175766
6.611779e-07,0.000172523
6.612779e-07,0.000170577
6.613779e-07,0.000168631
6.614779e-07,0.000164739
6.615779e-07,0.000158253
6.616779e-07,0.000147875
6.617779e-07,0.000134903
6.618779e-07,0.000118038
6.619779e-07,9.98771e-05
6.620779e-07,8.3013e-05
6.621779e-07,7.00406e-05
6.622779e-07,6.35544e-05
6.623779e-07,6.55003e-05
6.624779e-07,7.58782e-05
6.625779e-07,9.46882e-05
6.626779e-07,0.000120633
6.627779e-07,0.000151767
6.628779e-07,0.000184198
6.629779e-07,0.000217277
6.630779e-07,0.000247763
6.631779e-07,0.000273707
6.632779e-07,0.000295112
6.633779e-07,0.000310679
6.634779e-07,0.000321705
6.635779e-07,0.00032884
6.636779e-07,0.000332732
6.637779e-07,0.00033338
6.638779e-07,0.000331435
6.639779e-07,0.000326894
6.640779e-07,0.000318462
6.641779e-07,0.000307436
6.642779e-07,0.000291869
6.643779e-07,0.000273707
6.644779e-07,0.0002536
6.645779e-07,0.000235439
6.646779e-07,0.000219872
6.647779e-07,0.000209494
6.648779e-07,0.000205602
6.649779e-07,0.000208845
6.650779e-07,0.000219223
6.651779e-07,0.00023479
6.652779e-07,0.0002536
6.653779e-07,0.000273707
6.654779e-07,0.00029122
6.655779e-07,0.000304192
6.656779e-07,0.000311976
6.657779e-07,0.000312625
6.658779e-07,0.000308084
6.659779e-07,0.000299652
6.660779e-07,0.000289923
6.661779e-07,0.000282139
6.662779e-07,0.000277599
6.663779e-07,0.000277599
6.664779e-07,0.000283437
6.665779e-07,0.000293815
6.666779e-07,0.000306787
6.667779e-07,0.000321057
6.668779e-07,0.000334029
6.669779e-07,0.000343758
6.670779e-07,0.000348947
6.671779e-07,0.000348299
6.672779e-07,0.000342461
6.673779e-07,0.000332083
6.674779e-07,0.000317165
6.675779e-07,0.000300949
6.676779e-07,0.000284085
6.677779e-07,0.00026787
6.678779e-07,0.000251654
6.679779e-07,0.00023479
6.680779e-07,0.000217277
6.681779e-07,0.000198467
6.682779e-07,0.000177712
6.683779e-07,0.000154361
6.684779e-07,0.000131011
6.685779e-07,0.000107661
6.686779e-07,8.56075e-05
6.687779e-07,6.67975e-05
6.688779e-07,5.25279e-05
6.689779e-07,4.47444e-05
6.690779e-07,4.34472e-05
6.691779e-07,4.86361e-05
6.692779e-07,6.09599e-05
6.693779e-07,7.84727e-05
6.694779e-07,9.98771e-05
6.695779e-07,0.000123227
6.696779e-07,0.000149821
6.697779e-07,0.000177063
6.698779e-07,0.000204954
6.699779e-07,0.000234141
6.700779e-07,0.000264627
6.701779e-07,0.000296409
6.702779e-07,0.000327543
6.703779e-07,0.000358028
6.704779e-07,0.000384621
6.705779e-07,0.000406026
6.706779e-07,0.000420295
6.707779e-07,0.000424836
6.708779e-07,0.000420295
6.709779e-07,0.000406026
6.710779e-07,0.000383324
6.711779e-07,0.000355433
6.712779e-07,0.000324948
6.713779e-07,0.000295112
6.714779e-07,0.000270464
6.715779e-07,0.000252303
6.716779e-07,0.000244519
6.717779e-07,0.000245817
6.718779e-07,0.000254249
6.719779e-07,0.000268518
6.720779e-07,0.000285382
6.721779e-07,0.000302895
6.722779e-07,0.000317165
6.723779e-07,0.000327543
6.724779e-07,0.000332083
6.725779e-07,0.000332083
6.726779e-07,0.000326894
6.727779e-07,0.000319111
6.728779e-07,0.00031003
6.729779e-07,0.000300301
6.730779e-07,0.000290571
6.731779e-07,0.000280842
6.732779e-07,0.000270464
6.733779e-07,0.00025814
6.734779e-07,0.000242574
6.735779e-07,0.000223115
6.736779e-07,0.000199116
6.737779e-07,0.000173171
6.738779e-07,0.000144632
6.739779e-07,0.000116741
6.740779e-07,9.20937e-05
6.741779e-07,7.19865e-05
6.742779e-07,5.90141e-05
6.743779e-07,5.25279e-05
6.744779e-07,5.25279e-05
6.745779e-07,5.77168e-05
6.746779e-07,6.67975e-05
6.747779e-07,7.71754e-05
6.748779e-07,8.75533e-05
6.749779e-07,9.6634e-05
6.750779e-07,0.000103769
6.751779e-07,0.000108958
6.752779e-07,0.000114147
6.753779e-07,0.000120633
6.754779e-07,0.000129714
6.755779e-07,0.000142686
6.756779e-07,0.00015955
6.757779e-07,0.000180955
6.758779e-07,0.000204305
6.759779e-07,0.000227655
6.760779e-07,0.000250357
6.761779e-07,0.000269816
6.762779e-07,0.000285382
6.763779e-07,0.000296409
6.764779e-07,0.000302895
6.765779e-07,0.00030549
6.766779e-07,0.000306787
6.767779e-07,0.000308084
6.768779e-07,0.000311976
6.769779e-07,0.000318462
6.770779e-07,0.000327543
6.771779e-07,0.000338569
6.772779e-07,0.000350245
6.773779e-07,0.000358677
6.774779e-07,0.000362568
6.775779e-07,0.000359325
6.776779e-07,0.000348299
6.777779e-07,0.000329489
6.778779e-07,0.000304192
6.779779e-07,0.000273059
6.780779e-07,0.000240628
6.781779e-07,0.000208197
6.782779e-07,0.00017836
6.783779e-07,0.000153064
6.784779e-07,0.000134254
6.785779e-07,0.000122579
6.786779e-07,0.00011739
6.787779e-07,0.000116741
6.788779e-07,0.000119984
6.789779e-07,0.000125173
6.790779e-07,0.000132308
6.791779e-07,0.00014074
6.792779e-07,0.000151767
6.793779e-07,0.000164739
6.794779e-07,0.000179657
6.795779e-07,0.00019717
6.796779e-07,0.000217277
6.797779e-07,0.000238033
6.798779e-07,0.00025814
6.799779e-07,0.000276302
6.800779e-07,0.000289923
6.801779e-07,0.000299004
6.802779e-07,0.000301598
6.803779e-07,0.000297706
6.804779e-07,0.000289923
6.805779e-07,0.000278248
6.806779e-07,0.000265924
6.807779e-07,0.0002536
6.808779e-07,0.000245168
6.809779e-07,0.000240628
6.810779e-07,0.000241276
6.811779e-07,0.000245168
6.812779e-07,0.000252303
6.813779e-07,0.000259438
6.814779e-07,0.000265924
6.815779e-07,0.000269816
6.816779e-07,0.000271761
6.817779e-07,0.000270464
6.818779e-07,0.000267221
6.819779e-07,0.000262681
6.820779e-07,0.000258789
6.821779e-07,0.000256195
6.822779e-07,0.000255546
6.823779e-07,0.000256843
6.824779e-07,0.000259438
6.825779e-07,0.000262681
6.826779e-07,0.000264627
6.827779e-07,0.000263978
6.828779e-07,0.000260735
