LECROYWaveRunner‘N,20113,Waveform
Segments,1,SegmentSize,2002
Segment,TrigTime,TimeSinceSegment1
#1,01-Oct-2018 13:41:06,0                 
Time,Ampl
4.827338e-07,4.73389e-05
4.828338e-07,3.89068e-05
4.829338e-07,2.52858e-05
4.830338e-07,5.8272e-06
4.831338e-07,-1.75231e-05
4.832338e-07,-4.41165e-05
4.833338e-07,-7.20072e-05
4.834338e-07,-9.92493e-05
4.835338e-07,-0.000125843
4.836338e-07,-0.000149193
4.837338e-07,-0.000168652
4.838338e-07,-0.00018357
4.839338e-07,-0.000194596
4.840338e-07,-0.00020238
4.841338e-07,-0.00020692
4.842338e-07,-0.000208866
4.843338e-07,-0.000208217
4.844338e-07,-0.000206272
4.845338e-07,-0.00020238
4.846338e-07,-0.000196542
4.847338e-07,-0.000187462
4.848338e-07,-0.000175138
4.849338e-07,-0.00016022
4.850338e-07,-0.000143355
4.851338e-07,-0.000125194
4.852338e-07,-0.000107033
4.853338e-07,-9.08172e-05
4.854338e-07,-7.71962e-05
4.855338e-07,-6.81155e-05
4.856338e-07,-6.48724e-05
4.857338e-07,-6.68183e-05
4.858338e-07,-7.39531e-05
4.859338e-07,-8.56282e-05
4.860338e-07,-0.000100547
4.861338e-07,-0.000116113
4.862338e-07,-0.000130383
4.863338e-07,-0.00014141
4.864338e-07,-0.000148544
4.865338e-07,-0.00015049
4.866338e-07,-0.000147896
4.867338e-07,-0.00014141
4.868338e-07,-0.00013168
4.869338e-07,-0.000120654
4.870338e-07,-0.000108979
4.871338e-07,-9.7952e-05
4.872338e-07,-8.82227e-05
4.873338e-07,-7.97907e-05
4.874338e-07,-7.20072e-05
4.875338e-07,-6.42238e-05
4.876338e-07,-5.57917e-05
4.877338e-07,-4.54138e-05
4.878338e-07,-3.17928e-05
4.879338e-07,-1.62259e-05
4.880338e-07,1.93548e-06
4.881338e-07,2.13941e-05
4.882338e-07,4.15013e-05
4.883338e-07,6.09599e-05
4.884338e-07,7.84727e-05
4.885338e-07,9.46882e-05
4.886338e-07,0.000107012
4.887338e-07,0.00011739
4.888338e-07,0.000124525
4.889338e-07,0.000129065
4.890338e-07,0.00013166
4.891338e-07,0.000132957
4.892338e-07,0.000132308
4.893338e-07,0.000131011
4.894338e-07,0.000127119
4.895338e-07,0.000121282
4.896338e-07,0.000112201
4.897338e-07,0.000100526
4.898338e-07,8.49589e-05
4.899338e-07,6.67975e-05
4.900338e-07,4.60417e-05
4.901338e-07,2.39886e-05
4.902338e-07,6.38242e-07
4.903338e-07,-2.27121e-05
4.904338e-07,-4.41165e-05
4.905338e-07,-6.5521e-05
4.906338e-07,-8.49796e-05
4.907338e-07,-0.000104438
4.908338e-07,-0.0001226
4.909338e-07,-0.000140112
4.910338e-07,-0.000156976
4.911338e-07,-0.000172543
4.912338e-07,-0.00018357
4.913338e-07,-0.000188759
4.914338e-07,-0.00018811
4.915338e-07,-0.000178381
4.916338e-07,-0.000158274
4.917338e-07,-0.000129086
4.918338e-07,-9.21144e-05
4.919338e-07,-4.86569e-05
4.920338e-07,-1.95624e-06
4.921338e-07,4.40958e-05
4.922338e-07,8.62561e-05
4.923338e-07,0.000121282
4.924338e-07,0.000147226
4.925338e-07,0.000162793
4.926338e-07,0.000167334
4.927338e-07,0.000160847
4.928338e-07,0.000145929
4.929338e-07,0.000124525
4.930338e-07,9.79313e-05
4.931338e-07,6.87434e-05
4.932338e-07,3.95555e-05
4.933338e-07,1.16648e-05
4.934338e-07,-1.428e-05
4.935338e-07,-3.63331e-05
4.936338e-07,-5.44945e-05
4.937338e-07,-6.68183e-05
4.938338e-07,-7.52503e-05
4.939338e-07,-7.9142e-05
4.940338e-07,-7.84934e-05
4.941338e-07,-7.46017e-05
4.942338e-07,-6.81155e-05
4.943338e-07,-6.03321e-05
4.944338e-07,-5.19e-05
4.945338e-07,-4.34679e-05
4.946338e-07,-3.8279e-05
4.947338e-07,-3.50359e-05
4.948338e-07,-3.56845e-05
4.949338e-07,-3.95762e-05
4.950338e-07,-4.80083e-05
4.951338e-07,-5.90348e-05
4.952338e-07,-7.13586e-05
4.953338e-07,-8.49796e-05
4.954338e-07,-9.66548e-05
4.955338e-07,-0.000106384
4.956338e-07,-0.00011287
4.957338e-07,-0.000114816
4.958338e-07,-0.000114168
4.959338e-07,-0.000110924
4.960338e-07,-0.000105735
4.961338e-07,-0.000100547
4.962338e-07,-9.60062e-05
4.963338e-07,-9.47089e-05
4.964338e-07,-9.60062e-05
4.965338e-07,-9.98979e-05
4.966338e-07,-0.000107033
4.967338e-07,-0.000116762
4.968338e-07,-0.000126491
4.969338e-07,-0.000135572
4.970338e-07,-0.000144004
4.971338e-07,-0.000149842
4.972338e-07,-0.000152436
4.973338e-07,-0.000153085
4.974338e-07,-0.000152436
4.975338e-07,-0.000151139
4.976338e-07,-0.00015049
4.977338e-07,-0.000151787
4.978338e-07,-0.000155679
4.979338e-07,-0.000162165
4.980338e-07,-0.000169949
4.981338e-07,-0.000178381
4.982338e-07,-0.000186164
4.983338e-07,-0.000190705
4.984338e-07,-0.000191353
4.985338e-07,-0.000186813
4.986338e-07,-0.000177084
4.987338e-07,-0.000163463
4.988338e-07,-0.000147247
4.989338e-07,-0.000130383
4.990338e-07,-0.000114816
4.991338e-07,-0.000103141
4.992338e-07,-9.53575e-05
4.993338e-07,-9.27631e-05
4.994338e-07,-9.47089e-05
4.995338e-07,-9.98979e-05
4.996338e-07,-0.000106384
4.997338e-07,-0.000112222
4.998338e-07,-0.000116113
4.999338e-07,-0.000117411
5.000338e-07,-0.000114816
5.001338e-07,-0.000108979
5.002338e-07,-0.000101195
5.003338e-07,-9.14658e-05
5.004338e-07,-8.10879e-05
5.005338e-07,-7.20072e-05
5.006338e-07,-6.42238e-05
5.007338e-07,-5.7089e-05
5.008338e-07,-5.19e-05
5.009338e-07,-4.60624e-05
5.010338e-07,-4.02248e-05
5.011338e-07,-3.309e-05
5.012338e-07,-2.40093e-05
5.013338e-07,-1.29828e-05
5.014338e-07,-6.58998e-07
5.015338e-07,1.23134e-05
5.016338e-07,2.52858e-05
5.017338e-07,3.76096e-05
5.018338e-07,4.79875e-05
5.019338e-07,5.44737e-05
5.020338e-07,5.77168e-05
5.021338e-07,5.77168e-05
5.022338e-07,5.51223e-05
5.023338e-07,4.92848e-05
5.024338e-07,4.08527e-05
5.025338e-07,2.98261e-05
5.026338e-07,1.62051e-05
5.027338e-07,-6.58998e-07
5.028338e-07,-2.01176e-05
5.029338e-07,-4.41165e-05
5.030338e-07,-7.20072e-05
5.031338e-07,-0.000105087
5.032338e-07,-0.000142058
5.033338e-07,-0.000181624
5.034338e-07,-0.000222487
5.035338e-07,-0.000262702
5.036338e-07,-0.00030097
5.037338e-07,-0.000335996
5.038338e-07,-0.000366481
5.039338e-07,-0.000392426
5.040338e-07,-0.000414479
5.041338e-07,-0.000435234
5.042338e-07,-0.000457936
5.043338e-07,-0.000485178
5.044338e-07,-0.000520204
5.045338e-07,-0.000565607
5.046338e-07,-0.000622037
5.047338e-07,-0.000691439
5.048338e-07,-0.000773166
5.049338e-07,-0.000865918
5.050338e-07,-0.000969049
5.051338e-07,-0.00108061
5.052338e-07,-0.00119931
5.053338e-07,-0.00132514
5.054338e-07,-0.00145811
5.055338e-07,-0.00159886
5.056338e-07,-0.00174934
5.057338e-07,-0.00191149
5.058338e-07,-0.00208597
5.059338e-07,-0.00227342
5.060338e-07,-0.00247514
5.061338e-07,-0.00268919
5.062338e-07,-0.00291426
5.063338e-07,-0.00314776
5.064338e-07,-0.00338581
5.065338e-07,-0.00362515
5.066338e-07,-0.00386384
5.067338e-07,-0.00409929
5.068338e-07,-0.00432825
5.069338e-07,-0.00455073
5.070338e-07,-0.00476413
5.071338e-07,-0.00496779
5.072338e-07,-0.00516043
5.073338e-07,-0.00534075
5.074338e-07,-0.00550939
5.075338e-07,-0.00566376
5.076338e-07,-0.00580451
5.077338e-07,-0.00593099
5.078338e-07,-0.00604191
5.079338e-07,-0.0061392
5.080338e-07,-0.00622547
5.081338e-07,-0.00630136
5.082338e-07,-0.00637011
5.083338e-07,-0.00643238
5.084338e-07,-0.0064901
5.085338e-07,-0.00654394
5.086338e-07,-0.00659323
5.087338e-07,-0.00663669
5.088338e-07,-0.00667172
5.089338e-07,-0.00669572
5.090338e-07,-0.00670674
5.091338e-07,-0.0067035
5.092338e-07,-0.00668404
5.093338e-07,-0.00664902
5.094338e-07,-0.00659907
5.095338e-07,-0.00653551
5.096338e-07,-0.00646221
5.097338e-07,-0.00638049
5.098338e-07,-0.00629292
5.099338e-07,-0.00620276
5.100338e-07,-0.00611196
5.101338e-07,-0.00602115
5.102338e-07,-0.00593164
5.103338e-07,-0.00584343
5.104338e-07,-0.00575651
5.105338e-07,-0.00567219
5.106338e-07,-0.00559047
5.107338e-07,-0.00551069
5.108338e-07,-0.0054348
5.109338e-07,-0.00536215
5.110338e-07,-0.0052934
5.111338e-07,-0.00522724
5.112338e-07,-0.00516432
5.113338e-07,-0.00510335
5.114338e-07,-0.00504303
5.115338e-07,-0.00498141
5.116338e-07,-0.00491915
5.117338e-07,-0.00485299
5.118338e-07,-0.00478358
5.119338e-07,-0.00471159
5.120338e-07,-0.00463764
5.121338e-07,-0.0045637
5.122338e-07,-0.00449106
5.123338e-07,-0.00442165
5.124338e-07,-0.00435614
5.125338e-07,-0.00429582
5.126338e-07,-0.00423939
5.127338e-07,-0.00418685
5.128338e-07,-0.00413691
5.129338e-07,-0.00408567
5.130338e-07,-0.00403183
5.131338e-07,-0.00397346
5.132338e-07,-0.00390924
5.133338e-07,-0.00384049
5.134338e-07,-0.0037659
5.135338e-07,-0.00368677
5.136338e-07,-0.00360439
5.137338e-07,-0.00351942
5.138338e-07,-0.00343316
5.139338e-07,-0.00334624
5.140338e-07,-0.00325803
5.141338e-07,-0.00316852
5.142338e-07,-0.00307577
5.143338e-07,-0.00297977
5.144338e-07,-0.00287924
5.145338e-07,-0.0027761
5.146338e-07,-0.00267103
5.147338e-07,-0.00256595
5.148338e-07,-0.00246282
5.149338e-07,-0.00236423
5.150338e-07,-0.00227148
5.151338e-07,-0.00218716
5.152338e-07,-0.00211062
5.153338e-07,-0.00204252
5.154338e-07,-0.00198154
5.155338e-07,-0.00192511
5.156338e-07,-0.00187128
5.157338e-07,-0.00181874
5.158338e-07,-0.00176685
5.159338e-07,-0.00171496
5.160338e-07,-0.00166437
5.161338e-07,-0.00161637
5.162338e-07,-0.00157227
5.163338e-07,-0.00153465
5.164338e-07,-0.00150481
5.165338e-07,-0.0014834
5.166338e-07,-0.00147043
5.167338e-07,-0.00146589
5.168338e-07,-0.00146654
5.169338e-07,-0.00147173
5.170338e-07,-0.00147951
5.171338e-07,-0.00148924
5.172338e-07,-0.00149897
5.173338e-07,-0.00151
5.174338e-07,-0.00152297
5.175338e-07,-0.00153789
5.176338e-07,-0.0015554
5.177338e-07,-0.00157616
5.178338e-07,-0.00160016
5.179338e-07,-0.00162675
5.180338e-07,-0.00165464
5.181338e-07,-0.00168059
5.182338e-07,-0.00170264
5.183338e-07,-0.00171821
5.184338e-07,-0.00172599
5.185338e-07,-0.00172534
5.186338e-07,-0.00171626
5.187338e-07,-0.00170004
5.188338e-07,-0.00167994
5.189338e-07,-0.00165918
5.190338e-07,-0.00164037
5.191338e-07,-0.00162545
5.192338e-07,-0.00161572
5.193338e-07,-0.00161183
5.194338e-07,-0.00161248
5.195338e-07,-0.00161572
5.196338e-07,-0.00162026
5.197338e-07,-0.00162351
5.198338e-07,-0.00162351
5.199338e-07,-0.00161961
5.200338e-07,-0.00160989
5.201338e-07,-0.00159497
5.202338e-07,-0.00157616
5.203338e-07,-0.0015554
5.204338e-07,-0.00153335
5.205338e-07,-0.00151259
5.206338e-07,-0.00149443
5.207338e-07,-0.00147757
5.208338e-07,-0.00146135
5.209338e-07,-0.00144643
5.210338e-07,-0.00143022
5.211338e-07,-0.00141141
5.212338e-07,-0.00138935
5.213338e-07,-0.00136276
5.214338e-07,-0.00133292
5.215338e-07,-0.00130049
5.216338e-07,-0.00126612
5.217338e-07,-0.00123239
5.218338e-07,-0.00120125
5.219338e-07,-0.00117466
5.220338e-07,-0.00115391
5.221338e-07,-0.00113899
5.222338e-07,-0.00112926
5.223338e-07,-0.00112342
5.224338e-07,-0.00112018
5.225338e-07,-0.00111629
5.226338e-07,-0.00111175
5.227338e-07,-0.00110526
5.228338e-07,-0.00109618
5.229338e-07,-0.00108645
5.230338e-07,-0.00107607
5.231338e-07,-0.00106699
5.232338e-07,-0.00105986
5.233338e-07,-0.00105532
5.234338e-07,-0.00105402
5.235338e-07,-0.00105661
5.236338e-07,-0.0010618
5.237338e-07,-0.00106829
5.238338e-07,-0.00107542
5.239338e-07,-0.00108126
5.240338e-07,-0.00108321
5.241338e-07,-0.00108126
5.242338e-07,-0.00107477
5.243338e-07,-0.00106245
5.244338e-07,-0.00104623
5.245338e-07,-0.00102548
5.246338e-07,-0.00100213
5.247338e-07,-0.000976832
5.248338e-07,-0.000950239
5.249338e-07,-0.000923645
5.250338e-07,-0.000897701
5.251338e-07,-0.000871107
5.252338e-07,-0.000844514
5.253338e-07,-0.000818569
5.254338e-07,-0.000792624
5.255338e-07,-0.000766679
5.256338e-07,-0.000742032
5.257338e-07,-0.00071933
5.258338e-07,-0.000699223
5.259338e-07,-0.000683656
5.260338e-07,-0.000671332
5.261338e-07,-0.000663549
5.262338e-07,-0.000659008
5.263338e-07,-0.000657063
5.264338e-07,-0.000654468
5.265338e-07,-0.000651225
5.266338e-07,-0.000645387
5.267338e-07,-0.000636307
5.268338e-07,-0.000623334
5.269338e-07,-0.000607767
5.270338e-07,-0.000590903
5.271338e-07,-0.000572742
5.272338e-07,-0.000555229
5.273338e-07,-0.000539662
5.274338e-07,-0.00052669
5.275338e-07,-0.000516961
5.276338e-07,-0.000509177
5.277338e-07,-0.00050334
5.278338e-07,-0.000498799
5.279338e-07,-0.000494908
5.280338e-07,-0.000491016
5.281338e-07,-0.000487124
5.282338e-07,-0.00048453
5.283338e-07,-0.000483881
5.284338e-07,-0.000485178
5.285338e-07,-0.000489719
5.286338e-07,-0.000498151
5.287338e-07,-0.000511123
5.288338e-07,-0.000527987
5.289338e-07,-0.000548743
5.290338e-07,-0.000571445
5.291338e-07,-0.000594146
5.292338e-07,-0.0006162
5.293338e-07,-0.000636955
5.294338e-07,-0.000654468
5.295338e-07,-0.000669386
5.296338e-07,-0.00068171
5.297338e-07,-0.000690791
5.298338e-07,-0.000697926
5.299338e-07,-0.000703115
5.300338e-07,-0.000705709
5.301338e-07,-0.000707006
5.302338e-07,-0.000706358
5.303338e-07,-0.000702466
5.304338e-07,-0.000695331
5.305338e-07,-0.000685602
5.306338e-07,-0.000673278
5.307338e-07,-0.000660306
5.308338e-07,-0.000647333
5.309338e-07,-0.000637604
5.310338e-07,-0.000631766
5.311338e-07,-0.000631766
5.312338e-07,-0.000638253
5.313338e-07,-0.000651874
5.314338e-07,-0.000670684
5.315338e-07,-0.000694034
5.316338e-07,-0.000718682
5.317338e-07,-0.000743978
5.318338e-07,-0.000766679
5.319338e-07,-0.000786787
5.320338e-07,-0.000802354
5.321338e-07,-0.000812083
5.322338e-07,-0.00081792
5.323338e-07,-0.000818569
5.324338e-07,-0.000815975
5.325338e-07,-0.000810786
5.326338e-07,-0.000803002
5.327338e-07,-0.000793921
5.328338e-07,-0.000782895
5.329338e-07,-0.000769922
5.330338e-07,-0.000753707
5.331338e-07,-0.000734248
5.332338e-07,-0.000711547
5.333338e-07,-0.000684953
5.334338e-07,-0.000654468
5.335338e-07,-0.000620091
5.336338e-07,-0.000583769
5.337338e-07,-0.000546797
5.338338e-07,-0.000509177
5.339338e-07,-0.000472206
5.340338e-07,-0.00043718
5.341338e-07,-0.000404101
5.342338e-07,-0.000373616
5.343338e-07,-0.000345076
5.344338e-07,-0.000317834
5.345338e-07,-0.000291889
5.346338e-07,-0.000266593
5.347338e-07,-0.000242594
5.348338e-07,-0.000220541
5.349338e-07,-0.000201083
5.350338e-07,-0.000186164
5.351338e-07,-0.000176435
5.352338e-07,-0.000173841
5.353338e-07,-0.000177732
5.354338e-07,-0.000190056
5.355338e-07,-0.000208866
5.356338e-07,-0.000232865
5.357338e-07,-0.000261404
5.358338e-07,-0.000292538
5.359338e-07,-0.000324969
5.360338e-07,-0.000356103
5.361338e-07,-0.000385291
5.362338e-07,-0.000411236
5.363338e-07,-0.000433289
5.364338e-07,-0.00045145
5.365338e-07,-0.000466368
5.366338e-07,-0.000477395
5.367338e-07,-0.00048453
5.368338e-07,-0.000487773
5.369338e-07,-0.000485178
5.370338e-07,-0.000478043
5.371338e-07,-0.00046572
5.372338e-07,-0.00044691
5.373338e-07,-0.000422911
5.374338e-07,-0.00039502
5.375338e-07,-0.000363886
5.376338e-07,-0.000331455
5.377338e-07,-0.000299024
5.378338e-07,-0.000269836
5.379338e-07,-0.000245189
5.380338e-07,-0.00022573
5.381338e-07,-0.000212758
5.382338e-07,-0.000205623
5.383338e-07,-0.000204326
5.384338e-07,-0.000207569
5.385338e-07,-0.000215352
5.386338e-07,-0.000226379
5.387338e-07,-0.000240648
5.388338e-07,-0.000257513
5.389338e-07,-0.000276971
5.390338e-07,-0.000299024
5.391338e-07,-0.00032432
5.392338e-07,-0.000350914
5.393338e-07,-0.000378156
5.394338e-07,-0.000405398
5.395338e-07,-0.000431991
5.396338e-07,-0.000455342
5.397338e-07,-0.0004748
5.398338e-07,-0.000489719
5.399338e-07,-0.000498799
5.400338e-07,-0.000502042
5.401338e-07,-0.000500097
5.402338e-07,-0.000494259
5.403338e-07,-0.000485178
5.404338e-07,-0.0004748
5.405338e-07,-0.000465071
5.406338e-07,-0.00045599
5.407338e-07,-0.000448207
5.408338e-07,-0.000441721
5.409338e-07,-0.000435883
5.410338e-07,-0.000431343
5.411338e-07,-0.000426802
5.412338e-07,-0.000420965
5.413338e-07,-0.00041383
5.414338e-07,-0.000406695
5.415338e-07,-0.000398912
5.416338e-07,-0.000393074
5.417338e-07,-0.000388534
5.418338e-07,-0.000387885
5.419338e-07,-0.000391128
5.420338e-07,-0.00039956
5.421338e-07,-0.000412533
5.422338e-07,-0.000429397
5.423338e-07,-0.000447558
5.424338e-07,-0.00046572
5.425338e-07,-0.000483232
5.426338e-07,-0.000497502
5.427338e-07,-0.000509177
5.428338e-07,-0.000516312
5.429338e-07,-0.000520204
5.430338e-07,-0.000521501
5.431338e-07,-0.000521501
5.432338e-07,-0.000521501
5.433338e-07,-0.000522798
5.434338e-07,-0.000525393
5.435338e-07,-0.000529933
5.436338e-07,-0.000533825
5.437338e-07,-0.000536419
5.438338e-07,-0.000537068
5.439338e-07,-0.000533825
5.440338e-07,-0.000524095
5.441338e-07,-0.00050788
5.442338e-07,-0.00048453
5.443338e-07,-0.000454044
5.444338e-07,-0.00041837
5.445338e-07,-0.000379453
5.446338e-07,-0.00033859
5.447338e-07,-0.000297078
5.448338e-07,-0.000256864
5.449338e-07,-0.000217947
5.450338e-07,-0.000181624
5.451338e-07,-0.000149193
5.452338e-07,-0.000120005
5.453338e-07,-9.40603e-05
5.454338e-07,-7.26558e-05
5.455338e-07,-5.44945e-05
5.456338e-07,-4.15221e-05
5.457338e-07,-3.37386e-05
5.458338e-07,-3.11441e-05
5.459338e-07,-3.309e-05
5.460338e-07,-3.89276e-05
5.461338e-07,-4.86569e-05
5.462338e-07,-6.16293e-05
5.463338e-07,-7.58989e-05
5.464338e-07,-9.01686e-05
5.465338e-07,-0.000104438
5.466338e-07,-0.000116762
5.467338e-07,-0.000126491
5.468338e-07,-0.000134275
5.469338e-07,-0.000139464
5.470338e-07,-0.000143355
5.471338e-07,-0.000146599
5.472338e-07,-0.000149193
5.473338e-07,-0.000151787
5.474338e-07,-0.000156328
5.475338e-07,-0.000162814
5.476338e-07,-0.000170597
5.477338e-07,-0.000180975
5.478338e-07,-0.000191353
5.479338e-07,-0.000203028
5.480338e-07,-0.000215352
5.481338e-07,-0.000227027
5.482338e-07,-0.000237405
5.483338e-07,-0.000245837
5.484338e-07,-0.000252324
5.485338e-07,-0.000256864
5.486338e-07,-0.000260756
5.487338e-07,-0.000263999
5.488338e-07,-0.000266593
5.489338e-07,-0.000268539
5.490338e-07,-0.000271782
5.491338e-07,-0.000276323
5.492338e-07,-0.000280863
5.493338e-07,-0.000286052
5.494338e-07,-0.000292538
5.495338e-07,-0.000298376
5.496338e-07,-0.000304862
5.497338e-07,-0.000310699
5.498338e-07,-0.000317186
5.499338e-07,-0.00032432
5.500338e-07,-0.000332753
5.501338e-07,-0.00034313
5.502338e-07,-0.000354806
5.503338e-07,-0.000368427
5.504338e-07,-0.000383345
5.505338e-07,-0.000398912
5.506338e-07,-0.000414479
5.507338e-07,-0.000428748
5.508338e-07,-0.000439775
5.509338e-07,-0.00044691
5.510338e-07,-0.000450153
5.511338e-07,-0.000449504
5.512338e-07,-0.000444315
5.513338e-07,-0.000435883
5.514338e-07,-0.000425505
5.515338e-07,-0.000412533
5.516338e-07,-0.000397615
5.517338e-07,-0.000381399
5.518338e-07,-0.000364535
5.519338e-07,-0.000347022
5.520338e-07,-0.000328861
5.521338e-07,-0.000309402
5.522338e-07,-0.000291241
5.523338e-07,-0.000273728
5.524338e-07,-0.000257513
5.525338e-07,-0.00024454
5.526338e-07,-0.000235459
5.527338e-07,-0.000229622
5.528338e-07,-0.000228973
5.529338e-07,-0.000230919
5.530338e-07,-0.000236108
5.531338e-07,-0.000243892
5.532338e-07,-0.000251675
5.533338e-07,-0.00025881
5.534338e-07,-0.000264647
5.535338e-07,-0.000267891
5.536338e-07,-0.000268539
5.537338e-07,-0.000267242
5.538338e-07,-0.000264647
5.539338e-07,-0.000262702
5.540338e-07,-0.000261404
5.541338e-07,-0.000260756
5.542338e-07,-0.000261404
5.543338e-07,-0.00026335
5.544338e-07,-0.000265945
5.545338e-07,-0.000267242
5.546338e-07,-0.000267242
5.547338e-07,-0.000264647
5.548338e-07,-0.000260107
5.549338e-07,-0.000252972
5.550338e-07,-0.00024454
5.551338e-07,-0.000236108
5.552338e-07,-0.000230271
5.553338e-07,-0.000227027
5.554338e-07,-0.000228973
5.555338e-07,-0.000236108
5.556338e-07,-0.000248432
5.557338e-07,-0.000264647
5.558338e-07,-0.000283457
5.559338e-07,-0.000302916
5.560338e-07,-0.000319131
5.561338e-07,-0.000332104
5.562338e-07,-0.000337941
5.563338e-07,-0.000337941
5.564338e-07,-0.000330807
5.565338e-07,-0.000317834
5.566338e-07,-0.00030097
5.567338e-07,-0.000281512
5.568338e-07,-0.000262053
5.569338e-07,-0.000241946
5.570338e-07,-0.000223784
5.571338e-07,-0.00020692
5.572338e-07,-0.000191353
5.573338e-07,-0.000176435
5.574338e-07,-0.000161517
5.575338e-07,-0.000145301
5.576338e-07,-0.000127789
5.577338e-07,-0.000109627
5.578338e-07,-9.14658e-05
5.579338e-07,-7.52503e-05
5.580338e-07,-6.22779e-05
5.581338e-07,-5.38459e-05
5.582338e-07,-5.06027e-05
5.583338e-07,-5.31972e-05
5.584338e-07,-6.16293e-05
5.585338e-07,-7.39531e-05
5.586338e-07,-8.952e-05
5.587338e-07,-0.000105735
5.588338e-07,-0.000121302
5.589338e-07,-0.000135572
5.590338e-07,-0.000147896
5.591338e-07,-0.000157625
5.592338e-07,-0.000165409
5.593338e-07,-0.000172543
5.594338e-07,-0.00017903
5.595338e-07,-0.000185516
5.596338e-07,-0.000193299
5.597338e-07,-0.000203028
5.598338e-07,-0.000214055
5.599338e-07,-0.00022573
5.600338e-07,-0.000236108
5.601338e-07,-0.000245837
5.602338e-07,-0.000254269
5.603338e-07,-0.000262053
5.604338e-07,-0.000268539
5.605338e-07,-0.000275674
5.606338e-07,-0.000283457
5.607338e-07,-0.000293187
5.608338e-07,-0.000304862
5.609338e-07,-0.000319131
5.610338e-07,-0.000334698
5.611338e-07,-0.000351563
5.612338e-07,-0.000367129
5.613338e-07,-0.000380102
5.614338e-07,-0.000389182
5.615338e-07,-0.000392426
5.616338e-07,-0.000389831
5.617338e-07,-0.000381399
5.618338e-07,-0.000369075
5.619338e-07,-0.00035286
5.620338e-07,-0.000334698
5.621338e-07,-0.000315888
5.622338e-07,-0.000298376
5.623338e-07,-0.00028216
5.624338e-07,-0.000267891
5.625338e-07,-0.000254918
5.626338e-07,-0.000243892
5.627338e-07,-0.000234162
5.628338e-07,-0.000223784
5.629338e-07,-0.000212109
5.630338e-07,-0.000198488
5.631338e-07,-0.00018357
5.632338e-07,-0.000167354
5.633338e-07,-0.00015049
5.634338e-07,-0.000135572
5.635338e-07,-0.000123248
5.636338e-07,-0.000114816
5.637338e-07,-0.000110924
5.638338e-07,-0.000111573
5.639338e-07,-0.000116762
5.640338e-07,-0.000125843
5.641338e-07,-0.000136869
5.642338e-07,-0.000149193
5.643338e-07,-0.000162165
5.644338e-07,-0.000173841
5.645338e-07,-0.00018357
5.646338e-07,-0.000191353
5.647338e-07,-0.000197191
5.648338e-07,-0.00020238
5.649338e-07,-0.000207569
5.650338e-07,-0.000212109
5.651338e-07,-0.000217298
5.652338e-07,-0.00022119
5.653338e-07,-0.000223784
5.654338e-07,-0.000222487
5.655338e-07,-0.000217298
5.656338e-07,-0.00020692
5.657338e-07,-0.000192002
5.658338e-07,-0.000172543
5.659338e-07,-0.00015049
5.660338e-07,-0.000126491
5.661338e-07,-0.000101844
5.662338e-07,-7.9142e-05
5.663338e-07,-6.03321e-05
5.664338e-07,-4.60624e-05
5.665338e-07,-3.69817e-05
5.666338e-07,-3.309e-05
5.667338e-07,-3.43872e-05
5.668338e-07,-3.95762e-05
5.669338e-07,-4.60624e-05
5.670338e-07,-5.38459e-05
5.671338e-07,-6.09807e-05
5.672338e-07,-6.68183e-05
5.673338e-07,-7.00614e-05
5.674338e-07,-7.20072e-05
5.675338e-07,-7.20072e-05
5.676338e-07,-6.94127e-05
5.677338e-07,-6.5521e-05
5.678338e-07,-5.96834e-05
5.679338e-07,-5.12514e-05
5.680338e-07,-4.02248e-05
5.681338e-07,-2.72524e-05
5.682338e-07,-1.29828e-05
5.683338e-07,2.5841e-06
5.684338e-07,1.87996e-05
5.685338e-07,3.24206e-05
5.686338e-07,4.34472e-05
5.687338e-07,4.99334e-05
5.688338e-07,5.0582e-05
5.689338e-07,4.40958e-05
5.690338e-07,2.98261e-05
5.691338e-07,9.0703e-06
5.692338e-07,-1.75231e-05
5.693338e-07,-4.73596e-05
5.694338e-07,-7.84934e-05
5.695338e-07,-0.000109627
5.696338e-07,-0.000137518
5.697338e-07,-0.000161517
5.698338e-07,-0.000182273
5.699338e-07,-0.000198488
5.700338e-07,-0.000212109
5.701338e-07,-0.000222487
5.702338e-07,-0.000232216
5.703338e-07,-0.000240648
5.704338e-07,-0.000249729
5.705338e-07,-0.000259458
5.706338e-07,-0.000269188
5.707338e-07,-0.000278268
5.708338e-07,-0.000285403
5.709338e-07,-0.000290592
5.710338e-07,-0.000293835
5.711338e-07,-0.000293187
5.712338e-07,-0.000289295
5.713338e-07,-0.000282809
5.714338e-07,-0.000276323
5.715338e-07,-0.000269188
5.716338e-07,-0.000262702
5.717338e-07,-0.000256864
5.718338e-07,-0.000251026
5.719338e-07,-0.000245189
5.720338e-07,-0.000238054
5.721338e-07,-0.000227676
5.722338e-07,-0.000214055
5.723338e-07,-0.000195894
5.724338e-07,-0.000173841
5.725338e-07,-0.000148544
5.726338e-07,-0.0001226
5.727338e-07,-9.7952e-05
5.728338e-07,-7.65476e-05
5.729338e-07,-6.16293e-05
5.730338e-07,-5.51431e-05
5.731338e-07,-5.64403e-05
5.732338e-07,-6.48724e-05
5.733338e-07,-8.04393e-05
5.734338e-07,-0.000100547
5.735338e-07,-0.000123248
5.736338e-07,-0.00014595
5.737338e-07,-0.000166057
5.738338e-07,-0.000182921
5.739338e-07,-0.000195894
5.740338e-07,-0.000204974
5.741338e-07,-0.000210812
5.742338e-07,-0.000213406
5.743338e-07,-0.000215352
5.744338e-07,-0.000216001
5.745338e-07,-0.000216001
5.746338e-07,-0.000216001
5.747338e-07,-0.000214704
5.748338e-07,-0.000212758
5.749338e-07,-0.000207569
5.750338e-07,-0.000200434
5.751338e-07,-0.000192002
5.752338e-07,-0.000181624
5.753338e-07,-0.000171895
5.754338e-07,-0.000163463
5.755338e-07,-0.000157625
5.756338e-07,-0.000155031
5.757338e-07,-0.000155031
5.758338e-07,-0.000158274
5.759338e-07,-0.000162814
5.760338e-07,-0.0001693
5.761338e-07,-0.000175138
5.762338e-07,-0.000180327
5.763338e-07,-0.00018357
5.764338e-07,-0.000184219
5.765338e-07,-0.00018357
5.766338e-07,-0.000182273
5.767338e-07,-0.000182273
5.768338e-07,-0.00018357
5.769338e-07,-0.000187462
5.770338e-07,-0.000193948
5.771338e-07,-0.000203677
5.772338e-07,-0.000214704
5.773338e-07,-0.000225082
5.774338e-07,-0.000232865
5.775338e-07,-0.000238054
5.776338e-07,-0.000237405
5.777338e-07,-0.000230271
5.778338e-07,-0.000217947
5.779338e-07,-0.000200434
5.780338e-07,-0.00017903
5.781338e-07,-0.000156328
5.782338e-07,-0.000134923
5.783338e-07,-0.000116113
5.784338e-07,-0.000103141
5.785338e-07,-9.66548e-05
5.786338e-07,-9.73034e-05
5.787338e-07,-0.00010379
5.788338e-07,-0.000114816
5.789338e-07,-0.000128437
5.790338e-07,-0.000144004
5.791338e-07,-0.000158922
5.792338e-07,-0.000173192
5.793338e-07,-0.000185516
5.794338e-07,-0.000196542
5.795338e-07,-0.000207569
5.796338e-07,-0.000217947
5.797338e-07,-0.000229622
5.798338e-07,-0.000243243
5.799338e-07,-0.00025881
5.800338e-07,-0.000274377
5.801338e-07,-0.000290592
5.802338e-07,-0.00030551
5.803338e-07,-0.000317834
5.804338e-07,-0.000326266
5.805338e-07,-0.000330807
5.806338e-07,-0.000330807
5.807338e-07,-0.000326266
5.808338e-07,-0.000318483
5.809338e-07,-0.000308754
5.810338e-07,-0.000300322
5.811338e-07,-0.000292538
5.812338e-07,-0.0002867
5.813338e-07,-0.000282809
5.814338e-07,-0.000280214
5.815338e-07,-0.000278917
5.816338e-07,-0.00027762
5.817338e-07,-0.000274377
5.818338e-07,-0.000269188
5.819338e-07,-0.000260756
5.820338e-07,-0.000249729
5.821338e-07,-0.000237405
5.822338e-07,-0.000225082
5.823338e-07,-0.000214055
5.824338e-07,-0.000204974
5.825338e-07,-0.000198488
5.826338e-07,-0.000195894
5.827338e-07,-0.000196542
5.828338e-07,-0.000199785
5.829338e-07,-0.000203028
5.830338e-07,-0.000206272
5.831338e-07,-0.000207569
5.832338e-07,-0.00020692
5.833338e-07,-0.000203028
5.834338e-07,-0.000198488
5.835338e-07,-0.000192651
5.836338e-07,-0.000187462
5.837338e-07,-0.00018357
5.838338e-07,-0.000181624
5.839338e-07,-0.000181624
5.840338e-07,-0.000184219
5.841338e-07,-0.000187462
5.842338e-07,-0.000191353
5.843338e-07,-0.000193299
5.844338e-07,-0.000192002
5.845338e-07,-0.000187462
5.846338e-07,-0.00017903
5.847338e-07,-0.000166706
5.848338e-07,-0.000151787
5.849338e-07,-0.000134923
5.850338e-07,-0.000118059
5.851338e-07,-0.000103141
5.852338e-07,-9.14658e-05
5.853338e-07,-8.36824e-05
5.854338e-07,-8.17365e-05
5.855338e-07,-8.36824e-05
5.856338e-07,-8.952e-05
5.857338e-07,-9.7952e-05
5.858338e-07,-0.00010833
5.859338e-07,-0.000119356
5.860338e-07,-0.000129086
5.861338e-07,-0.000138166
5.862338e-07,-0.000145301
5.863338e-07,-0.00015049
5.864338e-07,-0.000152436
5.865338e-07,-0.000152436
5.866338e-07,-0.00015049
5.867338e-07,-0.00014595
5.868338e-07,-0.000139464
5.869338e-07,-0.000131032
5.870338e-07,-0.000120005
5.871338e-07,-0.000106384
5.872338e-07,-9.08172e-05
5.873338e-07,-7.52503e-05
5.874338e-07,-5.90348e-05
5.875338e-07,-4.34679e-05
5.876338e-07,-2.91983e-05
5.877338e-07,-1.62259e-05
5.878338e-07,-7.1452e-06
5.879338e-07,-1.03779e-08
5.880338e-07,3.88134e-06
5.881338e-07,5.17858e-06
5.882338e-07,5.17858e-06
5.883338e-07,3.23272e-06
5.884338e-07,-1.03779e-08
5.885338e-07,-4.55072e-06
5.886338e-07,-1.03883e-05
5.887338e-07,-1.62259e-05
5.888338e-07,-2.14148e-05
5.889338e-07,-2.59552e-05
5.890338e-07,-2.91983e-05
5.891338e-07,-3.04955e-05
5.892338e-07,-2.91983e-05
5.893338e-07,-2.46579e-05
5.894338e-07,-1.81717e-05
5.895338e-07,-9.09106e-06
5.896338e-07,6.38242e-07
5.897338e-07,9.71892e-06
5.898338e-07,1.55565e-05
5.899338e-07,1.68537e-05
5.900338e-07,1.23134e-05
5.901338e-07,-1.03779e-08
5.902338e-07,-1.9469e-05
5.903338e-07,-4.60624e-05
5.904338e-07,-7.78448e-05
5.905338e-07,-0.00011287
5.906338e-07,-0.000148544
5.907338e-07,-0.000181624
5.908338e-07,-0.000210163
5.909338e-07,-0.000232865
5.910338e-07,-0.000247783
5.911338e-07,-0.000254269
5.912338e-07,-0.000253621
5.913338e-07,-0.000246486
5.914338e-07,-0.000236108
5.915338e-07,-0.000224433
5.916338e-07,-0.000212758
5.917338e-07,-0.000203677
5.918338e-07,-0.000197191
5.919338e-07,-0.000193948
5.920338e-07,-0.000194596
5.921338e-07,-0.000197191
5.922338e-07,-0.000201083
5.923338e-07,-0.000205623
5.924338e-07,-0.000208866
5.925338e-07,-0.000210812
5.926338e-07,-0.000211461
5.927338e-07,-0.000210812
5.928338e-07,-0.000208217
5.929338e-07,-0.000205623
5.930338e-07,-0.00020238
5.931338e-07,-0.000199137
5.932338e-07,-0.000195245
5.933338e-07,-0.000190705
5.934338e-07,-0.000184867
5.935338e-07,-0.000176435
5.936338e-07,-0.00016476
5.937338e-07,-0.00015049
5.938338e-07,-0.000132329
5.939338e-07,-0.000111573
5.940338e-07,-8.88713e-05
5.941338e-07,-6.48724e-05
5.942338e-07,-4.15221e-05
5.943338e-07,-2.14148e-05
5.944338e-07,-5.19934e-06
5.945338e-07,6.47582e-06
5.946338e-07,1.23134e-05
5.947338e-07,1.2962e-05
5.948338e-07,8.42168e-06
5.949338e-07,1.28686e-06
5.950338e-07,-7.79382e-06
5.951338e-07,-1.68745e-05
5.952338e-07,-2.46579e-05
5.953338e-07,-3.11441e-05
5.954338e-07,-3.56845e-05
5.955338e-07,-3.95762e-05
5.956338e-07,-4.34679e-05
5.957338e-07,-4.86569e-05
5.958338e-07,-5.57917e-05
5.959338e-07,-6.5521e-05
5.960338e-07,-7.78448e-05
5.961338e-07,-9.14658e-05
5.962338e-07,-0.000105735
5.963338e-07,-0.000119356
5.964338e-07,-0.000129734
5.965338e-07,-0.000137518
5.966338e-07,-0.000140761
5.967338e-07,-0.000140112
5.968338e-07,-0.000136869
5.969338e-07,-0.000130383
5.970338e-07,-0.000123248
5.971338e-07,-0.000117411
5.972338e-07,-0.000113519
5.973338e-07,-0.000114168
5.974338e-07,-0.000118059
5.975338e-07,-0.00012714
5.976338e-07,-0.000140112
5.977338e-07,-0.000155031
5.978338e-07,-0.000171895
5.979338e-07,-0.000190056
5.980338e-07,-0.000207569
5.981338e-07,-0.000223784
5.982338e-07,-0.000239351
5.983338e-07,-0.000252972
5.984338e-07,-0.000265296
5.985338e-07,-0.000276971
5.986338e-07,-0.000288646
5.987338e-07,-0.000300322
5.988338e-07,-0.000311997
5.989338e-07,-0.000324969
5.990338e-07,-0.000337941
5.991338e-07,-0.000351563
5.992338e-07,-0.000363886
5.993338e-07,-0.000374264
5.994338e-07,-0.000382048
5.995338e-07,-0.000385939
5.996338e-07,-0.000385939
5.997338e-07,-0.000381399
5.998338e-07,-0.000372967
5.999338e-07,-0.000359995
6.000338e-07,-0.000343779
6.001338e-07,-0.000323672
6.002338e-07,-0.000302267
6.003338e-07,-0.000279566
6.004338e-07,-0.000256864
6.005338e-07,-0.000234811
6.006338e-07,-0.000214704
6.007338e-07,-0.000197191
6.008338e-07,-0.000182273
6.009338e-07,-0.000170597
6.010338e-07,-0.000160868
6.011338e-07,-0.000153733
6.012338e-07,-0.000147896
6.013338e-07,-0.000142707
6.014338e-07,-0.000138166
6.015338e-07,-0.000132329
6.016338e-07,-0.000124545
6.017338e-07,-0.000114168
6.018338e-07,-0.000102492
6.019338e-07,-9.01686e-05
6.020338e-07,-7.65476e-05
6.021338e-07,-6.35752e-05
6.022338e-07,-5.25486e-05
6.023338e-07,-4.41165e-05
6.024338e-07,-3.89276e-05
6.025338e-07,-3.76303e-05
6.026338e-07,-3.95762e-05
6.027338e-07,-4.54138e-05
6.028338e-07,-5.31972e-05
6.029338e-07,-6.29265e-05
6.030338e-07,-7.20072e-05
6.031338e-07,-8.10879e-05
6.032338e-07,-8.82227e-05
6.033338e-07,-9.34117e-05
6.034338e-07,-9.66548e-05
6.035338e-07,-9.7952e-05
6.036338e-07,-9.86006e-05
6.037338e-07,-9.92493e-05
6.038338e-07,-9.92493e-05
6.039338e-07,-0.000100547
6.040338e-07,-0.000100547
6.041338e-07,-0.000100547
6.042338e-07,-9.98979e-05
6.043338e-07,-9.86006e-05
6.044338e-07,-9.53575e-05
6.045338e-07,-9.08172e-05
6.046338e-07,-8.49796e-05
6.047338e-07,-7.84934e-05
6.048338e-07,-7.20072e-05
6.049338e-07,-6.74669e-05
6.050338e-07,-6.48724e-05
6.051338e-07,-6.48724e-05
6.052338e-07,-6.81155e-05
6.053338e-07,-7.39531e-05
6.054338e-07,-8.23851e-05
6.055338e-07,-9.14658e-05
6.056338e-07,-0.000100547
6.057338e-07,-0.000108979
6.058338e-07,-0.000115465
6.059338e-07,-0.000121951
6.060338e-07,-0.00012714
6.061338e-07,-0.00013168
6.062338e-07,-0.000136869
6.063338e-07,-0.000142707
6.064338e-07,-0.000148544
6.065338e-07,-0.000154382
6.066338e-07,-0.000159571
6.067338e-07,-0.00016476
6.068338e-07,-0.000168652
6.069338e-07,-0.000169949
6.070338e-07,-0.000168652
6.071338e-07,-0.000163463
6.072338e-07,-0.000154382
6.073338e-07,-0.000143355
6.074338e-07,-0.000130383
6.075338e-07,-0.000117411
6.076338e-07,-0.000105087
6.077338e-07,-9.34117e-05
6.078338e-07,-8.30338e-05
6.079338e-07,-7.52503e-05
6.080338e-07,-6.81155e-05
6.081338e-07,-6.29265e-05
6.082338e-07,-5.77376e-05
6.083338e-07,-5.31972e-05
6.084338e-07,-4.86569e-05
6.085338e-07,-4.47652e-05
6.086338e-07,-4.02248e-05
6.087338e-07,-3.63331e-05
6.088338e-07,-3.24414e-05
6.089338e-07,-2.91983e-05
6.090338e-07,-2.66038e-05
6.091338e-07,-2.33607e-05
6.092338e-07,-1.9469e-05
6.093338e-07,-1.428e-05
6.094338e-07,-7.1452e-06
6.095338e-07,3.23272e-06
6.096338e-07,1.8151e-05
6.097338e-07,3.6961e-05
6.098338e-07,5.77168e-05
6.099338e-07,8.04185e-05
6.100338e-07,0.000101174
6.101338e-07,0.000118038
6.102338e-07,0.000130362
6.103338e-07,0.000135551
6.104338e-07,0.000132957
6.105338e-07,0.000123227
6.106338e-07,0.000107012
6.107338e-07,8.56075e-05
6.108338e-07,6.16085e-05
6.109338e-07,3.76096e-05
6.110338e-07,1.62051e-05
6.111338e-07,-1.95624e-06
6.112338e-07,-1.55773e-05
6.113338e-07,-2.40093e-05
6.114338e-07,-2.91983e-05
6.115338e-07,-3.11441e-05
6.116338e-07,-3.17928e-05
6.117338e-07,-3.24414e-05
6.118338e-07,-3.309e-05
6.119338e-07,-3.37386e-05
6.120338e-07,-3.50359e-05
6.121338e-07,-3.63331e-05
6.122338e-07,-3.63331e-05
6.123338e-07,-3.56845e-05
6.124338e-07,-3.37386e-05
6.125338e-07,-2.98469e-05
6.126338e-07,-2.59552e-05
6.127338e-07,-2.14148e-05
6.128338e-07,-1.62259e-05
6.129338e-07,-1.23342e-05
6.130338e-07,-1.03883e-05
6.131338e-07,-1.03883e-05
6.132338e-07,-1.29828e-05
6.133338e-07,-1.68745e-05
6.134338e-07,-2.14148e-05
6.135338e-07,-2.53066e-05
6.136338e-07,-2.72524e-05
6.137338e-07,-2.72524e-05
6.138338e-07,-2.66038e-05
6.139338e-07,-2.46579e-05
6.140338e-07,-2.40093e-05
6.141338e-07,-2.53066e-05
6.142338e-07,-2.91983e-05
6.143338e-07,-3.63331e-05
6.144338e-07,-4.6711e-05
6.145338e-07,-6.03321e-05
6.146338e-07,-7.52503e-05
6.147338e-07,-9.01686e-05
6.148338e-07,-0.000103141
6.149338e-07,-0.00011287
6.150338e-07,-0.000118059
6.151338e-07,-0.000118059
6.152338e-07,-0.000113519
6.153338e-07,-0.000105735
6.154338e-07,-9.66548e-05
6.155338e-07,-8.88713e-05
6.156338e-07,-8.36824e-05
6.157338e-07,-8.17365e-05
6.158338e-07,-8.36824e-05
6.159338e-07,-8.952e-05
6.160338e-07,-9.7952e-05
6.161338e-07,-0.000106384
6.162338e-07,-0.00011287
6.163338e-07,-0.000115465
6.164338e-07,-0.00011287
6.165338e-07,-0.000103141
6.166338e-07,-8.75741e-05
6.167338e-07,-6.5521e-05
6.168338e-07,-4.02248e-05
6.169338e-07,-1.29828e-05
6.170338e-07,1.16648e-05
6.171338e-07,3.30692e-05
6.172338e-07,4.73389e-05
6.173338e-07,5.51223e-05
6.174338e-07,5.5771e-05
6.175338e-07,4.99334e-05
6.176338e-07,3.89068e-05
6.177338e-07,2.46372e-05
6.178338e-07,7.77306e-06
6.179338e-07,-1.03883e-05
6.180338e-07,-2.7901e-05
6.181338e-07,-4.47652e-05
6.182338e-07,-6.16293e-05
6.183338e-07,-7.78448e-05
6.184338e-07,-9.27631e-05
6.185338e-07,-0.000107681
6.186338e-07,-0.000120654
6.187338e-07,-0.000131032
6.188338e-07,-0.000137518
6.189338e-07,-0.000138166
6.190338e-07,-0.000132978
6.191338e-07,-0.000121302
6.192338e-07,-0.00010379
6.193338e-07,-8.23851e-05
6.194338e-07,-5.83862e-05
6.195338e-07,-3.43872e-05
6.196338e-07,-1.23342e-05
6.197338e-07,5.8272e-06
6.198338e-07,1.8151e-05
6.199338e-07,2.39886e-05
6.200338e-07,2.33399e-05
6.201338e-07,1.68537e-05
6.202338e-07,5.17858e-06
6.203338e-07,-9.09106e-06
6.204338e-07,-2.46579e-05
6.205338e-07,-3.95762e-05
6.206338e-07,-5.31972e-05
6.207338e-07,-6.42238e-05
6.208338e-07,-7.26558e-05
6.209338e-07,-7.9142e-05
6.210338e-07,-8.30338e-05
6.211338e-07,-8.49796e-05
6.212338e-07,-8.62769e-05
6.213338e-07,-8.56282e-05
6.214338e-07,-8.4331e-05
6.215338e-07,-8.30338e-05
6.216338e-07,-8.10879e-05
6.217338e-07,-7.9142e-05
6.218338e-07,-7.65476e-05
6.219338e-07,-7.39531e-05
6.220338e-07,-7.13586e-05
6.221338e-07,-6.81155e-05
6.222338e-07,-6.5521e-05
6.223338e-07,-6.29265e-05
6.224338e-07,-5.96834e-05
6.225338e-07,-5.51431e-05
6.226338e-07,-4.86569e-05
6.227338e-07,-3.95762e-05
6.228338e-07,-2.72524e-05
6.229338e-07,-1.16855e-05
6.230338e-07,7.12444e-06
6.231338e-07,2.78803e-05
6.232338e-07,4.86361e-05
6.233338e-07,6.80947e-05
6.234338e-07,8.43102e-05
6.235338e-07,9.46882e-05
6.236338e-07,9.98771e-05
6.237338e-07,9.79313e-05
6.238338e-07,8.88506e-05
6.239338e-07,7.45809e-05
6.240338e-07,5.5771e-05
6.241338e-07,3.56637e-05
6.242338e-07,1.55565e-05
6.243338e-07,-1.03779e-08
6.244338e-07,-1.03883e-05
6.245338e-07,-1.428e-05
6.246338e-07,-1.10369e-05
6.247338e-07,-1.95624e-06
6.248338e-07,1.36106e-05
6.249338e-07,3.24206e-05
6.250338e-07,5.18792e-05
6.251338e-07,7.00406e-05
6.252338e-07,8.43102e-05
6.253338e-07,9.27423e-05
6.254338e-07,9.46882e-05
6.255338e-07,8.88506e-05
6.256338e-07,7.71754e-05
6.257338e-07,6.03113e-05
6.258338e-07,3.82582e-05
6.259338e-07,1.49079e-05
6.260338e-07,-9.09106e-06
6.261338e-07,-3.17928e-05
6.262338e-07,-5.31972e-05
6.263338e-07,-7.071e-05
6.264338e-07,-8.49796e-05
6.265338e-07,-9.40603e-05
6.266338e-07,-9.92493e-05
6.267338e-07,-9.92493e-05
6.268338e-07,-9.34117e-05
6.269338e-07,-8.23851e-05
6.270338e-07,-6.74669e-05
6.271338e-07,-4.86569e-05
6.272338e-07,-2.72524e-05
6.273338e-07,-6.49658e-06
6.274338e-07,1.2962e-05
6.275338e-07,2.85289e-05
6.276338e-07,3.82582e-05
6.277338e-07,4.21499e-05
6.278338e-07,3.82582e-05
6.279338e-07,2.85289e-05
6.280338e-07,1.2962e-05
6.281338e-07,-5.84796e-06
6.282338e-07,-2.66038e-05
6.283338e-07,-4.6711e-05
6.284338e-07,-6.5521e-05
6.285338e-07,-8.04393e-05
6.286338e-07,-9.14658e-05
6.287338e-07,-9.86006e-05
6.288338e-07,-0.000101844
6.289338e-07,-0.000100547
6.290338e-07,-9.73034e-05
6.291338e-07,-9.14658e-05
6.292338e-07,-8.4331e-05
6.293338e-07,-7.65476e-05
6.294338e-07,-6.74669e-05
6.295338e-07,-5.77376e-05
6.296338e-07,-4.6711e-05
6.297338e-07,-3.56845e-05
6.298338e-07,-2.46579e-05
6.299338e-07,-1.55773e-05
6.300338e-07,-7.79382e-06
6.301338e-07,-1.30762e-06
6.302338e-07,3.23272e-06
6.303338e-07,5.17858e-06
6.304338e-07,5.8272e-06
6.305338e-07,5.8272e-06
6.306338e-07,6.47582e-06
6.307338e-07,9.71892e-06
6.308338e-07,1.55565e-05
6.309338e-07,2.52858e-05
6.310338e-07,3.89068e-05
6.311338e-07,5.64196e-05
6.312338e-07,7.58782e-05
6.313338e-07,9.6634e-05
6.314338e-07,0.000115444
6.315338e-07,0.00013166
6.316338e-07,0.000142686
6.317338e-07,0.000147875
6.318338e-07,0.000145929
6.319338e-07,0.000136848
6.320338e-07,0.00012193
6.321338e-07,0.000102472
6.322338e-07,8.04185e-05
6.323338e-07,5.70682e-05
6.324338e-07,3.56637e-05
6.325338e-07,1.75024e-05
6.326338e-07,4.52996e-06
6.327338e-07,-2.60486e-06
6.328338e-07,-3.9021e-06
6.329338e-07,-1.03779e-08
6.330338e-07,9.71892e-06
6.331338e-07,2.20427e-05
6.332338e-07,3.6961e-05
6.333338e-07,5.18792e-05
6.334338e-07,6.61489e-05
6.335338e-07,7.84727e-05
6.336338e-07,8.94992e-05
6.337338e-07,9.79313e-05
6.338338e-07,0.000104417
6.339338e-07,0.000107661
6.340338e-07,0.000109606
6.341338e-07,0.000109606
6.342338e-07,0.000108958
6.343338e-07,0.000107012
6.344338e-07,0.000105066
6.345338e-07,0.000104417
6.346338e-07,0.000104417
6.347338e-07,0.000106363
6.348338e-07,0.000110255
6.349338e-07,0.00011739
6.350338e-07,0.000126471
6.351338e-07,0.000136848
6.352338e-07,0.000149172
6.353338e-07,0.000161496
6.354338e-07,0.000172523
6.355338e-07,0.000182252
6.356338e-07,0.000188089
6.357338e-07,0.000190684
6.358338e-07,0.000187441
6.359338e-07,0.000179657
6.360338e-07,0.000167982
6.361338e-07,0.000153713
6.362338e-07,0.000137497
6.363338e-07,0.000119984
6.364338e-07,0.00010312
6.365338e-07,8.69047e-05
6.366338e-07,7.26351e-05
6.367338e-07,6.03113e-05
6.368338e-07,4.92848e-05
6.369338e-07,3.95555e-05
6.370338e-07,3.04748e-05
6.371338e-07,2.07455e-05
6.372338e-07,1.10162e-05
6.373338e-07,6.38242e-07
6.374338e-07,-9.73968e-06
6.375338e-07,-1.9469e-05
6.376338e-07,-2.66038e-05
6.377338e-07,-3.17928e-05
6.378338e-07,-3.37386e-05
6.379338e-07,-3.17928e-05
6.380338e-07,-2.59552e-05
6.381338e-07,-1.75231e-05
6.382338e-07,-5.84796e-06
6.383338e-07,6.47582e-06
6.384338e-07,1.87996e-05
6.385338e-07,3.04748e-05
6.386338e-07,4.02041e-05
6.387338e-07,4.66903e-05
6.388338e-07,4.92848e-05
6.389338e-07,4.73389e-05
6.390338e-07,4.21499e-05
6.391338e-07,3.37179e-05
6.392338e-07,2.33399e-05
6.393338e-07,1.23134e-05
6.394338e-07,-1.03779e-08
6.395338e-07,-1.23342e-05
6.396338e-07,-2.33607e-05
6.397338e-07,-3.43872e-05
6.398338e-07,-4.41165e-05
6.399338e-07,-5.19e-05
6.400338e-07,-5.83862e-05
6.401338e-07,-6.35752e-05
6.402338e-07,-6.87641e-05
6.403338e-07,-7.39531e-05
6.404338e-07,-7.97907e-05
6.405338e-07,-8.69255e-05
6.406338e-07,-9.47089e-05
6.407338e-07,-0.000103141
6.408338e-07,-0.000112222
6.409338e-07,-0.000121302
6.410338e-07,-0.000130383
6.411338e-07,-0.000138815
6.412338e-07,-0.000145301
6.413338e-07,-0.000149842
6.414338e-07,-0.000151787
6.415338e-07,-0.000149193
6.416338e-07,-0.000143355
6.417338e-07,-0.000132329
6.418338e-07,-0.000118708
6.419338e-07,-0.000101195
6.420338e-07,-8.17365e-05
6.421338e-07,-6.09807e-05
6.422338e-07,-4.15221e-05
6.423338e-07,-2.27121e-05
6.424338e-07,-7.1452e-06
6.425338e-07,5.8272e-06
6.426338e-07,1.42593e-05
6.427338e-07,1.8151e-05
6.428338e-07,1.94482e-05
6.429338e-07,1.75024e-05
6.430338e-07,1.55565e-05
6.431338e-07,1.2962e-05
6.432338e-07,1.23134e-05
6.433338e-07,1.36106e-05
6.434338e-07,1.68537e-05
6.435338e-07,2.00968e-05
6.436338e-07,2.46372e-05
6.437338e-07,2.98261e-05
6.438338e-07,3.43665e-05
6.439338e-07,3.82582e-05
6.440338e-07,3.95555e-05
6.441338e-07,4.02041e-05
6.442338e-07,3.89068e-05
6.443338e-07,3.76096e-05
6.444338e-07,3.6961e-05
6.445338e-07,3.63124e-05
6.446338e-07,3.6961e-05
6.447338e-07,3.89068e-05
6.448338e-07,4.34472e-05
6.449338e-07,4.99334e-05
6.450338e-07,5.70682e-05
6.451338e-07,6.29058e-05
6.452338e-07,6.74461e-05
6.453338e-07,6.9392e-05
6.454338e-07,6.74461e-05
6.455338e-07,6.22572e-05
6.456338e-07,5.44737e-05
6.457338e-07,4.47444e-05
6.458338e-07,3.30692e-05
6.459338e-07,2.13941e-05
6.460338e-07,1.16648e-05
6.461338e-07,4.52996e-06
6.462338e-07,1.28686e-06
6.463338e-07,1.28686e-06
6.464338e-07,4.52996e-06
6.465338e-07,1.03675e-05
6.466338e-07,1.75024e-05
6.467338e-07,2.52858e-05
6.468338e-07,3.30692e-05
6.469338e-07,4.08527e-05
6.470338e-07,4.66903e-05
6.471338e-07,5.12306e-05
6.472338e-07,5.44737e-05
6.473338e-07,5.51223e-05
6.474338e-07,5.31765e-05
6.475338e-07,4.79875e-05
6.476338e-07,3.89068e-05
6.477338e-07,2.46372e-05
6.478338e-07,5.17858e-06
6.479338e-07,-1.9469e-05
6.480338e-07,-4.86569e-05
6.481338e-07,-8.10879e-05
6.482338e-07,-0.000115465
6.483338e-07,-0.00015049
6.484338e-07,-0.000182921
6.485338e-07,-0.000210163
6.486338e-07,-0.000229622
6.487338e-07,-0.000241297
6.488338e-07,-0.000243243
6.489338e-07,-0.000235459
6.490338e-07,-0.000218595
6.491338e-07,-0.000195245
6.492338e-07,-0.000166057
6.493338e-07,-0.000132978
6.494338e-07,-9.86006e-05
6.495338e-07,-6.35752e-05
6.496338e-07,-2.98469e-05
6.497338e-07,1.28686e-06
6.498338e-07,2.98261e-05
6.499338e-07,5.51223e-05
6.500338e-07,7.71754e-05
6.501338e-07,9.40395e-05
6.502338e-07,0.000105715
6.503338e-07,0.000111552
6.504338e-07,0.000110904
6.505338e-07,0.000104417
6.506338e-07,9.14451e-05
6.507338e-07,7.32837e-05
6.508338e-07,5.12306e-05
6.509338e-07,2.6583e-05
6.510338e-07,6.38242e-07
6.511338e-07,-2.46579e-05
6.512338e-07,-4.73596e-05
6.513338e-07,-6.61696e-05
6.514338e-07,-8.17365e-05
6.515338e-07,-9.21144e-05
6.516338e-07,-9.92493e-05
6.517338e-07,-0.000102492
6.518338e-07,-0.000103141
6.519338e-07,-0.000100547
6.520338e-07,-9.53575e-05
6.521338e-07,-8.75741e-05
6.522338e-07,-7.84934e-05
6.523338e-07,-6.61696e-05
6.524338e-07,-5.25486e-05
6.525338e-07,-3.63331e-05
6.526338e-07,-2.01176e-05
6.527338e-07,-3.9021e-06
6.528338e-07,1.10162e-05
6.529338e-07,2.39886e-05
6.530338e-07,3.37179e-05
6.531338e-07,3.95555e-05
6.532338e-07,4.02041e-05
6.533338e-07,3.63124e-05
6.534338e-07,2.78803e-05
6.535338e-07,1.62051e-05
6.536338e-07,1.28686e-06
6.537338e-07,-1.49286e-05
6.538338e-07,-3.24414e-05
6.539338e-07,-4.86569e-05
6.540338e-07,-6.35752e-05
6.541338e-07,-7.58989e-05
6.542338e-07,-8.62769e-05
6.543338e-07,-9.40603e-05
6.544338e-07,-9.86006e-05
6.545338e-07,-0.000101195
6.546338e-07,-0.000101195
6.547338e-07,-9.98979e-05
6.548338e-07,-9.86006e-05
6.549338e-07,-9.60062e-05
6.550338e-07,-9.34117e-05
6.551338e-07,-9.08172e-05
6.552338e-07,-8.75741e-05
6.553338e-07,-8.4331e-05
6.554338e-07,-8.04393e-05
6.555338e-07,-7.78448e-05
6.556338e-07,-7.58989e-05
6.557338e-07,-7.52503e-05
6.558338e-07,-7.58989e-05
6.559338e-07,-7.84934e-05
6.560338e-07,-8.23851e-05
6.561338e-07,-8.69255e-05
6.562338e-07,-9.21144e-05
6.563338e-07,-9.73034e-05
6.564338e-07,-0.000101844
6.565338e-07,-0.000105735
6.566338e-07,-0.000107681
6.567338e-07,-0.00010833
6.568338e-07,-0.00010833
6.569338e-07,-0.000106384
6.570338e-07,-0.000103141
6.571338e-07,-9.92493e-05
6.572338e-07,-9.53575e-05
6.573338e-07,-9.21144e-05
6.574338e-07,-8.952e-05
6.575338e-07,-8.75741e-05
6.576338e-07,-8.69255e-05
6.577338e-07,-8.69255e-05
6.578338e-07,-8.88713e-05
6.579338e-07,-9.34117e-05
6.580338e-07,-9.98979e-05
6.581338e-07,-0.000109627
6.582338e-07,-0.000121951
6.583338e-07,-0.000137518
6.584338e-07,-0.000156328
6.585338e-07,-0.000176435
6.586338e-07,-0.000197191
6.587338e-07,-0.000218595
6.588338e-07,-0.000238054
6.589338e-07,-0.000254918
6.590338e-07,-0.000267242
6.591338e-07,-0.000275025
6.592338e-07,-0.000276971
6.593338e-07,-0.000272431
6.594338e-07,-0.000262702
6.595338e-07,-0.000249081
6.596338e-07,-0.000230919
6.597338e-07,-0.000210163
6.598338e-07,-0.00018811
6.599338e-07,-0.000165409
6.600338e-07,-0.000142707
6.601338e-07,-0.000119356
6.602338e-07,-9.60062e-05
6.603338e-07,-7.33045e-05
6.604338e-07,-5.06027e-05
6.605338e-07,-2.85497e-05
6.606338e-07,-6.49658e-06
6.607338e-07,1.36106e-05
6.608338e-07,3.30692e-05
6.609338e-07,5.12306e-05
6.610338e-07,6.74461e-05
6.611338e-07,8.17158e-05
6.612338e-07,9.33909e-05
6.613338e-07,0.000102472
6.614338e-07,0.000107661
6.615338e-07,0.000109606
6.616338e-07,0.000107661
6.617338e-07,0.000102472
6.618338e-07,9.33909e-05
6.619338e-07,8.04185e-05
6.620338e-07,6.48516e-05
6.621338e-07,4.86361e-05
6.622338e-07,3.1772e-05
6.623338e-07,1.49079e-05
6.624338e-07,6.38242e-07
6.625338e-07,-1.03883e-05
6.626338e-07,-1.75231e-05
6.627338e-07,-2.07662e-05
6.628338e-07,-2.07662e-05
6.629338e-07,-1.81717e-05
6.630338e-07,-1.428e-05
6.631338e-07,-1.03883e-05
6.632338e-07,-5.84796e-06
6.633338e-07,-2.60486e-06
6.634338e-07,-6.58998e-07
6.635338e-07,-1.03779e-08
6.636338e-07,-1.03779e-08
6.637338e-07,1.28686e-06
6.638338e-07,3.23272e-06
6.639338e-07,7.77306e-06
6.640338e-07,1.49079e-05
6.641338e-07,2.59344e-05
6.642338e-07,3.89068e-05
6.643338e-07,5.44737e-05
6.644338e-07,7.06892e-05
6.645338e-07,8.62561e-05
6.646338e-07,9.98771e-05
6.647338e-07,0.000108309
6.648338e-07,0.000110904
6.649338e-07,0.000106363
6.650338e-07,9.53368e-05
6.651338e-07,7.7824e-05
6.652338e-07,5.5771e-05
6.653338e-07,3.04748e-05
6.654338e-07,3.88134e-06
6.655338e-07,-2.14148e-05
6.656338e-07,-4.21707e-05
6.657338e-07,-5.57917e-05
6.658338e-07,-6.22779e-05
6.659338e-07,-6.09807e-05
6.660338e-07,-5.25486e-05
6.661338e-07,-3.89276e-05
6.662338e-07,-2.14148e-05
6.663338e-07,-1.95624e-06
6.664338e-07,1.75024e-05
6.665338e-07,3.56637e-05
6.666338e-07,5.0582e-05
6.667338e-07,6.22572e-05
6.668338e-07,7.06892e-05
6.669338e-07,7.65268e-05
6.670338e-07,8.04185e-05
6.671338e-07,8.36616e-05
6.672338e-07,8.75533e-05
6.673338e-07,9.27423e-05
6.674338e-07,9.98771e-05
6.675338e-07,0.000108309
6.676338e-07,0.00011739
6.677338e-07,0.000126471
6.678338e-07,0.000134903
6.679338e-07,0.000141389
6.680338e-07,0.000145929
6.681338e-07,0.000147226
6.682338e-07,0.000146578
6.683338e-07,0.000142686
6.684338e-07,0.0001362
6.685338e-07,0.000127768
6.686338e-07,0.000118687
6.687338e-07,0.000109606
6.688338e-07,0.000101823
6.689338e-07,9.53368e-05
6.690338e-07,9.14451e-05
6.691338e-07,8.94992e-05
6.692338e-07,8.94992e-05
6.693338e-07,9.20937e-05
6.694338e-07,9.59854e-05
6.695338e-07,0.000101174
6.696338e-07,0.000105715
6.697338e-07,0.000109606
6.698338e-07,0.000112201
6.699338e-07,0.00011285
6.700338e-07,0.000110904
6.701338e-07,0.000106363
6.702338e-07,0.000101174
6.703338e-07,9.46882e-05
6.704338e-07,8.88506e-05
6.705338e-07,8.49589e-05
6.706338e-07,8.43102e-05
6.707338e-07,8.62561e-05
6.708338e-07,9.14451e-05
6.709338e-07,9.92285e-05
6.710338e-07,0.000109606
6.711338e-07,0.000120633
6.712338e-07,0.000132957
6.713338e-07,0.000144632
6.714338e-07,0.000153713
6.715338e-07,0.000160199
6.716338e-07,0.000163442
6.717338e-07,0.000162793
6.718338e-07,0.000160199
6.719338e-07,0.000155658
6.720338e-07,0.000149821
6.721338e-07,0.000144632
6.722338e-07,0.000140092
6.723338e-07,0.000138146
6.724338e-07,0.000138146
6.725338e-07,0.000141389
6.726338e-07,0.000146578
6.727338e-07,0.000153713
6.728338e-07,0.000160847
6.729338e-07,0.000167982
6.730338e-07,0.000173171
6.731338e-07,0.000176414
6.732338e-07,0.000175117
6.733338e-07,0.000168631
6.734338e-07,0.000156956
6.735338e-07,0.000140092
6.736338e-07,0.000118038
6.737338e-07,9.33909e-05
6.738338e-07,6.55003e-05
6.739338e-07,3.6961e-05
6.740338e-07,9.0703e-06
6.741338e-07,-1.68745e-05
6.742338e-07,-3.89276e-05
6.743338e-07,-5.64403e-05
6.744338e-07,-6.74669e-05
6.745338e-07,-7.33045e-05
6.746338e-07,-7.33045e-05
6.747338e-07,-6.81155e-05
6.748338e-07,-5.96834e-05
6.749338e-07,-4.86569e-05
6.750338e-07,-3.63331e-05
6.751338e-07,-2.33607e-05
6.752338e-07,-1.23342e-05
6.753338e-07,-1.95624e-06
6.754338e-07,5.8272e-06
6.755338e-07,1.23134e-05
6.756338e-07,1.75024e-05
6.757338e-07,2.26913e-05
6.758338e-07,2.78803e-05
6.759338e-07,3.37179e-05
6.760338e-07,4.08527e-05
6.761338e-07,4.99334e-05
6.762338e-07,5.90141e-05
6.763338e-07,6.87434e-05
6.764338e-07,7.84727e-05
6.765338e-07,8.62561e-05
6.766338e-07,9.20937e-05
6.767338e-07,9.33909e-05
6.768338e-07,9.14451e-05
6.769338e-07,8.56075e-05
6.770338e-07,7.52296e-05
6.771338e-07,6.22572e-05
6.772338e-07,4.60417e-05
6.773338e-07,2.85289e-05
6.774338e-07,1.03675e-05
6.775338e-07,-7.79382e-06
6.776338e-07,-2.53066e-05
6.777338e-07,-4.08734e-05
6.778338e-07,-5.44945e-05
6.779338e-07,-6.5521e-05
6.780338e-07,-7.33045e-05
6.781338e-07,-7.78448e-05
6.782338e-07,-7.84934e-05
6.783338e-07,-7.58989e-05
6.784338e-07,-6.94127e-05
6.785338e-07,-6.03321e-05
6.786338e-07,-4.80083e-05
6.787338e-07,-3.43872e-05
6.788338e-07,-2.01176e-05
6.789338e-07,-5.19934e-06
6.790338e-07,8.42168e-06
6.791338e-07,2.00968e-05
6.792338e-07,2.85289e-05
6.793338e-07,3.43665e-05
6.794338e-07,3.6961e-05
6.795338e-07,3.6961e-05
6.796338e-07,3.30692e-05
6.797338e-07,2.72317e-05
6.798338e-07,1.87996e-05
6.799338e-07,9.71892e-06
6.800338e-07,6.38242e-07
6.801338e-07,-9.09106e-06
6.802338e-07,-1.68745e-05
6.803338e-07,-2.40093e-05
6.804338e-07,-2.91983e-05
6.805338e-07,-3.04955e-05
6.806338e-07,-2.85497e-05
6.807338e-07,-2.46579e-05
6.808338e-07,-1.75231e-05
6.809338e-07,-8.44244e-06
6.810338e-07,2.5841e-06
6.811338e-07,1.55565e-05
6.812338e-07,2.91775e-05
6.813338e-07,4.34472e-05
6.814338e-07,5.70682e-05
6.815338e-07,7.00406e-05
6.816338e-07,8.17158e-05
6.817338e-07,9.14451e-05
6.818338e-07,9.72826e-05
6.819338e-07,9.98771e-05
6.820338e-07,9.85799e-05
6.821338e-07,9.27423e-05
6.822338e-07,8.23644e-05
6.823338e-07,6.80947e-05
6.824338e-07,5.18792e-05
6.825338e-07,3.37179e-05
6.826338e-07,1.68537e-05
6.827338e-07,1.93548e-06
6.828338e-07,-9.73968e-06
