LECROYWaveRunner‘N,20113,Waveform
Segments,1,SegmentSize,2002
Segment,TrigTime,TimeSinceSegment1
#1,01-Oct-2018 13:41:00,0                 
Time,Ampl
4.827525e-07,-8.36824e-05
4.828525e-07,-8.30338e-05
4.829525e-07,-8.04393e-05
4.830525e-07,-7.71962e-05
4.831525e-07,-7.39531e-05
4.832525e-07,-7.26558e-05
4.833525e-07,-7.26558e-05
4.834525e-07,-7.39531e-05
4.835525e-07,-7.58989e-05
4.836525e-07,-7.78448e-05
4.837525e-07,-7.71962e-05
4.838525e-07,-7.33045e-05
4.839525e-07,-6.48724e-05
4.840525e-07,-5.06027e-05
4.841525e-07,-3.24414e-05
4.842525e-07,-1.03883e-05
4.843525e-07,1.2962e-05
4.844525e-07,3.43665e-05
4.845525e-07,5.18792e-05
4.846525e-07,6.35544e-05
4.847525e-07,6.74461e-05
4.848525e-07,6.4203e-05
4.849525e-07,5.38251e-05
4.850525e-07,3.89068e-05
4.851525e-07,2.07455e-05
4.852525e-07,3.23272e-06
4.853525e-07,-1.23342e-05
4.854525e-07,-2.33607e-05
4.855525e-07,-3.04955e-05
4.856525e-07,-3.37386e-05
4.857525e-07,-3.309e-05
4.858525e-07,-3.04955e-05
4.859525e-07,-2.53066e-05
4.860525e-07,-1.88204e-05
4.861525e-07,-1.16855e-05
4.862525e-07,-3.25348e-06
4.863525e-07,7.12444e-06
4.864525e-07,2.13941e-05
4.865525e-07,3.95555e-05
4.866525e-07,6.29058e-05
4.867525e-07,9.07964e-05
4.868525e-07,0.000122579
4.869525e-07,0.00015501
4.870525e-07,0.000186792
4.871525e-07,0.000214683
4.872525e-07,0.000237385
4.873525e-07,0.000252303
4.874525e-07,0.00025814
4.875525e-07,0.000255546
4.876525e-07,0.000245817
4.877525e-07,0.000231547
4.878525e-07,0.000213386
4.879525e-07,0.000195224
4.880525e-07,0.000177712
4.881525e-07,0.000160847
4.882525e-07,0.000144632
4.883525e-07,0.000129714
4.884525e-07,0.000114795
4.885525e-07,9.92285e-05
4.886525e-07,8.23644e-05
4.887525e-07,6.48516e-05
4.888525e-07,4.86361e-05
4.889525e-07,3.50151e-05
4.890525e-07,2.78803e-05
4.891525e-07,2.78803e-05
4.892525e-07,3.6961e-05
4.893525e-07,5.44737e-05
4.894525e-07,7.91213e-05
4.895525e-07,0.000107661
4.896525e-07,0.000138146
4.897525e-07,0.000165388
4.898525e-07,0.000185495
4.899525e-07,0.000195224
4.900525e-07,0.000191981
4.901525e-07,0.000177712
4.902525e-07,0.000153064
4.903525e-07,0.00012193
4.904525e-07,8.69047e-05
4.905525e-07,5.25279e-05
4.906525e-07,2.13941e-05
4.907525e-07,-3.25348e-06
4.908525e-07,-2.07662e-05
4.909525e-07,-3.17928e-05
4.910525e-07,-3.8279e-05
4.911525e-07,-4.15221e-05
4.912525e-07,-4.41165e-05
4.913525e-07,-4.86569e-05
4.914525e-07,-5.44945e-05
4.915525e-07,-6.22779e-05
4.916525e-07,-7.071e-05
4.917525e-07,-7.97907e-05
4.918525e-07,-8.69255e-05
4.919525e-07,-8.952e-05
4.920525e-07,-8.75741e-05
4.921525e-07,-8.17365e-05
4.922525e-07,-7.33045e-05
4.923525e-07,-6.5521e-05
4.924525e-07,-5.96834e-05
4.925525e-07,-5.90348e-05
4.926525e-07,-6.48724e-05
4.927525e-07,-7.71962e-05
4.928525e-07,-9.47089e-05
4.929525e-07,-0.000114168
4.930525e-07,-0.000133626
4.931525e-07,-0.000147896
4.932525e-07,-0.000155031
4.933525e-07,-0.000152436
4.934525e-07,-0.000138815
4.935525e-07,-0.000114816
4.936525e-07,-8.17365e-05
4.937525e-07,-4.41165e-05
4.938525e-07,-5.84796e-06
4.939525e-07,2.98261e-05
4.940525e-07,5.83654e-05
4.941525e-07,7.84727e-05
4.942525e-07,8.75533e-05
4.943525e-07,8.75533e-05
4.944525e-07,7.91213e-05
4.945525e-07,6.48516e-05
4.946525e-07,4.73389e-05
4.947525e-07,2.98261e-05
4.948525e-07,1.23134e-05
4.949525e-07,-4.55072e-06
4.950525e-07,-2.01176e-05
4.951525e-07,-3.50359e-05
4.952525e-07,-4.93055e-05
4.953525e-07,-6.35752e-05
4.954525e-07,-7.78448e-05
4.955525e-07,-9.27631e-05
4.956525e-07,-0.000107033
4.957525e-07,-0.000120005
4.958525e-07,-0.000127789
4.959525e-07,-0.000130383
4.960525e-07,-0.000125843
4.961525e-07,-0.000114816
4.962525e-07,-9.73034e-05
4.963525e-07,-7.52503e-05
4.964525e-07,-4.93055e-05
4.965525e-07,-2.14148e-05
4.966525e-07,5.17858e-06
4.967525e-07,2.85289e-05
4.968525e-07,4.79875e-05
4.969525e-07,6.29058e-05
4.970525e-07,7.26351e-05
4.971525e-07,7.7824e-05
4.972525e-07,7.91213e-05
4.973525e-07,7.71754e-05
4.974525e-07,7.19865e-05
4.975525e-07,6.48516e-05
4.976525e-07,5.5771e-05
4.977525e-07,4.5393e-05
4.978525e-07,3.24206e-05
4.979525e-07,1.75024e-05
4.980525e-07,1.28686e-06
4.981525e-07,-1.49286e-05
4.982525e-07,-2.98469e-05
4.983525e-07,-4.15221e-05
4.984525e-07,-4.93055e-05
4.985525e-07,-5.12514e-05
4.986525e-07,-4.80083e-05
4.987525e-07,-3.8279e-05
4.988525e-07,-2.40093e-05
4.989525e-07,-5.19934e-06
4.990525e-07,1.42593e-05
4.991525e-07,3.1772e-05
4.992525e-07,4.47444e-05
4.993525e-07,5.18792e-05
4.994525e-07,5.18792e-05
4.995525e-07,4.47444e-05
4.996525e-07,3.11234e-05
4.997525e-07,1.36106e-05
4.998525e-07,-6.49658e-06
4.999525e-07,-2.66038e-05
5.000525e-07,-4.54138e-05
5.001525e-07,-6.16293e-05
5.002525e-07,-7.46017e-05
5.003525e-07,-8.49796e-05
5.004525e-07,-9.21144e-05
5.005525e-07,-9.86006e-05
5.006525e-07,-0.000104438
5.007525e-07,-0.000111573
5.008525e-07,-0.000120654
5.009525e-07,-0.000130383
5.010525e-07,-0.00014141
5.011525e-07,-0.000152436
5.012525e-07,-0.000161517
5.013525e-07,-0.000167354
5.014525e-07,-0.000169949
5.015525e-07,-0.0001693
5.016525e-07,-0.000166706
5.017525e-07,-0.000163463
5.018525e-07,-0.000159571
5.019525e-07,-0.000156328
5.020525e-07,-0.000155679
5.021525e-07,-0.000156976
5.022525e-07,-0.000160868
5.023525e-07,-0.000165409
5.024525e-07,-0.000170597
5.025525e-07,-0.000173841
5.026525e-07,-0.000175138
5.027525e-07,-0.000171895
5.028525e-07,-0.000164111
5.029525e-07,-0.000151787
5.030525e-07,-0.000136221
5.031525e-07,-0.000119356
5.032525e-07,-0.000102492
5.033525e-07,-8.75741e-05
5.034525e-07,-7.52503e-05
5.035525e-07,-6.61696e-05
5.036525e-07,-6.03321e-05
5.037525e-07,-5.7089e-05
5.038525e-07,-5.51431e-05
5.039525e-07,-5.31972e-05
5.040525e-07,-5.19e-05
5.041525e-07,-4.99541e-05
5.042525e-07,-4.93055e-05
5.043525e-07,-4.93055e-05
5.044525e-07,-4.99541e-05
5.045525e-07,-5.31972e-05
5.046525e-07,-5.90348e-05
5.047525e-07,-6.74669e-05
5.048525e-07,-7.71962e-05
5.049525e-07,-8.88713e-05
5.050525e-07,-9.98979e-05
5.051525e-07,-0.000108979
5.052525e-07,-0.000114168
5.053525e-07,-0.000114816
5.054525e-07,-0.000109627
5.055525e-07,-9.98979e-05
5.056525e-07,-8.56282e-05
5.057525e-07,-6.81155e-05
5.058525e-07,-4.99541e-05
5.059525e-07,-3.17928e-05
5.060525e-07,-1.55773e-05
5.061525e-07,-1.95624e-06
5.062525e-07,7.77306e-06
5.063525e-07,1.55565e-05
5.064525e-07,2.07455e-05
5.065525e-07,2.52858e-05
5.066525e-07,2.85289e-05
5.067525e-07,3.24206e-05
5.068525e-07,3.82582e-05
5.069525e-07,4.47444e-05
5.070525e-07,5.18792e-05
5.071525e-07,5.70682e-05
5.072525e-07,6.03113e-05
5.073525e-07,5.90141e-05
5.074525e-07,5.18792e-05
5.075525e-07,3.95555e-05
5.076525e-07,2.13941e-05
5.077525e-07,-6.58998e-07
5.078525e-07,-2.46579e-05
5.079525e-07,-4.86569e-05
5.080525e-07,-7.00614e-05
5.081525e-07,-8.82227e-05
5.082525e-07,-9.98979e-05
5.083525e-07,-0.000106384
5.084525e-07,-0.000107033
5.085525e-07,-0.000103141
5.086525e-07,-9.60062e-05
5.087525e-07,-8.69255e-05
5.088525e-07,-7.78448e-05
5.089525e-07,-7.00614e-05
5.090525e-07,-6.48724e-05
5.091525e-07,-6.16293e-05
5.092525e-07,-5.90348e-05
5.093525e-07,-5.7089e-05
5.094525e-07,-5.44945e-05
5.095525e-07,-4.86569e-05
5.096525e-07,-3.95762e-05
5.097525e-07,-2.66038e-05
5.098525e-07,-1.03883e-05
5.099525e-07,9.71892e-06
5.100525e-07,3.24206e-05
5.101525e-07,5.5771e-05
5.102525e-07,7.84727e-05
5.103525e-07,9.98771e-05
5.104525e-07,0.000118687
5.105525e-07,0.000133605
5.106525e-07,0.000145281
5.107525e-07,0.000153713
5.108525e-07,0.000158902
5.109525e-07,0.000160847
5.110525e-07,0.000160199
5.111525e-07,0.000156307
5.112525e-07,0.000149821
5.113525e-07,0.000140092
5.114525e-07,0.000125822
5.115525e-07,0.000108958
5.116525e-07,9.07964e-05
5.117525e-07,7.13378e-05
5.118525e-07,5.25279e-05
5.119525e-07,3.56637e-05
5.120525e-07,2.26913e-05
5.121525e-07,1.2962e-05
5.122525e-07,7.12444e-06
5.123525e-07,5.17858e-06
5.124525e-07,6.47582e-06
5.125525e-07,1.03675e-05
5.126525e-07,1.42593e-05
5.127525e-07,1.8151e-05
5.128525e-07,2.07455e-05
5.129525e-07,2.26913e-05
5.130525e-07,2.26913e-05
5.131525e-07,2.20427e-05
5.132525e-07,2.07455e-05
5.133525e-07,2.00968e-05
5.134525e-07,2.07455e-05
5.135525e-07,2.26913e-05
5.136525e-07,2.59344e-05
5.137525e-07,2.98261e-05
5.138525e-07,3.43665e-05
5.139525e-07,3.76096e-05
5.140525e-07,4.02041e-05
5.141525e-07,4.08527e-05
5.142525e-07,3.89068e-05
5.143525e-07,3.56637e-05
5.144525e-07,3.11234e-05
5.145525e-07,2.6583e-05
5.146525e-07,2.20427e-05
5.147525e-07,1.94482e-05
5.148525e-07,1.94482e-05
5.149525e-07,2.07455e-05
5.150525e-07,2.33399e-05
5.151525e-07,2.52858e-05
5.152525e-07,2.52858e-05
5.153525e-07,2.20427e-05
5.154525e-07,1.49079e-05
5.155525e-07,3.23272e-06
5.156525e-07,-1.16855e-05
5.157525e-07,-2.91983e-05
5.158525e-07,-4.6711e-05
5.159525e-07,-6.22779e-05
5.160525e-07,-7.39531e-05
5.161525e-07,-8.10879e-05
5.162525e-07,-8.17365e-05
5.163525e-07,-7.65476e-05
5.164525e-07,-6.61696e-05
5.165525e-07,-5.12514e-05
5.166525e-07,-3.43872e-05
5.167525e-07,-1.75231e-05
5.168525e-07,-2.60486e-06
5.169525e-07,1.03675e-05
5.170525e-07,2.00968e-05
5.171525e-07,2.6583e-05
5.172525e-07,3.1772e-05
5.173525e-07,3.6961e-05
5.174525e-07,4.21499e-05
5.175525e-07,4.79875e-05
5.176525e-07,5.51223e-05
5.177525e-07,6.22572e-05
5.178525e-07,7.00406e-05
5.179525e-07,7.71754e-05
5.180525e-07,8.17158e-05
5.181525e-07,8.36616e-05
5.182525e-07,8.17158e-05
5.183525e-07,7.58782e-05
5.184525e-07,6.67975e-05
5.185525e-07,5.64196e-05
5.186525e-07,4.47444e-05
5.187525e-07,3.37179e-05
5.188525e-07,2.46372e-05
5.189525e-07,1.8151e-05
5.190525e-07,1.42593e-05
5.191525e-07,1.2962e-05
5.192525e-07,1.36106e-05
5.193525e-07,1.49079e-05
5.194525e-07,1.55565e-05
5.195525e-07,1.55565e-05
5.196525e-07,1.49079e-05
5.197525e-07,1.36106e-05
5.198525e-07,1.16648e-05
5.199525e-07,7.77306e-06
5.200525e-07,4.52996e-06
5.201525e-07,6.38242e-07
5.202525e-07,-2.60486e-06
5.203525e-07,-4.55072e-06
5.204525e-07,-6.49658e-06
5.205525e-07,-7.79382e-06
5.206525e-07,-1.10369e-05
5.207525e-07,-1.49286e-05
5.208525e-07,-2.01176e-05
5.209525e-07,-2.66038e-05
5.210525e-07,-3.43872e-05
5.211525e-07,-4.21707e-05
5.212525e-07,-4.93055e-05
5.213525e-07,-5.51431e-05
5.214525e-07,-5.90348e-05
5.215525e-07,-6.03321e-05
5.216525e-07,-5.83862e-05
5.217525e-07,-5.31972e-05
5.218525e-07,-4.6711e-05
5.219525e-07,-3.8279e-05
5.220525e-07,-2.98469e-05
5.221525e-07,-2.20635e-05
5.222525e-07,-1.68745e-05
5.223525e-07,-1.49286e-05
5.224525e-07,-1.68745e-05
5.225525e-07,-2.20635e-05
5.226525e-07,-3.11441e-05
5.227525e-07,-4.28193e-05
5.228525e-07,-5.64403e-05
5.229525e-07,-7.13586e-05
5.230525e-07,-8.56282e-05
5.231525e-07,-9.86006e-05
5.232525e-07,-0.000109627
5.233525e-07,-0.000118708
5.234525e-07,-0.000125194
5.235525e-07,-0.000129086
5.236525e-07,-0.000129734
5.237525e-07,-0.000126491
5.238525e-07,-0.000120654
5.239525e-07,-0.000111573
5.240525e-07,-9.92493e-05
5.241525e-07,-8.4331e-05
5.242525e-07,-6.74669e-05
5.243525e-07,-4.86569e-05
5.244525e-07,-3.04955e-05
5.245525e-07,-1.49286e-05
5.246525e-07,-3.25348e-06
5.247525e-07,3.88134e-06
5.248525e-07,5.8272e-06
5.249525e-07,1.28686e-06
5.250525e-07,-8.44244e-06
5.251525e-07,-2.33607e-05
5.252525e-07,-4.02248e-05
5.253525e-07,-5.64403e-05
5.254525e-07,-7.071e-05
5.255525e-07,-7.97907e-05
5.256525e-07,-8.23851e-05
5.257525e-07,-7.84934e-05
5.258525e-07,-6.81155e-05
5.259525e-07,-5.31972e-05
5.260525e-07,-3.50359e-05
5.261525e-07,-1.55773e-05
5.262525e-07,1.93548e-06
5.263525e-07,1.62051e-05
5.264525e-07,2.52858e-05
5.265525e-07,2.85289e-05
5.266525e-07,2.78803e-05
5.267525e-07,2.33399e-05
5.268525e-07,1.62051e-05
5.269525e-07,8.42168e-06
5.270525e-07,6.38242e-07
5.271525e-07,-5.19934e-06
5.272525e-07,-7.79382e-06
5.273525e-07,-7.79382e-06
5.274525e-07,-5.84796e-06
5.275525e-07,-3.9021e-06
5.276525e-07,-6.58998e-07
5.277525e-07,1.28686e-06
5.278525e-07,2.5841e-06
5.279525e-07,1.93548e-06
5.280525e-07,-1.03779e-08
5.281525e-07,-3.25348e-06
5.282525e-07,-8.44244e-06
5.283525e-07,-1.36314e-05
5.284525e-07,-2.01176e-05
5.285525e-07,-2.72524e-05
5.286525e-07,-3.37386e-05
5.287525e-07,-3.95762e-05
5.288525e-07,-4.41165e-05
5.289525e-07,-4.73596e-05
5.290525e-07,-4.93055e-05
5.291525e-07,-4.93055e-05
5.292525e-07,-4.86569e-05
5.293525e-07,-4.60624e-05
5.294525e-07,-4.21707e-05
5.295525e-07,-3.69817e-05
5.296525e-07,-2.98469e-05
5.297525e-07,-2.20635e-05
5.298525e-07,-1.428e-05
5.299525e-07,-7.1452e-06
5.300525e-07,-6.58998e-07
5.301525e-07,3.88134e-06
5.302525e-07,7.77306e-06
5.303525e-07,9.71892e-06
5.304525e-07,1.10162e-05
5.305525e-07,1.10162e-05
5.306525e-07,1.16648e-05
5.307525e-07,1.16648e-05
5.308525e-07,1.23134e-05
5.309525e-07,1.36106e-05
5.310525e-07,1.55565e-05
5.311525e-07,1.8151e-05
5.312525e-07,2.20427e-05
5.313525e-07,2.52858e-05
5.314525e-07,2.78803e-05
5.315525e-07,2.91775e-05
5.316525e-07,2.98261e-05
5.317525e-07,2.98261e-05
5.318525e-07,2.85289e-05
5.319525e-07,2.72317e-05
5.320525e-07,2.72317e-05
5.321525e-07,2.78803e-05
5.322525e-07,2.98261e-05
5.323525e-07,3.37179e-05
5.324525e-07,3.76096e-05
5.325525e-07,4.27986e-05
5.326525e-07,4.79875e-05
5.327525e-07,5.38251e-05
5.328525e-07,5.90141e-05
5.329525e-07,6.35544e-05
5.330525e-07,6.61489e-05
5.331525e-07,6.87434e-05
5.332525e-07,7.00406e-05
5.333525e-07,7.13378e-05
5.334525e-07,7.26351e-05
5.335525e-07,7.39323e-05
5.336525e-07,7.45809e-05
5.337525e-07,7.32837e-05
5.338525e-07,7.00406e-05
5.339525e-07,6.35544e-05
5.340525e-07,5.31765e-05
5.341525e-07,3.95555e-05
5.342525e-07,2.20427e-05
5.343525e-07,1.28686e-06
5.344525e-07,-2.20635e-05
5.345525e-07,-4.47652e-05
5.346525e-07,-6.61696e-05
5.347525e-07,-8.36824e-05
5.348525e-07,-9.66548e-05
5.349525e-07,-0.00010379
5.350525e-07,-0.000105735
5.351525e-07,-0.000101844
5.352525e-07,-9.40603e-05
5.353525e-07,-8.30338e-05
5.354525e-07,-7.071e-05
5.355525e-07,-5.90348e-05
5.356525e-07,-4.86569e-05
5.357525e-07,-4.08734e-05
5.358525e-07,-3.50359e-05
5.359525e-07,-3.17928e-05
5.360525e-07,-2.91983e-05
5.361525e-07,-2.7901e-05
5.362525e-07,-2.53066e-05
5.363525e-07,-2.14148e-05
5.364525e-07,-1.55773e-05
5.365525e-07,-8.44244e-06
5.366525e-07,-1.30762e-06
5.367525e-07,5.17858e-06
5.368525e-07,9.71892e-06
5.369525e-07,1.23134e-05
5.370525e-07,1.16648e-05
5.371525e-07,8.42168e-06
5.372525e-07,1.93548e-06
5.373525e-07,-5.84796e-06
5.374525e-07,-1.428e-05
5.375525e-07,-2.14148e-05
5.376525e-07,-2.66038e-05
5.377525e-07,-2.91983e-05
5.378525e-07,-2.91983e-05
5.379525e-07,-2.72524e-05
5.380525e-07,-2.40093e-05
5.381525e-07,-2.14148e-05
5.382525e-07,-2.14148e-05
5.383525e-07,-2.46579e-05
5.384525e-07,-3.24414e-05
5.385525e-07,-4.54138e-05
5.386525e-07,-6.22779e-05
5.387525e-07,-8.23851e-05
5.388525e-07,-0.000103141
5.389525e-07,-0.0001226
5.390525e-07,-0.000139464
5.391525e-07,-0.000151139
5.392525e-07,-0.000158274
5.393525e-07,-0.000159571
5.394525e-07,-0.000156976
5.395525e-07,-0.000151787
5.396525e-07,-0.000145301
5.397525e-07,-0.000140761
5.398525e-07,-0.000139464
5.399525e-07,-0.00014141
5.400525e-07,-0.00014595
5.401525e-07,-0.000153733
5.402525e-07,-0.000162165
5.403525e-07,-0.0001693
5.404525e-07,-0.000173192
5.405525e-07,-0.000173841
5.406525e-07,-0.000169949
5.407525e-07,-0.000160868
5.408525e-07,-0.000146599
5.409525e-07,-0.000129734
5.410525e-07,-0.000111573
5.411525e-07,-9.27631e-05
5.412525e-07,-7.65476e-05
5.413525e-07,-6.29265e-05
5.414525e-07,-5.19e-05
5.415525e-07,-4.47652e-05
5.416525e-07,-3.95762e-05
5.417525e-07,-3.56845e-05
5.418525e-07,-3.24414e-05
5.419525e-07,-2.91983e-05
5.420525e-07,-2.46579e-05
5.421525e-07,-1.88204e-05
5.422525e-07,-1.23342e-05
5.423525e-07,-5.84796e-06
5.424525e-07,-1.30762e-06
5.425525e-07,1.93548e-06
5.426525e-07,1.93548e-06
5.427525e-07,-1.30762e-06
5.428525e-07,-6.49658e-06
5.429525e-07,-1.428e-05
5.430525e-07,-2.40093e-05
5.431525e-07,-3.50359e-05
5.432525e-07,-4.73596e-05
5.433525e-07,-6.03321e-05
5.434525e-07,-7.46017e-05
5.435525e-07,-8.952e-05
5.436525e-07,-0.000104438
5.437525e-07,-0.000121302
5.438525e-07,-0.000138166
5.439525e-07,-0.000155031
5.440525e-07,-0.000171246
5.441525e-07,-0.000186164
5.442525e-07,-0.00019784
5.443525e-07,-0.000206272
5.444525e-07,-0.000211461
5.445525e-07,-0.000212758
5.446525e-07,-0.000210163
5.447525e-07,-0.000204326
5.448525e-07,-0.000195894
5.449525e-07,-0.000186813
5.450525e-07,-0.00017903
5.451525e-07,-0.000171895
5.452525e-07,-0.000166706
5.453525e-07,-0.000162165
5.454525e-07,-0.000158922
5.455525e-07,-0.000154382
5.456525e-07,-0.000149193
5.457525e-07,-0.000142058
5.458525e-07,-0.000132978
5.459525e-07,-0.000121302
5.460525e-07,-0.000108979
5.461525e-07,-9.7952e-05
5.462525e-07,-8.952e-05
5.463525e-07,-8.56282e-05
5.464525e-07,-8.75741e-05
5.465525e-07,-9.60062e-05
5.466525e-07,-0.000110276
5.467525e-07,-0.000130383
5.468525e-07,-0.000153085
5.469525e-07,-0.000176435
5.470525e-07,-0.00019784
5.471525e-07,-0.000213406
5.472525e-07,-0.000221838
5.473525e-07,-0.000222487
5.474525e-07,-0.000216001
5.475525e-07,-0.000204326
5.476525e-07,-0.000187462
5.477525e-07,-0.0001693
5.478525e-07,-0.000152436
5.479525e-07,-0.000137518
5.480525e-07,-0.000126491
5.481525e-07,-0.000119356
5.482525e-07,-0.000116113
5.483525e-07,-0.000116113
5.484525e-07,-0.000116762
5.485525e-07,-0.000118059
5.486525e-07,-0.000120005
5.487525e-07,-0.0001226
5.488525e-07,-0.000125194
5.489525e-07,-0.000129086
5.490525e-07,-0.000134923
5.491525e-07,-0.000142058
5.492525e-07,-0.000151139
5.493525e-07,-0.000161517
5.494525e-07,-0.000171246
5.495525e-07,-0.000178381
5.496525e-07,-0.000180327
5.497525e-07,-0.000176435
5.498525e-07,-0.00016476
5.499525e-07,-0.00014595
5.500525e-07,-0.000119356
5.501525e-07,-8.82227e-05
5.502525e-07,-5.31972e-05
5.503525e-07,-1.81717e-05
5.504525e-07,1.42593e-05
5.505525e-07,4.08527e-05
5.506525e-07,6.03113e-05
5.507525e-07,7.19865e-05
5.508525e-07,7.58782e-05
5.509525e-07,7.45809e-05
5.510525e-07,6.80947e-05
5.511525e-07,5.90141e-05
5.512525e-07,4.92848e-05
5.513525e-07,3.95555e-05
5.514525e-07,3.11234e-05
5.515525e-07,2.33399e-05
5.516525e-07,1.62051e-05
5.517525e-07,8.42168e-06
5.518525e-07,-1.30762e-06
5.519525e-07,-1.23342e-05
5.520525e-07,-2.40093e-05
5.521525e-07,-3.69817e-05
5.522525e-07,-4.80083e-05
5.523525e-07,-5.64403e-05
5.524525e-07,-6.03321e-05
5.525525e-07,-5.83862e-05
5.526525e-07,-5.19e-05
5.527525e-07,-4.02248e-05
5.528525e-07,-2.59552e-05
5.529525e-07,-1.03883e-05
5.530525e-07,4.52996e-06
5.531525e-07,1.62051e-05
5.532525e-07,2.39886e-05
5.533525e-07,2.72317e-05
5.534525e-07,2.59344e-05
5.535525e-07,2.07455e-05
5.536525e-07,1.2962e-05
5.537525e-07,4.52996e-06
5.538525e-07,-3.25348e-06
5.539525e-07,-9.09106e-06
5.540525e-07,-1.10369e-05
5.541525e-07,-1.03883e-05
5.542525e-07,-7.1452e-06
5.543525e-07,-3.25348e-06
5.544525e-07,1.28686e-06
5.545525e-07,3.88134e-06
5.546525e-07,3.88134e-06
5.547525e-07,1.93548e-06
5.548525e-07,-1.95624e-06
5.549525e-07,-6.49658e-06
5.550525e-07,-1.10369e-05
5.551525e-07,-1.36314e-05
5.552525e-07,-1.428e-05
5.553525e-07,-1.36314e-05
5.554525e-07,-1.03883e-05
5.555525e-07,-5.84796e-06
5.556525e-07,-6.58998e-07
5.557525e-07,2.5841e-06
5.558525e-07,4.52996e-06
5.559525e-07,3.23272e-06
5.560525e-07,-6.58998e-07
5.561525e-07,-5.84796e-06
5.562525e-07,-1.10369e-05
5.563525e-07,-1.55773e-05
5.564525e-07,-1.68745e-05
5.565525e-07,-1.55773e-05
5.566525e-07,-1.10369e-05
5.567525e-07,-2.60486e-06
5.568525e-07,7.12444e-06
5.569525e-07,1.75024e-05
5.570525e-07,2.6583e-05
5.571525e-07,3.1772e-05
5.572525e-07,3.24206e-05
5.573525e-07,2.72317e-05
5.574525e-07,1.62051e-05
5.575525e-07,1.93548e-06
5.576525e-07,-1.49286e-05
5.577525e-07,-3.24414e-05
5.578525e-07,-4.73596e-05
5.579525e-07,-5.83862e-05
5.580525e-07,-6.35752e-05
5.581525e-07,-6.29265e-05
5.582525e-07,-5.64403e-05
5.583525e-07,-4.54138e-05
5.584525e-07,-3.24414e-05
5.585525e-07,-1.81717e-05
5.586525e-07,-5.19934e-06
5.587525e-07,5.8272e-06
5.588525e-07,1.42593e-05
5.589525e-07,2.07455e-05
5.590525e-07,2.59344e-05
5.591525e-07,3.11234e-05
5.592525e-07,3.63124e-05
5.593525e-07,4.21499e-05
5.594525e-07,4.92848e-05
5.595525e-07,5.70682e-05
5.596525e-07,6.35544e-05
5.597525e-07,6.80947e-05
5.598525e-07,6.74461e-05
5.599525e-07,6.22572e-05
5.600525e-07,5.12306e-05
5.601525e-07,3.56637e-05
5.602525e-07,1.55565e-05
5.603525e-07,-7.79382e-06
5.604525e-07,-3.17928e-05
5.605525e-07,-5.44945e-05
5.606525e-07,-7.33045e-05
5.607525e-07,-8.69255e-05
5.608525e-07,-9.40603e-05
5.609525e-07,-9.60062e-05
5.610525e-07,-9.40603e-05
5.611525e-07,-8.75741e-05
5.612525e-07,-7.84934e-05
5.613525e-07,-6.87641e-05
5.614525e-07,-5.83862e-05
5.615525e-07,-4.80083e-05
5.616525e-07,-3.76303e-05
5.617525e-07,-2.66038e-05
5.618525e-07,-1.55773e-05
5.619525e-07,-3.25348e-06
5.620525e-07,9.71892e-06
5.621525e-07,2.20427e-05
5.622525e-07,3.30692e-05
5.623525e-07,4.15013e-05
5.624525e-07,4.73389e-05
5.625525e-07,4.92848e-05
5.626525e-07,4.73389e-05
5.627525e-07,4.27986e-05
5.628525e-07,3.63124e-05
5.629525e-07,2.85289e-05
5.630525e-07,2.13941e-05
5.631525e-07,1.62051e-05
5.632525e-07,1.42593e-05
5.633525e-07,1.55565e-05
5.634525e-07,2.00968e-05
5.635525e-07,2.6583e-05
5.636525e-07,3.43665e-05
5.637525e-07,4.27986e-05
5.638525e-07,4.99334e-05
5.639525e-07,5.64196e-05
5.640525e-07,6.16085e-05
5.641525e-07,6.55003e-05
5.642525e-07,6.9392e-05
5.643525e-07,7.45809e-05
5.644525e-07,8.17158e-05
5.645525e-07,9.20937e-05
5.646525e-07,0.000103769
5.647525e-07,0.000116741
5.648525e-07,0.000129065
5.649525e-07,0.000138794
5.650525e-07,0.000143335
5.651525e-07,0.00014074
5.652525e-07,0.000130362
5.653525e-07,0.000110255
5.654525e-07,8.23644e-05
5.655525e-07,4.73389e-05
5.656525e-07,9.0703e-06
5.657525e-07,-3.04955e-05
5.658525e-07,-6.68183e-05
5.659525e-07,-9.86006e-05
5.660525e-07,-0.0001226
5.661525e-07,-0.000139464
5.662525e-07,-0.000148544
5.663525e-07,-0.000149842
5.664525e-07,-0.000146599
5.665525e-07,-0.000139464
5.666525e-07,-0.00013168
5.667525e-07,-0.000123248
5.668525e-07,-0.000116762
5.669525e-07,-0.000111573
5.670525e-07,-0.000108979
5.671525e-07,-0.000107033
5.672525e-07,-0.000105735
5.673525e-07,-0.000103141
5.674525e-07,-9.92493e-05
5.675525e-07,-9.34117e-05
5.676525e-07,-8.62769e-05
5.677525e-07,-7.9142e-05
5.678525e-07,-7.20072e-05
5.679525e-07,-6.61696e-05
5.680525e-07,-6.16293e-05
5.681525e-07,-5.90348e-05
5.682525e-07,-5.83862e-05
5.683525e-07,-5.90348e-05
5.684525e-07,-5.83862e-05
5.685525e-07,-5.64403e-05
5.686525e-07,-5.19e-05
5.687525e-07,-4.34679e-05
5.688525e-07,-3.24414e-05
5.689525e-07,-1.88204e-05
5.690525e-07,-3.25348e-06
5.691525e-07,1.2962e-05
5.692525e-07,2.85289e-05
5.693525e-07,4.21499e-05
5.694525e-07,5.38251e-05
5.695525e-07,6.4203e-05
5.696525e-07,7.26351e-05
5.697525e-07,8.10671e-05
5.698525e-07,8.88506e-05
5.699525e-07,9.79313e-05
5.700525e-07,0.000107661
5.701525e-07,0.000118038
5.702525e-07,0.000127119
5.703525e-07,0.000134903
5.704525e-07,0.00014074
5.705525e-07,0.000143335
5.706525e-07,0.000141389
5.707525e-07,0.000135551
5.708525e-07,0.000126471
5.709525e-07,0.000116093
5.710525e-07,0.000105066
5.711525e-07,9.59854e-05
5.712525e-07,8.8202e-05
5.713525e-07,8.3013e-05
5.714525e-07,8.04185e-05
5.715525e-07,8.04185e-05
5.716525e-07,8.10671e-05
5.717525e-07,8.23644e-05
5.718525e-07,8.23644e-05
5.719525e-07,7.97699e-05
5.720525e-07,7.52296e-05
5.721525e-07,6.74461e-05
5.722525e-07,5.77168e-05
5.723525e-07,4.66903e-05
5.724525e-07,3.63124e-05
5.725525e-07,2.72317e-05
5.726525e-07,2.00968e-05
5.727525e-07,1.55565e-05
5.728525e-07,1.2962e-05
5.729525e-07,1.16648e-05
5.730525e-07,1.23134e-05
5.731525e-07,1.36106e-05
5.732525e-07,1.49079e-05
5.733525e-07,1.49079e-05
5.734525e-07,1.42593e-05
5.735525e-07,1.36106e-05
5.736525e-07,1.2962e-05
5.737525e-07,1.2962e-05
5.738525e-07,1.36106e-05
5.739525e-07,1.68537e-05
5.740525e-07,2.13941e-05
5.741525e-07,2.85289e-05
5.742525e-07,3.63124e-05
5.743525e-07,4.60417e-05
5.744525e-07,5.51223e-05
5.745525e-07,6.35544e-05
5.746525e-07,7.00406e-05
5.747525e-07,7.45809e-05
5.748525e-07,7.58782e-05
5.749525e-07,7.52296e-05
5.750525e-07,7.26351e-05
5.751525e-07,7.00406e-05
5.752525e-07,6.74461e-05
5.753525e-07,6.55003e-05
5.754525e-07,6.4203e-05
5.755525e-07,6.55003e-05
5.756525e-07,6.74461e-05
5.757525e-07,7.06892e-05
5.758525e-07,7.39323e-05
5.759525e-07,7.7824e-05
5.760525e-07,8.10671e-05
5.761525e-07,8.36616e-05
5.762525e-07,8.49589e-05
5.763525e-07,8.62561e-05
5.764525e-07,8.62561e-05
5.765525e-07,8.43102e-05
5.766525e-07,8.3013e-05
5.767525e-07,8.10671e-05
5.768525e-07,7.84727e-05
5.769525e-07,7.39323e-05
5.770525e-07,6.87434e-05
5.771525e-07,6.16085e-05
5.772525e-07,5.38251e-05
5.773525e-07,4.34472e-05
5.774525e-07,3.30692e-05
5.775525e-07,2.20427e-05
5.776525e-07,1.10162e-05
5.777525e-07,6.38242e-07
5.778525e-07,-1.03883e-05
5.779525e-07,-2.07662e-05
5.780525e-07,-3.04955e-05
5.781525e-07,-3.95762e-05
5.782525e-07,-4.93055e-05
5.783525e-07,-5.83862e-05
5.784525e-07,-6.68183e-05
5.785525e-07,-7.52503e-05
5.786525e-07,-8.23851e-05
5.787525e-07,-8.56282e-05
5.788525e-07,-8.56282e-05
5.789525e-07,-8.17365e-05
5.790525e-07,-7.26558e-05
5.791525e-07,-5.83862e-05
5.792525e-07,-3.95762e-05
5.793525e-07,-1.81717e-05
5.794525e-07,3.88134e-06
5.795525e-07,2.52858e-05
5.796525e-07,4.27986e-05
5.797525e-07,5.44737e-05
5.798525e-07,6.03113e-05
5.799525e-07,5.90141e-05
5.800525e-07,5.25279e-05
5.801525e-07,4.15013e-05
5.802525e-07,2.78803e-05
5.803525e-07,1.49079e-05
5.804525e-07,4.52996e-06
5.805525e-07,-1.95624e-06
5.806525e-07,-3.25348e-06
5.807525e-07,6.38242e-07
5.808525e-07,7.12444e-06
5.809525e-07,1.49079e-05
5.810525e-07,2.33399e-05
5.811525e-07,2.98261e-05
5.812525e-07,3.30692e-05
5.813525e-07,3.11234e-05
5.814525e-07,2.39886e-05
5.815525e-07,1.2962e-05
5.816525e-07,-1.95624e-06
5.817525e-07,-1.75231e-05
5.818525e-07,-3.309e-05
5.819525e-07,-4.60624e-05
5.820525e-07,-5.51431e-05
5.821525e-07,-6.03321e-05
5.822525e-07,-6.16293e-05
5.823525e-07,-5.90348e-05
5.824525e-07,-5.51431e-05
5.825525e-07,-5.06027e-05
5.826525e-07,-4.60624e-05
5.827525e-07,-4.21707e-05
5.828525e-07,-4.02248e-05
5.829525e-07,-3.95762e-05
5.830525e-07,-3.95762e-05
5.831525e-07,-3.8279e-05
5.832525e-07,-3.56845e-05
5.833525e-07,-3.04955e-05
5.834525e-07,-2.14148e-05
5.835525e-07,-8.44244e-06
5.836525e-07,8.42168e-06
5.837525e-07,2.78803e-05
5.838525e-07,4.86361e-05
5.839525e-07,6.80947e-05
5.840525e-07,8.62561e-05
5.841525e-07,0.000101174
5.842525e-07,0.000112201
5.843525e-07,0.000118038
5.844525e-07,0.000119336
5.845525e-07,0.00011739
5.846525e-07,0.000111552
5.847525e-07,0.000103769
5.848525e-07,9.46882e-05
5.849525e-07,8.49589e-05
5.850525e-07,7.52296e-05
5.851525e-07,6.61489e-05
5.852525e-07,5.83654e-05
5.853525e-07,5.12306e-05
5.854525e-07,4.47444e-05
5.855525e-07,3.89068e-05
5.856525e-07,3.37179e-05
5.857525e-07,2.91775e-05
5.858525e-07,2.59344e-05
5.859525e-07,2.39886e-05
5.860525e-07,2.26913e-05
5.861525e-07,2.33399e-05
5.862525e-07,2.39886e-05
5.863525e-07,2.52858e-05
5.864525e-07,2.78803e-05
5.865525e-07,3.1772e-05
5.866525e-07,3.63124e-05
5.867525e-07,4.21499e-05
5.868525e-07,4.92848e-05
5.869525e-07,5.77168e-05
5.870525e-07,6.74461e-05
5.871525e-07,7.84727e-05
5.872525e-07,8.94992e-05
5.873525e-07,9.98771e-05
5.874525e-07,0.000108958
5.875525e-07,0.000115444
5.876525e-07,0.000119984
5.877525e-07,0.000121282
5.878525e-07,0.000118687
5.879525e-07,0.000112201
5.880525e-07,0.000102472
5.881525e-07,8.94992e-05
5.882525e-07,7.45809e-05
5.883525e-07,5.90141e-05
5.884525e-07,4.40958e-05
5.885525e-07,2.91775e-05
5.886525e-07,1.55565e-05
5.887525e-07,4.52996e-06
5.888525e-07,-5.19934e-06
5.889525e-07,-1.23342e-05
5.890525e-07,-1.88204e-05
5.891525e-07,-2.46579e-05
5.892525e-07,-3.11441e-05
5.893525e-07,-3.8279e-05
5.894525e-07,-4.73596e-05
5.895525e-07,-5.77376e-05
5.896525e-07,-6.81155e-05
5.897525e-07,-7.9142e-05
5.898525e-07,-8.88713e-05
5.899525e-07,-9.60062e-05
5.900525e-07,-9.98979e-05
5.901525e-07,-0.000100547
5.902525e-07,-9.7952e-05
5.903525e-07,-9.08172e-05
5.904525e-07,-7.97907e-05
5.905525e-07,-6.61696e-05
5.906525e-07,-4.99541e-05
5.907525e-07,-3.309e-05
5.908525e-07,-1.62259e-05
5.909525e-07,-6.58998e-07
5.910525e-07,1.36106e-05
5.911525e-07,2.59344e-05
5.912525e-07,3.63124e-05
5.913525e-07,4.40958e-05
5.914525e-07,4.99334e-05
5.915525e-07,5.38251e-05
5.916525e-07,5.51223e-05
5.917525e-07,5.38251e-05
5.918525e-07,4.99334e-05
5.919525e-07,4.34472e-05
5.920525e-07,3.43665e-05
5.921525e-07,2.33399e-05
5.922525e-07,1.16648e-05
5.923525e-07,-6.58998e-07
5.924525e-07,-1.23342e-05
5.925525e-07,-2.27121e-05
5.926525e-07,-3.11441e-05
5.927525e-07,-3.63331e-05
5.928525e-07,-3.76303e-05
5.929525e-07,-3.43872e-05
5.930525e-07,-2.85497e-05
5.931525e-07,-2.14148e-05
5.932525e-07,-1.49286e-05
5.933525e-07,-9.73968e-06
5.934525e-07,-7.1452e-06
5.935525e-07,-7.1452e-06
5.936525e-07,-9.73968e-06
5.937525e-07,-1.55773e-05
5.938525e-07,-2.40093e-05
5.939525e-07,-3.37386e-05
5.940525e-07,-4.34679e-05
5.941525e-07,-5.19e-05
5.942525e-07,-5.7089e-05
5.943525e-07,-5.83862e-05
5.944525e-07,-5.51431e-05
5.945525e-07,-4.86569e-05
5.946525e-07,-3.8279e-05
5.947525e-07,-2.53066e-05
5.948525e-07,-1.10369e-05
5.949525e-07,3.88134e-06
5.950525e-07,1.68537e-05
5.951525e-07,2.78803e-05
5.952525e-07,3.63124e-05
5.953525e-07,4.21499e-05
5.954525e-07,4.5393e-05
5.955525e-07,4.60417e-05
5.956525e-07,4.47444e-05
5.957525e-07,4.15013e-05
5.958525e-07,3.82582e-05
5.959525e-07,3.50151e-05
5.960525e-07,3.30692e-05
5.961525e-07,3.04748e-05
5.962525e-07,2.78803e-05
5.963525e-07,2.33399e-05
5.964525e-07,1.75024e-05
5.965525e-07,9.71892e-06
5.966525e-07,-1.30762e-06
5.967525e-07,-1.428e-05
5.968525e-07,-3.11441e-05
5.969525e-07,-5.06027e-05
5.970525e-07,-7.26558e-05
5.971525e-07,-9.53575e-05
5.972525e-07,-0.000118708
5.973525e-07,-0.000140761
5.974525e-07,-0.00016022
5.975525e-07,-0.000177084
5.976525e-07,-0.000189407
5.977525e-07,-0.000198488
5.978525e-07,-0.000203028
5.979525e-07,-0.000203028
5.980525e-07,-0.00019784
5.981525e-07,-0.000189407
5.982525e-07,-0.000177732
5.983525e-07,-0.000163463
5.984525e-07,-0.000147247
5.985525e-07,-0.000129086
5.986525e-07,-0.000110924
5.987525e-07,-9.34117e-05
5.988525e-07,-7.65476e-05
5.989525e-07,-6.16293e-05
5.990525e-07,-4.93055e-05
5.991525e-07,-4.02248e-05
5.992525e-07,-3.37386e-05
5.993525e-07,-3.17928e-05
5.994525e-07,-3.24414e-05
5.995525e-07,-3.63331e-05
5.996525e-07,-4.28193e-05
5.997525e-07,-5.12514e-05
5.998525e-07,-6.09807e-05
5.999525e-07,-7.071e-05
6.000525e-07,-7.97907e-05
6.001525e-07,-8.88713e-05
6.002525e-07,-9.73034e-05
6.003525e-07,-0.00010379
6.004525e-07,-0.000109627
6.005525e-07,-0.000114816
6.006525e-07,-0.000118708
6.007525e-07,-0.0001226
6.008525e-07,-0.000125843
6.009525e-07,-0.000129086
6.010525e-07,-0.00013168
6.011525e-07,-0.000134275
6.012525e-07,-0.000136221
6.013525e-07,-0.000136869
6.014525e-07,-0.000136869
6.015525e-07,-0.000134923
6.016525e-07,-0.000131032
6.017525e-07,-0.000126491
6.018525e-07,-0.000120005
6.019525e-07,-0.000112222
6.020525e-07,-0.000105087
6.021525e-07,-9.92493e-05
6.022525e-07,-9.47089e-05
6.023525e-07,-9.21144e-05
6.024525e-07,-9.01686e-05
6.025525e-07,-8.88713e-05
6.026525e-07,-8.75741e-05
6.027525e-07,-8.4331e-05
6.028525e-07,-7.84934e-05
6.029525e-07,-7.00614e-05
6.030525e-07,-5.7089e-05
6.031525e-07,-3.95762e-05
6.032525e-07,-1.68745e-05
6.033525e-07,8.42168e-06
6.034525e-07,3.50151e-05
6.035525e-07,6.22572e-05
6.036525e-07,8.8202e-05
6.037525e-07,0.000111552
6.038525e-07,0.000129714
6.039525e-07,0.000142037
6.040525e-07,0.000148524
6.041525e-07,0.000147875
6.042525e-07,0.000140092
6.043525e-07,0.000126471
6.044525e-07,0.000106363
6.045525e-07,8.17158e-05
6.046525e-07,5.38251e-05
6.047525e-07,2.39886e-05
6.048525e-07,-3.9021e-06
6.049525e-07,-2.98469e-05
6.050525e-07,-5.19e-05
6.051525e-07,-6.74669e-05
6.052525e-07,-7.58989e-05
6.053525e-07,-7.65476e-05
6.054525e-07,-7.00614e-05
6.055525e-07,-5.64403e-05
6.056525e-07,-3.76303e-05
6.057525e-07,-1.55773e-05
6.058525e-07,7.77306e-06
6.059525e-07,2.91775e-05
6.060525e-07,4.66903e-05
6.061525e-07,5.83654e-05
6.062525e-07,6.29058e-05
6.063525e-07,6.09599e-05
6.064525e-07,5.25279e-05
6.065525e-07,3.82582e-05
6.066525e-07,2.00968e-05
6.067525e-07,1.93548e-06
6.068525e-07,-1.55773e-05
6.069525e-07,-3.11441e-05
6.070525e-07,-4.28193e-05
6.071525e-07,-5.06027e-05
6.072525e-07,-5.44945e-05
6.073525e-07,-5.44945e-05
6.074525e-07,-5.25486e-05
6.075525e-07,-4.86569e-05
6.076525e-07,-4.47652e-05
6.077525e-07,-4.08734e-05
6.078525e-07,-3.76303e-05
6.079525e-07,-3.56845e-05
6.080525e-07,-3.309e-05
6.081525e-07,-3.04955e-05
6.082525e-07,-2.85497e-05
6.083525e-07,-2.59552e-05
6.084525e-07,-2.33607e-05
6.085525e-07,-2.14148e-05
6.086525e-07,-1.9469e-05
6.087525e-07,-1.9469e-05
6.088525e-07,-2.07662e-05
6.089525e-07,-2.40093e-05
6.090525e-07,-3.04955e-05
6.091525e-07,-3.76303e-05
6.092525e-07,-4.60624e-05
6.093525e-07,-5.51431e-05
6.094525e-07,-6.35752e-05
6.095525e-07,-7.071e-05
6.096525e-07,-7.71962e-05
6.097525e-07,-8.23851e-05
6.098525e-07,-8.56282e-05
6.099525e-07,-8.82227e-05
6.100525e-07,-8.952e-05
6.101525e-07,-9.21144e-05
6.102525e-07,-9.47089e-05
6.103525e-07,-9.7952e-05
6.104525e-07,-0.000100547
6.105525e-07,-0.000101844
6.106525e-07,-0.000101195
6.107525e-07,-9.7952e-05
6.108525e-07,-9.21144e-05
6.109525e-07,-8.36824e-05
6.110525e-07,-7.20072e-05
6.111525e-07,-5.77376e-05
6.112525e-07,-4.34679e-05
6.113525e-07,-2.85497e-05
6.114525e-07,-1.49286e-05
6.115525e-07,-3.25348e-06
6.116525e-07,6.47582e-06
6.117525e-07,1.42593e-05
6.118525e-07,1.94482e-05
6.119525e-07,2.46372e-05
6.120525e-07,2.98261e-05
6.121525e-07,3.37179e-05
6.122525e-07,3.89068e-05
6.123525e-07,4.40958e-05
6.124525e-07,4.86361e-05
6.125525e-07,5.18792e-05
6.126525e-07,5.25279e-05
6.127525e-07,5.0582e-05
6.128525e-07,4.66903e-05
6.129525e-07,4.15013e-05
6.130525e-07,3.50151e-05
6.131525e-07,2.78803e-05
6.132525e-07,2.33399e-05
6.133525e-07,2.07455e-05
6.134525e-07,2.20427e-05
6.135525e-07,2.85289e-05
6.136525e-07,3.82582e-05
6.137525e-07,5.0582e-05
6.138525e-07,6.4203e-05
6.139525e-07,7.65268e-05
6.140525e-07,8.75533e-05
6.141525e-07,9.53368e-05
6.142525e-07,9.92285e-05
6.143525e-07,9.98771e-05
6.144525e-07,9.6634e-05
6.145525e-07,9.07964e-05
6.146525e-07,8.36616e-05
6.147525e-07,7.65268e-05
6.148525e-07,7.00406e-05
6.149525e-07,6.4203e-05
6.150525e-07,5.96627e-05
6.151525e-07,5.64196e-05
6.152525e-07,5.44737e-05
6.153525e-07,5.31765e-05
6.154525e-07,5.18792e-05
6.155525e-07,5.0582e-05
6.156525e-07,4.86361e-05
6.157525e-07,4.66903e-05
6.158525e-07,4.5393e-05
6.159525e-07,4.5393e-05
6.160525e-07,4.60417e-05
6.161525e-07,4.73389e-05
6.162525e-07,4.86361e-05
6.163525e-07,4.99334e-05
6.164525e-07,4.99334e-05
6.165525e-07,4.86361e-05
6.166525e-07,4.40958e-05
6.167525e-07,3.6961e-05
6.168525e-07,2.72317e-05
6.169525e-07,1.36106e-05
6.170525e-07,-1.95624e-06
6.171525e-07,-1.75231e-05
6.172525e-07,-3.11441e-05
6.173525e-07,-4.21707e-05
6.174525e-07,-4.86569e-05
6.175525e-07,-5.06027e-05
6.176525e-07,-4.80083e-05
6.177525e-07,-4.21707e-05
6.178525e-07,-3.24414e-05
6.179525e-07,-2.14148e-05
6.180525e-07,-9.73968e-06
6.181525e-07,6.38242e-07
6.182525e-07,9.71892e-06
6.183525e-07,1.75024e-05
6.184525e-07,2.46372e-05
6.185525e-07,3.11234e-05
6.186525e-07,3.82582e-05
6.187525e-07,4.5393e-05
6.188525e-07,5.25279e-05
6.189525e-07,5.90141e-05
6.190525e-07,6.4203e-05
6.191525e-07,6.67975e-05
6.192525e-07,6.55003e-05
6.193525e-07,5.96627e-05
6.194525e-07,4.86361e-05
6.195525e-07,3.1772e-05
6.196525e-07,1.23134e-05
6.197525e-07,-9.09106e-06
6.198525e-07,-2.91983e-05
6.199525e-07,-4.6711e-05
6.200525e-07,-5.83862e-05
6.201525e-07,-6.42238e-05
6.202525e-07,-6.29265e-05
6.203525e-07,-5.51431e-05
6.204525e-07,-4.21707e-05
6.205525e-07,-2.72524e-05
6.206525e-07,-1.29828e-05
6.207525e-07,-1.30762e-06
6.208525e-07,5.8272e-06
6.209525e-07,7.77306e-06
6.210525e-07,4.52996e-06
6.211525e-07,-3.25348e-06
6.212525e-07,-1.36314e-05
6.213525e-07,-2.59552e-05
6.214525e-07,-3.69817e-05
6.215525e-07,-4.60624e-05
6.216525e-07,-5.31972e-05
6.217525e-07,-5.83862e-05
6.218525e-07,-6.16293e-05
6.219525e-07,-6.48724e-05
6.220525e-07,-6.87641e-05
6.221525e-07,-7.52503e-05
6.222525e-07,-8.4331e-05
6.223525e-07,-9.53575e-05
6.224525e-07,-0.000107681
6.225525e-07,-0.000119356
6.226525e-07,-0.000129086
6.227525e-07,-0.000136221
6.228525e-07,-0.000137518
6.229525e-07,-0.000133626
6.230525e-07,-0.000124545
6.231525e-07,-0.000110276
6.232525e-07,-9.34117e-05
6.233525e-07,-7.52503e-05
6.234525e-07,-5.77376e-05
6.235525e-07,-4.28193e-05
6.236525e-07,-3.11441e-05
6.237525e-07,-2.27121e-05
6.238525e-07,-1.68745e-05
6.239525e-07,-1.23342e-05
6.240525e-07,-7.79382e-06
6.241525e-07,-2.60486e-06
6.242525e-07,4.52996e-06
6.243525e-07,1.49079e-05
6.244525e-07,2.85289e-05
6.245525e-07,4.47444e-05
6.246525e-07,6.16085e-05
6.247525e-07,7.84727e-05
6.248525e-07,9.40395e-05
6.249525e-07,0.000105715
6.250525e-07,0.000113498
6.251525e-07,0.000116741
6.252525e-07,0.000116093
6.253525e-07,0.00011285
6.254525e-07,0.000107012
6.255525e-07,0.000101174
6.256525e-07,9.40395e-05
6.257525e-07,8.69047e-05
6.258525e-07,8.04185e-05
6.259525e-07,7.32837e-05
6.260525e-07,6.67975e-05
6.261525e-07,6.03113e-05
6.262525e-07,5.31765e-05
6.263525e-07,4.66903e-05
6.264525e-07,4.02041e-05
6.265525e-07,3.43665e-05
6.266525e-07,2.98261e-05
6.267525e-07,2.72317e-05
6.268525e-07,2.46372e-05
6.269525e-07,2.33399e-05
6.270525e-07,2.07455e-05
6.271525e-07,1.62051e-05
6.272525e-07,6.47582e-06
6.273525e-07,-9.73968e-06
6.274525e-07,-3.309e-05
6.275525e-07,-6.42238e-05
6.276525e-07,-0.000101844
6.277525e-07,-0.000142707
6.278525e-07,-0.000184219
6.279525e-07,-0.000223136
6.280525e-07,-0.000255567
6.281525e-07,-0.000279566
6.282525e-07,-0.000291889
6.283525e-07,-0.000291241
6.284525e-07,-0.000278268
6.285525e-07,-0.000254269
6.286525e-07,-0.000221838
6.287525e-07,-0.000182921
6.288525e-07,-0.00014141
6.289525e-07,-9.92493e-05
6.290525e-07,-5.90348e-05
6.291525e-07,-2.20635e-05
6.292525e-07,1.03675e-05
6.293525e-07,3.63124e-05
6.294525e-07,5.77168e-05
6.295525e-07,7.39323e-05
6.296525e-07,8.43102e-05
6.297525e-07,8.8202e-05
6.298525e-07,8.62561e-05
6.299525e-07,7.7824e-05
6.300525e-07,6.35544e-05
6.301525e-07,4.40958e-05
6.302525e-07,2.00968e-05
6.303525e-07,-5.84796e-06
6.304525e-07,-3.309e-05
6.305525e-07,-5.96834e-05
6.306525e-07,-8.4331e-05
6.307525e-07,-0.000105735
6.308525e-07,-0.0001226
6.309525e-07,-0.000134923
6.310525e-07,-0.000143355
6.311525e-07,-0.000149842
6.312525e-07,-0.000155679
6.313525e-07,-0.000161517
6.314525e-07,-0.000168652
6.315525e-07,-0.000177084
6.316525e-07,-0.000187462
6.317525e-07,-0.000197191
6.318525e-07,-0.000205623
6.319525e-07,-0.000210163
6.320525e-07,-0.000208866
6.321525e-07,-0.000200434
6.322525e-07,-0.000184867
6.323525e-07,-0.000162165
6.324525e-07,-0.000134923
6.325525e-07,-0.000104438
6.326525e-07,-7.46017e-05
6.327525e-07,-4.60624e-05
6.328525e-07,-2.20635e-05
6.329525e-07,-4.55072e-06
6.330525e-07,7.12444e-06
6.331525e-07,1.23134e-05
6.332525e-07,1.36106e-05
6.333525e-07,1.16648e-05
6.334525e-07,9.71892e-06
6.335525e-07,8.42168e-06
6.336525e-07,9.0703e-06
6.337525e-07,1.23134e-05
6.338525e-07,1.55565e-05
6.339525e-07,1.8151e-05
6.340525e-07,1.87996e-05
6.341525e-07,1.55565e-05
6.342525e-07,7.77306e-06
6.343525e-07,-3.25348e-06
6.344525e-07,-1.68745e-05
6.345525e-07,-3.04955e-05
6.346525e-07,-4.08734e-05
6.347525e-07,-4.60624e-05
6.348525e-07,-4.34679e-05
6.349525e-07,-3.309e-05
6.350525e-07,-1.36314e-05
6.351525e-07,1.2962e-05
6.352525e-07,4.27986e-05
6.353525e-07,7.32837e-05
6.354525e-07,0.000100526
6.355525e-07,0.000121282
6.356525e-07,0.000132957
6.357525e-07,0.000135551
6.358525e-07,0.000128416
6.359525e-07,0.000114795
6.360525e-07,9.72826e-05
6.361525e-07,7.71754e-05
6.362525e-07,5.90141e-05
6.363525e-07,4.34472e-05
6.364525e-07,3.1772e-05
6.365525e-07,2.39886e-05
6.366525e-07,1.94482e-05
6.367525e-07,1.62051e-05
6.368525e-07,1.23134e-05
6.369525e-07,5.8272e-06
6.370525e-07,-3.25348e-06
6.371525e-07,-1.55773e-05
6.372525e-07,-3.04955e-05
6.373525e-07,-4.6711e-05
6.374525e-07,-6.16293e-05
6.375525e-07,-7.33045e-05
6.376525e-07,-8.10879e-05
6.377525e-07,-8.49796e-05
6.378525e-07,-8.49796e-05
6.379525e-07,-8.23851e-05
6.380525e-07,-7.78448e-05
6.381525e-07,-7.26558e-05
6.382525e-07,-6.94127e-05
6.383525e-07,-6.68183e-05
6.384525e-07,-6.48724e-05
6.385525e-07,-6.22779e-05
6.386525e-07,-5.77376e-05
6.387525e-07,-5.12514e-05
6.388525e-07,-4.15221e-05
6.389525e-07,-2.91983e-05
6.390525e-07,-1.428e-05
6.391525e-07,1.93548e-06
6.392525e-07,1.68537e-05
6.393525e-07,2.85289e-05
6.394525e-07,3.50151e-05
6.395525e-07,3.63124e-05
6.396525e-07,3.24206e-05
6.397525e-07,2.52858e-05
6.398525e-07,1.62051e-05
6.399525e-07,9.0703e-06
6.400525e-07,5.8272e-06
6.401525e-07,9.0703e-06
6.402525e-07,2.00968e-05
6.403525e-07,3.89068e-05
6.404525e-07,6.35544e-05
6.405525e-07,9.14451e-05
6.406525e-07,0.000118687
6.407525e-07,0.000142037
6.408525e-07,0.000158253
6.409525e-07,0.000165388
6.410525e-07,0.000161496
6.411525e-07,0.000148524
6.412525e-07,0.000127119
6.413525e-07,0.000101823
6.414525e-07,7.58782e-05
6.415525e-07,5.38251e-05
6.416525e-07,3.89068e-05
6.417525e-07,3.1772e-05
6.418525e-07,3.30692e-05
6.419525e-07,4.15013e-05
6.420525e-07,5.64196e-05
6.421525e-07,7.32837e-05
6.422525e-07,9.07964e-05
6.423525e-07,0.000106363
6.424525e-07,0.000119336
6.425525e-07,0.000127768
6.426525e-07,0.000132308
6.427525e-07,0.000133605
6.428525e-07,0.000132308
6.429525e-07,0.000127768
6.430525e-07,0.000120633
6.431525e-07,0.000110904
6.432525e-07,9.6634e-05
6.433525e-07,7.71754e-05
6.434525e-07,5.31765e-05
6.435525e-07,2.39886e-05
6.436525e-07,-9.09106e-06
6.437525e-07,-4.54138e-05
6.438525e-07,-8.10879e-05
6.439525e-07,-0.000114816
6.440525e-07,-0.000143355
6.441525e-07,-0.00016476
6.442525e-07,-0.000177732
6.443525e-07,-0.000181624
6.444525e-07,-0.000177084
6.445525e-07,-0.000166706
6.446525e-07,-0.000152436
6.447525e-07,-0.000135572
6.448525e-07,-0.000120654
6.449525e-07,-0.00010833
6.450525e-07,-9.98979e-05
6.451525e-07,-9.60062e-05
6.452525e-07,-9.40603e-05
6.453525e-07,-9.47089e-05
6.454525e-07,-9.53575e-05
6.455525e-07,-9.40603e-05
6.456525e-07,-9.08172e-05
6.457525e-07,-8.56282e-05
6.458525e-07,-7.71962e-05
6.459525e-07,-6.68183e-05
6.460525e-07,-5.51431e-05
6.461525e-07,-4.34679e-05
6.462525e-07,-3.309e-05
6.463525e-07,-2.33607e-05
6.464525e-07,-1.36314e-05
6.465525e-07,-3.25348e-06
6.466525e-07,7.77306e-06
6.467525e-07,2.07455e-05
6.468525e-07,3.63124e-05
6.469525e-07,5.38251e-05
6.470525e-07,7.19865e-05
6.471525e-07,9.07964e-05
6.472525e-07,0.000109606
6.473525e-07,0.000125822
6.474525e-07,0.000138146
6.475525e-07,0.000147226
6.476525e-07,0.000152415
6.477525e-07,0.000154361
6.478525e-07,0.000153713
6.479525e-07,0.000152415
6.480525e-07,0.000151118
6.481525e-07,0.000149821
6.482525e-07,0.000148524
6.483525e-07,0.000147226
6.484525e-07,0.000145281
6.485525e-07,0.00014074
6.486525e-07,0.000132957
6.487525e-07,0.000119984
6.488525e-07,0.00010312
6.489525e-07,8.23644e-05
6.490525e-07,5.96627e-05
6.491525e-07,3.63124e-05
6.492525e-07,1.49079e-05
6.493525e-07,-2.60486e-06
6.494525e-07,-1.49286e-05
6.495525e-07,-2.14148e-05
6.496525e-07,-2.20635e-05
6.497525e-07,-1.9469e-05
6.498525e-07,-1.55773e-05
6.499525e-07,-1.23342e-05
6.500525e-07,-1.23342e-05
6.501525e-07,-1.9469e-05
6.502525e-07,-3.37386e-05
6.503525e-07,-5.44945e-05
6.504525e-07,-8.10879e-05
6.505525e-07,-0.000111573
6.506525e-07,-0.000142707
6.507525e-07,-0.000171895
6.508525e-07,-0.000195245
6.509525e-07,-0.000210812
6.510525e-07,-0.000217947
6.511525e-07,-0.00021665
6.512525e-07,-0.00020692
6.513525e-07,-0.000190705
6.514525e-07,-0.0001693
6.515525e-07,-0.000144004
6.516525e-07,-0.000116113
6.517525e-07,-8.56282e-05
6.518525e-07,-5.38459e-05
6.519525e-07,-2.01176e-05
6.520525e-07,1.42593e-05
6.521525e-07,4.92848e-05
6.522525e-07,8.36616e-05
6.523525e-07,0.00011739
6.524525e-07,0.000147226
6.525525e-07,0.000171225
6.526525e-07,0.000187441
6.527525e-07,0.000194576
6.528525e-07,0.000191981
6.529525e-07,0.000180306
6.530525e-07,0.000161496
6.531525e-07,0.000138794
6.532525e-07,0.000116093
6.533525e-07,9.59854e-05
6.534525e-07,8.17158e-05
6.535525e-07,7.45809e-05
6.536525e-07,7.39323e-05
6.537525e-07,8.10671e-05
6.538525e-07,9.27423e-05
6.539525e-07,0.000106363
6.540525e-07,0.000119984
6.541525e-07,0.000130362
6.542525e-07,0.000135551
6.543525e-07,0.000135551
6.544525e-07,0.000129714
6.545525e-07,0.000118687
6.546525e-07,0.000105066
6.547525e-07,9.07964e-05
6.548525e-07,7.71754e-05
6.549525e-07,6.55003e-05
6.550525e-07,5.70682e-05
6.551525e-07,5.0582e-05
6.552525e-07,4.5393e-05
6.553525e-07,3.89068e-05
6.554525e-07,3.04748e-05
6.555525e-07,1.87996e-05
6.556525e-07,3.88134e-06
6.557525e-07,-1.36314e-05
6.558525e-07,-3.17928e-05
6.559525e-07,-4.86569e-05
6.560525e-07,-6.09807e-05
6.561525e-07,-6.81155e-05
6.562525e-07,-6.81155e-05
6.563525e-07,-6.03321e-05
6.564525e-07,-4.54138e-05
6.565525e-07,-2.66038e-05
6.566525e-07,-5.19934e-06
6.567525e-07,1.49079e-05
6.568525e-07,3.1772e-05
6.569525e-07,4.27986e-05
6.570525e-07,4.66903e-05
6.571525e-07,4.40958e-05
6.572525e-07,3.56637e-05
6.573525e-07,2.33399e-05
6.574525e-07,9.71892e-06
6.575525e-07,-3.25348e-06
6.576525e-07,-1.29828e-05
6.577525e-07,-2.01176e-05
6.578525e-07,-2.40093e-05
6.579525e-07,-2.46579e-05
6.580525e-07,-2.27121e-05
6.581525e-07,-2.01176e-05
6.582525e-07,-1.75231e-05
6.583525e-07,-1.49286e-05
6.584525e-07,-1.29828e-05
6.585525e-07,-1.23342e-05
6.586525e-07,-1.23342e-05
6.587525e-07,-1.16855e-05
6.588525e-07,-9.73968e-06
6.589525e-07,-6.49658e-06
6.590525e-07,-6.58998e-07
6.591525e-07,6.47582e-06
6.592525e-07,1.42593e-05
6.593525e-07,2.00968e-05
6.594525e-07,2.20427e-05
6.595525e-07,2.07455e-05
6.596525e-07,1.55565e-05
6.597525e-07,5.8272e-06
6.598525e-07,-5.19934e-06
6.599525e-07,-1.68745e-05
6.600525e-07,-2.59552e-05
6.601525e-07,-3.04955e-05
6.602525e-07,-2.91983e-05
6.603525e-07,-2.20635e-05
6.604525e-07,-8.44244e-06
6.605525e-07,8.42168e-06
6.606525e-07,2.72317e-05
6.607525e-07,4.5393e-05
6.608525e-07,6.03113e-05
6.609525e-07,6.9392e-05
6.610525e-07,7.26351e-05
6.611525e-07,6.9392e-05
6.612525e-07,6.16085e-05
6.613525e-07,5.0582e-05
6.614525e-07,3.89068e-05
6.615525e-07,3.04748e-05
6.616525e-07,2.72317e-05
6.617525e-07,2.91775e-05
6.618525e-07,3.6961e-05
6.619525e-07,4.99334e-05
6.620525e-07,6.55003e-05
6.621525e-07,8.23644e-05
6.622525e-07,9.59854e-05
6.623525e-07,0.000104417
6.624525e-07,0.000107012
6.625525e-07,0.000101174
6.626525e-07,8.88506e-05
6.627525e-07,7.13378e-05
6.628525e-07,4.92848e-05
6.629525e-07,2.59344e-05
6.630525e-07,1.93548e-06
6.631525e-07,-1.9469e-05
6.632525e-07,-3.8279e-05
6.633525e-07,-5.38459e-05
6.634525e-07,-6.61696e-05
6.635525e-07,-7.65476e-05
6.636525e-07,-8.49796e-05
6.637525e-07,-9.14658e-05
6.638525e-07,-9.73034e-05
6.639525e-07,-0.000101844
6.640525e-07,-0.000102492
6.641525e-07,-9.98979e-05
6.642525e-07,-9.34117e-05
6.643525e-07,-8.17365e-05
6.644525e-07,-6.5521e-05
6.645525e-07,-4.6711e-05
6.646525e-07,-2.66038e-05
6.647525e-07,-7.79382e-06
6.648525e-07,6.47582e-06
6.649525e-07,1.49079e-05
6.650525e-07,1.62051e-05
6.651525e-07,1.03675e-05
6.652525e-07,-2.60486e-06
6.653525e-07,-2.20635e-05
6.654525e-07,-4.54138e-05
6.655525e-07,-7.00614e-05
6.656525e-07,-9.34117e-05
6.657525e-07,-0.000114168
6.658525e-07,-0.000131032
6.659525e-07,-0.000144004
6.660525e-07,-0.000153085
6.661525e-07,-0.000159571
6.662525e-07,-0.00016476
6.663525e-07,-0.000168652
6.664525e-07,-0.000172543
6.665525e-07,-0.000175786
6.666525e-07,-0.000178381
6.667525e-07,-0.00017903
6.668525e-07,-0.000177084
6.669525e-07,-0.000173192
6.670525e-07,-0.000166706
6.671525e-07,-0.000158274
6.672525e-07,-0.000149842
6.673525e-07,-0.000143355
6.674525e-07,-0.000140112
6.675525e-07,-0.000142707
6.676525e-07,-0.000151139
6.677525e-07,-0.000166706
6.678525e-07,-0.000187462
6.679525e-07,-0.000210812
6.680525e-07,-0.000235459
6.681525e-07,-0.000256215
6.682525e-07,-0.000271782
6.683525e-07,-0.00027762
6.684525e-07,-0.000273079
6.685525e-07,-0.00025881
6.686525e-07,-0.000236108
6.687525e-07,-0.00020692
6.688525e-07,-0.000174489
6.689525e-07,-0.000140761
6.690525e-07,-0.000108979
6.691525e-07,-8.17365e-05
6.692525e-07,-6.03321e-05
6.693525e-07,-4.41165e-05
6.694525e-07,-3.37386e-05
6.695525e-07,-2.72524e-05
6.696525e-07,-2.40093e-05
6.697525e-07,-2.33607e-05
6.698525e-07,-2.33607e-05
6.699525e-07,-2.53066e-05
6.700525e-07,-2.7901e-05
6.701525e-07,-3.309e-05
6.702525e-07,-4.02248e-05
6.703525e-07,-4.93055e-05
6.704525e-07,-6.03321e-05
6.705525e-07,-7.33045e-05
6.706525e-07,-8.62769e-05
6.707525e-07,-9.7952e-05
6.708525e-07,-0.00010833
6.709525e-07,-0.000114816
6.710525e-07,-0.000117411
6.711525e-07,-0.000116762
6.712525e-07,-0.00011287
6.713525e-07,-0.000106384
6.714525e-07,-9.7952e-05
6.715525e-07,-8.952e-05
6.716525e-07,-8.23851e-05
6.717525e-07,-7.71962e-05
6.718525e-07,-7.39531e-05
6.719525e-07,-7.20072e-05
6.720525e-07,-7.00614e-05
6.721525e-07,-6.81155e-05
6.722525e-07,-6.48724e-05
6.723525e-07,-5.96834e-05
6.724525e-07,-5.31972e-05
6.725525e-07,-4.6711e-05
6.726525e-07,-4.02248e-05
6.727525e-07,-3.56845e-05
6.728525e-07,-3.43872e-05
6.729525e-07,-3.69817e-05
6.730525e-07,-4.41165e-05
6.731525e-07,-5.31972e-05
6.732525e-07,-6.35752e-05
6.733525e-07,-7.33045e-05
6.734525e-07,-8.10879e-05
6.735525e-07,-8.36824e-05
6.736525e-07,-8.17365e-05
6.737525e-07,-7.46017e-05
6.738525e-07,-6.22779e-05
6.739525e-07,-4.80083e-05
6.740525e-07,-3.37386e-05
6.741525e-07,-2.27121e-05
6.742525e-07,-1.68745e-05
6.743525e-07,-1.68745e-05
6.744525e-07,-2.46579e-05
6.745525e-07,-3.95762e-05
6.746525e-07,-6.09807e-05
6.747525e-07,-8.62769e-05
6.748525e-07,-0.000113519
6.749525e-07,-0.00014141
6.750525e-07,-0.000166706
6.751525e-07,-0.000189407
6.752525e-07,-0.000208866
6.753525e-07,-0.000224433
6.754525e-07,-0.000236757
6.755525e-07,-0.000245189
6.756525e-07,-0.000252324
6.757525e-07,-0.000256215
6.758525e-07,-0.000257513
6.759525e-07,-0.000254918
6.760525e-07,-0.000248432
6.761525e-07,-0.000238054
6.762525e-07,-0.000222487
6.763525e-07,-0.000203677
6.764525e-07,-0.000182921
6.765525e-07,-0.000161517
6.766525e-07,-0.000142058
6.767525e-07,-0.000126491
6.768525e-07,-0.000116762
6.769525e-07,-0.000115465
6.770525e-07,-0.000121951
6.771525e-07,-0.000136221
6.772525e-07,-0.000156328
6.773525e-07,-0.000179678
6.774525e-07,-0.000203028
6.775525e-07,-0.000223784
6.776525e-07,-0.000239351
6.777525e-07,-0.000247783
6.778525e-07,-0.000247783
6.779525e-07,-0.000239351
6.780525e-07,-0.000223784
6.781525e-07,-0.000203677
6.782525e-07,-0.000180975
6.783525e-07,-0.000157625
6.784525e-07,-0.000135572
6.785525e-07,-0.000116762
6.786525e-07,-0.000102492
6.787525e-07,-9.14658e-05
6.788525e-07,-8.4331e-05
6.789525e-07,-7.97907e-05
6.790525e-07,-7.58989e-05
6.791525e-07,-7.26558e-05
6.792525e-07,-6.94127e-05
6.793525e-07,-6.5521e-05
6.794525e-07,-6.09807e-05
6.795525e-07,-5.57917e-05
6.796525e-07,-5.06027e-05
6.797525e-07,-4.54138e-05
6.798525e-07,-4.08734e-05
6.799525e-07,-3.63331e-05
6.800525e-07,-3.17928e-05
6.801525e-07,-2.66038e-05
6.802525e-07,-2.20635e-05
6.803525e-07,-1.75231e-05
6.804525e-07,-1.428e-05
6.805525e-07,-1.29828e-05
6.806525e-07,-1.428e-05
6.807525e-07,-1.9469e-05
6.808525e-07,-2.7901e-05
6.809525e-07,-4.08734e-05
6.810525e-07,-5.7089e-05
6.811525e-07,-7.58989e-05
6.812525e-07,-9.53575e-05
6.813525e-07,-0.000112222
6.814525e-07,-0.000125843
6.815525e-07,-0.000133626
6.816525e-07,-0.000135572
6.817525e-07,-0.000130383
6.818525e-07,-0.000118708
6.819525e-07,-0.000101844
6.820525e-07,-8.17365e-05
6.821525e-07,-5.96834e-05
6.822525e-07,-3.8279e-05
6.823525e-07,-1.9469e-05
6.824525e-07,-3.9021e-06
6.825525e-07,7.77306e-06
6.826525e-07,1.49079e-05
6.827525e-07,1.94482e-05
6.828525e-07,2.00968e-05
