LECROYWaveRunner‘N,20113,Waveform
Segments,1,SegmentSize,2002
Segment,TrigTime,TimeSinceSegment1
#1,01-Oct-2018 13:40:56,0                 
Time,Ampl
4.82763e-07,9.71892e-06
4.82863e-07,9.0703e-06
4.82963e-07,9.71892e-06
4.83063e-07,1.03675e-05
4.83163e-07,1.03675e-05
4.83263e-07,8.42168e-06
4.83363e-07,5.17858e-06
4.83463e-07,6.38242e-07
4.83563e-07,-3.25348e-06
4.83663e-07,-5.19934e-06
4.83763e-07,-1.95624e-06
4.83863e-07,6.47582e-06
4.83963e-07,2.20427e-05
4.84063e-07,4.40958e-05
4.84163e-07,7.19865e-05
4.84263e-07,0.00010312
4.84363e-07,0.000134254
4.84463e-07,0.000164091
4.84563e-07,0.000189387
4.84663e-07,0.000207548
4.84763e-07,0.000217926
4.84863e-07,0.00022052
4.84963e-07,0.000216629
4.85063e-07,0.000207548
4.85163e-07,0.000195224
4.85263e-07,0.000180306
4.85363e-07,0.000164739
4.85463e-07,0.000147875
4.85563e-07,0.000131011
4.85663e-07,0.000113498
4.85763e-07,9.40395e-05
4.85863e-07,7.19865e-05
4.85963e-07,4.60417e-05
4.86063e-07,1.87996e-05
4.86163e-07,-8.44244e-06
4.86263e-07,-3.50359e-05
4.86363e-07,-5.83862e-05
4.86463e-07,-7.58989e-05
4.86563e-07,-8.49796e-05
4.86663e-07,-8.56282e-05
4.86763e-07,-7.78448e-05
4.86863e-07,-6.22779e-05
4.86963e-07,-4.28193e-05
4.87063e-07,-2.20635e-05
4.87163e-07,-3.9021e-06
4.87263e-07,7.77306e-06
4.87363e-07,1.23134e-05
4.87463e-07,8.42168e-06
4.87563e-07,-3.9021e-06
4.87663e-07,-2.20635e-05
4.87763e-07,-4.47652e-05
4.87863e-07,-6.74669e-05
4.87963e-07,-8.62769e-05
4.88063e-07,-9.86006e-05
4.88163e-07,-0.000103141
4.88263e-07,-9.98979e-05
4.88363e-07,-8.82227e-05
4.88463e-07,-6.94127e-05
4.88563e-07,-4.6711e-05
4.88663e-07,-2.20635e-05
4.88763e-07,1.93548e-06
4.88863e-07,2.39886e-05
4.88963e-07,4.34472e-05
4.89063e-07,6.16085e-05
4.89163e-07,7.91213e-05
4.89263e-07,9.46882e-05
4.89363e-07,0.000110904
4.89463e-07,0.000127119
4.89563e-07,0.000143983
4.89663e-07,0.000160847
4.89763e-07,0.000175117
4.89863e-07,0.000186144
4.89963e-07,0.000191981
4.90063e-07,0.000191333
4.90163e-07,0.000182252
4.90263e-07,0.000166685
4.90363e-07,0.000143983
4.90463e-07,0.000118687
4.90563e-07,9.20937e-05
4.90663e-07,6.74461e-05
4.90763e-07,4.73389e-05
4.90863e-07,3.24206e-05
4.90963e-07,2.46372e-05
4.91063e-07,2.33399e-05
4.91163e-07,2.72317e-05
4.91263e-07,3.50151e-05
4.91363e-07,4.40958e-05
4.91463e-07,5.31765e-05
4.91563e-07,6.22572e-05
4.91663e-07,6.9392e-05
4.91763e-07,7.45809e-05
4.91863e-07,7.91213e-05
4.91963e-07,8.36616e-05
4.92063e-07,8.88506e-05
4.92163e-07,9.59854e-05
4.92263e-07,0.000103769
4.92363e-07,0.000112201
4.92463e-07,0.000119984
4.92563e-07,0.000125822
4.92663e-07,0.000127119
4.92763e-07,0.000123876
4.92863e-07,0.000114147
4.92963e-07,9.98771e-05
4.93063e-07,8.04185e-05
4.93163e-07,5.90141e-05
4.93263e-07,3.89068e-05
4.93363e-07,2.07455e-05
4.93463e-07,7.77306e-06
4.93563e-07,1.93548e-06
4.93663e-07,3.88134e-06
4.93763e-07,1.23134e-05
4.93863e-07,2.72317e-05
4.93963e-07,4.60417e-05
4.94063e-07,6.61489e-05
4.94163e-07,8.49589e-05
4.94263e-07,9.98771e-05
4.94363e-07,0.000111552
4.94463e-07,0.000118687
4.94563e-07,0.00012193
4.94663e-07,0.000122579
4.94763e-07,0.000121282
4.94863e-07,0.000120633
4.94963e-07,0.000119984
4.95063e-07,0.000119984
4.95163e-07,0.000121282
4.95263e-07,0.000122579
4.95363e-07,0.000123876
4.95463e-07,0.000123227
4.95563e-07,0.000120633
4.95663e-07,0.00011739
4.95763e-07,0.000112201
4.95863e-07,0.000107012
4.95963e-07,0.000102472
4.96063e-07,9.79313e-05
4.96163e-07,9.46882e-05
4.96263e-07,9.20937e-05
4.96363e-07,8.94992e-05
4.96463e-07,8.56075e-05
4.96563e-07,7.7824e-05
4.96663e-07,6.61489e-05
4.96763e-07,4.92848e-05
4.96863e-07,2.72317e-05
4.96963e-07,1.28686e-06
4.97063e-07,-2.66038e-05
4.97163e-07,-5.25486e-05
4.97263e-07,-7.33045e-05
4.97363e-07,-8.62769e-05
4.97463e-07,-8.952e-05
4.97563e-07,-8.17365e-05
4.97663e-07,-6.35752e-05
4.97763e-07,-3.69817e-05
4.97863e-07,-5.19934e-06
4.97963e-07,2.78803e-05
4.98063e-07,5.83654e-05
4.98163e-07,8.3013e-05
4.98263e-07,9.92285e-05
4.98363e-07,0.000107012
4.98463e-07,0.000105715
4.98563e-07,9.72826e-05
4.98663e-07,8.43102e-05
4.98763e-07,7.19865e-05
4.98863e-07,6.29058e-05
4.98963e-07,5.90141e-05
4.99063e-07,6.22572e-05
4.99163e-07,7.26351e-05
4.99263e-07,8.94992e-05
4.99363e-07,0.000110255
4.99463e-07,0.000132308
4.99563e-07,0.000153064
4.99663e-07,0.000171874
4.99763e-07,0.000186144
4.99863e-07,0.000195224
4.99963e-07,0.000200413
5.00063e-07,0.000203008
5.00163e-07,0.000203656
5.00263e-07,0.000203008
5.00363e-07,0.000203008
5.00463e-07,0.000202359
5.00563e-07,0.000200413
5.00663e-07,0.000195224
5.00763e-07,0.000185495
5.00863e-07,0.000170577
5.00963e-07,0.000149172
5.01063e-07,0.00012193
5.01163e-07,9.07964e-05
5.01263e-07,5.77168e-05
5.01363e-07,2.52858e-05
5.01463e-07,-2.60486e-06
5.01563e-07,-2.46579e-05
5.01663e-07,-3.8279e-05
5.01763e-07,-4.15221e-05
5.01863e-07,-3.63331e-05
5.01963e-07,-2.40093e-05
5.02063e-07,-5.84796e-06
5.02163e-07,1.49079e-05
5.02263e-07,3.56637e-05
5.02363e-07,5.38251e-05
5.02463e-07,6.80947e-05
5.02563e-07,7.84727e-05
5.02663e-07,8.36616e-05
5.02763e-07,8.56075e-05
5.02863e-07,8.49589e-05
5.02963e-07,8.23644e-05
5.03063e-07,7.91213e-05
5.03163e-07,7.45809e-05
5.03263e-07,7.00406e-05
5.03363e-07,6.4203e-05
5.03463e-07,5.64196e-05
5.03563e-07,4.66903e-05
5.03663e-07,3.37179e-05
5.03763e-07,1.94482e-05
5.03863e-07,3.88134e-06
5.03963e-07,-1.16855e-05
5.04063e-07,-2.66038e-05
5.04163e-07,-3.8279e-05
5.04263e-07,-4.54138e-05
5.04363e-07,-4.73596e-05
5.04463e-07,-4.47652e-05
5.04563e-07,-3.8279e-05
5.04663e-07,-2.85497e-05
5.04763e-07,-1.68745e-05
5.04863e-07,-6.49658e-06
5.04963e-07,1.93548e-06
5.05063e-07,7.77306e-06
5.05163e-07,1.03675e-05
5.05263e-07,1.23134e-05
5.05363e-07,1.2962e-05
5.05463e-07,1.49079e-05
5.05563e-07,1.8151e-05
5.05663e-07,2.52858e-05
5.05763e-07,3.50151e-05
5.05863e-07,4.86361e-05
5.05963e-07,6.48516e-05
5.06063e-07,8.17158e-05
5.06163e-07,9.79313e-05
5.06263e-07,0.000112201
5.06363e-07,0.00012193
5.06463e-07,0.000127119
5.06563e-07,0.000127768
5.06663e-07,0.000123227
5.06763e-07,0.000114795
5.06863e-07,0.000103769
5.06963e-07,8.94992e-05
5.07063e-07,7.45809e-05
5.07163e-07,5.90141e-05
5.07263e-07,4.21499e-05
5.07363e-07,2.52858e-05
5.07463e-07,6.47582e-06
5.07563e-07,-1.23342e-05
5.07663e-07,-3.24414e-05
5.07763e-07,-5.19e-05
5.07863e-07,-7.00614e-05
5.07963e-07,-8.56282e-05
5.08063e-07,-9.73034e-05
5.08163e-07,-0.000104438
5.08263e-07,-0.000105087
5.08363e-07,-9.86006e-05
5.08463e-07,-8.49796e-05
5.08563e-07,-6.5521e-05
5.08663e-07,-4.28193e-05
5.08763e-07,-1.9469e-05
5.08863e-07,3.23272e-06
5.08963e-07,2.13941e-05
5.09063e-07,3.43665e-05
5.09163e-07,4.15013e-05
5.09263e-07,4.21499e-05
5.09363e-07,3.82582e-05
5.09463e-07,3.04748e-05
5.09563e-07,2.07455e-05
5.09663e-07,1.10162e-05
5.09763e-07,6.38242e-07
5.09863e-07,-8.44244e-06
5.09963e-07,-1.62259e-05
5.10063e-07,-2.40093e-05
5.10163e-07,-3.24414e-05
5.10263e-07,-4.15221e-05
5.10363e-07,-5.06027e-05
5.10463e-07,-5.96834e-05
5.10563e-07,-6.87641e-05
5.10663e-07,-7.65476e-05
5.10763e-07,-8.10879e-05
5.10863e-07,-8.10879e-05
5.10963e-07,-7.52503e-05
5.11063e-07,-6.29265e-05
5.11163e-07,-4.41165e-05
5.11263e-07,-2.07662e-05
5.11363e-07,5.17858e-06
5.11463e-07,3.24206e-05
5.11563e-07,5.83654e-05
5.11663e-07,8.04185e-05
5.11763e-07,9.79313e-05
5.11863e-07,0.000108958
5.11963e-07,0.000114147
5.12063e-07,0.000114795
5.12163e-07,0.000111552
5.12263e-07,0.000105715
5.12363e-07,9.98771e-05
5.12463e-07,9.40395e-05
5.12563e-07,8.88506e-05
5.12663e-07,8.43102e-05
5.12763e-07,8.10671e-05
5.12863e-07,7.65268e-05
5.12963e-07,7.06892e-05
5.13063e-07,6.22572e-05
5.13163e-07,5.12306e-05
5.13263e-07,3.82582e-05
5.13363e-07,2.33399e-05
5.13463e-07,8.42168e-06
5.13563e-07,-3.9021e-06
5.13663e-07,-1.29828e-05
5.13763e-07,-1.75231e-05
5.13863e-07,-1.81717e-05
5.13963e-07,-1.428e-05
5.14063e-07,-7.1452e-06
5.14163e-07,1.93548e-06
5.14263e-07,1.10162e-05
5.14363e-07,1.87996e-05
5.14463e-07,2.59344e-05
5.14563e-07,2.98261e-05
5.14663e-07,3.1772e-05
5.14763e-07,3.04748e-05
5.14863e-07,2.85289e-05
5.14963e-07,2.6583e-05
5.15063e-07,2.59344e-05
5.15163e-07,2.78803e-05
5.15263e-07,3.24206e-05
5.15363e-07,4.08527e-05
5.15463e-07,5.18792e-05
5.15563e-07,6.48516e-05
5.15663e-07,7.97699e-05
5.15763e-07,9.46882e-05
5.15863e-07,0.000108309
5.15963e-07,0.00012193
5.16063e-07,0.0001362
5.16163e-07,0.000149821
5.16263e-07,0.000163442
5.16363e-07,0.000177063
5.16463e-07,0.000191333
5.16563e-07,0.000204305
5.16663e-07,0.000215332
5.16763e-07,0.000222466
5.16863e-07,0.000225061
5.16963e-07,0.000221818
5.17063e-07,0.000210791
5.17163e-07,0.00019263
5.17263e-07,0.000168631
5.17363e-07,0.000138794
5.17463e-07,0.000107661
5.17563e-07,7.65268e-05
5.17663e-07,4.86361e-05
5.17763e-07,2.6583e-05
5.17863e-07,1.10162e-05
5.17963e-07,3.23272e-06
5.18063e-07,3.23272e-06
5.18163e-07,9.0703e-06
5.18263e-07,1.87996e-05
5.18363e-07,3.1772e-05
5.18463e-07,4.5393e-05
5.18563e-07,5.90141e-05
5.18663e-07,7.13378e-05
5.18763e-07,8.23644e-05
5.18863e-07,9.27423e-05
5.18963e-07,0.00010312
5.19063e-07,0.000114147
5.19163e-07,0.000126471
5.19263e-07,0.00014074
5.19363e-07,0.00015501
5.19463e-07,0.000170577
5.19563e-07,0.000184198
5.19663e-07,0.000195224
5.19763e-07,0.000203008
5.19863e-07,0.000204954
5.19963e-07,0.000203008
5.20063e-07,0.00019717
5.20163e-07,0.000189387
5.20263e-07,0.000180955
5.20363e-07,0.000174468
5.20463e-07,0.000171225
5.20563e-07,0.000172523
5.20663e-07,0.00017836
5.20763e-07,0.000188738
5.20863e-07,0.000201062
5.20963e-07,0.000214034
5.21063e-07,0.000224412
5.21163e-07,0.000231547
5.21263e-07,0.000233493
5.21363e-07,0.000228953
5.21463e-07,0.000217926
5.21563e-07,0.00020171
5.21663e-07,0.000181603
5.21763e-07,0.000158902
5.21863e-07,0.0001362
5.21963e-07,0.000114147
5.22063e-07,9.46882e-05
5.22163e-07,7.65268e-05
5.22263e-07,5.96627e-05
5.22363e-07,4.34472e-05
5.22463e-07,2.78803e-05
5.22563e-07,1.16648e-05
5.22663e-07,-4.55072e-06
5.22763e-07,-2.20635e-05
5.22863e-07,-3.8279e-05
5.22963e-07,-5.25486e-05
5.23063e-07,-6.48724e-05
5.23163e-07,-7.33045e-05
5.23263e-07,-7.71962e-05
5.23363e-07,-7.65476e-05
5.23463e-07,-7.20072e-05
5.23563e-07,-6.48724e-05
5.23663e-07,-5.64403e-05
5.23763e-07,-4.73596e-05
5.23863e-07,-3.95762e-05
5.23963e-07,-3.309e-05
5.24063e-07,-2.98469e-05
5.24163e-07,-2.91983e-05
5.24263e-07,-3.11441e-05
5.24363e-07,-3.37386e-05
5.24463e-07,-3.63331e-05
5.24563e-07,-3.8279e-05
5.24663e-07,-3.89276e-05
5.24763e-07,-3.8279e-05
5.24863e-07,-3.56845e-05
5.24963e-07,-3.37386e-05
5.25063e-07,-3.24414e-05
5.25163e-07,-3.17928e-05
5.25263e-07,-3.17928e-05
5.25363e-07,-3.43872e-05
5.25463e-07,-3.69817e-05
5.25563e-07,-3.95762e-05
5.25663e-07,-4.15221e-05
5.25763e-07,-4.15221e-05
5.25863e-07,-3.95762e-05
5.25963e-07,-3.43872e-05
5.26063e-07,-2.72524e-05
5.26163e-07,-1.9469e-05
5.26263e-07,-1.10369e-05
5.26363e-07,-2.60486e-06
5.26463e-07,3.88134e-06
5.26563e-07,7.77306e-06
5.26663e-07,9.71892e-06
5.26763e-07,1.03675e-05
5.26863e-07,1.03675e-05
5.26963e-07,1.10162e-05
5.27063e-07,1.42593e-05
5.27163e-07,2.00968e-05
5.27263e-07,2.85289e-05
5.27363e-07,3.89068e-05
5.27463e-07,4.99334e-05
5.27563e-07,6.03113e-05
5.27663e-07,6.74461e-05
5.27763e-07,7.00406e-05
5.27863e-07,6.61489e-05
5.27963e-07,5.51223e-05
5.28063e-07,3.82582e-05
5.28163e-07,1.68537e-05
5.28263e-07,-7.1452e-06
5.28363e-07,-2.98469e-05
5.28463e-07,-4.99541e-05
5.28563e-07,-6.5521e-05
5.28663e-07,-7.39531e-05
5.28763e-07,-7.65476e-05
5.28863e-07,-7.33045e-05
5.28963e-07,-6.68183e-05
5.29063e-07,-5.96834e-05
5.29163e-07,-5.38459e-05
5.29263e-07,-5.31972e-05
5.29363e-07,-5.77376e-05
5.29463e-07,-6.68183e-05
5.29563e-07,-8.04393e-05
5.29663e-07,-9.60062e-05
5.29763e-07,-0.000111573
5.29863e-07,-0.000125194
5.29963e-07,-0.000133626
5.30063e-07,-0.000137518
5.30163e-07,-0.000135572
5.30263e-07,-0.000129734
5.30363e-07,-0.000121951
5.30463e-07,-0.000114168
5.30563e-07,-0.000108979
5.30663e-07,-0.000107033
5.30763e-07,-0.000110276
5.30863e-07,-0.000117411
5.30963e-07,-0.000127789
5.31063e-07,-0.000139464
5.31163e-07,-0.000148544
5.31263e-07,-0.000153085
5.31363e-07,-0.000151787
5.31463e-07,-0.000143355
5.31563e-07,-0.000127789
5.31663e-07,-0.000107681
5.31763e-07,-8.36824e-05
5.31863e-07,-5.96834e-05
5.31963e-07,-3.63331e-05
5.32063e-07,-1.68745e-05
5.32163e-07,-1.30762e-06
5.32263e-07,9.0703e-06
5.32363e-07,1.55565e-05
5.32463e-07,2.00968e-05
5.32563e-07,2.26913e-05
5.32663e-07,2.46372e-05
5.32763e-07,2.6583e-05
5.32863e-07,2.85289e-05
5.32963e-07,2.91775e-05
5.33063e-07,2.78803e-05
5.33163e-07,2.33399e-05
5.33263e-07,1.42593e-05
5.33363e-07,6.38242e-07
5.33463e-07,-1.75231e-05
5.33563e-07,-3.76303e-05
5.33663e-07,-5.7089e-05
5.33763e-07,-7.26558e-05
5.33863e-07,-8.17365e-05
5.33963e-07,-8.30338e-05
5.34063e-07,-7.52503e-05
5.34163e-07,-5.83862e-05
5.34263e-07,-3.63331e-05
5.34363e-07,-1.16855e-05
5.34463e-07,1.10162e-05
5.34563e-07,2.78803e-05
5.34663e-07,3.76096e-05
5.34763e-07,3.76096e-05
5.34863e-07,2.85289e-05
5.34963e-07,1.16648e-05
5.35063e-07,-9.73968e-06
5.35163e-07,-3.17928e-05
5.35263e-07,-5.19e-05
5.35363e-07,-6.68183e-05
5.35463e-07,-7.46017e-05
5.35563e-07,-7.46017e-05
5.35663e-07,-6.94127e-05
5.35763e-07,-6.03321e-05
5.35863e-07,-5.12514e-05
5.35963e-07,-4.47652e-05
5.36063e-07,-4.15221e-05
5.36163e-07,-4.34679e-05
5.36263e-07,-5.06027e-05
5.36363e-07,-6.09807e-05
5.36463e-07,-7.26558e-05
5.36563e-07,-8.36824e-05
5.36663e-07,-9.21144e-05
5.36763e-07,-9.73034e-05
5.36863e-07,-9.73034e-05
5.36963e-07,-9.40603e-05
5.37063e-07,-8.82227e-05
5.37163e-07,-8.10879e-05
5.37263e-07,-7.39531e-05
5.37363e-07,-6.81155e-05
5.37463e-07,-6.35752e-05
5.37563e-07,-5.90348e-05
5.37663e-07,-5.31972e-05
5.37763e-07,-4.41165e-05
5.37863e-07,-3.04955e-05
5.37963e-07,-9.73968e-06
5.38063e-07,1.68537e-05
5.38163e-07,4.86361e-05
5.38263e-07,8.3013e-05
5.38363e-07,0.000118038
5.38463e-07,0.000149172
5.38563e-07,0.00017382
5.38663e-07,0.000191333
5.38763e-07,0.000201062
5.38863e-07,0.000204305
5.38963e-07,0.000202359
5.39063e-07,0.00019717
5.39163e-07,0.000193278
5.39263e-07,0.00019263
5.39363e-07,0.000196522
5.39463e-07,0.000204305
5.39563e-07,0.000215332
5.39663e-07,0.000227007
5.39763e-07,0.000235439
5.39863e-07,0.00023933
5.39963e-07,0.000235439
5.40063e-07,0.000223115
5.40163e-07,0.000202359
5.40263e-07,0.000175117
5.40363e-07,0.000143983
5.40463e-07,0.000113498
5.40563e-07,8.69047e-05
5.40663e-07,6.61489e-05
5.40763e-07,5.51223e-05
5.40863e-07,5.25279e-05
5.40963e-07,5.70682e-05
5.41063e-07,6.67975e-05
5.41163e-07,7.91213e-05
5.41263e-07,9.07964e-05
5.41363e-07,9.85799e-05
5.41463e-07,0.000101174
5.41563e-07,9.79313e-05
5.41663e-07,8.88506e-05
5.41763e-07,7.7824e-05
5.41863e-07,6.55003e-05
5.41963e-07,5.44737e-05
5.42063e-07,4.60417e-05
5.42163e-07,4.08527e-05
5.42263e-07,3.89068e-05
5.42363e-07,3.95555e-05
5.42463e-07,4.08527e-05
5.42563e-07,4.02041e-05
5.42663e-07,3.63124e-05
5.42763e-07,2.78803e-05
5.42863e-07,1.36106e-05
5.42963e-07,-5.19934e-06
5.43063e-07,-2.7901e-05
5.43163e-07,-5.12514e-05
5.43263e-07,-7.33045e-05
5.43363e-07,-9.27631e-05
5.43463e-07,-0.00010833
5.43563e-07,-0.000119356
5.43663e-07,-0.000126491
5.43763e-07,-0.000130383
5.43863e-07,-0.000132329
5.43963e-07,-0.000133626
5.44063e-07,-0.000135572
5.44163e-07,-0.000138166
5.44263e-07,-0.000139464
5.44363e-07,-0.000138815
5.44463e-07,-0.000132978
5.44563e-07,-0.000121951
5.44663e-07,-0.000103141
5.44763e-07,-7.71962e-05
5.44863e-07,-4.41165e-05
5.44963e-07,-7.79382e-06
5.45063e-07,2.91775e-05
5.45163e-07,6.22572e-05
5.45263e-07,8.8202e-05
5.45363e-07,0.000102472
5.45463e-07,0.000104417
5.45563e-07,9.40395e-05
5.45663e-07,7.32837e-05
5.45763e-07,4.60417e-05
5.45863e-07,1.62051e-05
5.45963e-07,-1.36314e-05
5.46063e-07,-3.8279e-05
5.46163e-07,-5.64403e-05
5.46263e-07,-6.61696e-05
5.46363e-07,-6.81155e-05
5.46463e-07,-6.42238e-05
5.46563e-07,-5.64403e-05
5.46663e-07,-4.73596e-05
5.46763e-07,-4.02248e-05
5.46863e-07,-3.43872e-05
5.46963e-07,-3.11441e-05
5.47063e-07,-2.98469e-05
5.47163e-07,-2.7901e-05
5.47263e-07,-2.46579e-05
5.47363e-07,-1.75231e-05
5.47463e-07,-6.49658e-06
5.47563e-07,7.77306e-06
5.47663e-07,2.46372e-05
5.47763e-07,4.08527e-05
5.47863e-07,5.38251e-05
5.47963e-07,6.16085e-05
5.48063e-07,6.22572e-05
5.48163e-07,5.44737e-05
5.48263e-07,3.95555e-05
5.48363e-07,2.00968e-05
5.48463e-07,-1.95624e-06
5.48563e-07,-2.27121e-05
5.48663e-07,-3.95762e-05
5.48763e-07,-4.93055e-05
5.48863e-07,-5.19e-05
5.48963e-07,-4.6711e-05
5.49063e-07,-3.56845e-05
5.49163e-07,-2.20635e-05
5.49263e-07,-9.09106e-06
5.49363e-07,1.28686e-06
5.49463e-07,5.8272e-06
5.49563e-07,4.52996e-06
5.49663e-07,-3.25348e-06
5.49763e-07,-1.428e-05
5.49863e-07,-2.72524e-05
5.49963e-07,-3.89276e-05
5.50063e-07,-4.73596e-05
5.50163e-07,-5.19e-05
5.50263e-07,-5.12514e-05
5.50363e-07,-4.6711e-05
5.50463e-07,-3.95762e-05
5.50563e-07,-3.24414e-05
5.50663e-07,-2.7901e-05
5.50763e-07,-2.7901e-05
5.50863e-07,-3.37386e-05
5.50963e-07,-4.47652e-05
5.51063e-07,-5.90348e-05
5.51163e-07,-7.46017e-05
5.51263e-07,-8.88713e-05
5.51363e-07,-9.92493e-05
5.51463e-07,-0.000104438
5.51563e-07,-0.000102492
5.51663e-07,-9.34117e-05
5.51763e-07,-7.97907e-05
5.51863e-07,-6.35752e-05
5.51963e-07,-4.60624e-05
5.52063e-07,-2.98469e-05
5.52163e-07,-1.75231e-05
5.52263e-07,-9.73968e-06
5.52363e-07,-5.19934e-06
5.52463e-07,-3.25348e-06
5.52563e-07,-3.25348e-06
5.52663e-07,-3.9021e-06
5.52763e-07,-3.25348e-06
5.52863e-07,-6.58998e-07
5.52963e-07,3.88134e-06
5.53063e-07,9.71892e-06
5.53163e-07,1.55565e-05
5.53263e-07,2.07455e-05
5.53363e-07,2.20427e-05
5.53463e-07,2.07455e-05
5.53563e-07,1.62051e-05
5.53663e-07,1.10162e-05
5.53763e-07,6.47582e-06
5.53863e-07,4.52996e-06
5.53963e-07,7.77306e-06
5.54063e-07,1.75024e-05
5.54163e-07,3.37179e-05
5.54263e-07,5.51223e-05
5.54363e-07,7.97699e-05
5.54463e-07,0.000103769
5.54563e-07,0.000123227
5.54663e-07,0.000134903
5.54763e-07,0.000137497
5.54863e-07,0.000129714
5.54963e-07,0.000112201
5.55063e-07,8.69047e-05
5.55163e-07,5.83654e-05
5.55263e-07,2.98261e-05
5.55363e-07,6.47582e-06
5.55463e-07,-9.09106e-06
5.55563e-07,-1.428e-05
5.55663e-07,-9.09106e-06
5.55763e-07,4.52996e-06
5.55863e-07,2.33399e-05
5.55963e-07,4.34472e-05
5.56063e-07,6.22572e-05
5.56163e-07,7.65268e-05
5.56263e-07,8.36616e-05
5.56363e-07,8.36616e-05
5.56463e-07,7.71754e-05
5.56563e-07,6.48516e-05
5.56663e-07,4.99334e-05
5.56763e-07,3.56637e-05
5.56863e-07,2.39886e-05
5.56963e-07,1.55565e-05
5.57063e-07,1.03675e-05
5.57163e-07,9.0703e-06
5.57263e-07,9.71892e-06
5.57363e-07,1.16648e-05
5.57463e-07,1.2962e-05
5.57563e-07,1.23134e-05
5.57663e-07,1.16648e-05
5.57763e-07,1.10162e-05
5.57863e-07,1.16648e-05
5.57963e-07,1.62051e-05
5.58063e-07,2.52858e-05
5.58163e-07,4.02041e-05
5.58263e-07,6.16085e-05
5.58363e-07,8.8202e-05
5.58463e-07,0.000118038
5.58563e-07,0.000148524
5.58663e-07,0.000175766
5.58763e-07,0.000199116
5.58863e-07,0.000216629
5.58963e-07,0.000227007
5.59063e-07,0.00023025
5.59163e-07,0.000228304
5.59263e-07,0.000224412
5.59363e-07,0.000219223
5.59463e-07,0.000214683
5.59563e-07,0.000212088
5.59663e-07,0.000210791
5.59763e-07,0.000209494
5.59863e-07,0.000206251
5.59963e-07,0.000199765
5.60063e-07,0.000187441
5.60163e-07,0.000169279
5.60263e-07,0.000144632
5.60363e-07,0.000114147
5.60463e-07,8.04185e-05
5.60563e-07,4.66903e-05
5.60663e-07,1.68537e-05
5.60763e-07,-6.49658e-06
5.60863e-07,-2.20635e-05
5.60963e-07,-2.85497e-05
5.61063e-07,-2.7901e-05
5.61163e-07,-2.14148e-05
5.61263e-07,-1.16855e-05
5.61363e-07,-1.95624e-06
5.61463e-07,5.17858e-06
5.61563e-07,7.12444e-06
5.61663e-07,3.23272e-06
5.61763e-07,-5.84796e-06
5.61863e-07,-1.81717e-05
5.61963e-07,-3.17928e-05
5.62063e-07,-4.47652e-05
5.62163e-07,-5.44945e-05
5.62263e-07,-5.96834e-05
5.62363e-07,-5.96834e-05
5.62463e-07,-5.44945e-05
5.62563e-07,-4.6711e-05
5.62663e-07,-3.69817e-05
5.62763e-07,-2.72524e-05
5.62863e-07,-2.01176e-05
5.62963e-07,-1.49286e-05
5.63063e-07,-1.29828e-05
5.63163e-07,-1.23342e-05
5.63263e-07,-1.23342e-05
5.63363e-07,-1.10369e-05
5.63463e-07,-8.44244e-06
5.63563e-07,-3.9021e-06
5.63663e-07,3.23272e-06
5.63763e-07,1.10162e-05
5.63863e-07,1.75024e-05
5.63963e-07,2.00968e-05
5.64063e-07,1.75024e-05
5.64163e-07,9.71892e-06
5.64263e-07,-4.55072e-06
5.64363e-07,-2.20635e-05
5.64463e-07,-4.15221e-05
5.64563e-07,-6.03321e-05
5.64663e-07,-7.46017e-05
5.64763e-07,-8.30338e-05
5.64863e-07,-8.36824e-05
5.64963e-07,-7.58989e-05
5.65063e-07,-6.09807e-05
5.65163e-07,-4.08734e-05
5.65263e-07,-1.88204e-05
5.65363e-07,1.28686e-06
5.65463e-07,1.75024e-05
5.65563e-07,2.85289e-05
5.65663e-07,3.24206e-05
5.65763e-07,3.11234e-05
5.65863e-07,2.72317e-05
5.65963e-07,2.26913e-05
5.66063e-07,2.07455e-05
5.66163e-07,2.46372e-05
5.66263e-07,3.43665e-05
5.66363e-07,5.12306e-05
5.66463e-07,7.26351e-05
5.66563e-07,9.72826e-05
5.66663e-07,0.000120633
5.66763e-07,0.000139443
5.66863e-07,0.000151118
5.66963e-07,0.000153064
5.67063e-07,0.000145929
5.67163e-07,0.000129714
5.67263e-07,0.000107012
5.67363e-07,8.10671e-05
5.67463e-07,5.5771e-05
5.67563e-07,3.43665e-05
5.67663e-07,1.87996e-05
5.67763e-07,9.0703e-06
5.67863e-07,5.8272e-06
5.67963e-07,6.47582e-06
5.68063e-07,9.71892e-06
5.68163e-07,1.16648e-05
5.68263e-07,1.2962e-05
5.68363e-07,1.16648e-05
5.68463e-07,8.42168e-06
5.68563e-07,4.52996e-06
5.68663e-07,6.38242e-07
5.68763e-07,1.28686e-06
5.68863e-07,7.12444e-06
5.68963e-07,2.07455e-05
5.69063e-07,4.08527e-05
5.69163e-07,6.61489e-05
5.69263e-07,9.59854e-05
5.69363e-07,0.000127119
5.69463e-07,0.000156307
5.69563e-07,0.000182252
5.69663e-07,0.000202359
5.69763e-07,0.000215332
5.69863e-07,0.000222466
5.69963e-07,0.000225061
5.70063e-07,0.000225061
5.70163e-07,0.000223115
5.70263e-07,0.000221818
5.70363e-07,0.000221169
5.70463e-07,0.000221818
5.70563e-07,0.000222466
5.70663e-07,0.000222466
5.70763e-07,0.00022052
5.70863e-07,0.000215332
5.70963e-07,0.000205602
5.71063e-07,0.000191333
5.71163e-07,0.00017382
5.71263e-07,0.000155658
5.71363e-07,0.000137497
5.71463e-07,0.00012193
5.71563e-07,0.000108958
5.71663e-07,9.98771e-05
5.71763e-07,9.33909e-05
5.71863e-07,8.94992e-05
5.71963e-07,8.69047e-05
5.72063e-07,8.43102e-05
5.72163e-07,7.84727e-05
5.72263e-07,7.00406e-05
5.72363e-07,5.77168e-05
5.72463e-07,4.27986e-05
5.72563e-07,2.52858e-05
5.72663e-07,7.12444e-06
5.72763e-07,-9.09106e-06
5.72863e-07,-2.27121e-05
5.72963e-07,-3.24414e-05
5.73063e-07,-3.69817e-05
5.73163e-07,-3.69817e-05
5.73263e-07,-3.43872e-05
5.73363e-07,-2.98469e-05
5.73463e-07,-2.40093e-05
5.73563e-07,-1.9469e-05
5.73663e-07,-1.55773e-05
5.73763e-07,-1.16855e-05
5.73863e-07,-7.1452e-06
5.73963e-07,-1.30762e-06
5.74063e-07,7.12444e-06
5.74163e-07,1.8151e-05
5.74263e-07,3.24206e-05
5.74363e-07,5.0582e-05
5.74463e-07,7.00406e-05
5.74563e-07,8.94992e-05
5.74663e-07,0.000105715
5.74763e-07,0.000118687
5.74863e-07,0.000125173
5.74963e-07,0.000124525
5.75063e-07,0.000118038
5.75163e-07,0.000106363
5.75263e-07,9.07964e-05
5.75363e-07,7.39323e-05
5.75463e-07,5.77168e-05
5.75563e-07,4.47444e-05
5.75663e-07,3.56637e-05
5.75763e-07,3.04748e-05
5.75863e-07,2.98261e-05
5.75963e-07,3.1772e-05
5.76063e-07,3.43665e-05
5.76163e-07,3.6961e-05
5.76263e-07,3.76096e-05
5.76363e-07,3.56637e-05
5.76463e-07,3.1772e-05
5.76563e-07,2.59344e-05
5.76663e-07,2.07455e-05
5.76763e-07,1.68537e-05
5.76863e-07,1.75024e-05
5.76963e-07,2.20427e-05
5.77063e-07,3.1772e-05
5.77163e-07,4.60417e-05
5.77263e-07,6.22572e-05
5.77363e-07,7.7824e-05
5.77463e-07,9.14451e-05
5.77563e-07,9.98771e-05
5.77663e-07,0.000102472
5.77763e-07,9.72826e-05
5.77863e-07,8.56075e-05
5.77963e-07,6.87434e-05
5.78063e-07,4.79875e-05
5.78163e-07,2.78803e-05
5.78263e-07,8.42168e-06
5.78363e-07,-6.49658e-06
5.78463e-07,-1.68745e-05
5.78563e-07,-2.27121e-05
5.78663e-07,-2.40093e-05
5.78763e-07,-2.20635e-05
5.78863e-07,-1.68745e-05
5.78963e-07,-9.73968e-06
5.79063e-07,-1.95624e-06
5.79163e-07,5.8272e-06
5.79263e-07,1.42593e-05
5.79363e-07,2.26913e-05
5.79463e-07,3.1772e-05
5.79563e-07,4.15013e-05
5.79663e-07,5.0582e-05
5.79763e-07,5.83654e-05
5.79863e-07,6.29058e-05
5.79963e-07,6.35544e-05
5.80063e-07,5.83654e-05
5.80163e-07,4.60417e-05
5.80263e-07,2.52858e-05
5.80363e-07,-1.95624e-06
5.80463e-07,-3.50359e-05
5.80563e-07,-7.071e-05
5.80663e-07,-0.000105735
5.80763e-07,-0.000136869
5.80863e-07,-0.000162165
5.80963e-07,-0.000180327
5.81063e-07,-0.000188759
5.81163e-07,-0.000188759
5.81263e-07,-0.000180327
5.81363e-07,-0.000166057
5.81463e-07,-0.000148544
5.81563e-07,-0.000129734
5.81663e-07,-0.000111573
5.81763e-07,-9.53575e-05
5.81863e-07,-8.10879e-05
5.81963e-07,-6.81155e-05
5.82063e-07,-5.57917e-05
5.82163e-07,-4.34679e-05
5.82263e-07,-2.98469e-05
5.82363e-07,-1.49286e-05
5.82463e-07,1.28686e-06
5.82563e-07,1.75024e-05
5.82663e-07,3.24206e-05
5.82763e-07,4.40958e-05
5.82863e-07,5.18792e-05
5.82963e-07,5.38251e-05
5.83063e-07,5.0582e-05
5.83163e-07,4.27986e-05
5.83263e-07,3.24206e-05
5.83363e-07,1.94482e-05
5.83463e-07,7.12444e-06
5.83563e-07,-2.60486e-06
5.83663e-07,-9.09106e-06
5.83763e-07,-1.16855e-05
5.83863e-07,-1.16855e-05
5.83963e-07,-9.09106e-06
5.84063e-07,-5.84796e-06
5.84163e-07,-3.9021e-06
5.84263e-07,-2.60486e-06
5.84363e-07,-3.9021e-06
5.84463e-07,-7.79382e-06
5.84563e-07,-1.36314e-05
5.84663e-07,-1.9469e-05
5.84763e-07,-2.40093e-05
5.84863e-07,-2.59552e-05
5.84963e-07,-2.40093e-05
5.85063e-07,-1.88204e-05
5.85163e-07,-9.09106e-06
5.85263e-07,3.88134e-06
5.85363e-07,1.75024e-05
5.85463e-07,3.1772e-05
5.85563e-07,4.47444e-05
5.85663e-07,5.5771e-05
5.85763e-07,6.4203e-05
5.85863e-07,7.06892e-05
5.85963e-07,7.58782e-05
5.86063e-07,8.10671e-05
5.86163e-07,8.69047e-05
5.86263e-07,9.33909e-05
5.86363e-07,0.000101823
5.86463e-07,0.000111552
5.86563e-07,0.000122579
5.86663e-07,0.000132308
5.86763e-07,0.000140092
5.86863e-07,0.000144632
5.86963e-07,0.000144632
5.87063e-07,0.000140092
5.87163e-07,0.000132308
5.87263e-07,0.00012193
5.87363e-07,0.000108309
5.87463e-07,9.46882e-05
5.87563e-07,8.23644e-05
5.87663e-07,7.19865e-05
5.87763e-07,6.35544e-05
5.87863e-07,5.64196e-05
5.87963e-07,4.99334e-05
5.88063e-07,4.40958e-05
5.88163e-07,3.6961e-05
5.88263e-07,2.78803e-05
5.88363e-07,1.62051e-05
5.88463e-07,2.5841e-06
5.88563e-07,-1.16855e-05
5.88663e-07,-2.46579e-05
5.88763e-07,-3.50359e-05
5.88863e-07,-4.02248e-05
5.88963e-07,-3.76303e-05
5.89063e-07,-2.72524e-05
5.89163e-07,-7.79382e-06
5.89263e-07,1.94482e-05
5.89363e-07,5.18792e-05
5.89463e-07,8.75533e-05
5.89563e-07,0.000123227
5.89663e-07,0.000156307
5.89763e-07,0.000183549
5.89863e-07,0.000203008
5.89963e-07,0.000214034
5.90063e-07,0.000216629
5.90163e-07,0.00021144
5.90263e-07,0.000200413
5.90363e-07,0.000185495
5.90463e-07,0.000167982
5.90563e-07,0.000149172
5.90663e-07,0.000130362
5.90763e-07,0.00011285
5.90863e-07,9.59854e-05
5.90963e-07,7.97699e-05
5.91063e-07,6.4203e-05
5.91163e-07,4.86361e-05
5.91263e-07,3.43665e-05
5.91363e-07,2.07455e-05
5.91463e-07,7.77306e-06
5.91563e-07,-2.60486e-06
5.91663e-07,-9.73968e-06
5.91763e-07,-1.36314e-05
5.91863e-07,-1.428e-05
5.91963e-07,-1.10369e-05
5.92063e-07,-4.55072e-06
5.92163e-07,4.52996e-06
5.92263e-07,1.2962e-05
5.92363e-07,2.13941e-05
5.92463e-07,2.72317e-05
5.92563e-07,3.04748e-05
5.92663e-07,3.11234e-05
5.92763e-07,2.85289e-05
5.92863e-07,2.33399e-05
5.92963e-07,1.68537e-05
5.93063e-07,9.0703e-06
5.93163e-07,2.5841e-06
5.93263e-07,-1.95624e-06
5.93363e-07,-3.9021e-06
5.93463e-07,-3.25348e-06
5.93563e-07,6.38242e-07
5.93663e-07,7.77306e-06
5.93763e-07,1.75024e-05
5.93863e-07,2.91775e-05
5.93963e-07,4.27986e-05
5.94063e-07,5.77168e-05
5.94163e-07,7.39323e-05
5.94263e-07,9.07964e-05
5.94363e-07,0.000108309
5.94463e-07,0.000124525
5.94563e-07,0.000140092
5.94663e-07,0.000152415
5.94763e-07,0.000160847
5.94863e-07,0.000165388
5.94963e-07,0.000164091
5.95063e-07,0.000158253
5.95163e-07,0.000147226
5.95263e-07,0.000130362
5.95363e-07,0.000108309
5.95463e-07,8.17158e-05
5.95563e-07,5.25279e-05
5.95663e-07,2.26913e-05
5.95763e-07,-7.1452e-06
5.95863e-07,-3.50359e-05
5.95963e-07,-6.03321e-05
5.96063e-07,-8.17365e-05
5.96163e-07,-9.7952e-05
5.96263e-07,-0.000108979
5.96363e-07,-0.000113519
5.96463e-07,-0.00011287
5.96563e-07,-0.000106384
5.96663e-07,-9.60062e-05
5.96763e-07,-8.10879e-05
5.96863e-07,-6.35752e-05
5.96963e-07,-4.28193e-05
5.97063e-07,-1.88204e-05
5.97163e-07,6.47582e-06
5.97263e-07,3.30692e-05
5.97363e-07,6.09599e-05
5.97463e-07,8.88506e-05
5.97563e-07,0.000116741
5.97663e-07,0.000142686
5.97763e-07,0.000166036
5.97863e-07,0.000185495
5.97963e-07,0.000200413
5.98063e-07,0.000210791
5.98163e-07,0.000214683
5.98263e-07,0.000212737
5.98363e-07,0.000204954
5.98463e-07,0.000191981
5.98563e-07,0.000173171
5.98663e-07,0.000151767
5.98763e-07,0.000127119
5.98863e-07,0.000101823
5.98963e-07,7.58782e-05
5.99063e-07,5.18792e-05
5.99163e-07,3.04748e-05
5.99263e-07,1.36106e-05
5.99363e-07,1.93548e-06
5.99463e-07,-1.95624e-06
5.99563e-07,1.93548e-06
5.99663e-07,1.42593e-05
5.99763e-07,3.43665e-05
5.99863e-07,6.09599e-05
5.99963e-07,9.33909e-05
6.00063e-07,0.000127768
6.00163e-07,0.000160847
6.00263e-07,0.000190684
6.00363e-07,0.000213386
6.00463e-07,0.000227007
6.00563e-07,0.00023025
6.00663e-07,0.000223115
6.00763e-07,0.000206251
6.00863e-07,0.000181603
6.00963e-07,0.000152415
6.01063e-07,0.000121282
6.01163e-07,9.27423e-05
6.01263e-07,6.9392e-05
6.01363e-07,5.31765e-05
6.01463e-07,4.47444e-05
6.01563e-07,4.40958e-05
6.01663e-07,5.0582e-05
6.01763e-07,6.16085e-05
6.01863e-07,7.52296e-05
6.01963e-07,8.88506e-05
6.02063e-07,0.000100526
6.02163e-07,0.000108309
6.02263e-07,0.000112201
6.02363e-07,0.00011285
6.02463e-07,0.000109606
6.02563e-07,0.00010312
6.02663e-07,9.53368e-05
6.02763e-07,8.62561e-05
6.02863e-07,7.58782e-05
6.02963e-07,6.48516e-05
6.03063e-07,5.18792e-05
6.03163e-07,3.82582e-05
6.03263e-07,2.26913e-05
6.03363e-07,6.47582e-06
6.03463e-07,-1.16855e-05
6.03563e-07,-2.85497e-05
6.03663e-07,-4.28193e-05
6.03763e-07,-5.44945e-05
6.03863e-07,-6.03321e-05
6.03963e-07,-6.09807e-05
6.04063e-07,-5.57917e-05
6.04163e-07,-4.54138e-05
6.04263e-07,-3.17928e-05
6.04363e-07,-1.62259e-05
6.04463e-07,-1.95624e-06
6.04563e-07,9.0703e-06
6.04663e-07,1.49079e-05
6.04763e-07,1.55565e-05
6.04863e-07,1.03675e-05
6.04963e-07,-1.30762e-06
6.05063e-07,-1.81717e-05
6.05163e-07,-3.8279e-05
6.05263e-07,-5.96834e-05
6.05363e-07,-8.10879e-05
6.05463e-07,-0.000100547
6.05563e-07,-0.000116762
6.05663e-07,-0.000129734
6.05763e-07,-0.000139464
6.05863e-07,-0.000148544
6.05963e-07,-0.000156328
6.06063e-07,-0.00016476
6.06163e-07,-0.000174489
6.06263e-07,-0.000184219
6.06363e-07,-0.000195245
6.06463e-07,-0.000206272
6.06563e-07,-0.000217947
6.06663e-07,-0.000228325
6.06763e-07,-0.000236108
6.06863e-07,-0.000241297
6.06963e-07,-0.000243892
6.07063e-07,-0.000243892
6.07163e-07,-0.000241297
6.07263e-07,-0.000236757
6.07363e-07,-0.000230271
6.07463e-07,-0.000222487
6.07563e-07,-0.000212758
6.07663e-07,-0.000201731
6.07763e-07,-0.000188759
6.07863e-07,-0.000173192
6.07963e-07,-0.000154382
6.08063e-07,-0.00013168
6.08163e-07,-0.000105735
6.08263e-07,-7.71962e-05
6.08363e-07,-4.73596e-05
6.08463e-07,-1.88204e-05
6.08563e-07,7.77306e-06
6.08663e-07,3.11234e-05
6.08763e-07,5.0582e-05
6.08863e-07,6.35544e-05
6.08963e-07,7.13378e-05
6.09063e-07,7.32837e-05
6.09163e-07,7.19865e-05
6.09263e-07,6.9392e-05
6.09363e-07,6.67975e-05
6.09463e-07,6.55003e-05
6.09563e-07,6.74461e-05
6.09663e-07,7.26351e-05
6.09763e-07,7.91213e-05
6.09863e-07,8.69047e-05
6.09963e-07,9.46882e-05
6.10063e-07,0.000101823
6.10163e-07,0.000106363
6.10263e-07,0.000108309
6.10363e-07,0.000107012
6.10463e-07,0.000105066
6.10563e-07,0.000103769
6.10663e-07,0.000104417
6.10763e-07,0.000108958
6.10863e-07,0.00011739
6.10963e-07,0.000129714
6.11063e-07,0.000145929
6.11163e-07,0.000165388
6.11263e-07,0.000184846
6.11363e-07,0.00020171
6.11463e-07,0.000214683
6.11563e-07,0.000221818
6.11663e-07,0.000222466
6.11763e-07,0.000217277
6.11863e-07,0.000207548
6.11963e-07,0.000195224
6.12063e-07,0.000180955
6.12163e-07,0.000167334
6.12263e-07,0.00015501
6.12363e-07,0.000145281
6.12463e-07,0.000137497
6.12563e-07,0.00013166
6.12663e-07,0.000127119
6.12763e-07,0.00012193
6.12863e-07,0.000115444
6.12963e-07,0.000107012
6.13063e-07,9.59854e-05
6.13163e-07,8.43102e-05
6.13263e-07,7.26351e-05
6.13363e-07,6.16085e-05
6.13463e-07,5.25279e-05
6.13563e-07,4.66903e-05
6.13663e-07,4.47444e-05
6.13763e-07,4.60417e-05
6.13863e-07,4.92848e-05
6.13963e-07,5.38251e-05
6.14063e-07,5.83654e-05
6.14163e-07,6.09599e-05
6.14263e-07,6.22572e-05
6.14363e-07,6.16085e-05
6.14463e-07,6.03113e-05
6.14563e-07,5.83654e-05
6.14663e-07,5.77168e-05
6.14763e-07,5.90141e-05
6.14863e-07,6.29058e-05
6.14963e-07,7.06892e-05
6.15063e-07,8.23644e-05
6.15163e-07,9.59854e-05
6.15263e-07,0.000110904
6.15363e-07,0.000123876
6.15463e-07,0.000134903
6.15563e-07,0.000142037
6.15663e-07,0.000145281
6.15763e-07,0.000143335
6.15863e-07,0.000137497
6.15963e-07,0.000128416
6.16063e-07,0.00011739
6.16163e-07,0.000106363
6.16263e-07,9.53368e-05
6.16363e-07,8.56075e-05
6.16463e-07,7.65268e-05
6.16563e-07,6.87434e-05
6.16663e-07,6.03113e-05
6.16763e-07,5.18792e-05
6.16863e-07,4.27986e-05
6.16963e-07,3.24206e-05
6.17063e-07,2.13941e-05
6.17163e-07,1.23134e-05
6.17263e-07,5.17858e-06
6.17363e-07,2.5841e-06
6.17463e-07,5.17858e-06
6.17563e-07,1.36106e-05
6.17663e-07,2.6583e-05
6.17763e-07,4.34472e-05
6.17863e-07,6.16085e-05
6.17963e-07,7.7824e-05
6.18063e-07,8.88506e-05
6.18163e-07,9.14451e-05
6.18263e-07,8.49589e-05
6.18363e-07,6.87434e-05
6.18463e-07,4.40958e-05
6.18563e-07,1.23134e-05
6.18663e-07,-2.20635e-05
6.18763e-07,-5.64403e-05
6.18863e-07,-8.62769e-05
6.18963e-07,-0.000109627
6.19063e-07,-0.000123248
6.19163e-07,-0.000126491
6.19263e-07,-0.000120005
6.19363e-07,-0.000106384
6.19463e-07,-8.69255e-05
6.19563e-07,-6.42238e-05
6.19663e-07,-4.08734e-05
6.19763e-07,-1.81717e-05
6.19863e-07,1.28686e-06
6.19963e-07,1.8151e-05
6.20063e-07,3.1772e-05
6.20163e-07,4.34472e-05
6.20263e-07,5.38251e-05
6.20363e-07,6.22572e-05
6.20463e-07,6.9392e-05
6.20563e-07,7.39323e-05
6.20663e-07,7.58782e-05
6.20763e-07,7.39323e-05
6.20863e-07,6.9392e-05
6.20963e-07,6.09599e-05
6.21063e-07,4.99334e-05
6.21163e-07,3.82582e-05
6.21263e-07,2.85289e-05
6.21363e-07,2.20427e-05
6.21463e-07,2.07455e-05
6.21563e-07,2.59344e-05
6.21663e-07,3.76096e-05
6.21763e-07,5.51223e-05
6.21863e-07,7.65268e-05
6.21963e-07,0.000100526
6.22063e-07,0.000122579
6.22163e-07,0.00014074
6.22263e-07,0.000153064
6.22363e-07,0.000156956
6.22463e-07,0.000153713
6.22563e-07,0.000143335
6.22663e-07,0.000128416
6.22763e-07,0.000111552
6.22863e-07,9.53368e-05
6.22963e-07,8.10671e-05
6.23063e-07,7.13378e-05
6.23163e-07,6.67975e-05
6.23263e-07,6.67975e-05
6.23363e-07,7.00406e-05
6.23463e-07,7.32837e-05
6.23563e-07,7.52296e-05
6.23663e-07,7.52296e-05
6.23763e-07,7.13378e-05
6.23863e-07,6.4203e-05
6.23963e-07,5.38251e-05
6.24063e-07,4.21499e-05
6.24163e-07,3.04748e-05
6.24263e-07,2.07455e-05
6.24363e-07,1.36106e-05
6.24463e-07,9.0703e-06
6.24563e-07,7.12444e-06
6.24663e-07,5.17858e-06
6.24763e-07,1.93548e-06
6.24863e-07,-3.25348e-06
6.24963e-07,-1.29828e-05
6.25063e-07,-2.66038e-05
6.25163e-07,-4.28193e-05
6.25263e-07,-6.03321e-05
6.25363e-07,-7.71962e-05
6.25463e-07,-9.08172e-05
6.25563e-07,-9.98979e-05
6.25663e-07,-0.000101844
6.25763e-07,-9.73034e-05
6.25863e-07,-8.82227e-05
6.25963e-07,-7.52503e-05
6.26063e-07,-6.09807e-05
6.26163e-07,-4.86569e-05
6.26263e-07,-3.95762e-05
6.26363e-07,-3.63331e-05
6.26463e-07,-3.8279e-05
6.26563e-07,-4.54138e-05
6.26663e-07,-5.38459e-05
6.26763e-07,-6.22779e-05
6.26863e-07,-6.74669e-05
6.26963e-07,-6.68183e-05
6.27063e-07,-5.96834e-05
6.27163e-07,-4.47652e-05
6.27263e-07,-2.40093e-05
6.27363e-07,6.38242e-07
6.27463e-07,2.59344e-05
6.27563e-07,4.92848e-05
6.27663e-07,6.74461e-05
6.27763e-07,7.97699e-05
6.27863e-07,8.36616e-05
6.27963e-07,8.04185e-05
6.28063e-07,7.13378e-05
6.28163e-07,5.77168e-05
6.28263e-07,4.34472e-05
6.28363e-07,2.98261e-05
6.28463e-07,1.87996e-05
6.28563e-07,1.10162e-05
6.28663e-07,7.77306e-06
6.28763e-07,8.42168e-06
6.28863e-07,1.23134e-05
6.28963e-07,1.75024e-05
6.29063e-07,2.33399e-05
6.29163e-07,2.98261e-05
6.29263e-07,3.6961e-05
6.29363e-07,4.34472e-05
6.29463e-07,4.99334e-05
6.29563e-07,5.64196e-05
6.29663e-07,6.16085e-05
6.29763e-07,6.67975e-05
6.29863e-07,6.9392e-05
6.29963e-07,6.9392e-05
6.30063e-07,6.55003e-05
6.30163e-07,5.51223e-05
6.30263e-07,4.02041e-05
6.30363e-07,2.13941e-05
6.30463e-07,-1.30762e-06
6.30563e-07,-2.46579e-05
6.30663e-07,-4.6711e-05
6.30763e-07,-6.5521e-05
6.30863e-07,-7.78448e-05
6.30963e-07,-8.30338e-05
6.31063e-07,-8.10879e-05
6.31163e-07,-7.20072e-05
6.31263e-07,-5.83862e-05
6.31363e-07,-4.21707e-05
6.31463e-07,-2.72524e-05
6.31563e-07,-1.49286e-05
6.31663e-07,-8.44244e-06
6.31763e-07,-7.79382e-06
6.31863e-07,-1.29828e-05
6.31963e-07,-2.20635e-05
6.32063e-07,-3.309e-05
6.32163e-07,-4.41165e-05
6.32263e-07,-5.19e-05
6.32363e-07,-5.57917e-05
6.32463e-07,-5.44945e-05
6.32563e-07,-4.93055e-05
6.32663e-07,-4.21707e-05
6.32763e-07,-3.43872e-05
6.32863e-07,-2.7901e-05
6.32963e-07,-2.53066e-05
6.33063e-07,-2.7901e-05
6.33163e-07,-3.56845e-05
6.33263e-07,-4.80083e-05
6.33363e-07,-6.35752e-05
6.33463e-07,-7.84934e-05
6.33563e-07,-9.01686e-05
6.33663e-07,-9.66548e-05
6.33763e-07,-9.73034e-05
6.33863e-07,-9.14658e-05
6.33963e-07,-7.9142e-05
6.34063e-07,-6.29265e-05
6.34163e-07,-4.47652e-05
6.34263e-07,-2.66038e-05
6.34363e-07,-9.73968e-06
6.34463e-07,5.17858e-06
6.34563e-07,1.87996e-05
6.34663e-07,3.11234e-05
6.34763e-07,4.40958e-05
6.34863e-07,5.90141e-05
6.34963e-07,7.71754e-05
6.35063e-07,9.92285e-05
6.35163e-07,0.000123227
6.35263e-07,0.000147226
6.35363e-07,0.000167982
6.35463e-07,0.000182901
6.35563e-07,0.000188738
6.35663e-07,0.000182901
6.35763e-07,0.000165388
6.35863e-07,0.000137497
6.35963e-07,0.000101823
6.36063e-07,6.22572e-05
6.36163e-07,2.26913e-05
6.36263e-07,-1.29828e-05
6.36363e-07,-4.21707e-05
6.36463e-07,-6.22779e-05
6.36563e-07,-7.33045e-05
6.36663e-07,-7.58989e-05
6.36763e-07,-7.20072e-05
6.36863e-07,-6.42238e-05
6.36963e-07,-5.51431e-05
6.37063e-07,-4.73596e-05
6.37163e-07,-4.08734e-05
6.37263e-07,-3.8279e-05
6.37363e-07,-3.76303e-05
6.37463e-07,-3.76303e-05
6.37563e-07,-3.8279e-05
6.37663e-07,-3.69817e-05
6.37763e-07,-3.43872e-05
6.37863e-07,-2.98469e-05
6.37963e-07,-2.46579e-05
6.38063e-07,-1.9469e-05
6.38163e-07,-1.68745e-05
6.38263e-07,-1.75231e-05
6.38363e-07,-2.20635e-05
6.38463e-07,-3.11441e-05
6.38563e-07,-4.34679e-05
6.38663e-07,-5.7089e-05
6.38763e-07,-6.94127e-05
6.38863e-07,-7.78448e-05
6.38963e-07,-8.04393e-05
6.39063e-07,-7.65476e-05
6.39163e-07,-6.42238e-05
6.39263e-07,-4.60624e-05
6.39363e-07,-2.40093e-05
6.39463e-07,6.38242e-07
6.39563e-07,2.33399e-05
6.39663e-07,4.27986e-05
6.39763e-07,5.64196e-05
6.39863e-07,6.4203e-05
6.39963e-07,6.80947e-05
6.40063e-07,6.80947e-05
6.40163e-07,6.61489e-05
6.40263e-07,6.48516e-05
6.40363e-07,6.55003e-05
6.40463e-07,6.87434e-05
6.40563e-07,7.45809e-05
6.40663e-07,8.17158e-05
6.40763e-07,8.88506e-05
6.40863e-07,9.40395e-05
6.40963e-07,9.59854e-05
6.41063e-07,9.20937e-05
6.41163e-07,8.36616e-05
6.41263e-07,7.06892e-05
6.41363e-07,5.51223e-05
6.41463e-07,3.95555e-05
6.41563e-07,2.46372e-05
6.41663e-07,1.2962e-05
6.41763e-07,5.8272e-06
6.41863e-07,1.93548e-06
6.41963e-07,1.93548e-06
6.42063e-07,3.23272e-06
6.42163e-07,3.88134e-06
6.42263e-07,-1.03779e-08
6.42363e-07,-9.09106e-06
6.42463e-07,-2.40093e-05
6.42563e-07,-4.47652e-05
6.42663e-07,-6.94127e-05
6.42763e-07,-9.60062e-05
6.42863e-07,-0.000120654
6.42963e-07,-0.000140761
6.43063e-07,-0.000154382
6.43163e-07,-0.000158922
6.43263e-07,-0.000155031
6.43363e-07,-0.000142707
6.43463e-07,-0.000123897
6.43563e-07,-0.000101195
6.43663e-07,-7.78448e-05
6.43763e-07,-5.57917e-05
6.43863e-07,-3.63331e-05
6.43963e-07,-2.14148e-05
6.44063e-07,-1.10369e-05
6.44163e-07,-4.55072e-06
6.44263e-07,-1.30762e-06
6.44363e-07,-1.03779e-08
6.44463e-07,-1.03779e-08
6.44563e-07,-1.30762e-06
6.44663e-07,-3.25348e-06
6.44763e-07,-5.19934e-06
6.44863e-07,-8.44244e-06
6.44963e-07,-1.23342e-05
6.45063e-07,-1.62259e-05
6.45163e-07,-2.01176e-05
6.45263e-07,-2.27121e-05
6.45363e-07,-2.20635e-05
6.45463e-07,-1.88204e-05
6.45563e-07,-1.03883e-05
6.45663e-07,2.5841e-06
6.45763e-07,2.07455e-05
6.45863e-07,4.08527e-05
6.45963e-07,6.22572e-05
6.46063e-07,8.3013e-05
6.46163e-07,0.000100526
6.46263e-07,0.000112201
6.46363e-07,0.000116093
6.46463e-07,0.00011285
6.46563e-07,0.000103769
6.46663e-07,8.88506e-05
6.46763e-07,7.26351e-05
6.46863e-07,5.70682e-05
6.46963e-07,4.47444e-05
6.47063e-07,3.82582e-05
6.47163e-07,3.89068e-05
6.47263e-07,4.60417e-05
6.47363e-07,6.03113e-05
6.47463e-07,7.84727e-05
6.47563e-07,9.79313e-05
6.47663e-07,0.00011739
6.47763e-07,0.000133605
6.47863e-07,0.000145281
6.47963e-07,0.000151767
6.48063e-07,0.000153713
6.48163e-07,0.000151767
6.48263e-07,0.000148524
6.48363e-07,0.000143983
6.48463e-07,0.000140092
6.48563e-07,0.000137497
6.48663e-07,0.0001362
6.48763e-07,0.000134903
6.48863e-07,0.000134254
6.48963e-07,0.000131011
6.49063e-07,0.000125822
6.49163e-07,0.000118038
6.49263e-07,0.000106363
6.49363e-07,9.27423e-05
6.49463e-07,7.7824e-05
6.49563e-07,6.35544e-05
6.49663e-07,5.18792e-05
6.49763e-07,4.40958e-05
6.49863e-07,4.02041e-05
6.49963e-07,4.15013e-05
6.50063e-07,4.66903e-05
6.50163e-07,5.31765e-05
6.50263e-07,5.96627e-05
6.50363e-07,6.48516e-05
6.50463e-07,6.67975e-05
6.50563e-07,6.4203e-05
6.50663e-07,5.83654e-05
6.50763e-07,4.99334e-05
6.50863e-07,3.95555e-05
6.50963e-07,2.85289e-05
6.51063e-07,1.8151e-05
6.51163e-07,9.71892e-06
6.51263e-07,3.23272e-06
6.51363e-07,-1.95624e-06
6.51463e-07,-7.1452e-06
6.51563e-07,-1.36314e-05
6.51663e-07,-2.20635e-05
6.51763e-07,-3.43872e-05
6.51863e-07,-4.99541e-05
6.51963e-07,-6.74669e-05
6.52063e-07,-8.62769e-05
6.52163e-07,-0.000104438
6.52263e-07,-0.000119356
6.52363e-07,-0.000129086
6.52463e-07,-0.00013168
6.52563e-07,-0.000127789
6.52663e-07,-0.000116113
6.52763e-07,-9.86006e-05
6.52863e-07,-7.65476e-05
6.52963e-07,-5.25486e-05
6.53063e-07,-2.91983e-05
6.53163e-07,-7.79382e-06
6.53263e-07,9.0703e-06
6.53363e-07,2.00968e-05
6.53463e-07,2.52858e-05
6.53563e-07,2.52858e-05
6.53663e-07,2.00968e-05
6.53763e-07,1.23134e-05
6.53863e-07,2.5841e-06
6.53963e-07,-6.49658e-06
6.54063e-07,-1.428e-05
6.54163e-07,-2.07662e-05
6.54263e-07,-2.40093e-05
6.54363e-07,-2.40093e-05
6.54463e-07,-2.14148e-05
6.54563e-07,-1.62259e-05
6.54663e-07,-9.73968e-06
6.54763e-07,-1.95624e-06
6.54863e-07,7.77306e-06
6.54963e-07,1.68537e-05
6.55063e-07,2.59344e-05
6.55163e-07,3.43665e-05
6.55263e-07,4.08527e-05
6.55363e-07,4.47444e-05
6.55463e-07,4.60417e-05
6.55563e-07,4.27986e-05
6.55663e-07,3.6961e-05
6.55763e-07,2.78803e-05
6.55863e-07,1.62051e-05
6.55963e-07,3.23272e-06
6.56063e-07,-9.73968e-06
6.56163e-07,-2.27121e-05
6.56263e-07,-3.24414e-05
6.56363e-07,-3.95762e-05
6.56463e-07,-4.34679e-05
6.56563e-07,-4.34679e-05
6.56663e-07,-4.02248e-05
6.56763e-07,-3.43872e-05
6.56863e-07,-2.53066e-05
6.56963e-07,-1.62259e-05
6.57063e-07,-7.79382e-06
6.57163e-07,-6.58998e-07
6.57263e-07,4.52996e-06
6.57363e-07,7.12444e-06
6.57463e-07,5.8272e-06
6.57563e-07,2.5841e-06
6.57663e-07,-3.25348e-06
6.57763e-07,-1.10369e-05
6.57863e-07,-1.9469e-05
6.57963e-07,-2.85497e-05
6.58063e-07,-3.69817e-05
6.58163e-07,-4.47652e-05
6.58263e-07,-5.06027e-05
6.58363e-07,-5.44945e-05
6.58463e-07,-5.57917e-05
6.58563e-07,-5.51431e-05
6.58663e-07,-5.25486e-05
6.58763e-07,-4.73596e-05
6.58863e-07,-4.02248e-05
6.58963e-07,-3.11441e-05
6.59063e-07,-2.14148e-05
6.59163e-07,-1.16855e-05
6.59263e-07,-1.95624e-06
6.59363e-07,6.47582e-06
6.59463e-07,1.2962e-05
6.59563e-07,1.68537e-05
6.59663e-07,1.8151e-05
6.59763e-07,1.62051e-05
6.59863e-07,1.16648e-05
6.59963e-07,5.8272e-06
6.60063e-07,6.38242e-07
6.60163e-07,-3.9021e-06
6.60263e-07,-6.49658e-06
6.60363e-07,-5.84796e-06
6.60463e-07,-2.60486e-06
6.60563e-07,4.52996e-06
6.60663e-07,1.42593e-05
6.60763e-07,2.59344e-05
6.60863e-07,3.82582e-05
6.60963e-07,4.99334e-05
6.61063e-07,5.96627e-05
6.61163e-07,6.61489e-05
6.61263e-07,6.87434e-05
6.61363e-07,6.67975e-05
6.61463e-07,6.03113e-05
6.61563e-07,4.99334e-05
6.61663e-07,3.63124e-05
6.61763e-07,2.00968e-05
6.61863e-07,2.5841e-06
6.61963e-07,-1.36314e-05
6.62063e-07,-2.7901e-05
6.62163e-07,-4.08734e-05
6.62263e-07,-5.12514e-05
6.62363e-07,-5.90348e-05
6.62463e-07,-6.29265e-05
6.62563e-07,-6.48724e-05
6.62663e-07,-6.42238e-05
6.62763e-07,-6.09807e-05
6.62863e-07,-5.57917e-05
6.62963e-07,-4.73596e-05
6.63063e-07,-3.69817e-05
6.63163e-07,-2.33607e-05
6.63263e-07,-5.84796e-06
6.63363e-07,1.49079e-05
6.63463e-07,3.76096e-05
6.63563e-07,6.16085e-05
6.63663e-07,8.69047e-05
6.63763e-07,0.000110255
6.63863e-07,0.00013166
6.63963e-07,0.000149821
6.64063e-07,0.000162793
6.64163e-07,0.000169928
6.64263e-07,0.000171225
6.64363e-07,0.000166036
6.64463e-07,0.000155658
6.64563e-07,0.00014074
6.64663e-07,0.00012193
6.64763e-07,0.000100526
6.64863e-07,7.7824e-05
6.64963e-07,5.5771e-05
6.65063e-07,3.43665e-05
6.65163e-07,1.49079e-05
6.65263e-07,-1.30762e-06
6.65363e-07,-1.55773e-05
6.65463e-07,-2.66038e-05
6.65563e-07,-3.43872e-05
6.65663e-07,-3.8279e-05
6.65763e-07,-3.95762e-05
6.65863e-07,-3.76303e-05
6.65963e-07,-3.37386e-05
6.66063e-07,-2.7901e-05
6.66163e-07,-2.14148e-05
6.66263e-07,-1.428e-05
6.66363e-07,-7.1452e-06
6.66463e-07,-6.58998e-07
6.66563e-07,3.88134e-06
6.66663e-07,5.8272e-06
6.66763e-07,6.47582e-06
6.66863e-07,5.17858e-06
6.66963e-07,1.93548e-06
6.67063e-07,-1.30762e-06
6.67163e-07,-5.19934e-06
6.67263e-07,-8.44244e-06
6.67363e-07,-1.29828e-05
6.67463e-07,-1.68745e-05
6.67563e-07,-2.07662e-05
6.67663e-07,-2.46579e-05
6.67763e-07,-2.85497e-05
6.67863e-07,-3.309e-05
6.67963e-07,-3.8279e-05
6.68063e-07,-4.34679e-05
6.68163e-07,-4.86569e-05
6.68263e-07,-5.44945e-05
6.68363e-07,-6.03321e-05
6.68463e-07,-6.61696e-05
6.68563e-07,-7.071e-05
6.68663e-07,-7.33045e-05
6.68763e-07,-7.39531e-05
6.68863e-07,-7.26558e-05
6.68963e-07,-6.94127e-05
6.69063e-07,-6.48724e-05
6.69163e-07,-5.90348e-05
6.69263e-07,-5.31972e-05
6.69363e-07,-4.6711e-05
6.69463e-07,-4.02248e-05
6.69563e-07,-3.24414e-05
6.69663e-07,-2.46579e-05
6.69763e-07,-1.68745e-05
6.69863e-07,-9.09106e-06
6.69963e-07,-6.58998e-07
6.70063e-07,8.42168e-06
6.70163e-07,1.68537e-05
6.70263e-07,2.46372e-05
6.70363e-07,3.11234e-05
6.70463e-07,3.63124e-05
6.70563e-07,4.02041e-05
6.70663e-07,4.27986e-05
6.70763e-07,4.34472e-05
6.70863e-07,4.34472e-05
6.70963e-07,4.27986e-05
6.71063e-07,4.34472e-05
6.71163e-07,4.5393e-05
6.71263e-07,4.99334e-05
6.71363e-07,5.51223e-05
6.71463e-07,6.22572e-05
6.71563e-07,7.06892e-05
6.71663e-07,7.91213e-05
6.71763e-07,8.75533e-05
6.71863e-07,9.59854e-05
6.71963e-07,0.00010312
6.72063e-07,0.000108309
6.72163e-07,0.000111552
6.72263e-07,0.000112201
6.72363e-07,0.000111552
6.72463e-07,0.000109606
6.72563e-07,0.000107661
6.72663e-07,0.000106363
6.72763e-07,0.000107012
6.72863e-07,0.000108958
6.72963e-07,0.00011285
6.73063e-07,0.00011739
6.73163e-07,0.000122579
6.73263e-07,0.000127119
6.73363e-07,0.000130362
6.73463e-07,0.000131011
6.73563e-07,0.000127768
6.73663e-07,0.00012193
6.73763e-07,0.00011285
6.73863e-07,0.000100526
6.73963e-07,8.49589e-05
6.74063e-07,6.74461e-05
6.74163e-07,4.86361e-05
6.74263e-07,2.98261e-05
6.74363e-07,1.23134e-05
6.74463e-07,-1.95624e-06
6.74563e-07,-1.428e-05
6.74663e-07,-2.40093e-05
6.74763e-07,-3.11441e-05
6.74863e-07,-3.69817e-05
6.74963e-07,-4.15221e-05
6.75063e-07,-4.47652e-05
6.75163e-07,-4.73596e-05
6.75263e-07,-4.93055e-05
6.75363e-07,-5.19e-05
6.75463e-07,-5.38459e-05
6.75563e-07,-5.38459e-05
6.75663e-07,-5.25486e-05
6.75763e-07,-4.93055e-05
6.75863e-07,-4.47652e-05
6.75963e-07,-3.8279e-05
6.76063e-07,-3.17928e-05
6.76163e-07,-2.53066e-05
6.76263e-07,-1.9469e-05
6.76363e-07,-1.49286e-05
6.76463e-07,-1.29828e-05
6.76563e-07,-1.16855e-05
6.76663e-07,-1.23342e-05
6.76763e-07,-1.16855e-05
6.76863e-07,-9.09106e-06
6.76963e-07,-3.25348e-06
6.77063e-07,5.8272e-06
6.77163e-07,1.8151e-05
6.77263e-07,3.24206e-05
6.77363e-07,4.73389e-05
6.77463e-07,6.29058e-05
6.77563e-07,7.65268e-05
6.77663e-07,8.75533e-05
6.77763e-07,9.46882e-05
6.77863e-07,9.59854e-05
6.77963e-07,9.27423e-05
6.78063e-07,8.62561e-05
6.78163e-07,7.65268e-05
6.78263e-07,6.61489e-05
6.78363e-07,5.51223e-05
6.78463e-07,4.47444e-05
6.78563e-07,3.56637e-05
6.78663e-07,2.78803e-05
6.78763e-07,2.07455e-05
6.78863e-07,1.42593e-05
6.78963e-07,7.77306e-06
6.79063e-07,6.38242e-07
6.79163e-07,-7.1452e-06
6.79263e-07,-1.428e-05
6.79363e-07,-2.01176e-05
6.79463e-07,-2.46579e-05
6.79563e-07,-2.46579e-05
6.79663e-07,-2.14148e-05
6.79763e-07,-1.428e-05
6.79863e-07,-3.25348e-06
6.79963e-07,1.23134e-05
6.80063e-07,3.04748e-05
6.80163e-07,5.0582e-05
6.80263e-07,6.9392e-05
6.80363e-07,8.49589e-05
6.80463e-07,9.6634e-05
6.80563e-07,0.000102472
6.80663e-07,0.000103769
6.80763e-07,9.98771e-05
6.80863e-07,9.14451e-05
6.80963e-07,7.91213e-05
6.81063e-07,6.4203e-05
6.81163e-07,4.92848e-05
6.81263e-07,3.37179e-05
6.81363e-07,1.94482e-05
6.81463e-07,7.12444e-06
6.81563e-07,-2.60486e-06
6.81663e-07,-9.09106e-06
6.81763e-07,-1.10369e-05
6.81863e-07,-9.73968e-06
6.81963e-07,-3.9021e-06
6.82063e-07,6.47582e-06
6.82163e-07,2.07455e-05
6.82263e-07,3.82582e-05
6.82363e-07,5.83654e-05
6.82463e-07,8.04185e-05
6.82563e-07,0.000102472
6.82663e-07,0.000123876
6.82763e-07,0.000142037
6.82863e-07,0.000155658
