LECROYWaveRunner‘N,20113,Waveform
Segments,1,SegmentSize,2002
Segment,TrigTime,TimeSinceSegment1
#1,01-Oct-2018 13:40:52,0                 
Time,Ampl
4.827146e-07,0.000167982
4.828146e-07,0.000180955
4.829146e-07,0.000188089
4.830146e-07,0.000188089
4.831146e-07,0.000182252
4.832146e-07,0.000170577
4.833146e-07,0.000155658
4.834146e-07,0.000138146
4.835146e-07,0.000119336
4.836146e-07,0.000100526
4.837146e-07,8.36616e-05
4.838146e-07,6.87434e-05
4.839146e-07,5.5771e-05
4.840146e-07,4.5393e-05
4.841146e-07,3.82582e-05
4.842146e-07,3.37179e-05
4.843146e-07,3.04748e-05
4.844146e-07,2.91775e-05
4.845146e-07,2.91775e-05
4.846146e-07,3.04748e-05
4.847146e-07,3.24206e-05
4.848146e-07,3.63124e-05
4.849146e-07,4.02041e-05
4.850146e-07,4.34472e-05
4.851146e-07,4.47444e-05
4.852146e-07,4.47444e-05
4.853146e-07,4.27986e-05
4.854146e-07,3.76096e-05
4.855146e-07,2.91775e-05
4.856146e-07,1.8151e-05
4.857146e-07,4.52996e-06
4.858146e-07,-9.73968e-06
4.859146e-07,-2.40093e-05
4.860146e-07,-3.56845e-05
4.861146e-07,-4.54138e-05
4.862146e-07,-5.12514e-05
4.863146e-07,-5.31972e-05
4.864146e-07,-5.25486e-05
4.865146e-07,-4.93055e-05
4.866146e-07,-4.54138e-05
4.867146e-07,-4.15221e-05
4.868146e-07,-3.95762e-05
4.869146e-07,-3.8279e-05
4.870146e-07,-3.95762e-05
4.871146e-07,-4.21707e-05
4.872146e-07,-4.47652e-05
4.873146e-07,-4.60624e-05
4.874146e-07,-4.60624e-05
4.875146e-07,-4.34679e-05
4.876146e-07,-3.89276e-05
4.877146e-07,-3.24414e-05
4.878146e-07,-2.46579e-05
4.879146e-07,-1.62259e-05
4.880146e-07,-9.09106e-06
4.881146e-07,-4.55072e-06
4.882146e-07,-4.55072e-06
4.883146e-07,-7.79382e-06
4.884146e-07,-1.36314e-05
4.885146e-07,-2.07662e-05
4.886146e-07,-2.85497e-05
4.887146e-07,-3.43872e-05
4.888146e-07,-3.56845e-05
4.889146e-07,-3.04955e-05
4.890146e-07,-1.88204e-05
4.891146e-07,6.38242e-07
4.892146e-07,2.6583e-05
4.893146e-07,5.77168e-05
4.894146e-07,9.14451e-05
4.895146e-07,0.000125822
4.896146e-07,0.000157604
4.897146e-07,0.000185495
4.898146e-07,0.000207548
4.899146e-07,0.000223115
4.900146e-07,0.000232196
4.901146e-07,0.000235439
4.902146e-07,0.000233493
4.903146e-07,0.000227007
4.904146e-07,0.000217926
4.905146e-07,0.000205602
4.906146e-07,0.000191333
4.907146e-07,0.00017382
4.908146e-07,0.000154361
4.909146e-07,0.000132957
4.910146e-07,0.000108958
4.911146e-07,8.3013e-05
4.912146e-07,5.64196e-05
4.913146e-07,2.91775e-05
4.914146e-07,2.5841e-06
4.915146e-07,-2.14148e-05
4.916146e-07,-4.21707e-05
4.917146e-07,-5.83862e-05
4.918146e-07,-6.94127e-05
4.919146e-07,-7.65476e-05
4.920146e-07,-7.9142e-05
4.921146e-07,-7.78448e-05
4.922146e-07,-7.39531e-05
4.923146e-07,-6.74669e-05
4.924146e-07,-5.96834e-05
4.925146e-07,-5.06027e-05
4.926146e-07,-4.02248e-05
4.927146e-07,-2.85497e-05
4.928146e-07,-1.62259e-05
4.929146e-07,-2.60486e-06
4.930146e-07,1.10162e-05
4.931146e-07,2.33399e-05
4.932146e-07,3.50151e-05
4.933146e-07,4.47444e-05
4.934146e-07,5.12306e-05
4.935146e-07,5.44737e-05
4.936146e-07,5.51223e-05
4.937146e-07,5.25279e-05
4.938146e-07,4.66903e-05
4.939146e-07,3.89068e-05
4.940146e-07,3.1772e-05
4.941146e-07,2.59344e-05
4.942146e-07,2.26913e-05
4.943146e-07,2.20427e-05
4.944146e-07,2.46372e-05
4.945146e-07,3.04748e-05
4.946146e-07,3.95555e-05
4.947146e-07,4.92848e-05
4.948146e-07,5.90141e-05
4.949146e-07,6.80947e-05
4.950146e-07,7.58782e-05
4.951146e-07,8.10671e-05
4.952146e-07,8.36616e-05
4.953146e-07,8.56075e-05
4.954146e-07,8.69047e-05
4.955146e-07,8.8202e-05
4.956146e-07,9.01478e-05
4.957146e-07,9.40395e-05
4.958146e-07,9.98771e-05
4.959146e-07,0.000106363
4.960146e-07,0.000113498
4.961146e-07,0.000119336
4.962146e-07,0.000122579
4.963146e-07,0.000123227
4.964146e-07,0.000121282
4.965146e-07,0.000115444
4.966146e-07,0.000108309
4.967146e-07,9.98771e-05
4.968146e-07,9.14451e-05
4.969146e-07,8.56075e-05
4.970146e-07,8.36616e-05
4.971146e-07,8.56075e-05
4.972146e-07,9.20937e-05
4.973146e-07,0.00010312
4.974146e-07,0.00011739
4.975146e-07,0.000134254
4.976146e-07,0.000152415
4.977146e-07,0.000169928
4.978146e-07,0.000184846
4.979146e-07,0.000196522
4.980146e-07,0.000204954
4.981146e-07,0.000210143
4.982146e-07,0.000212737
4.983146e-07,0.000214034
4.984146e-07,0.000214034
4.985146e-07,0.000214683
4.986146e-07,0.000214683
4.987146e-07,0.000215332
4.988146e-07,0.00021598
4.989146e-07,0.000214683
4.990146e-07,0.00021144
4.991146e-07,0.000203656
4.992146e-07,0.000191333
4.993146e-07,0.000175766
4.994146e-07,0.000156307
4.995146e-07,0.000134254
4.996146e-07,0.000110904
4.997146e-07,8.88506e-05
4.998146e-07,6.80947e-05
4.999146e-07,5.18792e-05
5.000146e-07,3.95555e-05
5.001146e-07,3.24206e-05
5.002146e-07,2.98261e-05
5.003146e-07,3.04748e-05
5.004146e-07,3.43665e-05
5.005146e-07,3.95555e-05
5.006146e-07,4.5393e-05
5.007146e-07,5.0582e-05
5.008146e-07,5.44737e-05
5.009146e-07,5.83654e-05
5.010146e-07,6.09599e-05
5.011146e-07,6.29058e-05
5.012146e-07,6.48516e-05
5.013146e-07,6.67975e-05
5.014146e-07,6.74461e-05
5.015146e-07,6.74461e-05
5.016146e-07,6.55003e-05
5.017146e-07,6.22572e-05
5.018146e-07,5.83654e-05
5.019146e-07,5.31765e-05
5.020146e-07,4.86361e-05
5.021146e-07,4.40958e-05
5.022146e-07,4.15013e-05
5.023146e-07,4.15013e-05
5.024146e-07,4.60417e-05
5.025146e-07,5.44737e-05
5.026146e-07,6.67975e-05
5.027146e-07,8.23644e-05
5.028146e-07,0.000100526
5.029146e-07,0.000118687
5.030146e-07,0.000134903
5.031146e-07,0.000147875
5.032146e-07,0.000155658
5.033146e-07,0.000158902
5.034146e-07,0.000157604
5.035146e-07,0.000151767
5.036146e-07,0.000143335
5.037146e-07,0.000133605
5.038146e-07,0.000123876
5.039146e-07,0.000115444
5.040146e-07,0.000109606
5.041146e-07,0.000105066
5.042146e-07,0.000101823
5.043146e-07,9.85799e-05
5.044146e-07,9.53368e-05
5.045146e-07,9.14451e-05
5.046146e-07,8.49589e-05
5.047146e-07,7.65268e-05
5.048146e-07,6.74461e-05
5.049146e-07,5.83654e-05
5.050146e-07,5.12306e-05
5.051146e-07,4.73389e-05
5.052146e-07,4.66903e-05
5.053146e-07,5.18792e-05
5.054146e-07,6.09599e-05
5.055146e-07,7.32837e-05
5.056146e-07,8.75533e-05
5.057146e-07,0.000101823
5.058146e-07,0.000115444
5.059146e-07,0.000125173
5.060146e-07,0.000131011
5.061146e-07,0.000132308
5.062146e-07,0.000129065
5.063146e-07,0.000121282
5.064146e-07,0.000110255
5.065146e-07,9.79313e-05
5.066146e-07,8.56075e-05
5.067146e-07,7.39323e-05
5.068146e-07,6.48516e-05
5.069146e-07,5.83654e-05
5.070146e-07,5.44737e-05
5.071146e-07,5.25279e-05
5.072146e-07,5.31765e-05
5.073146e-07,5.5771e-05
5.074146e-07,5.96627e-05
5.075146e-07,6.55003e-05
5.076146e-07,7.26351e-05
5.077146e-07,8.17158e-05
5.078146e-07,9.27423e-05
5.079146e-07,0.000105715
5.080146e-07,0.000119336
5.081146e-07,0.000132957
5.082146e-07,0.000146578
5.083146e-07,0.000157604
5.084146e-07,0.000166685
5.085146e-07,0.000173171
5.086146e-07,0.000175766
5.087146e-07,0.000175117
5.088146e-07,0.000169928
5.089146e-07,0.000160847
5.090146e-07,0.000149821
5.091146e-07,0.0001362
5.092146e-07,0.000121282
5.093146e-07,0.000105715
5.094146e-07,8.88506e-05
5.095146e-07,7.13378e-05
5.096146e-07,5.31765e-05
5.097146e-07,3.50151e-05
5.098146e-07,1.75024e-05
5.099146e-07,1.93548e-06
5.100146e-07,-1.23342e-05
5.101146e-07,-2.27121e-05
5.102146e-07,-3.04955e-05
5.103146e-07,-3.309e-05
5.104146e-07,-3.11441e-05
5.105146e-07,-2.46579e-05
5.106146e-07,-1.55773e-05
5.107146e-07,-3.9021e-06
5.108146e-07,8.42168e-06
5.109146e-07,2.00968e-05
5.110146e-07,3.11234e-05
5.111146e-07,3.95555e-05
5.112146e-07,4.60417e-05
5.113146e-07,4.86361e-05
5.114146e-07,4.92848e-05
5.115146e-07,4.79875e-05
5.116146e-07,4.60417e-05
5.117146e-07,4.34472e-05
5.118146e-07,4.08527e-05
5.119146e-07,3.82582e-05
5.120146e-07,3.56637e-05
5.121146e-07,3.24206e-05
5.122146e-07,2.72317e-05
5.123146e-07,2.13941e-05
5.124146e-07,1.2962e-05
5.125146e-07,3.23272e-06
5.126146e-07,-8.44244e-06
5.127146e-07,-2.01176e-05
5.128146e-07,-3.17928e-05
5.129146e-07,-4.21707e-05
5.130146e-07,-4.93055e-05
5.131146e-07,-5.38459e-05
5.132146e-07,-5.51431e-05
5.133146e-07,-5.25486e-05
5.134146e-07,-4.86569e-05
5.135146e-07,-4.34679e-05
5.136146e-07,-3.8279e-05
5.137146e-07,-3.43872e-05
5.138146e-07,-3.309e-05
5.139146e-07,-3.43872e-05
5.140146e-07,-3.76303e-05
5.141146e-07,-4.15221e-05
5.142146e-07,-4.47652e-05
5.143146e-07,-4.54138e-05
5.144146e-07,-4.15221e-05
5.145146e-07,-3.04955e-05
5.146146e-07,-1.29828e-05
5.147146e-07,1.10162e-05
5.148146e-07,4.15013e-05
5.149146e-07,7.71754e-05
5.150146e-07,0.000115444
5.151146e-07,0.000153713
5.152146e-07,0.000189387
5.153146e-07,0.00022052
5.154146e-07,0.000245168
5.155146e-07,0.000263329
5.156146e-07,0.000275005
5.157146e-07,0.000280842
5.158146e-07,0.000282788
5.159146e-07,0.000281491
5.160146e-07,0.000279545
5.161146e-07,0.000276302
5.162146e-07,0.00027241
5.163146e-07,0.00026787
5.164146e-07,0.000261384
5.165146e-07,0.000252303
5.166146e-07,0.00023933
5.167146e-07,0.000222466
5.168146e-07,0.00020171
5.169146e-07,0.00017836
5.170146e-07,0.000153064
5.171146e-07,0.000128416
5.172146e-07,0.000105066
5.173146e-07,8.49589e-05
5.174146e-07,6.80947e-05
5.175146e-07,5.44737e-05
5.176146e-07,4.27986e-05
5.177146e-07,3.37179e-05
5.178146e-07,2.39886e-05
5.179146e-07,1.2962e-05
5.180146e-07,-6.58998e-07
5.181146e-07,-1.81717e-05
5.182146e-07,-3.76303e-05
5.183146e-07,-5.90348e-05
5.184146e-07,-7.97907e-05
5.185146e-07,-9.86006e-05
5.186146e-07,-0.000114816
5.187146e-07,-0.000125843
5.188146e-07,-0.000131032
5.189146e-07,-0.000131032
5.190146e-07,-0.000125194
5.191146e-07,-0.000116113
5.192146e-07,-0.000104438
5.193146e-07,-9.14658e-05
5.194146e-07,-7.9142e-05
5.195146e-07,-6.68183e-05
5.196146e-07,-5.64403e-05
5.197146e-07,-4.6711e-05
5.198146e-07,-3.95762e-05
5.199146e-07,-3.309e-05
5.200146e-07,-2.72524e-05
5.201146e-07,-2.14148e-05
5.202146e-07,-1.62259e-05
5.203146e-07,-1.23342e-05
5.204146e-07,-9.73968e-06
5.205146e-07,-9.09106e-06
5.206146e-07,-1.10369e-05
5.207146e-07,-1.428e-05
5.208146e-07,-1.88204e-05
5.209146e-07,-2.40093e-05
5.210146e-07,-2.85497e-05
5.211146e-07,-3.24414e-05
5.212146e-07,-3.309e-05
5.213146e-07,-3.11441e-05
5.214146e-07,-2.59552e-05
5.215146e-07,-1.81717e-05
5.216146e-07,-8.44244e-06
5.217146e-07,1.93548e-06
5.218146e-07,1.16648e-05
5.219146e-07,1.94482e-05
5.220146e-07,2.52858e-05
5.221146e-07,2.85289e-05
5.222146e-07,2.91775e-05
5.223146e-07,2.98261e-05
5.224146e-07,3.11234e-05
5.225146e-07,3.56637e-05
5.226146e-07,4.34472e-05
5.227146e-07,5.64196e-05
5.228146e-07,7.52296e-05
5.229146e-07,9.85799e-05
5.230146e-07,0.000126471
5.231146e-07,0.000156307
5.232146e-07,0.000185495
5.233146e-07,0.000212737
5.234146e-07,0.000235439
5.235146e-07,0.000251006
5.236146e-07,0.000259438
5.237146e-07,0.000259438
5.238146e-07,0.000251654
5.239146e-07,0.000236087
5.240146e-07,0.000214683
5.241146e-07,0.000189387
5.242146e-07,0.000160847
5.243146e-07,0.000131011
5.244146e-07,0.000101823
5.245146e-07,7.52296e-05
5.246146e-07,5.18792e-05
5.247146e-07,3.1772e-05
5.248146e-07,1.62051e-05
5.249146e-07,5.8272e-06
5.250146e-07,6.38242e-07
5.251146e-07,-1.03779e-08
5.252146e-07,4.52996e-06
5.253146e-07,1.36106e-05
5.254146e-07,2.52858e-05
5.255146e-07,3.89068e-05
5.256146e-07,5.31765e-05
5.257146e-07,6.61489e-05
5.258146e-07,7.65268e-05
5.259146e-07,8.3013e-05
5.260146e-07,8.69047e-05
5.261146e-07,8.75533e-05
5.262146e-07,8.56075e-05
5.263146e-07,8.10671e-05
5.264146e-07,7.58782e-05
5.265146e-07,7.13378e-05
5.266146e-07,6.80947e-05
5.267146e-07,6.55003e-05
5.268146e-07,6.48516e-05
5.269146e-07,6.55003e-05
5.270146e-07,6.48516e-05
5.271146e-07,6.29058e-05
5.272146e-07,5.90141e-05
5.273146e-07,5.25279e-05
5.274146e-07,4.34472e-05
5.275146e-07,3.1772e-05
5.276146e-07,1.8151e-05
5.277146e-07,3.88134e-06
5.278146e-07,-1.10369e-05
5.279146e-07,-2.46579e-05
5.280146e-07,-3.56845e-05
5.281146e-07,-4.54138e-05
5.282146e-07,-5.44945e-05
5.283146e-07,-6.35752e-05
5.284146e-07,-7.13586e-05
5.285146e-07,-7.97907e-05
5.286146e-07,-8.88713e-05
5.287146e-07,-9.86006e-05
5.288146e-07,-0.000107033
5.289146e-07,-0.000114168
5.290146e-07,-0.000118059
5.291146e-07,-0.000117411
5.292146e-07,-0.000111573
5.293146e-07,-9.86006e-05
5.294146e-07,-8.04393e-05
5.295146e-07,-5.7089e-05
5.296146e-07,-2.98469e-05
5.297146e-07,-1.03779e-08
5.298146e-07,2.98261e-05
5.299146e-07,5.83654e-05
5.300146e-07,8.49589e-05
5.301146e-07,0.000107661
5.302146e-07,0.000126471
5.303146e-07,0.000142686
5.304146e-07,0.000156307
5.305146e-07,0.000168631
5.306146e-07,0.00017836
5.307146e-07,0.000185495
5.308146e-07,0.000190035
5.309146e-07,0.000191333
5.310146e-07,0.000187441
5.311146e-07,0.00017836
5.312146e-07,0.000163442
5.313146e-07,0.000143335
5.314146e-07,0.00011739
5.315146e-07,8.8202e-05
5.316146e-07,5.83654e-05
5.317146e-07,3.04748e-05
5.318146e-07,7.77306e-06
5.319146e-07,-7.79382e-06
5.320146e-07,-1.428e-05
5.321146e-07,-1.10369e-05
5.322146e-07,6.38242e-07
5.323146e-07,2.00968e-05
5.324146e-07,4.47444e-05
5.325146e-07,7.13378e-05
5.326146e-07,9.6634e-05
5.327146e-07,0.000118687
5.328146e-07,0.000135551
5.329146e-07,0.000147226
5.330146e-07,0.000152415
5.331146e-07,0.000153064
5.332146e-07,0.000150469
5.333146e-07,0.000146578
5.334146e-07,0.000143335
5.335146e-07,0.00014074
5.336146e-07,0.000140092
5.337146e-07,0.00014074
5.338146e-07,0.000142037
5.339146e-07,0.000143335
5.340146e-07,0.000142686
5.341146e-07,0.00014074
5.342146e-07,0.000135551
5.343146e-07,0.000127768
5.344146e-07,0.000119336
5.345146e-07,0.000110255
5.346146e-07,0.000101823
5.347146e-07,9.59854e-05
5.348146e-07,9.27423e-05
5.349146e-07,9.33909e-05
5.350146e-07,9.79313e-05
5.351146e-07,0.000105715
5.352146e-07,0.000115444
5.353146e-07,0.000127119
5.354146e-07,0.000138794
5.355146e-07,0.000148524
5.356146e-07,0.000156307
5.357146e-07,0.000161496
5.358146e-07,0.000164739
5.359146e-07,0.000165388
5.360146e-07,0.000164091
5.361146e-07,0.000161496
5.362146e-07,0.000157604
5.363146e-07,0.000153713
5.364146e-07,0.000149821
5.365146e-07,0.000145281
5.366146e-07,0.000140092
5.367146e-07,0.000134254
5.368146e-07,0.000129065
5.369146e-07,0.000123876
5.370146e-07,0.000119984
5.371146e-07,0.00011739
5.372146e-07,0.000116093
5.373146e-07,0.000116093
5.374146e-07,0.000116093
5.375146e-07,0.00011739
5.376146e-07,0.00011739
5.377146e-07,0.000116093
5.378146e-07,0.000111552
5.379146e-07,0.000104417
5.380146e-07,9.33909e-05
5.381146e-07,7.97699e-05
5.382146e-07,6.48516e-05
5.383146e-07,5.0582e-05
5.384146e-07,3.89068e-05
5.385146e-07,3.04748e-05
5.386146e-07,2.78803e-05
5.387146e-07,3.11234e-05
5.388146e-07,4.08527e-05
5.389146e-07,5.51223e-05
5.390146e-07,7.26351e-05
5.391146e-07,9.07964e-05
5.392146e-07,0.000107661
5.393146e-07,0.000119984
5.394146e-07,0.000127119
5.395146e-07,0.000127768
5.396146e-07,0.000122579
5.397146e-07,0.000112201
5.398146e-07,9.85799e-05
5.399146e-07,8.36616e-05
5.400146e-07,7.13378e-05
5.401146e-07,6.29058e-05
5.402146e-07,5.96627e-05
5.403146e-07,6.29058e-05
5.404146e-07,7.13378e-05
5.405146e-07,8.36616e-05
5.406146e-07,9.92285e-05
5.407146e-07,0.000115444
5.408146e-07,0.000129714
5.409146e-07,0.000142037
5.410146e-07,0.000150469
5.411146e-07,0.000156307
5.412146e-07,0.00015955
5.413146e-07,0.000161496
5.414146e-07,0.000163442
5.415146e-07,0.000167334
5.416146e-07,0.000173171
5.417146e-07,0.000182252
5.418146e-07,0.000191981
5.419146e-07,0.000202359
5.420146e-07,0.000212088
5.421146e-07,0.000221169
5.422146e-07,0.000226358
5.423146e-07,0.000228304
5.424146e-07,0.000226358
5.425146e-07,0.000221169
5.426146e-07,0.000212737
5.427146e-07,0.000202359
5.428146e-07,0.000190684
5.429146e-07,0.000179009
5.430146e-07,0.000168631
5.431146e-07,0.000157604
5.432146e-07,0.000147875
5.433146e-07,0.000138794
5.434146e-07,0.000130362
5.435146e-07,0.000123227
5.436146e-07,0.000118038
5.437146e-07,0.000114147
5.438146e-07,0.00011285
5.439146e-07,0.000114795
5.440146e-07,0.000120633
5.441146e-07,0.00013166
5.442146e-07,0.000147226
5.443146e-07,0.000166685
5.444146e-07,0.000188089
5.445146e-07,0.000210143
5.446146e-07,0.000232844
5.447146e-07,0.000252303
5.448146e-07,0.00026787
5.449146e-07,0.000278896
5.450146e-07,0.000284085
5.451146e-07,0.000285382
5.452146e-07,0.000282139
5.453146e-07,0.000275005
5.454146e-07,0.000264627
5.455146e-07,0.000252303
5.456146e-07,0.000238033
5.457146e-07,0.00022052
5.458146e-07,0.00020171
5.459146e-07,0.000179657
5.460146e-07,0.00015501
5.461146e-07,0.000128416
5.462146e-07,9.98771e-05
5.463146e-07,7.13378e-05
5.464146e-07,4.40958e-05
5.465146e-07,2.07455e-05
5.466146e-07,3.88134e-06
5.467146e-07,-6.49658e-06
5.468146e-07,-8.44244e-06
5.469146e-07,-2.60486e-06
5.470146e-07,9.0703e-06
5.471146e-07,2.46372e-05
5.472146e-07,4.21499e-05
5.473146e-07,5.77168e-05
5.474146e-07,6.87434e-05
5.475146e-07,7.39323e-05
5.476146e-07,7.06892e-05
5.477146e-07,5.90141e-05
5.478146e-07,3.89068e-05
5.479146e-07,1.23134e-05
5.480146e-07,-1.9469e-05
5.481146e-07,-5.31972e-05
5.482146e-07,-8.75741e-05
5.483146e-07,-0.000120005
5.484146e-07,-0.000149842
5.485146e-07,-0.000175786
5.486146e-07,-0.000199137
5.487146e-07,-0.000219893
5.488146e-07,-0.000236757
5.489146e-07,-0.000250378
5.490146e-07,-0.000260756
5.491146e-07,-0.000267242
5.492146e-07,-0.000269836
5.493146e-07,-0.000267242
5.494146e-07,-0.000259458
5.495146e-07,-0.000246486
5.496146e-07,-0.000227027
5.497146e-07,-0.000203028
5.498146e-07,-0.000174489
5.499146e-07,-0.000143355
5.500146e-07,-0.000110276
5.501146e-07,-7.78448e-05
5.502146e-07,-4.6711e-05
5.503146e-07,-1.68745e-05
5.504146e-07,1.03675e-05
5.505146e-07,3.63124e-05
5.506146e-07,5.96627e-05
5.507146e-07,8.10671e-05
5.508146e-07,0.000100526
5.509146e-07,0.000118687
5.510146e-07,0.000134903
5.511146e-07,0.000149172
5.512146e-07,0.00015955
5.513146e-07,0.000167334
5.514146e-07,0.000171874
5.515146e-07,0.000171874
5.516146e-07,0.000168631
5.517146e-07,0.000162145
5.518146e-07,0.000153064
5.519146e-07,0.000142686
5.520146e-07,0.000132308
5.521146e-07,0.000122579
5.522146e-07,0.000113498
5.523146e-07,0.000107012
5.524146e-07,0.000101174
5.525146e-07,9.6634e-05
5.526146e-07,9.27423e-05
5.527146e-07,8.94992e-05
5.528146e-07,8.56075e-05
5.529146e-07,8.3013e-05
5.530146e-07,8.04185e-05
5.531146e-07,7.97699e-05
5.532146e-07,8.17158e-05
5.533146e-07,8.75533e-05
5.534146e-07,9.79313e-05
5.535146e-07,0.000112201
5.536146e-07,0.000129714
5.537146e-07,0.000150469
5.538146e-07,0.000171874
5.539146e-07,0.000191981
5.540146e-07,0.000209494
5.541146e-07,0.000221818
5.542146e-07,0.000227007
5.543146e-07,0.000225709
5.544146e-07,0.000216629
5.545146e-07,0.000201062
5.546146e-07,0.000180955
5.547146e-07,0.000158253
5.548146e-07,0.000135551
5.549146e-07,0.000114795
5.550146e-07,9.72826e-05
5.551146e-07,8.43102e-05
5.552146e-07,7.58782e-05
5.553146e-07,7.13378e-05
5.554146e-07,6.87434e-05
5.555146e-07,6.80947e-05
5.556146e-07,6.67975e-05
5.557146e-07,6.4203e-05
5.558146e-07,6.09599e-05
5.559146e-07,5.64196e-05
5.560146e-07,5.12306e-05
5.561146e-07,4.60417e-05
5.562146e-07,4.21499e-05
5.563146e-07,4.08527e-05
5.564146e-07,4.27986e-05
5.565146e-07,4.66903e-05
5.566146e-07,5.25279e-05
5.567146e-07,5.83654e-05
5.568146e-07,6.4203e-05
5.569146e-07,6.87434e-05
5.570146e-07,7.06892e-05
5.571146e-07,7.06892e-05
5.572146e-07,6.74461e-05
5.573146e-07,6.22572e-05
5.574146e-07,5.51223e-05
5.575146e-07,4.66903e-05
5.576146e-07,3.82582e-05
5.577146e-07,3.04748e-05
5.578146e-07,2.26913e-05
5.579146e-07,1.42593e-05
5.580146e-07,5.8272e-06
5.581146e-07,-3.25348e-06
5.582146e-07,-1.23342e-05
5.583146e-07,-2.33607e-05
5.584146e-07,-3.43872e-05
5.585146e-07,-4.54138e-05
5.586146e-07,-5.57917e-05
5.587146e-07,-6.42238e-05
5.588146e-07,-6.87641e-05
5.589146e-07,-6.87641e-05
5.590146e-07,-6.5521e-05
5.591146e-07,-5.90348e-05
5.592146e-07,-4.99541e-05
5.593146e-07,-3.95762e-05
5.594146e-07,-2.91983e-05
5.595146e-07,-2.07662e-05
5.596146e-07,-1.428e-05
5.597146e-07,-1.10369e-05
5.598146e-07,-1.10369e-05
5.599146e-07,-1.29828e-05
5.600146e-07,-1.55773e-05
5.601146e-07,-1.68745e-05
5.602146e-07,-1.62259e-05
5.603146e-07,-1.23342e-05
5.604146e-07,-5.84796e-06
5.605146e-07,5.17858e-06
5.606146e-07,1.87996e-05
5.607146e-07,3.43665e-05
5.608146e-07,4.99334e-05
5.609146e-07,6.48516e-05
5.610146e-07,7.71754e-05
5.611146e-07,8.62561e-05
5.612146e-07,9.14451e-05
5.613146e-07,9.20937e-05
5.614146e-07,8.94992e-05
5.615146e-07,8.3013e-05
5.616146e-07,7.52296e-05
5.617146e-07,6.67975e-05
5.618146e-07,5.77168e-05
5.619146e-07,4.92848e-05
5.620146e-07,4.15013e-05
5.621146e-07,3.56637e-05
5.622146e-07,3.04748e-05
5.623146e-07,2.59344e-05
5.624146e-07,2.20427e-05
5.625146e-07,1.94482e-05
5.626146e-07,1.87996e-05
5.627146e-07,1.87996e-05
5.628146e-07,2.00968e-05
5.629146e-07,2.20427e-05
5.630146e-07,2.46372e-05
5.631146e-07,2.59344e-05
5.632146e-07,2.6583e-05
5.633146e-07,2.59344e-05
5.634146e-07,2.20427e-05
5.635146e-07,1.62051e-05
5.636146e-07,7.77306e-06
5.637146e-07,-2.60486e-06
5.638146e-07,-1.36314e-05
5.639146e-07,-2.46579e-05
5.640146e-07,-3.309e-05
5.641146e-07,-3.76303e-05
5.642146e-07,-3.89276e-05
5.643146e-07,-3.56845e-05
5.644146e-07,-2.85497e-05
5.645146e-07,-1.68745e-05
5.646146e-07,-3.25348e-06
5.647146e-07,1.23134e-05
5.648146e-07,2.72317e-05
5.649146e-07,4.15013e-05
5.650146e-07,5.38251e-05
5.651146e-07,6.48516e-05
5.652146e-07,7.52296e-05
5.653146e-07,8.43102e-05
5.654146e-07,9.53368e-05
5.655146e-07,0.000107661
5.656146e-07,0.000123227
5.657146e-07,0.00014074
5.658146e-07,0.000160199
5.659146e-07,0.000180306
5.660146e-07,0.000199116
5.661146e-07,0.000215332
5.662146e-07,0.000225709
5.663146e-07,0.000231547
5.664146e-07,0.000230898
5.665146e-07,0.000224412
5.666146e-07,0.000212737
5.667146e-07,0.00019717
5.668146e-07,0.000179657
5.669146e-07,0.000162145
5.670146e-07,0.000146578
5.671146e-07,0.000133605
5.672146e-07,0.000123876
5.673146e-07,0.000118038
5.674146e-07,0.000116093
5.675146e-07,0.000116093
5.676146e-07,0.000118038
5.677146e-07,0.000119984
5.678146e-07,0.000122579
5.679146e-07,0.000123876
5.680146e-07,0.000123876
5.681146e-07,0.000123227
5.682146e-07,0.000122579
5.683146e-07,0.00012193
5.684146e-07,0.000122579
5.685146e-07,0.000125173
5.686146e-07,0.000129065
5.687146e-07,0.000135551
5.688146e-07,0.000143335
5.689146e-07,0.000151118
5.690146e-07,0.000158253
5.691146e-07,0.000164091
5.692146e-07,0.000167334
5.693146e-07,0.000167334
5.694146e-07,0.000164091
5.695146e-07,0.000157604
5.696146e-07,0.000147875
5.697146e-07,0.0001362
5.698146e-07,0.000122579
5.699146e-07,0.000107012
5.700146e-07,9.01478e-05
5.701146e-07,7.13378e-05
5.702146e-07,5.12306e-05
5.703146e-07,3.11234e-05
5.704146e-07,9.71892e-06
5.705146e-07,-1.29828e-05
5.706146e-07,-3.56845e-05
5.707146e-07,-5.77376e-05
5.708146e-07,-7.84934e-05
5.709146e-07,-9.73034e-05
5.710146e-07,-0.000113519
5.711146e-07,-0.000125843
5.712146e-07,-0.000133626
5.713146e-07,-0.000137518
5.714146e-07,-0.000138166
5.715146e-07,-0.000135572
5.716146e-07,-0.000129734
5.717146e-07,-0.000121951
5.718146e-07,-0.000112222
5.719146e-07,-0.000101195
5.720146e-07,-8.88713e-05
5.721146e-07,-7.65476e-05
5.722146e-07,-6.29265e-05
5.723146e-07,-4.80083e-05
5.724146e-07,-3.17928e-05
5.725146e-07,-1.62259e-05
5.726146e-07,-1.03779e-08
5.727146e-07,1.55565e-05
5.728146e-07,2.91775e-05
5.729146e-07,4.02041e-05
5.730146e-07,4.79875e-05
5.731146e-07,5.12306e-05
5.732146e-07,5.12306e-05
5.733146e-07,4.73389e-05
5.734146e-07,4.15013e-05
5.735146e-07,3.43665e-05
5.736146e-07,2.6583e-05
5.737146e-07,2.00968e-05
5.738146e-07,1.49079e-05
5.739146e-07,1.23134e-05
5.740146e-07,1.16648e-05
5.741146e-07,1.2962e-05
5.742146e-07,1.55565e-05
5.743146e-07,1.87996e-05
5.744146e-07,2.26913e-05
5.745146e-07,2.59344e-05
5.746146e-07,2.85289e-05
5.747146e-07,3.11234e-05
5.748146e-07,3.37179e-05
5.749146e-07,3.89068e-05
5.750146e-07,4.60417e-05
5.751146e-07,5.5771e-05
5.752146e-07,6.9392e-05
5.753146e-07,8.49589e-05
5.754146e-07,0.000102472
5.755146e-07,0.000120633
5.756146e-07,0.000137497
5.757146e-07,0.000151767
5.758146e-07,0.000160847
5.759146e-07,0.000165388
5.760146e-07,0.000162793
5.761146e-07,0.00015501
5.762146e-07,0.000142037
5.763146e-07,0.000125822
5.764146e-07,0.000108309
5.765146e-07,9.07964e-05
5.766146e-07,7.65268e-05
5.767146e-07,6.55003e-05
5.768146e-07,5.96627e-05
5.769146e-07,5.83654e-05
5.770146e-07,6.03113e-05
5.771146e-07,6.55003e-05
5.772146e-07,7.13378e-05
5.773146e-07,7.71754e-05
5.774146e-07,8.17158e-05
5.775146e-07,8.36616e-05
5.776146e-07,8.3013e-05
5.777146e-07,7.91213e-05
5.778146e-07,7.26351e-05
5.779146e-07,6.29058e-05
5.780146e-07,5.18792e-05
5.781146e-07,4.02041e-05
5.782146e-07,2.85289e-05
5.783146e-07,1.68537e-05
5.784146e-07,5.8272e-06
5.785146e-07,-3.9021e-06
5.786146e-07,-1.16855e-05
5.787146e-07,-1.75231e-05
5.788146e-07,-2.07662e-05
5.789146e-07,-2.01176e-05
5.790146e-07,-1.62259e-05
5.791146e-07,-9.09106e-06
5.792146e-07,6.38242e-07
5.793146e-07,1.10162e-05
5.794146e-07,2.20427e-05
5.795146e-07,3.04748e-05
5.796146e-07,3.56637e-05
5.797146e-07,3.6961e-05
5.798146e-07,3.24206e-05
5.799146e-07,2.26913e-05
5.800146e-07,9.0703e-06
5.801146e-07,-7.79382e-06
5.802146e-07,-2.66038e-05
5.803146e-07,-4.41165e-05
5.804146e-07,-5.90348e-05
5.805146e-07,-6.81155e-05
5.806146e-07,-7.13586e-05
5.807146e-07,-6.87641e-05
5.808146e-07,-5.96834e-05
5.809146e-07,-4.60624e-05
5.810146e-07,-2.91983e-05
5.811146e-07,-1.23342e-05
5.812146e-07,3.23272e-06
5.813146e-07,1.62051e-05
5.814146e-07,2.52858e-05
5.815146e-07,3.11234e-05
5.816146e-07,3.24206e-05
5.817146e-07,3.11234e-05
5.818146e-07,2.72317e-05
5.819146e-07,2.20427e-05
5.820146e-07,1.62051e-05
5.821146e-07,1.10162e-05
5.822146e-07,6.47582e-06
5.823146e-07,1.93548e-06
5.824146e-07,-1.95624e-06
5.825146e-07,-5.19934e-06
5.826146e-07,-8.44244e-06
5.827146e-07,-1.23342e-05
5.828146e-07,-1.55773e-05
5.829146e-07,-1.75231e-05
5.830146e-07,-1.75231e-05
5.831146e-07,-1.55773e-05
5.832146e-07,-9.73968e-06
5.833146e-07,-1.03779e-08
5.834146e-07,1.36106e-05
5.835146e-07,3.11234e-05
5.836146e-07,5.18792e-05
5.837146e-07,7.52296e-05
5.838146e-07,9.92285e-05
5.839146e-07,0.000124525
5.840146e-07,0.000149172
5.841146e-07,0.000172523
5.842146e-07,0.00019263
5.843146e-07,0.000209494
5.844146e-07,0.000222466
5.845146e-07,0.000231547
5.846146e-07,0.000236087
5.847146e-07,0.000237385
5.848146e-07,0.000236087
5.849146e-07,0.000232844
5.850146e-07,0.000228304
5.851146e-07,0.000223764
5.852146e-07,0.000219223
5.853146e-07,0.00021598
5.854146e-07,0.000214034
5.855146e-07,0.000214034
5.856146e-07,0.000216629
5.857146e-07,0.00022052
5.858146e-07,0.000226358
5.859146e-07,0.000232196
5.860146e-07,0.000236736
5.861146e-07,0.000238033
5.862146e-07,0.000235439
5.863146e-07,0.000228304
5.864146e-07,0.00021598
5.865146e-07,0.000199116
5.866146e-07,0.000177712
5.867146e-07,0.000152415
5.868146e-07,0.000125173
5.869146e-07,9.79313e-05
5.870146e-07,7.39323e-05
5.871146e-07,5.38251e-05
5.872146e-07,4.02041e-05
5.873146e-07,3.37179e-05
5.874146e-07,3.56637e-05
5.875146e-07,4.5393e-05
5.876146e-07,6.29058e-05
5.877146e-07,8.49589e-05
5.878146e-07,0.000110904
5.879146e-07,0.000138794
5.880146e-07,0.000165388
5.881146e-07,0.000190684
5.882146e-07,0.000212088
5.883146e-07,0.000228953
5.884146e-07,0.000240628
5.885146e-07,0.000246465
5.886146e-07,0.000247763
5.887146e-07,0.000245168
5.888146e-07,0.000241276
5.889146e-07,0.000236087
5.890146e-07,0.000231547
5.891146e-07,0.000227655
5.892146e-07,0.000224412
5.893146e-07,0.000221818
5.894146e-07,0.00022052
5.895146e-07,0.000219223
5.896146e-07,0.000218575
5.897146e-07,0.000216629
5.898146e-07,0.000214034
5.899146e-07,0.000209494
5.900146e-07,0.000204305
5.901146e-07,0.00019717
5.902146e-07,0.000190035
5.903146e-07,0.000182901
5.904146e-07,0.000176414
5.905146e-07,0.000170577
5.906146e-07,0.000166036
5.907146e-07,0.000162793
5.908146e-07,0.000160199
5.909146e-07,0.00015955
5.910146e-07,0.00015955
5.911146e-07,0.000160847
5.912146e-07,0.000162793
5.913146e-07,0.000166036
5.914146e-07,0.000169928
5.915146e-07,0.000173171
5.916146e-07,0.000175766
5.917146e-07,0.00017836
5.918146e-07,0.00017836
5.919146e-07,0.000177063
5.920146e-07,0.000174468
5.921146e-07,0.000170577
5.922146e-07,0.000164739
5.923146e-07,0.000158253
5.924146e-07,0.000151118
5.925146e-07,0.000143983
5.926146e-07,0.000138146
5.927146e-07,0.000132957
5.928146e-07,0.000130362
5.929146e-07,0.000129065
5.930146e-07,0.000129065
5.931146e-07,0.000129714
5.932146e-07,0.00013166
5.933146e-07,0.000132308
5.934146e-07,0.000132308
5.935146e-07,0.000131011
5.936146e-07,0.000129065
5.937146e-07,0.000125822
5.938146e-07,0.000122579
5.939146e-07,0.000119336
5.940146e-07,0.00011739
5.941146e-07,0.000118038
5.942146e-07,0.00012193
5.943146e-07,0.000129714
5.944146e-07,0.000141389
5.945146e-07,0.000156307
5.946146e-07,0.000174468
5.947146e-07,0.000193278
5.948146e-07,0.000212737
5.949146e-07,0.000230898
5.950146e-07,0.000246465
5.951146e-07,0.000256843
5.952146e-07,0.000263329
5.953146e-07,0.000264627
5.954146e-07,0.000260735
5.955146e-07,0.000252303
5.956146e-07,0.000241276
5.957146e-07,0.000227655
5.958146e-07,0.000212737
5.959146e-07,0.00019717
5.960146e-07,0.000183549
5.961146e-07,0.000171874
5.962146e-07,0.000162145
5.963146e-07,0.000154361
5.964146e-07,0.000149821
5.965146e-07,0.000147875
5.966146e-07,0.000147875
5.967146e-07,0.000150469
5.968146e-07,0.00015501
5.969146e-07,0.000162145
5.970146e-07,0.000171225
5.971146e-07,0.000181603
5.972146e-07,0.000193927
5.973146e-07,0.000206899
5.974146e-07,0.00022052
5.975146e-07,0.000233493
5.976146e-07,0.000245168
5.977146e-07,0.000254897
5.978146e-07,0.000262032
5.979146e-07,0.000265924
5.980146e-07,0.000266573
5.981146e-07,0.000263329
5.982146e-07,0.000257492
5.983146e-07,0.000247114
5.984146e-07,0.000233493
5.985146e-07,0.000216629
5.986146e-07,0.000195873
5.987146e-07,0.000172523
5.988146e-07,0.000146578
5.989146e-07,0.000119336
5.990146e-07,9.20937e-05
5.991146e-07,6.55003e-05
5.992146e-07,4.15013e-05
5.993146e-07,2.20427e-05
5.994146e-07,9.0703e-06
5.995146e-07,1.93548e-06
5.996146e-07,1.28686e-06
5.997146e-07,7.77306e-06
5.998146e-07,1.8151e-05
5.999146e-07,3.24206e-05
6.000146e-07,4.79875e-05
6.001146e-07,6.16085e-05
6.002146e-07,7.13378e-05
6.003146e-07,7.58782e-05
6.004146e-07,7.45809e-05
6.005146e-07,6.80947e-05
6.006146e-07,5.64196e-05
6.007146e-07,4.02041e-05
6.008146e-07,2.20427e-05
6.009146e-07,3.23272e-06
6.010146e-07,-1.55773e-05
6.011146e-07,-3.309e-05
6.012146e-07,-4.86569e-05
6.013146e-07,-6.09807e-05
6.014146e-07,-7.20072e-05
6.015146e-07,-8.10879e-05
6.016146e-07,-8.952e-05
6.017146e-07,-9.73034e-05
6.018146e-07,-0.00010379
6.019146e-07,-0.000110276
6.020146e-07,-0.000114816
6.021146e-07,-0.000118059
6.022146e-07,-0.000120005
6.023146e-07,-0.000120005
6.024146e-07,-0.000117411
6.025146e-07,-0.00011287
6.026146e-07,-0.000107033
6.027146e-07,-9.98979e-05
6.028146e-07,-9.34117e-05
6.029146e-07,-8.62769e-05
6.030146e-07,-8.04393e-05
6.031146e-07,-7.52503e-05
6.032146e-07,-7.071e-05
6.033146e-07,-6.61696e-05
6.034146e-07,-6.22779e-05
6.035146e-07,-5.83862e-05
6.036146e-07,-5.51431e-05
6.037146e-07,-5.12514e-05
6.038146e-07,-4.73596e-05
6.039146e-07,-4.41165e-05
6.040146e-07,-4.21707e-05
6.041146e-07,-4.02248e-05
6.042146e-07,-3.95762e-05
6.043146e-07,-3.95762e-05
6.044146e-07,-4.02248e-05
6.045146e-07,-4.02248e-05
6.046146e-07,-3.76303e-05
6.047146e-07,-3.24414e-05
6.048146e-07,-2.27121e-05
6.049146e-07,-8.44244e-06
6.050146e-07,1.16648e-05
6.051146e-07,3.6961e-05
6.052146e-07,6.74461e-05
6.053146e-07,0.000100526
6.054146e-07,0.000134254
6.055146e-07,0.000167334
6.056146e-07,0.00019717
6.057146e-07,0.000223115
6.058146e-07,0.000242574
6.059146e-07,0.000254249
6.060146e-07,0.000257492
6.061146e-07,0.000252951
6.062146e-07,0.000241276
6.063146e-07,0.000224412
6.064146e-07,0.000203656
6.065146e-07,0.000180306
6.066146e-07,0.000156307
6.067146e-07,0.000132308
6.068146e-07,0.000110255
6.069146e-07,9.01478e-05
6.070146e-07,7.19865e-05
6.071146e-07,5.64196e-05
6.072146e-07,4.34472e-05
6.073146e-07,3.24206e-05
6.074146e-07,2.26913e-05
6.075146e-07,1.55565e-05
6.076146e-07,1.16648e-05
6.077146e-07,1.03675e-05
6.078146e-07,1.16648e-05
6.079146e-07,1.62051e-05
6.080146e-07,2.39886e-05
6.081146e-07,3.50151e-05
6.082146e-07,4.73389e-05
6.083146e-07,6.16085e-05
6.084146e-07,7.52296e-05
6.085146e-07,8.75533e-05
6.086146e-07,9.85799e-05
6.087146e-07,0.000106363
6.088146e-07,0.000110255
6.089146e-07,0.000110904
6.090146e-07,0.000107012
6.091146e-07,9.92285e-05
6.092146e-07,8.94992e-05
6.093146e-07,7.84727e-05
6.094146e-07,6.67975e-05
6.095146e-07,5.51223e-05
6.096146e-07,4.47444e-05
6.097146e-07,3.63124e-05
6.098146e-07,3.04748e-05
6.099146e-07,2.6583e-05
6.100146e-07,2.6583e-05
6.101146e-07,2.98261e-05
6.102146e-07,3.63124e-05
6.103146e-07,4.60417e-05
6.104146e-07,5.83654e-05
6.105146e-07,7.26351e-05
6.106146e-07,8.8202e-05
6.107146e-07,0.000105066
6.108146e-07,0.00012193
6.109146e-07,0.000138146
6.110146e-07,0.000153064
6.111146e-07,0.000166036
6.112146e-07,0.000175766
6.113146e-07,0.000182901
6.114146e-07,0.000186144
6.115146e-07,0.000187441
6.116146e-07,0.000186144
6.117146e-07,0.000184198
6.118146e-07,0.000180306
6.119146e-07,0.000176414
6.120146e-07,0.000170577
6.121146e-07,0.000163442
6.122146e-07,0.00015501
6.123146e-07,0.000144632
6.124146e-07,0.000132957
6.125146e-07,0.000119984
6.126146e-07,0.000105715
6.127146e-07,9.01478e-05
6.128146e-07,7.45809e-05
6.129146e-07,6.09599e-05
6.130146e-07,4.86361e-05
6.131146e-07,3.89068e-05
6.132146e-07,3.37179e-05
6.133146e-07,3.37179e-05
6.134146e-07,3.82582e-05
6.135146e-07,4.66903e-05
6.136146e-07,5.77168e-05
6.137146e-07,7.13378e-05
6.138146e-07,8.56075e-05
6.139146e-07,0.000101174
6.140146e-07,0.00011739
6.141146e-07,0.000133605
6.142146e-07,0.000148524
6.143146e-07,0.000163442
6.144146e-07,0.000176414
6.145146e-07,0.000189387
6.146146e-07,0.000200413
6.147146e-07,0.00021144
6.148146e-07,0.000221169
6.149146e-07,0.00023025
6.150146e-07,0.000238033
6.151146e-07,0.000245168
6.152146e-07,0.000251654
6.153146e-07,0.000257492
6.154146e-07,0.000262032
6.155146e-07,0.000265924
6.156146e-07,0.000268518
6.157146e-07,0.000270464
6.158146e-07,0.000270464
6.159146e-07,0.000268518
6.160146e-07,0.000262681
6.161146e-07,0.0002536
6.162146e-07,0.000240628
6.163146e-07,0.000225061
6.164146e-07,0.000206899
6.165146e-07,0.000187441
6.166146e-07,0.000167982
6.167146e-07,0.000149172
6.168146e-07,0.00013166
6.169146e-07,0.00011739
6.170146e-07,0.000106363
6.171146e-07,9.85799e-05
6.172146e-07,9.46882e-05
6.173146e-07,9.27423e-05
6.174146e-07,9.14451e-05
6.175146e-07,9.01478e-05
6.176146e-07,8.88506e-05
6.177146e-07,8.62561e-05
6.178146e-07,8.3013e-05
6.179146e-07,7.84727e-05
6.180146e-07,7.39323e-05
6.181146e-07,7.00406e-05
6.182146e-07,6.87434e-05
6.183146e-07,7.00406e-05
6.184146e-07,7.39323e-05
6.185146e-07,8.04185e-05
6.186146e-07,8.94992e-05
6.187146e-07,9.92285e-05
6.188146e-07,0.000110255
6.189146e-07,0.000119984
6.190146e-07,0.000129065
6.191146e-07,0.000134903
6.192146e-07,0.000138794
6.193146e-07,0.000138794
6.194146e-07,0.000136848
6.195146e-07,0.000132957
6.196146e-07,0.000129065
6.197146e-07,0.000126471
6.198146e-07,0.000124525
6.199146e-07,0.000123876
6.200146e-07,0.000125173
6.201146e-07,0.000127768
6.202146e-07,0.000130362
6.203146e-07,0.00013166
6.204146e-07,0.000131011
6.205146e-07,0.000126471
6.206146e-07,0.000118038
6.207146e-07,0.000105066
6.208146e-07,8.8202e-05
6.209146e-07,6.67975e-05
6.210146e-07,4.40958e-05
6.211146e-07,2.00968e-05
6.212146e-07,-1.30762e-06
6.213146e-07,-2.07662e-05
6.214146e-07,-3.56845e-05
6.215146e-07,-4.6711e-05
6.216146e-07,-5.19e-05
6.217146e-07,-5.25486e-05
6.218146e-07,-4.86569e-05
6.219146e-07,-4.15221e-05
6.220146e-07,-3.11441e-05
6.221146e-07,-1.88204e-05
6.222146e-07,-5.19934e-06
6.223146e-07,9.0703e-06
6.224146e-07,2.33399e-05
6.225146e-07,3.82582e-05
6.226146e-07,5.31765e-05
6.227146e-07,6.80947e-05
6.228146e-07,8.3013e-05
6.229146e-07,9.85799e-05
6.230146e-07,0.000114147
6.231146e-07,0.000129714
6.232146e-07,0.000144632
6.233146e-07,0.000158902
6.234146e-07,0.000171225
6.235146e-07,0.000182252
6.236146e-07,0.000190035
6.237146e-07,0.000194576
6.238146e-07,0.000194576
6.239146e-07,0.000190684
6.240146e-07,0.000182901
6.241146e-07,0.000171225
6.242146e-07,0.000155658
6.243146e-07,0.000138794
6.244146e-07,0.000119984
6.245146e-07,0.000101823
6.246146e-07,8.43102e-05
6.247146e-07,6.80947e-05
6.248146e-07,5.51223e-05
6.249146e-07,4.60417e-05
6.250146e-07,4.02041e-05
6.251146e-07,3.6961e-05
6.252146e-07,3.43665e-05
6.253146e-07,3.24206e-05
6.254146e-07,2.98261e-05
6.255146e-07,2.52858e-05
6.256146e-07,1.87996e-05
6.257146e-07,9.71892e-06
6.258146e-07,-6.58998e-07
6.259146e-07,-1.16855e-05
6.260146e-07,-2.20635e-05
6.261146e-07,-3.17928e-05
6.262146e-07,-3.89276e-05
6.263146e-07,-4.34679e-05
6.264146e-07,-4.41165e-05
6.265146e-07,-4.21707e-05
6.266146e-07,-3.69817e-05
6.267146e-07,-3.04955e-05
6.268146e-07,-2.27121e-05
6.269146e-07,-1.49286e-05
6.270146e-07,-7.79382e-06
6.271146e-07,-1.95624e-06
6.272146e-07,2.5841e-06
6.273146e-07,4.52996e-06
6.274146e-07,4.52996e-06
6.275146e-07,2.5841e-06
6.276146e-07,-1.03779e-08
6.277146e-07,-2.60486e-06
6.278146e-07,-5.19934e-06
6.279146e-07,-7.1452e-06
6.280146e-07,-5.84796e-06
6.281146e-07,-2.60486e-06
6.282146e-07,3.88134e-06
6.283146e-07,1.16648e-05
6.284146e-07,2.20427e-05
6.285146e-07,3.37179e-05
6.286146e-07,4.5393e-05
6.287146e-07,5.5771e-05
6.288146e-07,6.55003e-05
6.289146e-07,7.45809e-05
6.290146e-07,8.10671e-05
6.291146e-07,8.56075e-05
6.292146e-07,8.75533e-05
6.293146e-07,8.88506e-05
6.294146e-07,8.94992e-05
6.295146e-07,8.88506e-05
6.296146e-07,8.88506e-05
6.297146e-07,8.94992e-05
6.298146e-07,8.94992e-05
6.299146e-07,9.01478e-05
6.300146e-07,9.14451e-05
6.301146e-07,9.27423e-05
6.302146e-07,9.33909e-05
6.303146e-07,9.33909e-05
6.304146e-07,9.14451e-05
6.305146e-07,8.8202e-05
6.306146e-07,8.23644e-05
6.307146e-07,7.45809e-05
6.308146e-07,6.4203e-05
6.309146e-07,5.18792e-05
6.310146e-07,3.76096e-05
6.311146e-07,2.20427e-05
6.312146e-07,7.77306e-06
6.313146e-07,-4.55072e-06
6.314146e-07,-1.49286e-05
6.315146e-07,-2.14148e-05
6.316146e-07,-2.40093e-05
6.317146e-07,-2.27121e-05
6.318146e-07,-1.75231e-05
6.319146e-07,-9.09106e-06
6.320146e-07,1.28686e-06
6.321146e-07,1.23134e-05
6.322146e-07,2.20427e-05
6.323146e-07,2.85289e-05
6.324146e-07,3.24206e-05
6.325146e-07,3.30692e-05
6.326146e-07,3.1772e-05
6.327146e-07,2.91775e-05
6.328146e-07,2.6583e-05
6.329146e-07,2.59344e-05
6.330146e-07,2.72317e-05
6.331146e-07,3.24206e-05
6.332146e-07,4.15013e-05
6.333146e-07,5.51223e-05
6.334146e-07,7.19865e-05
6.335146e-07,9.01478e-05
6.336146e-07,0.000108309
6.337146e-07,0.000125173
6.338146e-07,0.000139443
6.339146e-07,0.000149821
6.340146e-07,0.000156956
6.341146e-07,0.000160199
6.342146e-07,0.000160199
6.343146e-07,0.000157604
6.344146e-07,0.000154361
6.345146e-07,0.000151767
6.346146e-07,0.000149172
6.347146e-07,0.000146578
6.348146e-07,0.000143335
6.349146e-07,0.00014074
6.350146e-07,0.000136848
6.351146e-07,0.000132308
6.352146e-07,0.000126471
6.353146e-07,0.000119336
6.354146e-07,0.000112201
6.355146e-07,0.000104417
6.356146e-07,9.85799e-05
6.357146e-07,9.53368e-05
6.358146e-07,9.53368e-05
6.359146e-07,9.92285e-05
6.360146e-07,0.000105715
6.361146e-07,0.000114147
6.362146e-07,0.000124525
6.363146e-07,0.000134254
6.364146e-07,0.000143335
6.365146e-07,0.000150469
6.366146e-07,0.000153064
6.367146e-07,0.000151118
6.368146e-07,0.000143983
6.369146e-07,0.000133605
6.370146e-07,0.000120633
6.371146e-07,0.000105066
6.372146e-07,8.94992e-05
6.373146e-07,7.52296e-05
6.374146e-07,6.22572e-05
6.375146e-07,5.12306e-05
6.376146e-07,4.34472e-05
6.377146e-07,3.82582e-05
6.378146e-07,3.43665e-05
6.379146e-07,3.24206e-05
6.380146e-07,3.04748e-05
6.381146e-07,3.04748e-05
6.382146e-07,3.04748e-05
6.383146e-07,3.04748e-05
6.384146e-07,3.11234e-05
6.385146e-07,3.24206e-05
6.386146e-07,3.50151e-05
6.387146e-07,3.76096e-05
6.388146e-07,4.15013e-05
6.389146e-07,4.60417e-05
6.390146e-07,4.99334e-05
6.391146e-07,5.31765e-05
6.392146e-07,5.5771e-05
6.393146e-07,5.77168e-05
6.394146e-07,6.03113e-05
6.395146e-07,6.22572e-05
6.396146e-07,6.61489e-05
6.397146e-07,7.26351e-05
6.398146e-07,8.23644e-05
6.399146e-07,9.46882e-05
6.400146e-07,0.000110255
6.401146e-07,0.000127768
6.402146e-07,0.000145281
6.403146e-07,0.000161496
6.404146e-07,0.00017382
6.405146e-07,0.000182252
6.406146e-07,0.000184846
6.407146e-07,0.000180955
6.408146e-07,0.000171225
6.409146e-07,0.000157604
6.410146e-07,0.000140092
6.411146e-07,0.00012193
6.412146e-07,0.000104417
6.413146e-07,9.01478e-05
6.414146e-07,7.91213e-05
6.415146e-07,7.06892e-05
6.416146e-07,6.61489e-05
6.417146e-07,6.4203e-05
6.418146e-07,6.29058e-05
6.419146e-07,6.09599e-05
6.420146e-07,5.70682e-05
6.421146e-07,5.0582e-05
6.422146e-07,4.27986e-05
6.423146e-07,3.24206e-05
6.424146e-07,2.20427e-05
6.425146e-07,1.10162e-05
6.426146e-07,1.93548e-06
6.427146e-07,-4.55072e-06
6.428146e-07,-7.1452e-06
6.429146e-07,-5.84796e-06
6.430146e-07,-6.58998e-07
6.431146e-07,7.12444e-06
6.432146e-07,1.75024e-05
6.433146e-07,2.85289e-05
6.434146e-07,4.02041e-05
6.435146e-07,5.0582e-05
6.436146e-07,5.96627e-05
6.437146e-07,6.87434e-05
6.438146e-07,7.65268e-05
6.439146e-07,8.43102e-05
6.440146e-07,9.27423e-05
6.441146e-07,0.000101823
6.442146e-07,0.000110904
6.443146e-07,0.000119336
6.444146e-07,0.000127768
6.445146e-07,0.000134254
6.446146e-07,0.000139443
6.447146e-07,0.000141389
6.448146e-07,0.000141389
6.449146e-07,0.000138794
6.450146e-07,0.000133605
6.451146e-07,0.000127119
6.452146e-07,0.000120633
6.453146e-07,0.000115444
6.454146e-07,0.000113498
6.455146e-07,0.00011285
6.456146e-07,0.000114795
6.457146e-07,0.000118038
6.458146e-07,0.000122579
6.459146e-07,0.000126471
6.460146e-07,0.000127768
6.461146e-07,0.000126471
6.462146e-07,0.000121282
6.463146e-07,0.000111552
6.464146e-07,9.92285e-05
6.465146e-07,8.43102e-05
6.466146e-07,6.74461e-05
6.467146e-07,5.12306e-05
6.468146e-07,3.56637e-05
6.469146e-07,2.33399e-05
6.470146e-07,1.2962e-05
6.471146e-07,5.17858e-06
6.472146e-07,6.38242e-07
6.473146e-07,-1.30762e-06
6.474146e-07,-1.95624e-06
6.475146e-07,-1.30762e-06
6.476146e-07,6.38242e-07
6.477146e-07,3.23272e-06
6.478146e-07,8.42168e-06
6.479146e-07,1.55565e-05
6.480146e-07,2.46372e-05
6.481146e-07,3.56637e-05
6.482146e-07,4.92848e-05
6.483146e-07,6.48516e-05
6.484146e-07,8.23644e-05
6.485146e-07,0.000100526
6.486146e-07,0.000118038
6.487146e-07,0.000132957
6.488146e-07,0.000143983
6.489146e-07,0.000151118
6.490146e-07,0.000152415
6.491146e-07,0.000149172
6.492146e-07,0.00014074
6.493146e-07,0.000129065
6.494146e-07,0.000114795
6.495146e-07,9.79313e-05
6.496146e-07,8.10671e-05
6.497146e-07,6.4203e-05
6.498146e-07,4.86361e-05
6.499146e-07,3.37179e-05
6.500146e-07,1.94482e-05
6.501146e-07,6.47582e-06
6.502146e-07,-6.49658e-06
6.503146e-07,-1.88204e-05
6.504146e-07,-2.98469e-05
6.505146e-07,-4.02248e-05
6.506146e-07,-4.93055e-05
6.507146e-07,-5.64403e-05
6.508146e-07,-6.09807e-05
6.509146e-07,-6.16293e-05
6.510146e-07,-5.90348e-05
6.511146e-07,-5.31972e-05
6.512146e-07,-4.41165e-05
6.513146e-07,-3.17928e-05
6.514146e-07,-1.75231e-05
6.515146e-07,-1.95624e-06
6.516146e-07,1.49079e-05
6.517146e-07,3.1772e-05
6.518146e-07,4.86361e-05
6.519146e-07,6.4203e-05
6.520146e-07,7.84727e-05
6.521146e-07,9.14451e-05
6.522146e-07,0.00010312
6.523146e-07,0.000113498
6.524146e-07,0.00012193
6.525146e-07,0.000129065
6.526146e-07,0.000134903
6.527146e-07,0.000137497
6.528146e-07,0.000138794
6.529146e-07,0.000138146
6.530146e-07,0.000134254
6.531146e-07,0.000128416
6.532146e-07,0.000120633
6.533146e-07,0.000111552
6.534146e-07,0.000101823
6.535146e-07,9.27423e-05
6.536146e-07,8.62561e-05
6.537146e-07,8.17158e-05
6.538146e-07,7.97699e-05
6.539146e-07,7.97699e-05
6.540146e-07,8.3013e-05
6.541146e-07,8.8202e-05
6.542146e-07,9.59854e-05
6.543146e-07,0.000105066
6.544146e-07,0.000114795
6.545146e-07,0.000125173
6.546146e-07,0.000136848
6.547146e-07,0.000148524
6.548146e-07,0.000160847
6.549146e-07,0.000172523
6.550146e-07,0.000183549
6.551146e-07,0.000194576
6.552146e-07,0.000203656
6.553146e-07,0.000212088
6.554146e-07,0.000217277
6.555146e-07,0.000219872
6.556146e-07,0.000219223
6.557146e-07,0.00021598
6.558146e-07,0.000209494
6.559146e-07,0.00020171
6.560146e-07,0.00019263
6.561146e-07,0.000182901
6.562146e-07,0.000173171
6.563146e-07,0.000163442
6.564146e-07,0.000153064
6.565146e-07,0.000142037
6.566146e-07,0.000131011
6.567146e-07,0.000118687
6.568146e-07,0.000105715
6.569146e-07,9.27423e-05
6.570146e-07,7.97699e-05
6.571146e-07,6.80947e-05
6.572146e-07,5.83654e-05
6.573146e-07,5.12306e-05
6.574146e-07,4.79875e-05
6.575146e-07,4.92848e-05
6.576146e-07,5.44737e-05
6.577146e-07,6.35544e-05
6.578146e-07,7.52296e-05
6.579146e-07,8.69047e-05
6.580146e-07,9.79313e-05
6.581146e-07,0.000106363
6.582146e-07,0.000110904
6.583146e-07,0.000110904
6.584146e-07,0.000106363
6.585146e-07,9.6634e-05
6.586146e-07,8.36616e-05
6.587146e-07,6.80947e-05
6.588146e-07,5.18792e-05
6.589146e-07,3.56637e-05
6.590146e-07,2.13941e-05
6.591146e-07,9.71892e-06
6.592146e-07,1.28686e-06
6.593146e-07,-3.9021e-06
6.594146e-07,-5.84796e-06
6.595146e-07,-4.55072e-06
6.596146e-07,-6.58998e-07
6.597146e-07,5.17858e-06
6.598146e-07,1.2962e-05
6.599146e-07,2.20427e-05
6.600146e-07,3.24206e-05
6.601146e-07,4.40958e-05
6.602146e-07,5.51223e-05
6.603146e-07,6.67975e-05
6.604146e-07,7.7824e-05
6.605146e-07,8.69047e-05
6.606146e-07,9.46882e-05
6.607146e-07,9.79313e-05
6.608146e-07,9.79313e-05
6.609146e-07,9.46882e-05
6.610146e-07,8.69047e-05
6.611146e-07,7.58782e-05
6.612146e-07,6.22572e-05
6.613146e-07,4.73389e-05
6.614146e-07,3.30692e-05
6.615146e-07,1.94482e-05
6.616146e-07,9.71892e-06
6.617146e-07,3.88134e-06
6.618146e-07,2.5841e-06
6.619146e-07,6.47582e-06
6.620146e-07,1.55565e-05
6.621146e-07,2.78803e-05
6.622146e-07,4.34472e-05
6.623146e-07,5.96627e-05
6.624146e-07,7.52296e-05
6.625146e-07,8.94992e-05
6.626146e-07,0.000100526
6.627146e-07,0.000107661
6.628146e-07,0.000112201
6.629146e-07,0.000113498
6.630146e-07,0.000112201
6.631146e-07,0.000108309
6.632146e-07,0.00010312
6.633146e-07,9.79313e-05
6.634146e-07,9.27423e-05
6.635146e-07,8.88506e-05
6.636146e-07,8.62561e-05
6.637146e-07,8.56075e-05
6.638146e-07,8.62561e-05
6.639146e-07,8.8202e-05
6.640146e-07,9.14451e-05
6.641146e-07,9.72826e-05
6.642146e-07,0.000105066
6.643146e-07,0.000114795
6.644146e-07,0.000126471
6.645146e-07,0.000138794
6.646146e-07,0.000150469
6.647146e-07,0.000161496
6.648146e-07,0.000170577
6.649146e-07,0.000175766
6.650146e-07,0.000177063
6.651146e-07,0.000173171
6.652146e-07,0.000163442
6.653146e-07,0.000148524
6.654146e-07,0.000129714
6.655146e-07,0.000107661
6.656146e-07,8.49589e-05
6.657146e-07,6.16085e-05
6.658146e-07,4.02041e-05
6.659146e-07,2.26913e-05
6.660146e-07,9.0703e-06
6.661146e-07,6.38242e-07
6.662146e-07,-3.25348e-06
6.663146e-07,-2.60486e-06
6.664146e-07,1.93548e-06
6.665146e-07,9.0703e-06
6.666146e-07,1.8151e-05
6.667146e-07,2.91775e-05
6.668146e-07,4.08527e-05
6.669146e-07,5.31765e-05
6.670146e-07,6.55003e-05
6.671146e-07,7.7824e-05
6.672146e-07,9.01478e-05
6.673146e-07,0.000101174
6.674146e-07,0.000110904
6.675146e-07,0.000119336
6.676146e-07,0.000125822
6.677146e-07,0.000129714
6.678146e-07,0.000131011
6.679146e-07,0.000129714
6.680146e-07,0.000127119
6.681146e-07,0.00012193
6.682146e-07,0.000116093
6.683146e-07,0.000110255
6.684146e-07,0.000104417
6.685146e-07,0.000100526
6.686146e-07,9.6634e-05
6.687146e-07,9.33909e-05
6.688146e-07,9.14451e-05
6.689146e-07,8.88506e-05
6.690146e-07,8.62561e-05
6.691146e-07,8.36616e-05
6.692146e-07,8.04185e-05
6.693146e-07,7.71754e-05
6.694146e-07,7.52296e-05
6.695146e-07,7.52296e-05
6.696146e-07,7.7824e-05
6.697146e-07,8.3013e-05
6.698146e-07,9.07964e-05
6.699146e-07,0.000101174
6.700146e-07,0.00011285
6.701146e-07,0.000125822
6.702146e-07,0.000138146
6.703146e-07,0.000148524
6.704146e-07,0.000157604
6.705146e-07,0.000162793
6.706146e-07,0.000164739
6.707146e-07,0.000164739
6.708146e-07,0.000164091
6.709146e-07,0.000164091
6.710146e-07,0.000164091
6.711146e-07,0.000165388
6.712146e-07,0.000167334
6.713146e-07,0.000169279
6.714146e-07,0.000170577
6.715146e-07,0.000169928
6.716146e-07,0.000166036
6.717146e-07,0.000158902
6.718146e-07,0.000147875
6.719146e-07,0.000132308
6.720146e-07,0.000114147
6.721146e-07,9.46882e-05
6.722146e-07,7.52296e-05
6.723146e-07,5.70682e-05
6.724146e-07,4.27986e-05
6.725146e-07,3.24206e-05
6.726146e-07,2.78803e-05
6.727146e-07,2.78803e-05
6.728146e-07,3.24206e-05
6.729146e-07,4.08527e-05
6.730146e-07,5.0582e-05
6.731146e-07,6.09599e-05
6.732146e-07,7.19865e-05
6.733146e-07,8.23644e-05
6.734146e-07,9.14451e-05
6.735146e-07,9.92285e-05
6.736146e-07,0.000105066
6.737146e-07,0.000110255
6.738146e-07,0.000114147
6.739146e-07,0.000116741
6.740146e-07,0.000119336
6.741146e-07,0.000121282
6.742146e-07,0.00012193
6.743146e-07,0.000122579
6.744146e-07,0.00012193
6.745146e-07,0.00012193
6.746146e-07,0.00012193
6.747146e-07,0.000123876
6.748146e-07,0.000129065
6.749146e-07,0.000136848
6.750146e-07,0.000147875
6.751146e-07,0.000162145
6.752146e-07,0.000179657
6.753146e-07,0.000199765
6.754146e-07,0.000219872
6.755146e-07,0.000239979
6.756146e-07,0.000257492
6.757146e-07,0.000271113
6.758146e-07,0.000279545
6.759146e-07,0.000281491
6.760146e-07,0.000276302
6.761146e-07,0.000263329
6.762146e-07,0.000243871
6.763146e-07,0.000217926
6.764146e-07,0.000186144
6.765146e-07,0.000149172
6.766146e-07,0.000108958
6.767146e-07,6.67975e-05
6.768146e-07,2.46372e-05
6.769146e-07,-1.68745e-05
6.770146e-07,-5.44945e-05
6.771146e-07,-8.69255e-05
6.772146e-07,-0.000112222
6.773146e-07,-0.000129086
6.774146e-07,-0.000136221
6.775146e-07,-0.000133626
6.776146e-07,-0.000121302
6.777146e-07,-0.000100547
6.778146e-07,-7.33045e-05
6.779146e-07,-4.15221e-05
6.780146e-07,-7.79382e-06
6.781146e-07,2.39886e-05
6.782146e-07,5.18792e-05
6.783146e-07,7.32837e-05
6.784146e-07,8.75533e-05
6.785146e-07,9.40395e-05
6.786146e-07,9.33909e-05
6.787146e-07,8.69047e-05
6.788146e-07,7.71754e-05
6.789146e-07,6.55003e-05
6.790146e-07,5.44737e-05
6.791146e-07,4.60417e-05
6.792146e-07,4.21499e-05
6.793146e-07,4.21499e-05
6.794146e-07,4.66903e-05
6.795146e-07,5.31765e-05
6.796146e-07,6.22572e-05
6.797146e-07,7.06892e-05
6.798146e-07,7.7824e-05
6.799146e-07,8.3013e-05
6.800146e-07,8.49589e-05
6.801146e-07,8.36616e-05
6.802146e-07,7.91213e-05
6.803146e-07,7.26351e-05
6.804146e-07,6.48516e-05
6.805146e-07,5.70682e-05
6.806146e-07,4.92848e-05
6.807146e-07,4.21499e-05
6.808146e-07,3.76096e-05
6.809146e-07,3.43665e-05
6.810146e-07,3.37179e-05
6.811146e-07,3.43665e-05
6.812146e-07,3.82582e-05
6.813146e-07,4.34472e-05
6.814146e-07,4.99334e-05
6.815146e-07,5.77168e-05
6.816146e-07,6.74461e-05
6.817146e-07,7.84727e-05
6.818146e-07,9.07964e-05
6.819146e-07,0.000105066
6.820146e-07,0.000119336
6.821146e-07,0.000132957
6.822146e-07,0.000145929
6.823146e-07,0.000156307
6.824146e-07,0.000164091
6.825146e-07,0.000167982
6.826146e-07,0.000167982
6.827146e-07,0.000163442
6.828146e-07,0.00015501
