LECROYWaveRunner‘N,20113,Waveform
Segments,1,SegmentSize,2002
Segment,TrigTime,TimeSinceSegment1
#1,01-Oct-2018 13:40:30,0                 
Time,Ampl
4.827701e-07,0.000102472
4.828701e-07,7.91213e-05
4.829701e-07,5.31765e-05
4.830701e-07,2.59344e-05
4.831701e-07,-1.30762e-06
4.832701e-07,-2.66038e-05
4.833701e-07,-4.73596e-05
4.834701e-07,-6.09807e-05
4.835701e-07,-6.68183e-05
4.836701e-07,-6.29265e-05
4.837701e-07,-5.06027e-05
4.838701e-07,-3.04955e-05
4.839701e-07,-4.55072e-06
4.840701e-07,2.26913e-05
4.841701e-07,4.92848e-05
4.842701e-07,7.26351e-05
4.843701e-07,9.01478e-05
4.844701e-07,0.000101174
4.845701e-07,0.000104417
4.846701e-07,0.000102472
4.847701e-07,9.6634e-05
4.848701e-07,8.8202e-05
4.849701e-07,7.97699e-05
4.850701e-07,7.32837e-05
4.851701e-07,7.06892e-05
4.852701e-07,7.13378e-05
4.853701e-07,7.58782e-05
4.854701e-07,8.3013e-05
4.855701e-07,9.20937e-05
4.856701e-07,0.000100526
4.857701e-07,0.000107661
4.858701e-07,0.000112201
4.859701e-07,0.000115444
4.860701e-07,0.000116093
4.861701e-07,0.000115444
4.862701e-07,0.000114795
4.863701e-07,0.000114795
4.864701e-07,0.000115444
4.865701e-07,0.00011739
4.866701e-07,0.000120633
4.867701e-07,0.000124525
4.868701e-07,0.000128416
4.869701e-07,0.000132957
4.870701e-07,0.000137497
4.871701e-07,0.000142037
4.872701e-07,0.000147226
4.873701e-07,0.000153713
4.874701e-07,0.000162145
4.875701e-07,0.00017382
4.876701e-07,0.000189387
4.877701e-07,0.000208197
4.878701e-07,0.00023025
4.879701e-07,0.000254249
4.880701e-07,0.000278896
4.881701e-07,0.000301598
4.882701e-07,0.000320408
4.883701e-07,0.00033338
4.884701e-07,0.000340515
4.885701e-07,0.000339867
4.886701e-07,0.00033338
4.887701e-07,0.000321705
4.888701e-07,0.00030549
4.889701e-07,0.00028668
4.890701e-07,0.000266573
4.891701e-07,0.000246465
4.892701e-07,0.000226358
4.893701e-07,0.000207548
4.894701e-07,0.000189387
4.895701e-07,0.000171874
4.896701e-07,0.000154361
4.897701e-07,0.000136848
4.898701e-07,0.000119984
4.899701e-07,0.000105066
4.900701e-07,9.27423e-05
4.901701e-07,8.43102e-05
4.902701e-07,8.23644e-05
4.903701e-07,8.62561e-05
4.904701e-07,9.59854e-05
4.905701e-07,0.000111552
4.906701e-07,0.00013166
4.907701e-07,0.000153713
4.908701e-07,0.000175766
4.909701e-07,0.000195224
4.910701e-07,0.000209494
4.911701e-07,0.000217277
4.912701e-07,0.000217926
4.913701e-07,0.00021144
4.914701e-07,0.000198467
4.915701e-07,0.000180306
4.916701e-07,0.000158902
4.917701e-07,0.000135551
4.918701e-07,0.00011285
4.919701e-07,9.07964e-05
4.920701e-07,7.13378e-05
4.921701e-07,5.44737e-05
4.922701e-07,4.15013e-05
4.923701e-07,3.30692e-05
4.924701e-07,2.91775e-05
4.925701e-07,3.04748e-05
4.926701e-07,3.76096e-05
4.927701e-07,5.12306e-05
4.928701e-07,7.06892e-05
4.929701e-07,9.59854e-05
4.930701e-07,0.000126471
4.931701e-07,0.000160199
4.932701e-07,0.000194576
4.933701e-07,0.000227655
4.934701e-07,0.000255546
4.935701e-07,0.000276302
4.936701e-07,0.000288626
4.937701e-07,0.00029122
4.938701e-07,0.000286031
4.939701e-07,0.000273059
4.940701e-07,0.000254897
4.941701e-07,0.000233493
4.942701e-07,0.000212088
4.943701e-07,0.000193278
4.944701e-07,0.000179009
4.945701e-07,0.000169279
4.946701e-07,0.000164739
4.947701e-07,0.000165388
4.948701e-07,0.000168631
4.949701e-07,0.000173171
4.950701e-07,0.000177712
4.951701e-07,0.000181603
4.952701e-07,0.000184198
4.953701e-07,0.000186144
4.954701e-07,0.000188089
4.955701e-07,0.000191333
4.956701e-07,0.000195224
4.957701e-07,0.000201062
4.958701e-07,0.000207548
4.959701e-07,0.000215332
4.960701e-07,0.000223115
4.961701e-07,0.000228953
4.962701e-07,0.000232844
4.963701e-07,0.000233493
4.964701e-07,0.000230898
4.965701e-07,0.000224412
4.966701e-07,0.000215332
4.967701e-07,0.000204954
4.968701e-07,0.000194576
4.969701e-07,0.000183549
4.970701e-07,0.00017382
4.971701e-07,0.000165388
4.972701e-07,0.000156956
4.973701e-07,0.000148524
4.974701e-07,0.000138794
4.975701e-07,0.000127119
4.976701e-07,0.000114147
4.977701e-07,0.000101174
4.978701e-07,8.75533e-05
4.979701e-07,7.58782e-05
4.980701e-07,6.67975e-05
4.981701e-07,6.16085e-05
4.982701e-07,6.09599e-05
4.983701e-07,6.48516e-05
4.984701e-07,7.19865e-05
4.985701e-07,8.04185e-05
4.986701e-07,8.88506e-05
4.987701e-07,9.46882e-05
4.988701e-07,9.53368e-05
4.989701e-07,9.01478e-05
4.990701e-07,7.97699e-05
4.991701e-07,6.35544e-05
4.992701e-07,4.40958e-05
4.993701e-07,2.33399e-05
4.994701e-07,3.23272e-06
4.995701e-07,-1.36314e-05
4.996701e-07,-2.59552e-05
4.997701e-07,-3.24414e-05
4.998701e-07,-3.17928e-05
4.999701e-07,-2.66038e-05
5.000701e-07,-1.68745e-05
5.001701e-07,-4.55072e-06
5.002701e-07,1.03675e-05
5.003701e-07,2.59344e-05
5.004701e-07,4.15013e-05
5.005701e-07,5.64196e-05
5.006701e-07,7.19865e-05
5.007701e-07,8.8202e-05
5.008701e-07,0.000105715
5.009701e-07,0.000123876
5.010701e-07,0.000142037
5.011701e-07,0.000160847
5.012701e-07,0.000176414
5.013701e-07,0.000188738
5.014701e-07,0.000196522
5.015701e-07,0.000198467
5.016701e-07,0.000194576
5.017701e-07,0.000184846
5.018701e-07,0.000171225
5.019701e-07,0.000155658
5.020701e-07,0.000139443
5.021701e-07,0.000125822
5.022701e-07,0.000116741
5.023701e-07,0.000112201
5.024701e-07,0.000112201
5.025701e-07,0.000116093
5.026701e-07,0.000122579
5.027701e-07,0.000131011
5.028701e-07,0.000138146
5.029701e-07,0.000142037
5.030701e-07,0.000142037
5.031701e-07,0.000139443
5.032701e-07,0.000133605
5.033701e-07,0.000127119
5.034701e-07,0.00012193
5.035701e-07,0.000118687
5.036701e-07,0.000119336
5.037701e-07,0.000123876
5.038701e-07,0.00013166
5.039701e-07,0.000143335
5.040701e-07,0.000155658
5.041701e-07,0.000167334
5.042701e-07,0.000175766
5.043701e-07,0.000179009
5.044701e-07,0.000176414
5.045701e-07,0.000167982
5.046701e-07,0.000154361
5.047701e-07,0.000137497
5.048701e-07,0.000118687
5.049701e-07,9.98771e-05
5.050701e-07,8.43102e-05
5.051701e-07,7.26351e-05
5.052701e-07,6.48516e-05
5.053701e-07,6.09599e-05
5.054701e-07,5.96627e-05
5.055701e-07,5.96627e-05
5.056701e-07,6.16085e-05
5.057701e-07,6.35544e-05
5.058701e-07,6.67975e-05
5.059701e-07,7.13378e-05
5.060701e-07,7.84727e-05
5.061701e-07,8.8202e-05
5.062701e-07,0.000102472
5.063701e-07,0.00012193
5.064701e-07,0.000145281
5.065701e-07,0.000173171
5.066701e-07,0.000203008
5.067701e-07,0.000231547
5.068701e-07,0.000256195
5.069701e-07,0.000274356
5.070701e-07,0.000284734
5.071701e-07,0.000285382
5.072701e-07,0.000276302
5.073701e-07,0.000258789
5.074701e-07,0.000234141
5.075701e-07,0.000204954
5.076701e-07,0.000171874
5.077701e-07,0.000137497
5.078701e-07,0.00010312
5.079701e-07,6.87434e-05
5.080701e-07,3.37179e-05
5.081701e-07,-1.95624e-06
5.082701e-07,-3.95762e-05
5.083701e-07,-7.9142e-05
5.084701e-07,-0.000123248
5.085701e-07,-0.000169949
5.086701e-07,-0.000219893
5.087701e-07,-0.000272431
5.088701e-07,-0.000327564
5.089701e-07,-0.000384642
5.090701e-07,-0.000442369
5.091701e-07,-0.000502042
5.092701e-07,-0.000565607
5.093701e-07,-0.00063501
5.094701e-07,-0.000712195
5.095701e-07,-0.00079911
5.096701e-07,-0.000898998
5.097701e-07,-0.00101316
5.098701e-07,-0.00114223
5.099701e-07,-0.00128428
5.100701e-07,-0.00143995
5.101701e-07,-0.00160859
5.102701e-07,-0.00178826
5.103701e-07,-0.00197636
5.104701e-07,-0.00217289
5.105701e-07,-0.0023772
5.106701e-07,-0.002588
5.107701e-07,-0.00280659
5.108701e-07,-0.00303101
5.109701e-07,-0.00326127
5.110701e-07,-0.00349478
5.111701e-07,-0.00372828
5.112701e-07,-0.00396049
5.113701e-07,-0.00418556
5.114701e-07,-0.00440025
5.115701e-07,-0.00460002
5.116701e-07,-0.00478164
5.117701e-07,-0.00494444
5.118701e-07,-0.00508714
5.119701e-07,-0.00520973
5.120701e-07,-0.0053148
5.121701e-07,-0.00540496
5.122701e-07,-0.0054828
5.123701e-07,-0.00555025
5.124701e-07,-0.00560993
5.125701e-07,-0.00566246
5.126701e-07,-0.00570916
5.127701e-07,-0.00574808
5.128701e-07,-0.00577792
5.129701e-07,-0.00579738
5.130701e-07,-0.00580646
5.131701e-07,-0.00580386
5.132701e-07,-0.00579154
5.133701e-07,-0.00577078
5.134701e-07,-0.00574224
5.135701e-07,-0.00570916
5.136701e-07,-0.00567284
5.137701e-07,-0.00563457
5.138701e-07,-0.00559566
5.139701e-07,-0.00555674
5.140701e-07,-0.00551652
5.141701e-07,-0.00547372
5.142701e-07,-0.00542831
5.143701e-07,-0.00537967
5.144701e-07,-0.00532713
5.145701e-07,-0.00527135
5.146701e-07,-0.00521427
5.147701e-07,-0.00515654
5.148701e-07,-0.00510011
5.149701e-07,-0.00504692
5.150701e-07,-0.00499893
5.151701e-07,-0.00495417
5.152701e-07,-0.00491201
5.153701e-07,-0.0048705
5.154701e-07,-0.00482704
5.155701e-07,-0.00477904
5.156701e-07,-0.00472391
5.157701e-07,-0.00466099
5.158701e-07,-0.0045877
5.159701e-07,-0.00450597
5.160701e-07,-0.00441711
5.161701e-07,-0.00432371
5.162701e-07,-0.00422901
5.163701e-07,-0.00413756
5.164701e-07,-0.00405259
5.165701e-07,-0.00397411
5.166701e-07,-0.0039047
5.167701e-07,-0.00384438
5.168701e-07,-0.00379184
5.169701e-07,-0.00374514
5.170701e-07,-0.00370169
5.171701e-07,-0.00365953
5.172701e-07,-0.00361607
5.173701e-07,-0.00357066
5.174701e-07,-0.00352137
5.175701e-07,-0.00346883
5.176701e-07,-0.00341305
5.177701e-07,-0.00335403
5.178701e-07,-0.00329241
5.179701e-07,-0.00322754
5.180701e-07,-0.00316009
5.181701e-07,-0.00308939
5.182701e-07,-0.0030148
5.183701e-07,-0.00293631
5.184701e-07,-0.00285394
5.185701e-07,-0.00276832
5.186701e-07,-0.00268011
5.187701e-07,-0.00259125
5.188701e-07,-0.00250368
5.189701e-07,-0.00241742
5.190701e-07,-0.00233439
5.191701e-07,-0.00225591
5.192701e-07,-0.00218197
5.193701e-07,-0.00211386
5.194701e-07,-0.00204965
5.195701e-07,-0.00198998
5.196701e-07,-0.00193355
5.197701e-07,-0.00187971
5.198701e-07,-0.00182782
5.199701e-07,-0.00177918
5.200701e-07,-0.00173442
5.201701e-07,-0.00169356
5.202701e-07,-0.00165723
5.203701e-07,-0.0016261
5.204701e-07,-0.00160016
5.205701e-07,-0.00157875
5.206701e-07,-0.00156059
5.207701e-07,-0.00154437
5.208701e-07,-0.00152881
5.209701e-07,-0.00151194
5.210701e-07,-0.00149313
5.211701e-07,-0.00147303
5.212701e-07,-0.00145097
5.213701e-07,-0.00143022
5.214701e-07,-0.00141141
5.215701e-07,-0.00139649
5.216701e-07,-0.00138871
5.217701e-07,-0.00138741
5.218701e-07,-0.00139519
5.219701e-07,-0.00141011
5.220701e-07,-0.00143087
5.221701e-07,-0.00145551
5.222701e-07,-0.00148016
5.223701e-07,-0.00150351
5.224701e-07,-0.00152232
5.225701e-07,-0.00153659
5.226701e-07,-0.00154437
5.227701e-07,-0.00154632
5.228701e-07,-0.00154373
5.229701e-07,-0.00153789
5.230701e-07,-0.00153075
5.231701e-07,-0.00152362
5.232701e-07,-0.00151843
5.233701e-07,-0.00151454
5.234701e-07,-0.00151259
5.235701e-07,-0.00151194
5.236701e-07,-0.0015113
5.237701e-07,-0.0015113
5.238701e-07,-0.00150935
5.239701e-07,-0.00150546
5.240701e-07,-0.00149962
5.241701e-07,-0.00149184
5.242701e-07,-0.00148211
5.243701e-07,-0.00147043
5.244701e-07,-0.00145876
5.245701e-07,-0.00144643
5.246701e-07,-0.00143346
5.247701e-07,-0.00142114
5.248701e-07,-0.00140816
5.249701e-07,-0.00139454
5.250701e-07,-0.00138027
5.251701e-07,-0.001366
5.252701e-07,-0.00135173
5.253701e-07,-0.00133811
5.254701e-07,-0.00132579
5.255701e-07,-0.00131541
5.256701e-07,-0.00130568
5.257701e-07,-0.00129725
5.258701e-07,-0.00128947
5.259701e-07,-0.00128104
5.260701e-07,-0.00127131
5.261701e-07,-0.00125898
5.262701e-07,-0.00124277
5.263701e-07,-0.00122331
5.264701e-07,-0.00119931
5.265701e-07,-0.00117142
5.266701e-07,-0.00114158
5.267701e-07,-0.00111175
5.268701e-07,-0.00108321
5.269701e-07,-0.00105856
5.270701e-07,-0.00103845
5.271701e-07,-0.00102483
5.272701e-07,-0.00101705
5.273701e-07,-0.00101445
5.274701e-07,-0.00101575
5.275701e-07,-0.00101834
5.276701e-07,-0.00102159
5.277701e-07,-0.00102353
5.278701e-07,-0.00102288
5.279701e-07,-0.00101899
5.280701e-07,-0.00101251
5.281701e-07,-0.00100407
5.282701e-07,-0.000993696
5.283701e-07,-0.000983319
5.284701e-07,-0.000973589
5.285701e-07,-0.000965806
5.286701e-07,-0.000959968
5.287701e-07,-0.000954779
5.288701e-07,-0.00094959
5.289701e-07,-0.000942455
5.290701e-07,-0.000932078
5.291701e-07,-0.000915862
5.292701e-07,-0.000895755
5.293701e-07,-0.00086981
5.294701e-07,-0.000839325
5.295701e-07,-0.000804948
5.296701e-07,-0.000768625
5.297701e-07,-0.000732303
5.298701e-07,-0.000697926
5.299701e-07,-0.000668089
5.300701e-07,-0.000642793
5.301701e-07,-0.000623334
5.302701e-07,-0.000609065
5.303701e-07,-0.000599984
5.304701e-07,-0.000596092
5.305701e-07,-0.000594795
5.306701e-07,-0.000594795
5.307701e-07,-0.000594795
5.308701e-07,-0.000594146
5.309701e-07,-0.000592201
5.310701e-07,-0.000588309
5.311701e-07,-0.000582471
5.312701e-07,-0.000574688
5.313701e-07,-0.000563013
5.314701e-07,-0.000548743
5.315701e-07,-0.000532528
5.316701e-07,-0.000515663
5.317701e-07,-0.000498799
5.318701e-07,-0.000481935
5.319701e-07,-0.00046572
5.320701e-07,-0.00045145
5.321701e-07,-0.000439126
5.322701e-07,-0.000430046
5.323701e-07,-0.000424208
5.324701e-07,-0.000422262
5.325701e-07,-0.000422262
5.326701e-07,-0.000423559
5.327701e-07,-0.000426154
5.328701e-07,-0.000428748
5.329701e-07,-0.000431343
5.330701e-07,-0.000433289
5.331701e-07,-0.000435883
5.332701e-07,-0.000438478
5.333701e-07,-0.000443018
5.334701e-07,-0.000448856
5.335701e-07,-0.000456639
5.336701e-07,-0.000467017
5.337701e-07,-0.000479989
5.338701e-07,-0.000494908
5.339701e-07,-0.000510474
5.340701e-07,-0.00052669
5.341701e-07,-0.000542257
5.342701e-07,-0.000555878
5.343701e-07,-0.000568202
5.344701e-07,-0.000577931
5.345701e-07,-0.000587012
5.346701e-07,-0.000594795
5.347701e-07,-0.000602578
5.348701e-07,-0.000610362
5.349701e-07,-0.000618794
5.350701e-07,-0.000627226
5.351701e-07,-0.00063501
5.352701e-07,-0.000641496
5.353701e-07,-0.000644739
5.354701e-07,-0.000644739
5.355701e-07,-0.000641496
5.356701e-07,-0.000635658
5.357701e-07,-0.000627875
5.358701e-07,-0.000618794
5.359701e-07,-0.000609065
5.360701e-07,-0.000599984
5.361701e-07,-0.000593498
5.362701e-07,-0.000589606
5.363701e-07,-0.000588957
5.364701e-07,-0.000591552
5.365701e-07,-0.000596741
5.366701e-07,-0.000602578
5.367701e-07,-0.000608416
5.368701e-07,-0.000612956
5.369701e-07,-0.0006162
5.370701e-07,-0.000617497
5.371701e-07,-0.0006162
5.372701e-07,-0.000614254
5.373701e-07,-0.000611011
5.374701e-07,-0.000608416
5.375701e-07,-0.000605822
5.376701e-07,-0.000603876
5.377701e-07,-0.00060193
5.378701e-07,-0.000599984
5.379701e-07,-0.000598687
5.380701e-07,-0.000596092
5.381701e-07,-0.000592849
5.382701e-07,-0.000588309
5.383701e-07,-0.000581823
5.384701e-07,-0.000574039
5.385701e-07,-0.000565607
5.386701e-07,-0.000557175
5.387701e-07,-0.00055004
5.388701e-07,-0.000544851
5.389701e-07,-0.00054096
5.390701e-07,-0.000538365
5.391701e-07,-0.000535771
5.392701e-07,-0.000532528
5.393701e-07,-0.000528636
5.394701e-07,-0.000521501
5.395701e-07,-0.00051242
5.396701e-07,-0.000499448
5.397701e-07,-0.000482584
5.398701e-07,-0.000462477
5.399701e-07,-0.000439126
5.400701e-07,-0.000414479
5.401701e-07,-0.000389182
5.402701e-07,-0.000362589
5.403701e-07,-0.000337293
5.404701e-07,-0.000312645
5.405701e-07,-0.000289295
5.406701e-07,-0.000267891
5.407701e-07,-0.000248432
5.408701e-07,-0.000232865
5.409701e-07,-0.00022119
5.410701e-07,-0.000212758
5.411701e-07,-0.000207569
5.412701e-07,-0.000206272
5.413701e-07,-0.000208217
5.414701e-07,-0.000212758
5.415701e-07,-0.000218595
5.416701e-07,-0.000224433
5.417701e-07,-0.000230271
5.418701e-07,-0.000233514
5.419701e-07,-0.000233514
5.420701e-07,-0.000229622
5.421701e-07,-0.000220541
5.422701e-07,-0.00020692
5.423701e-07,-0.000189407
5.424701e-07,-0.000170597
5.425701e-07,-0.000152436
5.426701e-07,-0.000136869
5.427701e-07,-0.000124545
5.428701e-07,-0.000118059
5.429701e-07,-0.000116762
5.430701e-07,-0.000120005
5.431701e-07,-0.000127789
5.432701e-07,-0.000138815
5.433701e-07,-0.000149842
5.434701e-07,-0.00016022
5.435701e-07,-0.000168652
5.436701e-07,-0.000175786
5.437701e-07,-0.000180975
5.438701e-07,-0.000186164
5.439701e-07,-0.000192002
5.440701e-07,-0.000200434
5.441701e-07,-0.000212109
5.442701e-07,-0.000227027
5.443701e-07,-0.000245837
5.444701e-07,-0.000266593
5.445701e-07,-0.000287998
5.446701e-07,-0.000307456
5.447701e-07,-0.00032432
5.448701e-07,-0.000335347
5.449701e-07,-0.000340536
5.450701e-07,-0.000339239
5.451701e-07,-0.000331455
5.452701e-07,-0.000318483
5.453701e-07,-0.000302916
5.454701e-07,-0.0002867
5.455701e-07,-0.000271782
5.456701e-07,-0.000260107
5.457701e-07,-0.000252324
5.458701e-07,-0.000249729
5.459701e-07,-0.000250378
5.460701e-07,-0.000254269
5.461701e-07,-0.000259458
5.462701e-07,-0.000263999
5.463701e-07,-0.000265945
5.464701e-07,-0.000265296
5.465701e-07,-0.000261404
5.466701e-07,-0.000253621
5.467701e-07,-0.000243892
5.468701e-07,-0.000232216
5.469701e-07,-0.00022119
5.470701e-07,-0.000211461
5.471701e-07,-0.000204326
5.472701e-07,-0.000201083
5.473701e-07,-0.00020238
5.474701e-07,-0.00020692
5.475701e-07,-0.000215352
5.476701e-07,-0.000226379
5.477701e-07,-0.000239351
5.478701e-07,-0.000253621
5.479701e-07,-0.000267242
5.480701e-07,-0.000280863
5.481701e-07,-0.000293835
5.482701e-07,-0.00030551
5.483701e-07,-0.000315888
5.484701e-07,-0.000325618
5.485701e-07,-0.00033405
5.486701e-07,-0.000340536
5.487701e-07,-0.000345076
5.488701e-07,-0.000347671
5.489701e-07,-0.000347022
5.490701e-07,-0.000341833
5.491701e-07,-0.000331455
5.492701e-07,-0.000314591
5.493701e-07,-0.000291241
5.494701e-07,-0.000262053
5.495701e-07,-0.000226379
5.496701e-07,-0.000187462
5.497701e-07,-0.000146599
5.498701e-07,-0.000105087
5.499701e-07,-6.48724e-05
5.500701e-07,-2.85497e-05
5.501701e-07,1.93548e-06
5.502701e-07,2.59344e-05
5.503701e-07,4.15013e-05
5.504701e-07,4.86361e-05
5.505701e-07,4.79875e-05
5.506701e-07,3.95555e-05
5.507701e-07,2.33399e-05
5.508701e-07,1.93548e-06
5.509701e-07,-2.33607e-05
5.510701e-07,-4.93055e-05
5.511701e-07,-7.52503e-05
5.512701e-07,-9.92493e-05
5.513701e-07,-0.000119356
5.514701e-07,-0.000134275
5.515701e-07,-0.000142707
5.516701e-07,-0.000145301
5.517701e-07,-0.000142707
5.518701e-07,-0.000135572
5.519701e-07,-0.000126491
5.520701e-07,-0.000116762
5.521701e-07,-0.00010833
5.522701e-07,-0.000102492
5.523701e-07,-9.92493e-05
5.524701e-07,-0.000100547
5.525701e-07,-0.000105087
5.526701e-07,-0.000112222
5.527701e-07,-0.000121302
5.528701e-07,-0.000132329
5.529701e-07,-0.000142707
5.530701e-07,-0.000152436
5.531701e-07,-0.00016022
5.532701e-07,-0.000167354
5.533701e-07,-0.000172543
5.534701e-07,-0.000177084
5.535701e-07,-0.000180975
5.536701e-07,-0.000184867
5.537701e-07,-0.000188759
5.538701e-07,-0.000192651
5.539701e-07,-0.000195894
5.540701e-07,-0.000199785
5.541701e-07,-0.000201731
5.542701e-07,-0.000203677
5.543701e-07,-0.000204326
5.544701e-07,-0.000203677
5.545701e-07,-0.000203677
5.546701e-07,-0.000203028
5.547701e-07,-0.000203677
5.548701e-07,-0.000204974
5.549701e-07,-0.000207569
5.550701e-07,-0.000210163
5.551701e-07,-0.000212758
5.552701e-07,-0.000212758
5.553701e-07,-0.000209515
5.554701e-07,-0.00020238
5.555701e-07,-0.000190705
5.556701e-07,-0.000174489
5.557701e-07,-0.000155031
5.558701e-07,-0.000132978
5.559701e-07,-0.000111573
5.560701e-07,-9.08172e-05
5.561701e-07,-7.39531e-05
5.562701e-07,-6.16293e-05
5.563701e-07,-5.44945e-05
5.564701e-07,-5.31972e-05
5.565701e-07,-5.77376e-05
5.566701e-07,-6.61696e-05
5.567701e-07,-7.84934e-05
5.568701e-07,-9.21144e-05
5.569701e-07,-0.000105735
5.570701e-07,-0.000118708
5.571701e-07,-0.00013168
5.572701e-07,-0.000142707
5.573701e-07,-0.000153085
5.574701e-07,-0.000162165
5.575701e-07,-0.000170597
5.576701e-07,-0.000178381
5.577701e-07,-0.000186164
5.578701e-07,-0.000192651
5.579701e-07,-0.00019784
5.580701e-07,-0.000201731
5.581701e-07,-0.000203677
5.582701e-07,-0.00020238
5.583701e-07,-0.000198488
5.584701e-07,-0.000192651
5.585701e-07,-0.00018357
5.586701e-07,-0.000172543
5.587701e-07,-0.00016022
5.588701e-07,-0.000147247
5.589701e-07,-0.000134923
5.590701e-07,-0.000123897
5.591701e-07,-0.000113519
5.592701e-07,-0.000105087
5.593701e-07,-9.7952e-05
5.594701e-07,-9.27631e-05
5.595701e-07,-9.01686e-05
5.596701e-07,-9.01686e-05
5.597701e-07,-9.21144e-05
5.598701e-07,-9.66548e-05
5.599701e-07,-0.00010379
5.600701e-07,-0.000112222
5.601701e-07,-0.000121951
5.602701e-07,-0.000131032
5.603701e-07,-0.000140112
5.604701e-07,-0.000147247
5.605701e-07,-0.000152436
5.606701e-07,-0.000153733
5.607701e-07,-0.000151139
5.608701e-07,-0.000146599
5.609701e-07,-0.000138815
5.610701e-07,-0.000129734
5.611701e-07,-0.000119356
5.612701e-07,-0.000108979
5.613701e-07,-0.000100547
5.614701e-07,-9.40603e-05
5.615701e-07,-9.01686e-05
5.616701e-07,-8.952e-05
5.617701e-07,-9.21144e-05
5.618701e-07,-9.60062e-05
5.619701e-07,-0.000101844
5.620701e-07,-0.000107033
5.621701e-07,-0.000110924
5.622701e-07,-0.000111573
5.623701e-07,-0.000108979
5.624701e-07,-0.000101844
5.625701e-07,-9.01686e-05
5.626701e-07,-7.39531e-05
5.627701e-07,-5.44945e-05
5.628701e-07,-3.309e-05
5.629701e-07,-1.23342e-05
5.630701e-07,7.12444e-06
5.631701e-07,2.26913e-05
5.632701e-07,3.30692e-05
5.633701e-07,3.76096e-05
5.634701e-07,3.43665e-05
5.635701e-07,2.46372e-05
5.636701e-07,9.0703e-06
5.637701e-07,-9.73968e-06
5.638701e-07,-3.04955e-05
5.639701e-07,-5.12514e-05
5.640701e-07,-7.13586e-05
5.641701e-07,-8.82227e-05
5.642701e-07,-0.000100547
5.643701e-07,-0.000107681
5.644701e-07,-0.000109627
5.645701e-07,-0.00010833
5.646701e-07,-0.00010379
5.647701e-07,-9.73034e-05
5.648701e-07,-9.01686e-05
5.649701e-07,-8.36824e-05
5.650701e-07,-7.84934e-05
5.651701e-07,-7.46017e-05
5.652701e-07,-7.33045e-05
5.653701e-07,-7.52503e-05
5.654701e-07,-7.9142e-05
5.655701e-07,-8.4331e-05
5.656701e-07,-9.01686e-05
5.657701e-07,-9.53575e-05
5.658701e-07,-9.86006e-05
5.659701e-07,-9.98979e-05
5.660701e-07,-9.73034e-05
5.661701e-07,-9.08172e-05
5.662701e-07,-7.97907e-05
5.663701e-07,-6.5521e-05
5.664701e-07,-4.86569e-05
5.665701e-07,-2.98469e-05
5.666701e-07,-1.10369e-05
5.667701e-07,6.47582e-06
5.668701e-07,2.13941e-05
5.669701e-07,3.30692e-05
5.670701e-07,4.15013e-05
5.671701e-07,4.79875e-05
5.672701e-07,5.31765e-05
5.673701e-07,5.70682e-05
5.674701e-07,6.29058e-05
5.675701e-07,7.13378e-05
5.676701e-07,8.3013e-05
5.677701e-07,9.85799e-05
5.678701e-07,0.000116741
5.679701e-07,0.0001362
5.680701e-07,0.000155658
5.681701e-07,0.000173171
5.682701e-07,0.000186144
5.683701e-07,0.000193278
5.684701e-07,0.00019263
5.685701e-07,0.000184846
5.686701e-07,0.000171225
5.687701e-07,0.000153064
5.688701e-07,0.000132308
5.689701e-07,0.000112201
5.690701e-07,9.40395e-05
5.691701e-07,7.91213e-05
5.692701e-07,6.80947e-05
5.693701e-07,6.03113e-05
5.694701e-07,5.5771e-05
5.695701e-07,5.31765e-05
5.696701e-07,5.0582e-05
5.697701e-07,4.73389e-05
5.698701e-07,4.21499e-05
5.699701e-07,3.50151e-05
5.700701e-07,2.72317e-05
5.701701e-07,1.8151e-05
5.702701e-07,9.0703e-06
5.703701e-07,1.28686e-06
5.704701e-07,-4.55072e-06
5.705701e-07,-7.79382e-06
5.706701e-07,-7.1452e-06
5.707701e-07,-4.55072e-06
5.708701e-07,1.28686e-06
5.709701e-07,9.0703e-06
5.710701e-07,1.8151e-05
5.711701e-07,2.72317e-05
5.712701e-07,3.63124e-05
5.713701e-07,4.47444e-05
5.714701e-07,5.31765e-05
5.715701e-07,6.03113e-05
5.716701e-07,6.61489e-05
5.717701e-07,7.13378e-05
5.718701e-07,7.52296e-05
5.719701e-07,7.7824e-05
5.720701e-07,7.91213e-05
5.721701e-07,7.97699e-05
5.722701e-07,7.97699e-05
5.723701e-07,7.97699e-05
5.724701e-07,7.91213e-05
5.725701e-07,7.97699e-05
5.726701e-07,8.04185e-05
5.727701e-07,8.3013e-05
5.728701e-07,8.69047e-05
5.729701e-07,9.27423e-05
5.730701e-07,0.000100526
5.731701e-07,0.000109606
5.732701e-07,0.00011739
5.733701e-07,0.000123876
5.734701e-07,0.000127119
5.735701e-07,0.000125822
5.736701e-07,0.000119336
5.737701e-07,0.000107661
5.738701e-07,9.07964e-05
5.739701e-07,7.06892e-05
5.740701e-07,4.79875e-05
5.741701e-07,2.33399e-05
5.742701e-07,-1.30762e-06
5.743701e-07,-2.53066e-05
5.744701e-07,-4.80083e-05
5.745701e-07,-6.74669e-05
5.746701e-07,-8.36824e-05
5.747701e-07,-9.60062e-05
5.748701e-07,-0.000107033
5.749701e-07,-0.000116762
5.750701e-07,-0.000125843
5.751701e-07,-0.000134275
5.752701e-07,-0.000142707
5.753701e-07,-0.000151787
5.754701e-07,-0.000158922
5.755701e-07,-0.00016476
5.756701e-07,-0.000167354
5.757701e-07,-0.000166706
5.758701e-07,-0.000162165
5.759701e-07,-0.000153085
5.760701e-07,-0.000139464
5.761701e-07,-0.0001226
5.762701e-07,-0.000102492
5.763701e-07,-8.17365e-05
5.764701e-07,-6.09807e-05
5.765701e-07,-4.15221e-05
5.766701e-07,-2.27121e-05
5.767701e-07,-5.84796e-06
5.768701e-07,1.03675e-05
5.769701e-07,2.46372e-05
5.770701e-07,4.02041e-05
5.771701e-07,5.5771e-05
5.772701e-07,7.19865e-05
5.773701e-07,8.75533e-05
5.774701e-07,0.000101823
5.775701e-07,0.000112201
5.776701e-07,0.000118038
5.777701e-07,0.000116093
5.778701e-07,0.000107012
5.779701e-07,8.88506e-05
5.780701e-07,6.29058e-05
5.781701e-07,3.04748e-05
5.782701e-07,-4.55072e-06
5.783701e-07,-4.08734e-05
5.784701e-07,-7.33045e-05
5.785701e-07,-9.86006e-05
5.786701e-07,-0.000114816
5.787701e-07,-0.000119356
5.788701e-07,-0.000114168
5.789701e-07,-9.92493e-05
5.790701e-07,-7.65476e-05
5.791701e-07,-5.06027e-05
5.792701e-07,-2.27121e-05
5.793701e-07,2.5841e-06
5.794701e-07,2.33399e-05
5.795701e-07,3.76096e-05
5.796701e-07,4.40958e-05
5.797701e-07,4.40958e-05
5.798701e-07,3.76096e-05
5.799701e-07,2.52858e-05
5.800701e-07,9.0703e-06
5.801701e-07,-9.73968e-06
5.802701e-07,-2.7901e-05
5.803701e-07,-4.54138e-05
5.804701e-07,-6.03321e-05
5.805701e-07,-7.13586e-05
5.806701e-07,-7.9142e-05
5.807701e-07,-8.23851e-05
5.808701e-07,-8.17365e-05
5.809701e-07,-7.78448e-05
5.810701e-07,-7.13586e-05
5.811701e-07,-6.22779e-05
5.812701e-07,-5.19e-05
5.813701e-07,-4.21707e-05
5.814701e-07,-3.309e-05
5.815701e-07,-2.53066e-05
5.816701e-07,-2.01176e-05
5.817701e-07,-1.62259e-05
5.818701e-07,-1.428e-05
5.819701e-07,-1.428e-05
5.820701e-07,-1.62259e-05
5.821701e-07,-1.9469e-05
5.822701e-07,-2.27121e-05
5.823701e-07,-2.66038e-05
5.824701e-07,-3.04955e-05
5.825701e-07,-3.43872e-05
5.826701e-07,-3.76303e-05
5.827701e-07,-4.15221e-05
5.828701e-07,-4.6711e-05
5.829701e-07,-5.31972e-05
5.830701e-07,-6.09807e-05
5.831701e-07,-7.00614e-05
5.832701e-07,-8.10879e-05
5.833701e-07,-9.14658e-05
5.834701e-07,-0.000101195
5.835701e-07,-0.000109627
5.836701e-07,-0.000114816
5.837701e-07,-0.000116113
5.838701e-07,-0.00011287
5.839701e-07,-0.000105087
5.840701e-07,-9.34117e-05
5.841701e-07,-7.71962e-05
5.842701e-07,-5.77376e-05
5.843701e-07,-3.63331e-05
5.844701e-07,-1.29828e-05
5.845701e-07,1.03675e-05
5.846701e-07,3.37179e-05
5.847701e-07,5.51223e-05
5.848701e-07,7.45809e-05
5.849701e-07,9.14451e-05
5.850701e-07,0.000103769
5.851701e-07,0.000113498
5.852701e-07,0.000118038
5.853701e-07,0.000119336
5.854701e-07,0.00011739
5.855701e-07,0.000112201
5.856701e-07,0.000104417
5.857701e-07,9.46882e-05
5.858701e-07,8.43102e-05
5.859701e-07,7.45809e-05
5.860701e-07,6.61489e-05
5.861701e-07,6.03113e-05
5.862701e-07,5.77168e-05
5.863701e-07,5.90141e-05
5.864701e-07,6.35544e-05
5.865701e-07,7.13378e-05
5.866701e-07,8.10671e-05
5.867701e-07,9.14451e-05
5.868701e-07,0.000101823
5.869701e-07,0.000110904
5.870701e-07,0.00011739
5.871701e-07,0.000120633
5.872701e-07,0.000119336
5.873701e-07,0.000115444
5.874701e-07,0.000108309
5.875701e-07,9.98771e-05
5.876701e-07,9.01478e-05
5.877701e-07,8.04185e-05
5.878701e-07,7.19865e-05
5.879701e-07,6.35544e-05
5.880701e-07,5.64196e-05
5.881701e-07,4.86361e-05
5.882701e-07,4.15013e-05
5.883701e-07,3.30692e-05
5.884701e-07,2.46372e-05
5.885701e-07,1.49079e-05
5.886701e-07,5.17858e-06
5.887701e-07,-3.9021e-06
5.888701e-07,-1.10369e-05
5.889701e-07,-1.55773e-05
5.890701e-07,-1.62259e-05
5.891701e-07,-1.29828e-05
5.892701e-07,-4.55072e-06
5.893701e-07,7.77306e-06
5.894701e-07,2.33399e-05
5.895701e-07,4.02041e-05
5.896701e-07,5.64196e-05
5.897701e-07,7.19865e-05
5.898701e-07,8.49589e-05
5.899701e-07,9.53368e-05
5.900701e-07,0.000102472
5.901701e-07,0.000107661
5.902701e-07,0.000111552
5.903701e-07,0.000114795
5.904701e-07,0.000118038
5.905701e-07,0.000121282
5.906701e-07,0.000127119
5.907701e-07,0.000134254
5.908701e-07,0.000142037
5.909701e-07,0.000150469
5.910701e-07,0.00015955
5.911701e-07,0.000167982
5.912701e-07,0.000175766
5.913701e-07,0.000182252
5.914701e-07,0.000188738
5.915701e-07,0.000194576
5.916701e-07,0.000199765
5.917701e-07,0.000203008
5.918701e-07,0.000204305
5.919701e-07,0.000203008
5.920701e-07,0.00019717
5.921701e-07,0.000186792
5.922701e-07,0.000171225
5.923701e-07,0.000149821
5.924701e-07,0.000123227
5.925701e-07,9.27423e-05
5.926701e-07,6.16085e-05
5.927701e-07,3.11234e-05
5.928701e-07,4.52996e-06
5.929701e-07,-1.49286e-05
5.930701e-07,-2.46579e-05
5.931701e-07,-2.33607e-05
5.932701e-07,-1.03883e-05
5.933701e-07,1.16648e-05
5.934701e-07,4.15013e-05
5.935701e-07,7.52296e-05
5.936701e-07,0.000109606
5.937701e-07,0.000142686
5.938701e-07,0.000171225
5.939701e-07,0.000193278
5.940701e-07,0.000206899
5.941701e-07,0.000212737
5.942701e-07,0.00021144
5.943701e-07,0.000205602
5.944701e-07,0.000195873
5.945701e-07,0.000184198
5.946701e-07,0.000172523
5.947701e-07,0.000162793
5.948701e-07,0.000153713
5.949701e-07,0.000145281
5.950701e-07,0.000136848
5.951701e-07,0.000128416
5.952701e-07,0.000119336
5.953701e-07,0.000108309
5.954701e-07,9.72826e-05
5.955701e-07,8.69047e-05
5.956701e-07,7.71754e-05
5.957701e-07,7.06892e-05
5.958701e-07,6.74461e-05
5.959701e-07,6.87434e-05
5.960701e-07,7.58782e-05
5.961701e-07,8.8202e-05
5.962701e-07,0.000105066
5.963701e-07,0.000125173
5.964701e-07,0.000147226
5.965701e-07,0.000168631
5.966701e-07,0.000188089
5.967701e-07,0.000204305
5.968701e-07,0.00021598
5.969701e-07,0.000221818
5.970701e-07,0.000221818
5.971701e-07,0.00021598
5.972701e-07,0.000205602
5.973701e-07,0.000189387
5.974701e-07,0.000169928
5.975701e-07,0.000147226
5.976701e-07,0.000123227
5.977701e-07,9.98771e-05
5.978701e-07,7.7824e-05
5.979701e-07,6.03113e-05
5.980701e-07,4.73389e-05
5.981701e-07,3.95555e-05
5.982701e-07,3.82582e-05
5.983701e-07,4.34472e-05
5.984701e-07,5.44737e-05
5.985701e-07,6.9392e-05
5.986701e-07,8.69047e-05
5.987701e-07,0.000104417
5.988701e-07,0.000118687
5.989701e-07,0.000128416
5.990701e-07,0.000131011
5.991701e-07,0.000125173
5.992701e-07,0.000110255
5.993701e-07,8.62561e-05
5.994701e-07,5.51223e-05
5.995701e-07,1.87996e-05
5.996701e-07,-2.01176e-05
5.997701e-07,-5.90348e-05
5.998701e-07,-9.40603e-05
5.999701e-07,-0.000123248
6.000701e-07,-0.000144004
6.001701e-07,-0.000156328
6.002701e-07,-0.000158922
6.003701e-07,-0.000152436
6.004701e-07,-0.000138815
6.005701e-07,-0.000118708
6.006701e-07,-9.53575e-05
6.007701e-07,-7.00614e-05
6.008701e-07,-4.47652e-05
6.009701e-07,-2.01176e-05
6.010701e-07,1.28686e-06
6.011701e-07,2.07455e-05
6.012701e-07,3.6961e-05
6.013701e-07,4.99334e-05
6.014701e-07,6.16085e-05
6.015701e-07,7.13378e-05
6.016701e-07,8.04185e-05
6.017701e-07,8.75533e-05
6.018701e-07,9.46882e-05
6.019701e-07,0.000101174
6.020701e-07,0.000106363
6.021701e-07,0.000109606
6.022701e-07,0.000112201
6.023701e-07,0.00011285
6.024701e-07,0.000112201
6.025701e-07,0.000108958
6.026701e-07,0.000104417
6.027701e-07,9.6634e-05
6.028701e-07,8.75533e-05
6.029701e-07,7.58782e-05
6.030701e-07,6.22572e-05
6.031701e-07,4.79875e-05
6.032701e-07,3.24206e-05
6.033701e-07,1.68537e-05
6.034701e-07,1.93548e-06
6.035701e-07,-1.10369e-05
6.036701e-07,-2.14148e-05
6.037701e-07,-2.85497e-05
6.038701e-07,-3.04955e-05
6.039701e-07,-2.85497e-05
6.040701e-07,-2.20635e-05
6.041701e-07,-1.16855e-05
6.042701e-07,6.38242e-07
6.043701e-07,1.36106e-05
6.044701e-07,2.6583e-05
6.045701e-07,3.6961e-05
6.046701e-07,4.47444e-05
6.047701e-07,5.0582e-05
6.048701e-07,5.31765e-05
6.049701e-07,5.44737e-05
6.050701e-07,5.5771e-05
6.051701e-07,5.70682e-05
6.052701e-07,6.09599e-05
6.053701e-07,6.74461e-05
6.054701e-07,7.71754e-05
6.055701e-07,8.94992e-05
6.056701e-07,0.000103769
6.057701e-07,0.000118038
6.058701e-07,0.000131011
6.059701e-07,0.000142037
6.060701e-07,0.000148524
6.061701e-07,0.000150469
6.062701e-07,0.000148524
6.063701e-07,0.000142037
6.064701e-07,0.00013166
6.065701e-07,0.000118687
6.066701e-07,0.000103769
6.067701e-07,8.69047e-05
6.068701e-07,6.9392e-05
6.069701e-07,5.12306e-05
6.070701e-07,3.30692e-05
6.071701e-07,1.62051e-05
6.072701e-07,-1.03779e-08
6.073701e-07,-1.49286e-05
6.074701e-07,-2.66038e-05
6.075701e-07,-3.43872e-05
6.076701e-07,-3.8279e-05
6.077701e-07,-3.56845e-05
6.078701e-07,-2.72524e-05
6.079701e-07,-1.16855e-05
6.080701e-07,9.0703e-06
6.081701e-07,3.43665e-05
6.082701e-07,6.22572e-05
6.083701e-07,9.01478e-05
6.084701e-07,0.000116741
6.085701e-07,0.000138146
6.086701e-07,0.000154361
6.087701e-07,0.000163442
6.088701e-07,0.000166036
6.089701e-07,0.000162793
6.090701e-07,0.000154361
6.091701e-07,0.000142686
6.092701e-07,0.000128416
6.093701e-07,0.000114795
6.094701e-07,0.000101174
6.095701e-07,8.94992e-05
6.096701e-07,7.84727e-05
6.097701e-07,6.80947e-05
6.098701e-07,5.83654e-05
6.099701e-07,4.92848e-05
6.100701e-07,4.15013e-05
6.101701e-07,3.56637e-05
6.102701e-07,3.1772e-05
6.103701e-07,3.11234e-05
6.104701e-07,3.43665e-05
6.105701e-07,4.21499e-05
6.106701e-07,5.5771e-05
6.107701e-07,7.32837e-05
6.108701e-07,9.53368e-05
6.109701e-07,0.000119984
6.110701e-07,0.000145929
6.111701e-07,0.000170577
6.112701e-07,0.00019263
6.113701e-07,0.000210791
6.114701e-07,0.000225061
6.115701e-07,0.000233493
6.116701e-07,0.000237385
6.117701e-07,0.000236736
6.118701e-07,0.000232196
6.119701e-07,0.000225061
6.120701e-07,0.000214683
6.121701e-07,0.000202359
6.122701e-07,0.000188089
6.123701e-07,0.000171874
6.124701e-07,0.000153713
6.125701e-07,0.000133605
6.126701e-07,0.000111552
6.127701e-07,8.88506e-05
6.128701e-07,6.61489e-05
6.129701e-07,4.60417e-05
6.130701e-07,2.85289e-05
6.131701e-07,1.62051e-05
6.132701e-07,9.0703e-06
6.133701e-07,8.42168e-06
6.134701e-07,1.2962e-05
6.135701e-07,2.07455e-05
6.136701e-07,3.11234e-05
6.137701e-07,4.21499e-05
6.138701e-07,5.12306e-05
6.139701e-07,5.64196e-05
6.140701e-07,5.77168e-05
6.141701e-07,5.38251e-05
6.142701e-07,4.60417e-05
6.143701e-07,3.37179e-05
6.144701e-07,1.94482e-05
6.145701e-07,4.52996e-06
6.146701e-07,-9.09106e-06
6.147701e-07,-2.07662e-05
6.148701e-07,-2.85497e-05
6.149701e-07,-3.24414e-05
6.150701e-07,-3.37386e-05
6.151701e-07,-3.24414e-05
6.152701e-07,-2.91983e-05
6.153701e-07,-2.46579e-05
6.154701e-07,-1.88204e-05
6.155701e-07,-1.29828e-05
6.156701e-07,-7.1452e-06
6.157701e-07,-6.58998e-07
6.158701e-07,7.12444e-06
6.159701e-07,1.55565e-05
6.160701e-07,2.39886e-05
6.161701e-07,3.37179e-05
6.162701e-07,4.34472e-05
6.163701e-07,5.25279e-05
6.164701e-07,6.03113e-05
6.165701e-07,6.67975e-05
6.166701e-07,7.26351e-05
6.167701e-07,7.71754e-05
6.168701e-07,8.04185e-05
6.169701e-07,8.43102e-05
6.170701e-07,8.88506e-05
6.171701e-07,9.59854e-05
6.172701e-07,0.000105715
6.173701e-07,0.000118038
6.174701e-07,0.000132957
6.175701e-07,0.000149172
6.176701e-07,0.000166036
6.177701e-07,0.000180955
6.178701e-07,0.000194576
6.179701e-07,0.000205602
6.180701e-07,0.000212737
6.181701e-07,0.000216629
6.182701e-07,0.000217926
6.183701e-07,0.000218575
6.184701e-07,0.000219872
6.185701e-07,0.000222466
6.186701e-07,0.000228953
6.187701e-07,0.000239979
6.188701e-07,0.000254249
6.189701e-07,0.00027241
6.190701e-07,0.000292517
6.191701e-07,0.000313273
6.192701e-07,0.000332083
6.193701e-07,0.00034765
6.194701e-07,0.000358028
6.195701e-07,0.000362568
6.196701e-07,0.000361271
6.197701e-07,0.000354136
6.198701e-07,0.000341812
6.199701e-07,0.000324948
6.200701e-07,0.000304841
6.201701e-07,0.000282788
6.202701e-07,0.000259438
6.203701e-07,0.000236736
6.204701e-07,0.000215332
6.205701e-07,0.000194576
6.206701e-07,0.000175766
6.207701e-07,0.000158253
6.208701e-07,0.000142037
6.209701e-07,0.000127119
6.210701e-07,0.000114795
6.211701e-07,0.000102472
6.212701e-07,9.07964e-05
6.213701e-07,7.97699e-05
6.214701e-07,6.9392e-05
6.215701e-07,5.90141e-05
6.216701e-07,4.86361e-05
6.217701e-07,3.6961e-05
6.218701e-07,2.46372e-05
6.219701e-07,1.36106e-05
6.220701e-07,3.88134e-06
6.221701e-07,-2.60486e-06
6.222701e-07,-4.55072e-06
6.223701e-07,-1.03779e-08
6.224701e-07,1.10162e-05
6.225701e-07,2.91775e-05
6.226701e-07,5.51223e-05
6.227701e-07,8.62561e-05
6.228701e-07,0.00012193
6.229701e-07,0.000158253
6.230701e-07,0.000193278
6.231701e-07,0.000223115
6.232701e-07,0.000245168
6.233701e-07,0.000257492
6.234701e-07,0.000261384
6.235701e-07,0.000256195
6.236701e-07,0.000244519
6.237701e-07,0.000228304
6.238701e-07,0.000209494
6.239701e-07,0.000191981
6.240701e-07,0.000177063
6.241701e-07,0.000165388
6.242701e-07,0.000157604
6.243701e-07,0.00015501
6.244701e-07,0.000155658
6.245701e-07,0.000158253
6.246701e-07,0.000163442
6.247701e-07,0.000168631
6.248701e-07,0.000174468
6.249701e-07,0.000180306
6.250701e-07,0.000186792
6.251701e-07,0.000193278
6.252701e-07,0.00020171
6.253701e-07,0.000212737
6.254701e-07,0.000225709
6.255701e-07,0.000240628
6.256701e-07,0.000255546
6.257701e-07,0.000269816
6.258701e-07,0.000282139
6.259701e-07,0.000291869
6.260701e-07,0.000299004
6.261701e-07,0.000303544
6.262701e-07,0.00030549
6.263701e-07,0.00030549
6.264701e-07,0.000304192
6.265701e-07,0.000302895
6.266701e-07,0.000300949
6.267701e-07,0.000299004
6.268701e-07,0.000297058
6.269701e-07,0.000293815
6.270701e-07,0.000287977
6.271701e-07,0.000280194
6.272701e-07,0.000269816
6.273701e-07,0.000256843
6.274701e-07,0.000241925
6.275701e-07,0.000226358
6.276701e-07,0.00021144
6.277701e-07,0.000198467
6.278701e-07,0.000189387
6.279701e-07,0.000185495
6.280701e-07,0.000185495
6.281701e-07,0.000189387
6.282701e-07,0.000195873
6.283701e-07,0.000203008
6.284701e-07,0.000210143
6.285701e-07,0.000215332
6.286701e-07,0.000217277
6.287701e-07,0.000216629
6.288701e-07,0.00021144
6.289701e-07,0.000203656
6.290701e-07,0.000193927
6.291701e-07,0.000185495
6.292701e-07,0.00017836
6.293701e-07,0.00017382
6.294701e-07,0.000173171
6.295701e-07,0.000175117
6.296701e-07,0.000179009
6.297701e-07,0.000183549
6.298701e-07,0.000188738
6.299701e-07,0.000191333
6.300701e-07,0.000191981
6.301701e-07,0.000189387
6.302701e-07,0.000185495
6.303701e-07,0.000180955
6.304701e-07,0.000176414
6.305701e-07,0.000173171
6.306701e-07,0.000173171
6.307701e-07,0.000175766
6.308701e-07,0.000180955
6.309701e-07,0.000188738
6.310701e-07,0.00019717
6.311701e-07,0.000205602
6.312701e-07,0.000210791
6.313701e-07,0.000212088
6.314701e-07,0.000209494
6.315701e-07,0.000203008
6.316701e-07,0.00019263
6.317701e-07,0.000180955
6.318701e-07,0.000170577
6.319701e-07,0.000162793
6.320701e-07,0.000158902
6.321701e-07,0.000160199
6.322701e-07,0.000167334
6.323701e-07,0.000177712
6.324701e-07,0.000191333
6.325701e-07,0.000204954
6.326701e-07,0.000217277
6.327701e-07,0.000225709
6.328701e-07,0.000229601
6.329701e-07,0.000228304
6.330701e-07,0.000223764
6.331701e-07,0.000216629
6.332701e-07,0.000208845
6.333701e-07,0.000203656
6.334701e-07,0.000201062
6.335701e-07,0.000204305
6.336701e-07,0.000212088
6.337701e-07,0.000224412
6.338701e-07,0.000239979
6.339701e-07,0.000256843
6.340701e-07,0.000271761
6.341701e-07,0.000283437
6.342701e-07,0.000289923
6.343701e-07,0.000289274
6.344701e-07,0.000281491
6.345701e-07,0.000266573
6.346701e-07,0.000245168
6.347701e-07,0.000216629
6.348701e-07,0.000183549
6.349701e-07,0.000147226
6.350701e-07,0.000110255
6.351701e-07,7.32837e-05
6.352701e-07,3.76096e-05
6.353701e-07,3.88134e-06
6.354701e-07,-2.53066e-05
6.355701e-07,-4.93055e-05
6.356701e-07,-6.74669e-05
6.357701e-07,-7.9142e-05
6.358701e-07,-8.36824e-05
6.359701e-07,-8.23851e-05
6.360701e-07,-7.46017e-05
6.361701e-07,-6.42238e-05
6.362701e-07,-5.12514e-05
6.363701e-07,-3.8279e-05
6.364701e-07,-2.85497e-05
6.365701e-07,-2.27121e-05
6.366701e-07,-2.20635e-05
6.367701e-07,-2.85497e-05
6.368701e-07,-4.15221e-05
6.369701e-07,-5.90348e-05
6.370701e-07,-7.97907e-05
6.371701e-07,-0.000101195
6.372701e-07,-0.000121302
6.373701e-07,-0.000136869
6.374701e-07,-0.00014595
6.375701e-07,-0.000147247
6.376701e-07,-0.000140112
6.377701e-07,-0.000124545
6.378701e-07,-9.98979e-05
6.379701e-07,-6.87641e-05
6.380701e-07,-3.17928e-05
6.381701e-07,8.42168e-06
6.382701e-07,5.12306e-05
6.383701e-07,9.53368e-05
6.384701e-07,0.000138146
6.385701e-07,0.00017836
6.386701e-07,0.00021598
6.387701e-07,0.000248411
6.388701e-07,0.000275005
6.389701e-07,0.000295112
6.390701e-07,0.000308084
6.391701e-07,0.000312625
6.392701e-07,0.000306787
6.393701e-07,0.000291869
6.394701e-07,0.000267221
6.395701e-07,0.000233493
6.396701e-07,0.00019263
6.397701e-07,0.000145281
6.398701e-07,9.46882e-05
6.399701e-07,4.27986e-05
6.400701e-07,-8.44244e-06
6.401701e-07,-5.64403e-05
6.402701e-07,-9.92493e-05
6.403701e-07,-0.000136221
6.404701e-07,-0.000165409
6.405701e-07,-0.000187462
6.406701e-07,-0.000201083
6.407701e-07,-0.000207569
6.408701e-07,-0.000205623
6.409701e-07,-0.000195894
6.410701e-07,-0.000177084
6.411701e-07,-0.00015049
6.412701e-07,-0.000116113
6.413701e-07,-7.39531e-05
6.414701e-07,-2.46579e-05
6.415701e-07,2.98261e-05
6.416701e-07,8.88506e-05
6.417701e-07,0.000150469
6.418701e-07,0.000212088
6.419701e-07,0.000273059
6.420701e-07,0.000330786
6.421701e-07,0.000383324
6.422701e-07,0.000430025
6.423701e-07,0.000469591
6.424701e-07,0.000502022
6.425701e-07,0.000525372
6.426701e-07,0.00054029
6.427701e-07,0.000545479
6.428701e-07,0.000541587
6.429701e-07,0.000527966
6.430701e-07,0.000506562
6.431701e-07,0.000477374
6.432701e-07,0.000441051
6.433701e-07,0.00039954
6.434701e-07,0.000354136
6.435701e-07,0.000306138
6.436701e-07,0.000257492
6.437701e-07,0.000209494
6.438701e-07,0.000163442
6.439701e-07,0.000119984
6.440701e-07,7.97699e-05
6.441701e-07,4.27986e-05
6.442701e-07,9.71892e-06
6.443701e-07,-2.01176e-05
6.444701e-07,-4.6711e-05
6.445701e-07,-7.00614e-05
6.446701e-07,-8.88713e-05
6.447701e-07,-0.000103141
6.448701e-07,-0.000110924
6.449701e-07,-0.000112222
6.450701e-07,-0.000105735
6.451701e-07,-9.21144e-05
6.452701e-07,-7.26558e-05
6.453701e-07,-4.73596e-05
6.454701e-07,-1.81717e-05
6.455701e-07,1.2962e-05
6.456701e-07,4.40958e-05
6.457701e-07,7.26351e-05
6.458701e-07,9.72826e-05
6.459701e-07,0.000116741
6.460701e-07,0.00013166
6.461701e-07,0.000141389
6.462701e-07,0.000147226
6.463701e-07,0.000149172
6.464701e-07,0.000148524
6.465701e-07,0.000146578
6.466701e-07,0.000144632
6.467701e-07,0.000142686
6.468701e-07,0.000140092
6.469701e-07,0.000136848
6.470701e-07,0.000132308
6.471701e-07,0.000127119
6.472701e-07,0.000119984
6.473701e-07,0.000111552
6.474701e-07,0.000101823
6.475701e-07,9.01478e-05
6.476701e-07,7.71754e-05
6.477701e-07,6.48516e-05
6.478701e-07,5.38251e-05
6.479701e-07,4.34472e-05
6.480701e-07,3.50151e-05
6.481701e-07,2.85289e-05
6.482701e-07,2.26913e-05
6.483701e-07,1.87996e-05
6.484701e-07,1.68537e-05
6.485701e-07,1.62051e-05
6.486701e-07,1.75024e-05
6.487701e-07,2.00968e-05
6.488701e-07,2.52858e-05
6.489701e-07,3.37179e-05
6.490701e-07,4.60417e-05
6.491701e-07,6.29058e-05
6.492701e-07,8.43102e-05
6.493701e-07,0.000108958
6.494701e-07,0.000136848
6.495701e-07,0.000166685
6.496701e-07,0.00019717
6.497701e-07,0.000226358
6.498701e-07,0.000252303
6.499701e-07,0.000275005
6.500701e-07,0.000293166
6.501701e-07,0.000306138
6.502701e-07,0.00031457
6.503701e-07,0.000319759
6.504701e-07,0.000321705
6.505701e-07,0.000321705
6.506701e-07,0.000319111
6.507701e-07,0.000315219
6.508701e-07,0.000308084
6.509701e-07,0.000297706
6.510701e-07,0.000284085
6.511701e-07,0.000265275
6.512701e-07,0.000239979
6.513701e-07,0.000208845
6.514701e-07,0.000171874
6.515701e-07,0.000132957
6.516701e-07,9.27423e-05
6.517701e-07,5.38251e-05
6.518701e-07,1.94482e-05
6.519701e-07,-7.1452e-06
6.520701e-07,-2.46579e-05
6.521701e-07,-3.17928e-05
6.522701e-07,-2.7901e-05
6.523701e-07,-1.36314e-05
6.524701e-07,9.0703e-06
6.525701e-07,4.02041e-05
6.526701e-07,7.65268e-05
6.527701e-07,0.00011739
6.528701e-07,0.00015955
6.529701e-07,0.000203008
6.530701e-07,0.000245168
6.531701e-07,0.000286031
6.532701e-07,0.000323651
6.533701e-07,0.000358677
6.534701e-07,0.000389162
6.535701e-07,0.000415107
6.536701e-07,0.000435862
6.537701e-07,0.000450132
6.538701e-07,0.000458564
6.539701e-07,0.000459861
6.540701e-07,0.00045597
6.541701e-07,0.000447538
6.542701e-07,0.000435862
6.543701e-07,0.000423539
6.544701e-07,0.000411863
6.545701e-07,0.000401485
6.546701e-07,0.000393702
6.547701e-07,0.000388513
6.548701e-07,0.000385919
6.549701e-07,0.000383973
6.550701e-07,0.000382027
6.551701e-07,0.000379432
6.552701e-07,0.000373595
6.553701e-07,0.000364514
6.554701e-07,0.000350893
6.555701e-07,0.000332732
6.556701e-07,0.000310679
6.557701e-07,0.000284734
6.558701e-07,0.000256195
6.559701e-07,0.000225061
6.560701e-07,0.00019263
6.561701e-07,0.000158902
6.562701e-07,0.000125173
6.563701e-07,9.20937e-05
6.564701e-07,6.09599e-05
6.565701e-07,3.30692e-05
6.566701e-07,9.0703e-06
6.567701e-07,-8.44244e-06
6.568701e-07,-1.88204e-05
6.569701e-07,-2.01176e-05
6.570701e-07,-1.23342e-05
6.571701e-07,4.52996e-06
6.572701e-07,3.04748e-05
6.573701e-07,6.29058e-05
6.574701e-07,9.98771e-05
6.575701e-07,0.000138146
6.576701e-07,0.000175766
6.577701e-07,0.000208197
6.578701e-07,0.000234141
6.579701e-07,0.000252951
6.580701e-07,0.000263329
6.581701e-07,0.000265924
6.582701e-07,0.000262032
6.583701e-07,0.0002536
6.584701e-07,0.000241925
6.585701e-07,0.000228953
6.586701e-07,0.000217277
6.587701e-07,0.000206251
6.588701e-07,0.00019717
6.589701e-07,0.000189387
6.590701e-07,0.000183549
6.591701e-07,0.000177712
6.592701e-07,0.000173171
6.593701e-07,0.000168631
6.594701e-07,0.000166685
6.595701e-07,0.000166036
6.596701e-07,0.000167334
6.597701e-07,0.000171225
6.598701e-07,0.000177712
6.599701e-07,0.000186792
6.600701e-07,0.00019717
6.601701e-07,0.000206899
6.602701e-07,0.000215332
6.603701e-07,0.000221169
6.604701e-07,0.000222466
6.605701e-07,0.000219223
6.606701e-07,0.000210143
6.607701e-07,0.000195873
6.608701e-07,0.000175766
6.609701e-07,0.000152415
6.610701e-07,0.000128416
6.611701e-07,0.000104417
6.612701e-07,8.3013e-05
6.613701e-07,6.4203e-05
6.614701e-07,5.0582e-05
6.615701e-07,4.21499e-05
6.616701e-07,3.89068e-05
6.617701e-07,4.08527e-05
6.618701e-07,4.73389e-05
6.619701e-07,5.83654e-05
6.620701e-07,7.19865e-05
6.621701e-07,8.75533e-05
6.622701e-07,0.000105715
6.623701e-07,0.000124525
6.624701e-07,0.000143335
6.625701e-07,0.000161496
6.626701e-07,0.00017836
6.627701e-07,0.000193278
6.628701e-07,0.000204954
6.629701e-07,0.000213386
6.630701e-07,0.000217277
6.631701e-07,0.000217277
6.632701e-07,0.000212088
6.633701e-07,0.000203008
6.634701e-07,0.000191333
6.635701e-07,0.000177712
6.636701e-07,0.000162793
6.637701e-07,0.000146578
6.638701e-07,0.000131011
6.639701e-07,0.000116093
6.640701e-07,0.000101823
6.641701e-07,8.75533e-05
6.642701e-07,7.32837e-05
6.643701e-07,5.90141e-05
6.644701e-07,4.40958e-05
6.645701e-07,2.98261e-05
6.646701e-07,1.68537e-05
6.647701e-07,5.8272e-06
6.648701e-07,-1.95624e-06
6.649701e-07,-5.84796e-06
6.650701e-07,-5.19934e-06
6.651701e-07,1.93548e-06
6.652701e-07,1.42593e-05
6.653701e-07,3.1772e-05
6.654701e-07,5.44737e-05
6.655701e-07,7.97699e-05
6.656701e-07,0.000105066
6.657701e-07,0.000129714
6.658701e-07,0.000151767
6.659701e-07,0.000170577
6.660701e-07,0.000184198
6.661701e-07,0.000193278
6.662701e-07,0.000199116
6.663701e-07,0.000203008
6.664701e-07,0.000204954
6.665701e-07,0.000206899
6.666701e-07,0.000208845
6.667701e-07,0.000209494
6.668701e-07,0.000209494
6.669701e-07,0.000208197
6.670701e-07,0.000204305
6.671701e-07,0.000198467
6.672701e-07,0.000189387
6.673701e-07,0.000177712
6.674701e-07,0.000163442
6.675701e-07,0.000148524
6.676701e-07,0.000134903
6.677701e-07,0.000124525
6.678701e-07,0.000119336
6.679701e-07,0.000120633
6.680701e-07,0.000129714
6.681701e-07,0.000145281
6.682701e-07,0.000167982
6.683701e-07,0.000195873
6.684701e-07,0.000226358
6.685701e-07,0.000257492
6.686701e-07,0.000287328
6.687701e-07,0.000313922
6.688701e-07,0.000334678
6.689701e-07,0.000348947
6.690701e-07,0.000355433
6.691701e-07,0.000355433
6.692701e-07,0.000346353
6.693701e-07,0.000331435
6.694701e-07,0.00031003
6.695701e-07,0.000284734
6.696701e-07,0.000254897
6.697701e-07,0.000221818
6.698701e-07,0.000186792
6.699701e-07,0.000151767
6.700701e-07,0.000116741
6.701701e-07,8.3013e-05
6.702701e-07,5.38251e-05
6.703701e-07,2.91775e-05
6.704701e-07,1.10162e-05
6.705701e-07,-1.30762e-06
6.706701e-07,-5.84796e-06
6.707701e-07,-3.9021e-06
6.708701e-07,3.88134e-06
6.709701e-07,1.62051e-05
6.710701e-07,3.37179e-05
6.711701e-07,5.31765e-05
6.712701e-07,7.32837e-05
6.713701e-07,9.33909e-05
6.714701e-07,0.000111552
6.715701e-07,0.000127119
6.716701e-07,0.000139443
6.717701e-07,0.000149821
6.718701e-07,0.000157604
6.719701e-07,0.000164739
6.720701e-07,0.000170577
6.721701e-07,0.000176414
6.722701e-07,0.000183549
6.723701e-07,0.000191981
6.724701e-07,0.000201062
6.725701e-07,0.000210791
6.726701e-07,0.000219872
6.727701e-07,0.000228304
6.728701e-07,0.000236087
6.729701e-07,0.000242574
6.730701e-07,0.000246465
6.731701e-07,0.000246465
6.732701e-07,0.000243871
6.733701e-07,0.000238682
6.734701e-07,0.000230898
6.735701e-07,0.00022052
6.736701e-07,0.000207548
6.737701e-07,0.000193278
6.738701e-07,0.000177712
6.739701e-07,0.000162793
6.740701e-07,0.000149172
6.741701e-07,0.000137497
6.742701e-07,0.000128416
6.743701e-07,0.000122579
6.744701e-07,0.000119984
6.745701e-07,0.000119336
6.746701e-07,0.000121282
6.747701e-07,0.000123876
6.748701e-07,0.000125822
6.749701e-07,0.000126471
6.750701e-07,0.000125822
6.751701e-07,0.000123876
6.752701e-07,0.000121282
6.753701e-07,0.000119336
6.754701e-07,0.000121282
6.755701e-07,0.000127768
6.756701e-07,0.000138794
6.757701e-07,0.000156307
6.758701e-07,0.000180306
6.759701e-07,0.000209494
6.760701e-07,0.000241925
6.761701e-07,0.000275005
6.762701e-07,0.00030549
6.763701e-07,0.000329489
6.764701e-07,0.000345056
6.765701e-07,0.000350245
6.766701e-07,0.000345056
6.767701e-07,0.000329489
6.768701e-07,0.000304841
6.769701e-07,0.000273059
6.770701e-07,0.000237385
6.771701e-07,0.000201062
6.772701e-07,0.000165388
6.773701e-07,0.000132308
6.774701e-07,0.000104417
6.775701e-07,8.17158e-05
6.776701e-07,6.35544e-05
6.777701e-07,4.99334e-05
6.778701e-07,3.95555e-05
6.779701e-07,3.1772e-05
6.780701e-07,2.52858e-05
6.781701e-07,1.94482e-05
6.782701e-07,1.36106e-05
6.783701e-07,9.71892e-06
6.784701e-07,7.12444e-06
6.785701e-07,8.42168e-06
6.786701e-07,1.36106e-05
6.787701e-07,2.33399e-05
6.788701e-07,3.6961e-05
6.789701e-07,5.5771e-05
6.790701e-07,8.04185e-05
6.791701e-07,0.000110904
6.792701e-07,0.000145929
6.793701e-07,0.000182901
6.794701e-07,0.000221169
6.795701e-07,0.000258789
6.796701e-07,0.000293815
6.797701e-07,0.0003243
6.798701e-07,0.000349596
6.799701e-07,0.000369054
6.800701e-07,0.000380081
6.801701e-07,0.000383324
6.802701e-07,0.000379432
6.803701e-07,0.000369054
6.804701e-07,0.000352839
6.805701e-07,0.000331435
6.806701e-07,0.00030549
6.807701e-07,0.000277599
6.808701e-07,0.000248411
6.809701e-07,0.000219872
6.810701e-07,0.000193278
6.811701e-07,0.000168631
6.812701e-07,0.000146578
6.813701e-07,0.000127119
6.814701e-07,0.000110255
6.815701e-07,9.59854e-05
6.816701e-07,8.43102e-05
6.817701e-07,7.39323e-05
6.818701e-07,6.4203e-05
6.819701e-07,5.64196e-05
6.820701e-07,4.92848e-05
6.821701e-07,4.47444e-05
6.822701e-07,4.27986e-05
6.823701e-07,4.34472e-05
6.824701e-07,4.73389e-05
6.825701e-07,5.38251e-05
6.826701e-07,6.35544e-05
6.827701e-07,7.58782e-05
6.828701e-07,9.07964e-05
