LECROYWaveRunner‘N,20113,Waveform
Segments,1,SegmentSize,2002
Segment,TrigTime,TimeSinceSegment1
#1,01-Oct-2018 13:41:26,0                 
Time,Ampl
4.827241e-07,-1.03883e-05
4.828241e-07,-1.10369e-05
4.829241e-07,-1.55773e-05
4.830241e-07,-2.27121e-05
4.831241e-07,-3.11441e-05
4.832241e-07,-3.95762e-05
4.833241e-07,-4.6711e-05
4.834241e-07,-5.19e-05
4.835241e-07,-5.44945e-05
4.836241e-07,-5.44945e-05
4.837241e-07,-5.31972e-05
4.838241e-07,-5.12514e-05
4.839241e-07,-4.80083e-05
4.840241e-07,-4.54138e-05
4.841241e-07,-4.28193e-05
4.842241e-07,-4.15221e-05
4.843241e-07,-4.02248e-05
4.844241e-07,-4.02248e-05
4.845241e-07,-3.89276e-05
4.846241e-07,-3.76303e-05
4.847241e-07,-3.37386e-05
4.848241e-07,-2.7901e-05
4.849241e-07,-1.88204e-05
4.850241e-07,-7.79382e-06
4.851241e-07,5.17858e-06
4.852241e-07,2.00968e-05
4.853241e-07,3.63124e-05
4.854241e-07,5.12306e-05
4.855241e-07,6.35544e-05
4.856241e-07,7.39323e-05
4.857241e-07,7.97699e-05
4.858241e-07,8.17158e-05
4.859241e-07,7.84727e-05
4.860241e-07,7.06892e-05
4.861241e-07,5.70682e-05
4.862241e-07,3.95555e-05
4.863241e-07,1.8151e-05
4.864241e-07,-6.49658e-06
4.865241e-07,-3.24414e-05
4.866241e-07,-5.90348e-05
4.867241e-07,-8.49796e-05
4.868241e-07,-0.000109627
4.869241e-07,-0.00013168
4.870241e-07,-0.000151787
4.871241e-07,-0.0001693
4.872241e-07,-0.000184219
4.873241e-07,-0.000197191
4.874241e-07,-0.000208217
4.875241e-07,-0.000217298
4.876241e-07,-0.000224433
4.877241e-07,-0.000230271
4.878241e-07,-0.000234162
4.879241e-07,-0.000236108
4.880241e-07,-0.000233514
4.881241e-07,-0.000227676
4.882241e-07,-0.000216001
4.883241e-07,-0.000199137
4.884241e-07,-0.000176435
4.885241e-07,-0.000149842
4.886241e-07,-0.000119356
4.887241e-07,-8.69255e-05
4.888241e-07,-5.38459e-05
4.889241e-07,-2.27121e-05
4.890241e-07,5.17858e-06
4.891241e-07,2.72317e-05
4.892241e-07,4.34472e-05
4.893241e-07,5.31765e-05
4.894241e-07,5.64196e-05
4.895241e-07,5.38251e-05
4.896241e-07,4.60417e-05
4.897241e-07,3.56637e-05
4.898241e-07,2.20427e-05
4.899241e-07,8.42168e-06
4.900241e-07,-4.55072e-06
4.901241e-07,-1.62259e-05
4.902241e-07,-2.72524e-05
4.903241e-07,-3.8279e-05
4.904241e-07,-4.99541e-05
4.905241e-07,-6.29265e-05
4.906241e-07,-7.58989e-05
4.907241e-07,-9.01686e-05
4.908241e-07,-0.000105087
4.909241e-07,-0.000120005
4.910241e-07,-0.000134275
4.911241e-07,-0.000145301
4.912241e-07,-0.000151787
4.913241e-07,-0.000152436
4.914241e-07,-0.000146599
4.915241e-07,-0.000134275
4.916241e-07,-0.000116113
4.917241e-07,-9.27631e-05
4.918241e-07,-6.68183e-05
4.919241e-07,-3.8279e-05
4.920241e-07,-1.03883e-05
4.921241e-07,1.49079e-05
4.922241e-07,3.56637e-05
4.923241e-07,5.18792e-05
4.924241e-07,6.29058e-05
4.925241e-07,6.9392e-05
4.926241e-07,7.19865e-05
4.927241e-07,7.13378e-05
4.928241e-07,6.80947e-05
4.929241e-07,6.35544e-05
4.930241e-07,5.83654e-05
4.931241e-07,5.31765e-05
4.932241e-07,4.86361e-05
4.933241e-07,4.40958e-05
4.934241e-07,4.02041e-05
4.935241e-07,3.6961e-05
4.936241e-07,3.50151e-05
4.937241e-07,3.43665e-05
4.938241e-07,3.43665e-05
4.939241e-07,3.63124e-05
4.940241e-07,4.08527e-05
4.941241e-07,4.79875e-05
4.942241e-07,5.77168e-05
4.943241e-07,6.9392e-05
4.944241e-07,8.3013e-05
4.945241e-07,9.72826e-05
4.946241e-07,0.000110255
4.947241e-07,0.000120633
4.948241e-07,0.000127768
4.949241e-07,0.000130362
4.950241e-07,0.000127768
4.951241e-07,0.000119984
4.952241e-07,0.000108309
4.953241e-07,9.27423e-05
4.954241e-07,7.52296e-05
4.955241e-07,5.64196e-05
4.956241e-07,3.82582e-05
4.957241e-07,2.07455e-05
4.958241e-07,5.17858e-06
4.959241e-07,-7.79382e-06
4.960241e-07,-1.88204e-05
4.961241e-07,-2.85497e-05
4.962241e-07,-3.69817e-05
4.963241e-07,-4.54138e-05
4.964241e-07,-5.31972e-05
4.965241e-07,-6.09807e-05
4.966241e-07,-6.87641e-05
4.967241e-07,-7.52503e-05
4.968241e-07,-8.04393e-05
4.969241e-07,-8.4331e-05
4.970241e-07,-8.49796e-05
4.971241e-07,-8.30338e-05
4.972241e-07,-7.9142e-05
4.973241e-07,-7.33045e-05
4.974241e-07,-6.5521e-05
4.975241e-07,-5.57917e-05
4.976241e-07,-4.54138e-05
4.977241e-07,-3.63331e-05
4.978241e-07,-2.7901e-05
4.979241e-07,-2.27121e-05
4.980241e-07,-2.07662e-05
4.981241e-07,-2.20635e-05
4.982241e-07,-2.7901e-05
4.983241e-07,-3.69817e-05
4.984241e-07,-4.99541e-05
4.985241e-07,-6.5521e-05
4.986241e-07,-8.36824e-05
4.987241e-07,-0.000101844
4.988241e-07,-0.000120005
4.989241e-07,-0.000134923
4.990241e-07,-0.00014595
4.991241e-07,-0.000151139
4.992241e-07,-0.000149842
4.993241e-07,-0.000142058
4.994241e-07,-0.00012714
4.995241e-07,-0.000106384
4.996241e-07,-8.23851e-05
4.997241e-07,-5.77376e-05
4.998241e-07,-3.43872e-05
4.999241e-07,-1.29828e-05
5.000241e-07,3.23272e-06
5.001241e-07,1.36106e-05
5.002241e-07,1.75024e-05
5.003241e-07,1.36106e-05
5.004241e-07,3.23272e-06
5.005241e-07,-1.16855e-05
5.006241e-07,-2.98469e-05
5.007241e-07,-4.93055e-05
5.008241e-07,-6.94127e-05
5.009241e-07,-8.82227e-05
5.010241e-07,-0.000105735
5.011241e-07,-0.000120654
5.012241e-07,-0.000132978
5.013241e-07,-0.000144004
5.014241e-07,-0.000153085
5.015241e-07,-0.00016022
5.016241e-07,-0.000166706
5.017241e-07,-0.000173192
5.018241e-07,-0.000179678
5.019241e-07,-0.000184867
5.020241e-07,-0.000188759
5.021241e-07,-0.000191353
5.022241e-07,-0.000192002
5.023241e-07,-0.000190056
5.024241e-07,-0.000185516
5.025241e-07,-0.00017903
5.026241e-07,-0.000170597
5.027241e-07,-0.00016022
5.028241e-07,-0.000149193
5.029241e-07,-0.000138166
5.030241e-07,-0.000126491
5.031241e-07,-0.000114816
5.032241e-07,-0.00010379
5.033241e-07,-9.47089e-05
5.034241e-07,-8.62769e-05
5.035241e-07,-7.84934e-05
5.036241e-07,-7.20072e-05
5.037241e-07,-6.74669e-05
5.038241e-07,-6.42238e-05
5.039241e-07,-6.22779e-05
5.040241e-07,-6.03321e-05
5.041241e-07,-6.03321e-05
5.042241e-07,-6.03321e-05
5.043241e-07,-5.96834e-05
5.044241e-07,-5.77376e-05
5.045241e-07,-5.38459e-05
5.046241e-07,-4.6711e-05
5.047241e-07,-3.56845e-05
5.048241e-07,-2.07662e-05
5.049241e-07,-3.25348e-06
5.050241e-07,1.62051e-05
5.051241e-07,3.76096e-05
5.052241e-07,5.90141e-05
5.053241e-07,7.91213e-05
5.054241e-07,9.6634e-05
5.055241e-07,0.000110904
5.056241e-07,0.000121282
5.057241e-07,0.000127768
5.058241e-07,0.000130362
5.059241e-07,0.000131011
5.060241e-07,0.000131011
5.061241e-07,0.000131011
5.062241e-07,0.000131011
5.063241e-07,0.000133605
5.064241e-07,0.000138146
5.065241e-07,0.000143335
5.066241e-07,0.000149821
5.067241e-07,0.000155658
5.068241e-07,0.000161496
5.069241e-07,0.000166036
5.070241e-07,0.000168631
5.071241e-07,0.000168631
5.072241e-07,0.000166036
5.073241e-07,0.000160199
5.074241e-07,0.000151118
5.075241e-07,0.000139443
5.076241e-07,0.000125173
5.077241e-07,0.000109606
5.078241e-07,9.40395e-05
5.079241e-07,8.04185e-05
5.080241e-07,6.80947e-05
5.081241e-07,6.03113e-05
5.082241e-07,5.70682e-05
5.083241e-07,5.90141e-05
5.084241e-07,6.67975e-05
5.085241e-07,7.91213e-05
5.086241e-07,9.40395e-05
5.087241e-07,0.000110904
5.088241e-07,0.000125822
5.089241e-07,0.000136848
5.090241e-07,0.000141389
5.091241e-07,0.000138794
5.092241e-07,0.000128416
5.093241e-07,0.000110904
5.094241e-07,8.62561e-05
5.095241e-07,5.77168e-05
5.096241e-07,2.78803e-05
5.097241e-07,-1.95624e-06
5.098241e-07,-2.91983e-05
5.099241e-07,-5.06027e-05
5.100241e-07,-6.5521e-05
5.101241e-07,-7.52503e-05
5.102241e-07,-7.97907e-05
5.103241e-07,-7.9142e-05
5.104241e-07,-7.58989e-05
5.105241e-07,-7.26558e-05
5.106241e-07,-6.94127e-05
5.107241e-07,-6.74669e-05
5.108241e-07,-6.5521e-05
5.109241e-07,-6.35752e-05
5.110241e-07,-6.03321e-05
5.111241e-07,-5.51431e-05
5.112241e-07,-4.60624e-05
5.113241e-07,-3.43872e-05
5.114241e-07,-1.88204e-05
5.115241e-07,-6.58998e-07
5.116241e-07,1.87996e-05
5.117241e-07,3.76096e-05
5.118241e-07,5.31765e-05
5.119241e-07,6.55003e-05
5.120241e-07,7.19865e-05
5.121241e-07,7.45809e-05
5.122241e-07,7.26351e-05
5.123241e-07,6.80947e-05
5.124241e-07,6.35544e-05
5.125241e-07,6.03113e-05
5.126241e-07,5.90141e-05
5.127241e-07,6.09599e-05
5.128241e-07,6.67975e-05
5.129241e-07,7.45809e-05
5.130241e-07,8.3013e-05
5.131241e-07,9.01478e-05
5.132241e-07,9.33909e-05
5.133241e-07,9.20937e-05
5.134241e-07,8.49589e-05
5.135241e-07,7.13378e-05
5.136241e-07,5.38251e-05
5.137241e-07,3.30692e-05
5.138241e-07,1.23134e-05
5.139241e-07,-5.84796e-06
5.140241e-07,-1.88204e-05
5.141241e-07,-2.72524e-05
5.142241e-07,-2.91983e-05
5.143241e-07,-2.66038e-05
5.144241e-07,-2.07662e-05
5.145241e-07,-1.428e-05
5.146241e-07,-7.79382e-06
5.147241e-07,-3.25348e-06
5.148241e-07,-6.58998e-07
5.149241e-07,-1.95624e-06
5.150241e-07,-5.19934e-06
5.151241e-07,-9.09106e-06
5.152241e-07,-1.16855e-05
5.153241e-07,-1.16855e-05
5.154241e-07,-8.44244e-06
5.155241e-07,-1.95624e-06
5.156241e-07,6.47582e-06
5.157241e-07,1.49079e-05
5.158241e-07,2.13941e-05
5.159241e-07,2.52858e-05
5.160241e-07,2.39886e-05
5.161241e-07,1.68537e-05
5.162241e-07,4.52996e-06
5.163241e-07,-1.23342e-05
5.164241e-07,-3.24414e-05
5.165241e-07,-5.25486e-05
5.166241e-07,-7.00614e-05
5.167241e-07,-8.36824e-05
5.168241e-07,-9.14658e-05
5.169241e-07,-9.34117e-05
5.170241e-07,-9.01686e-05
5.171241e-07,-8.17365e-05
5.172241e-07,-7.00614e-05
5.173241e-07,-5.64403e-05
5.174241e-07,-4.41165e-05
5.175241e-07,-3.43872e-05
5.176241e-07,-2.7901e-05
5.177241e-07,-2.53066e-05
5.178241e-07,-2.46579e-05
5.179241e-07,-2.53066e-05
5.180241e-07,-2.85497e-05
5.181241e-07,-3.17928e-05
5.182241e-07,-3.56845e-05
5.183241e-07,-3.89276e-05
5.184241e-07,-4.21707e-05
5.185241e-07,-4.60624e-05
5.186241e-07,-4.99541e-05
5.187241e-07,-5.51431e-05
5.188241e-07,-6.22779e-05
5.189241e-07,-7.071e-05
5.190241e-07,-8.10879e-05
5.191241e-07,-9.21144e-05
5.192241e-07,-0.00010379
5.193241e-07,-0.000116113
5.194241e-07,-0.000128437
5.195241e-07,-0.000140112
5.196241e-07,-0.00015049
5.197241e-07,-0.000160868
5.198241e-07,-0.000170597
5.199241e-07,-0.000180327
5.200241e-07,-0.000189407
5.201241e-07,-0.00019784
5.202241e-07,-0.000204974
5.203241e-07,-0.000209515
5.204241e-07,-0.000210812
5.205241e-07,-0.000208866
5.206241e-07,-0.00020238
5.207241e-07,-0.000192002
5.208241e-07,-0.000177084
5.209241e-07,-0.000158274
5.210241e-07,-0.000136869
5.211241e-07,-0.00011287
5.212241e-07,-8.82227e-05
5.213241e-07,-6.29265e-05
5.214241e-07,-3.95762e-05
5.215241e-07,-1.75231e-05
5.216241e-07,1.93548e-06
5.217241e-07,1.87996e-05
5.218241e-07,3.24206e-05
5.219241e-07,4.34472e-05
5.220241e-07,5.31765e-05
5.221241e-07,5.96627e-05
5.222241e-07,6.4203e-05
5.223241e-07,6.61489e-05
5.224241e-07,6.48516e-05
5.225241e-07,5.96627e-05
5.226241e-07,5.18792e-05
5.227241e-07,4.08527e-05
5.228241e-07,2.78803e-05
5.229241e-07,1.2962e-05
5.230241e-07,-3.25348e-06
5.231241e-07,-2.01176e-05
5.232241e-07,-3.50359e-05
5.233241e-07,-4.73596e-05
5.234241e-07,-5.7089e-05
5.235241e-07,-6.29265e-05
5.236241e-07,-6.61696e-05
5.237241e-07,-6.61696e-05
5.238241e-07,-6.35752e-05
5.239241e-07,-5.96834e-05
5.240241e-07,-5.44945e-05
5.241241e-07,-4.99541e-05
5.242241e-07,-4.54138e-05
5.243241e-07,-4.15221e-05
5.244241e-07,-3.95762e-05
5.245241e-07,-3.89276e-05
5.246241e-07,-3.95762e-05
5.247241e-07,-4.15221e-05
5.248241e-07,-4.54138e-05
5.249241e-07,-4.99541e-05
5.250241e-07,-5.57917e-05
5.251241e-07,-6.09807e-05
5.252241e-07,-6.5521e-05
5.253241e-07,-6.94127e-05
5.254241e-07,-7.13586e-05
5.255241e-07,-7.13586e-05
5.256241e-07,-6.81155e-05
5.257241e-07,-6.22779e-05
5.258241e-07,-5.31972e-05
5.259241e-07,-4.08734e-05
5.260241e-07,-2.53066e-05
5.261241e-07,-8.44244e-06
5.262241e-07,1.03675e-05
5.263241e-07,2.98261e-05
5.264241e-07,4.92848e-05
5.265241e-07,6.74461e-05
5.266241e-07,8.43102e-05
5.267241e-07,9.85799e-05
5.268241e-07,0.000110255
5.269241e-07,0.000118687
5.270241e-07,0.000124525
5.271241e-07,0.000128416
5.272241e-07,0.000130362
5.273241e-07,0.000130362
5.274241e-07,0.000128416
5.275241e-07,0.000125822
5.276241e-07,0.000121282
5.277241e-07,0.000114147
5.278241e-07,0.000106363
5.279241e-07,9.59854e-05
5.280241e-07,8.56075e-05
5.281241e-07,7.52296e-05
5.282241e-07,6.55003e-05
5.283241e-07,5.77168e-05
5.284241e-07,5.12306e-05
5.285241e-07,4.66903e-05
5.286241e-07,4.47444e-05
5.287241e-07,4.47444e-05
5.288241e-07,4.60417e-05
5.289241e-07,4.79875e-05
5.290241e-07,4.92848e-05
5.291241e-07,4.99334e-05
5.292241e-07,4.79875e-05
5.293241e-07,4.40958e-05
5.294241e-07,3.82582e-05
5.295241e-07,3.30692e-05
5.296241e-07,2.85289e-05
5.297241e-07,2.52858e-05
5.298241e-07,2.46372e-05
5.299241e-07,2.72317e-05
5.300241e-07,3.30692e-05
5.301241e-07,4.08527e-05
5.302241e-07,5.0582e-05
5.303241e-07,5.96627e-05
5.304241e-07,6.80947e-05
5.305241e-07,7.32837e-05
5.306241e-07,7.58782e-05
5.307241e-07,7.45809e-05
5.308241e-07,7.06892e-05
5.309241e-07,6.35544e-05
5.310241e-07,5.44737e-05
5.311241e-07,4.66903e-05
5.312241e-07,3.95555e-05
5.313241e-07,3.30692e-05
5.314241e-07,2.85289e-05
5.315241e-07,2.46372e-05
5.316241e-07,2.00968e-05
5.317241e-07,1.36106e-05
5.318241e-07,5.8272e-06
5.319241e-07,-3.25348e-06
5.320241e-07,-1.36314e-05
5.321241e-07,-2.59552e-05
5.322241e-07,-3.95762e-05
5.323241e-07,-5.19e-05
5.324241e-07,-6.29265e-05
5.325241e-07,-6.94127e-05
5.326241e-07,-7.13586e-05
5.327241e-07,-6.74669e-05
5.328241e-07,-5.83862e-05
5.329241e-07,-4.34679e-05
5.330241e-07,-2.40093e-05
5.331241e-07,-1.30762e-06
5.332241e-07,2.39886e-05
5.333241e-07,4.92848e-05
5.334241e-07,7.45809e-05
5.335241e-07,9.79313e-05
5.336241e-07,0.000118687
5.337241e-07,0.0001362
5.338241e-07,0.000151118
5.339241e-07,0.000162145
5.340241e-07,0.000170577
5.341241e-07,0.000175117
5.342241e-07,0.000177712
5.343241e-07,0.00017836
5.344241e-07,0.000176414
5.345241e-07,0.000173171
5.346241e-07,0.000167982
5.347241e-07,0.000161496
5.348241e-07,0.000154361
5.349241e-07,0.000147226
5.350241e-07,0.00014074
5.351241e-07,0.000134903
5.352241e-07,0.000131011
5.353241e-07,0.000127768
5.354241e-07,0.000125173
5.355241e-07,0.000123876
5.356241e-07,0.000122579
5.357241e-07,0.000121282
5.358241e-07,0.000119336
5.359241e-07,0.000116741
5.360241e-07,0.000114795
5.361241e-07,0.000112201
5.362241e-07,0.000110904
5.363241e-07,0.000110255
5.364241e-07,0.000110904
5.365241e-07,0.000114147
5.366241e-07,0.000119336
5.367241e-07,0.000127768
5.368241e-07,0.000137497
5.369241e-07,0.000146578
5.370241e-07,0.00015501
5.371241e-07,0.000160847
5.372241e-07,0.000162145
5.373241e-07,0.000158902
5.374241e-07,0.000149821
5.375241e-07,0.000135551
5.376241e-07,0.00011739
5.377241e-07,9.6634e-05
5.378241e-07,7.52296e-05
5.379241e-07,5.51223e-05
5.380241e-07,3.76096e-05
5.381241e-07,2.39886e-05
5.382241e-07,1.49079e-05
5.383241e-07,9.71892e-06
5.384241e-07,8.42168e-06
5.385241e-07,1.03675e-05
5.386241e-07,1.36106e-05
5.387241e-07,1.75024e-05
5.388241e-07,2.20427e-05
5.389241e-07,2.72317e-05
5.390241e-07,3.24206e-05
5.391241e-07,3.82582e-05
5.392241e-07,4.47444e-05
5.393241e-07,5.18792e-05
5.394241e-07,5.90141e-05
5.395241e-07,6.61489e-05
5.396241e-07,7.39323e-05
5.397241e-07,7.97699e-05
5.398241e-07,8.49589e-05
5.399241e-07,8.8202e-05
5.400241e-07,9.14451e-05
5.401241e-07,9.33909e-05
5.402241e-07,9.53368e-05
5.403241e-07,9.79313e-05
5.404241e-07,0.000101823
5.405241e-07,0.000107012
5.406241e-07,0.00011285
5.407241e-07,0.000119984
5.408241e-07,0.000127119
5.409241e-07,0.000132308
5.410241e-07,0.000134254
5.411241e-07,0.00013166
5.412241e-07,0.000123876
5.413241e-07,0.000109606
5.414241e-07,9.01478e-05
5.415241e-07,6.55003e-05
5.416241e-07,3.6961e-05
5.417241e-07,7.12444e-06
5.418241e-07,-2.27121e-05
5.419241e-07,-4.86569e-05
5.420241e-07,-6.94127e-05
5.421241e-07,-8.23851e-05
5.422241e-07,-8.75741e-05
5.423241e-07,-8.36824e-05
5.424241e-07,-7.20072e-05
5.425241e-07,-5.31972e-05
5.426241e-07,-2.98469e-05
5.427241e-07,-3.9021e-06
5.428241e-07,2.39886e-05
5.429241e-07,5.0582e-05
5.430241e-07,7.45809e-05
5.431241e-07,9.46882e-05
5.432241e-07,0.000109606
5.433241e-07,0.000119336
5.434241e-07,0.000122579
5.435241e-07,0.000121282
5.436241e-07,0.000115444
5.437241e-07,0.000106363
5.438241e-07,9.46882e-05
5.439241e-07,8.23644e-05
5.440241e-07,7.00406e-05
5.441241e-07,5.77168e-05
5.442241e-07,4.5393e-05
5.443241e-07,3.50151e-05
5.444241e-07,2.52858e-05
5.445241e-07,1.68537e-05
5.446241e-07,9.0703e-06
5.447241e-07,1.28686e-06
5.448241e-07,-6.49658e-06
5.449241e-07,-1.49286e-05
5.450241e-07,-2.40093e-05
5.451241e-07,-3.43872e-05
5.452241e-07,-4.6711e-05
5.453241e-07,-6.09807e-05
5.454241e-07,-7.65476e-05
5.455241e-07,-9.34117e-05
5.456241e-07,-0.000111573
5.457241e-07,-0.000130383
5.458241e-07,-0.000148544
5.459241e-07,-0.000166057
5.460241e-07,-0.000180327
5.461241e-07,-0.000190705
5.462241e-07,-0.000197191
5.463241e-07,-0.00019784
5.464241e-07,-0.000192002
5.465241e-07,-0.000179678
5.466241e-07,-0.000161517
5.467241e-07,-0.000136869
5.468241e-07,-0.00010833
5.469241e-07,-7.65476e-05
5.470241e-07,-4.28193e-05
5.471241e-07,-8.44244e-06
5.472241e-07,2.52858e-05
5.473241e-07,5.51223e-05
5.474241e-07,8.10671e-05
5.475241e-07,0.000101174
5.476241e-07,0.000116093
5.477241e-07,0.000124525
5.478241e-07,0.000127119
5.479241e-07,0.000125822
5.480241e-07,0.00012193
5.481241e-07,0.000115444
5.482241e-07,0.000109606
5.483241e-07,0.000104417
5.484241e-07,0.000101174
5.485241e-07,0.000100526
5.486241e-07,0.000102472
5.487241e-07,0.000107012
5.488241e-07,0.000113498
5.489241e-07,0.000119984
5.490241e-07,0.000126471
5.491241e-07,0.000132308
5.492241e-07,0.000135551
5.493241e-07,0.000136848
5.494241e-07,0.0001362
5.495241e-07,0.000134254
5.496241e-07,0.00013166
5.497241e-07,0.000128416
5.498241e-07,0.000126471
5.499241e-07,0.000126471
5.500241e-07,0.000127768
5.501241e-07,0.000131011
5.502241e-07,0.0001362
5.503241e-07,0.000142686
5.504241e-07,0.000147875
5.505241e-07,0.000151118
5.506241e-07,0.000150469
5.507241e-07,0.000145281
5.508241e-07,0.000134254
5.509241e-07,0.00011739
5.510241e-07,9.46882e-05
5.511241e-07,6.74461e-05
5.512241e-07,3.6961e-05
5.513241e-07,4.52996e-06
5.514241e-07,-2.7901e-05
5.515241e-07,-5.77376e-05
5.516241e-07,-8.4331e-05
5.517241e-07,-0.000107033
5.518241e-07,-0.000123897
5.519241e-07,-0.000135572
5.520241e-07,-0.00014141
5.521241e-07,-0.000142707
5.522241e-07,-0.000138815
5.523241e-07,-0.000131032
5.524241e-07,-0.000118059
5.525241e-07,-0.000101844
5.526241e-07,-8.23851e-05
5.527241e-07,-6.03321e-05
5.528241e-07,-3.56845e-05
5.529241e-07,-1.16855e-05
5.530241e-07,1.23134e-05
5.531241e-07,3.56637e-05
5.532241e-07,5.64196e-05
5.533241e-07,7.45809e-05
5.534241e-07,8.8202e-05
5.535241e-07,9.85799e-05
5.536241e-07,0.000105715
5.537241e-07,0.000110255
5.538241e-07,0.00011285
5.539241e-07,0.000114795
5.540241e-07,0.00011739
5.541241e-07,0.000119984
5.542241e-07,0.000123876
5.543241e-07,0.000128416
5.544241e-07,0.000133605
5.545241e-07,0.000137497
5.546241e-07,0.000139443
5.547241e-07,0.000139443
5.548241e-07,0.0001362
5.549241e-07,0.000129714
5.550241e-07,0.000119984
5.551241e-07,0.000108309
5.552241e-07,9.40395e-05
5.553241e-07,7.91213e-05
5.554241e-07,6.35544e-05
5.555241e-07,4.86361e-05
5.556241e-07,3.43665e-05
5.557241e-07,2.07455e-05
5.558241e-07,8.42168e-06
5.559241e-07,-3.9021e-06
5.560241e-07,-1.49286e-05
5.561241e-07,-2.66038e-05
5.562241e-07,-3.8279e-05
5.563241e-07,-4.86569e-05
5.564241e-07,-5.77376e-05
5.565241e-07,-6.61696e-05
5.566241e-07,-7.26558e-05
5.567241e-07,-7.78448e-05
5.568241e-07,-7.97907e-05
5.569241e-07,-8.04393e-05
5.570241e-07,-7.84934e-05
5.571241e-07,-7.58989e-05
5.572241e-07,-7.20072e-05
5.573241e-07,-6.94127e-05
5.574241e-07,-6.74669e-05
5.575241e-07,-6.61696e-05
5.576241e-07,-6.61696e-05
5.577241e-07,-6.81155e-05
5.578241e-07,-7.13586e-05
5.579241e-07,-7.52503e-05
5.580241e-07,-7.9142e-05
5.581241e-07,-8.36824e-05
5.582241e-07,-8.88713e-05
5.583241e-07,-9.27631e-05
5.584241e-07,-9.73034e-05
5.585241e-07,-0.000101844
5.586241e-07,-0.000107033
5.587241e-07,-0.000111573
5.588241e-07,-0.000115465
5.589241e-07,-0.000118059
5.590241e-07,-0.000119356
5.591241e-07,-0.000116762
5.592241e-07,-0.000111573
5.593241e-07,-0.000101195
5.594241e-07,-8.75741e-05
5.595241e-07,-6.87641e-05
5.596241e-07,-4.73596e-05
5.597241e-07,-2.46579e-05
5.598241e-07,-3.25348e-06
5.599241e-07,1.68537e-05
5.600241e-07,3.37179e-05
5.601241e-07,4.40958e-05
5.602241e-07,4.86361e-05
5.603241e-07,4.66903e-05
5.604241e-07,3.95555e-05
5.605241e-07,2.85289e-05
5.606241e-07,1.55565e-05
5.607241e-07,1.93548e-06
5.608241e-07,-1.03883e-05
5.609241e-07,-2.07662e-05
5.610241e-07,-2.72524e-05
5.611241e-07,-2.91983e-05
5.612241e-07,-2.7901e-05
5.613241e-07,-2.33607e-05
5.614241e-07,-1.75231e-05
5.615241e-07,-1.10369e-05
5.616241e-07,-4.55072e-06
5.617241e-07,-6.58998e-07
5.618241e-07,-1.03779e-08
5.619241e-07,-1.30762e-06
5.620241e-07,-4.55072e-06
5.621241e-07,-1.03883e-05
5.622241e-07,-1.75231e-05
5.623241e-07,-2.53066e-05
5.624241e-07,-3.37386e-05
5.625241e-07,-4.15221e-05
5.626241e-07,-5.06027e-05
5.627241e-07,-5.96834e-05
5.628241e-07,-6.94127e-05
5.629241e-07,-8.04393e-05
5.630241e-07,-9.21144e-05
5.631241e-07,-0.000104438
5.632241e-07,-0.000117411
5.633241e-07,-0.000129086
5.634241e-07,-0.000138166
5.635241e-07,-0.000144004
5.636241e-07,-0.000144653
5.637241e-07,-0.000138815
5.638241e-07,-0.000125843
5.639241e-07,-0.000105735
5.640241e-07,-7.84934e-05
5.641241e-07,-4.6711e-05
5.642241e-07,-1.23342e-05
5.643241e-07,2.39886e-05
5.644241e-07,5.90141e-05
5.645241e-07,9.01478e-05
5.646241e-07,0.000115444
5.647241e-07,0.000134254
5.648241e-07,0.000145929
5.649241e-07,0.000150469
5.650241e-07,0.000147875
5.651241e-07,0.000139443
5.652241e-07,0.000125822
5.653241e-07,0.000108309
5.654241e-07,8.69047e-05
5.655241e-07,6.35544e-05
5.656241e-07,3.82582e-05
5.657241e-07,1.23134e-05
5.658241e-07,-1.428e-05
5.659241e-07,-4.08734e-05
5.660241e-07,-6.68183e-05
5.661241e-07,-9.08172e-05
5.662241e-07,-0.000112222
5.663241e-07,-0.000130383
5.664241e-07,-0.000144653
5.665241e-07,-0.000154382
5.666241e-07,-0.000158922
5.667241e-07,-0.000157625
5.668241e-07,-0.000151787
5.669241e-07,-0.00014141
5.670241e-07,-0.000127789
5.671241e-07,-0.000110924
5.672241e-07,-9.34117e-05
5.673241e-07,-7.58989e-05
5.674241e-07,-5.90348e-05
5.675241e-07,-4.47652e-05
5.676241e-07,-3.43872e-05
5.677241e-07,-2.7901e-05
5.678241e-07,-2.66038e-05
5.679241e-07,-2.91983e-05
5.680241e-07,-3.56845e-05
5.681241e-07,-4.47652e-05
5.682241e-07,-5.57917e-05
5.683241e-07,-6.68183e-05
5.684241e-07,-7.65476e-05
5.685241e-07,-8.4331e-05
5.686241e-07,-8.82227e-05
5.687241e-07,-8.82227e-05
5.688241e-07,-8.36824e-05
5.689241e-07,-7.52503e-05
5.690241e-07,-6.42238e-05
5.691241e-07,-5.19e-05
5.692241e-07,-3.95762e-05
5.693241e-07,-2.85497e-05
5.694241e-07,-2.01176e-05
5.695241e-07,-1.49286e-05
5.696241e-07,-1.29828e-05
5.697241e-07,-1.428e-05
5.698241e-07,-1.75231e-05
5.699241e-07,-2.14148e-05
5.700241e-07,-2.46579e-05
5.701241e-07,-2.72524e-05
5.702241e-07,-2.72524e-05
5.703241e-07,-2.40093e-05
5.704241e-07,-1.81717e-05
5.705241e-07,-1.10369e-05
5.706241e-07,-3.25348e-06
5.707241e-07,5.8272e-06
5.708241e-07,1.42593e-05
5.709241e-07,2.07455e-05
5.710241e-07,2.46372e-05
5.711241e-07,2.6583e-05
5.712241e-07,2.52858e-05
5.713241e-07,2.26913e-05
5.714241e-07,1.75024e-05
5.715241e-07,1.16648e-05
5.716241e-07,5.8272e-06
5.717241e-07,1.28686e-06
5.718241e-07,-2.60486e-06
5.719241e-07,-3.25348e-06
5.720241e-07,-1.95624e-06
5.721241e-07,1.28686e-06
5.722241e-07,7.77306e-06
5.723241e-07,1.75024e-05
5.724241e-07,2.91775e-05
5.725241e-07,4.27986e-05
5.726241e-07,5.70682e-05
5.727241e-07,7.13378e-05
5.728241e-07,8.62561e-05
5.729241e-07,0.000100526
5.730241e-07,0.00011285
5.731241e-07,0.000123227
5.732241e-07,0.000130362
5.733241e-07,0.000134254
5.734241e-07,0.000134903
5.735241e-07,0.000133605
5.736241e-07,0.000129714
5.737241e-07,0.000125173
5.738241e-07,0.000119984
5.739241e-07,0.000116093
5.740241e-07,0.000113498
5.741241e-07,0.00011285
5.742241e-07,0.000113498
5.743241e-07,0.000114795
5.744241e-07,0.000114795
5.745241e-07,0.000113498
5.746241e-07,0.000109606
5.747241e-07,0.00010312
5.748241e-07,9.33909e-05
5.749241e-07,8.17158e-05
5.750241e-07,6.74461e-05
5.751241e-07,5.31765e-05
5.752241e-07,3.82582e-05
5.753241e-07,2.52858e-05
5.754241e-07,1.55565e-05
5.755241e-07,9.71892e-06
5.756241e-07,6.47582e-06
5.757241e-07,5.17858e-06
5.758241e-07,5.17858e-06
5.759241e-07,5.17858e-06
5.760241e-07,3.88134e-06
5.761241e-07,6.38242e-07
5.762241e-07,-4.55072e-06
5.763241e-07,-1.16855e-05
5.764241e-07,-2.07662e-05
5.765241e-07,-3.04955e-05
5.766241e-07,-4.02248e-05
5.767241e-07,-4.99541e-05
5.768241e-07,-5.83862e-05
5.769241e-07,-6.61696e-05
5.770241e-07,-7.39531e-05
5.771241e-07,-8.23851e-05
5.772241e-07,-9.27631e-05
5.773241e-07,-0.000107033
5.774241e-07,-0.000123897
5.775241e-07,-0.000144004
5.776241e-07,-0.000166057
5.777241e-07,-0.000188759
5.778241e-07,-0.000209515
5.779241e-07,-0.00022573
5.780241e-07,-0.000235459
5.781241e-07,-0.000237405
5.782241e-07,-0.000230271
5.783241e-07,-0.000214704
5.784241e-07,-0.000192002
5.785241e-07,-0.000162814
5.786241e-07,-0.000128437
5.787241e-07,-9.21144e-05
5.788241e-07,-5.57917e-05
5.789241e-07,-2.14148e-05
5.790241e-07,1.03675e-05
5.791241e-07,3.82582e-05
5.792241e-07,6.29058e-05
5.793241e-07,8.43102e-05
5.794241e-07,0.00010312
5.795241e-07,0.000119984
5.796241e-07,0.000134903
5.797241e-07,0.000147226
5.798241e-07,0.000158253
5.799241e-07,0.000166685
5.800241e-07,0.000171874
5.801241e-07,0.000172523
5.802241e-07,0.000167982
5.803241e-07,0.000158253
5.804241e-07,0.000143335
5.805241e-07,0.000123876
5.806241e-07,0.000100526
5.807241e-07,7.58782e-05
5.808241e-07,5.0582e-05
5.809241e-07,2.72317e-05
5.810241e-07,7.12444e-06
5.811241e-07,-7.79382e-06
5.812241e-07,-1.62259e-05
5.813241e-07,-1.88204e-05
5.814241e-07,-1.68745e-05
5.815241e-07,-1.03883e-05
5.816241e-07,-1.03779e-08
5.817241e-07,1.23134e-05
5.818241e-07,2.59344e-05
5.819241e-07,3.95555e-05
5.820241e-07,5.31765e-05
5.821241e-07,6.48516e-05
5.822241e-07,7.52296e-05
5.823241e-07,8.36616e-05
5.824241e-07,9.01478e-05
5.825241e-07,9.40395e-05
5.826241e-07,9.53368e-05
5.827241e-07,9.53368e-05
5.828241e-07,9.40395e-05
5.829241e-07,9.14451e-05
5.830241e-07,8.75533e-05
5.831241e-07,8.36616e-05
5.832241e-07,7.97699e-05
5.833241e-07,7.52296e-05
5.834241e-07,7.06892e-05
5.835241e-07,6.67975e-05
5.836241e-07,6.35544e-05
5.837241e-07,5.90141e-05
5.838241e-07,5.38251e-05
5.839241e-07,4.79875e-05
5.840241e-07,4.15013e-05
5.841241e-07,3.43665e-05
5.842241e-07,2.6583e-05
5.843241e-07,1.94482e-05
5.844241e-07,1.2962e-05
5.845241e-07,7.12444e-06
5.846241e-07,1.28686e-06
5.847241e-07,-4.55072e-06
5.848241e-07,-1.03883e-05
5.849241e-07,-1.68745e-05
5.850241e-07,-2.59552e-05
5.851241e-07,-3.63331e-05
5.852241e-07,-4.99541e-05
5.853241e-07,-6.61696e-05
5.854241e-07,-8.49796e-05
5.855241e-07,-0.00010379
5.856241e-07,-0.000121302
5.857241e-07,-0.000135572
5.858241e-07,-0.000145301
5.859241e-07,-0.000148544
5.860241e-07,-0.000143355
5.861241e-07,-0.000131032
5.862241e-07,-0.000111573
5.863241e-07,-8.69255e-05
5.864241e-07,-5.83862e-05
5.865241e-07,-3.04955e-05
5.866241e-07,-5.19934e-06
5.867241e-07,1.49079e-05
5.868241e-07,2.78803e-05
5.869241e-07,3.30692e-05
5.870241e-07,3.04748e-05
5.871241e-07,2.07455e-05
5.872241e-07,6.47582e-06
5.873241e-07,-1.03883e-05
5.874241e-07,-2.66038e-05
5.875241e-07,-4.02248e-05
5.876241e-07,-4.93055e-05
5.877241e-07,-5.25486e-05
5.878241e-07,-4.93055e-05
5.879241e-07,-4.02248e-05
5.880241e-07,-2.53066e-05
5.881241e-07,-5.84796e-06
5.882241e-07,1.62051e-05
5.883241e-07,3.95555e-05
5.884241e-07,6.22572e-05
5.885241e-07,8.3013e-05
5.886241e-07,0.000101174
5.887241e-07,0.000116741
5.888241e-07,0.000129714
5.889241e-07,0.000140092
5.890241e-07,0.000148524
5.891241e-07,0.000154361
5.892241e-07,0.000158902
5.893241e-07,0.000160847
5.894241e-07,0.000160847
5.895241e-07,0.000158902
5.896241e-07,0.000155658
5.897241e-07,0.000149821
5.898241e-07,0.000141389
5.899241e-07,0.000131011
5.900241e-07,0.000119984
5.901241e-07,0.000108309
5.902241e-07,9.79313e-05
5.903241e-07,8.8202e-05
5.904241e-07,8.04185e-05
5.905241e-07,7.32837e-05
5.906241e-07,6.74461e-05
5.907241e-07,6.16085e-05
5.908241e-07,5.5771e-05
5.909241e-07,4.92848e-05
5.910241e-07,4.15013e-05
5.911241e-07,3.30692e-05
5.912241e-07,2.39886e-05
5.913241e-07,1.55565e-05
5.914241e-07,7.12444e-06
5.915241e-07,-1.03779e-08
5.916241e-07,-7.1452e-06
5.917241e-07,-1.29828e-05
5.918241e-07,-1.88204e-05
5.919241e-07,-2.33607e-05
5.920241e-07,-2.59552e-05
5.921241e-07,-2.85497e-05
5.922241e-07,-2.98469e-05
5.923241e-07,-2.98469e-05
5.924241e-07,-2.91983e-05
5.925241e-07,-2.59552e-05
5.926241e-07,-1.9469e-05
5.927241e-07,-1.03883e-05
5.928241e-07,1.93548e-06
5.929241e-07,1.75024e-05
5.930241e-07,3.30692e-05
5.931241e-07,4.92848e-05
5.932241e-07,6.29058e-05
5.933241e-07,7.39323e-05
5.934241e-07,8.04185e-05
5.935241e-07,8.10671e-05
5.936241e-07,7.65268e-05
5.937241e-07,6.55003e-05
5.938241e-07,4.86361e-05
5.939241e-07,2.78803e-05
5.940241e-07,4.52996e-06
5.941241e-07,-1.9469e-05
5.942241e-07,-4.41165e-05
5.943241e-07,-6.68183e-05
5.944241e-07,-8.69255e-05
5.945241e-07,-0.00010379
5.946241e-07,-0.000118708
5.947241e-07,-0.000132329
5.948241e-07,-0.000144004
5.949241e-07,-0.000155031
5.950241e-07,-0.000164111
5.951241e-07,-0.000172543
5.952241e-07,-0.00017903
5.953241e-07,-0.000184219
5.954241e-07,-0.000186813
5.955241e-07,-0.000186164
5.956241e-07,-0.000181624
5.957241e-07,-0.000173841
5.958241e-07,-0.000162165
5.959241e-07,-0.000148544
5.960241e-07,-0.000133626
5.961241e-07,-0.000118708
5.962241e-07,-0.00010379
5.963241e-07,-9.08172e-05
5.964241e-07,-7.9142e-05
5.965241e-07,-7.00614e-05
5.966241e-07,-6.29265e-05
5.967241e-07,-5.7089e-05
5.968241e-07,-5.19e-05
5.969241e-07,-4.6711e-05
5.970241e-07,-4.02248e-05
5.971241e-07,-3.17928e-05
5.972241e-07,-2.20635e-05
5.973241e-07,-9.73968e-06
5.974241e-07,3.88134e-06
5.975241e-07,1.94482e-05
5.976241e-07,3.50151e-05
5.977241e-07,4.99334e-05
5.978241e-07,6.29058e-05
5.979241e-07,7.19865e-05
5.980241e-07,7.7824e-05
5.981241e-07,7.91213e-05
5.982241e-07,7.52296e-05
5.983241e-07,6.61489e-05
5.984241e-07,5.25279e-05
5.985241e-07,3.43665e-05
5.986241e-07,1.2962e-05
5.987241e-07,-1.10369e-05
5.988241e-07,-3.63331e-05
5.989241e-07,-6.22779e-05
5.990241e-07,-8.69255e-05
5.991241e-07,-0.000108979
5.992241e-07,-0.00012714
5.993241e-07,-0.000140761
5.994241e-07,-0.000149193
5.995241e-07,-0.000151787
5.996241e-07,-0.000149842
5.997241e-07,-0.000144004
5.998241e-07,-0.000135572
5.999241e-07,-0.000124545
6.000241e-07,-0.00011287
6.001241e-07,-0.000101844
6.002241e-07,-9.34117e-05
6.003241e-07,-8.62769e-05
6.004241e-07,-8.23851e-05
6.005241e-07,-8.10879e-05
6.006241e-07,-8.23851e-05
6.007241e-07,-8.62769e-05
6.008241e-07,-9.21144e-05
6.009241e-07,-0.000100547
6.010241e-07,-0.000110924
6.011241e-07,-0.000121951
6.012241e-07,-0.000134275
6.013241e-07,-0.000146599
6.014241e-07,-0.000158274
6.015241e-07,-0.000168652
6.016241e-07,-0.000176435
6.017241e-07,-0.000180975
6.018241e-07,-0.000181624
6.019241e-07,-0.000177084
6.020241e-07,-0.000167354
6.021241e-07,-0.000153085
6.022241e-07,-0.000134923
6.023241e-07,-0.00011287
6.024241e-07,-8.88713e-05
6.025241e-07,-6.35752e-05
6.026241e-07,-4.02248e-05
6.027241e-07,-1.9469e-05
6.028241e-07,-6.58998e-07
6.029241e-07,1.49079e-05
6.030241e-07,2.72317e-05
6.031241e-07,3.6961e-05
6.032241e-07,4.34472e-05
6.033241e-07,4.86361e-05
6.034241e-07,5.25279e-05
6.035241e-07,5.5771e-05
6.036241e-07,5.90141e-05
6.037241e-07,6.16085e-05
6.038241e-07,6.4203e-05
6.039241e-07,6.61489e-05
6.040241e-07,6.74461e-05
6.041241e-07,6.74461e-05
6.042241e-07,6.55003e-05
6.043241e-07,6.16085e-05
6.044241e-07,5.5771e-05
6.045241e-07,4.92848e-05
6.046241e-07,4.27986e-05
6.047241e-07,3.6961e-05
6.048241e-07,3.30692e-05
6.049241e-07,3.1772e-05
6.050241e-07,3.37179e-05
6.051241e-07,4.08527e-05
6.052241e-07,5.25279e-05
6.053241e-07,6.74461e-05
6.054241e-07,8.56075e-05
6.055241e-07,0.000104417
6.056241e-07,0.000122579
6.057241e-07,0.000139443
6.058241e-07,0.000153064
6.059241e-07,0.000162793
6.060241e-07,0.000167982
6.061241e-07,0.000167334
6.062241e-07,0.000162145
6.063241e-07,0.000152415
6.064241e-07,0.000140092
6.065241e-07,0.000124525
6.066241e-07,0.000107012
6.067241e-07,9.01478e-05
6.068241e-07,7.39323e-05
6.069241e-07,5.96627e-05
6.070241e-07,4.79875e-05
6.071241e-07,3.95555e-05
6.072241e-07,3.30692e-05
6.073241e-07,2.78803e-05
6.074241e-07,2.33399e-05
6.075241e-07,1.94482e-05
6.076241e-07,1.55565e-05
6.077241e-07,9.71892e-06
6.078241e-07,2.5841e-06
6.079241e-07,-6.49658e-06
6.080241e-07,-1.68745e-05
6.081241e-07,-2.85497e-05
6.082241e-07,-4.02248e-05
6.083241e-07,-5.06027e-05
6.084241e-07,-5.96834e-05
6.085241e-07,-6.5521e-05
6.086241e-07,-6.81155e-05
6.087241e-07,-6.68183e-05
6.088241e-07,-6.03321e-05
6.089241e-07,-4.93055e-05
6.090241e-07,-3.56845e-05
6.091241e-07,-1.88204e-05
6.092241e-07,-2.60486e-06
6.093241e-07,1.23134e-05
6.094241e-07,2.33399e-05
6.095241e-07,2.98261e-05
6.096241e-07,2.98261e-05
6.097241e-07,2.26913e-05
6.098241e-07,9.0703e-06
6.099241e-07,-9.73968e-06
6.100241e-07,-3.24414e-05
6.101241e-07,-5.7089e-05
6.102241e-07,-8.10879e-05
6.103241e-07,-0.000102492
6.104241e-07,-0.000120654
6.105241e-07,-0.000133626
6.106241e-07,-0.00014141
6.107241e-07,-0.000143355
6.108241e-07,-0.000139464
6.109241e-07,-0.000131032
6.110241e-07,-0.000118708
6.111241e-07,-0.000105087
6.112241e-07,-8.952e-05
6.113241e-07,-7.33045e-05
6.114241e-07,-5.7089e-05
6.115241e-07,-4.15221e-05
6.116241e-07,-2.72524e-05
6.117241e-07,-1.428e-05
6.118241e-07,-3.25348e-06
6.119241e-07,7.12444e-06
6.120241e-07,1.75024e-05
6.121241e-07,2.6583e-05
6.122241e-07,3.37179e-05
6.123241e-07,4.02041e-05
6.124241e-07,4.47444e-05
6.125241e-07,4.73389e-05
6.126241e-07,4.86361e-05
6.127241e-07,4.86361e-05
6.128241e-07,4.73389e-05
6.129241e-07,4.40958e-05
6.130241e-07,4.02041e-05
6.131241e-07,3.43665e-05
6.132241e-07,2.6583e-05
6.133241e-07,1.75024e-05
6.134241e-07,6.47582e-06
6.135241e-07,-7.1452e-06
6.136241e-07,-2.27121e-05
6.137241e-07,-3.89276e-05
6.138241e-07,-5.57917e-05
6.139241e-07,-7.13586e-05
6.140241e-07,-8.4331e-05
6.141241e-07,-9.40603e-05
6.142241e-07,-9.7952e-05
6.143241e-07,-9.60062e-05
6.144241e-07,-8.69255e-05
6.145241e-07,-7.20072e-05
6.146241e-07,-5.19e-05
6.147241e-07,-2.7901e-05
6.148241e-07,-1.30762e-06
6.149241e-07,2.52858e-05
6.150241e-07,5.12306e-05
6.151241e-07,7.52296e-05
6.152241e-07,9.53368e-05
6.153241e-07,0.000110904
6.154241e-07,0.000120633
6.155241e-07,0.000124525
6.156241e-07,0.000122579
6.157241e-07,0.000114147
6.158241e-07,0.000100526
6.159241e-07,8.23644e-05
6.160241e-07,6.03113e-05
6.161241e-07,3.56637e-05
6.162241e-07,9.0703e-06
6.163241e-07,-1.68745e-05
6.164241e-07,-4.21707e-05
6.165241e-07,-6.42238e-05
6.166241e-07,-8.23851e-05
6.167241e-07,-9.53575e-05
6.168241e-07,-0.000102492
6.169241e-07,-0.00010379
6.170241e-07,-0.000100547
6.171241e-07,-9.34117e-05
6.172241e-07,-8.30338e-05
6.173241e-07,-7.26558e-05
6.174241e-07,-6.22779e-05
6.175241e-07,-5.38459e-05
6.176241e-07,-4.73596e-05
6.177241e-07,-4.28193e-05
6.178241e-07,-4.08734e-05
6.179241e-07,-3.89276e-05
6.180241e-07,-3.69817e-05
6.181241e-07,-3.37386e-05
6.182241e-07,-2.85497e-05
6.183241e-07,-2.07662e-05
6.184241e-07,-1.03883e-05
6.185241e-07,1.93548e-06
6.186241e-07,1.42593e-05
6.187241e-07,2.6583e-05
6.188241e-07,3.76096e-05
6.189241e-07,4.5393e-05
6.190241e-07,5.0582e-05
6.191241e-07,5.31765e-05
6.192241e-07,5.38251e-05
6.193241e-07,5.25279e-05
6.194241e-07,5.0582e-05
6.195241e-07,4.92848e-05
6.196241e-07,4.86361e-05
6.197241e-07,4.86361e-05
6.198241e-07,4.92848e-05
6.199241e-07,5.12306e-05
6.200241e-07,5.31765e-05
6.201241e-07,5.44737e-05
6.202241e-07,5.44737e-05
6.203241e-07,5.31765e-05
6.204241e-07,5.0582e-05
6.205241e-07,4.5393e-05
6.206241e-07,3.89068e-05
6.207241e-07,3.11234e-05
6.208241e-07,2.26913e-05
6.209241e-07,1.42593e-05
6.210241e-07,6.47582e-06
6.211241e-07,-1.03779e-08
6.212241e-07,-4.55072e-06
6.213241e-07,-8.44244e-06
6.214241e-07,-9.73968e-06
6.215241e-07,-9.09106e-06
6.216241e-07,-6.49658e-06
6.217241e-07,-2.60486e-06
6.218241e-07,3.88134e-06
6.219241e-07,1.16648e-05
6.220241e-07,2.07455e-05
6.221241e-07,3.04748e-05
6.222241e-07,3.82582e-05
6.223241e-07,4.5393e-05
6.224241e-07,5.0582e-05
6.225241e-07,5.25279e-05
6.226241e-07,5.12306e-05
6.227241e-07,4.66903e-05
6.228241e-07,3.95555e-05
6.229241e-07,2.98261e-05
6.230241e-07,1.94482e-05
6.231241e-07,1.03675e-05
6.232241e-07,3.23272e-06
6.233241e-07,-1.30762e-06
6.234241e-07,-1.95624e-06
6.235241e-07,6.38242e-07
6.236241e-07,6.47582e-06
6.237241e-07,1.49079e-05
6.238241e-07,2.39886e-05
6.239241e-07,3.1772e-05
6.240241e-07,3.6961e-05
6.241241e-07,3.82582e-05
6.242241e-07,3.56637e-05
6.243241e-07,2.85289e-05
6.244241e-07,1.8151e-05
6.245241e-07,3.23272e-06
6.246241e-07,-1.49286e-05
6.247241e-07,-3.50359e-05
6.248241e-07,-5.64403e-05
6.249241e-07,-7.9142e-05
6.250241e-07,-0.000101195
6.251241e-07,-0.000123248
6.252241e-07,-0.000144653
6.253241e-07,-0.000165409
6.254241e-07,-0.000185516
6.255241e-07,-0.000203677
6.256241e-07,-0.000219244
6.257241e-07,-0.000231568
6.258241e-07,-0.00024
6.259241e-07,-0.000243892
6.260241e-07,-0.000242594
6.261241e-07,-0.000236757
6.262241e-07,-0.000226379
6.263241e-07,-0.000212758
6.264241e-07,-0.00019784
6.265241e-07,-0.000182921
6.266241e-07,-0.000169949
6.267241e-07,-0.000158274
6.268241e-07,-0.00015049
6.269241e-07,-0.000145301
6.270241e-07,-0.000143355
6.271241e-07,-0.000142707
6.272241e-07,-0.00014141
6.273241e-07,-0.000140112
6.274241e-07,-0.000135572
6.275241e-07,-0.00012714
6.276241e-07,-0.000114816
6.277241e-07,-9.73034e-05
6.278241e-07,-7.71962e-05
6.279241e-07,-5.38459e-05
6.280241e-07,-2.85497e-05
6.281241e-07,-3.25348e-06
6.282241e-07,2.00968e-05
6.283241e-07,4.08527e-05
6.284241e-07,5.96627e-05
6.285241e-07,7.45809e-05
6.286241e-07,8.56075e-05
6.287241e-07,9.40395e-05
6.288241e-07,9.98771e-05
6.289241e-07,0.00010312
6.290241e-07,0.000103769
6.291241e-07,0.000102472
6.292241e-07,0.000100526
6.293241e-07,9.72826e-05
6.294241e-07,9.33909e-05
6.295241e-07,8.88506e-05
6.296241e-07,8.43102e-05
6.297241e-07,7.91213e-05
6.298241e-07,7.32837e-05
6.299241e-07,6.80947e-05
6.300241e-07,6.35544e-05
6.301241e-07,6.09599e-05
6.302241e-07,6.03113e-05
6.303241e-07,6.16085e-05
6.304241e-07,6.48516e-05
6.305241e-07,7.00406e-05
6.306241e-07,7.65268e-05
6.307241e-07,8.43102e-05
6.308241e-07,9.27423e-05
6.309241e-07,0.000101174
6.310241e-07,0.000109606
6.311241e-07,0.000116741
6.312241e-07,0.000122579
6.313241e-07,0.000127119
6.314241e-07,0.000129714
6.315241e-07,0.000130362
6.316241e-07,0.000129714
6.317241e-07,0.000127119
6.318241e-07,0.000123876
6.319241e-07,0.000119336
6.320241e-07,0.000114147
6.321241e-07,0.000107012
6.322241e-07,9.85799e-05
6.323241e-07,8.94992e-05
6.324241e-07,7.91213e-05
6.325241e-07,6.87434e-05
6.326241e-07,5.77168e-05
6.327241e-07,4.66903e-05
6.328241e-07,3.56637e-05
6.329241e-07,2.39886e-05
6.330241e-07,1.2962e-05
6.331241e-07,3.23272e-06
6.332241e-07,-5.84796e-06
6.333241e-07,-1.29828e-05
6.334241e-07,-1.88204e-05
6.335241e-07,-2.40093e-05
6.336241e-07,-2.72524e-05
6.337241e-07,-2.91983e-05
6.338241e-07,-3.04955e-05
6.339241e-07,-3.11441e-05
6.340241e-07,-2.98469e-05
6.341241e-07,-2.66038e-05
6.342241e-07,-2.14148e-05
6.343241e-07,-1.36314e-05
6.344241e-07,-3.9021e-06
6.345241e-07,6.47582e-06
6.346241e-07,1.75024e-05
6.347241e-07,2.91775e-05
6.348241e-07,3.95555e-05
6.349241e-07,4.86361e-05
6.350241e-07,5.5771e-05
6.351241e-07,6.03113e-05
6.352241e-07,6.16085e-05
6.353241e-07,5.96627e-05
6.354241e-07,5.44737e-05
6.355241e-07,4.73389e-05
6.356241e-07,3.89068e-05
6.357241e-07,2.98261e-05
6.358241e-07,2.00968e-05
6.359241e-07,1.16648e-05
6.360241e-07,5.17858e-06
6.361241e-07,6.38242e-07
6.362241e-07,-1.30762e-06
6.363241e-07,-6.58998e-07
6.364241e-07,3.88134e-06
6.365241e-07,1.10162e-05
6.366241e-07,2.00968e-05
6.367241e-07,3.11234e-05
6.368241e-07,4.34472e-05
6.369241e-07,5.44737e-05
6.370241e-07,6.35544e-05
6.371241e-07,7.06892e-05
6.372241e-07,7.39323e-05
6.373241e-07,7.32837e-05
6.374241e-07,6.9392e-05
6.375241e-07,6.16085e-05
6.376241e-07,5.18792e-05
6.377241e-07,3.89068e-05
6.378241e-07,2.52858e-05
6.379241e-07,1.23134e-05
6.380241e-07,6.38242e-07
6.381241e-07,-7.79382e-06
6.382241e-07,-1.36314e-05
6.383241e-07,-1.75231e-05
6.384241e-07,-1.9469e-05
6.385241e-07,-2.07662e-05
6.386241e-07,-2.27121e-05
6.387241e-07,-2.59552e-05
6.388241e-07,-3.17928e-05
6.389241e-07,-4.02248e-05
6.390241e-07,-5.12514e-05
6.391241e-07,-6.42238e-05
6.392241e-07,-7.84934e-05
6.393241e-07,-9.34117e-05
6.394241e-07,-0.000107681
6.395241e-07,-0.000120005
6.396241e-07,-0.000130383
6.397241e-07,-0.000138166
6.398241e-07,-0.000144004
6.399241e-07,-0.000147896
6.400241e-07,-0.00015049
6.401241e-07,-0.000151139
6.402241e-07,-0.000151787
6.403241e-07,-0.000151787
6.404241e-07,-0.000151787
6.405241e-07,-0.000151139
6.406241e-07,-0.00015049
6.407241e-07,-0.000147896
6.408241e-07,-0.00014595
6.409241e-07,-0.000143355
6.410241e-07,-0.00014141
6.411241e-07,-0.000140112
6.412241e-07,-0.000138815
6.413241e-07,-0.000140112
6.414241e-07,-0.000142707
6.415241e-07,-0.000146599
6.416241e-07,-0.00015049
6.417241e-07,-0.000154382
6.418241e-07,-0.000157625
6.419241e-07,-0.000157625
6.420241e-07,-0.000153085
6.421241e-07,-0.000142707
6.422241e-07,-0.000126491
6.423241e-07,-0.000103141
6.424241e-07,-7.46017e-05
6.425241e-07,-4.21707e-05
6.426241e-07,-7.1452e-06
6.427241e-07,2.6583e-05
6.428241e-07,5.77168e-05
6.429241e-07,8.23644e-05
6.430241e-07,9.98771e-05
6.431241e-07,0.000109606
6.432241e-07,0.000110255
6.433241e-07,0.000102472
6.434241e-07,8.75533e-05
6.435241e-07,6.74461e-05
6.436241e-07,4.27986e-05
6.437241e-07,1.62051e-05
6.438241e-07,-9.73968e-06
6.439241e-07,-3.37386e-05
6.440241e-07,-5.51431e-05
6.441241e-07,-7.20072e-05
6.442241e-07,-8.4331e-05
6.443241e-07,-9.21144e-05
6.444241e-07,-9.47089e-05
6.445241e-07,-9.27631e-05
6.446241e-07,-8.62769e-05
6.447241e-07,-7.58989e-05
6.448241e-07,-6.35752e-05
6.449241e-07,-5.06027e-05
6.450241e-07,-3.89276e-05
6.451241e-07,-2.91983e-05
6.452241e-07,-2.20635e-05
6.453241e-07,-1.88204e-05
6.454241e-07,-1.9469e-05
6.455241e-07,-2.33607e-05
6.456241e-07,-3.04955e-05
6.457241e-07,-3.95762e-05
6.458241e-07,-4.86569e-05
6.459241e-07,-5.7089e-05
6.460241e-07,-6.29265e-05
6.461241e-07,-6.48724e-05
6.462241e-07,-6.22779e-05
6.463241e-07,-5.51431e-05
6.464241e-07,-4.34679e-05
6.465241e-07,-2.91983e-05
6.466241e-07,-1.428e-05
6.467241e-07,6.38242e-07
6.468241e-07,1.36106e-05
6.469241e-07,2.33399e-05
6.470241e-07,2.98261e-05
6.471241e-07,3.30692e-05
6.472241e-07,3.1772e-05
6.473241e-07,2.85289e-05
6.474241e-07,2.20427e-05
6.475241e-07,1.49079e-05
6.476241e-07,7.12444e-06
6.477241e-07,-1.30762e-06
6.478241e-07,-8.44244e-06
6.479241e-07,-1.49286e-05
6.480241e-07,-2.14148e-05
6.481241e-07,-2.7901e-05
6.482241e-07,-3.37386e-05
6.483241e-07,-3.8279e-05
6.484241e-07,-4.28193e-05
6.485241e-07,-4.60624e-05
6.486241e-07,-4.86569e-05
6.487241e-07,-4.93055e-05
6.488241e-07,-4.80083e-05
6.489241e-07,-4.34679e-05
6.490241e-07,-3.56845e-05
6.491241e-07,-2.46579e-05
6.492241e-07,-1.10369e-05
6.493241e-07,5.17858e-06
6.494241e-07,2.39886e-05
6.495241e-07,4.27986e-05
6.496241e-07,6.03113e-05
6.497241e-07,7.52296e-05
6.498241e-07,8.56075e-05
6.499241e-07,9.20937e-05
6.500241e-07,9.40395e-05
6.501241e-07,9.14451e-05
6.502241e-07,8.43102e-05
6.503241e-07,7.39323e-05
6.504241e-07,6.09599e-05
6.505241e-07,4.60417e-05
6.506241e-07,3.04748e-05
6.507241e-07,1.49079e-05
6.508241e-07,-6.58998e-07
6.509241e-07,-1.62259e-05
6.510241e-07,-3.24414e-05
6.511241e-07,-4.73596e-05
6.512241e-07,-6.29265e-05
6.513241e-07,-7.78448e-05
6.514241e-07,-9.21144e-05
6.515241e-07,-0.000105087
6.516241e-07,-0.000116113
6.517241e-07,-0.000125843
6.518241e-07,-0.00013168
6.519241e-07,-0.000133626
6.520241e-07,-0.000132329
6.521241e-07,-0.000127789
6.522241e-07,-0.000121302
6.523241e-07,-0.00011287
6.524241e-07,-0.000103141
6.525241e-07,-9.40603e-05
6.526241e-07,-8.62769e-05
6.527241e-07,-8.04393e-05
6.528241e-07,-7.78448e-05
6.529241e-07,-7.71962e-05
6.530241e-07,-7.84934e-05
6.531241e-07,-8.10879e-05
6.532241e-07,-8.56282e-05
6.533241e-07,-9.14658e-05
6.534241e-07,-9.73034e-05
6.535241e-07,-0.00010379
6.536241e-07,-0.000109627
6.537241e-07,-0.000116762
6.538241e-07,-0.000123248
6.539241e-07,-0.000130383
6.540241e-07,-0.000137518
6.541241e-07,-0.000144004
6.542241e-07,-0.000149842
6.543241e-07,-0.000154382
6.544241e-07,-0.000156976
6.545241e-07,-0.000156976
6.546241e-07,-0.000154382
6.547241e-07,-0.000147247
6.548241e-07,-0.000136221
6.549241e-07,-0.000120005
6.550241e-07,-9.98979e-05
6.551241e-07,-7.52503e-05
6.552241e-07,-4.80083e-05
6.553241e-07,-1.9469e-05
6.554241e-07,9.0703e-06
6.555241e-07,3.63124e-05
6.556241e-07,6.03113e-05
6.557241e-07,7.84727e-05
6.558241e-07,9.20937e-05
6.559241e-07,0.000100526
6.560241e-07,0.000103769
6.561241e-07,0.00010312
6.562241e-07,9.92285e-05
6.563241e-07,9.40395e-05
6.564241e-07,8.94992e-05
6.565241e-07,8.62561e-05
6.566241e-07,8.62561e-05
6.567241e-07,8.8202e-05
6.568241e-07,9.20937e-05
6.569241e-07,9.6634e-05
6.570241e-07,9.98771e-05
6.571241e-07,0.000101174
6.572241e-07,9.72826e-05
6.573241e-07,8.8202e-05
6.574241e-07,7.32837e-05
6.575241e-07,5.31765e-05
6.576241e-07,2.85289e-05
6.577241e-07,6.38242e-07
6.578241e-07,-2.72524e-05
6.579241e-07,-5.38459e-05
6.580241e-07,-7.65476e-05
6.581241e-07,-9.53575e-05
6.582241e-07,-0.000107033
6.583241e-07,-0.000112222
6.584241e-07,-0.000110276
6.585241e-07,-0.000103141
6.586241e-07,-9.14658e-05
6.587241e-07,-7.71962e-05
6.588241e-07,-6.09807e-05
6.589241e-07,-4.47652e-05
6.590241e-07,-2.7901e-05
6.591241e-07,-1.23342e-05
6.592241e-07,3.23272e-06
6.593241e-07,1.62051e-05
6.594241e-07,2.85289e-05
6.595241e-07,3.95555e-05
6.596241e-07,4.99334e-05
6.597241e-07,5.77168e-05
6.598241e-07,6.4203e-05
6.599241e-07,6.87434e-05
6.600241e-07,7.19865e-05
6.601241e-07,7.26351e-05
6.602241e-07,7.19865e-05
6.603241e-07,7.00406e-05
6.604241e-07,6.67975e-05
6.605241e-07,6.22572e-05
6.606241e-07,5.64196e-05
6.607241e-07,4.99334e-05
6.608241e-07,4.27986e-05
6.609241e-07,3.43665e-05
6.610241e-07,2.46372e-05
6.611241e-07,1.2962e-05
6.612241e-07,6.38242e-07
6.613241e-07,-1.36314e-05
6.614241e-07,-2.85497e-05
6.615241e-07,-4.34679e-05
6.616241e-07,-5.83862e-05
6.617241e-07,-7.071e-05
6.618241e-07,-8.04393e-05
6.619241e-07,-8.62769e-05
6.620241e-07,-8.88713e-05
6.621241e-07,-8.75741e-05
6.622241e-07,-8.23851e-05
6.623241e-07,-7.52503e-05
6.624241e-07,-6.48724e-05
6.625241e-07,-5.38459e-05
6.626241e-07,-4.15221e-05
6.627241e-07,-2.98469e-05
6.628241e-07,-1.88204e-05
6.629241e-07,-9.09106e-06
6.630241e-07,-1.30762e-06
6.631241e-07,4.52996e-06
6.632241e-07,9.71892e-06
6.633241e-07,1.2962e-05
6.634241e-07,1.49079e-05
6.635241e-07,1.55565e-05
6.636241e-07,1.42593e-05
6.637241e-07,1.10162e-05
6.638241e-07,6.47582e-06
6.639241e-07,6.38242e-07
6.640241e-07,-6.49658e-06
6.641241e-07,-1.428e-05
6.642241e-07,-2.20635e-05
6.643241e-07,-2.7901e-05
6.644241e-07,-3.17928e-05
6.645241e-07,-3.37386e-05
6.646241e-07,-3.37386e-05
6.647241e-07,-3.04955e-05
6.648241e-07,-2.40093e-05
6.649241e-07,-1.428e-05
6.650241e-07,-2.60486e-06
6.651241e-07,1.16648e-05
6.652241e-07,2.6583e-05
6.653241e-07,4.27986e-05
6.654241e-07,5.90141e-05
6.655241e-07,7.52296e-05
6.656241e-07,9.14451e-05
6.657241e-07,0.000106363
6.658241e-07,0.000120633
6.659241e-07,0.000134254
6.660241e-07,0.000146578
6.661241e-07,0.000158253
6.662241e-07,0.000167982
6.663241e-07,0.000175766
6.664241e-07,0.000181603
6.665241e-07,0.000184846
6.666241e-07,0.000186792
6.667241e-07,0.000186144
6.668241e-07,0.000183549
6.669241e-07,0.000177712
6.670241e-07,0.000169928
6.671241e-07,0.00015955
6.672241e-07,0.000148524
6.673241e-07,0.000136848
6.674241e-07,0.000125822
6.675241e-07,0.00011739
6.676241e-07,0.000111552
6.677241e-07,0.000108958
6.678241e-07,0.000110255
6.679241e-07,0.000114795
6.680241e-07,0.000123227
6.681241e-07,0.000133605
6.682241e-07,0.000145281
6.683241e-07,0.000155658
6.684241e-07,0.000164739
6.685241e-07,0.000171225
6.686241e-07,0.000173171
6.687241e-07,0.000171225
6.688241e-07,0.000165388
6.689241e-07,0.000155658
6.690241e-07,0.000143335
6.691241e-07,0.000129714
6.692241e-07,0.000116093
6.693241e-07,0.00010312
6.694241e-07,9.07964e-05
6.695241e-07,8.04185e-05
6.696241e-07,7.13378e-05
6.697241e-07,6.35544e-05
6.698241e-07,5.64196e-05
6.699241e-07,4.86361e-05
6.700241e-07,4.02041e-05
6.701241e-07,2.85289e-05
6.702241e-07,1.36106e-05
6.703241e-07,-4.55072e-06
6.704241e-07,-2.53066e-05
6.705241e-07,-4.86569e-05
6.706241e-07,-7.33045e-05
6.707241e-07,-9.73034e-05
6.708241e-07,-0.000120654
6.709241e-07,-0.000140761
6.710241e-07,-0.000157625
6.711241e-07,-0.000171246
6.712241e-07,-0.000179678
6.713241e-07,-0.000184219
6.714241e-07,-0.000184867
6.715241e-07,-0.000181624
6.716241e-07,-0.000175138
6.717241e-07,-0.000166706
6.718241e-07,-0.000156976
6.719241e-07,-0.00014595
6.720241e-07,-0.000134923
6.721241e-07,-0.000123248
6.722241e-07,-0.000112222
6.723241e-07,-0.000101195
6.724241e-07,-9.14658e-05
6.725241e-07,-8.30338e-05
6.726241e-07,-7.58989e-05
6.727241e-07,-6.94127e-05
6.728241e-07,-6.42238e-05
6.729241e-07,-5.96834e-05
6.730241e-07,-5.7089e-05
6.731241e-07,-5.51431e-05
6.732241e-07,-5.44945e-05
6.733241e-07,-5.51431e-05
6.734241e-07,-5.64403e-05
6.735241e-07,-5.83862e-05
6.736241e-07,-6.16293e-05
6.737241e-07,-6.5521e-05
6.738241e-07,-7.13586e-05
6.739241e-07,-7.78448e-05
6.740241e-07,-8.56282e-05
6.741241e-07,-9.53575e-05
6.742241e-07,-0.000105087
6.743241e-07,-0.000115465
6.744241e-07,-0.000125843
6.745241e-07,-0.000134923
6.746241e-07,-0.000142707
6.747241e-07,-0.000149193
6.748241e-07,-0.000153085
6.749241e-07,-0.000154382
6.750241e-07,-0.000153733
6.751241e-07,-0.000151139
6.752241e-07,-0.000147896
6.753241e-07,-0.000143355
6.754241e-07,-0.000138166
6.755241e-07,-0.000132329
6.756241e-07,-0.000125843
6.757241e-07,-0.000119356
6.758241e-07,-0.000111573
6.759241e-07,-0.00010379
6.760241e-07,-9.47089e-05
6.761241e-07,-8.56282e-05
6.762241e-07,-7.52503e-05
6.763241e-07,-6.5521e-05
6.764241e-07,-5.57917e-05
6.765241e-07,-4.6711e-05
6.766241e-07,-3.95762e-05
6.767241e-07,-3.37386e-05
6.768241e-07,-3.04955e-05
6.769241e-07,-2.98469e-05
6.770241e-07,-3.24414e-05
6.771241e-07,-3.76303e-05
6.772241e-07,-4.54138e-05
6.773241e-07,-5.51431e-05
6.774241e-07,-6.5521e-05
6.775241e-07,-7.65476e-05
6.776241e-07,-8.75741e-05
6.777241e-07,-9.7952e-05
6.778241e-07,-0.000107033
6.779241e-07,-0.00011287
6.780241e-07,-0.000116113
6.781241e-07,-0.000116113
6.782241e-07,-0.000113519
6.783241e-07,-0.000107681
6.784241e-07,-0.000100547
6.785241e-07,-9.08172e-05
6.786241e-07,-8.04393e-05
6.787241e-07,-6.94127e-05
6.788241e-07,-5.77376e-05
6.789241e-07,-4.6711e-05
6.790241e-07,-3.56845e-05
6.791241e-07,-2.46579e-05
6.792241e-07,-1.36314e-05
6.793241e-07,-3.9021e-06
6.794241e-07,5.17858e-06
6.795241e-07,1.36106e-05
6.796241e-07,2.07455e-05
6.797241e-07,2.52858e-05
6.798241e-07,2.85289e-05
6.799241e-07,2.91775e-05
6.800241e-07,2.78803e-05
6.801241e-07,2.39886e-05
6.802241e-07,1.75024e-05
6.803241e-07,1.16648e-05
6.804241e-07,5.17858e-06
6.805241e-07,-6.58998e-07
6.806241e-07,-5.19934e-06
6.807241e-07,-8.44244e-06
6.808241e-07,-9.09106e-06
6.809241e-07,-7.79382e-06
6.810241e-07,-3.9021e-06
6.811241e-07,2.5841e-06
6.812241e-07,1.10162e-05
6.813241e-07,2.07455e-05
6.814241e-07,3.11234e-05
6.815241e-07,4.15013e-05
6.816241e-07,5.25279e-05
6.817241e-07,6.29058e-05
6.818241e-07,7.19865e-05
6.819241e-07,8.04185e-05
6.820241e-07,8.62561e-05
6.821241e-07,9.01478e-05
6.822241e-07,9.27423e-05
6.823241e-07,9.33909e-05
6.824241e-07,9.20937e-05
6.825241e-07,9.01478e-05
6.826241e-07,8.62561e-05
6.827241e-07,8.23644e-05
6.828241e-07,7.84727e-05
