LECROYWaveRunner‘N,20113,Waveform
Segments,1,SegmentSize,2002
Segment,TrigTime,TimeSinceSegment1
#1,01-Oct-2018 13:40:56,0                 
Time,Ampl
4.827646e-07,7.39323e-05
4.828646e-07,6.67975e-05
4.829646e-07,6.4203e-05
4.830646e-07,6.74461e-05
4.831646e-07,7.65268e-05
4.832646e-07,9.14451e-05
4.833646e-07,0.000111552
4.834646e-07,0.0001362
4.835646e-07,0.000162145
4.836646e-07,0.000187441
4.837646e-07,0.000210143
4.838646e-07,0.000229601
4.839646e-07,0.000244519
4.840646e-07,0.000255546
4.841646e-07,0.000262032
4.842646e-07,0.000264627
4.843646e-07,0.000264627
4.844646e-07,0.000262681
4.845646e-07,0.000258789
4.846646e-07,0.000254249
4.847646e-07,0.000248411
4.848646e-07,0.000241925
4.849646e-07,0.000234141
4.850646e-07,0.000225709
4.851646e-07,0.00021598
4.852646e-07,0.000206251
4.853646e-07,0.000198467
4.854646e-07,0.000191981
4.855646e-07,0.000187441
4.856646e-07,0.000185495
4.857646e-07,0.000184846
4.858646e-07,0.000186144
4.859646e-07,0.000188738
4.860646e-07,0.000191333
4.861646e-07,0.000193278
4.862646e-07,0.00019263
4.863646e-07,0.000190035
4.864646e-07,0.000184846
4.865646e-07,0.000177712
4.866646e-07,0.000169928
4.867646e-07,0.000162145
4.868646e-07,0.00015501
4.869646e-07,0.000151118
4.870646e-07,0.000149821
4.871646e-07,0.000152415
4.872646e-07,0.000158253
4.873646e-07,0.000167334
4.874646e-07,0.000179009
4.875646e-07,0.000190684
4.876646e-07,0.000202359
4.877646e-07,0.000213386
4.878646e-07,0.000223764
4.879646e-07,0.000231547
4.880646e-07,0.000238033
4.881646e-07,0.000241276
4.882646e-07,0.000243222
4.883646e-07,0.000242574
4.884646e-07,0.000239979
4.885646e-07,0.000234141
4.886646e-07,0.000225061
4.887646e-07,0.00021144
4.888646e-07,0.000193927
4.889646e-07,0.00017382
4.890646e-07,0.000151118
4.891646e-07,0.000127119
4.892646e-07,0.000103769
4.893646e-07,8.36616e-05
4.894646e-07,6.87434e-05
4.895646e-07,5.83654e-05
4.896646e-07,5.44737e-05
4.897646e-07,5.51223e-05
4.898646e-07,6.09599e-05
4.899646e-07,7.00406e-05
4.900646e-07,8.10671e-05
4.901646e-07,9.14451e-05
4.902646e-07,0.000100526
4.903646e-07,0.000105715
4.904646e-07,0.000108309
4.905646e-07,0.000107661
4.906646e-07,0.000103769
4.907646e-07,9.85799e-05
4.908646e-07,9.33909e-05
4.909646e-07,9.01478e-05
4.910646e-07,9.01478e-05
4.911646e-07,9.27423e-05
4.912646e-07,9.85799e-05
4.913646e-07,0.000107012
4.914646e-07,0.000118038
4.915646e-07,0.000129714
4.916646e-07,0.00014074
4.917646e-07,0.000152415
4.918646e-07,0.000162793
4.919646e-07,0.00017382
4.920646e-07,0.000184198
4.921646e-07,0.000195224
4.922646e-07,0.000208197
4.923646e-07,0.000222466
4.924646e-07,0.000240628
4.925646e-07,0.000260086
4.926646e-07,0.000280842
4.927646e-07,0.000300949
4.928646e-07,0.000318462
4.929646e-07,0.00033338
4.930646e-07,0.000343758
4.931646e-07,0.000348299
4.932646e-07,0.000347001
4.933646e-07,0.000339867
4.934646e-07,0.000327543
4.935646e-07,0.000309381
4.936646e-07,0.000287328
4.937646e-07,0.000262032
4.938646e-07,0.00023479
4.939646e-07,0.000205602
4.940646e-07,0.000176414
4.941646e-07,0.000147226
4.942646e-07,0.000119984
4.943646e-07,9.53368e-05
4.944646e-07,7.52296e-05
4.945646e-07,6.09599e-05
4.946646e-07,5.38251e-05
4.947646e-07,5.38251e-05
4.948646e-07,6.22572e-05
4.949646e-07,7.91213e-05
4.950646e-07,0.000102472
4.951646e-07,0.000129714
4.952646e-07,0.00015955
4.953646e-07,0.000188089
4.954646e-07,0.000213386
4.955646e-07,0.000233493
4.956646e-07,0.000247114
4.957646e-07,0.000252951
4.958646e-07,0.000252303
4.959646e-07,0.000247114
4.960646e-07,0.000238033
4.961646e-07,0.000228953
4.962646e-07,0.000219872
4.963646e-07,0.000214034
4.964646e-07,0.000212088
4.965646e-07,0.000214683
4.966646e-07,0.000219872
4.967646e-07,0.000227007
4.968646e-07,0.00023479
4.969646e-07,0.000242574
4.970646e-07,0.000248411
4.971646e-07,0.000252303
4.972646e-07,0.000252303
4.973646e-07,0.000249708
4.974646e-07,0.000244519
4.975646e-07,0.000237385
4.976646e-07,0.000229601
4.977646e-07,0.000221169
4.978646e-07,0.000212088
4.979646e-07,0.00020171
4.980646e-07,0.000190035
4.981646e-07,0.000176414
4.982646e-07,0.000160199
4.983646e-07,0.000140092
4.984646e-07,0.000118038
4.985646e-07,9.33909e-05
4.986646e-07,6.87434e-05
4.987646e-07,4.47444e-05
4.988646e-07,2.33399e-05
4.989646e-07,6.47582e-06
4.990646e-07,-5.19934e-06
4.991646e-07,-1.16855e-05
4.992646e-07,-1.16855e-05
4.993646e-07,-7.1452e-06
4.994646e-07,1.93548e-06
4.995646e-07,1.2962e-05
4.996646e-07,2.52858e-05
4.997646e-07,3.82582e-05
4.998646e-07,4.99334e-05
4.999646e-07,6.09599e-05
5.000646e-07,6.9392e-05
5.001646e-07,7.71754e-05
5.002646e-07,8.3013e-05
5.003646e-07,8.75533e-05
5.004646e-07,9.07964e-05
5.005646e-07,9.20937e-05
5.006646e-07,9.14451e-05
5.007646e-07,8.8202e-05
5.008646e-07,8.23644e-05
5.009646e-07,7.39323e-05
5.010646e-07,6.35544e-05
5.011646e-07,5.12306e-05
5.012646e-07,3.82582e-05
5.013646e-07,2.6583e-05
5.014646e-07,1.68537e-05
5.015646e-07,9.71892e-06
5.016646e-07,7.77306e-06
5.017646e-07,1.16648e-05
5.018646e-07,2.07455e-05
5.019646e-07,3.50151e-05
5.020646e-07,5.31765e-05
5.021646e-07,7.45809e-05
5.022646e-07,9.6634e-05
5.023646e-07,0.000118038
5.024646e-07,0.000137497
5.025646e-07,0.000153064
5.026646e-07,0.000165388
5.027646e-07,0.000173171
5.028646e-07,0.000177712
5.029646e-07,0.000179657
5.030646e-07,0.000179009
5.031646e-07,0.000175766
5.032646e-07,0.000171874
5.033646e-07,0.000166685
5.034646e-07,0.000160199
5.035646e-07,0.000151118
5.036646e-07,0.000140092
5.037646e-07,0.000127119
5.038646e-07,0.000112201
5.039646e-07,9.6634e-05
5.040646e-07,7.97699e-05
5.041646e-07,6.48516e-05
5.042646e-07,5.18792e-05
5.043646e-07,4.21499e-05
5.044646e-07,3.76096e-05
5.045646e-07,3.82582e-05
5.046646e-07,4.34472e-05
5.047646e-07,5.31765e-05
5.048646e-07,6.48516e-05
5.049646e-07,7.84727e-05
5.050646e-07,9.14451e-05
5.051646e-07,0.00010312
5.052646e-07,0.000111552
5.053646e-07,0.000116093
5.054646e-07,0.000116741
5.055646e-07,0.000114147
5.056646e-07,0.000108958
5.057646e-07,0.000101823
5.058646e-07,9.46882e-05
5.059646e-07,8.8202e-05
5.060646e-07,8.23644e-05
5.061646e-07,7.71754e-05
5.062646e-07,7.26351e-05
5.063646e-07,6.87434e-05
5.064646e-07,6.55003e-05
5.065646e-07,6.22572e-05
5.066646e-07,6.09599e-05
5.067646e-07,6.03113e-05
5.068646e-07,6.29058e-05
5.069646e-07,7.00406e-05
5.070646e-07,8.17158e-05
5.071646e-07,9.79313e-05
5.072646e-07,0.000118038
5.073646e-07,0.000140092
5.074646e-07,0.000162145
5.075646e-07,0.000181603
5.076646e-07,0.000197819
5.077646e-07,0.000206899
5.078646e-07,0.000209494
5.079646e-07,0.000203656
5.080646e-07,0.000191981
5.081646e-07,0.000174468
5.082646e-07,0.000153713
5.083646e-07,0.000132308
5.084646e-07,0.000112201
5.085646e-07,9.40395e-05
5.086646e-07,7.7824e-05
5.087646e-07,6.35544e-05
5.088646e-07,5.0582e-05
5.089646e-07,3.82582e-05
5.090646e-07,2.52858e-05
5.091646e-07,9.0703e-06
5.092646e-07,-9.09106e-06
5.093646e-07,-2.91983e-05
5.094646e-07,-4.93055e-05
5.095646e-07,-6.87641e-05
5.096646e-07,-8.36824e-05
5.097646e-07,-9.27631e-05
5.098646e-07,-9.34117e-05
5.099646e-07,-8.56282e-05
5.100646e-07,-6.94127e-05
5.101646e-07,-4.47652e-05
5.102646e-07,-1.36314e-05
5.103646e-07,2.20427e-05
5.104646e-07,5.83654e-05
5.105646e-07,9.33909e-05
5.106646e-07,0.000125173
5.107646e-07,0.000152415
5.108646e-07,0.000174468
5.109646e-07,0.000191333
5.110646e-07,0.000203008
5.111646e-07,0.000210143
5.112646e-07,0.000212737
5.113646e-07,0.000212737
5.114646e-07,0.000210143
5.115646e-07,0.000204954
5.116646e-07,0.00019717
5.117646e-07,0.000186792
5.118646e-07,0.000173171
5.119646e-07,0.000157604
5.120646e-07,0.000142037
5.121646e-07,0.000127768
5.122646e-07,0.000116093
5.123646e-07,0.000107661
5.124646e-07,0.000103769
5.125646e-07,0.000105715
5.126646e-07,0.000112201
5.127646e-07,0.000124525
5.128646e-07,0.000140092
5.129646e-07,0.000157604
5.130646e-07,0.000174468
5.131646e-07,0.000190035
5.132646e-07,0.00020171
5.133646e-07,0.000208845
5.134646e-07,0.000212088
5.135646e-07,0.00021144
5.136646e-07,0.000207548
5.137646e-07,0.00020171
5.138646e-07,0.000195873
5.139646e-07,0.000190684
5.140646e-07,0.000188089
5.141646e-07,0.000187441
5.142646e-07,0.000188089
5.143646e-07,0.000188089
5.144646e-07,0.000186792
5.145646e-07,0.000184846
5.146646e-07,0.000180306
5.147646e-07,0.00017382
5.148646e-07,0.000166036
5.149646e-07,0.000156307
5.150646e-07,0.000147226
5.151646e-07,0.000138794
5.152646e-07,0.000133605
5.153646e-07,0.00013166
5.154646e-07,0.00013166
5.155646e-07,0.000132957
5.156646e-07,0.000136848
5.157646e-07,0.000141389
5.158646e-07,0.000145929
5.159646e-07,0.000151118
5.160646e-07,0.000156307
5.161646e-07,0.000161496
5.162646e-07,0.000168631
5.163646e-07,0.000177063
5.164646e-07,0.000188738
5.165646e-07,0.000203008
5.166646e-07,0.000219223
5.167646e-07,0.000236736
5.168646e-07,0.000252951
5.169646e-07,0.000267221
5.170646e-07,0.000277599
5.171646e-07,0.000282788
5.172646e-07,0.000282139
5.173646e-07,0.000274356
5.174646e-07,0.000260735
5.175646e-07,0.000242574
5.176646e-07,0.000221169
5.177646e-07,0.000200413
5.178646e-07,0.000180955
5.179646e-07,0.000164739
5.180646e-07,0.000152415
5.181646e-07,0.000144632
5.182646e-07,0.00014074
5.183646e-07,0.000139443
5.184646e-07,0.000138794
5.185646e-07,0.000138794
5.186646e-07,0.0001362
5.187646e-07,0.000130362
5.188646e-07,0.000120633
5.189646e-07,0.000108958
5.190646e-07,9.46882e-05
5.191646e-07,7.91213e-05
5.192646e-07,6.4203e-05
5.193646e-07,5.0582e-05
5.194646e-07,3.82582e-05
5.195646e-07,2.85289e-05
5.196646e-07,2.07455e-05
5.197646e-07,1.42593e-05
5.198646e-07,8.42168e-06
5.199646e-07,3.88134e-06
5.200646e-07,-1.03779e-08
5.201646e-07,-3.9021e-06
5.202646e-07,-5.84796e-06
5.203646e-07,-6.49658e-06
5.204646e-07,-4.55072e-06
5.205646e-07,6.38242e-07
5.206646e-07,7.77306e-06
5.207646e-07,1.8151e-05
5.208646e-07,3.11234e-05
5.209646e-07,4.47444e-05
5.210646e-07,5.70682e-05
5.211646e-07,6.61489e-05
5.212646e-07,7.00406e-05
5.213646e-07,6.80947e-05
5.214646e-07,6.03113e-05
5.215646e-07,4.79875e-05
5.216646e-07,3.1772e-05
5.217646e-07,1.42593e-05
5.218646e-07,-3.9021e-06
5.219646e-07,-1.9469e-05
5.220646e-07,-2.91983e-05
5.221646e-07,-3.309e-05
5.222646e-07,-3.04955e-05
5.223646e-07,-1.9469e-05
5.224646e-07,-1.30762e-06
5.225646e-07,2.20427e-05
5.226646e-07,5.0582e-05
5.227646e-07,8.23644e-05
5.228646e-07,0.000115444
5.229646e-07,0.000149172
5.230646e-07,0.000180955
5.231646e-07,0.000210791
5.232646e-07,0.000236736
5.233646e-07,0.00025814
5.234646e-07,0.000273059
5.235646e-07,0.000282139
5.236646e-07,0.000282788
5.237646e-07,0.000275653
5.238646e-07,0.000260735
5.239646e-07,0.000238682
5.240646e-07,0.000210791
5.241646e-07,0.00017836
5.242646e-07,0.000143983
5.243646e-07,0.000109606
5.244646e-07,7.7824e-05
5.245646e-07,5.12306e-05
5.246646e-07,3.11234e-05
5.247646e-07,1.8151e-05
5.248646e-07,1.23134e-05
5.249646e-07,1.2962e-05
5.250646e-07,1.75024e-05
5.251646e-07,2.59344e-05
5.252646e-07,3.50151e-05
5.253646e-07,4.5393e-05
5.254646e-07,5.44737e-05
5.255646e-07,6.16085e-05
5.256646e-07,6.74461e-05
5.257646e-07,7.19865e-05
5.258646e-07,7.65268e-05
5.259646e-07,8.10671e-05
5.260646e-07,8.69047e-05
5.261646e-07,9.33909e-05
5.262646e-07,0.000101174
5.263646e-07,0.000109606
5.264646e-07,0.000119336
5.265646e-07,0.000127768
5.266646e-07,0.000135551
5.267646e-07,0.00014074
5.268646e-07,0.000144632
5.269646e-07,0.000146578
5.270646e-07,0.000147875
5.271646e-07,0.000147875
5.272646e-07,0.000148524
5.273646e-07,0.000149821
5.274646e-07,0.000151767
5.275646e-07,0.000152415
5.276646e-07,0.000153064
5.277646e-07,0.000151118
5.278646e-07,0.000146578
5.279646e-07,0.000136848
5.280646e-07,0.000122579
5.281646e-07,0.000104417
5.282646e-07,8.23644e-05
5.283646e-07,5.83654e-05
5.284646e-07,3.56637e-05
5.285646e-07,1.62051e-05
5.286646e-07,3.23272e-06
5.287646e-07,-6.58998e-07
5.288646e-07,5.17858e-06
5.289646e-07,2.13941e-05
5.290646e-07,4.60417e-05
5.291646e-07,7.65268e-05
5.292646e-07,0.000111552
5.293646e-07,0.000148524
5.294646e-07,0.000182901
5.295646e-07,0.000212737
5.296646e-07,0.000236087
5.297646e-07,0.000251006
5.298646e-07,0.000256843
5.299646e-07,0.000254249
5.300646e-07,0.000243871
5.301646e-07,0.000228304
5.302646e-07,0.000207548
5.303646e-07,0.000183549
5.304646e-07,0.000158253
5.305646e-07,0.00013166
5.306646e-07,0.000106363
5.307646e-07,8.23644e-05
5.308646e-07,6.09599e-05
5.309646e-07,4.34472e-05
5.310646e-07,3.04748e-05
5.311646e-07,2.26913e-05
5.312646e-07,2.13941e-05
5.313646e-07,2.72317e-05
5.314646e-07,3.82582e-05
5.315646e-07,5.25279e-05
5.316646e-07,7.00406e-05
5.317646e-07,8.8202e-05
5.318646e-07,0.000104417
5.319646e-07,0.00011739
5.320646e-07,0.000124525
5.321646e-07,0.000125822
5.322646e-07,0.000119984
5.323646e-07,0.000108309
5.324646e-07,9.20937e-05
5.325646e-07,7.39323e-05
5.326646e-07,5.51223e-05
5.327646e-07,3.6961e-05
5.328646e-07,2.26913e-05
5.329646e-07,1.23134e-05
5.330646e-07,5.17858e-06
5.331646e-07,2.5841e-06
5.332646e-07,3.88134e-06
5.333646e-07,7.77306e-06
5.334646e-07,1.36106e-05
5.335646e-07,1.94482e-05
5.336646e-07,2.52858e-05
5.337646e-07,3.11234e-05
5.338646e-07,3.76096e-05
5.339646e-07,4.40958e-05
5.340646e-07,5.18792e-05
5.341646e-07,6.16085e-05
5.342646e-07,7.26351e-05
5.343646e-07,8.43102e-05
5.344646e-07,9.72826e-05
5.345646e-07,0.000110255
5.346646e-07,0.00012193
5.347646e-07,0.000129714
5.348646e-07,0.000134903
5.349646e-07,0.0001362
5.350646e-07,0.000132957
5.351646e-07,0.000127119
5.352646e-07,0.000118038
5.353646e-07,0.000108958
5.354646e-07,9.92285e-05
5.355646e-07,8.94992e-05
5.356646e-07,8.10671e-05
5.357646e-07,7.39323e-05
5.358646e-07,6.80947e-05
5.359646e-07,6.22572e-05
5.360646e-07,5.70682e-05
5.361646e-07,5.12306e-05
5.362646e-07,4.66903e-05
5.363646e-07,4.21499e-05
5.364646e-07,4.02041e-05
5.365646e-07,4.02041e-05
5.366646e-07,4.40958e-05
5.367646e-07,5.25279e-05
5.368646e-07,6.48516e-05
5.369646e-07,8.17158e-05
5.370646e-07,0.000100526
5.371646e-07,0.000119984
5.372646e-07,0.000138146
5.373646e-07,0.000154361
5.374646e-07,0.000165388
5.375646e-07,0.000170577
5.376646e-07,0.000169928
5.377646e-07,0.000164739
5.378646e-07,0.000155658
5.379646e-07,0.000144632
5.380646e-07,0.000133605
5.381646e-07,0.000125173
5.382646e-07,0.000119984
5.383646e-07,0.000119984
5.384646e-07,0.000125173
5.385646e-07,0.000133605
5.386646e-07,0.000145281
5.387646e-07,0.000157604
5.388646e-07,0.000169279
5.389646e-07,0.000179657
5.390646e-07,0.000187441
5.391646e-07,0.00019263
5.392646e-07,0.000194576
5.393646e-07,0.000195224
5.394646e-07,0.000194576
5.395646e-07,0.000193927
5.396646e-07,0.000195224
5.397646e-07,0.000197819
5.398646e-07,0.000201062
5.399646e-07,0.000204305
5.400646e-07,0.000206251
5.401646e-07,0.000206899
5.402646e-07,0.000204954
5.403646e-07,0.000199765
5.404646e-07,0.00019263
5.405646e-07,0.000184198
5.406646e-07,0.000175117
5.407646e-07,0.000167982
5.408646e-07,0.000162793
5.409646e-07,0.000160199
5.410646e-07,0.00015955
5.411646e-07,0.00015955
5.412646e-07,0.000160847
5.413646e-07,0.000160847
5.414646e-07,0.000158902
5.415646e-07,0.000152415
5.416646e-07,0.000141389
5.417646e-07,0.000127119
5.418646e-07,0.000108958
5.419646e-07,9.07964e-05
5.420646e-07,7.45809e-05
5.421646e-07,6.22572e-05
5.422646e-07,5.51223e-05
5.423646e-07,5.38251e-05
5.424646e-07,5.96627e-05
5.425646e-07,7.19865e-05
5.426646e-07,8.94992e-05
5.427646e-07,0.000107661
5.428646e-07,0.000126471
5.429646e-07,0.000142686
5.430646e-07,0.000154361
5.431646e-07,0.000162145
5.432646e-07,0.000165388
5.433646e-07,0.000166036
5.434646e-07,0.000164091
5.435646e-07,0.000162145
5.436646e-07,0.000161496
5.437646e-07,0.000161496
5.438646e-07,0.000163442
5.439646e-07,0.000164739
5.440646e-07,0.000164739
5.441646e-07,0.000162793
5.442646e-07,0.000155658
5.443646e-07,0.000144632
5.444646e-07,0.000129065
5.445646e-07,0.000110904
5.446646e-07,9.01478e-05
5.447646e-07,7.00406e-05
5.448646e-07,5.18792e-05
5.449646e-07,3.89068e-05
5.450646e-07,3.11234e-05
5.451646e-07,3.04748e-05
5.452646e-07,3.56637e-05
5.453646e-07,4.73389e-05
5.454646e-07,6.29058e-05
5.455646e-07,8.10671e-05
5.456646e-07,0.000100526
5.457646e-07,0.000118687
5.458646e-07,0.000134254
5.459646e-07,0.000147226
5.460646e-07,0.000156956
5.461646e-07,0.000164739
5.462646e-07,0.000169279
5.463646e-07,0.000172523
5.464646e-07,0.000174468
5.465646e-07,0.000175117
5.466646e-07,0.00017382
5.467646e-07,0.000169928
5.468646e-07,0.000164091
5.469646e-07,0.000157604
5.470646e-07,0.000149172
5.471646e-07,0.000139443
5.472646e-07,0.000130362
5.473646e-07,0.000122579
5.474646e-07,0.000116741
5.475646e-07,0.000113498
5.476646e-07,0.000113498
5.477646e-07,0.000116741
5.478646e-07,0.000122579
5.479646e-07,0.000129714
5.480646e-07,0.0001362
5.481646e-07,0.000142037
5.482646e-07,0.000145281
5.483646e-07,0.000145281
5.484646e-07,0.000142686
5.485646e-07,0.000137497
5.486646e-07,0.00013166
5.487646e-07,0.000125822
5.488646e-07,0.00012193
5.489646e-07,0.000119984
5.490646e-07,0.000119984
5.491646e-07,0.000123227
5.492646e-07,0.000127768
5.493646e-07,0.000133605
5.494646e-07,0.000138794
5.495646e-07,0.000141389
5.496646e-07,0.00014074
5.497646e-07,0.0001362
5.498646e-07,0.000127768
5.499646e-07,0.000114795
5.500646e-07,9.98771e-05
5.501646e-07,8.49589e-05
5.502646e-07,7.06892e-05
5.503646e-07,5.90141e-05
5.504646e-07,5.12306e-05
5.505646e-07,4.66903e-05
5.506646e-07,4.40958e-05
5.507646e-07,4.27986e-05
5.508646e-07,4.15013e-05
5.509646e-07,3.95555e-05
5.510646e-07,3.50151e-05
5.511646e-07,2.98261e-05
5.512646e-07,2.46372e-05
5.513646e-07,1.94482e-05
5.514646e-07,1.62051e-05
5.515646e-07,1.62051e-05
5.516646e-07,2.07455e-05
5.517646e-07,2.98261e-05
5.518646e-07,4.27986e-05
5.519646e-07,5.77168e-05
5.520646e-07,7.32837e-05
5.521646e-07,8.8202e-05
5.522646e-07,9.92285e-05
5.523646e-07,0.000104417
5.524646e-07,0.000103769
5.525646e-07,9.79313e-05
5.526646e-07,8.75533e-05
5.527646e-07,7.52296e-05
5.528646e-07,6.29058e-05
5.529646e-07,5.31765e-05
5.530646e-07,4.79875e-05
5.531646e-07,4.73389e-05
5.532646e-07,5.25279e-05
5.533646e-07,6.29058e-05
5.534646e-07,7.65268e-05
5.535646e-07,9.14451e-05
5.536646e-07,0.000107012
5.537646e-07,0.000119984
5.538646e-07,0.000129714
5.539646e-07,0.000135551
5.540646e-07,0.000138146
5.541646e-07,0.000138146
5.542646e-07,0.000137497
5.543646e-07,0.0001362
5.544646e-07,0.000135551
5.545646e-07,0.0001362
5.546646e-07,0.000138146
5.547646e-07,0.00014074
5.548646e-07,0.000143983
5.549646e-07,0.000147226
5.550646e-07,0.000147875
5.551646e-07,0.000146578
5.552646e-07,0.000143335
5.553646e-07,0.000138794
5.554646e-07,0.000132957
5.555646e-07,0.000126471
5.556646e-07,0.000121282
5.557646e-07,0.000118038
5.558646e-07,0.00011739
5.559646e-07,0.000118687
5.560646e-07,0.000123876
5.561646e-07,0.000130362
5.562646e-07,0.000138146
5.563646e-07,0.000145281
5.564646e-07,0.000151767
5.565646e-07,0.000156307
5.566646e-07,0.000158253
5.567646e-07,0.000158253
5.568646e-07,0.000156307
5.569646e-07,0.000153064
5.570646e-07,0.000150469
5.571646e-07,0.000149172
5.572646e-07,0.000150469
5.573646e-07,0.00015501
5.574646e-07,0.000162145
5.575646e-07,0.000170577
5.576646e-07,0.000180306
5.577646e-07,0.000190684
5.578646e-07,0.000200413
5.579646e-07,0.000208197
5.580646e-07,0.000214034
5.581646e-07,0.000217926
5.582646e-07,0.000219223
5.583646e-07,0.000219872
5.584646e-07,0.000219872
5.585646e-07,0.000219872
5.586646e-07,0.00022052
5.587646e-07,0.000222466
5.588646e-07,0.000225061
5.589646e-07,0.000229601
5.590646e-07,0.00023479
5.591646e-07,0.000240628
5.592646e-07,0.000246465
5.593646e-07,0.000252303
5.594646e-07,0.00025814
5.595646e-07,0.000262681
5.596646e-07,0.000267221
5.597646e-07,0.000270464
5.598646e-07,0.000271761
5.599646e-07,0.000271113
5.600646e-07,0.00026787
5.601646e-07,0.000260735
5.602646e-07,0.000249708
5.603646e-07,0.000233493
5.604646e-07,0.000214034
5.605646e-07,0.000190684
5.606646e-07,0.000165388
5.607646e-07,0.000140092
5.608646e-07,0.00011739
5.609646e-07,0.000100526
5.610646e-07,9.01478e-05
5.611646e-07,8.75533e-05
5.612646e-07,9.27423e-05
5.613646e-07,0.000104417
5.614646e-07,0.000119984
5.615646e-07,0.000136848
5.616646e-07,0.000151767
5.617646e-07,0.000162145
5.618646e-07,0.000166036
5.619646e-07,0.000161496
5.620646e-07,0.000149172
5.621646e-07,0.000129714
5.622646e-07,0.000105715
5.623646e-07,7.97699e-05
5.624646e-07,5.44737e-05
5.625646e-07,3.1772e-05
5.626646e-07,1.42593e-05
5.627646e-07,3.23272e-06
5.628646e-07,-1.03779e-08
5.629646e-07,3.88134e-06
5.630646e-07,1.42593e-05
5.631646e-07,2.98261e-05
5.632646e-07,5.0582e-05
5.633646e-07,7.45809e-05
5.634646e-07,0.000101174
5.635646e-07,0.000130362
5.636646e-07,0.000160847
5.637646e-07,0.000190684
5.638646e-07,0.000219223
5.639646e-07,0.000244519
5.640646e-07,0.000265275
5.641646e-07,0.000279545
5.642646e-07,0.000286031
5.643646e-07,0.000284085
5.644646e-07,0.00027241
5.645646e-07,0.000251006
5.646646e-07,0.000223115
5.647646e-07,0.000191333
5.648646e-07,0.000157604
5.649646e-07,0.000125822
5.650646e-07,9.85799e-05
5.651646e-07,7.84727e-05
5.652646e-07,6.61489e-05
5.653646e-07,6.29058e-05
5.654646e-07,6.61489e-05
5.655646e-07,7.45809e-05
5.656646e-07,8.62561e-05
5.657646e-07,9.79313e-05
5.658646e-07,0.000108958
5.659646e-07,0.00011739
5.660646e-07,0.000122579
5.661646e-07,0.000126471
5.662646e-07,0.000128416
5.663646e-07,0.000130362
5.664646e-07,0.000133605
5.665646e-07,0.000139443
5.666646e-07,0.000147226
5.667646e-07,0.000156956
5.668646e-07,0.000167334
5.669646e-07,0.000177063
5.670646e-07,0.000183549
5.671646e-07,0.000185495
5.672646e-07,0.000183549
5.673646e-07,0.00017836
5.674646e-07,0.000169928
5.675646e-07,0.000160199
5.676646e-07,0.000152415
5.677646e-07,0.000147226
5.678646e-07,0.000146578
5.679646e-07,0.000150469
5.680646e-07,0.00015955
5.681646e-07,0.000171225
5.682646e-07,0.000184198
5.683646e-07,0.000196522
5.684646e-07,0.000204305
5.685646e-07,0.000206899
5.686646e-07,0.000203008
5.687646e-07,0.000193278
5.688646e-07,0.000177712
5.689646e-07,0.000158902
5.690646e-07,0.000138146
5.691646e-07,0.000118038
5.692646e-07,9.92285e-05
5.693646e-07,8.49589e-05
5.694646e-07,7.45809e-05
5.695646e-07,6.74461e-05
5.696646e-07,6.29058e-05
5.697646e-07,6.03113e-05
5.698646e-07,5.77168e-05
5.699646e-07,5.5771e-05
5.700646e-07,5.31765e-05
5.701646e-07,5.0582e-05
5.702646e-07,5.0582e-05
5.703646e-07,5.31765e-05
5.704646e-07,6.03113e-05
5.705646e-07,7.39323e-05
5.706646e-07,9.27423e-05
5.707646e-07,0.00011739
5.708646e-07,0.000146578
5.709646e-07,0.000177712
5.710646e-07,0.000207548
5.711646e-07,0.000234141
5.712646e-07,0.000255546
5.713646e-07,0.000269816
5.714646e-07,0.000276302
5.715646e-07,0.00027695
5.716646e-07,0.000271761
5.717646e-07,0.000263329
5.718646e-07,0.000252951
5.719646e-07,0.000241925
5.720646e-07,0.000230898
5.721646e-07,0.000221169
5.722646e-07,0.000213386
5.723646e-07,0.000205602
5.724646e-07,0.000198467
5.725646e-07,0.000190684
5.726646e-07,0.000182252
5.727646e-07,0.000173171
5.728646e-07,0.000164091
5.729646e-07,0.00015501
5.730646e-07,0.000146578
5.731646e-07,0.00014074
5.732646e-07,0.000138146
5.733646e-07,0.000138794
5.734646e-07,0.000142037
5.735646e-07,0.000146578
5.736646e-07,0.000150469
5.737646e-07,0.000152415
5.738646e-07,0.000151767
5.739646e-07,0.000147875
5.740646e-07,0.00014074
5.741646e-07,0.000130362
5.742646e-07,0.000119336
5.743646e-07,0.000109606
5.744646e-07,0.000101823
5.745646e-07,9.85799e-05
5.746646e-07,0.000101174
5.747646e-07,0.000108958
5.748646e-07,0.000121282
5.749646e-07,0.0001362
5.750646e-07,0.000151118
5.751646e-07,0.000163442
5.752646e-07,0.000171874
5.753646e-07,0.000175117
5.754646e-07,0.000171874
5.755646e-07,0.000163442
5.756646e-07,0.000151767
5.757646e-07,0.000137497
5.758646e-07,0.000124525
5.759646e-07,0.000113498
5.760646e-07,0.000106363
5.761646e-07,0.000103769
5.762646e-07,0.000106363
5.763646e-07,0.00011285
5.764646e-07,0.000123227
5.765646e-07,0.000134903
5.766646e-07,0.000147226
5.767646e-07,0.000160199
5.768646e-07,0.000172523
5.769646e-07,0.000185495
5.770646e-07,0.000197819
5.771646e-07,0.00021144
5.772646e-07,0.000226358
5.773646e-07,0.000243222
5.774646e-07,0.000260086
5.775646e-07,0.000276302
5.776646e-07,0.000289923
5.777646e-07,0.000298355
5.778646e-07,0.000300301
5.779646e-07,0.000295112
5.780646e-07,0.000280842
5.781646e-07,0.000259438
5.782646e-07,0.000232196
5.783646e-07,0.000200413
5.784646e-07,0.000166685
5.785646e-07,0.000134903
5.786646e-07,0.000105066
5.787646e-07,7.91213e-05
5.788646e-07,5.77168e-05
5.789646e-07,4.08527e-05
5.790646e-07,2.72317e-05
5.791646e-07,1.68537e-05
5.792646e-07,7.77306e-06
5.793646e-07,-6.58998e-07
5.794646e-07,-7.79382e-06
5.795646e-07,-1.36314e-05
5.796646e-07,-1.55773e-05
5.797646e-07,-1.36314e-05
5.798646e-07,-5.19934e-06
5.799646e-07,8.42168e-06
5.800646e-07,2.85289e-05
5.801646e-07,5.18792e-05
5.802646e-07,7.71754e-05
5.803646e-07,0.000100526
5.804646e-07,0.000118687
5.805646e-07,0.000130362
5.806646e-07,0.00013166
5.807646e-07,0.000123876
5.808646e-07,0.000106363
5.809646e-07,8.23644e-05
5.810646e-07,5.44737e-05
5.811646e-07,2.6583e-05
5.812646e-07,1.93548e-06
5.813646e-07,-1.62259e-05
5.814646e-07,-2.66038e-05
5.815646e-07,-2.85497e-05
5.816646e-07,-2.40093e-05
5.817646e-07,-1.62259e-05
5.818646e-07,-6.49658e-06
5.819646e-07,1.93548e-06
5.820646e-07,7.12444e-06
5.821646e-07,7.77306e-06
5.822646e-07,3.23272e-06
5.823646e-07,-5.19934e-06
5.824646e-07,-1.49286e-05
5.825646e-07,-2.40093e-05
5.826646e-07,-3.04955e-05
5.827646e-07,-3.17928e-05
5.828646e-07,-2.66038e-05
5.829646e-07,-1.62259e-05
5.830646e-07,-1.30762e-06
5.831646e-07,1.62051e-05
5.832646e-07,3.43665e-05
5.833646e-07,5.12306e-05
5.834646e-07,6.4203e-05
5.835646e-07,7.32837e-05
5.836646e-07,7.91213e-05
5.837646e-07,8.3013e-05
5.838646e-07,8.56075e-05
5.839646e-07,8.88506e-05
5.840646e-07,9.46882e-05
5.841646e-07,0.000103769
5.842646e-07,0.000116741
5.843646e-07,0.000132957
5.844646e-07,0.000152415
5.845646e-07,0.000173171
5.846646e-07,0.000193278
5.847646e-07,0.00021144
5.848646e-07,0.000227655
5.849646e-07,0.000241925
5.850646e-07,0.0002536
5.851646e-07,0.000263978
5.852646e-07,0.000273707
5.853646e-07,0.000283437
5.854646e-07,0.000291869
5.855646e-07,0.000298355
5.856646e-07,0.000302247
5.857646e-07,0.000301598
5.858646e-07,0.000294463
5.859646e-07,0.000280194
5.860646e-07,0.000259438
5.861646e-07,0.000233493
5.862646e-07,0.000203656
5.863646e-07,0.000173171
5.864646e-07,0.000145929
5.865646e-07,0.000125822
5.866646e-07,0.000114795
5.867646e-07,0.000113498
5.868646e-07,0.000122579
5.869646e-07,0.000140092
5.870646e-07,0.000162793
5.871646e-07,0.000188089
5.872646e-07,0.00021144
5.873646e-07,0.00023025
5.874646e-07,0.000240628
5.875646e-07,0.000242574
5.876646e-07,0.000235439
5.877646e-07,0.000221169
5.878646e-07,0.00020171
5.879646e-07,0.000180306
5.880646e-07,0.000158253
5.881646e-07,0.000139443
5.882646e-07,0.000124525
5.883646e-07,0.000114147
5.884646e-07,0.000108309
5.885646e-07,0.000105066
5.886646e-07,0.000103769
5.887646e-07,0.000102472
5.888646e-07,0.000101823
5.889646e-07,0.000101174
5.890646e-07,0.000100526
5.891646e-07,0.000101823
5.892646e-07,0.000104417
5.893646e-07,0.000110904
5.894646e-07,0.000119336
5.895646e-07,0.000129714
5.896646e-07,0.000142037
5.897646e-07,0.000153064
5.898646e-07,0.000162145
5.899646e-07,0.000167334
5.900646e-07,0.000166685
5.901646e-07,0.000160199
5.902646e-07,0.000149172
5.903646e-07,0.000133605
5.904646e-07,0.000116741
5.905646e-07,9.92285e-05
5.906646e-07,8.49589e-05
5.907646e-07,7.58782e-05
5.908646e-07,7.32837e-05
5.909646e-07,7.58782e-05
5.910646e-07,8.36616e-05
5.911646e-07,9.46882e-05
5.912646e-07,0.000107661
5.913646e-07,0.000120633
5.914646e-07,0.000130362
5.915646e-07,0.0001362
5.916646e-07,0.000137497
5.917646e-07,0.000134903
5.918646e-07,0.000129714
5.919646e-07,0.000122579
5.920646e-07,0.000114795
5.921646e-07,0.000107661
5.922646e-07,0.000102472
5.923646e-07,9.98771e-05
5.924646e-07,9.92285e-05
5.925646e-07,9.98771e-05
5.926646e-07,0.000101174
5.927646e-07,0.000101174
5.928646e-07,0.000100526
5.929646e-07,9.85799e-05
5.930646e-07,9.53368e-05
5.931646e-07,9.27423e-05
5.932646e-07,9.27423e-05
5.933646e-07,9.6634e-05
5.934646e-07,0.000103769
5.935646e-07,0.000114795
5.936646e-07,0.000128416
5.937646e-07,0.000145281
5.938646e-07,0.000162145
5.939646e-07,0.000177712
5.940646e-07,0.000189387
5.941646e-07,0.000195224
5.942646e-07,0.000194576
5.943646e-07,0.000186792
5.944646e-07,0.000173171
5.945646e-07,0.000154361
5.946646e-07,0.000131011
5.947646e-07,0.000106363
5.948646e-07,8.17158e-05
5.949646e-07,5.96627e-05
5.950646e-07,3.89068e-05
5.951646e-07,2.20427e-05
5.952646e-07,7.12444e-06
5.953646e-07,-5.84796e-06
5.954646e-07,-1.81717e-05
5.955646e-07,-2.91983e-05
5.956646e-07,-3.8279e-05
5.957646e-07,-4.47652e-05
5.958646e-07,-4.80083e-05
5.959646e-07,-4.86569e-05
5.960646e-07,-4.54138e-05
5.961646e-07,-3.8279e-05
5.962646e-07,-2.72524e-05
5.963646e-07,-1.36314e-05
5.964646e-07,1.93548e-06
5.965646e-07,1.62051e-05
5.966646e-07,2.78803e-05
5.967646e-07,3.56637e-05
5.968646e-07,3.89068e-05
5.969646e-07,3.76096e-05
5.970646e-07,3.30692e-05
5.971646e-07,2.52858e-05
5.972646e-07,1.62051e-05
5.973646e-07,8.42168e-06
5.974646e-07,2.5841e-06
5.975646e-07,6.38242e-07
5.976646e-07,2.5841e-06
5.977646e-07,7.77306e-06
5.978646e-07,1.62051e-05
5.979646e-07,2.72317e-05
5.980646e-07,3.89068e-05
5.981646e-07,5.25279e-05
5.982646e-07,6.61489e-05
5.983646e-07,8.10671e-05
5.984646e-07,9.6634e-05
5.985646e-07,0.000114147
5.986646e-07,0.000132308
5.987646e-07,0.000151767
5.988646e-07,0.000172523
5.989646e-07,0.000191981
5.990646e-07,0.000208845
5.991646e-07,0.000222466
5.992646e-07,0.000229601
5.993646e-07,0.000230898
5.994646e-07,0.000225061
5.995646e-07,0.000214034
5.996646e-07,0.000199116
5.997646e-07,0.000182901
5.998646e-07,0.000167982
5.999646e-07,0.000156307
6.000646e-07,0.000151767
6.001646e-07,0.000154361
6.002646e-07,0.000164091
6.003646e-07,0.000180955
6.004646e-07,0.00020171
6.005646e-07,0.000223764
6.006646e-07,0.000244519
6.007646e-07,0.000261384
6.008646e-07,0.00027241
6.009646e-07,0.000278248
6.010646e-07,0.000278248
6.011646e-07,0.000273059
6.012646e-07,0.000265924
6.013646e-07,0.00025814
6.014646e-07,0.000252303
6.015646e-07,0.000249708
6.016646e-07,0.000249708
6.017646e-07,0.0002536
6.018646e-07,0.000258789
6.019646e-07,0.000263978
6.020646e-07,0.00026787
6.021646e-07,0.000267221
6.022646e-07,0.000262032
6.023646e-07,0.000251006
6.024646e-07,0.000234141
6.025646e-07,0.000214034
6.026646e-07,0.000193278
6.027646e-07,0.000172523
6.028646e-07,0.000154361
6.029646e-07,0.00014074
6.030646e-07,0.000132308
6.031646e-07,0.000128416
6.032646e-07,0.000130362
6.033646e-07,0.000136848
6.034646e-07,0.000146578
6.035646e-07,0.000157604
6.036646e-07,0.000169279
6.037646e-07,0.000179657
6.038646e-07,0.000189387
6.039646e-07,0.00019717
6.040646e-07,0.000203008
6.041646e-07,0.000207548
6.042646e-07,0.000210143
6.043646e-07,0.000210791
6.044646e-07,0.000209494
6.045646e-07,0.000206251
6.046646e-07,0.000199765
6.047646e-07,0.000190035
6.048646e-07,0.00017836
6.049646e-07,0.000164739
6.050646e-07,0.000149821
6.051646e-07,0.0001362
6.052646e-07,0.000124525
6.053646e-07,0.00011739
6.054646e-07,0.000116093
6.055646e-07,0.000120633
6.056646e-07,0.00013166
6.057646e-07,0.000148524
6.058646e-07,0.000169928
6.059646e-07,0.000193278
6.060646e-07,0.00021598
6.061646e-07,0.00023479
6.062646e-07,0.000248411
6.063646e-07,0.000255546
6.064646e-07,0.000254897
6.065646e-07,0.000247114
6.066646e-07,0.000232844
6.067646e-07,0.000214034
6.068646e-07,0.000193278
6.069646e-07,0.000172523
6.070646e-07,0.000152415
6.071646e-07,0.000134903
6.072646e-07,0.000121282
6.073646e-07,0.000109606
6.074646e-07,0.000101174
6.075646e-07,9.40395e-05
6.076646e-07,8.75533e-05
6.077646e-07,8.23644e-05
6.078646e-07,7.71754e-05
6.079646e-07,7.19865e-05
6.080646e-07,6.74461e-05
6.081646e-07,6.4203e-05
6.082646e-07,6.22572e-05
6.083646e-07,6.29058e-05
6.084646e-07,6.55003e-05
6.085646e-07,7.00406e-05
6.086646e-07,7.58782e-05
6.087646e-07,8.3013e-05
6.088646e-07,9.01478e-05
6.089646e-07,9.72826e-05
6.090646e-07,0.000103769
6.091646e-07,0.000109606
6.092646e-07,0.000115444
6.093646e-07,0.00012193
6.094646e-07,0.000129714
6.095646e-07,0.000138794
6.096646e-07,0.000149821
6.097646e-07,0.000162145
6.098646e-07,0.000175117
6.099646e-07,0.000187441
6.100646e-07,0.000197819
6.101646e-07,0.000204954
6.102646e-07,0.000208845
6.103646e-07,0.000207548
6.104646e-07,0.000202359
6.105646e-07,0.000194576
6.106646e-07,0.000184198
6.107646e-07,0.00017382
6.108646e-07,0.000164091
6.109646e-07,0.000156956
6.110646e-07,0.000151767
6.111646e-07,0.000149172
6.112646e-07,0.000148524
6.113646e-07,0.000149172
6.114646e-07,0.000149172
6.115646e-07,0.000147226
6.116646e-07,0.000142037
6.117646e-07,0.000133605
6.118646e-07,0.00012193
6.119646e-07,0.000107012
6.120646e-07,9.01478e-05
6.121646e-07,7.32837e-05
6.122646e-07,5.70682e-05
6.123646e-07,4.27986e-05
6.124646e-07,3.24206e-05
6.125646e-07,2.46372e-05
6.126646e-07,1.94482e-05
6.127646e-07,1.68537e-05
6.128646e-07,1.55565e-05
6.129646e-07,1.42593e-05
6.130646e-07,1.23134e-05
6.131646e-07,9.0703e-06
6.132646e-07,3.88134e-06
6.133646e-07,-1.95624e-06
6.134646e-07,-8.44244e-06
6.135646e-07,-1.49286e-05
6.136646e-07,-2.01176e-05
6.137646e-07,-2.33607e-05
6.138646e-07,-2.46579e-05
6.139646e-07,-2.40093e-05
6.140646e-07,-2.33607e-05
6.141646e-07,-2.20635e-05
6.142646e-07,-2.14148e-05
6.143646e-07,-2.20635e-05
6.144646e-07,-2.33607e-05
6.145646e-07,-2.53066e-05
6.146646e-07,-2.72524e-05
6.147646e-07,-2.7901e-05
6.148646e-07,-2.46579e-05
6.149646e-07,-1.75231e-05
6.150646e-07,-5.84796e-06
6.151646e-07,1.10162e-05
6.152646e-07,3.30692e-05
6.153646e-07,5.90141e-05
6.154646e-07,8.69047e-05
6.155646e-07,0.000114147
6.156646e-07,0.000139443
6.157646e-07,0.000160199
6.158646e-07,0.000175766
6.159646e-07,0.000184198
6.160646e-07,0.000186144
6.161646e-07,0.000182252
6.162646e-07,0.000174468
6.163646e-07,0.000162145
6.164646e-07,0.000148524
6.165646e-07,0.000133605
6.166646e-07,0.000118687
6.167646e-07,0.000105715
6.168646e-07,9.40395e-05
6.169646e-07,8.3013e-05
6.170646e-07,7.32837e-05
6.171646e-07,6.55003e-05
6.172646e-07,5.90141e-05
6.173646e-07,5.51223e-05
6.174646e-07,5.31765e-05
6.175646e-07,5.25279e-05
6.176646e-07,5.44737e-05
6.177646e-07,5.90141e-05
6.178646e-07,6.48516e-05
6.179646e-07,7.13378e-05
6.180646e-07,7.7824e-05
6.181646e-07,8.3013e-05
6.182646e-07,8.62561e-05
6.183646e-07,8.56075e-05
6.184646e-07,8.23644e-05
6.185646e-07,7.65268e-05
6.186646e-07,7.00406e-05
6.187646e-07,6.22572e-05
6.188646e-07,5.64196e-05
6.189646e-07,5.25279e-05
6.190646e-07,5.18792e-05
6.191646e-07,5.44737e-05
6.192646e-07,6.03113e-05
6.193646e-07,6.80947e-05
6.194646e-07,7.65268e-05
6.195646e-07,8.36616e-05
6.196646e-07,8.88506e-05
6.197646e-07,9.07964e-05
6.198646e-07,8.88506e-05
6.199646e-07,8.36616e-05
6.200646e-07,7.58782e-05
6.201646e-07,6.80947e-05
6.202646e-07,6.09599e-05
6.203646e-07,5.64196e-05
6.204646e-07,5.64196e-05
6.205646e-07,6.09599e-05
6.206646e-07,7.06892e-05
6.207646e-07,8.43102e-05
6.208646e-07,0.000101174
6.209646e-07,0.000119984
6.210646e-07,0.000137497
6.211646e-07,0.000153713
6.212646e-07,0.000167334
6.213646e-07,0.00017836
6.214646e-07,0.000186144
6.215646e-07,0.000191981
6.216646e-07,0.00019717
6.217646e-07,0.000202359
6.218646e-07,0.000208197
6.219646e-07,0.000214683
6.220646e-07,0.000221818
6.221646e-07,0.000227007
6.222646e-07,0.000228304
6.223646e-07,0.000225709
6.224646e-07,0.000217926
6.225646e-07,0.000203656
6.226646e-07,0.000182901
6.227646e-07,0.000156956
6.228646e-07,0.000126471
6.229646e-07,9.59854e-05
6.230646e-07,6.87434e-05
6.231646e-07,4.60417e-05
6.232646e-07,3.1772e-05
6.233646e-07,2.72317e-05
6.234646e-07,3.1772e-05
6.235646e-07,4.5393e-05
6.236646e-07,6.61489e-05
6.237646e-07,9.20937e-05
6.238646e-07,0.000120633
6.239646e-07,0.000148524
6.240646e-07,0.00017382
6.241646e-07,0.000194576
6.242646e-07,0.000208845
6.243646e-07,0.000217277
6.244646e-07,0.000219223
6.245646e-07,0.00021598
6.246646e-07,0.000207548
6.247646e-07,0.000195224
6.248646e-07,0.000179657
6.249646e-07,0.000162145
6.250646e-07,0.000142037
6.251646e-07,0.000121282
6.252646e-07,9.92285e-05
6.253646e-07,7.58782e-05
6.254646e-07,5.31765e-05
6.255646e-07,3.11234e-05
6.256646e-07,1.16648e-05
6.257646e-07,-3.9021e-06
6.258646e-07,-1.62259e-05
6.259646e-07,-2.46579e-05
6.260646e-07,-2.91983e-05
6.261646e-07,-2.91983e-05
6.262646e-07,-2.72524e-05
6.263646e-07,-2.33607e-05
6.264646e-07,-1.81717e-05
6.265646e-07,-1.23342e-05
6.266646e-07,-6.49658e-06
6.267646e-07,-6.58998e-07
6.268646e-07,7.12444e-06
6.269646e-07,1.8151e-05
6.270646e-07,3.24206e-05
6.271646e-07,5.12306e-05
6.272646e-07,7.45809e-05
6.273646e-07,0.000102472
6.274646e-07,0.000132957
6.275646e-07,0.000164091
6.276646e-07,0.000193278
6.277646e-07,0.000217926
6.278646e-07,0.00023479
6.279646e-07,0.000243222
6.280646e-07,0.000241276
6.281646e-07,0.00023025
6.282646e-07,0.00021144
6.283646e-07,0.000186144
6.284646e-07,0.000156956
6.285646e-07,0.000127768
6.286646e-07,9.98771e-05
6.287646e-07,7.65268e-05
6.288646e-07,5.83654e-05
6.289646e-07,4.66903e-05
6.290646e-07,3.95555e-05
6.291646e-07,3.76096e-05
6.292646e-07,3.95555e-05
6.293646e-07,4.40958e-05
6.294646e-07,5.12306e-05
6.295646e-07,6.03113e-05
6.296646e-07,7.06892e-05
6.297646e-07,8.23644e-05
6.298646e-07,9.59854e-05
6.299646e-07,0.000110255
6.300646e-07,0.000125173
6.301646e-07,0.000139443
6.302646e-07,0.000151767
6.303646e-07,0.000160199
6.304646e-07,0.000164091
6.305646e-07,0.000163442
6.306646e-07,0.000156956
6.307646e-07,0.000145281
6.308646e-07,0.000129714
6.309646e-07,0.00011285
6.310646e-07,9.59854e-05
6.311646e-07,8.17158e-05
6.312646e-07,7.19865e-05
6.313646e-07,6.80947e-05
6.314646e-07,7.06892e-05
6.315646e-07,7.84727e-05
6.316646e-07,9.20937e-05
6.317646e-07,0.000109606
6.318646e-07,0.000129065
6.319646e-07,0.000148524
6.320646e-07,0.000166036
6.321646e-07,0.000180306
6.322646e-07,0.000191333
6.323646e-07,0.000198467
6.324646e-07,0.000202359
6.325646e-07,0.000202359
6.326646e-07,0.000199765
6.327646e-07,0.000193927
6.328646e-07,0.000186144
6.329646e-07,0.000175117
6.330646e-07,0.000160847
6.331646e-07,0.000143983
6.332646e-07,0.000123876
6.333646e-07,0.000101174
6.334646e-07,7.84727e-05
6.335646e-07,5.5771e-05
6.336646e-07,3.63124e-05
6.337646e-07,2.00968e-05
6.338646e-07,9.71892e-06
6.339646e-07,5.8272e-06
6.340646e-07,8.42168e-06
6.341646e-07,1.62051e-05
6.342646e-07,2.85289e-05
6.343646e-07,4.40958e-05
6.344646e-07,5.90141e-05
6.345646e-07,7.26351e-05
6.346646e-07,8.3013e-05
6.347646e-07,8.88506e-05
6.348646e-07,9.07964e-05
6.349646e-07,8.88506e-05
6.350646e-07,8.43102e-05
6.351646e-07,7.91213e-05
6.352646e-07,7.39323e-05
6.353646e-07,7.13378e-05
6.354646e-07,7.06892e-05
6.355646e-07,7.32837e-05
6.356646e-07,7.84727e-05
6.357646e-07,8.43102e-05
6.358646e-07,8.94992e-05
6.359646e-07,9.27423e-05
6.360646e-07,9.14451e-05
6.361646e-07,8.62561e-05
6.362646e-07,7.71754e-05
6.363646e-07,6.4203e-05
6.364646e-07,4.79875e-05
6.365646e-07,3.1772e-05
6.366646e-07,1.55565e-05
6.367646e-07,2.5841e-06
6.368646e-07,-6.49658e-06
6.369646e-07,-1.10369e-05
6.370646e-07,-1.10369e-05
6.371646e-07,-7.79382e-06
6.372646e-07,-6.58998e-07
6.373646e-07,9.71892e-06
6.374646e-07,2.39886e-05
6.375646e-07,4.02041e-05
6.376646e-07,5.90141e-05
6.377646e-07,7.97699e-05
6.378646e-07,0.000101823
6.379646e-07,0.000124525
6.380646e-07,0.000147226
6.381646e-07,0.000169279
6.382646e-07,0.000189387
6.383646e-07,0.000204305
6.384646e-07,0.000214034
6.385646e-07,0.000216629
6.386646e-07,0.000212737
6.387646e-07,0.000203008
6.388646e-07,0.000187441
6.389646e-07,0.000167982
6.390646e-07,0.000146578
6.391646e-07,0.000125173
6.392646e-07,0.000106363
6.393646e-07,8.94992e-05
6.394646e-07,7.58782e-05
6.395646e-07,6.4203e-05
6.396646e-07,5.44737e-05
6.397646e-07,4.66903e-05
6.398646e-07,3.89068e-05
6.399646e-07,3.11234e-05
6.400646e-07,2.26913e-05
6.401646e-07,1.55565e-05
6.402646e-07,9.71892e-06
6.403646e-07,6.47582e-06
6.404646e-07,7.77306e-06
6.405646e-07,1.55565e-05
6.406646e-07,2.91775e-05
6.407646e-07,4.92848e-05
6.408646e-07,7.52296e-05
6.409646e-07,0.000103769
6.410646e-07,0.000133605
6.411646e-07,0.000160199
6.412646e-07,0.000182901
6.413646e-07,0.000199116
6.414646e-07,0.000206899
6.415646e-07,0.000206251
6.416646e-07,0.000198467
6.417646e-07,0.000186144
6.418646e-07,0.000171225
6.419646e-07,0.000155658
6.420646e-07,0.000142686
6.421646e-07,0.000134254
6.422646e-07,0.000131011
6.423646e-07,0.000132957
6.424646e-07,0.000139443
6.425646e-07,0.000148524
6.426646e-07,0.000157604
6.427646e-07,0.000165388
6.428646e-07,0.000171225
6.429646e-07,0.000172523
6.430646e-07,0.000170577
6.431646e-07,0.000165388
6.432646e-07,0.000157604
6.433646e-07,0.000149821
6.434646e-07,0.000142037
6.435646e-07,0.0001362
6.436646e-07,0.000132957
6.437646e-07,0.000132957
6.438646e-07,0.000134254
6.439646e-07,0.0001362
6.440646e-07,0.000138794
6.441646e-07,0.000141389
6.442646e-07,0.000142686
6.443646e-07,0.000142037
6.444646e-07,0.000141389
6.445646e-07,0.00014074
6.446646e-07,0.00014074
6.447646e-07,0.000142686
6.448646e-07,0.000146578
6.449646e-07,0.000152415
6.450646e-07,0.00015955
6.451646e-07,0.000166685
6.452646e-07,0.000171874
6.453646e-07,0.00017382
6.454646e-07,0.000171225
6.455646e-07,0.000163442
6.456646e-07,0.000151118
6.457646e-07,0.000134903
6.458646e-07,0.000116741
6.459646e-07,9.85799e-05
6.460646e-07,8.23644e-05
6.461646e-07,7.06892e-05
6.462646e-07,6.48516e-05
6.463646e-07,6.4203e-05
6.464646e-07,7.00406e-05
6.465646e-07,8.10671e-05
6.466646e-07,9.59854e-05
6.467646e-07,0.000113498
6.468646e-07,0.000130362
6.469646e-07,0.000146578
6.470646e-07,0.00015955
6.471646e-07,0.000169279
6.472646e-07,0.000176414
6.473646e-07,0.000179657
6.474646e-07,0.000180306
6.475646e-07,0.000179009
6.476646e-07,0.000176414
6.477646e-07,0.000172523
6.478646e-07,0.000167982
6.479646e-07,0.000162793
6.480646e-07,0.000156307
6.481646e-07,0.000149172
6.482646e-07,0.000142037
6.483646e-07,0.000134903
6.484646e-07,0.000128416
6.485646e-07,0.000123227
6.486646e-07,0.000119984
6.487646e-07,0.000119336
6.488646e-07,0.000120633
6.489646e-07,0.000124525
6.490646e-07,0.000130362
6.491646e-07,0.0001362
6.492646e-07,0.000142037
6.493646e-07,0.000146578
6.494646e-07,0.000149172
6.495646e-07,0.000149821
6.496646e-07,0.000147875
6.497646e-07,0.000143983
6.498646e-07,0.000138146
6.499646e-07,0.000132308
6.500646e-07,0.000127119
6.501646e-07,0.000122579
6.502646e-07,0.000119984
6.503646e-07,0.000119336
6.504646e-07,0.000119336
6.505646e-07,0.000119336
6.506646e-07,0.000118687
6.507646e-07,0.000116093
6.508646e-07,0.000110255
6.509646e-07,0.000102472
6.510646e-07,9.27423e-05
6.511646e-07,8.17158e-05
6.512646e-07,7.06892e-05
6.513646e-07,6.03113e-05
6.514646e-07,5.25279e-05
6.515646e-07,4.79875e-05
6.516646e-07,4.60417e-05
6.517646e-07,4.73389e-05
6.518646e-07,5.0582e-05
6.519646e-07,5.44737e-05
6.520646e-07,5.83654e-05
6.521646e-07,6.16085e-05
6.522646e-07,6.35544e-05
6.523646e-07,6.48516e-05
6.524646e-07,6.61489e-05
6.525646e-07,6.80947e-05
6.526646e-07,7.06892e-05
6.527646e-07,7.58782e-05
6.528646e-07,8.36616e-05
6.529646e-07,9.40395e-05
6.530646e-07,0.000104417
6.531646e-07,0.000114147
6.532646e-07,0.000121282
6.533646e-07,0.000123876
6.534646e-07,0.000121282
6.535646e-07,0.000112201
6.536646e-07,9.85799e-05
6.537646e-07,8.04185e-05
6.538646e-07,5.96627e-05
6.539646e-07,3.76096e-05
6.540646e-07,1.87996e-05
6.541646e-07,4.52996e-06
6.542646e-07,-3.25348e-06
6.543646e-07,-4.55072e-06
6.544646e-07,-1.30762e-06
6.545646e-07,5.17858e-06
6.546646e-07,1.36106e-05
6.547646e-07,2.13941e-05
6.548646e-07,2.78803e-05
6.549646e-07,3.11234e-05
6.550646e-07,3.1772e-05
6.551646e-07,3.11234e-05
6.552646e-07,2.91775e-05
6.553646e-07,2.91775e-05
6.554646e-07,3.24206e-05
6.555646e-07,3.95555e-05
6.556646e-07,5.12306e-05
6.557646e-07,6.74461e-05
6.558646e-07,8.69047e-05
6.559646e-07,0.000106363
6.560646e-07,0.000124525
6.561646e-07,0.000139443
6.562646e-07,0.000149172
6.563646e-07,0.000153064
6.564646e-07,0.000151118
6.565646e-07,0.000145281
6.566646e-07,0.000136848
6.567646e-07,0.000127768
6.568646e-07,0.000118687
6.569646e-07,0.000111552
6.570646e-07,0.000105715
6.571646e-07,0.00010312
6.572646e-07,0.000102472
6.573646e-07,0.000102472
6.574646e-07,0.000101823
6.575646e-07,9.92285e-05
6.576646e-07,9.33909e-05
6.577646e-07,8.36616e-05
6.578646e-07,7.13378e-05
6.579646e-07,5.83654e-05
6.580646e-07,4.5393e-05
6.581646e-07,3.37179e-05
6.582646e-07,2.46372e-05
6.583646e-07,1.8151e-05
6.584646e-07,1.49079e-05
6.585646e-07,1.2962e-05
6.586646e-07,1.10162e-05
6.587646e-07,7.12444e-06
6.588646e-07,1.28686e-06
6.589646e-07,-7.79382e-06
6.590646e-07,-2.01176e-05
6.591646e-07,-3.43872e-05
6.592646e-07,-5.06027e-05
6.593646e-07,-6.5521e-05
6.594646e-07,-7.78448e-05
6.595646e-07,-8.49796e-05
6.596646e-07,-8.62769e-05
6.597646e-07,-8.10879e-05
6.598646e-07,-7.13586e-05
6.599646e-07,-5.90348e-05
6.600646e-07,-4.54138e-05
6.601646e-07,-3.37386e-05
6.602646e-07,-2.46579e-05
6.603646e-07,-2.07662e-05
6.604646e-07,-2.14148e-05
6.605646e-07,-2.66038e-05
6.606646e-07,-3.50359e-05
6.607646e-07,-4.47652e-05
6.608646e-07,-5.25486e-05
6.609646e-07,-5.7089e-05
6.610646e-07,-5.64403e-05
6.611646e-07,-4.99541e-05
6.612646e-07,-3.69817e-05
6.613646e-07,-1.88204e-05
6.614646e-07,3.88134e-06
6.615646e-07,2.91775e-05
6.616646e-07,5.44737e-05
6.617646e-07,7.84727e-05
6.618646e-07,0.000101174
6.619646e-07,0.000121282
6.620646e-07,0.000139443
6.621646e-07,0.000155658
6.622646e-07,0.000170577
6.623646e-07,0.000184198
6.624646e-07,0.000197819
6.625646e-07,0.000210791
6.626646e-07,0.000222466
6.627646e-07,0.000232196
6.628646e-07,0.000239979
6.629646e-07,0.000243871
6.630646e-07,0.000245817
6.631646e-07,0.000244519
6.632646e-07,0.000242574
6.633646e-07,0.000239979
6.634646e-07,0.00023933
6.635646e-07,0.000241276
6.636646e-07,0.000246465
6.637646e-07,0.000254897
6.638646e-07,0.000265924
6.639646e-07,0.000278248
6.640646e-07,0.000289923
6.641646e-07,0.000297706
6.642646e-07,0.000300301
6.643646e-07,0.00029576
6.644646e-07,0.000284734
6.645646e-07,0.000266573
6.646646e-07,0.000243222
6.647646e-07,0.000216629
6.648646e-07,0.000190684
6.649646e-07,0.000166685
6.650646e-07,0.000146578
6.651646e-07,0.000132957
6.652646e-07,0.000125173
6.653646e-07,0.000123227
6.654646e-07,0.000125173
6.655646e-07,0.000129714
6.656646e-07,0.000135551
6.657646e-07,0.000140092
6.658646e-07,0.000143335
6.659646e-07,0.000145929
6.660646e-07,0.000147226
6.661646e-07,0.000149821
6.662646e-07,0.000154361
6.663646e-07,0.000162145
6.664646e-07,0.000172523
6.665646e-07,0.000184198
6.666646e-07,0.000195873
6.667646e-07,0.000206251
6.668646e-07,0.000213386
6.669646e-07,0.00021598
6.670646e-07,0.00021144
6.671646e-07,0.000199116
6.672646e-07,0.000180955
6.673646e-07,0.000158253
6.674646e-07,0.000133605
6.675646e-07,0.000108309
6.676646e-07,8.56075e-05
6.677646e-07,6.80947e-05
6.678646e-07,5.51223e-05
6.679646e-07,4.66903e-05
6.680646e-07,4.21499e-05
6.681646e-07,4.08527e-05
6.682646e-07,3.95555e-05
6.683646e-07,3.6961e-05
6.684646e-07,3.24206e-05
6.685646e-07,2.59344e-05
6.686646e-07,1.75024e-05
6.687646e-07,9.0703e-06
6.688646e-07,1.93548e-06
6.689646e-07,-3.25348e-06
6.690646e-07,-4.55072e-06
6.691646e-07,-1.30762e-06
6.692646e-07,7.77306e-06
6.693646e-07,2.20427e-05
6.694646e-07,3.89068e-05
6.695646e-07,5.83654e-05
6.696646e-07,7.7824e-05
6.697646e-07,9.53368e-05
6.698646e-07,0.000111552
6.699646e-07,0.000124525
6.700646e-07,0.000135551
6.701646e-07,0.000144632
6.702646e-07,0.000151118
6.703646e-07,0.00015501
6.704646e-07,0.000156956
6.705646e-07,0.000156956
6.706646e-07,0.000153713
6.707646e-07,0.000146578
6.708646e-07,0.000134903
6.709646e-07,0.000119984
6.710646e-07,0.000100526
6.711646e-07,7.91213e-05
6.712646e-07,5.70682e-05
6.713646e-07,3.63124e-05
6.714646e-07,1.8151e-05
6.715646e-07,5.17858e-06
6.716646e-07,-1.30762e-06
6.717646e-07,-1.95624e-06
6.718646e-07,2.5841e-06
6.719646e-07,1.16648e-05
6.720646e-07,2.33399e-05
6.721646e-07,3.50151e-05
6.722646e-07,4.27986e-05
6.723646e-07,4.66903e-05
6.724646e-07,4.5393e-05
6.725646e-07,4.08527e-05
6.726646e-07,3.43665e-05
6.727646e-07,2.72317e-05
6.728646e-07,2.20427e-05
6.729646e-07,2.26913e-05
6.730646e-07,2.98261e-05
6.731646e-07,4.40958e-05
6.732646e-07,6.67975e-05
6.733646e-07,9.46882e-05
6.734646e-07,0.000125822
6.735646e-07,0.000156956
6.736646e-07,0.000184198
6.737646e-07,0.000204954
6.738646e-07,0.000217277
6.739646e-07,0.00022052
6.740646e-07,0.00021598
6.741646e-07,0.000203656
6.742646e-07,0.000186144
6.743646e-07,0.000166036
6.744646e-07,0.000145281
6.745646e-07,0.000127119
6.746646e-07,0.000111552
6.747646e-07,9.92285e-05
6.748646e-07,8.94992e-05
6.749646e-07,8.17158e-05
6.750646e-07,7.52296e-05
6.751646e-07,6.9392e-05
6.752646e-07,6.48516e-05
6.753646e-07,6.16085e-05
6.754646e-07,5.96627e-05
6.755646e-07,6.03113e-05
6.756646e-07,6.4203e-05
6.757646e-07,7.13378e-05
6.758646e-07,8.10671e-05
6.759646e-07,9.27423e-05
6.760646e-07,0.000104417
6.761646e-07,0.000114795
6.762646e-07,0.000120633
6.763646e-07,0.000119984
6.764646e-07,0.000113498
6.765646e-07,9.98771e-05
6.766646e-07,8.17158e-05
6.767646e-07,6.03113e-05
6.768646e-07,3.95555e-05
6.769646e-07,2.20427e-05
6.770646e-07,1.10162e-05
6.771646e-07,7.77306e-06
6.772646e-07,1.2962e-05
6.773646e-07,2.72317e-05
6.774646e-07,4.66903e-05
6.775646e-07,7.06892e-05
6.776646e-07,9.40395e-05
6.777646e-07,0.000115444
6.778646e-07,0.000132308
6.779646e-07,0.000143335
6.780646e-07,0.000147226
6.781646e-07,0.000145281
6.782646e-07,0.000138794
6.783646e-07,0.000130362
6.784646e-07,0.000123227
6.785646e-07,0.000118038
6.786646e-07,0.000116741
6.787646e-07,0.000119336
6.788646e-07,0.000124525
6.789646e-07,0.00013166
6.790646e-07,0.000138794
6.791646e-07,0.000143983
6.792646e-07,0.000146578
6.793646e-07,0.000145281
6.794646e-07,0.000140092
6.795646e-07,0.000132957
6.796646e-07,0.000124525
6.797646e-07,0.00011739
6.798646e-07,0.00011285
6.799646e-07,0.000112201
6.800646e-07,0.000115444
6.801646e-07,0.000122579
6.802646e-07,0.000132957
6.803646e-07,0.000145281
6.804646e-07,0.000157604
6.805646e-07,0.000166685
6.806646e-07,0.000171874
6.807646e-07,0.000172523
6.808646e-07,0.000168631
6.809646e-07,0.000161496
6.810646e-07,0.000151118
6.811646e-07,0.000139443
6.812646e-07,0.000128416
6.813646e-07,0.000118038
6.814646e-07,0.000109606
6.815646e-07,0.000102472
6.816646e-07,9.6634e-05
6.817646e-07,9.01478e-05
6.818646e-07,8.23644e-05
6.819646e-07,7.26351e-05
6.820646e-07,6.09599e-05
6.821646e-07,4.66903e-05
6.822646e-07,3.11234e-05
6.823646e-07,1.49079e-05
6.824646e-07,-6.58998e-07
6.825646e-07,-1.55773e-05
6.826646e-07,-2.91983e-05
6.827646e-07,-3.89276e-05
6.828646e-07,-4.54138e-05
