LECROYWaveRunner‘N,20113,Waveform
Segments,1,SegmentSize,2002
Segment,TrigTime,TimeSinceSegment1
#1,01-Oct-2018 13:40:45,0                 
Time,Ampl
4.827618e-07,4.86361e-05
4.828618e-07,5.70682e-05
4.829618e-07,6.80947e-05
4.830618e-07,7.97699e-05
4.831618e-07,9.01478e-05
4.832618e-07,9.92285e-05
4.833618e-07,0.000103769
4.834618e-07,0.000103769
4.835618e-07,9.85799e-05
4.836618e-07,8.94992e-05
4.837618e-07,7.84727e-05
4.838618e-07,6.74461e-05
4.839618e-07,5.70682e-05
4.840618e-07,4.99334e-05
4.841618e-07,4.5393e-05
4.842618e-07,4.5393e-05
4.843618e-07,4.86361e-05
4.844618e-07,5.5771e-05
4.845618e-07,6.61489e-05
4.846618e-07,7.91213e-05
4.847618e-07,9.46882e-05
4.848618e-07,0.000110904
4.849618e-07,0.000128416
4.850618e-07,0.000146578
4.851618e-07,0.000166036
4.852618e-07,0.000184198
4.853618e-07,0.000201062
4.854618e-07,0.000215332
4.855618e-07,0.000225061
4.856618e-07,0.000229601
4.857618e-07,0.000227007
4.858618e-07,0.000217277
4.859618e-07,0.000200413
4.860618e-07,0.000177712
4.861618e-07,0.000150469
4.862618e-07,0.000120633
4.863618e-07,9.07964e-05
4.864618e-07,6.22572e-05
4.865618e-07,3.76096e-05
4.866618e-07,1.8151e-05
4.867618e-07,3.23272e-06
4.868618e-07,-5.19934e-06
4.869618e-07,-8.44244e-06
4.870618e-07,-7.1452e-06
4.871618e-07,-2.60486e-06
4.872618e-07,4.52996e-06
4.873618e-07,1.36106e-05
4.874618e-07,2.46372e-05
4.875618e-07,3.6961e-05
4.876618e-07,5.18792e-05
4.877618e-07,6.87434e-05
4.878618e-07,8.8202e-05
4.879618e-07,0.000110255
4.880618e-07,0.000134254
4.881618e-07,0.000158902
4.882618e-07,0.000182252
4.883618e-07,0.000203008
4.884618e-07,0.00022052
4.885618e-07,0.000233493
4.886618e-07,0.000240628
4.887618e-07,0.000241925
4.888618e-07,0.000238682
4.889618e-07,0.00023025
4.890618e-07,0.000219223
4.891618e-07,0.000206251
4.892618e-07,0.000193278
4.893618e-07,0.000181603
4.894618e-07,0.000171225
4.895618e-07,0.000164091
4.896618e-07,0.000158902
4.897618e-07,0.000155658
4.898618e-07,0.000154361
4.899618e-07,0.000155658
4.900618e-07,0.000158253
4.901618e-07,0.000162793
4.902618e-07,0.000167982
4.903618e-07,0.000175117
4.904618e-07,0.000182901
4.905618e-07,0.00019263
4.906618e-07,0.000202359
4.907618e-07,0.000212737
4.908618e-07,0.000222466
4.909618e-07,0.000231547
4.910618e-07,0.000238682
4.911618e-07,0.000242574
4.912618e-07,0.000243871
4.913618e-07,0.000241276
4.914618e-07,0.000235439
4.915618e-07,0.000227007
4.916618e-07,0.000217277
4.917618e-07,0.000206251
4.918618e-07,0.000195224
4.919618e-07,0.000184846
4.920618e-07,0.000175766
4.921618e-07,0.000168631
4.922618e-07,0.000162145
4.923618e-07,0.000157604
4.924618e-07,0.000153064
4.925618e-07,0.000149821
4.926618e-07,0.000146578
4.927618e-07,0.000143983
4.928618e-07,0.000142686
4.929618e-07,0.000143335
4.930618e-07,0.000146578
4.931618e-07,0.000153064
4.932618e-07,0.000163442
4.933618e-07,0.000179009
4.934618e-07,0.000198467
4.935618e-07,0.000221169
4.936618e-07,0.000245817
4.937618e-07,0.000271113
4.938618e-07,0.00029576
4.939618e-07,0.000318462
4.940618e-07,0.000338569
4.941618e-07,0.000354136
4.942618e-07,0.000364514
4.943618e-07,0.000370352
4.944618e-07,0.000372298
4.945618e-07,0.000370352
4.946618e-07,0.000365163
4.947618e-07,0.000358028
4.948618e-07,0.000348947
4.949618e-07,0.000338569
4.950618e-07,0.000326894
4.951618e-07,0.000312625
4.952618e-07,0.000296409
4.953618e-07,0.000277599
4.954618e-07,0.000256195
4.955618e-07,0.000231547
4.956618e-07,0.000205602
4.957618e-07,0.000179009
4.958618e-07,0.000152415
4.959618e-07,0.000127768
4.960618e-07,0.000105066
4.961618e-07,8.49589e-05
4.962618e-07,6.87434e-05
4.963618e-07,5.51223e-05
4.964618e-07,4.40958e-05
4.965618e-07,3.50151e-05
4.966618e-07,2.72317e-05
4.967618e-07,2.07455e-05
4.968618e-07,1.62051e-05
4.969618e-07,1.36106e-05
4.970618e-07,1.42593e-05
4.971618e-07,1.94482e-05
4.972618e-07,2.85289e-05
4.973618e-07,4.27986e-05
4.974618e-07,6.22572e-05
4.975618e-07,8.56075e-05
4.976618e-07,0.000110904
4.977618e-07,0.000135551
4.978618e-07,0.000157604
4.979618e-07,0.000174468
4.980618e-07,0.000184846
4.981618e-07,0.000186792
4.982618e-07,0.000181603
4.983618e-07,0.000169279
4.984618e-07,0.000152415
4.985618e-07,0.000134254
4.986618e-07,0.00011739
4.987618e-07,0.000103769
4.988618e-07,9.53368e-05
4.989618e-07,9.27423e-05
4.990618e-07,9.6634e-05
4.991618e-07,0.000104417
4.992618e-07,0.000116093
4.993618e-07,0.000128416
4.994618e-07,0.000139443
4.995618e-07,0.000147226
4.996618e-07,0.000151118
4.997618e-07,0.000150469
4.998618e-07,0.000145929
4.999618e-07,0.000137497
5.000618e-07,0.000127119
5.001618e-07,0.000115444
5.002618e-07,0.00010312
5.003618e-07,9.07964e-05
5.004618e-07,7.91213e-05
5.005618e-07,6.74461e-05
5.006618e-07,5.70682e-05
5.007618e-07,4.86361e-05
5.008618e-07,4.27986e-05
5.009618e-07,4.02041e-05
5.010618e-07,4.08527e-05
5.011618e-07,4.5393e-05
5.012618e-07,5.38251e-05
5.013618e-07,6.55003e-05
5.014618e-07,8.04185e-05
5.015618e-07,9.72826e-05
5.016618e-07,0.000114147
5.017618e-07,0.000129714
5.018618e-07,0.000142686
5.019618e-07,0.000151118
5.020618e-07,0.000155658
5.021618e-07,0.000156307
5.022618e-07,0.000153713
5.023618e-07,0.000149172
5.024618e-07,0.000144632
5.025618e-07,0.000141389
5.026618e-07,0.00014074
5.027618e-07,0.000143335
5.028618e-07,0.000150469
5.029618e-07,0.000160199
5.030618e-07,0.000172523
5.031618e-07,0.000184198
5.032618e-07,0.000194576
5.033618e-07,0.00020171
5.034618e-07,0.000203656
5.035618e-07,0.000200413
5.036618e-07,0.000191981
5.037618e-07,0.00017836
5.038618e-07,0.000161496
5.039618e-07,0.000143983
5.040618e-07,0.000126471
5.041618e-07,0.000110904
5.042618e-07,9.79313e-05
5.043618e-07,9.01478e-05
5.044618e-07,8.62561e-05
5.045618e-07,8.75533e-05
5.046618e-07,9.20937e-05
5.047618e-07,0.000100526
5.048618e-07,0.000110904
5.049618e-07,0.00012193
5.050618e-07,0.000132308
5.051618e-07,0.000142037
5.052618e-07,0.000149821
5.053618e-07,0.000155658
5.054618e-07,0.000160199
5.055618e-07,0.000162145
5.056618e-07,0.000162145
5.057618e-07,0.000158902
5.058618e-07,0.000154361
5.059618e-07,0.000148524
5.060618e-07,0.000141389
5.061618e-07,0.000134254
5.062618e-07,0.000127768
5.063618e-07,0.000122579
5.064618e-07,0.000121282
5.065618e-07,0.000122579
5.066618e-07,0.000127768
5.067618e-07,0.000136848
5.068618e-07,0.000149172
5.069618e-07,0.000163442
5.070618e-07,0.000179009
5.071618e-07,0.000193927
5.072618e-07,0.000206251
5.073618e-07,0.000213386
5.074618e-07,0.000215332
5.075618e-07,0.00021144
5.076618e-07,0.00020171
5.077618e-07,0.000186792
5.078618e-07,0.000166685
5.079618e-07,0.000142686
5.080618e-07,0.000116741
5.081618e-07,8.8202e-05
5.082618e-07,5.96627e-05
5.083618e-07,3.1772e-05
5.084618e-07,5.17858e-06
5.085618e-07,-1.9469e-05
5.086618e-07,-4.08734e-05
5.087618e-07,-5.77376e-05
5.088618e-07,-6.94127e-05
5.089618e-07,-7.52503e-05
5.090618e-07,-7.39531e-05
5.091618e-07,-6.5521e-05
5.092618e-07,-4.86569e-05
5.093618e-07,-2.40093e-05
5.094618e-07,8.42168e-06
5.095618e-07,4.73389e-05
5.096618e-07,9.01478e-05
5.097618e-07,0.000134903
5.098618e-07,0.00017836
5.099618e-07,0.000218575
5.100618e-07,0.0002536
5.101618e-07,0.000280842
5.102618e-07,0.000299004
5.103618e-07,0.000308084
5.104618e-07,0.000307436
5.105618e-07,0.000299004
5.106618e-07,0.000284734
5.107618e-07,0.000267221
5.108618e-07,0.000248411
5.109618e-07,0.000230898
5.110618e-07,0.00021598
5.111618e-07,0.000204954
5.112618e-07,0.000199116
5.113618e-07,0.000197819
5.114618e-07,0.000199765
5.115618e-07,0.000204954
5.116618e-07,0.00021144
5.117618e-07,0.000217926
5.118618e-07,0.000224412
5.119618e-07,0.000229601
5.120618e-07,0.000233493
5.121618e-07,0.000236087
5.122618e-07,0.000237385
5.123618e-07,0.000238682
5.124618e-07,0.000240628
5.125618e-07,0.000242574
5.126618e-07,0.000244519
5.127618e-07,0.000247763
5.128618e-07,0.000251654
5.129618e-07,0.000254897
5.130618e-07,0.000257492
5.131618e-07,0.000258789
5.132618e-07,0.00025814
5.133618e-07,0.000254897
5.134618e-07,0.000249708
5.135618e-07,0.000241276
5.136618e-07,0.000230898
5.137618e-07,0.000217277
5.138618e-07,0.000201062
5.139618e-07,0.000181603
5.140618e-07,0.000158902
5.141618e-07,0.000134254
5.142618e-07,0.000107012
5.143618e-07,7.91213e-05
5.144618e-07,5.25279e-05
5.145618e-07,2.72317e-05
5.146618e-07,5.8272e-06
5.147618e-07,-9.73968e-06
5.148618e-07,-1.81717e-05
5.149618e-07,-1.9469e-05
5.150618e-07,-1.36314e-05
5.151618e-07,-1.30762e-06
5.152618e-07,1.75024e-05
5.153618e-07,4.02041e-05
5.154618e-07,6.48516e-05
5.155618e-07,8.8202e-05
5.156618e-07,0.000109606
5.157618e-07,0.000126471
5.158618e-07,0.000138794
5.159618e-07,0.000145281
5.160618e-07,0.000148524
5.161618e-07,0.000147875
5.162618e-07,0.000143983
5.163618e-07,0.000139443
5.164618e-07,0.000134903
5.165618e-07,0.00013166
5.166618e-07,0.000129065
5.167618e-07,0.000129065
5.168618e-07,0.000131011
5.169618e-07,0.000134254
5.170618e-07,0.000138146
5.171618e-07,0.000142037
5.172618e-07,0.000145281
5.173618e-07,0.000147226
5.174618e-07,0.000145929
5.175618e-07,0.000142037
5.176618e-07,0.0001362
5.177618e-07,0.000127119
5.178618e-07,0.000114795
5.179618e-07,0.000100526
5.180618e-07,8.56075e-05
5.181618e-07,7.00406e-05
5.182618e-07,5.44737e-05
5.183618e-07,4.02041e-05
5.184618e-07,2.78803e-05
5.185618e-07,1.8151e-05
5.186618e-07,1.16648e-05
5.187618e-07,7.77306e-06
5.188618e-07,7.77306e-06
5.189618e-07,9.71892e-06
5.190618e-07,1.42593e-05
5.191618e-07,1.94482e-05
5.192618e-07,2.59344e-05
5.193618e-07,3.24206e-05
5.194618e-07,3.82582e-05
5.195618e-07,4.27986e-05
5.196618e-07,4.66903e-05
5.197618e-07,4.86361e-05
5.198618e-07,4.92848e-05
5.199618e-07,4.86361e-05
5.200618e-07,4.73389e-05
5.201618e-07,4.60417e-05
5.202618e-07,4.47444e-05
5.203618e-07,4.27986e-05
5.204618e-07,4.15013e-05
5.205618e-07,4.08527e-05
5.206618e-07,4.15013e-05
5.207618e-07,4.34472e-05
5.208618e-07,4.73389e-05
5.209618e-07,5.31765e-05
5.210618e-07,6.22572e-05
5.211618e-07,7.39323e-05
5.212618e-07,8.88506e-05
5.213618e-07,0.000105066
5.214618e-07,0.000123876
5.215618e-07,0.000142686
5.216618e-07,0.000160199
5.217618e-07,0.000175117
5.218618e-07,0.000185495
5.219618e-07,0.000191333
5.220618e-07,0.000190035
5.221618e-07,0.000182901
5.222618e-07,0.000169279
5.223618e-07,0.000151118
5.224618e-07,0.000129065
5.225618e-07,0.000105715
5.226618e-07,8.23644e-05
5.227618e-07,6.09599e-05
5.228618e-07,4.27986e-05
5.229618e-07,2.78803e-05
5.230618e-07,1.8151e-05
5.231618e-07,1.2962e-05
5.232618e-07,1.2962e-05
5.233618e-07,1.62051e-05
5.234618e-07,2.26913e-05
5.235618e-07,3.1772e-05
5.236618e-07,4.27986e-05
5.237618e-07,5.44737e-05
5.238618e-07,6.67975e-05
5.239618e-07,7.91213e-05
5.240618e-07,9.14451e-05
5.241618e-07,0.000103769
5.242618e-07,0.000115444
5.243618e-07,0.000126471
5.244618e-07,0.000137497
5.245618e-07,0.000147875
5.246618e-07,0.000156956
5.247618e-07,0.000165388
5.248618e-07,0.000171874
5.249618e-07,0.000176414
5.250618e-07,0.000179657
5.251618e-07,0.000180955
5.252618e-07,0.000180306
5.253618e-07,0.000177063
5.254618e-07,0.000171225
5.255618e-07,0.000164091
5.256618e-07,0.000155658
5.257618e-07,0.000145929
5.258618e-07,0.000134903
5.259618e-07,0.000123227
5.260618e-07,0.000111552
5.261618e-07,9.98771e-05
5.262618e-07,8.75533e-05
5.263618e-07,7.65268e-05
5.264618e-07,6.61489e-05
5.265618e-07,5.70682e-05
5.266618e-07,4.99334e-05
5.267618e-07,4.40958e-05
5.268618e-07,4.15013e-05
5.269618e-07,4.21499e-05
5.270618e-07,4.66903e-05
5.271618e-07,5.51223e-05
5.272618e-07,6.67975e-05
5.273618e-07,8.17158e-05
5.274618e-07,9.92285e-05
5.275618e-07,0.000118687
5.276618e-07,0.000138146
5.277618e-07,0.000156307
5.278618e-07,0.000171225
5.279618e-07,0.000182252
5.280618e-07,0.000188089
5.281618e-07,0.000188089
5.282618e-07,0.000182252
5.283618e-07,0.000171225
5.284618e-07,0.000155658
5.285618e-07,0.000136848
5.286618e-07,0.000116093
5.287618e-07,9.53368e-05
5.288618e-07,7.52296e-05
5.289618e-07,5.64196e-05
5.290618e-07,4.08527e-05
5.291618e-07,2.78803e-05
5.292618e-07,1.87996e-05
5.293618e-07,1.2962e-05
5.294618e-07,9.71892e-06
5.295618e-07,8.42168e-06
5.296618e-07,8.42168e-06
5.297618e-07,8.42168e-06
5.298618e-07,7.12444e-06
5.299618e-07,5.17858e-06
5.300618e-07,1.93548e-06
5.301618e-07,-2.60486e-06
5.302618e-07,-8.44244e-06
5.303618e-07,-1.428e-05
5.304618e-07,-1.9469e-05
5.305618e-07,-2.27121e-05
5.306618e-07,-2.46579e-05
5.307618e-07,-2.40093e-05
5.308618e-07,-2.01176e-05
5.309618e-07,-1.29828e-05
5.310618e-07,-1.95624e-06
5.311618e-07,1.03675e-05
5.312618e-07,2.46372e-05
5.313618e-07,3.89068e-05
5.314618e-07,5.38251e-05
5.315618e-07,6.74461e-05
5.316618e-07,7.91213e-05
5.317618e-07,8.88506e-05
5.318618e-07,9.59854e-05
5.319618e-07,0.000101174
5.320618e-07,0.00010312
5.321618e-07,0.00010312
5.322618e-07,0.000101823
5.323618e-07,9.85799e-05
5.324618e-07,9.40395e-05
5.325618e-07,8.88506e-05
5.326618e-07,8.3013e-05
5.327618e-07,7.7824e-05
5.328618e-07,7.26351e-05
5.329618e-07,6.87434e-05
5.330618e-07,6.55003e-05
5.331618e-07,6.29058e-05
5.332618e-07,6.16085e-05
5.333618e-07,6.09599e-05
5.334618e-07,6.16085e-05
5.335618e-07,6.35544e-05
5.336618e-07,6.61489e-05
5.337618e-07,7.00406e-05
5.338618e-07,7.45809e-05
5.339618e-07,8.04185e-05
5.340618e-07,8.75533e-05
5.341618e-07,9.53368e-05
5.342618e-07,0.00010312
5.343618e-07,0.000110904
5.344618e-07,0.000118038
5.345618e-07,0.000123227
5.346618e-07,0.000127119
5.347618e-07,0.000129065
5.348618e-07,0.000128416
5.349618e-07,0.000125822
5.350618e-07,0.000121282
5.351618e-07,0.000115444
5.352618e-07,0.000108958
5.353618e-07,0.000101823
5.354618e-07,9.46882e-05
5.355618e-07,8.75533e-05
5.356618e-07,8.10671e-05
5.357618e-07,7.45809e-05
5.358618e-07,6.87434e-05
5.359618e-07,6.35544e-05
5.360618e-07,6.03113e-05
5.361618e-07,5.96627e-05
5.362618e-07,6.09599e-05
5.363618e-07,6.4203e-05
5.364618e-07,7.06892e-05
5.365618e-07,7.97699e-05
5.366618e-07,9.07964e-05
5.367618e-07,0.000103769
5.368618e-07,0.000116093
5.369618e-07,0.000128416
5.370618e-07,0.000137497
5.371618e-07,0.000143983
5.372618e-07,0.000145929
5.373618e-07,0.000144632
5.374618e-07,0.000138794
5.375618e-07,0.000129714
5.376618e-07,0.000118687
5.377618e-07,0.000106363
5.378618e-07,9.53368e-05
5.379618e-07,8.62561e-05
5.380618e-07,8.04185e-05
5.381618e-07,7.84727e-05
5.382618e-07,8.10671e-05
5.383618e-07,8.69047e-05
5.384618e-07,9.59854e-05
5.385618e-07,0.000107661
5.386618e-07,0.000121282
5.387618e-07,0.000135551
5.388618e-07,0.000149821
5.389618e-07,0.000163442
5.390618e-07,0.000177063
5.391618e-07,0.000189387
5.392618e-07,0.00020171
5.393618e-07,0.000212737
5.394618e-07,0.000223764
5.395618e-07,0.000233493
5.396618e-07,0.000241925
5.397618e-07,0.000250357
5.398618e-07,0.000256843
5.399618e-07,0.000262032
5.400618e-07,0.000265275
5.401618e-07,0.000266573
5.402618e-07,0.000265924
5.403618e-07,0.000261384
5.404618e-07,0.0002536
5.405618e-07,0.000241276
5.406618e-07,0.000225709
5.407618e-07,0.000204954
5.408618e-07,0.000179009
5.409618e-07,0.000148524
5.410618e-07,0.000114795
5.411618e-07,7.84727e-05
5.412618e-07,4.15013e-05
5.413618e-07,5.8272e-06
5.414618e-07,-2.66038e-05
5.415618e-07,-5.25486e-05
5.416618e-07,-7.071e-05
5.417618e-07,-7.97907e-05
5.418618e-07,-7.84934e-05
5.419618e-07,-6.68183e-05
5.420618e-07,-4.54138e-05
5.421618e-07,-1.49286e-05
5.422618e-07,2.13941e-05
5.423618e-07,6.09599e-05
5.424618e-07,0.000100526
5.425618e-07,0.000138146
5.426618e-07,0.000170577
5.427618e-07,0.00019717
5.428618e-07,0.000215332
5.429618e-07,0.000225061
5.430618e-07,0.000227655
5.431618e-07,0.000223764
5.432618e-07,0.000214683
5.433618e-07,0.00020171
5.434618e-07,0.000186792
5.435618e-07,0.000171874
5.436618e-07,0.000157604
5.437618e-07,0.000145281
5.438618e-07,0.000134903
5.439618e-07,0.000126471
5.440618e-07,0.000119336
5.441618e-07,0.00011285
5.442618e-07,0.000107012
5.443618e-07,0.000100526
5.444618e-07,9.33909e-05
5.445618e-07,8.49589e-05
5.446618e-07,7.39323e-05
5.447618e-07,6.16085e-05
5.448618e-07,4.86361e-05
5.449618e-07,3.43665e-05
5.450618e-07,2.13941e-05
5.451618e-07,1.10162e-05
5.452618e-07,1.93548e-06
5.453618e-07,-3.25348e-06
5.454618e-07,-3.9021e-06
5.455618e-07,-6.58998e-07
5.456618e-07,7.12444e-06
5.457618e-07,1.94482e-05
5.458618e-07,3.50151e-05
5.459618e-07,5.31765e-05
5.460618e-07,7.26351e-05
5.461618e-07,9.27423e-05
5.462618e-07,0.000112201
5.463618e-07,0.000129714
5.464618e-07,0.000144632
5.465618e-07,0.000156956
5.466618e-07,0.000166036
5.467618e-07,0.00017382
5.468618e-07,0.000179009
5.469618e-07,0.000182901
5.470618e-07,0.000185495
5.471618e-07,0.000188089
5.472618e-07,0.000191333
5.473618e-07,0.000195873
5.474618e-07,0.000201062
5.475618e-07,0.000206251
5.476618e-07,0.00021144
5.477618e-07,0.000214683
5.478618e-07,0.000215332
5.479618e-07,0.000213386
5.480618e-07,0.000206899
5.481618e-07,0.000196522
5.482618e-07,0.000182252
5.483618e-07,0.000164091
5.484618e-07,0.000143983
5.485618e-07,0.000123227
5.486618e-07,0.000101823
5.487618e-07,8.23644e-05
5.488618e-07,6.55003e-05
5.489618e-07,5.25279e-05
5.490618e-07,4.34472e-05
5.491618e-07,3.76096e-05
5.492618e-07,3.50151e-05
5.493618e-07,3.56637e-05
5.494618e-07,3.89068e-05
5.495618e-07,4.40958e-05
5.496618e-07,5.12306e-05
5.497618e-07,5.96627e-05
5.498618e-07,6.80947e-05
5.499618e-07,7.71754e-05
5.500618e-07,8.69047e-05
5.501618e-07,9.6634e-05
5.502618e-07,0.000106363
5.503618e-07,0.000116093
5.504618e-07,0.000125822
5.505618e-07,0.000133605
5.506618e-07,0.000140092
5.507618e-07,0.000144632
5.508618e-07,0.000148524
5.509618e-07,0.000151118
5.510618e-07,0.000152415
5.511618e-07,0.000153713
5.512618e-07,0.000156307
5.513618e-07,0.000158902
5.514618e-07,0.000162145
5.515618e-07,0.000165388
5.516618e-07,0.000168631
5.517618e-07,0.000170577
5.518618e-07,0.000171225
5.519618e-07,0.000170577
5.520618e-07,0.000169279
5.521618e-07,0.000165388
5.522618e-07,0.000158902
5.523618e-07,0.000151118
5.524618e-07,0.000142037
5.525618e-07,0.000132957
5.526618e-07,0.000125173
5.527618e-07,0.000118687
5.528618e-07,0.000114147
5.529618e-07,0.000112201
5.530618e-07,0.000112201
5.531618e-07,0.000114795
5.532618e-07,0.000119984
5.533618e-07,0.000127768
5.534618e-07,0.000136848
5.535618e-07,0.000148524
5.536618e-07,0.000161496
5.537618e-07,0.000175117
5.538618e-07,0.000187441
5.539618e-07,0.000199116
5.540618e-07,0.000208845
5.541618e-07,0.00021598
5.542618e-07,0.000221818
5.543618e-07,0.000224412
5.544618e-07,0.000223764
5.545618e-07,0.00022052
5.546618e-07,0.000213386
5.547618e-07,0.000203656
5.548618e-07,0.000191333
5.549618e-07,0.000177712
5.550618e-07,0.000161496
5.551618e-07,0.000144632
5.552618e-07,0.000126471
5.553618e-07,0.000108309
5.554618e-07,8.94992e-05
5.555618e-07,7.13378e-05
5.556618e-07,5.31765e-05
5.557618e-07,3.56637e-05
5.558618e-07,1.94482e-05
5.559618e-07,3.88134e-06
5.560618e-07,-1.10369e-05
5.561618e-07,-2.53066e-05
5.562618e-07,-3.8279e-05
5.563618e-07,-5.06027e-05
5.564618e-07,-6.09807e-05
5.565618e-07,-7.00614e-05
5.566618e-07,-7.65476e-05
5.567618e-07,-7.84934e-05
5.568618e-07,-7.71962e-05
5.569618e-07,-7.20072e-05
5.570618e-07,-6.22779e-05
5.571618e-07,-4.93055e-05
5.572618e-07,-3.24414e-05
5.573618e-07,-1.29828e-05
5.574618e-07,7.12444e-06
5.575618e-07,2.72317e-05
5.576618e-07,4.73389e-05
5.577618e-07,6.61489e-05
5.578618e-07,8.43102e-05
5.579618e-07,0.000101174
5.580618e-07,0.00011739
5.581618e-07,0.000132957
5.582618e-07,0.000147875
5.583618e-07,0.000162145
5.584618e-07,0.000175117
5.585618e-07,0.000186792
5.586618e-07,0.000196522
5.587618e-07,0.000204305
5.588618e-07,0.000208845
5.589618e-07,0.000210791
5.590618e-07,0.000209494
5.591618e-07,0.000206251
5.592618e-07,0.000201062
5.593618e-07,0.000193927
5.594618e-07,0.000186792
5.595618e-07,0.00017836
5.596618e-07,0.000169928
5.597618e-07,0.000158902
5.598618e-07,0.000145929
5.599618e-07,0.000128416
5.600618e-07,0.000107661
5.601618e-07,8.10671e-05
5.602618e-07,4.99334e-05
5.603618e-07,1.49079e-05
5.604618e-07,-2.27121e-05
5.605618e-07,-6.03321e-05
5.606618e-07,-9.60062e-05
5.607618e-07,-0.00012714
5.608618e-07,-0.000151139
5.609618e-07,-0.000167354
5.610618e-07,-0.000173841
5.611618e-07,-0.000170597
5.612618e-07,-0.000158922
5.613618e-07,-0.000138815
5.614618e-07,-0.000113519
5.615618e-07,-8.36824e-05
5.616618e-07,-5.12514e-05
5.617618e-07,-1.81717e-05
5.618618e-07,1.42593e-05
5.619618e-07,4.5393e-05
5.620618e-07,7.65268e-05
5.621618e-07,0.000107012
5.622618e-07,0.0001362
5.623618e-07,0.000164739
5.624618e-07,0.000191333
5.625618e-07,0.00021598
5.626618e-07,0.000237385
5.627618e-07,0.000254897
5.628618e-07,0.00026787
5.629618e-07,0.000275005
5.630618e-07,0.000275653
5.631618e-07,0.000269816
5.632618e-07,0.000258789
5.633618e-07,0.000243222
5.634618e-07,0.000223764
5.635618e-07,0.000203008
5.636618e-07,0.000182252
5.637618e-07,0.000163442
5.638618e-07,0.000146578
5.639618e-07,0.000134254
5.640618e-07,0.000125822
5.641618e-07,0.000121282
5.642618e-07,0.000119336
5.643618e-07,0.000121282
5.644618e-07,0.000125173
5.645618e-07,0.000130362
5.646618e-07,0.000136848
5.647618e-07,0.000142686
5.648618e-07,0.000147226
5.649618e-07,0.000151767
5.650618e-07,0.000153713
5.651618e-07,0.000153713
5.652618e-07,0.000152415
5.653618e-07,0.000149172
5.654618e-07,0.000143983
5.655618e-07,0.000138146
5.656618e-07,0.00013166
5.657618e-07,0.000126471
5.658618e-07,0.00012193
5.659618e-07,0.000120633
5.660618e-07,0.000123227
5.661618e-07,0.000129714
5.662618e-07,0.00014074
5.663618e-07,0.000155658
5.664618e-07,0.00017382
5.665618e-07,0.000193278
5.666618e-07,0.000212088
5.667618e-07,0.000228953
5.668618e-07,0.000243222
5.669618e-07,0.000254249
5.670618e-07,0.000260735
5.671618e-07,0.000263329
5.672618e-07,0.000262032
5.673618e-07,0.000257492
5.674618e-07,0.000251006
5.675618e-07,0.000243222
5.676618e-07,0.00023479
5.677618e-07,0.000226358
5.678618e-07,0.000218575
5.679618e-07,0.00021144
5.680618e-07,0.000206251
5.681618e-07,0.000202359
5.682618e-07,0.000199116
5.683618e-07,0.000195873
5.684618e-07,0.000193278
5.685618e-07,0.000190684
5.686618e-07,0.000188089
5.687618e-07,0.000185495
5.688618e-07,0.000183549
5.689618e-07,0.000182252
5.690618e-07,0.000180306
5.691618e-07,0.000177712
5.692618e-07,0.000175117
5.693618e-07,0.000171874
5.694618e-07,0.000168631
5.695618e-07,0.000164739
5.696618e-07,0.000160847
5.697618e-07,0.000156956
5.698618e-07,0.000153064
5.699618e-07,0.000149821
5.700618e-07,0.000147226
5.701618e-07,0.000144632
5.702618e-07,0.000143335
5.703618e-07,0.000142686
5.704618e-07,0.000142686
5.705618e-07,0.000142037
5.706618e-07,0.000140092
5.707618e-07,0.000136848
5.708618e-07,0.00013166
5.709618e-07,0.000124525
5.710618e-07,0.000115444
5.711618e-07,0.000104417
5.712618e-07,9.40395e-05
5.713618e-07,8.3013e-05
5.714618e-07,7.32837e-05
5.715618e-07,6.4203e-05
5.716618e-07,5.70682e-05
5.717618e-07,5.18792e-05
5.718618e-07,4.79875e-05
5.719618e-07,4.60417e-05
5.720618e-07,4.60417e-05
5.721618e-07,4.5393e-05
5.722618e-07,4.5393e-05
5.723618e-07,4.5393e-05
5.724618e-07,4.5393e-05
5.725618e-07,4.5393e-05
5.726618e-07,4.5393e-05
5.727618e-07,4.73389e-05
5.728618e-07,4.99334e-05
5.729618e-07,5.44737e-05
5.730618e-07,5.83654e-05
5.731618e-07,6.22572e-05
5.732618e-07,6.29058e-05
5.733618e-07,6.03113e-05
5.734618e-07,5.31765e-05
5.735618e-07,4.08527e-05
5.736618e-07,2.46372e-05
5.737618e-07,4.52996e-06
5.738618e-07,-1.81717e-05
5.739618e-07,-4.15221e-05
5.740618e-07,-6.35752e-05
5.741618e-07,-8.10879e-05
5.742618e-07,-9.27631e-05
5.743618e-07,-9.66548e-05
5.744618e-07,-9.34117e-05
5.745618e-07,-8.23851e-05
5.746618e-07,-6.48724e-05
5.747618e-07,-4.34679e-05
5.748618e-07,-1.88204e-05
5.749618e-07,6.47582e-06
5.750618e-07,3.11234e-05
5.751618e-07,5.44737e-05
5.752618e-07,7.39323e-05
5.753618e-07,9.01478e-05
5.754618e-07,0.000101823
5.755618e-07,0.000109606
5.756618e-07,0.000113498
5.757618e-07,0.00011285
5.758618e-07,0.000107012
5.759618e-07,9.6634e-05
5.760618e-07,8.3013e-05
5.761618e-07,6.61489e-05
5.762618e-07,4.66903e-05
5.763618e-07,2.59344e-05
5.764618e-07,4.52996e-06
5.765618e-07,-1.55773e-05
5.766618e-07,-3.24414e-05
5.767618e-07,-4.60624e-05
5.768618e-07,-5.57917e-05
5.769618e-07,-6.09807e-05
5.770618e-07,-6.22779e-05
5.771618e-07,-6.03321e-05
5.772618e-07,-5.51431e-05
5.773618e-07,-4.86569e-05
5.774618e-07,-4.28193e-05
5.775618e-07,-3.8279e-05
5.776618e-07,-3.50359e-05
5.777618e-07,-3.43872e-05
5.778618e-07,-3.56845e-05
5.779618e-07,-3.89276e-05
5.780618e-07,-4.28193e-05
5.781618e-07,-4.80083e-05
5.782618e-07,-5.25486e-05
5.783618e-07,-5.57917e-05
5.784618e-07,-5.7089e-05
5.785618e-07,-5.57917e-05
5.786618e-07,-5.06027e-05
5.787618e-07,-4.21707e-05
5.788618e-07,-3.11441e-05
5.789618e-07,-1.68745e-05
5.790618e-07,-1.03779e-08
5.791618e-07,1.94482e-05
5.792618e-07,4.02041e-05
5.793618e-07,6.09599e-05
5.794618e-07,8.17158e-05
5.795618e-07,0.000100526
5.796618e-07,0.00011739
5.797618e-07,0.00013166
5.798618e-07,0.00014074
5.799618e-07,0.000145929
5.800618e-07,0.000145929
5.801618e-07,0.000142037
5.802618e-07,0.000134254
5.803618e-07,0.000124525
5.804618e-07,0.00011285
5.805618e-07,0.000100526
5.806618e-07,8.88506e-05
5.807618e-07,7.84727e-05
5.808618e-07,7.00406e-05
5.809618e-07,6.35544e-05
5.810618e-07,5.90141e-05
5.811618e-07,5.70682e-05
5.812618e-07,5.5771e-05
5.813618e-07,5.5771e-05
5.814618e-07,5.64196e-05
5.815618e-07,5.77168e-05
5.816618e-07,6.03113e-05
5.817618e-07,6.35544e-05
5.818618e-07,6.87434e-05
5.819618e-07,7.65268e-05
5.820618e-07,8.69047e-05
5.821618e-07,9.98771e-05
5.822618e-07,0.000114795
5.823618e-07,0.000131011
5.824618e-07,0.000146578
5.825618e-07,0.000160847
5.826618e-07,0.000170577
5.827618e-07,0.000175766
5.828618e-07,0.000175766
5.829618e-07,0.000169279
5.830618e-07,0.000156956
5.831618e-07,0.000139443
5.832618e-07,0.00011739
5.833618e-07,9.20937e-05
5.834618e-07,6.55003e-05
5.835618e-07,3.82582e-05
5.836618e-07,1.23134e-05
5.837618e-07,-1.23342e-05
5.838618e-07,-3.43872e-05
5.839618e-07,-5.44945e-05
5.840618e-07,-7.13586e-05
5.841618e-07,-8.49796e-05
5.842618e-07,-9.66548e-05
5.843618e-07,-0.000104438
5.844618e-07,-0.00010833
5.845618e-07,-0.000107033
5.846618e-07,-0.000101195
5.847618e-07,-9.08172e-05
5.848618e-07,-7.46017e-05
5.849618e-07,-5.38459e-05
5.850618e-07,-2.85497e-05
5.851618e-07,-1.30762e-06
5.852618e-07,2.72317e-05
5.853618e-07,5.44737e-05
5.854618e-07,7.91213e-05
5.855618e-07,9.98771e-05
5.856618e-07,0.000115444
5.857618e-07,0.000124525
5.858618e-07,0.000128416
5.859618e-07,0.000126471
5.860618e-07,0.000119984
5.861618e-07,0.000110255
5.862618e-07,9.85799e-05
5.863618e-07,8.69047e-05
5.864618e-07,7.58782e-05
5.865618e-07,6.67975e-05
5.866618e-07,6.03113e-05
5.867618e-07,5.70682e-05
5.868618e-07,5.77168e-05
5.869618e-07,6.09599e-05
5.870618e-07,6.61489e-05
5.871618e-07,7.32837e-05
5.872618e-07,8.17158e-05
5.873618e-07,9.14451e-05
5.874618e-07,0.000100526
5.875618e-07,0.000109606
5.876618e-07,0.000116741
5.877618e-07,0.000121282
5.878618e-07,0.000122579
5.879618e-07,0.000119984
5.880618e-07,0.000114147
5.881618e-07,0.000104417
5.882618e-07,9.07964e-05
5.883618e-07,7.45809e-05
5.884618e-07,5.77168e-05
5.885618e-07,4.08527e-05
5.886618e-07,2.59344e-05
5.887618e-07,1.49079e-05
5.888618e-07,9.0703e-06
5.889618e-07,8.42168e-06
5.890618e-07,1.36106e-05
5.891618e-07,2.26913e-05
5.892618e-07,3.63124e-05
5.893618e-07,5.18792e-05
5.894618e-07,6.87434e-05
5.895618e-07,8.62561e-05
5.896618e-07,0.000104417
5.897618e-07,0.000122579
5.898618e-07,0.000140092
5.899618e-07,0.000158902
5.900618e-07,0.000177063
5.901618e-07,0.000195873
5.902618e-07,0.000213386
5.903618e-07,0.000230898
5.904618e-07,0.000246465
5.905618e-07,0.000259438
5.906618e-07,0.00026787
5.907618e-07,0.00027241
5.908618e-07,0.00027241
5.909618e-07,0.000268518
5.910618e-07,0.000260086
5.911618e-07,0.000249708
5.912618e-07,0.000238033
5.913618e-07,0.000226358
5.914618e-07,0.000216629
5.915618e-07,0.000208845
5.916618e-07,0.000203008
5.917618e-07,0.000200413
5.918618e-07,0.000200413
5.919618e-07,0.00020171
5.920618e-07,0.000203656
5.921618e-07,0.000204954
5.922618e-07,0.000204305
5.923618e-07,0.00020171
5.924618e-07,0.000198467
5.925618e-07,0.000193927
5.926618e-07,0.000190035
5.927618e-07,0.000188089
5.928618e-07,0.000188089
5.929618e-07,0.000190035
5.930618e-07,0.000193278
5.931618e-07,0.000197819
5.932618e-07,0.000203008
5.933618e-07,0.000206899
5.934618e-07,0.000208845
5.935618e-07,0.000207548
5.936618e-07,0.000203008
5.937618e-07,0.000194576
5.938618e-07,0.000182252
5.939618e-07,0.000167334
5.940618e-07,0.000150469
5.941618e-07,0.000132308
5.942618e-07,0.000114795
5.943618e-07,9.79313e-05
5.944618e-07,8.36616e-05
5.945618e-07,7.19865e-05
5.946618e-07,6.35544e-05
5.947618e-07,5.83654e-05
5.948618e-07,5.64196e-05
5.949618e-07,5.70682e-05
5.950618e-07,5.90141e-05
5.951618e-07,6.29058e-05
5.952618e-07,6.9392e-05
5.953618e-07,7.7824e-05
5.954618e-07,8.94992e-05
5.955618e-07,0.00010312
5.956618e-07,0.000119336
5.957618e-07,0.000137497
5.958618e-07,0.000158902
5.959618e-07,0.000182252
5.960618e-07,0.000206251
5.961618e-07,0.000229601
5.962618e-07,0.000250357
5.963618e-07,0.00026787
5.964618e-07,0.000281491
5.965618e-07,0.000290571
5.966618e-07,0.000295112
5.967618e-07,0.000295112
5.968618e-07,0.000290571
5.969618e-07,0.000282788
5.970618e-07,0.000271761
5.971618e-07,0.00025814
5.972618e-07,0.000243871
5.973618e-07,0.000228953
5.974618e-07,0.000215332
5.975618e-07,0.000203008
5.976618e-07,0.000193927
5.977618e-07,0.000188089
5.978618e-07,0.000186144
5.979618e-07,0.000188738
5.980618e-07,0.000195873
5.981618e-07,0.000206251
5.982618e-07,0.000218575
5.983618e-07,0.000233493
5.984618e-07,0.000248411
5.985618e-07,0.000262032
5.986618e-07,0.000273059
5.987618e-07,0.000278896
5.988618e-07,0.000280194
5.989618e-07,0.000275653
5.990618e-07,0.000266573
5.991618e-07,0.0002536
5.992618e-07,0.000237385
5.993618e-07,0.000221169
5.994618e-07,0.000204305
5.995618e-07,0.000188089
5.996618e-07,0.00017382
5.997618e-07,0.000161496
5.998618e-07,0.000151767
5.999618e-07,0.000143335
6.000618e-07,0.000135551
6.001618e-07,0.000126471
6.002618e-07,0.000116093
6.003618e-07,0.000103769
6.004618e-07,8.94992e-05
6.005618e-07,7.32837e-05
6.006618e-07,5.64196e-05
6.007618e-07,3.95555e-05
6.008618e-07,2.39886e-05
6.009618e-07,1.03675e-05
6.010618e-07,-1.03779e-08
6.011618e-07,-6.49658e-06
6.012618e-07,-9.73968e-06
6.013618e-07,-9.73968e-06
6.014618e-07,-7.1452e-06
6.015618e-07,-3.25348e-06
6.016618e-07,2.5841e-06
6.017618e-07,9.0703e-06
6.018618e-07,1.55565e-05
6.019618e-07,2.39886e-05
6.020618e-07,3.43665e-05
6.021618e-07,4.79875e-05
6.022618e-07,6.55003e-05
6.023618e-07,8.69047e-05
6.024618e-07,0.000110904
6.025618e-07,0.000137497
6.026618e-07,0.000164091
6.027618e-07,0.000190035
6.028618e-07,0.000212088
6.029618e-07,0.000228304
6.030618e-07,0.000236736
6.031618e-07,0.000236736
6.032618e-07,0.000228953
6.033618e-07,0.000214034
6.034618e-07,0.000194576
6.035618e-07,0.000171225
6.036618e-07,0.000147226
6.037618e-07,0.000124525
6.038618e-07,0.000105066
6.039618e-07,9.01478e-05
6.040618e-07,7.97699e-05
6.041618e-07,7.32837e-05
6.042618e-07,6.9392e-05
6.043618e-07,6.80947e-05
6.044618e-07,6.74461e-05
6.045618e-07,6.80947e-05
6.046618e-07,6.87434e-05
6.047618e-07,6.87434e-05
6.048618e-07,6.9392e-05
6.049618e-07,7.00406e-05
6.050618e-07,7.13378e-05
6.051618e-07,7.32837e-05
6.052618e-07,7.58782e-05
6.053618e-07,7.7824e-05
6.054618e-07,7.84727e-05
6.055618e-07,7.71754e-05
6.056618e-07,7.45809e-05
6.057618e-07,6.9392e-05
6.058618e-07,6.22572e-05
6.059618e-07,5.38251e-05
6.060618e-07,4.40958e-05
6.061618e-07,3.50151e-05
6.062618e-07,2.59344e-05
6.063618e-07,1.8151e-05
6.064618e-07,1.23134e-05
6.065618e-07,7.12444e-06
6.066618e-07,2.5841e-06
6.067618e-07,-1.30762e-06
6.068618e-07,-5.19934e-06
6.069618e-07,-9.73968e-06
6.070618e-07,-1.36314e-05
6.071618e-07,-1.75231e-05
6.072618e-07,-2.07662e-05
6.073618e-07,-2.14148e-05
6.074618e-07,-1.88204e-05
6.075618e-07,-1.29828e-05
6.076618e-07,-2.60486e-06
6.077618e-07,1.23134e-05
6.078618e-07,3.04748e-05
6.079618e-07,5.18792e-05
6.080618e-07,7.58782e-05
6.081618e-07,9.98771e-05
6.082618e-07,0.000123227
6.083618e-07,0.000145281
6.084618e-07,0.000164739
6.085618e-07,0.000181603
6.086618e-07,0.00019717
6.087618e-07,0.000210143
6.088618e-07,0.000221818
6.089618e-07,0.000232196
6.090618e-07,0.000241276
6.091618e-07,0.00024906
6.092618e-07,0.000254249
6.093618e-07,0.000256195
6.094618e-07,0.000254249
6.095618e-07,0.000247763
6.096618e-07,0.000235439
6.097618e-07,0.000218575
6.098618e-07,0.00019717
6.099618e-07,0.000172523
6.100618e-07,0.000146578
6.101618e-07,0.000120633
6.102618e-07,9.6634e-05
6.103618e-07,7.58782e-05
6.104618e-07,5.96627e-05
6.105618e-07,4.92848e-05
6.106618e-07,4.47444e-05
6.107618e-07,4.5393e-05
6.108618e-07,5.12306e-05
6.109618e-07,6.03113e-05
6.110618e-07,7.32837e-05
6.111618e-07,8.75533e-05
6.112618e-07,0.000103769
6.113618e-07,0.000119984
6.114618e-07,0.0001362
6.115618e-07,0.000151767
6.116618e-07,0.000166036
6.117618e-07,0.000177712
6.118618e-07,0.000185495
6.119618e-07,0.000190035
6.120618e-07,0.000190035
6.121618e-07,0.000184846
6.122618e-07,0.000174468
6.123618e-07,0.000158902
6.124618e-07,0.000140092
6.125618e-07,0.000118687
6.126618e-07,9.53368e-05
6.127618e-07,7.26351e-05
6.128618e-07,5.18792e-05
6.129618e-07,3.37179e-05
6.130618e-07,1.94482e-05
6.131618e-07,9.71892e-06
6.132618e-07,3.88134e-06
6.133618e-07,1.28686e-06
6.134618e-07,2.5841e-06
6.135618e-07,6.47582e-06
6.136618e-07,1.2962e-05
6.137618e-07,2.20427e-05
6.138618e-07,3.50151e-05
6.139618e-07,5.18792e-05
6.140618e-07,7.26351e-05
6.141618e-07,9.6634e-05
6.142618e-07,0.000123227
6.143618e-07,0.000151118
6.144618e-07,0.000179657
6.145618e-07,0.000204954
6.146618e-07,0.000226358
6.147618e-07,0.000241276
6.148618e-07,0.000248411
6.149618e-07,0.000247114
6.150618e-07,0.000237385
6.151618e-07,0.00022052
6.152618e-07,0.000197819
6.153618e-07,0.000171874
6.154618e-07,0.000143983
6.155618e-07,0.000116741
6.156618e-07,9.20937e-05
6.157618e-07,6.9392e-05
6.158618e-07,5.0582e-05
6.159618e-07,3.56637e-05
6.160618e-07,2.33399e-05
6.161618e-07,1.36106e-05
6.162618e-07,5.8272e-06
6.163618e-07,-6.58998e-07
6.164618e-07,-5.19934e-06
6.165618e-07,-7.79382e-06
6.166618e-07,-7.79382e-06
6.167618e-07,-4.55072e-06
6.168618e-07,1.93548e-06
6.169618e-07,1.23134e-05
6.170618e-07,2.6583e-05
6.171618e-07,4.34472e-05
6.172618e-07,6.29058e-05
6.173618e-07,8.23644e-05
6.174618e-07,0.000102472
6.175618e-07,0.000120633
6.176618e-07,0.000138146
6.177618e-07,0.000153064
6.178618e-07,0.000165388
6.179618e-07,0.000176414
6.180618e-07,0.000186144
6.181618e-07,0.000194576
6.182618e-07,0.000202359
6.183618e-07,0.000208845
6.184618e-07,0.000213386
6.185618e-07,0.00021598
6.186618e-07,0.000214683
6.187618e-07,0.000210143
6.188618e-07,0.000201062
6.189618e-07,0.000187441
6.190618e-07,0.000169928
6.191618e-07,0.000149172
6.192618e-07,0.000127119
6.193618e-07,0.00010312
6.194618e-07,7.97699e-05
6.195618e-07,5.77168e-05
6.196618e-07,3.89068e-05
6.197618e-07,2.33399e-05
6.198618e-07,1.10162e-05
6.199618e-07,3.23272e-06
6.200618e-07,-1.03779e-08
6.201618e-07,1.28686e-06
6.202618e-07,6.47582e-06
6.203618e-07,1.62051e-05
6.204618e-07,2.98261e-05
6.205618e-07,4.79875e-05
6.206618e-07,6.9392e-05
6.207618e-07,9.33909e-05
6.208618e-07,0.000119984
6.209618e-07,0.000145281
6.210618e-07,0.000169928
6.211618e-07,0.000191333
6.212618e-07,0.000208845
6.213618e-07,0.00022052
6.214618e-07,0.000226358
6.215618e-07,0.000227007
6.216618e-07,0.000223764
6.217618e-07,0.000217926
6.218618e-07,0.000209494
6.219618e-07,0.000201062
6.220618e-07,0.000193927
6.221618e-07,0.000188738
6.222618e-07,0.000185495
6.223618e-07,0.000185495
6.224618e-07,0.000186144
6.225618e-07,0.000187441
6.226618e-07,0.000187441
6.227618e-07,0.000185495
6.228618e-07,0.000180955
6.229618e-07,0.000172523
6.230618e-07,0.000160847
6.231618e-07,0.000147226
6.232618e-07,0.000131011
6.233618e-07,0.000114147
6.234618e-07,9.79313e-05
6.235618e-07,8.36616e-05
6.236618e-07,7.32837e-05
6.237618e-07,6.67975e-05
6.238618e-07,6.48516e-05
6.239618e-07,6.80947e-05
6.240618e-07,7.52296e-05
6.241618e-07,8.56075e-05
6.242618e-07,9.72826e-05
6.243618e-07,0.000108309
6.244618e-07,0.000119336
6.245618e-07,0.000128416
6.246618e-07,0.0001362
6.247618e-07,0.000142686
6.248618e-07,0.000147875
6.249618e-07,0.000151767
6.250618e-07,0.000155658
6.251618e-07,0.000158902
6.252618e-07,0.000163442
6.253618e-07,0.000167334
6.254618e-07,0.000171874
6.255618e-07,0.000175117
6.256618e-07,0.000177063
6.257618e-07,0.000176414
6.258618e-07,0.00017382
6.259618e-07,0.000169279
6.260618e-07,0.000163442
6.261618e-07,0.000155658
6.262618e-07,0.000147226
6.263618e-07,0.000138146
6.264618e-07,0.000129065
6.265618e-07,0.000118687
6.266618e-07,0.000108958
6.267618e-07,9.85799e-05
6.268618e-07,8.88506e-05
6.269618e-07,7.97699e-05
6.270618e-07,7.13378e-05
6.271618e-07,6.48516e-05
6.272618e-07,6.03113e-05
6.273618e-07,5.90141e-05
6.274618e-07,6.22572e-05
6.275618e-07,7.06892e-05
6.276618e-07,8.43102e-05
6.277618e-07,0.000101823
6.278618e-07,0.000123227
6.279618e-07,0.000145281
6.280618e-07,0.000167334
6.281618e-07,0.000186792
6.282618e-07,0.00020171
6.283618e-07,0.000210791
6.284618e-07,0.000214034
6.285618e-07,0.000210791
6.286618e-07,0.000201062
6.287618e-07,0.000186144
6.288618e-07,0.000167982
6.289618e-07,0.000148524
6.290618e-07,0.000128416
6.291618e-07,0.000108958
6.292618e-07,9.01478e-05
6.293618e-07,7.26351e-05
6.294618e-07,5.64196e-05
6.295618e-07,4.27986e-05
6.296618e-07,3.11234e-05
6.297618e-07,2.20427e-05
6.298618e-07,1.62051e-05
6.299618e-07,1.55565e-05
6.300618e-07,2.07455e-05
6.301618e-07,3.24206e-05
6.302618e-07,4.99334e-05
6.303618e-07,7.19865e-05
6.304618e-07,9.92285e-05
6.305618e-07,0.000128416
6.306618e-07,0.00015955
6.307618e-07,0.000189387
6.308618e-07,0.000217277
6.309618e-07,0.000241276
6.310618e-07,0.000260735
6.311618e-07,0.000274356
6.312618e-07,0.000282139
6.313618e-07,0.000285382
6.314618e-07,0.000283437
6.315618e-07,0.000277599
6.316618e-07,0.00026787
6.317618e-07,0.000255546
6.318618e-07,0.000240628
6.319618e-07,0.000224412
6.320618e-07,0.000208845
6.321618e-07,0.000193278
6.322618e-07,0.00017836
6.323618e-07,0.000164739
6.324618e-07,0.000153713
6.325618e-07,0.000146578
6.326618e-07,0.000143335
6.327618e-07,0.000143983
6.328618e-07,0.000148524
6.329618e-07,0.000157604
6.330618e-07,0.000169279
6.331618e-07,0.000184198
6.332618e-07,0.000201062
6.333618e-07,0.000217926
6.334618e-07,0.000235439
6.335618e-07,0.000251654
6.336618e-07,0.000267221
6.337618e-07,0.000282139
6.338618e-07,0.00029576
6.339618e-07,0.000308733
6.340618e-07,0.000321705
6.341618e-07,0.00033338
6.342618e-07,0.000343758
6.343618e-07,0.00035219
6.344618e-07,0.000358028
6.345618e-07,0.000360622
6.346618e-07,0.000359325
6.347618e-07,0.000352839
6.348618e-07,0.00034311
6.349618e-07,0.000330786
6.350618e-07,0.000315868
6.351618e-07,0.000300301
6.352618e-07,0.000285382
6.353618e-07,0.000273059
6.354618e-07,0.000263329
6.355618e-07,0.000256843
6.356618e-07,0.0002536
6.357618e-07,0.000252303
6.358618e-07,0.000252303
6.359618e-07,0.000251654
6.360618e-07,0.000249708
6.361618e-07,0.000245168
6.362618e-07,0.000238033
6.363618e-07,0.000229601
6.364618e-07,0.00022052
6.365618e-07,0.00021144
6.366618e-07,0.000204305
6.367618e-07,0.000199765
6.368618e-07,0.000199116
6.369618e-07,0.00020171
6.370618e-07,0.000207548
6.371618e-07,0.000213386
6.372618e-07,0.000218575
6.373618e-07,0.00022052
6.374618e-07,0.000217277
6.375618e-07,0.000209494
6.376618e-07,0.000195873
6.377618e-07,0.000177712
6.378618e-07,0.000156956
6.379618e-07,0.000134903
6.380618e-07,0.000113498
6.381618e-07,9.40395e-05
6.382618e-07,7.84727e-05
6.383618e-07,6.67975e-05
6.384618e-07,5.90141e-05
6.385618e-07,5.51223e-05
6.386618e-07,5.25279e-05
6.387618e-07,5.0582e-05
6.388618e-07,4.92848e-05
6.389618e-07,4.66903e-05
6.390618e-07,4.40958e-05
6.391618e-07,4.08527e-05
6.392618e-07,3.82582e-05
6.393618e-07,3.76096e-05
6.394618e-07,3.89068e-05
6.395618e-07,4.47444e-05
6.396618e-07,5.44737e-05
6.397618e-07,6.80947e-05
6.398618e-07,8.49589e-05
6.399618e-07,0.000104417
6.400618e-07,0.000124525
6.401618e-07,0.000143983
6.402618e-07,0.000160847
6.403618e-07,0.00017382
6.404618e-07,0.000182252
6.405618e-07,0.000186144
6.406618e-07,0.000186792
6.407618e-07,0.000185495
6.408618e-07,0.000182901
6.409618e-07,0.000180955
6.410618e-07,0.000179657
6.411618e-07,0.000180306
6.412618e-07,0.000182252
6.413618e-07,0.000185495
6.414618e-07,0.000189387
6.415618e-07,0.000191981
6.416618e-07,0.000193278
6.417618e-07,0.000191981
6.418618e-07,0.000187441
6.419618e-07,0.000179657
6.420618e-07,0.000169279
6.421618e-07,0.000157604
6.422618e-07,0.000145281
6.423618e-07,0.000133605
6.424618e-07,0.000124525
6.425618e-07,0.000118687
6.426618e-07,0.000116093
6.427618e-07,0.00011739
6.428618e-07,0.000121282
6.429618e-07,0.000127119
6.430618e-07,0.000133605
6.431618e-07,0.00014074
6.432618e-07,0.000147226
6.433618e-07,0.000151767
6.434618e-07,0.000153064
6.435618e-07,0.000151767
6.436618e-07,0.000147875
6.437618e-07,0.00014074
6.438618e-07,0.00013166
6.439618e-07,0.000121282
6.440618e-07,0.000110904
6.441618e-07,9.98771e-05
6.442618e-07,8.94992e-05
6.443618e-07,8.17158e-05
6.444618e-07,7.65268e-05
6.445618e-07,7.58782e-05
6.446618e-07,7.91213e-05
6.447618e-07,8.69047e-05
6.448618e-07,0.000100526
6.449618e-07,0.00011739
6.450618e-07,0.0001362
6.451618e-07,0.000155658
6.452618e-07,0.000173171
6.453618e-07,0.000188089
6.454618e-07,0.00019717
6.455618e-07,0.00020171
6.456618e-07,0.000201062
6.457618e-07,0.000195873
6.458618e-07,0.000187441
6.459618e-07,0.000177712
6.460618e-07,0.000168631
6.461618e-07,0.000161496
6.462618e-07,0.000157604
6.463618e-07,0.000158253
6.464618e-07,0.000163442
6.465618e-07,0.000171225
6.466618e-07,0.000180955
6.467618e-07,0.000191981
6.468618e-07,0.000203656
6.469618e-07,0.000213386
6.470618e-07,0.000221818
6.471618e-07,0.000227655
6.472618e-07,0.00023025
6.473618e-07,0.00023025
6.474618e-07,0.000225709
6.475618e-07,0.000217277
6.476618e-07,0.000204305
6.477618e-07,0.000187441
6.478618e-07,0.000166036
6.479618e-07,0.00014074
6.480618e-07,0.000112201
6.481618e-07,8.10671e-05
6.482618e-07,4.92848e-05
6.483618e-07,1.68537e-05
6.484618e-07,-1.23342e-05
6.485618e-07,-3.76303e-05
6.486618e-07,-5.64403e-05
6.487618e-07,-6.87641e-05
6.488618e-07,-7.39531e-05
6.489618e-07,-7.20072e-05
6.490618e-07,-6.42238e-05
6.491618e-07,-5.31972e-05
6.492618e-07,-3.95762e-05
6.493618e-07,-2.7901e-05
6.494618e-07,-1.81717e-05
6.495618e-07,-1.23342e-05
6.496618e-07,-9.73968e-06
6.497618e-07,-1.03883e-05
6.498618e-07,-1.23342e-05
6.499618e-07,-1.23342e-05
6.500618e-07,-8.44244e-06
6.501618e-07,1.28686e-06
6.502618e-07,1.75024e-05
6.503618e-07,4.15013e-05
6.504618e-07,7.26351e-05
6.505618e-07,0.000108958
6.506618e-07,0.000147875
6.507618e-07,0.000185495
6.508618e-07,0.000219872
6.509618e-07,0.000248411
6.510618e-07,0.000269167
6.511618e-07,0.000282788
6.512618e-07,0.000287977
6.513618e-07,0.000287328
6.514618e-07,0.000281491
6.515618e-07,0.000273059
6.516618e-07,0.000262681
6.517618e-07,0.000251654
6.518618e-07,0.00023933
6.519618e-07,0.000227655
6.520618e-07,0.000214683
6.521618e-07,0.000200413
6.522618e-07,0.000184198
6.523618e-07,0.000165388
6.524618e-07,0.000145281
6.525618e-07,0.000123227
6.526618e-07,0.000100526
6.527618e-07,7.91213e-05
6.528618e-07,5.96627e-05
6.529618e-07,4.34472e-05
6.530618e-07,3.04748e-05
6.531618e-07,2.07455e-05
6.532618e-07,1.2962e-05
6.533618e-07,6.47582e-06
6.534618e-07,-6.58998e-07
6.535618e-07,-8.44244e-06
6.536618e-07,-1.68745e-05
6.537618e-07,-2.66038e-05
6.538618e-07,-3.56845e-05
6.539618e-07,-4.41165e-05
6.540618e-07,-4.86569e-05
6.541618e-07,-4.99541e-05
6.542618e-07,-4.60624e-05
6.543618e-07,-3.63331e-05
6.544618e-07,-2.14148e-05
6.545618e-07,-1.30762e-06
6.546618e-07,2.20427e-05
6.547618e-07,4.79875e-05
6.548618e-07,7.45809e-05
6.549618e-07,9.98771e-05
6.550618e-07,0.000123227
6.551618e-07,0.000143983
6.552618e-07,0.000161496
6.553618e-07,0.000175117
6.554618e-07,0.000184846
6.555618e-07,0.000191981
6.556618e-07,0.000195224
6.557618e-07,0.000195224
6.558618e-07,0.000191333
6.559618e-07,0.000184198
6.560618e-07,0.000174468
6.561618e-07,0.000161496
6.562618e-07,0.000147226
6.563618e-07,0.00013166
6.564618e-07,0.000116741
6.565618e-07,0.000101823
6.566618e-07,8.88506e-05
6.567618e-07,7.84727e-05
6.568618e-07,7.13378e-05
6.569618e-07,6.74461e-05
6.570618e-07,6.67975e-05
6.571618e-07,6.80947e-05
6.572618e-07,7.13378e-05
6.573618e-07,7.45809e-05
6.574618e-07,7.84727e-05
6.575618e-07,8.23644e-05
6.576618e-07,8.56075e-05
6.577618e-07,8.75533e-05
6.578618e-07,8.94992e-05
6.579618e-07,9.07964e-05
6.580618e-07,9.27423e-05
6.581618e-07,9.59854e-05
6.582618e-07,0.000100526
6.583618e-07,0.000107012
6.584618e-07,0.000115444
6.585618e-07,0.000123876
6.586618e-07,0.00013166
6.587618e-07,0.000139443
6.588618e-07,0.000146578
6.589618e-07,0.000151767
6.590618e-07,0.000153713
6.591618e-07,0.000153713
6.592618e-07,0.000151118
6.593618e-07,0.000145929
6.594618e-07,0.000139443
6.595618e-07,0.00013166
6.596618e-07,0.00012193
6.597618e-07,0.000110904
6.598618e-07,9.85799e-05
6.599618e-07,8.43102e-05
6.600618e-07,6.87434e-05
6.601618e-07,5.18792e-05
6.602618e-07,3.37179e-05
6.603618e-07,1.49079e-05
6.604618e-07,-3.25348e-06
6.605618e-07,-2.01176e-05
6.606618e-07,-3.37386e-05
6.607618e-07,-4.15221e-05
6.608618e-07,-4.47652e-05
6.609618e-07,-4.28193e-05
6.610618e-07,-3.56845e-05
6.611618e-07,-2.40093e-05
6.612618e-07,-7.1452e-06
6.613618e-07,1.2962e-05
6.614618e-07,3.50151e-05
6.615618e-07,5.90141e-05
6.616618e-07,8.36616e-05
6.617618e-07,0.000107012
6.618618e-07,0.000129714
6.619618e-07,0.000151118
6.620618e-07,0.000171225
6.621618e-07,0.000188089
6.622618e-07,0.00020171
6.623618e-07,0.00021144
6.624618e-07,0.000216629
6.625618e-07,0.000217277
6.626618e-07,0.000213386
6.627618e-07,0.000204954
6.628618e-07,0.00019263
6.629618e-07,0.000179009
6.630618e-07,0.000164091
6.631618e-07,0.000151767
6.632618e-07,0.000143335
6.633618e-07,0.000138794
6.634618e-07,0.000140092
6.635618e-07,0.000146578
6.636618e-07,0.000158902
6.637618e-07,0.000175766
6.638618e-07,0.000195224
6.639618e-07,0.000216629
6.640618e-07,0.000238033
6.641618e-07,0.00025814
6.642618e-07,0.000275005
6.643618e-07,0.000289274
6.644618e-07,0.000299652
6.645618e-07,0.000306138
6.646618e-07,0.000309381
6.647618e-07,0.000308084
6.648618e-07,0.000303544
6.649618e-07,0.000295112
6.650618e-07,0.000284085
6.651618e-07,0.000269816
6.652618e-07,0.0002536
6.653618e-07,0.000235439
6.654618e-07,0.00021598
6.655618e-07,0.000196522
6.656618e-07,0.00017836
6.657618e-07,0.000162145
6.658618e-07,0.000147875
6.659618e-07,0.000136848
6.660618e-07,0.000128416
6.661618e-07,0.000123227
6.662618e-07,0.000119984
6.663618e-07,0.000119336
6.664618e-07,0.000118687
6.665618e-07,0.000118038
6.666618e-07,0.00011739
6.667618e-07,0.000116093
6.668618e-07,0.000114147
6.669618e-07,0.000110904
6.670618e-07,0.000107661
6.671618e-07,0.000105066
6.672618e-07,0.000103769
6.673618e-07,0.000102472
6.674618e-07,0.000102472
6.675618e-07,0.000103769
6.676618e-07,0.000105066
6.677618e-07,0.000107012
6.678618e-07,0.000108958
6.679618e-07,0.000111552
6.680618e-07,0.000114147
6.681618e-07,0.000118038
6.682618e-07,0.000123876
6.683618e-07,0.000132308
6.684618e-07,0.000143335
6.685618e-07,0.000157604
6.686618e-07,0.000175117
6.687618e-07,0.000194576
6.688618e-07,0.000214683
6.689618e-07,0.000234141
6.690618e-07,0.000252303
6.691618e-07,0.000266573
6.692618e-07,0.000276302
6.693618e-07,0.000280194
6.694618e-07,0.000278248
6.695618e-07,0.000270464
6.696618e-07,0.000256843
6.697618e-07,0.00023933
6.698618e-07,0.000217277
6.699618e-07,0.000193278
6.700618e-07,0.000167334
6.701618e-07,0.000139443
6.702618e-07,0.000111552
6.703618e-07,8.36616e-05
6.704618e-07,5.70682e-05
6.705618e-07,3.1772e-05
6.706618e-07,8.42168e-06
6.707618e-07,-1.23342e-05
6.708618e-07,-2.98469e-05
6.709618e-07,-4.34679e-05
6.710618e-07,-5.12514e-05
6.711618e-07,-5.38459e-05
6.712618e-07,-5.12514e-05
6.713618e-07,-4.34679e-05
6.714618e-07,-3.24414e-05
6.715618e-07,-1.75231e-05
6.716618e-07,-1.03779e-08
6.717618e-07,1.75024e-05
6.718618e-07,3.30692e-05
6.719618e-07,4.66903e-05
6.720618e-07,5.64196e-05
6.721618e-07,6.16085e-05
6.722618e-07,6.16085e-05
6.723618e-07,5.64196e-05
6.724618e-07,4.73389e-05
6.725618e-07,3.43665e-05
6.726618e-07,2.00968e-05
6.727618e-07,5.8272e-06
6.728618e-07,-6.49658e-06
6.729618e-07,-1.428e-05
6.730618e-07,-1.81717e-05
6.731618e-07,-1.75231e-05
6.732618e-07,-1.10369e-05
6.733618e-07,6.38242e-07
6.734618e-07,1.55565e-05
6.735618e-07,3.30692e-05
6.736618e-07,5.0582e-05
6.737618e-07,6.55003e-05
6.738618e-07,7.7824e-05
6.739618e-07,8.49589e-05
6.740618e-07,8.75533e-05
6.741618e-07,8.49589e-05
6.742618e-07,7.7824e-05
6.743618e-07,6.74461e-05
6.744618e-07,5.51223e-05
6.745618e-07,4.27986e-05
6.746618e-07,3.1772e-05
6.747618e-07,2.33399e-05
6.748618e-07,1.8151e-05
6.749618e-07,1.55565e-05
6.750618e-07,1.62051e-05
6.751618e-07,1.94482e-05
6.752618e-07,2.52858e-05
6.753618e-07,3.37179e-05
6.754618e-07,4.40958e-05
6.755618e-07,5.70682e-05
6.756618e-07,7.13378e-05
6.757618e-07,8.8202e-05
6.758618e-07,0.000107012
6.759618e-07,0.000127119
6.760618e-07,0.000149172
6.761618e-07,0.000170577
6.762618e-07,0.000191981
6.763618e-07,0.000212088
6.764618e-07,0.000228953
6.765618e-07,0.000241276
6.766618e-07,0.000249708
6.767618e-07,0.000252951
6.768618e-07,0.000251006
6.769618e-07,0.000243222
6.770618e-07,0.000230898
6.771618e-07,0.000214683
6.772618e-07,0.000195224
6.773618e-07,0.00017382
6.774618e-07,0.000151118
6.775618e-07,0.000129065
6.776618e-07,0.000108958
6.777618e-07,9.14451e-05
6.778618e-07,7.71754e-05
6.779618e-07,6.74461e-05
6.780618e-07,6.16085e-05
6.781618e-07,5.96627e-05
6.782618e-07,6.16085e-05
6.783618e-07,6.61489e-05
6.784618e-07,7.39323e-05
6.785618e-07,8.43102e-05
6.786618e-07,9.6634e-05
6.787618e-07,0.000110904
6.788618e-07,0.000126471
6.789618e-07,0.000141389
6.790618e-07,0.000155658
6.791618e-07,0.000168631
6.792618e-07,0.00017836
6.793618e-07,0.000184846
6.794618e-07,0.000187441
6.795618e-07,0.000185495
6.796618e-07,0.00017836
6.797618e-07,0.000166036
6.798618e-07,0.000149821
6.799618e-07,0.000131011
6.800618e-07,0.000110255
6.801618e-07,8.88506e-05
6.802618e-07,6.74461e-05
6.803618e-07,4.86361e-05
6.804618e-07,3.30692e-05
6.805618e-07,2.13941e-05
6.806618e-07,1.49079e-05
6.807618e-07,1.36106e-05
6.808618e-07,1.68537e-05
6.809618e-07,2.39886e-05
6.810618e-07,3.50151e-05
6.811618e-07,4.86361e-05
6.812618e-07,6.4203e-05
6.813618e-07,7.84727e-05
6.814618e-07,9.01478e-05
6.815618e-07,9.79313e-05
6.816618e-07,0.000101174
6.817618e-07,9.79313e-05
6.818618e-07,8.94992e-05
6.819618e-07,7.65268e-05
6.820618e-07,5.96627e-05
6.821618e-07,3.95555e-05
6.822618e-07,1.87996e-05
6.823618e-07,6.38242e-07
6.824618e-07,-1.428e-05
6.825618e-07,-2.27121e-05
6.826618e-07,-2.53066e-05
6.827618e-07,-2.01176e-05
6.828618e-07,-7.79382e-06
