LECROYWaveRunner‘N,20113,Waveform
Segments,1,SegmentSize,2002
Segment,TrigTime,TimeSinceSegment1
#1,28-Sep-2018 13:21:16,0                 
Time,Ampl
-1.228237e-07,-0.000144004
-1.227237e-07,-0.000144004
-1.226237e-07,-0.000139464
-1.225237e-07,-0.000130383
-1.224237e-07,-0.000117411
-1.223237e-07,-0.000100547
-1.222237e-07,-8.23851e-05
-1.221237e-07,-6.42238e-05
-1.220237e-07,-4.73596e-05
-1.219237e-07,-3.43872e-05
-1.218237e-07,-2.46579e-05
-1.217237e-07,-1.88204e-05
-1.216237e-07,-1.55773e-05
-1.215237e-07,-1.36314e-05
-1.214237e-07,-1.23342e-05
-1.213237e-07,-1.03883e-05
-1.212237e-07,-7.1452e-06
-1.211237e-07,-2.60486e-06
-1.210237e-07,2.5841e-06
-1.209237e-07,9.0703e-06
-1.208237e-07,1.49079e-05
-1.207237e-07,1.87996e-05
-1.206237e-07,2.13941e-05
-1.205237e-07,2.13941e-05
-1.204237e-07,2.07455e-05
-1.203237e-07,1.94482e-05
-1.202237e-07,1.94482e-05
-1.201237e-07,2.20427e-05
-1.200237e-07,2.59344e-05
-1.199237e-07,3.24206e-05
-1.198237e-07,3.95555e-05
-1.197237e-07,4.79875e-05
-1.196237e-07,5.51223e-05
-1.195237e-07,5.90141e-05
-1.194237e-07,5.90141e-05
-1.193237e-07,5.38251e-05
-1.192237e-07,4.47444e-05
-1.191237e-07,3.1772e-05
-1.190237e-07,1.75024e-05
-1.189237e-07,3.88134e-06
-1.188237e-07,-7.79382e-06
-1.187237e-07,-1.49286e-05
-1.186237e-07,-1.68745e-05
-1.185237e-07,-1.36314e-05
-1.184237e-07,-7.1452e-06
-1.183237e-07,6.38242e-07
-1.182237e-07,7.77306e-06
-1.181237e-07,1.03675e-05
-1.180237e-07,9.0703e-06
-1.179237e-07,1.93548e-06
-1.178237e-07,-1.03883e-05
-1.177237e-07,-2.59552e-05
-1.176237e-07,-4.34679e-05
-1.175237e-07,-5.96834e-05
-1.174237e-07,-7.26558e-05
-1.173237e-07,-7.97907e-05
-1.172237e-07,-8.04393e-05
-1.171237e-07,-7.52503e-05
-1.170237e-07,-6.5521e-05
-1.169237e-07,-5.51431e-05
-1.168237e-07,-4.60624e-05
-1.167237e-07,-4.15221e-05
-1.166237e-07,-4.41165e-05
-1.165237e-07,-5.51431e-05
-1.164237e-07,-7.46017e-05
-1.163237e-07,-9.92493e-05
-1.162237e-07,-0.000127789
-1.161237e-07,-0.000156328
-1.160237e-07,-0.000180327
-1.159237e-07,-0.00019784
-1.158237e-07,-0.000205623
-1.157237e-07,-0.000203028
-1.156237e-07,-0.000188759
-1.155237e-07,-0.000166057
-1.154237e-07,-0.000136221
-1.153237e-07,-0.000103141
-1.152237e-07,-6.94127e-05
-1.151237e-07,-3.69817e-05
-1.150237e-07,-1.03883e-05
-1.149237e-07,1.16648e-05
-1.148237e-07,2.78803e-05
-1.147237e-07,3.89068e-05
-1.146237e-07,4.5393e-05
-1.145237e-07,4.86361e-05
-1.144237e-07,4.99334e-05
-1.143237e-07,4.92848e-05
-1.142237e-07,4.66903e-05
-1.141237e-07,4.21499e-05
-1.140237e-07,3.56637e-05
-1.139237e-07,2.6583e-05
-1.138237e-07,1.55565e-05
-1.137237e-07,3.23272e-06
-1.136237e-07,-9.73968e-06
-1.135237e-07,-2.14148e-05
-1.134237e-07,-2.98469e-05
-1.133237e-07,-3.309e-05
-1.132237e-07,-3.11441e-05
-1.131237e-07,-2.40093e-05
-1.130237e-07,-1.428e-05
-1.129237e-07,-3.25348e-06
-1.128237e-07,8.42168e-06
-1.127237e-07,1.68537e-05
-1.126237e-07,2.00968e-05
-1.125237e-07,1.62051e-05
-1.124237e-07,6.47582e-06
-1.123237e-07,-7.79382e-06
-1.122237e-07,-2.46579e-05
-1.121237e-07,-4.15221e-05
-1.120237e-07,-5.64403e-05
-1.119237e-07,-6.61696e-05
-1.118237e-07,-7.00614e-05
-1.117237e-07,-6.81155e-05
-1.116237e-07,-5.96834e-05
-1.115237e-07,-4.80083e-05
-1.114237e-07,-3.50359e-05
-1.113237e-07,-2.40093e-05
-1.112237e-07,-1.62259e-05
-1.111237e-07,-1.36314e-05
-1.110237e-07,-1.68745e-05
-1.109237e-07,-2.40093e-05
-1.108237e-07,-3.309e-05
-1.107237e-07,-4.21707e-05
-1.106237e-07,-4.93055e-05
-1.105237e-07,-5.25486e-05
-1.104237e-07,-5.06027e-05
-1.103237e-07,-4.34679e-05
-1.102237e-07,-3.37386e-05
-1.101237e-07,-2.20635e-05
-1.100237e-07,-1.16855e-05
-1.099237e-07,-4.55072e-06
-1.098237e-07,-1.95624e-06
-1.097237e-07,-4.55072e-06
-1.096237e-07,-1.29828e-05
-1.095237e-07,-2.53066e-05
-1.094237e-07,-3.89276e-05
-1.093237e-07,-5.19e-05
-1.092237e-07,-6.09807e-05
-1.091237e-07,-6.5521e-05
-1.090237e-07,-6.42238e-05
-1.089237e-07,-5.77376e-05
-1.088237e-07,-4.54138e-05
-1.087237e-07,-3.04955e-05
-1.086237e-07,-1.36314e-05
-1.085237e-07,3.23272e-06
-1.084237e-07,1.94482e-05
-1.083237e-07,3.24206e-05
-1.082237e-07,4.34472e-05
-1.081237e-07,5.12306e-05
-1.080237e-07,5.77168e-05
-1.079237e-07,6.35544e-05
-1.078237e-07,6.87434e-05
-1.077237e-07,7.45809e-05
-1.076237e-07,8.10671e-05
-1.075237e-07,8.69047e-05
-1.074237e-07,9.07964e-05
-1.073237e-07,9.33909e-05
-1.072237e-07,9.20937e-05
-1.071237e-07,8.75533e-05
-1.070237e-07,7.91213e-05
-1.069237e-07,6.67975e-05
-1.068237e-07,5.25279e-05
-1.067237e-07,3.76096e-05
-1.066237e-07,2.33399e-05
-1.065237e-07,9.71892e-06
-1.064237e-07,-1.30762e-06
-1.063237e-07,-9.09106e-06
-1.062237e-07,-1.55773e-05
-1.061237e-07,-1.88204e-05
-1.060237e-07,-2.14148e-05
-1.059237e-07,-2.40093e-05
-1.058237e-07,-2.72524e-05
-1.057237e-07,-3.17928e-05
-1.056237e-07,-3.56845e-05
-1.055237e-07,-3.89276e-05
-1.054237e-07,-4.08734e-05
-1.053237e-07,-4.02248e-05
-1.052237e-07,-3.76303e-05
-1.051237e-07,-3.17928e-05
-1.050237e-07,-2.46579e-05
-1.049237e-07,-1.68745e-05
-1.048237e-07,-9.73968e-06
-1.047237e-07,-5.19934e-06
-1.046237e-07,-4.55072e-06
-1.045237e-07,-9.09106e-06
-1.044237e-07,-1.75231e-05
-1.043237e-07,-2.91983e-05
-1.042237e-07,-4.21707e-05
-1.041237e-07,-5.31972e-05
-1.040237e-07,-6.03321e-05
-1.039237e-07,-6.09807e-05
-1.038237e-07,-5.44945e-05
-1.037237e-07,-4.08734e-05
-1.036237e-07,-2.01176e-05
-1.035237e-07,5.17858e-06
-1.034237e-07,3.1772e-05
-1.033237e-07,5.70682e-05
-1.032237e-07,7.91213e-05
-1.031237e-07,9.6634e-05
-1.030237e-07,0.000107661
-1.029237e-07,0.00011285
-1.028237e-07,0.00011285
-1.027237e-07,0.000110255
-1.026237e-07,0.000105715
-1.025237e-07,0.000101823
-1.024237e-07,9.85799e-05
-1.023237e-07,9.59854e-05
-1.022237e-07,9.33909e-05
-1.021237e-07,8.94992e-05
-1.020237e-07,8.43102e-05
-1.019237e-07,7.58782e-05
-1.018237e-07,6.4203e-05
-1.017237e-07,4.92848e-05
-1.016237e-07,3.24206e-05
-1.015237e-07,1.49079e-05
-1.014237e-07,-1.30762e-06
-1.013237e-07,-1.49286e-05
-1.012237e-07,-2.33607e-05
-1.011237e-07,-2.53066e-05
-1.010237e-07,-2.14148e-05
-1.009237e-07,-1.23342e-05
-1.008237e-07,1.28686e-06
-1.007237e-07,1.68537e-05
-1.006237e-07,3.1772e-05
-1.005237e-07,4.47444e-05
-1.004237e-07,5.38251e-05
-1.003237e-07,5.77168e-05
-1.002237e-07,5.70682e-05
-1.001237e-07,5.25279e-05
-1.000237e-07,4.60417e-05
-9.992373e-08,3.89068e-05
-9.982373e-08,3.1772e-05
-9.972373e-08,2.52858e-05
-9.962373e-08,2.07455e-05
-9.952373e-08,1.75024e-05
-9.942373e-08,1.42593e-05
-9.932373e-08,1.16648e-05
-9.922373e-08,6.47582e-06
-9.912373e-08,-1.30762e-06
-9.902373e-08,-1.23342e-05
-9.892373e-08,-2.66038e-05
-9.882373e-08,-4.15221e-05
-9.872373e-08,-5.57917e-05
-9.862373e-08,-6.87641e-05
-9.852373e-08,-7.78448e-05
-9.842373e-08,-8.23851e-05
-9.832373e-08,-8.17365e-05
-9.822373e-08,-7.65476e-05
-9.812373e-08,-6.74669e-05
-9.802373e-08,-5.7089e-05
-9.792373e-08,-4.80083e-05
-9.782373e-08,-4.02248e-05
-9.772373e-08,-3.63331e-05
-9.762373e-08,-3.50359e-05
-9.752373e-08,-3.63331e-05
-9.742373e-08,-3.89276e-05
-9.732373e-08,-4.02248e-05
-9.722373e-08,-3.89276e-05
-9.712373e-08,-3.37386e-05
-9.702373e-08,-2.40093e-05
-9.692373e-08,-8.44244e-06
-9.682373e-08,1.03675e-05
-9.672373e-08,3.04748e-05
-9.662373e-08,4.99334e-05
-9.652373e-08,6.61489e-05
-9.642373e-08,7.91213e-05
-9.632373e-08,8.8202e-05
-9.622373e-08,9.33909e-05
-9.612373e-08,9.53368e-05
-9.602373e-08,9.6634e-05
-9.592373e-08,9.79313e-05
-9.582373e-08,0.000100526
-9.572373e-08,0.000105715
-9.562373e-08,0.00011285
-9.552373e-08,0.000120633
-9.542373e-08,0.000126471
-9.532373e-08,0.000129714
-9.522373e-08,0.000127768
-9.512373e-08,0.000119336
-9.502373e-08,0.000103769
-9.492373e-08,8.23644e-05
-9.482373e-08,5.70682e-05
-9.472373e-08,2.91775e-05
-9.462373e-08,1.93548e-06
-9.452373e-08,-2.40093e-05
-9.442373e-08,-4.54138e-05
-9.432373e-08,-6.16293e-05
-9.422373e-08,-7.26558e-05
-9.412373e-08,-7.9142e-05
-9.402373e-08,-8.23851e-05
-9.392373e-08,-8.23851e-05
-9.382373e-08,-8.04393e-05
-9.372373e-08,-7.71962e-05
-9.362373e-08,-7.26558e-05
-9.352373e-08,-6.61696e-05
-9.342373e-08,-5.77376e-05
-9.332373e-08,-4.6711e-05
-9.322373e-08,-3.24414e-05
-9.312373e-08,-1.49286e-05
-9.302373e-08,4.52996e-06
-9.292373e-08,2.52858e-05
-9.282373e-08,4.60417e-05
-9.272373e-08,6.4203e-05
-9.262373e-08,7.91213e-05
-9.252373e-08,8.94992e-05
-9.242373e-08,9.46882e-05
-9.232373e-08,9.40395e-05
-9.222373e-08,8.88506e-05
-9.212373e-08,7.97699e-05
-9.202373e-08,6.9392e-05
-9.192373e-08,5.70682e-05
-9.182373e-08,4.47444e-05
-9.172373e-08,3.24206e-05
-9.162373e-08,2.13941e-05
-9.152373e-08,9.71892e-06
-9.142373e-08,-3.25348e-06
-9.132373e-08,-1.81717e-05
-9.122373e-08,-3.56845e-05
-9.112373e-08,-5.64403e-05
-9.102373e-08,-8.17365e-05
-9.092373e-08,-0.000108979
-9.082373e-08,-0.000136869
-9.072373e-08,-0.000163463
-9.062373e-08,-0.000186813
-9.052373e-08,-0.000204974
-9.042373e-08,-0.000215352
-9.032373e-08,-0.000217947
-9.022373e-08,-0.000212758
-9.012373e-08,-0.000199785
-9.002373e-08,-0.000180975
-8.992373e-08,-0.000159571
-8.982373e-08,-0.000138815
-8.972373e-08,-0.000119356
-8.962373e-08,-0.00010379
-8.952373e-08,-9.21144e-05
-8.942373e-08,-8.69255e-05
-8.932373e-08,-8.49796e-05
-8.922373e-08,-8.56282e-05
-8.912373e-08,-8.62769e-05
-8.902373e-08,-8.75741e-05
-8.892373e-08,-8.62769e-05
-8.882373e-08,-8.36824e-05
-8.872373e-08,-7.9142e-05
-8.862373e-08,-7.39531e-05
-8.852373e-08,-6.94127e-05
-8.842373e-08,-6.48724e-05
-8.832373e-08,-6.22779e-05
-8.822373e-08,-6.16293e-05
-8.812373e-08,-6.16293e-05
-8.802373e-08,-6.29265e-05
-8.792373e-08,-6.35752e-05
-8.782373e-08,-6.35752e-05
-8.772373e-08,-6.22779e-05
-8.762373e-08,-5.90348e-05
-8.752373e-08,-5.44945e-05
-8.742373e-08,-5.12514e-05
-8.732373e-08,-4.80083e-05
-8.722373e-08,-4.73596e-05
-8.712373e-08,-4.99541e-05
-8.702373e-08,-5.57917e-05
-8.692373e-08,-6.42238e-05
-8.682373e-08,-7.46017e-05
-8.672373e-08,-8.62769e-05
-8.662373e-08,-9.66548e-05
-8.652373e-08,-0.000105735
-8.642373e-08,-0.000110276
-8.632373e-08,-0.000110276
-8.622373e-08,-0.000105735
-8.612373e-08,-9.73034e-05
-8.602373e-08,-8.62769e-05
-8.592373e-08,-7.33045e-05
-8.582373e-08,-6.16293e-05
-8.572373e-08,-5.19e-05
-8.562373e-08,-4.47652e-05
-8.552373e-08,-4.15221e-05
-8.542373e-08,-4.08734e-05
-8.532373e-08,-4.34679e-05
-8.522373e-08,-4.80083e-05
-8.512373e-08,-5.38459e-05
-8.502373e-08,-5.90348e-05
-8.492373e-08,-6.35752e-05
-8.482373e-08,-6.74669e-05
-8.472373e-08,-7.071e-05
-8.462373e-08,-7.46017e-05
-8.452373e-08,-7.9142e-05
-8.442373e-08,-8.56282e-05
-8.432373e-08,-9.40603e-05
-8.422373e-08,-0.000105087
-8.412373e-08,-0.000118059
-8.402373e-08,-0.000131032
-8.392373e-08,-0.000142058
-8.382373e-08,-0.000149193
-8.372373e-08,-0.000151787
-8.362373e-08,-0.000147896
-8.352373e-08,-0.000138166
-8.342373e-08,-0.0001226
-8.332373e-08,-0.000101195
-8.322373e-08,-7.58989e-05
-8.312373e-08,-4.93055e-05
-8.302373e-08,-2.33607e-05
-8.292373e-08,-1.30762e-06
-8.282373e-08,1.49079e-05
-8.272373e-08,2.39886e-05
-8.262373e-08,2.6583e-05
-8.252373e-08,2.20427e-05
-8.242373e-08,1.10162e-05
-8.232373e-08,-4.55072e-06
-8.222373e-08,-2.46579e-05
-8.212373e-08,-4.6711e-05
-8.202373e-08,-7.00614e-05
-8.192373e-08,-9.40603e-05
-8.182373e-08,-0.000118708
-8.172373e-08,-0.000142707
-8.162373e-08,-0.000165409
-8.152373e-08,-0.000186813
-8.142373e-08,-0.000205623
-8.132373e-08,-0.000219893
-8.122373e-08,-0.000228325
-8.112373e-08,-0.000230919
-8.102373e-08,-0.000227676
-8.092373e-08,-0.000218595
-8.082373e-08,-0.00020238
-8.072373e-08,-0.000180327
-8.062373e-08,-0.000154382
-8.052373e-08,-0.000124545
-8.042373e-08,-9.21144e-05
-8.032373e-08,-5.96834e-05
-8.022373e-08,-2.66038e-05
-8.012373e-08,6.47582e-06
-8.002373e-08,3.82582e-05
-7.992373e-08,6.80947e-05
-7.982373e-08,9.59854e-05
-7.972373e-08,0.000121282
-7.962373e-08,0.000143335
-7.952373e-08,0.000160847
-7.942373e-08,0.000172523
-7.932373e-08,0.000177712
-7.922373e-08,0.000176414
-7.912373e-08,0.000168631
-7.902373e-08,0.000154361
-7.892373e-08,0.000134254
-7.882373e-08,0.000110255
-7.872373e-08,8.36616e-05
-7.862373e-08,5.70682e-05
-7.852373e-08,3.11234e-05
-7.842373e-08,7.77306e-06
-7.832373e-08,-1.10369e-05
-7.822373e-08,-2.53066e-05
-7.812373e-08,-3.43872e-05
-7.802373e-08,-3.89276e-05
-7.792373e-08,-4.02248e-05
-7.782373e-08,-3.89276e-05
-7.772373e-08,-3.63331e-05
-7.762373e-08,-3.37386e-05
-7.752373e-08,-3.17928e-05
-7.742373e-08,-3.04955e-05
-7.732373e-08,-3.04955e-05
-7.722373e-08,-3.11441e-05
-7.712373e-08,-3.24414e-05
-7.702373e-08,-3.24414e-05
-7.692373e-08,-3.17928e-05
-7.682373e-08,-2.85497e-05
-7.672373e-08,-2.33607e-05
-7.662373e-08,-1.55773e-05
-7.652373e-08,-7.1452e-06
-7.642373e-08,2.5841e-06
-7.632373e-08,1.23134e-05
-7.622373e-08,1.94482e-05
-7.612373e-08,2.39886e-05
-7.602373e-08,2.46372e-05
-7.592373e-08,2.20427e-05
-7.582373e-08,1.62051e-05
-7.572373e-08,8.42168e-06
-7.562373e-08,-6.58998e-07
-7.552373e-08,-9.73968e-06
-7.542373e-08,-1.75231e-05
-7.532373e-08,-2.40093e-05
-7.522373e-08,-2.85497e-05
-7.512373e-08,-3.11441e-05
-7.502373e-08,-3.37386e-05
-7.492373e-08,-3.56845e-05
-7.482373e-08,-3.76303e-05
-7.472373e-08,-4.15221e-05
-7.462373e-08,-4.60624e-05
-7.452373e-08,-5.19e-05
-7.442373e-08,-5.7089e-05
-7.432373e-08,-6.09807e-05
-7.422373e-08,-6.29265e-05
-7.412373e-08,-6.16293e-05
-7.402373e-08,-5.7089e-05
-7.392373e-08,-4.86569e-05
-7.382373e-08,-3.89276e-05
-7.372373e-08,-2.72524e-05
-7.362373e-08,-1.49286e-05
-7.352373e-08,-3.25348e-06
-7.342373e-08,7.12444e-06
-7.332373e-08,1.62051e-05
-7.322373e-08,2.33399e-05
-7.312373e-08,2.91775e-05
-7.302373e-08,3.37179e-05
-7.292373e-08,3.76096e-05
-7.282373e-08,4.02041e-05
-7.272373e-08,4.21499e-05
-7.262373e-08,4.27986e-05
-7.252373e-08,4.21499e-05
-7.242373e-08,3.95555e-05
-7.232373e-08,3.50151e-05
-7.222373e-08,2.85289e-05
-7.212373e-08,2.07455e-05
-7.202373e-08,1.36106e-05
-7.192373e-08,7.12444e-06
-7.182373e-08,4.52996e-06
-7.172373e-08,5.17858e-06
-7.162373e-08,1.16648e-05
-7.152373e-08,2.26913e-05
-7.142373e-08,3.76096e-05
-7.132373e-08,5.44737e-05
-7.122373e-08,7.32837e-05
-7.112373e-08,9.07964e-05
-7.102373e-08,0.000104417
-7.092373e-08,0.00011285
-7.082373e-08,0.000115444
-7.072373e-08,0.000112201
-7.062373e-08,0.000103769
-7.052373e-08,9.14451e-05
-7.042373e-08,7.58782e-05
-7.032373e-08,5.90141e-05
-7.022373e-08,4.27986e-05
-7.012373e-08,2.98261e-05
-7.002373e-08,2.00968e-05
-6.992373e-08,1.55565e-05
-6.982373e-08,1.49079e-05
-6.972373e-08,1.8151e-05
-6.962373e-08,2.33399e-05
-6.952373e-08,2.98261e-05
-6.942373e-08,3.56637e-05
-6.932373e-08,4.15013e-05
-6.922373e-08,4.60417e-05
-6.912373e-08,4.99334e-05
-6.902373e-08,5.18792e-05
-6.892373e-08,5.31765e-05
-6.882373e-08,5.51223e-05
-6.872373e-08,5.70682e-05
-6.862373e-08,5.96627e-05
-6.852373e-08,6.35544e-05
-6.842373e-08,6.74461e-05
-6.832373e-08,7.19865e-05
-6.822373e-08,7.58782e-05
-6.812373e-08,7.7824e-05
-6.802373e-08,7.84727e-05
-6.792373e-08,7.65268e-05
-6.782373e-08,7.26351e-05
-6.772373e-08,6.61489e-05
-6.762373e-08,5.90141e-05
-6.752373e-08,5.12306e-05
-6.742373e-08,4.27986e-05
-6.732373e-08,3.50151e-05
-6.722373e-08,2.59344e-05
-6.712373e-08,1.68537e-05
-6.702373e-08,7.12444e-06
-6.692373e-08,-3.9021e-06
-6.682373e-08,-1.49286e-05
-6.672373e-08,-2.66038e-05
-6.662373e-08,-3.8279e-05
-6.652373e-08,-4.86569e-05
-6.642373e-08,-5.64403e-05
-6.632373e-08,-6.16293e-05
-6.622373e-08,-6.29265e-05
-6.612373e-08,-5.90348e-05
-6.602373e-08,-5.12514e-05
-6.592373e-08,-4.02248e-05
-6.582373e-08,-2.7901e-05
-6.572373e-08,-1.49286e-05
-6.562373e-08,-3.9021e-06
-6.552373e-08,4.52996e-06
-6.542373e-08,8.42168e-06
-6.532373e-08,7.77306e-06
-6.522373e-08,3.23272e-06
-6.512373e-08,-3.9021e-06
-6.502373e-08,-1.29828e-05
-6.492373e-08,-2.14148e-05
-6.482373e-08,-2.85497e-05
-6.472373e-08,-3.309e-05
-6.462373e-08,-3.37386e-05
-6.452373e-08,-3.11441e-05
-6.442373e-08,-2.46579e-05
-6.432373e-08,-1.62259e-05
-6.422373e-08,-6.49658e-06
-6.412373e-08,3.88134e-06
-6.402373e-08,1.2962e-05
-6.392373e-08,2.07455e-05
-6.382373e-08,2.59344e-05
-6.372373e-08,2.91775e-05
-6.362373e-08,3.04748e-05
-6.352373e-08,3.11234e-05
-6.342373e-08,3.11234e-05
-6.332373e-08,3.04748e-05
-6.322373e-08,2.91775e-05
-6.312373e-08,2.78803e-05
-6.302373e-08,2.59344e-05
-6.292373e-08,2.33399e-05
-6.282373e-08,1.94482e-05
-6.272373e-08,1.42593e-05
-6.262373e-08,8.42168e-06
-6.252373e-08,1.28686e-06
-6.242373e-08,-4.55072e-06
-6.232373e-08,-8.44244e-06
-6.222373e-08,-9.73968e-06
-6.212373e-08,-7.1452e-06
-6.202373e-08,-1.03779e-08
-6.192373e-08,1.2962e-05
-6.182373e-08,2.91775e-05
-6.172373e-08,4.79875e-05
-6.162373e-08,6.87434e-05
-6.152373e-08,8.8202e-05
-6.142373e-08,0.000104417
-6.132373e-08,0.000116741
-6.122373e-08,0.000123227
-6.112373e-08,0.000124525
-6.102373e-08,0.000121282
-6.092373e-08,0.00011285
-6.082373e-08,0.000100526
-6.072373e-08,8.56075e-05
-6.062373e-08,6.9392e-05
-6.052373e-08,5.18792e-05
-6.042373e-08,3.37179e-05
-6.032373e-08,1.36106e-05
-6.022373e-08,-9.09106e-06
-6.012373e-08,-3.37386e-05
-6.002373e-08,-6.03321e-05
-5.992373e-08,-8.82227e-05
-5.982373e-08,-0.000116762
-5.972373e-08,-0.000144004
-5.962373e-08,-0.000166706
-5.952373e-08,-0.00018357
-5.942373e-08,-0.000193299
-5.932373e-08,-0.000195245
-5.922373e-08,-0.000189407
-5.912373e-08,-0.000176435
-5.902373e-08,-0.000159571
-5.892373e-08,-0.000139464
-5.882373e-08,-0.000118708
-5.872373e-08,-9.92493e-05
-5.862373e-08,-8.30338e-05
-5.852373e-08,-7.00614e-05
-5.842373e-08,-6.09807e-05
-5.832373e-08,-5.38459e-05
-5.822373e-08,-4.80083e-05
-5.812373e-08,-4.21707e-05
-5.802373e-08,-3.37386e-05
-5.792373e-08,-2.33607e-05
-5.782373e-08,-1.03883e-05
-5.772373e-08,3.88134e-06
-5.762373e-08,2.00968e-05
-5.752373e-08,3.56637e-05
-5.742373e-08,4.92848e-05
-5.732373e-08,6.09599e-05
-5.722373e-08,7.00406e-05
-5.712373e-08,7.65268e-05
-5.702373e-08,8.04185e-05
-5.692373e-08,8.23644e-05
-5.682373e-08,8.36616e-05
-5.672373e-08,8.43102e-05
-5.662373e-08,8.56075e-05
-5.652373e-08,8.69047e-05
-5.642373e-08,9.01478e-05
-5.632373e-08,9.33909e-05
-5.622373e-08,9.59854e-05
-5.612373e-08,9.72826e-05
-5.602373e-08,9.59854e-05
-5.592373e-08,9.20937e-05
-5.582373e-08,8.43102e-05
-5.572373e-08,7.32837e-05
-5.562373e-08,5.90141e-05
-5.552373e-08,4.27986e-05
-5.542373e-08,2.46372e-05
-5.532373e-08,7.12444e-06
-5.522373e-08,-8.44244e-06
-5.512373e-08,-2.07662e-05
-5.502373e-08,-2.91983e-05
-5.492373e-08,-3.309e-05
-5.482373e-08,-3.37386e-05
-5.472373e-08,-3.04955e-05
-5.462373e-08,-2.53066e-05
-5.452373e-08,-1.68745e-05
-5.442373e-08,-7.1452e-06
-5.432373e-08,2.5841e-06
-5.422373e-08,1.36106e-05
-5.412373e-08,2.39886e-05
-5.402373e-08,3.50151e-05
-5.392373e-08,4.73389e-05
-5.382373e-08,5.96627e-05
-5.372373e-08,7.32837e-05
-5.362373e-08,8.56075e-05
-5.352373e-08,9.6634e-05
-5.342373e-08,0.000105066
-5.332373e-08,0.000109606
-5.322373e-08,0.000109606
-5.312373e-08,0.000103769
-5.302373e-08,9.20937e-05
-5.292373e-08,7.32837e-05
-5.282373e-08,4.99334e-05
-5.272373e-08,2.33399e-05
-5.262373e-08,-5.84796e-06
-5.252373e-08,-3.69817e-05
-5.242373e-08,-6.94127e-05
-5.232373e-08,-0.000102492
-5.222373e-08,-0.000135572
-5.212373e-08,-0.000168652
-5.202373e-08,-0.000200434
-5.192373e-08,-0.000231568
-5.182373e-08,-0.000260756
-5.172373e-08,-0.000287998
-5.162373e-08,-0.000310699
-5.152373e-08,-0.000326915
-5.142373e-08,-0.000335347
-5.132373e-08,-0.000333401
-5.122373e-08,-0.000322375
-5.112373e-08,-0.000302267
-5.102373e-08,-0.000275674
-5.092373e-08,-0.000243892
-5.082373e-08,-0.000208866
-5.072373e-08,-0.000174489
-5.062373e-08,-0.000142058
-5.052373e-08,-0.000113519
-5.042373e-08,-8.952e-05
-5.032373e-08,-6.94127e-05
-5.022373e-08,-5.31972e-05
-5.012373e-08,-4.08734e-05
-5.002373e-08,-3.04955e-05
-4.992373e-08,-2.07662e-05
-4.982373e-08,-1.23342e-05
-4.972373e-08,-4.55072e-06
-4.962373e-08,1.93548e-06
-4.952373e-08,7.12444e-06
-4.942373e-08,9.71892e-06
-4.932373e-08,8.42168e-06
-4.922373e-08,3.88134e-06
-4.912373e-08,-4.55072e-06
-4.902373e-08,-1.49286e-05
-4.892373e-08,-2.59552e-05
-4.882373e-08,-3.63331e-05
-4.872373e-08,-4.47652e-05
-4.862373e-08,-4.93055e-05
-4.852373e-08,-4.99541e-05
-4.842373e-08,-4.54138e-05
-4.832373e-08,-3.69817e-05
-4.822373e-08,-2.53066e-05
-4.812373e-08,-1.29828e-05
-4.802373e-08,-1.03779e-08
-4.792373e-08,9.71892e-06
-4.782373e-08,1.55565e-05
-4.772373e-08,1.68537e-05
-4.762373e-08,1.36106e-05
-4.752373e-08,5.8272e-06
-4.742373e-08,-5.84796e-06
-4.732373e-08,-2.01176e-05
-4.722373e-08,-3.50359e-05
-4.712373e-08,-5.06027e-05
-4.702373e-08,-6.5521e-05
-4.692373e-08,-7.78448e-05
-4.682373e-08,-8.75741e-05
-4.672373e-08,-9.40603e-05
-4.662373e-08,-9.73034e-05
-4.652373e-08,-9.73034e-05
-4.642373e-08,-9.34117e-05
-4.632373e-08,-8.49796e-05
-4.622373e-08,-7.20072e-05
-4.612373e-08,-5.51431e-05
-4.602373e-08,-3.37386e-05
-4.592373e-08,-8.44244e-06
-4.582373e-08,1.94482e-05
-4.572373e-08,4.92848e-05
-4.562373e-08,7.7824e-05
-4.552373e-08,0.000102472
-4.542373e-08,0.000121282
-4.532373e-08,0.000132308
-4.522373e-08,0.000134903
-4.512373e-08,0.000129065
-4.502373e-08,0.000115444
-4.492373e-08,9.46882e-05
-4.482373e-08,7.13378e-05
-4.472373e-08,4.79875e-05
-4.462373e-08,2.72317e-05
-4.452373e-08,1.10162e-05
-4.442373e-08,1.28686e-06
-4.432373e-08,-1.95624e-06
-4.422373e-08,6.38242e-07
-4.412373e-08,7.12444e-06
-4.402373e-08,1.62051e-05
-4.392373e-08,2.52858e-05
-4.382373e-08,3.11234e-05
-4.372373e-08,3.24206e-05
-4.362373e-08,2.91775e-05
-4.352373e-08,2.13941e-05
-4.342373e-08,9.71892e-06
-4.332373e-08,-3.9021e-06
-4.322373e-08,-1.81717e-05
-4.312373e-08,-3.17928e-05
-4.302373e-08,-4.34679e-05
-4.292373e-08,-5.25486e-05
-4.282373e-08,-5.83862e-05
-4.272373e-08,-6.22779e-05
-4.262373e-08,-6.42238e-05
-4.252373e-08,-6.61696e-05
-4.242373e-08,-6.94127e-05
-4.232373e-08,-7.33045e-05
-4.222373e-08,-7.97907e-05
-4.212373e-08,-8.75741e-05
-4.202373e-08,-9.73034e-05
-4.192373e-08,-0.000107681
-4.182373e-08,-0.000118059
-4.172373e-08,-0.00012714
-4.162373e-08,-0.000134923
-4.152373e-08,-0.000140112
-4.142373e-08,-0.000143355
-4.132373e-08,-0.000144004
-4.122373e-08,-0.000142058
-4.112373e-08,-0.000137518
-4.102373e-08,-0.000131032
-4.092373e-08,-0.000121951
-4.082373e-08,-0.000110924
-4.072373e-08,-9.86006e-05
-4.062373e-08,-8.36824e-05
-4.052373e-08,-6.74669e-05
-4.042373e-08,-4.93055e-05
-4.032373e-08,-2.98469e-05
-4.022373e-08,-1.03883e-05
-4.012373e-08,7.12444e-06
-4.002373e-08,2.26913e-05
-3.992373e-08,3.43665e-05
-3.982373e-08,4.02041e-05
-3.972373e-08,4.15013e-05
-3.962373e-08,3.63124e-05
-3.952373e-08,2.6583e-05
-3.942373e-08,1.23134e-05
-3.932373e-08,-6.49658e-06
-3.922373e-08,-2.66038e-05
-3.912373e-08,-4.73596e-05
-3.902373e-08,-6.87641e-05
-3.892373e-08,-8.952e-05
-3.882373e-08,-0.00010833
-3.872373e-08,-0.000125194
-3.862373e-08,-0.000140761
-3.852373e-08,-0.000154382
-3.842373e-08,-0.000165409
-3.832373e-08,-0.000173841
-3.822373e-08,-0.00017903
-3.812373e-08,-0.00017903
-3.802373e-08,-0.000174489
-3.792373e-08,-0.000164111
-3.782373e-08,-0.000147896
-3.772373e-08,-0.000127789
-3.762373e-08,-0.000103141
-3.752373e-08,-7.58989e-05
-3.742373e-08,-4.80083e-05
-3.732373e-08,-2.20635e-05
-3.722373e-08,1.28686e-06
-3.712373e-08,1.94482e-05
-3.702373e-08,3.30692e-05
-3.692373e-08,4.08527e-05
-3.682373e-08,4.34472e-05
-3.672373e-08,4.21499e-05
-3.662373e-08,3.89068e-05
-3.652373e-08,3.56637e-05
-3.642373e-08,3.24206e-05
-3.632373e-08,3.04748e-05
-3.622373e-08,2.98261e-05
-3.612373e-08,3.04748e-05
-3.602373e-08,3.24206e-05
-3.592373e-08,3.50151e-05
-3.582373e-08,3.89068e-05
-3.572373e-08,4.40958e-05
-3.562373e-08,5.12306e-05
-3.552373e-08,6.03113e-05
-3.542373e-08,7.00406e-05
-3.532373e-08,8.10671e-05
-3.522373e-08,9.27423e-05
-3.512373e-08,0.000103769
-3.502373e-08,0.00011285
-3.492373e-08,0.000118687
-3.482373e-08,0.000119984
-3.472373e-08,0.000116093
-3.462373e-08,0.000106363
-3.452373e-08,9.27423e-05
-3.442373e-08,7.65268e-05
-3.432373e-08,5.83654e-05
-3.422373e-08,4.02041e-05
-3.412373e-08,2.46372e-05
-3.402373e-08,1.23134e-05
-3.392373e-08,5.8272e-06
-3.382373e-08,3.88134e-06
-3.372373e-08,7.12444e-06
-3.362373e-08,1.23134e-05
-3.352373e-08,1.8151e-05
-3.342373e-08,2.33399e-05
-3.332373e-08,2.59344e-05
-3.322373e-08,2.46372e-05
-3.312373e-08,1.75024e-05
-3.302373e-08,4.52996e-06
-3.292373e-08,-1.29828e-05
-3.282373e-08,-3.37386e-05
-3.272373e-08,-5.44945e-05
-3.262373e-08,-7.46017e-05
-3.252373e-08,-9.01686e-05
-3.242373e-08,-9.98979e-05
-3.232373e-08,-0.00010379
-3.222373e-08,-0.000100547
-3.212373e-08,-9.21144e-05
-3.202373e-08,-7.78448e-05
-3.192373e-08,-6.09807e-05
-3.182373e-08,-4.34679e-05
-3.172373e-08,-2.66038e-05
-3.162373e-08,-1.16855e-05
-3.152373e-08,6.38242e-07
-3.142373e-08,9.71892e-06
-3.132373e-08,1.55565e-05
-3.122373e-08,1.94482e-05
-3.112373e-08,2.07455e-05
-3.102373e-08,1.94482e-05
-3.092373e-08,1.68537e-05
-3.082373e-08,1.2962e-05
-3.072373e-08,7.12444e-06
-3.062373e-08,-1.30762e-06
-3.052373e-08,-1.36314e-05
-3.042373e-08,-2.85497e-05
-3.032373e-08,-4.47652e-05
-3.022373e-08,-6.29265e-05
-3.012373e-08,-8.10879e-05
-3.002373e-08,-9.60062e-05
-2.992373e-08,-0.000106384
-2.982373e-08,-0.000111573
-2.972373e-08,-0.000110924
-2.962373e-08,-0.00010379
-2.952373e-08,-9.08172e-05
-2.942373e-08,-7.33045e-05
-2.932373e-08,-5.38459e-05
-2.922373e-08,-3.37386e-05
-2.912373e-08,-1.49286e-05
-2.902373e-08,6.38242e-07
-2.892373e-08,1.23134e-05
-2.882373e-08,1.94482e-05
-2.872373e-08,2.33399e-05
-2.862373e-08,2.39886e-05
-2.852373e-08,2.26913e-05
-2.842373e-08,2.07455e-05
-2.832373e-08,1.94482e-05
-2.822373e-08,1.87996e-05
-2.812373e-08,1.8151e-05
-2.802373e-08,1.75024e-05
-2.792373e-08,1.8151e-05
-2.782373e-08,1.87996e-05
-2.772373e-08,1.87996e-05
-2.762373e-08,1.8151e-05
-2.752373e-08,1.75024e-05
-2.742373e-08,1.49079e-05
-2.732373e-08,1.10162e-05
-2.722373e-08,5.8272e-06
-2.712373e-08,-6.58998e-07
-2.702373e-08,-9.09106e-06
-2.692373e-08,-1.9469e-05
-2.682373e-08,-3.04955e-05
-2.672373e-08,-4.41165e-05
-2.662373e-08,-5.83862e-05
-2.652373e-08,-7.26558e-05
-2.642373e-08,-8.56282e-05
-2.632373e-08,-9.66548e-05
-2.622373e-08,-0.000105087
-2.612373e-08,-0.000110276
-2.602373e-08,-0.000110276
-2.592373e-08,-0.000104438
-2.582373e-08,-9.53575e-05
-2.572373e-08,-8.36824e-05
-2.562373e-08,-7.00614e-05
-2.552373e-08,-5.57917e-05
-2.542373e-08,-4.21707e-05
-2.532373e-08,-3.04955e-05
-2.522373e-08,-2.14148e-05
-2.512373e-08,-1.55773e-05
-2.502373e-08,-1.36314e-05
-2.492373e-08,-1.49286e-05
-2.482373e-08,-1.88204e-05
-2.472373e-08,-2.40093e-05
-2.462373e-08,-2.98469e-05
-2.452373e-08,-3.56845e-05
-2.442373e-08,-4.15221e-05
-2.432373e-08,-4.60624e-05
-2.422373e-08,-4.99541e-05
-2.412373e-08,-5.25486e-05
-2.402373e-08,-5.44945e-05
-2.392373e-08,-5.51431e-05
-2.382373e-08,-5.64403e-05
-2.372373e-08,-5.7089e-05
-2.362373e-08,-5.83862e-05
-2.352373e-08,-5.90348e-05
-2.342373e-08,-5.83862e-05
-2.332373e-08,-5.51431e-05
-2.322373e-08,-4.99541e-05
-2.312373e-08,-4.21707e-05
-2.302373e-08,-3.04955e-05
-2.292373e-08,-1.68745e-05
-2.282373e-08,-6.58998e-07
-2.272373e-08,1.55565e-05
-2.262373e-08,3.1772e-05
-2.252373e-08,4.60417e-05
-2.242373e-08,5.77168e-05
-2.232373e-08,6.61489e-05
-2.222373e-08,7.00406e-05
-2.212373e-08,7.00406e-05
-2.202373e-08,6.74461e-05
-2.192373e-08,6.4203e-05
-2.182373e-08,6.16085e-05
-2.172373e-08,5.96627e-05
-2.162373e-08,5.90141e-05
-2.152373e-08,5.96627e-05
-2.142373e-08,6.16085e-05
-2.132373e-08,6.29058e-05
-2.122373e-08,6.35544e-05
-2.112373e-08,6.29058e-05
-2.102373e-08,6.09599e-05
-2.092373e-08,5.64196e-05
-2.082373e-08,5.0582e-05
-2.072373e-08,4.40958e-05
-2.062373e-08,3.6961e-05
-2.052373e-08,3.11234e-05
-2.042373e-08,2.6583e-05
-2.032373e-08,2.39886e-05
-2.022373e-08,2.26913e-05
-2.012373e-08,2.26913e-05
-2.002373e-08,2.33399e-05
-1.992373e-08,2.26913e-05
-1.982373e-08,2.00968e-05
-1.972373e-08,1.42593e-05
-1.962373e-08,6.47582e-06
-1.952373e-08,-2.60486e-06
-1.942373e-08,-1.36314e-05
-1.932373e-08,-2.46579e-05
-1.922373e-08,-3.309e-05
-1.912373e-08,-3.8279e-05
-1.902373e-08,-3.95762e-05
-1.892373e-08,-3.56845e-05
-1.882373e-08,-2.72524e-05
-1.872373e-08,-1.428e-05
-1.862373e-08,6.38242e-07
-1.852373e-08,1.68537e-05
-1.842373e-08,3.1772e-05
-1.832373e-08,4.40958e-05
-1.822373e-08,5.0582e-05
-1.812373e-08,5.25279e-05
-1.802373e-08,4.79875e-05
-1.792373e-08,3.76096e-05
-1.782373e-08,2.26913e-05
-1.772373e-08,5.8272e-06
-1.762373e-08,-1.23342e-05
-1.752373e-08,-2.98469e-05
-1.742373e-08,-4.54138e-05
-1.732373e-08,-5.7089e-05
-1.722373e-08,-6.42238e-05
-1.712373e-08,-6.48724e-05
-1.702373e-08,-6.03321e-05
-1.692373e-08,-5.06027e-05
-1.682373e-08,-3.69817e-05
-1.672373e-08,-2.01176e-05
-1.662373e-08,-1.30762e-06
-1.652373e-08,1.75024e-05
-1.642373e-08,3.56637e-05
-1.632373e-08,5.18792e-05
-1.622373e-08,6.55003e-05
-1.612373e-08,7.65268e-05
-1.602373e-08,8.36616e-05
-1.592373e-08,8.69047e-05
-1.582373e-08,8.56075e-05
-1.572373e-08,8.10671e-05
-1.562373e-08,7.26351e-05
-1.552373e-08,6.16085e-05
-1.542373e-08,4.86361e-05
-1.532373e-08,3.43665e-05
-1.522373e-08,1.8151e-05
-1.512373e-08,1.28686e-06
-1.502373e-08,-1.62259e-05
-1.492373e-08,-3.43872e-05
-1.482373e-08,-5.31972e-05
-1.472373e-08,-7.33045e-05
-1.462373e-08,-9.40603e-05
-1.452373e-08,-0.000115465
-1.442373e-08,-0.000134923
-1.432373e-08,-0.000153733
-1.422373e-08,-0.000168003
-1.412373e-08,-0.000177732
-1.402373e-08,-0.000180327
-1.392373e-08,-0.000176435
-1.382373e-08,-0.000166057
-1.372373e-08,-0.000149193
-1.362373e-08,-0.000128437
-1.352373e-08,-0.000105735
-1.342373e-08,-8.30338e-05
-1.332373e-08,-6.29265e-05
-1.322373e-08,-4.6711e-05
-1.312373e-08,-3.37386e-05
-1.302373e-08,-2.46579e-05
-1.292373e-08,-1.68745e-05
-1.282373e-08,-1.03883e-05
-1.272373e-08,-2.60486e-06
-1.262373e-08,8.42168e-06
-1.252373e-08,2.26913e-05
-1.242373e-08,4.15013e-05
-1.232373e-08,6.35544e-05
-1.222373e-08,8.69047e-05
-1.212373e-08,0.000110255
-1.202373e-08,0.000131011
-1.192373e-08,0.000147226
-1.182373e-08,0.000157604
-1.172373e-08,0.000162145
-1.162373e-08,0.000161496
-1.152373e-08,0.00015501
-1.142373e-08,0.000143983
-1.132373e-08,0.000130362
-1.122373e-08,0.000114147
-1.112373e-08,9.59854e-05
-1.102373e-08,7.71754e-05
-1.092373e-08,5.70682e-05
-1.082373e-08,3.56637e-05
-1.072373e-08,1.36106e-05
-1.062373e-08,-9.09106e-06
-1.052373e-08,-3.17928e-05
-1.042373e-08,-5.25486e-05
-1.032373e-08,-7.071e-05
-1.022373e-08,-8.36824e-05
-1.012373e-08,-9.08172e-05
-1.002373e-08,-8.952e-05
-9.923731e-09,-7.9142e-05
-9.823731e-09,-6.09807e-05
-9.723731e-09,-3.50359e-05
-9.623731e-09,-1.95624e-06
-9.523731e-09,3.56637e-05
-9.423731e-09,7.52296e-05
-9.323731e-09,0.000114795
-9.223731e-09,0.000152415
-9.123731e-09,0.000184846
-9.023731e-09,0.00021144
-8.923731e-09,0.00023025
-8.823731e-09,0.000240628
-8.723731e-09,0.000243871
-8.623731e-09,0.000238033
-8.523731e-09,0.000225061
-8.423731e-09,0.000205602
-8.323731e-09,0.000180955
-8.223731e-09,0.000152415
-8.123731e-09,0.000121282
-8.023731e-09,8.94992e-05
-7.923731e-09,5.90141e-05
-7.823731e-09,3.11234e-05
-7.723731e-09,6.47582e-06
-7.623731e-09,-1.29828e-05
-7.523731e-09,-2.59552e-05
-7.423731e-09,-3.24414e-05
-7.323731e-09,-3.11441e-05
-7.223731e-09,-2.20635e-05
-7.123731e-09,-5.84796e-06
-7.023731e-09,1.55565e-05
-6.923731e-09,4.02041e-05
-6.823731e-09,6.74461e-05
-6.723731e-09,9.33909e-05
-6.623731e-09,0.000116741
-6.523731e-09,0.000133605
-6.423731e-09,0.000144632
-6.323731e-09,0.000147875
-6.223731e-09,0.000142686
-6.123731e-09,0.000129714
-6.023731e-09,0.000111552
-5.923731e-09,8.94992e-05
-5.823731e-09,6.61489e-05
-5.723731e-09,4.34472e-05
-5.623731e-09,2.33399e-05
-5.523731e-09,7.12444e-06
-5.423731e-09,-5.84796e-06
-5.323731e-09,-1.49286e-05
-5.223731e-09,-2.07662e-05
-5.123731e-09,-2.40093e-05
-5.023731e-09,-2.72524e-05
-4.923731e-09,-3.04955e-05
-4.823731e-09,-3.43872e-05
-4.723731e-09,-3.95762e-05
-4.623731e-09,-4.80083e-05
-4.523731e-09,-5.83862e-05
-4.423731e-09,-7.13586e-05
-4.323731e-09,-8.62769e-05
-4.223731e-09,-0.000102492
-4.123731e-09,-0.000119356
-4.023731e-09,-0.000136221
-3.923731e-09,-0.000152436
-3.823731e-09,-0.000168003
-3.723731e-09,-0.00018357
-3.623731e-09,-0.000197191
-3.523731e-09,-0.000209515
-3.423731e-09,-0.000219893
-3.323731e-09,-0.000228325
-3.223731e-09,-0.000234162
-3.123731e-09,-0.000238703
-3.023731e-09,-0.000242594
-2.923731e-09,-0.000245189
-2.823731e-09,-0.000247783
-2.723731e-09,-0.000250378
-2.623731e-09,-0.000254269
-2.523731e-09,-0.000259458
-2.423731e-09,-0.000267242
-2.323731e-09,-0.000278268
-2.223731e-09,-0.000293187
-2.123731e-09,-0.000312645
-2.023731e-09,-0.000336644
-1.923731e-09,-0.000367129
-1.823731e-09,-0.000404101
-1.723731e-09,-0.00044691
-1.623731e-09,-0.000494908
-1.523731e-09,-0.000547446
-1.423731e-09,-0.000604524
-1.323731e-09,-0.000664846
-1.223731e-09,-0.000727114
-1.123731e-09,-0.000791327
-1.023731e-09,-0.000857486
-9.237309e-10,-0.000924943
-8.237309e-10,-0.000996291
-7.237309e-10,-0.00107153
-6.237309e-10,-0.00115326
-5.237309e-10,-0.00124277
-4.237309e-10,-0.00134071
-3.237309e-10,-0.00144903
-2.237309e-10,-0.00156643
-1.237309e-10,-0.00169356
-2.373085e-11,-0.00182912
7.626915e-11,-0.00197311
1.762691e-10,-0.00212165
2.762691e-10,-0.00227342
3.762691e-10,-0.00242585
4.762691e-10,-0.00257763
5.762691e-10,-0.00272681
6.762691e-10,-0.00287145
7.762691e-10,-0.00301091
8.762691e-10,-0.00314452
9.762691e-10,-0.00327165
1.076269e-09,-0.00339294
1.176269e-09,-0.0035084
1.276269e-09,-0.00361736
1.376269e-09,-0.00371985
1.476269e-09,-0.00381455
1.576269e-09,-0.00390016
1.676269e-09,-0.0039754
1.776269e-09,-0.00404027
1.876269e-09,-0.00409345
1.976269e-09,-0.00413496
2.076269e-09,-0.0041635
2.176269e-09,-0.00418102
2.276269e-09,-0.00418815
2.376269e-09,-0.00418556
2.476269e-09,-0.00417648
2.576269e-09,-0.00416026
2.676269e-09,-0.00413756
2.776269e-09,-0.00410837
2.876269e-09,-0.00407399
2.976269e-09,-0.00403443
3.076269e-09,-0.00398967
3.176269e-09,-0.00394038
3.276269e-09,-0.00388719
3.376269e-09,-0.00383206
3.476269e-09,-0.00377628
3.576269e-09,-0.00372114
3.676269e-09,-0.00366925
3.776269e-09,-0.00362061
3.876269e-09,-0.0035765
3.976269e-09,-0.00353629
4.076269e-09,-0.00349802
4.176269e-09,-0.00345975
4.276269e-09,-0.00341889
4.376269e-09,-0.00337413
4.476269e-09,-0.00332419
4.576269e-09,-0.00326841
4.676269e-09,-0.00320679
4.776269e-09,-0.00313998
4.876269e-09,-0.00306993
4.976269e-09,-0.00300053
5.076269e-09,-0.00293372
5.176269e-09,-0.00287145
5.276269e-09,-0.00281502
5.376269e-09,-0.00276573
5.476269e-09,-0.00272422
5.576269e-09,-0.00268919
5.676269e-09,-0.00266
5.776269e-09,-0.00263406
5.876269e-09,-0.00261136
5.976269e-09,-0.0025893
6.076269e-09,-0.0025679
6.176269e-09,-0.00254649
6.276269e-09,-0.00252444
6.376269e-09,-0.00250044
6.476269e-09,-0.00247514
6.576269e-09,-0.00244596
6.676269e-09,-0.00241288
6.776269e-09,-0.00237461
6.876269e-09,-0.00232921
6.976269e-09,-0.00227796
7.076269e-09,-0.00221894
7.176269e-09,-0.00215343
7.276269e-09,-0.00208273
7.376269e-09,-0.00200814
7.476269e-09,-0.00193225
7.576269e-09,-0.00185766
7.676269e-09,-0.00178631
7.776269e-09,-0.00171885
7.876269e-09,-0.00165853
7.976269e-09,-0.0016047
8.076269e-09,-0.00155735
8.176269e-09,-0.00151519
8.276269e-09,-0.00147757
8.376269e-09,-0.00144319
8.476269e-09,-0.00141011
8.576269e-09,-0.00137768
8.676269e-09,-0.0013446
8.776269e-09,-0.00130957
8.876269e-09,-0.00127325
8.976269e-09,-0.00123563
9.076269e-09,-0.00119671
9.176269e-09,-0.0011565
9.276269e-09,-0.00111629
9.376269e-09,-0.00107672
9.476269e-09,-0.0010378
9.576269e-09,-0.00100083
9.676269e-09,-0.000966454
9.776269e-09,-0.000934023
9.876269e-09,-0.000904835
9.976269e-09,-0.000877593
1.007627e-08,-0.000854892
1.017627e-08,-0.000836082
1.027627e-08,-0.000821812
1.037627e-08,-0.000814029
1.047627e-08,-0.000810786
1.057627e-08,-0.00081338
1.067627e-08,-0.000820515
1.077627e-08,-0.000830893
1.087627e-08,-0.000844514
1.097627e-08,-0.000858783
1.107627e-08,-0.000873053
1.117627e-08,-0.000886674
1.127627e-08,-0.000899647
1.137627e-08,-0.000911322
1.147627e-08,-0.0009217
1.157627e-08,-0.000932726
1.167627e-08,-0.000944401
1.177627e-08,-0.000956725
1.187627e-08,-0.000970346
1.197627e-08,-0.000983319
1.207627e-08,-0.000995642
1.217627e-08,-0.00100537
1.227627e-08,-0.00101056
1.237627e-08,-0.00100861
1.247627e-08,-0.000998885
1.257627e-08,-0.000982021
1.267627e-08,-0.000957374
1.277627e-08,-0.000928186
1.287627e-08,-0.000895755
1.297627e-08,-0.000862675
1.307627e-08,-0.00083219
1.317627e-08,-0.000806245
1.327627e-08,-0.000786787
1.337627e-08,-0.000775111
1.347627e-08,-0.000769274
1.357627e-08,-0.000768625
1.367627e-08,-0.00077122
1.377627e-08,-0.000774463
1.387627e-08,-0.000776409
1.397627e-08,-0.000775111
1.407627e-08,-0.000769274
1.417627e-08,-0.000759545
1.427627e-08,-0.000745924
1.437627e-08,-0.000727762
1.447627e-08,-0.000707655
1.457627e-08,-0.000686899
1.467627e-08,-0.000666143
1.477627e-08,-0.000646685
1.487627e-08,-0.000629172
1.497627e-08,-0.000612956
1.507627e-08,-0.000599984
1.517627e-08,-0.000588309
1.527627e-08,-0.000579877
1.537627e-08,-0.000572742
1.547627e-08,-0.000568202
1.557627e-08,-0.000564959
1.567627e-08,-0.00056431
1.577627e-08,-0.000567553
1.587627e-08,-0.000572742
1.597627e-08,-0.000581174
1.607627e-08,-0.000592201
1.617627e-08,-0.000604524
1.627627e-08,-0.000617497
1.637627e-08,-0.000629821
1.647627e-08,-0.000640847
1.657627e-08,-0.000649928
1.667627e-08,-0.000655117
1.677627e-08,-0.000656414
1.687627e-08,-0.000652522
1.697627e-08,-0.000646036
1.707627e-08,-0.000637604
1.717627e-08,-0.000627875
1.727627e-08,-0.000617497
1.737627e-08,-0.000608416
1.747627e-08,-0.000599984
1.757627e-08,-0.000592201
1.767627e-08,-0.000585066
1.777627e-08,-0.00057858
1.787627e-08,-0.000572093
1.797627e-08,-0.000565607
1.807627e-08,-0.00055977
1.817627e-08,-0.000553932
1.827627e-08,-0.000548094
1.837627e-08,-0.000543554
1.847627e-08,-0.000539014
1.857627e-08,-0.000535771
1.867627e-08,-0.000533176
1.877627e-08,-0.000529933
1.887627e-08,-0.000525393
1.897627e-08,-0.000518906
1.907627e-08,-0.000508529
1.917627e-08,-0.000494259
1.927627e-08,-0.000474152
1.937627e-08,-0.000450153
1.947627e-08,-0.000423559
1.957627e-08,-0.000396317
1.967627e-08,-0.000370372
1.977627e-08,-0.000347671
1.987627e-08,-0.000330158
1.997627e-08,-0.000317186
2.007627e-08,-0.000310051
2.017627e-08,-0.000309402
2.027627e-08,-0.000312645
2.037627e-08,-0.000319131
2.047627e-08,-0.000325618
2.057627e-08,-0.000332104
2.067627e-08,-0.000336644
2.077627e-08,-0.000339239
2.087627e-08,-0.000339239
2.097627e-08,-0.000337293
2.107627e-08,-0.000335996
2.117627e-08,-0.000335347
2.127627e-08,-0.000335996
2.137627e-08,-0.000339239
2.147627e-08,-0.000344428
2.157627e-08,-0.000351563
2.167627e-08,-0.000358697
2.177627e-08,-0.000365832
2.187627e-08,-0.00037167
2.197627e-08,-0.000376859
2.207627e-08,-0.000380102
2.217627e-08,-0.000383345
2.227627e-08,-0.000385939
2.237627e-08,-0.000387885
2.247627e-08,-0.000389831
2.257627e-08,-0.000394371
2.267627e-08,-0.000402155
2.277627e-08,-0.000411884
2.287627e-08,-0.000423559
2.297627e-08,-0.000435883
2.307627e-08,-0.000448856
2.317627e-08,-0.000459882
2.327627e-08,-0.000467666
2.337627e-08,-0.000472854
2.347627e-08,-0.000474152
2.357627e-08,-0.000470909
2.367627e-08,-0.000465071
2.377627e-08,-0.000456639
2.387627e-08,-0.000445612
2.397627e-08,-0.000434586
2.407627e-08,-0.000422911
2.417627e-08,-0.000412533
2.427627e-08,-0.000403452
2.437627e-08,-0.00039502
2.447627e-08,-0.000387237
2.457627e-08,-0.00038075
2.467627e-08,-0.000374264
2.477627e-08,-0.000368427
2.487627e-08,-0.000362589
2.497627e-08,-0.0003574
2.507627e-08,-0.000354157
2.517627e-08,-0.000353508
2.527627e-08,-0.000355454
2.537627e-08,-0.000360643
2.547627e-08,-0.000368427
2.557627e-08,-0.000378156
2.567627e-08,-0.000389831
2.577627e-08,-0.000402803
2.587627e-08,-0.000415776
2.597627e-08,-0.000428748
2.607627e-08,-0.000439775
2.617627e-08,-0.000450801
2.627627e-08,-0.000461179
2.637627e-08,-0.000470909
2.647627e-08,-0.000481287
2.657627e-08,-0.000492313
2.667627e-08,-0.000502691
2.677627e-08,-0.000511772
2.687627e-08,-0.000518258
2.697627e-08,-0.000520852
2.707627e-08,-0.000518258
2.717627e-08,-0.000508529
2.727627e-08,-0.000491016
2.737627e-08,-0.00046572
2.747627e-08,-0.000433289
2.757627e-08,-0.000395669
2.767627e-08,-0.000353508
2.777627e-08,-0.000310051
2.787627e-08,-0.000267242
2.797627e-08,-0.000227027
2.807627e-08,-0.000190056
2.817627e-08,-0.000157625
2.827627e-08,-0.000129086
2.837627e-08,-0.000105087
2.847627e-08,-8.4331e-05
2.857627e-08,-6.74669e-05
2.867627e-08,-5.44945e-05
2.877627e-08,-4.60624e-05
2.887627e-08,-4.28193e-05
2.897627e-08,-4.47652e-05
2.907627e-08,-5.19e-05
2.917627e-08,-6.22779e-05
2.927627e-08,-7.58989e-05
2.937627e-08,-9.21144e-05
2.947627e-08,-0.000108979
2.957627e-08,-0.000123897
2.967627e-08,-0.000134275
2.977627e-08,-0.000140112
2.987627e-08,-0.000140112
2.997627e-08,-0.000134275
3.007627e-08,-0.0001226
3.017627e-08,-0.000107681
3.027627e-08,-9.14658e-05
3.037627e-08,-7.58989e-05
3.047627e-08,-6.35752e-05
3.057627e-08,-5.64403e-05
3.067627e-08,-5.38459e-05
3.077627e-08,-5.77376e-05
3.087627e-08,-6.81155e-05
3.097627e-08,-8.4331e-05
3.107627e-08,-0.000105735
3.117627e-08,-0.000129086
3.127627e-08,-0.000153733
3.137627e-08,-0.00017903
3.147627e-08,-0.000204326
3.157627e-08,-0.000227027
3.167627e-08,-0.000247135
3.177627e-08,-0.000265945
3.187627e-08,-0.000281512
3.197627e-08,-0.000293835
3.207627e-08,-0.000302267
3.217627e-08,-0.000306159
3.227627e-08,-0.00030551
3.237627e-08,-0.000299673
3.247627e-08,-0.000288646
3.257627e-08,-0.000273728
3.267627e-08,-0.000254269
3.277627e-08,-0.000232216
3.287627e-08,-0.000209515
3.297627e-08,-0.000187462
3.307627e-08,-0.000167354
3.317627e-08,-0.000149193
3.327627e-08,-0.000136221
3.337627e-08,-0.000127789
3.347627e-08,-0.000125194
3.357627e-08,-0.000126491
3.367627e-08,-0.000130383
3.377627e-08,-0.000135572
3.387627e-08,-0.000140112
3.397627e-08,-0.000143355
3.407627e-08,-0.000142707
3.417627e-08,-0.000140112
3.427627e-08,-0.000135572
3.437627e-08,-0.000128437
3.447627e-08,-0.000120654
3.457627e-08,-0.000113519
3.467627e-08,-0.00010833
3.477627e-08,-0.000104438
3.487627e-08,-0.00010379
3.497627e-08,-0.000105087
3.507627e-08,-0.000108979
3.517627e-08,-0.000114816
3.527627e-08,-0.000120654
3.537627e-08,-0.000128437
3.547627e-08,-0.000138166
3.557627e-08,-0.000149842
3.567627e-08,-0.000164111
3.577627e-08,-0.000182273
3.587627e-08,-0.000204326
3.597627e-08,-0.000228973
3.607627e-08,-0.000254918
3.617627e-08,-0.000280214
3.627627e-08,-0.000302916
3.637627e-08,-0.00031978
3.647627e-08,-0.000329509
3.657627e-08,-0.000332104
3.667627e-08,-0.000326266
3.677627e-08,-0.000313943
3.687627e-08,-0.00029643
3.697627e-08,-0.000276971
3.707627e-08,-0.000256864
3.717627e-08,-0.000238054
3.727627e-08,-0.000222487
3.737627e-08,-0.000212109
3.747627e-08,-0.000204974
3.757627e-08,-0.000201083
3.767627e-08,-0.00019784
3.777627e-08,-0.000192651
3.787627e-08,-0.000184867
3.797627e-08,-0.000171895
3.807627e-08,-0.000154382
3.817627e-08,-0.000133626
3.827627e-08,-0.000110276
3.837627e-08,-8.75741e-05
3.847627e-08,-6.61696e-05
3.857627e-08,-5.06027e-05
3.867627e-08,-4.08734e-05
3.877627e-08,-3.8279e-05
3.887627e-08,-4.15221e-05
3.897627e-08,-4.99541e-05
3.907627e-08,-6.22779e-05
3.917627e-08,-7.65476e-05
3.927627e-08,-9.01686e-05
3.937627e-08,-0.000102492
3.947627e-08,-0.000110924
3.957627e-08,-0.000116113
3.967627e-08,-0.000116762
3.977627e-08,-0.000115465
3.987627e-08,-0.00011287
3.997627e-08,-0.000108979
4.007627e-08,-0.000105087
4.017627e-08,-0.000101844
4.027627e-08,-9.7952e-05
4.037627e-08,-9.34117e-05
4.047627e-08,-8.69255e-05
4.057627e-08,-7.78448e-05
4.067627e-08,-6.68183e-05
4.077627e-08,-5.25486e-05
4.087627e-08,-3.69817e-05
4.097627e-08,-2.14148e-05
4.107627e-08,-8.44244e-06
4.117627e-08,6.38242e-07
4.127627e-08,3.88134e-06
4.137627e-08,-1.30762e-06
4.147627e-08,-1.428e-05
4.157627e-08,-3.50359e-05
4.167627e-08,-6.29265e-05
4.177627e-08,-9.47089e-05
4.187627e-08,-0.000127789
4.197627e-08,-0.000158922
4.207627e-08,-0.000186164
4.217627e-08,-0.000208866
4.227627e-08,-0.00022573
4.237627e-08,-0.000237405
4.247627e-08,-0.000245189
4.257627e-08,-0.000250378
4.267627e-08,-0.000254918
4.277627e-08,-0.00025881
4.287627e-08,-0.00026335
4.297627e-08,-0.000269188
4.307627e-08,-0.000276323
4.317627e-08,-0.000282809
4.327627e-08,-0.000289295
4.337627e-08,-0.000295133
4.347627e-08,-0.000299024
4.357627e-08,-0.000301619
4.367627e-08,-0.000303565
4.377627e-08,-0.000304862
4.387627e-08,-0.000306808
4.397627e-08,-0.000310051
4.407627e-08,-0.000313943
4.417627e-08,-0.000319131
4.427627e-08,-0.00032432
4.437627e-08,-0.000328861
4.447627e-08,-0.000330158
4.457627e-08,-0.000328861
4.467627e-08,-0.000323023
4.477627e-08,-0.000312645
4.487627e-08,-0.000298376
4.497627e-08,-0.000281512
4.507627e-08,-0.000262702
4.517627e-08,-0.00024454
4.527627e-08,-0.000228973
4.537627e-08,-0.00021665
4.547627e-08,-0.000208217
4.557627e-08,-0.000203677
4.567627e-08,-0.00020238
4.577627e-08,-0.000203028
4.587627e-08,-0.000204326
4.597627e-08,-0.000204326
4.607627e-08,-0.000203028
4.617627e-08,-0.000200434
4.627627e-08,-0.000196542
4.637627e-08,-0.000192002
4.647627e-08,-0.00018811
4.657627e-08,-0.000185516
4.667627e-08,-0.000184867
4.677627e-08,-0.000186164
4.687627e-08,-0.00018811
4.697627e-08,-0.000191353
4.707627e-08,-0.000193299
4.717627e-08,-0.000193299
4.727627e-08,-0.000190056
4.737627e-08,-0.000182921
4.747627e-08,-0.000170597
4.757627e-08,-0.000154382
4.767627e-08,-0.000134275
4.777627e-08,-0.00011287
4.787627e-08,-9.14658e-05
4.797627e-08,-7.20072e-05
4.807627e-08,-5.64403e-05
4.817627e-08,-4.6711e-05
4.827627e-08,-4.21707e-05
4.837627e-08,-4.41165e-05
4.847627e-08,-5.12514e-05
4.857627e-08,-6.16293e-05
4.867627e-08,-7.39531e-05
4.877627e-08,-8.69255e-05
4.887627e-08,-9.92493e-05
4.897627e-08,-0.000110924
4.907627e-08,-0.000121302
4.917627e-08,-0.000130383
4.927627e-08,-0.000138815
4.937627e-08,-0.000147247
4.947627e-08,-0.000155031
4.957627e-08,-0.000163463
4.967627e-08,-0.000171246
4.977627e-08,-0.00017903
4.987627e-08,-0.000186164
4.997627e-08,-0.000191353
5.007627e-08,-0.000194596
5.017627e-08,-0.000196542
5.027627e-08,-0.000198488
5.037627e-08,-0.000201083
5.047627e-08,-0.000205623
5.057627e-08,-0.000214055
5.067627e-08,-0.000227027
5.077627e-08,-0.00024454
5.087627e-08,-0.000265945
5.097627e-08,-0.000289944
5.107627e-08,-0.000314591
5.117627e-08,-0.000337293
5.127627e-08,-0.000354806
5.137627e-08,-0.000365832
5.147627e-08,-0.000368427
5.157627e-08,-0.00036194
5.167627e-08,-0.000347671
5.177627e-08,-0.000327564
5.187627e-08,-0.000302267
5.197627e-08,-0.000275025
5.207627e-08,-0.000247135
5.217627e-08,-0.000221838
5.227627e-08,-0.000199785
5.237627e-08,-0.000179678
5.247627e-08,-0.000161517
5.257627e-08,-0.000144004
5.267627e-08,-0.00012714
5.277627e-08,-0.00010833
5.287627e-08,-8.82227e-05
5.297627e-08,-6.68183e-05
5.307627e-08,-4.41165e-05
5.317627e-08,-2.14148e-05
5.327627e-08,-6.58998e-07
5.337627e-08,1.62051e-05
5.347627e-08,2.72317e-05
5.357627e-08,3.30692e-05
5.367627e-08,3.24206e-05
5.377627e-08,2.59344e-05
5.387627e-08,1.49079e-05
5.397627e-08,6.38242e-07
5.407627e-08,-1.49286e-05
5.417627e-08,-2.98469e-05
5.427627e-08,-4.28193e-05
5.437627e-08,-5.38459e-05
5.447627e-08,-6.09807e-05
5.457627e-08,-6.5521e-05
5.467627e-08,-6.87641e-05
5.477627e-08,-7.13586e-05
5.487627e-08,-7.33045e-05
5.497627e-08,-7.52503e-05
5.507627e-08,-7.84934e-05
5.517627e-08,-8.23851e-05
5.527627e-08,-8.62769e-05
5.537627e-08,-8.952e-05
5.547627e-08,-9.27631e-05
5.557627e-08,-9.53575e-05
5.567627e-08,-9.86006e-05
5.577627e-08,-0.000103141
5.587627e-08,-0.000109627
5.597627e-08,-0.000119356
5.607627e-08,-0.000131032
5.617627e-08,-0.000146599
5.627627e-08,-0.000164111
5.637627e-08,-0.000182273
5.647627e-08,-0.000198488
5.657627e-08,-0.000211461
5.667627e-08,-0.000219893
5.677627e-08,-0.000221838
5.687627e-08,-0.000217298
5.697627e-08,-0.000208217
5.707627e-08,-0.000195245
5.717627e-08,-0.000180975
5.727627e-08,-0.000168003
5.737627e-08,-0.000158274
5.747627e-08,-0.000155031
5.757627e-08,-0.000156976
5.767627e-08,-0.000166057
5.777627e-08,-0.00017903
5.787627e-08,-0.000195245
5.797627e-08,-0.000210812
5.807627e-08,-0.000223784
5.817627e-08,-0.000232216
5.827627e-08,-0.000234811
5.837627e-08,-0.000231568
5.847627e-08,-0.000222487
5.857627e-08,-0.000210163
5.867627e-08,-0.000194596
5.877627e-08,-0.000178381
5.887627e-08,-0.000162165
5.897627e-08,-0.000146599
5.907627e-08,-0.000132329
5.917627e-08,-0.000118059
5.927627e-08,-0.00010379
5.937627e-08,-9.01686e-05
5.947627e-08,-7.52503e-05
5.957627e-08,-6.09807e-05
5.967627e-08,-4.6711e-05
5.977627e-08,-3.43872e-05
5.987627e-08,-2.46579e-05
5.997627e-08,-1.88204e-05
6.007627e-08,-1.75231e-05
6.017627e-08,-2.14148e-05
6.027627e-08,-2.91983e-05
6.037627e-08,-4.02248e-05
6.047627e-08,-5.19e-05
6.057627e-08,-6.35752e-05
6.067627e-08,-7.33045e-05
6.077627e-08,-8.04393e-05
6.087627e-08,-8.30338e-05
6.097627e-08,-8.23851e-05
6.107627e-08,-7.71962e-05
6.117627e-08,-6.94127e-05
6.127627e-08,-6.03321e-05
6.137627e-08,-5.12514e-05
6.147627e-08,-4.21707e-05
6.157627e-08,-3.50359e-05
6.167627e-08,-2.98469e-05
6.177627e-08,-2.59552e-05
6.187627e-08,-2.33607e-05
6.197627e-08,-2.20635e-05
6.207627e-08,-2.07662e-05
6.217627e-08,-2.07662e-05
6.227627e-08,-2.01176e-05
6.237627e-08,-2.07662e-05
6.247627e-08,-2.20635e-05
6.257627e-08,-2.59552e-05
6.267627e-08,-3.17928e-05
6.277627e-08,-4.08734e-05
6.287627e-08,-5.25486e-05
6.297627e-08,-6.61696e-05
6.307627e-08,-8.10879e-05
6.317627e-08,-9.53575e-05
6.327627e-08,-0.00010833
6.337627e-08,-0.000118059
6.347627e-08,-0.000124545
6.357627e-08,-0.000125843
6.367627e-08,-0.000123897
6.377627e-08,-0.000119356
6.387627e-08,-0.00011287
6.397627e-08,-0.000107033
6.407627e-08,-0.000101844
6.417627e-08,-9.98979e-05
6.427627e-08,-9.98979e-05
6.437627e-08,-0.000101844
6.447627e-08,-0.000104438
6.457627e-08,-0.000105735
6.467627e-08,-0.000104438
6.477627e-08,-9.98979e-05
6.487627e-08,-9.01686e-05
6.497627e-08,-7.65476e-05
6.507627e-08,-5.96834e-05
6.517627e-08,-4.21707e-05
6.527627e-08,-2.53066e-05
6.537627e-08,-1.10369e-05
6.547627e-08,-2.60486e-06
6.557627e-08,6.38242e-07
6.567627e-08,-2.60486e-06
6.577627e-08,-1.10369e-05
6.587627e-08,-2.33607e-05
6.597627e-08,-3.63331e-05
6.607627e-08,-4.93055e-05
6.617627e-08,-6.03321e-05
6.627627e-08,-6.81155e-05
6.637627e-08,-7.13586e-05
6.647627e-08,-7.26558e-05
6.657627e-08,-7.20072e-05
6.667627e-08,-7.20072e-05
6.677627e-08,-7.39531e-05
6.687627e-08,-8.04393e-05
6.697627e-08,-9.08172e-05
6.707627e-08,-0.000105087
6.717627e-08,-0.000121951
6.727627e-08,-0.000138815
6.737627e-08,-0.000155031
6.747627e-08,-0.000168003
6.757627e-08,-0.000175138
6.767627e-08,-0.000177084
6.777627e-08,-0.000172543
6.787627e-08,-0.000162165
6.797627e-08,-0.000147247
6.807627e-08,-0.000128437
6.817627e-08,-0.000107681
6.827627e-08,-8.69255e-05
6.837627e-08,-6.5521e-05
6.847627e-08,-4.47652e-05
6.857627e-08,-2.53066e-05
6.867627e-08,-6.49658e-06
6.877627e-08,1.23134e-05
6.887627e-08,3.11234e-05
6.897627e-08,4.86361e-05
6.907627e-08,6.55003e-05
6.917627e-08,8.04185e-05
6.927627e-08,9.27423e-05
6.937627e-08,0.000100526
6.947627e-08,0.000103769
6.957627e-08,0.000101823
6.967627e-08,9.46882e-05
6.977627e-08,8.3013e-05
6.987627e-08,6.67975e-05
6.997627e-08,4.86361e-05
7.007627e-08,3.04748e-05
7.017627e-08,1.23134e-05
7.027627e-08,-3.25348e-06
7.037627e-08,-1.49286e-05
7.047627e-08,-2.27121e-05
7.057627e-08,-2.72524e-05
7.067627e-08,-2.98469e-05
7.077627e-08,-3.11441e-05
7.087627e-08,-3.24414e-05
7.097627e-08,-3.43872e-05
7.107627e-08,-3.69817e-05
7.117627e-08,-3.89276e-05
7.127627e-08,-3.95762e-05
7.137627e-08,-3.89276e-05
7.147627e-08,-3.50359e-05
7.157627e-08,-2.7901e-05
7.167627e-08,-1.68745e-05
7.177627e-08,-3.25348e-06
7.187627e-08,1.10162e-05
7.197627e-08,2.33399e-05
7.207627e-08,3.1772e-05
7.217627e-08,3.37179e-05
7.227627e-08,2.72317e-05
7.237627e-08,1.2962e-05
7.247627e-08,-8.44244e-06
7.257627e-08,-3.63331e-05
7.267627e-08,-6.68183e-05
7.277627e-08,-9.60062e-05
7.287627e-08,-0.000121302
7.297627e-08,-0.000140112
7.307627e-08,-0.000151787
7.317627e-08,-0.000155679
7.327627e-08,-0.000152436
7.337627e-08,-0.000144653
7.347627e-08,-0.000134923
7.357627e-08,-0.000125194
7.367627e-08,-0.000117411
7.377627e-08,-0.000112222
7.387627e-08,-0.000110924
7.397627e-08,-0.000110276
7.407627e-08,-0.000110276
7.417627e-08,-0.00010833
7.427627e-08,-0.000104438
7.437627e-08,-9.66548e-05
7.447627e-08,-8.49796e-05
7.457627e-08,-7.13586e-05
7.467627e-08,-5.7089e-05
7.477627e-08,-4.34679e-05
7.487627e-08,-3.24414e-05
7.497627e-08,-2.59552e-05
7.507627e-08,-2.40093e-05
7.517627e-08,-2.66038e-05
7.527627e-08,-3.309e-05
7.537627e-08,-4.15221e-05
7.547627e-08,-5.19e-05
7.557627e-08,-6.22779e-05
7.567627e-08,-7.13586e-05
7.577627e-08,-8.04393e-05
7.587627e-08,-8.952e-05
7.597627e-08,-9.7952e-05
7.607627e-08,-0.000107033
7.617627e-08,-0.000116762
7.627627e-08,-0.00012714
7.637627e-08,-0.000137518
7.647627e-08,-0.000145301
7.657627e-08,-0.000148544
7.667627e-08,-0.000144653
7.677627e-08,-0.000132978
7.687627e-08,-0.00011287
7.697627e-08,-8.4331e-05
7.707627e-08,-4.93055e-05
7.717627e-08,-9.73968e-06
7.727627e-08,3.04748e-05
