LECROYWaveRunner‘N,20113,Waveform
Segments,1,SegmentSize,2002
Segment,TrigTime,TimeSinceSegment1
#1,28-Sep-2018 13:20:36,0                 
Time,Ampl
-1.228107e-07,3.95555e-05
-1.227107e-07,2.91775e-05
-1.226107e-07,1.8151e-05
-1.225107e-07,6.47582e-06
-1.224107e-07,-5.19934e-06
-1.223107e-07,-1.55773e-05
-1.222107e-07,-2.27121e-05
-1.221107e-07,-2.66038e-05
-1.220107e-07,-2.59552e-05
-1.219107e-07,-2.14148e-05
-1.218107e-07,-1.16855e-05
-1.217107e-07,1.93548e-06
-1.216107e-07,1.87996e-05
-1.215107e-07,3.6961e-05
-1.214107e-07,5.44737e-05
-1.213107e-07,7.00406e-05
-1.212107e-07,8.3013e-05
-1.211107e-07,9.40395e-05
-1.210107e-07,0.00010312
-1.209107e-07,0.000110904
-1.208107e-07,0.000118038
-1.207107e-07,0.000125822
-1.206107e-07,0.000134903
-1.205107e-07,0.000145929
-1.204107e-07,0.000158902
-1.203107e-07,0.00017382
-1.202107e-07,0.000189387
-1.201107e-07,0.000204305
-1.200107e-07,0.000216629
-1.199107e-07,0.000226358
-1.198107e-07,0.000233493
-1.197107e-07,0.000238682
-1.196107e-07,0.000242574
-1.195107e-07,0.000245168
-1.194107e-07,0.000249708
-1.193107e-07,0.000255546
-1.192107e-07,0.000263329
-1.191107e-07,0.000273707
-1.190107e-07,0.000285382
-1.189107e-07,0.000297058
-1.188107e-07,0.00030549
-1.187107e-07,0.000310679
-1.186107e-07,0.000311327
-1.185107e-07,0.000306138
-1.184107e-07,0.000294463
-1.183107e-07,0.00027695
-1.182107e-07,0.000256195
-1.181107e-07,0.000234141
-1.180107e-07,0.000212737
-1.179107e-07,0.000194576
-1.178107e-07,0.000179657
-1.177107e-07,0.000169928
-1.176107e-07,0.000166036
-1.175107e-07,0.000166036
-1.174107e-07,0.000169928
-1.173107e-07,0.000175117
-1.172107e-07,0.000180955
-1.171107e-07,0.000186144
-1.170107e-07,0.000189387
-1.169107e-07,0.000191333
-1.168107e-07,0.000191981
-1.167107e-07,0.00019263
-1.166107e-07,0.000193278
-1.165107e-07,0.000195224
-1.164107e-07,0.00019717
-1.163107e-07,0.000197819
-1.162107e-07,0.000197819
-1.161107e-07,0.000195224
-1.160107e-07,0.000188738
-1.159107e-07,0.000177712
-1.158107e-07,0.000162793
-1.157107e-07,0.000143983
-1.156107e-07,0.000121282
-1.155107e-07,9.79313e-05
-1.154107e-07,7.39323e-05
-1.153107e-07,5.18792e-05
-1.152107e-07,3.30692e-05
-1.151107e-07,1.8151e-05
-1.150107e-07,7.12444e-06
-1.149107e-07,-1.03779e-08
-1.148107e-07,-4.55072e-06
-1.147107e-07,-6.49658e-06
-1.146107e-07,-7.1452e-06
-1.145107e-07,-6.49658e-06
-1.144107e-07,-5.84796e-06
-1.143107e-07,-5.19934e-06
-1.142107e-07,-3.25348e-06
-1.141107e-07,-6.58998e-07
-1.140107e-07,3.23272e-06
-1.139107e-07,7.77306e-06
-1.138107e-07,1.42593e-05
-1.137107e-07,2.13941e-05
-1.136107e-07,2.91775e-05
-1.135107e-07,3.6961e-05
-1.134107e-07,4.34472e-05
-1.133107e-07,4.79875e-05
-1.132107e-07,4.99334e-05
-1.131107e-07,4.99334e-05
-1.130107e-07,4.86361e-05
-1.129107e-07,4.79875e-05
-1.128107e-07,4.86361e-05
-1.127107e-07,5.12306e-05
-1.126107e-07,5.5771e-05
-1.125107e-07,6.29058e-05
-1.124107e-07,7.13378e-05
-1.123107e-07,8.04185e-05
-1.122107e-07,8.88506e-05
-1.121107e-07,9.46882e-05
-1.120107e-07,9.79313e-05
-1.119107e-07,9.79313e-05
-1.118107e-07,9.53368e-05
-1.117107e-07,9.07964e-05
-1.116107e-07,8.62561e-05
-1.115107e-07,8.3013e-05
-1.114107e-07,8.3013e-05
-1.113107e-07,8.8202e-05
-1.112107e-07,9.72826e-05
-1.111107e-07,0.000110904
-1.110107e-07,0.000127119
-1.109107e-07,0.000143335
-1.108107e-07,0.000156956
-1.107107e-07,0.000166685
-1.106107e-07,0.000170577
-1.105107e-07,0.000168631
-1.104107e-07,0.000161496
-1.103107e-07,0.000150469
-1.102107e-07,0.000137497
-1.101107e-07,0.000125822
-1.100107e-07,0.00011739
-1.099107e-07,0.000115444
-1.098107e-07,0.000119984
-1.097107e-07,0.00013166
-1.096107e-07,0.000148524
-1.095107e-07,0.000169279
-1.094107e-07,0.000191981
-1.093107e-07,0.000212737
-1.092107e-07,0.000229601
-1.091107e-07,0.000240628
-1.090107e-07,0.000245168
-1.089107e-07,0.000243871
-1.088107e-07,0.000236736
-1.087107e-07,0.000225709
-1.086107e-07,0.00021144
-1.085107e-07,0.000195873
-1.084107e-07,0.000179657
-1.083107e-07,0.000163442
-1.082107e-07,0.000147226
-1.081107e-07,0.000131011
-1.080107e-07,0.000115444
-1.079107e-07,0.000100526
-1.078107e-07,8.75533e-05
-1.077107e-07,7.71754e-05
-1.076107e-07,7.06892e-05
-1.075107e-07,6.9392e-05
-1.074107e-07,7.52296e-05
-1.073107e-07,8.75533e-05
-1.072107e-07,0.000106363
-1.071107e-07,0.000129065
-1.070107e-07,0.000154361
-1.069107e-07,0.000179009
-1.068107e-07,0.000201062
-1.067107e-07,0.000217277
-1.066107e-07,0.000226358
-1.065107e-07,0.000228304
-1.064107e-07,0.000223764
-1.063107e-07,0.000213386
-1.062107e-07,0.000201062
-1.061107e-07,0.000188738
-1.060107e-07,0.00017836
-1.059107e-07,0.000173171
-1.058107e-07,0.000173171
-1.057107e-07,0.00017836
-1.056107e-07,0.000188089
-1.055107e-07,0.000201062
-1.054107e-07,0.000214683
-1.053107e-07,0.000227007
-1.052107e-07,0.000236087
-1.051107e-07,0.000241925
-1.050107e-07,0.000243871
-1.049107e-07,0.000242574
-1.048107e-07,0.00023933
-1.047107e-07,0.00023479
-1.046107e-07,0.000231547
-1.045107e-07,0.000229601
-1.044107e-07,0.00023025
-1.043107e-07,0.000232196
-1.042107e-07,0.000236736
-1.041107e-07,0.000240628
-1.040107e-07,0.000243222
-1.039107e-07,0.000243222
-1.038107e-07,0.000239979
-1.037107e-07,0.000234141
-1.036107e-07,0.000224412
-1.035107e-07,0.000213386
-1.034107e-07,0.000201062
-1.033107e-07,0.000188089
-1.032107e-07,0.000175766
-1.031107e-07,0.000163442
-1.030107e-07,0.000153064
-1.029107e-07,0.000142037
-1.028107e-07,0.000130362
-1.027107e-07,0.00011739
-1.026107e-07,0.000102472
-1.025107e-07,8.56075e-05
-1.024107e-07,6.61489e-05
-1.023107e-07,4.47444e-05
-1.022107e-07,2.33399e-05
-1.021107e-07,3.88134e-06
-1.020107e-07,-1.23342e-05
-1.019107e-07,-2.40093e-05
-1.018107e-07,-2.85497e-05
-1.017107e-07,-2.66038e-05
-1.016107e-07,-1.75231e-05
-1.015107e-07,-2.60486e-06
-1.014107e-07,1.75024e-05
-1.013107e-07,4.02041e-05
-1.012107e-07,6.4203e-05
-1.011107e-07,8.75533e-05
-1.010107e-07,0.000109606
-1.009107e-07,0.000129065
-1.008107e-07,0.000143983
-1.007107e-07,0.00015501
-1.006107e-07,0.000162145
-1.005107e-07,0.000165388
-1.004107e-07,0.000164091
-1.003107e-07,0.00015955
-1.002107e-07,0.000151118
-1.001107e-07,0.000139443
-1.000107e-07,0.000125822
-9.991067e-08,0.000109606
-9.981067e-08,9.27423e-05
-9.971067e-08,7.71754e-05
-9.961067e-08,6.4203e-05
-9.951067e-08,5.44737e-05
-9.941067e-08,4.99334e-05
-9.931067e-08,5.0582e-05
-9.921067e-08,5.64196e-05
-9.911067e-08,6.67975e-05
-9.901067e-08,8.04185e-05
-9.891067e-08,9.46882e-05
-9.881067e-08,0.000108309
-9.871067e-08,0.000119984
-9.861067e-08,0.000127768
-9.851067e-08,0.000131011
-9.841067e-08,0.000129065
-9.831067e-08,0.000123876
-9.821067e-08,0.000116741
-9.811067e-08,0.000108958
-9.801067e-08,0.000101174
-9.791067e-08,9.53368e-05
-9.781067e-08,9.27423e-05
-9.771067e-08,9.46882e-05
-9.761067e-08,9.85799e-05
-9.751067e-08,0.000104417
-9.741067e-08,0.000110904
-9.731067e-08,0.00011739
-9.721067e-08,0.000122579
-9.711067e-08,0.000124525
-9.701067e-08,0.000124525
-9.691067e-08,0.00012193
-9.681067e-08,0.00011739
-9.671067e-08,0.00011285
-9.661067e-08,0.000109606
-9.651067e-08,0.000108958
-9.641067e-08,0.000110255
-9.631067e-08,0.000115444
-9.621067e-08,0.000122579
-9.611067e-08,0.00013166
-9.601067e-08,0.000141389
-9.591067e-08,0.000151118
-9.581067e-08,0.000160847
-9.571067e-08,0.000169279
-9.561067e-08,0.000175117
-9.551067e-08,0.00017836
-9.541067e-08,0.000180955
-9.531067e-08,0.000182252
-9.521067e-08,0.000184198
-9.511067e-08,0.000186144
-9.501067e-08,0.000188738
-9.491067e-08,0.000191333
-9.481067e-08,0.000195224
-9.471067e-08,0.000199116
-9.461067e-08,0.000204305
-9.451067e-08,0.000209494
-9.441067e-08,0.000214683
-9.431067e-08,0.00022052
-9.421067e-08,0.000226358
-9.411067e-08,0.000232844
-9.401067e-08,0.000239979
-9.391067e-08,0.000247114
-9.381067e-08,0.0002536
-9.371067e-08,0.00025814
-9.361067e-08,0.000260735
-9.351067e-08,0.000260086
-9.341067e-08,0.000254249
-9.331067e-08,0.000243871
-9.321067e-08,0.000227655
-9.311067e-08,0.000206251
-9.301067e-08,0.000180306
-9.291067e-08,0.000151118
-9.281067e-08,0.000121282
-9.271067e-08,9.20937e-05
-9.261067e-08,6.48516e-05
-9.251067e-08,4.21499e-05
-9.241067e-08,2.33399e-05
-9.231067e-08,8.42168e-06
-9.221067e-08,-2.60486e-06
-9.211067e-08,-9.73968e-06
-9.201067e-08,-1.55773e-05
-9.191067e-08,-1.9469e-05
-9.181067e-08,-2.33607e-05
-9.171067e-08,-2.66038e-05
-9.161067e-08,-2.98469e-05
-9.151067e-08,-3.24414e-05
-9.141067e-08,-3.24414e-05
-9.131067e-08,-2.98469e-05
-9.121067e-08,-2.40093e-05
-9.111067e-08,-1.49286e-05
-9.101067e-08,-3.25348e-06
-9.091067e-08,1.03675e-05
-9.081067e-08,2.46372e-05
-9.071067e-08,3.76096e-05
-9.061067e-08,4.92848e-05
-9.051067e-08,5.83654e-05
-9.041067e-08,6.29058e-05
-9.031067e-08,6.35544e-05
-9.021067e-08,6.16085e-05
-9.011067e-08,5.70682e-05
-9.001067e-08,5.25279e-05
-8.991067e-08,4.73389e-05
-8.981067e-08,4.34472e-05
-8.971067e-08,4.21499e-05
-8.961067e-08,4.21499e-05
-8.951067e-08,4.47444e-05
-8.941067e-08,4.92848e-05
-8.931067e-08,5.44737e-05
-8.921067e-08,5.83654e-05
-8.911067e-08,6.16085e-05
-8.901067e-08,6.35544e-05
-8.891067e-08,6.55003e-05
-8.881067e-08,6.61489e-05
-8.871067e-08,6.74461e-05
-8.861067e-08,7.06892e-05
-8.851067e-08,7.65268e-05
-8.841067e-08,8.49589e-05
-8.831067e-08,9.72826e-05
-8.821067e-08,0.000114147
-8.811067e-08,0.000134254
-8.801067e-08,0.000155658
-8.791067e-08,0.00017836
-8.781067e-08,0.000199765
-8.771067e-08,0.00022052
-8.761067e-08,0.000238033
-8.751067e-08,0.000252303
-8.741067e-08,0.000262681
-8.731067e-08,0.000268518
-8.721067e-08,0.000270464
-8.711067e-08,0.00026787
-8.701067e-08,0.000261384
-8.691067e-08,0.000250357
-8.681067e-08,0.000235439
-8.671067e-08,0.000216629
-8.661067e-08,0.000194576
-8.651067e-08,0.000170577
-8.641067e-08,0.000144632
-8.631067e-08,0.000118687
-8.621067e-08,9.33909e-05
-8.611067e-08,7.06892e-05
-8.601067e-08,5.18792e-05
-8.591067e-08,3.89068e-05
-8.581067e-08,3.30692e-05
-8.571067e-08,3.30692e-05
-8.561067e-08,3.95555e-05
-8.551067e-08,5.18792e-05
-8.541067e-08,6.9392e-05
-8.531067e-08,9.01478e-05
-8.521067e-08,0.00011285
-8.511067e-08,0.000137497
-8.501067e-08,0.000163442
-8.491067e-08,0.000189387
-8.481067e-08,0.00021598
-8.471067e-08,0.000242574
-8.461067e-08,0.000269167
-8.451067e-08,0.000293815
-8.441067e-08,0.000315868
-8.431067e-08,0.000334678
-8.421067e-08,0.000348947
-8.411067e-08,0.000356731
-8.401067e-08,0.000356082
-8.391067e-08,0.000347001
-8.381067e-08,0.000330137
-8.371067e-08,0.00030549
-8.361067e-08,0.000274356
-8.351067e-08,0.000239979
-8.341067e-08,0.000204305
-8.331067e-08,0.000169928
-8.321067e-08,0.000138794
-8.311067e-08,0.000112201
-8.301067e-08,9.14451e-05
-8.291067e-08,7.71754e-05
-8.281067e-08,6.74461e-05
-8.271067e-08,6.16085e-05
-8.261067e-08,5.90141e-05
-8.251067e-08,5.83654e-05
-8.241067e-08,5.90141e-05
-8.231067e-08,5.96627e-05
-8.221067e-08,6.03113e-05
-8.211067e-08,6.03113e-05
-8.201067e-08,5.96627e-05
-8.191067e-08,5.90141e-05
-8.181067e-08,5.96627e-05
-8.171067e-08,6.03113e-05
-8.161067e-08,6.09599e-05
-8.151067e-08,6.09599e-05
-8.141067e-08,5.96627e-05
-8.131067e-08,5.64196e-05
-8.121067e-08,5.18792e-05
-8.111067e-08,4.5393e-05
-8.101067e-08,3.82582e-05
-8.091067e-08,3.11234e-05
-8.081067e-08,2.33399e-05
-8.071067e-08,1.62051e-05
-8.061067e-08,1.03675e-05
-8.051067e-08,6.47582e-06
-8.041067e-08,3.23272e-06
-8.031067e-08,1.93548e-06
-8.021067e-08,6.38242e-07
-8.011067e-08,-1.03779e-08
-8.001067e-08,-1.30762e-06
-7.991067e-08,-3.25348e-06
-7.981067e-08,-6.49658e-06
-7.971067e-08,-1.03883e-05
-7.961067e-08,-1.428e-05
-7.951067e-08,-1.81717e-05
-7.941067e-08,-2.14148e-05
-7.931067e-08,-2.27121e-05
-7.921067e-08,-2.20635e-05
-7.911067e-08,-2.07662e-05
-7.901067e-08,-1.88204e-05
-7.891067e-08,-1.75231e-05
-7.881067e-08,-1.62259e-05
-7.871067e-08,-1.62259e-05
-7.861067e-08,-1.55773e-05
-7.851067e-08,-1.55773e-05
-7.841067e-08,-1.428e-05
-7.831067e-08,-1.10369e-05
-7.821067e-08,-4.55072e-06
-7.811067e-08,7.12444e-06
-7.801067e-08,2.33399e-05
-7.791067e-08,4.60417e-05
-7.781067e-08,7.39323e-05
-7.771067e-08,0.000106363
-7.761067e-08,0.00014074
-7.751067e-08,0.000175117
-7.741067e-08,0.000208197
-7.731067e-08,0.000238033
-7.721067e-08,0.000262681
-7.711067e-08,0.000281491
-7.701067e-08,0.000293815
-7.691067e-08,0.000300301
-7.681067e-08,0.000300949
-7.671067e-08,0.000298355
-7.661067e-08,0.00029122
-7.651067e-08,0.000281491
-7.641067e-08,0.000268518
-7.631067e-08,0.000254249
-7.621067e-08,0.000238033
-7.611067e-08,0.000219872
-7.601067e-08,0.000199116
-7.591067e-08,0.000176414
-7.581067e-08,0.000153064
-7.571067e-08,0.000130362
-7.561067e-08,0.000108958
-7.551067e-08,9.14451e-05
-7.541067e-08,7.91213e-05
-7.531067e-08,7.26351e-05
-7.521067e-08,7.13378e-05
-7.511067e-08,7.45809e-05
-7.501067e-08,8.36616e-05
-7.491067e-08,9.53368e-05
-7.481067e-08,0.000108309
-7.471067e-08,0.00012193
-7.461067e-08,0.000134254
-7.451067e-08,0.000143983
-7.441067e-08,0.000151118
-7.431067e-08,0.000155658
-7.421067e-08,0.000157604
-7.411067e-08,0.000156956
-7.401067e-08,0.00015501
-7.391067e-08,0.000151118
-7.381067e-08,0.000145929
-7.371067e-08,0.000140092
-7.361067e-08,0.000132308
-7.351067e-08,0.00012193
-7.341067e-08,0.000109606
-7.331067e-08,9.53368e-05
-7.321067e-08,7.91213e-05
-7.311067e-08,6.29058e-05
-7.301067e-08,4.73389e-05
-7.291067e-08,3.37179e-05
-7.281067e-08,2.39886e-05
-7.271067e-08,1.87996e-05
-7.261067e-08,1.8151e-05
-7.251067e-08,2.26913e-05
-7.241067e-08,3.11234e-05
-7.231067e-08,4.34472e-05
-7.221067e-08,5.83654e-05
-7.211067e-08,7.32837e-05
-7.201067e-08,8.69047e-05
-7.191067e-08,9.92285e-05
-7.181067e-08,0.000109606
-7.171067e-08,0.000116741
-7.161067e-08,0.00012193
-7.151067e-08,0.000124525
-7.141067e-08,0.000125822
-7.131067e-08,0.000125173
-7.121067e-08,0.000123876
-7.111067e-08,0.000120633
-7.101067e-08,0.000116741
-7.091067e-08,0.000110904
-7.081067e-08,0.000103769
-7.071067e-08,9.59854e-05
-7.061067e-08,8.75533e-05
-7.051067e-08,7.97699e-05
-7.041067e-08,7.26351e-05
-7.031067e-08,6.67975e-05
-7.021067e-08,6.35544e-05
-7.011067e-08,6.22572e-05
-7.001067e-08,6.22572e-05
-6.991067e-08,6.4203e-05
-6.981067e-08,6.80947e-05
-6.971067e-08,7.32837e-05
-6.961067e-08,7.84727e-05
-6.951067e-08,8.3013e-05
-6.941067e-08,8.75533e-05
-6.931067e-08,9.14451e-05
-6.921067e-08,9.53368e-05
-6.911067e-08,9.79313e-05
-6.901067e-08,0.000101823
-6.891067e-08,0.000107661
-6.881067e-08,0.000114147
-6.871067e-08,0.000122579
-6.861067e-08,0.000132957
-6.851067e-08,0.000143983
-6.841067e-08,0.000155658
-6.831067e-08,0.000167334
-6.821067e-08,0.00017836
-6.811067e-08,0.000189387
-6.801067e-08,0.000199116
-6.791067e-08,0.000208845
-6.781067e-08,0.000218575
-6.771067e-08,0.000228953
-6.761067e-08,0.000239979
-6.751067e-08,0.000251006
-6.741067e-08,0.000263329
-6.731067e-08,0.000276302
-6.721067e-08,0.000287977
-6.711067e-08,0.000297058
-6.701067e-08,0.000301598
-6.691067e-08,0.000301598
-6.681067e-08,0.000295112
-6.671067e-08,0.000282139
-6.661067e-08,0.000263329
-6.651067e-08,0.000239979
-6.641067e-08,0.000213386
-6.631067e-08,0.000186144
-6.621067e-08,0.000160847
-6.611067e-08,0.000138794
-6.601067e-08,0.000122579
-6.591067e-08,0.000113498
-6.581067e-08,0.00011285
-6.571067e-08,0.000119336
-6.561067e-08,0.000132957
-6.551067e-08,0.000151767
-6.541067e-08,0.000173171
-6.531067e-08,0.000195873
-6.521067e-08,0.000217277
-6.511067e-08,0.00023479
-6.501067e-08,0.000248411
-6.491067e-08,0.000255546
-6.481067e-08,0.000255546
-6.471067e-08,0.00024906
-6.461067e-08,0.000237385
-6.451067e-08,0.000219872
-6.441067e-08,0.000199116
-6.431067e-08,0.000175766
-6.421067e-08,0.000152415
-6.411067e-08,0.00013166
-6.401067e-08,0.000113498
-6.391067e-08,0.000101174
-6.381067e-08,9.53368e-05
-6.371067e-08,9.6634e-05
-6.361067e-08,0.000103769
-6.351067e-08,0.00011739
-6.341067e-08,0.0001362
-6.331067e-08,0.000157604
-6.321067e-08,0.00017836
-6.311067e-08,0.000195873
-6.301067e-08,0.000208197
-6.291067e-08,0.000214683
-6.281067e-08,0.000213386
-6.271067e-08,0.000205602
-6.261067e-08,0.00019263
-6.251067e-08,0.000176414
-6.241067e-08,0.000158253
-6.231067e-08,0.000141389
-6.221067e-08,0.000129065
-6.211067e-08,0.000122579
-6.201067e-08,0.00012193
-6.191067e-08,0.000128416
-6.181067e-08,0.000140092
-6.171067e-08,0.000156307
-6.161067e-08,0.000174468
-6.151067e-08,0.000194576
-6.141067e-08,0.000213386
-6.131067e-08,0.00023025
-6.121067e-08,0.000243871
-6.111067e-08,0.000254897
-6.101067e-08,0.000263329
-6.091067e-08,0.00026787
-6.081067e-08,0.000269167
-6.071067e-08,0.000266573
-6.061067e-08,0.000260086
-6.051067e-08,0.000250357
-6.041067e-08,0.000236087
-6.031067e-08,0.000218575
-6.021067e-08,0.00019717
-6.011067e-08,0.00017382
-6.001067e-08,0.000149172
-5.991067e-08,0.000125822
-5.981067e-08,0.000107012
-5.971067e-08,9.33909e-05
-5.961067e-08,8.75533e-05
-5.951067e-08,8.94992e-05
-5.941067e-08,9.85799e-05
-5.931067e-08,0.000114147
-5.921067e-08,0.000133605
-5.911067e-08,0.00015501
-5.901067e-08,0.000175117
-5.891067e-08,0.000191333
-5.881067e-08,0.000201062
-5.871067e-08,0.000204305
-5.861067e-08,0.000199765
-5.851067e-08,0.000188738
-5.841067e-08,0.000172523
-5.831067e-08,0.000152415
-5.821067e-08,0.00013166
-5.811067e-08,0.00011285
-5.801067e-08,9.72826e-05
-5.791067e-08,8.43102e-05
-5.781067e-08,7.52296e-05
-5.771067e-08,6.80947e-05
-5.761067e-08,6.16085e-05
-5.751067e-08,5.51223e-05
-5.741067e-08,4.73389e-05
-5.731067e-08,3.89068e-05
-5.721067e-08,2.85289e-05
-5.711067e-08,1.75024e-05
-5.701067e-08,7.77306e-06
-5.691067e-08,6.38242e-07
-5.681067e-08,-1.30762e-06
-5.671067e-08,2.5841e-06
-5.661067e-08,1.49079e-05
-5.651067e-08,3.43665e-05
-5.641067e-08,6.03113e-05
-5.631067e-08,9.07964e-05
-5.621067e-08,0.000123876
-5.611067e-08,0.000157604
-5.601067e-08,0.000189387
-5.591067e-08,0.00021598
-5.581067e-08,0.000236736
-5.571067e-08,0.000251654
-5.561067e-08,0.000260086
-5.551067e-08,0.000262032
-5.541067e-08,0.000259438
-5.531067e-08,0.000254249
-5.521067e-08,0.000247114
-5.511067e-08,0.000239979
-5.501067e-08,0.000232844
-5.491067e-08,0.000227007
-5.481067e-08,0.000223115
-5.471067e-08,0.00022052
-5.461067e-08,0.000219872
-5.451067e-08,0.000221169
-5.441067e-08,0.000223115
-5.431067e-08,0.000225709
-5.421067e-08,0.000227655
-5.411067e-08,0.000230898
-5.401067e-08,0.000234141
-5.391067e-08,0.000237385
-5.381067e-08,0.000239979
-5.371067e-08,0.000241925
-5.361067e-08,0.000242574
-5.351067e-08,0.000243222
-5.341067e-08,0.000242574
-5.331067e-08,0.000242574
-5.321067e-08,0.000242574
-5.311067e-08,0.000243871
-5.301067e-08,0.000246465
-5.291067e-08,0.000250357
-5.281067e-08,0.000255546
-5.271067e-08,0.000261384
-5.261067e-08,0.000266573
-5.251067e-08,0.000270464
-5.241067e-08,0.00027241
-5.231067e-08,0.000270464
-5.221067e-08,0.000264627
-5.211067e-08,0.000256195
-5.201067e-08,0.000243871
-5.191067e-08,0.00023025
-5.181067e-08,0.000216629
-5.171067e-08,0.000203008
-5.161067e-08,0.000191981
-5.151067e-08,0.000183549
-5.141067e-08,0.000179009
-5.131067e-08,0.000177712
-5.121067e-08,0.000177712
-5.111067e-08,0.000179657
-5.101067e-08,0.000182901
-5.091067e-08,0.000186792
-5.081067e-08,0.000191333
-5.071067e-08,0.000196522
-5.061067e-08,0.000203008
-5.051067e-08,0.00021144
-5.041067e-08,0.000222466
-5.031067e-08,0.000235439
-5.021067e-08,0.000251006
-5.011067e-08,0.000268518
-5.001067e-08,0.000284734
-4.991067e-08,0.000299652
-4.981067e-08,0.000310679
-4.971067e-08,0.000315868
-4.961067e-08,0.00031457
-4.951067e-08,0.00030549
-4.941067e-08,0.000290571
-4.931067e-08,0.000269816
-4.921067e-08,0.000245817
-4.911067e-08,0.000219872
-4.901067e-08,0.000195224
-4.891067e-08,0.00017382
-4.881067e-08,0.000156307
-4.871067e-08,0.000144632
-4.861067e-08,0.000136848
-4.851067e-08,0.000133605
-4.841067e-08,0.000132308
-4.831067e-08,0.000133605
-4.821067e-08,0.000134903
-4.811067e-08,0.000135551
-4.801067e-08,0.000134254
-4.791067e-08,0.00013166
-4.781067e-08,0.000128416
-4.771067e-08,0.000125822
-4.761067e-08,0.000122579
-4.751067e-08,0.000119336
-4.741067e-08,0.000116093
-4.731067e-08,0.00011285
-4.721067e-08,0.000108958
-4.711067e-08,0.000103769
-4.701067e-08,9.72826e-05
-4.691067e-08,8.88506e-05
-4.681067e-08,7.84727e-05
-4.671067e-08,6.87434e-05
-4.661067e-08,5.90141e-05
-4.651067e-08,5.12306e-05
-4.641067e-08,4.5393e-05
-4.631067e-08,4.27986e-05
-4.621067e-08,4.34472e-05
-4.611067e-08,4.66903e-05
-4.601067e-08,5.18792e-05
-4.591067e-08,5.90141e-05
-4.581067e-08,6.67975e-05
-4.571067e-08,7.32837e-05
-4.561067e-08,7.71754e-05
-4.551067e-08,7.97699e-05
-4.541067e-08,8.04185e-05
-4.531067e-08,8.10671e-05
-4.521067e-08,8.17158e-05
-4.511067e-08,8.43102e-05
-4.501067e-08,8.94992e-05
-4.491067e-08,9.79313e-05
-4.481067e-08,0.000110904
-4.471067e-08,0.000128416
-4.461067e-08,0.000149821
-4.451067e-08,0.000172523
-4.441067e-08,0.000196522
-4.431067e-08,0.000219872
-4.421067e-08,0.000241925
-4.411067e-08,0.000262032
-4.401067e-08,0.000278248
-4.391067e-08,0.000291869
-4.381067e-08,0.000302247
-4.371067e-08,0.00031003
-4.361067e-08,0.000315868
-4.351067e-08,0.000319111
-4.341067e-08,0.000320408
-4.331067e-08,0.000318462
-4.321067e-08,0.000313273
-4.311067e-08,0.000303544
-4.301067e-08,0.000290571
-4.291067e-08,0.000273707
-4.281067e-08,0.000252951
-4.271067e-08,0.000228953
-4.261067e-08,0.000203008
-4.251067e-08,0.000177063
-4.241067e-08,0.000151767
-4.231067e-08,0.000129714
-4.221067e-08,0.000112201
-4.211067e-08,9.85799e-05
-4.201067e-08,9.07964e-05
-4.191067e-08,8.69047e-05
-4.181067e-08,8.69047e-05
-4.171067e-08,8.8202e-05
-4.161067e-08,8.94992e-05
-4.151067e-08,9.07964e-05
-4.141067e-08,9.07964e-05
-4.131067e-08,8.88506e-05
-4.121067e-08,8.49589e-05
-4.111067e-08,8.04185e-05
-4.101067e-08,7.65268e-05
-4.091067e-08,7.32837e-05
-4.081067e-08,7.26351e-05
-4.071067e-08,7.58782e-05
-4.061067e-08,8.36616e-05
-4.051067e-08,9.6634e-05
-4.041067e-08,0.000113498
-4.031067e-08,0.000133605
-4.021067e-08,0.000155658
-4.011067e-08,0.00017836
-4.001067e-08,0.000199765
-3.991067e-08,0.000217926
-3.981067e-08,0.000232196
-3.971067e-08,0.000241925
-3.961067e-08,0.000247114
-3.951067e-08,0.000247114
-3.941067e-08,0.000243222
-3.931067e-08,0.000235439
-3.921067e-08,0.000223115
-3.911067e-08,0.000208845
-3.901067e-08,0.000193278
-3.891067e-08,0.000177712
-3.881067e-08,0.000162145
-3.871067e-08,0.000148524
-3.861067e-08,0.000138146
-3.851067e-08,0.000130362
-3.841067e-08,0.000126471
-3.831067e-08,0.000125173
-3.821067e-08,0.000126471
-3.811067e-08,0.000130362
-3.801067e-08,0.000134254
-3.791067e-08,0.000138146
-3.781067e-08,0.000141389
-3.771067e-08,0.000142686
-3.761067e-08,0.000141389
-3.751067e-08,0.000138146
-3.741067e-08,0.000133605
-3.731067e-08,0.000129065
-3.721067e-08,0.000123876
-3.711067e-08,0.000119984
-3.701067e-08,0.000116741
-3.691067e-08,0.000115444
-3.681067e-08,0.000115444
-3.671067e-08,0.000116093
-3.661067e-08,0.000116741
-3.651067e-08,0.000116741
-3.641067e-08,0.000116093
-3.631067e-08,0.000113498
-3.621067e-08,0.000110255
-3.611067e-08,0.000107012
-3.601067e-08,0.000103769
-3.591067e-08,0.000101174
-3.581067e-08,9.92285e-05
-3.571067e-08,9.85799e-05
-3.561067e-08,9.92285e-05
-3.551067e-08,0.000101174
-3.541067e-08,0.000103769
-3.531067e-08,0.000105715
-3.521067e-08,0.000107012
-3.511067e-08,0.000106363
-3.501067e-08,0.000103769
-3.491067e-08,0.000101174
-3.481067e-08,9.72826e-05
-3.471067e-08,9.40395e-05
-3.461067e-08,9.20937e-05
-3.451067e-08,9.27423e-05
-3.441067e-08,9.59854e-05
-3.431067e-08,0.000101174
-3.421067e-08,0.000108958
-3.411067e-08,0.00011739
-3.401067e-08,0.000125173
-3.391067e-08,0.000131011
-3.381067e-08,0.000134903
-3.371067e-08,0.000134903
-3.361067e-08,0.00013166
-3.351067e-08,0.000124525
-3.341067e-08,0.000116093
-3.331067e-08,0.000107012
-3.321067e-08,9.79313e-05
-3.311067e-08,9.07964e-05
-3.301067e-08,8.69047e-05
-3.291067e-08,8.62561e-05
-3.281067e-08,8.8202e-05
-3.271067e-08,9.20937e-05
-3.261067e-08,9.79313e-05
-3.251067e-08,0.00010312
-3.241067e-08,0.000108309
-3.231067e-08,0.000111552
-3.221067e-08,0.000113498
-3.211067e-08,0.000113498
-3.201067e-08,0.00011285
-3.191067e-08,0.000112201
-3.181067e-08,0.000112201
-3.171067e-08,0.000114147
-3.161067e-08,0.000118687
-3.151067e-08,0.000125822
-3.141067e-08,0.000135551
-3.131067e-08,0.000146578
-3.121067e-08,0.000158253
-3.111067e-08,0.000167982
-3.101067e-08,0.000175766
-3.091067e-08,0.000180306
-3.081067e-08,0.000180955
-3.071067e-08,0.00017836
-3.061067e-08,0.000171874
-3.051067e-08,0.000164091
-3.041067e-08,0.00015501
-3.031067e-08,0.000147226
-3.021067e-08,0.000141389
-3.011067e-08,0.000138146
-3.001067e-08,0.000137497
-2.991067e-08,0.000139443
-2.981067e-08,0.000142686
-2.971067e-08,0.000147875
-2.961067e-08,0.000153064
-2.951067e-08,0.00015955
-2.941067e-08,0.000166036
-2.931067e-08,0.000174468
-2.921067e-08,0.000183549
-2.911067e-08,0.000194576
-2.901067e-08,0.000208845
-2.891067e-08,0.000225061
-2.881067e-08,0.000243222
-2.871067e-08,0.000262032
-2.861067e-08,0.000280194
-2.851067e-08,0.000295112
-2.841067e-08,0.000306138
-2.831067e-08,0.000310679
-2.821067e-08,0.000308084
-2.811067e-08,0.000299004
-2.801067e-08,0.000283437
-2.791067e-08,0.000261384
-2.781067e-08,0.000236736
-2.771067e-08,0.000210143
-2.761067e-08,0.000184198
-2.751067e-08,0.000160199
-2.741067e-08,0.000139443
-2.731067e-08,0.000121282
-2.721067e-08,0.000106363
-2.711067e-08,9.40395e-05
-2.701067e-08,8.43102e-05
-2.691067e-08,7.58782e-05
-2.681067e-08,6.87434e-05
-2.671067e-08,6.22572e-05
-2.661067e-08,5.70682e-05
-2.651067e-08,5.44737e-05
-2.641067e-08,5.51223e-05
-2.631067e-08,5.83654e-05
-2.621067e-08,6.48516e-05
-2.611067e-08,7.45809e-05
-2.601067e-08,8.56075e-05
-2.591067e-08,9.6634e-05
-2.581067e-08,0.000107661
-2.571067e-08,0.00011739
-2.561067e-08,0.000123876
-2.551067e-08,0.000127119
-2.541067e-08,0.000127119
-2.531067e-08,0.000123876
-2.521067e-08,0.000118687
-2.511067e-08,0.000111552
-2.501067e-08,0.000103769
-2.491067e-08,9.53368e-05
-2.481067e-08,8.62561e-05
-2.471067e-08,7.7824e-05
-2.461067e-08,6.87434e-05
-2.451067e-08,6.03113e-05
-2.441067e-08,5.18792e-05
-2.431067e-08,4.40958e-05
-2.421067e-08,3.82582e-05
-2.411067e-08,3.56637e-05
-2.401067e-08,3.6961e-05
-2.391067e-08,4.27986e-05
-2.381067e-08,5.51223e-05
-2.371067e-08,7.26351e-05
-2.361067e-08,9.53368e-05
-2.351067e-08,0.000119984
-2.341067e-08,0.000145929
-2.331067e-08,0.000169279
-2.321067e-08,0.000187441
-2.311067e-08,0.000199116
-2.301067e-08,0.000202359
-2.291067e-08,0.000198467
-2.281067e-08,0.000188089
-2.271067e-08,0.00017382
-2.261067e-08,0.000156956
-2.251067e-08,0.000141389
-2.241067e-08,0.000129714
-2.231067e-08,0.000124525
-2.221067e-08,0.000126471
-2.211067e-08,0.0001362
-2.201067e-08,0.000151767
-2.191067e-08,0.000171874
-2.181067e-08,0.000195224
-2.171067e-08,0.000218575
-2.161067e-08,0.000240628
-2.151067e-08,0.000260735
-2.141067e-08,0.00027695
-2.131067e-08,0.000288626
-2.121067e-08,0.000297058
-2.111067e-08,0.000302247
-2.101067e-08,0.000304841
-2.091067e-08,0.000306138
-2.081067e-08,0.000304841
-2.071067e-08,0.000301598
-2.061067e-08,0.00029576
-2.051067e-08,0.000287977
-2.041067e-08,0.000278248
-2.031067e-08,0.000265924
-2.021067e-08,0.000252303
-2.011067e-08,0.000238033
-2.001067e-08,0.000224412
-1.991067e-08,0.000212737
-1.981067e-08,0.000204305
-1.971067e-08,0.000200413
-1.961067e-08,0.000200413
-1.951067e-08,0.000204305
-1.941067e-08,0.000212088
-1.931067e-08,0.000221818
-1.921067e-08,0.000232196
-1.911067e-08,0.000241925
-1.901067e-08,0.000250357
-1.891067e-08,0.000256195
-1.881067e-08,0.000259438
-1.871067e-08,0.000260735
-1.861067e-08,0.000261384
-1.851067e-08,0.000261384
-1.841067e-08,0.000263329
-1.831067e-08,0.000266573
-1.821067e-08,0.000271761
-1.811067e-08,0.000278248
-1.801067e-08,0.000286031
-1.791067e-08,0.000295112
-1.781067e-08,0.000303544
-1.771067e-08,0.000310679
-1.761067e-08,0.000315219
-1.751067e-08,0.000315868
-1.741067e-08,0.000313273
-1.731067e-08,0.000306138
-1.721067e-08,0.000296409
-1.711067e-08,0.000283437
-1.701067e-08,0.000268518
-1.691067e-08,0.000251654
-1.681067e-08,0.000232844
-1.671067e-08,0.000213386
-1.661067e-08,0.000193278
-1.651067e-08,0.000173171
-1.641067e-08,0.000153064
-1.631067e-08,0.000133605
-1.621067e-08,0.000115444
-1.611067e-08,9.72826e-05
-1.601067e-08,8.04185e-05
-1.591067e-08,6.55003e-05
-1.581067e-08,5.25279e-05
-1.571067e-08,4.15013e-05
-1.561067e-08,3.1772e-05
-1.551067e-08,2.39886e-05
-1.541067e-08,1.8151e-05
-1.531067e-08,1.36106e-05
-1.521067e-08,1.03675e-05
-1.511067e-08,7.12444e-06
-1.501067e-08,5.17858e-06
-1.491067e-08,4.52996e-06
-1.481067e-08,5.8272e-06
-1.471067e-08,8.42168e-06
-1.461067e-08,1.2962e-05
-1.451067e-08,2.00968e-05
-1.441067e-08,2.91775e-05
-1.431067e-08,3.95555e-05
-1.421067e-08,5.18792e-05
-1.411067e-08,6.4203e-05
-1.401067e-08,7.58782e-05
-1.391067e-08,8.49589e-05
-1.381067e-08,9.14451e-05
-1.371067e-08,9.53368e-05
-1.361067e-08,9.6634e-05
-1.351067e-08,9.59854e-05
-1.341067e-08,9.46882e-05
-1.331067e-08,9.40395e-05
-1.321067e-08,9.40395e-05
-1.311067e-08,9.72826e-05
-1.301067e-08,0.00010312
-1.291067e-08,0.000112201
-1.281067e-08,0.000122579
-1.271067e-08,0.000132957
-1.261067e-08,0.000142686
-1.251067e-08,0.000149172
-1.241067e-08,0.000153064
-1.231067e-08,0.000153064
-1.221067e-08,0.000148524
-1.211067e-08,0.00014074
-1.201067e-08,0.00013166
-1.191067e-08,0.000122579
-1.181067e-08,0.000116093
-1.171067e-08,0.00011285
-1.161067e-08,0.000113498
-1.151067e-08,0.000118038
-1.141067e-08,0.000127119
-1.131067e-08,0.000138794
-1.121067e-08,0.000152415
-1.111067e-08,0.000166036
-1.101067e-08,0.000180306
-1.091067e-08,0.00019263
-1.081067e-08,0.000203656
-1.071067e-08,0.000213386
-1.061067e-08,0.000223115
-1.051067e-08,0.000232196
-1.041067e-08,0.000241925
-1.031067e-08,0.000252951
-1.021067e-08,0.000264627
-1.011067e-08,0.00027695
-1.001067e-08,0.000288626
-9.910668e-09,0.000298355
-9.810668e-09,0.00030549
-9.710668e-09,0.000308733
-9.610668e-09,0.000308084
-9.510668e-09,0.000304841
-9.410668e-09,0.000300301
-9.310668e-09,0.00029576
-9.210668e-09,0.00029122
-9.110668e-09,0.000289274
-9.010668e-09,0.000289923
-8.910668e-09,0.000292517
-8.810668e-09,0.000296409
-8.710668e-09,0.000300301
-8.610668e-09,0.000303544
-8.510668e-09,0.000303544
-8.410668e-09,0.000300949
-8.310668e-09,0.000294463
-8.210668e-09,0.000286031
-8.110668e-09,0.000276302
-8.010668e-09,0.000265275
-7.910668e-09,0.000256195
-7.810668e-09,0.00024906
-7.710668e-09,0.000244519
-7.610668e-09,0.000242574
-7.510668e-09,0.000241276
-7.410668e-09,0.00023933
-7.310668e-09,0.000235439
-7.210668e-09,0.000225709
-7.110668e-09,0.000210143
-7.010668e-09,0.000188738
-6.910668e-09,0.000160847
-6.810668e-09,0.000128416
-6.710668e-09,9.20937e-05
-6.610668e-09,5.64196e-05
-6.510668e-09,2.20427e-05
-6.410668e-09,-9.09106e-06
-6.310668e-09,-3.37386e-05
-6.210668e-09,-5.25486e-05
-6.110668e-09,-6.42238e-05
-6.010668e-09,-7.071e-05
-5.910668e-09,-7.26558e-05
-5.810668e-09,-7.13586e-05
-5.710668e-09,-6.74669e-05
-5.610668e-09,-6.09807e-05
-5.510668e-09,-5.31972e-05
-5.410668e-09,-4.28193e-05
-5.310668e-09,-3.04955e-05
-5.210668e-09,-1.55773e-05
-5.110668e-09,1.93548e-06
-5.010668e-09,2.26913e-05
-4.910668e-09,4.40958e-05
-4.810668e-09,6.61489e-05
-4.710668e-09,8.49589e-05
-4.610668e-09,0.000101174
-4.510668e-09,0.000111552
-4.410668e-09,0.000116741
-4.310668e-09,0.000115444
-4.210668e-09,0.000110255
-4.110668e-09,0.000100526
-4.010668e-09,8.88506e-05
-3.910668e-09,7.58782e-05
-3.810668e-09,6.4203e-05
-3.710668e-09,5.44737e-05
-3.610668e-09,4.66903e-05
-3.510668e-09,4.08527e-05
-3.410668e-09,3.6961e-05
-3.310668e-09,3.37179e-05
-3.210668e-09,2.98261e-05
-3.110668e-09,2.39886e-05
-3.010668e-09,1.75024e-05
-2.910668e-09,9.0703e-06
-2.810668e-09,-6.58998e-07
-2.710668e-09,-1.23342e-05
-2.610668e-09,-2.33607e-05
-2.510668e-09,-3.43872e-05
-2.410668e-09,-4.60624e-05
-2.310668e-09,-5.7089e-05
-2.210668e-09,-7.00614e-05
-2.110668e-09,-8.49796e-05
-2.010668e-09,-0.000104438
-1.910668e-09,-0.000128437
-1.810668e-09,-0.000158274
-1.710668e-09,-0.000194596
-1.610668e-09,-0.000237405
-1.510668e-09,-0.0002867
-1.410668e-09,-0.000341833
-1.310668e-09,-0.000402155
-1.210668e-09,-0.000467017
-1.110668e-09,-0.000537716
-1.010668e-09,-0.000613605
-9.106684e-10,-0.00069598
-8.106684e-10,-0.000786787
-7.106684e-10,-0.000887323
-6.106684e-10,-0.000999534
-5.106684e-10,-0.00112537
-4.106684e-10,-0.00126547
-3.106684e-10,-0.00141919
-2.106684e-10,-0.00158718
-1.106684e-10,-0.0017688
-1.066844e-11,-0.00196209
8.933156e-11,-0.00216575
1.893316e-10,-0.0023785
2.893316e-10,-0.00259773
3.893316e-10,-0.0028241
4.893316e-10,-0.00305631
5.893316e-10,-0.00329241
6.893316e-10,-0.00353369
7.893316e-10,-0.00377887
8.893316e-10,-0.00402664
9.893316e-10,-0.00427636
1.089332e-09,-0.00452608
1.189332e-09,-0.00477385
1.289332e-09,-0.00501644
1.389332e-09,-0.00525059
1.489332e-09,-0.00547501
1.589332e-09,-0.00568646
1.689332e-09,-0.00588494
1.789332e-09,-0.00606915
1.889332e-09,-0.00623844
1.989332e-09,-0.00639411
2.089332e-09,-0.00653616
2.189332e-09,-0.00666458
2.289332e-09,-0.00678198
2.389332e-09,-0.00688771
2.489332e-09,-0.00698046
2.589332e-09,-0.00705959
2.689332e-09,-0.00712445
2.789332e-09,-0.00717245
2.889332e-09,-0.00720359
2.989332e-09,-0.00721721
3.089332e-09,-0.00721332
3.189332e-09,-0.00719191
3.289332e-09,-0.00715624
3.389332e-09,-0.00710889
3.489332e-09,-0.00705181
3.589332e-09,-0.0069876
3.689332e-09,-0.00691819
3.789332e-09,-0.00684555
3.889332e-09,-0.0067716
3.989332e-09,-0.00669701
4.089332e-09,-0.00662048
4.189332e-09,-0.00654329
4.289332e-09,-0.00646481
4.389332e-09,-0.00638373
4.489332e-09,-0.00630006
4.589332e-09,-0.00621509
4.689332e-09,-0.00612817
4.789332e-09,-0.00604191
4.889332e-09,-0.00595499
4.989332e-09,-0.00586808
5.089332e-09,-0.00578246
5.189332e-09,-0.00569619
5.289332e-09,-0.00561057
5.389332e-09,-0.00552431
5.489332e-09,-0.00543739
5.589332e-09,-0.00534983
5.689332e-09,-0.00526097
5.789332e-09,-0.00517211
5.889332e-09,-0.0050839
5.989332e-09,-0.00499893
6.089332e-09,-0.00491785
6.189332e-09,-0.00484196
6.289332e-09,-0.00477321
6.389332e-09,-0.00471094
6.489332e-09,-0.00465645
6.589332e-09,-0.00460846
6.689332e-09,-0.00456565
6.789332e-09,-0.00452738
6.889332e-09,-0.00449106
6.989332e-09,-0.00445538
7.089332e-09,-0.00441971
7.189332e-09,-0.00438209
7.289332e-09,-0.00434187
7.389332e-09,-0.00429777
7.489332e-09,-0.00424977
7.589332e-09,-0.00419593
7.689332e-09,-0.00413691
7.789332e-09,-0.0040714
7.889332e-09,-0.0039994
7.989332e-09,-0.00392027
8.089332e-09,-0.00383336
8.189332e-09,-0.00373995
8.289332e-09,-0.00364072
8.389332e-09,-0.00353758
8.489332e-09,-0.00343186
8.589332e-09,-0.00332613
8.689332e-09,-0.00322236
8.789332e-09,-0.00312117
8.889332e-09,-0.00302388
8.989332e-09,-0.00293112
9.089332e-09,-0.00284226
9.189332e-09,-0.00275729
9.289332e-09,-0.00267362
9.389332e-09,-0.00259125
9.489332e-09,-0.00250887
9.589332e-09,-0.00242715
9.689332e-09,-0.00234542
9.789332e-09,-0.00226434
9.889332e-09,-0.00218586
9.989332e-09,-0.00211127
1.008933e-08,-0.00204316
1.018933e-08,-0.00198154
1.028933e-08,-0.00192771
1.038933e-08,-0.00188166
1.048933e-08,-0.00184339
1.058933e-08,-0.00181226
1.068933e-08,-0.00178696
1.078933e-08,-0.0017675
1.088933e-08,-0.00175258
1.098933e-08,-0.00174285
1.108933e-08,-0.00173766
1.118933e-08,-0.00173702
1.128933e-08,-0.0017422
1.138933e-08,-0.00175323
1.148933e-08,-0.00177139
1.158933e-08,-0.00179539
1.168933e-08,-0.00182588
1.178933e-08,-0.0018609
1.188933e-08,-0.00189917
1.198933e-08,-0.00193874
1.208933e-08,-0.00197765
1.218933e-08,-0.00201333
1.228933e-08,-0.00204511
1.238933e-08,-0.00207041
1.248933e-08,-0.00208986
1.258933e-08,-0.00210284
1.268933e-08,-0.00211062
1.278933e-08,-0.00211257
1.288933e-08,-0.00211062
1.298933e-08,-0.00210413
1.308933e-08,-0.0020944
1.318933e-08,-0.00208143
1.328933e-08,-0.00206522
1.338933e-08,-0.00204576
1.348933e-08,-0.00202435
1.358933e-08,-0.00200035
1.368933e-08,-0.00197571
1.378933e-08,-0.00194976
1.388933e-08,-0.00192511
1.398933e-08,-0.00190241
1.408933e-08,-0.00188231
1.418933e-08,-0.00186414
1.428933e-08,-0.00184793
1.438933e-08,-0.00183236
1.448933e-08,-0.00181615
1.458933e-08,-0.00179669
1.468933e-08,-0.00177269
1.478933e-08,-0.00174415
1.488933e-08,-0.00170977
1.498933e-08,-0.00167021
1.508933e-08,-0.0016261
1.518933e-08,-0.00157875
1.528933e-08,-0.00153011
1.538933e-08,-0.00148081
1.548933e-08,-0.00143411
1.558933e-08,-0.00139065
1.568933e-08,-0.00135044
1.578933e-08,-0.00131347
1.588933e-08,-0.00128039
1.598933e-08,-0.0012499
1.608933e-08,-0.00122071
1.618933e-08,-0.00119347
1.628933e-08,-0.00116818
1.638933e-08,-0.00114547
1.648933e-08,-0.00112537
1.658933e-08,-0.0011085
1.668933e-08,-0.00109618
1.678933e-08,-0.00108904
1.688933e-08,-0.0010858
1.698933e-08,-0.0010871
1.708933e-08,-0.00109034
1.718933e-08,-0.00109423
1.728933e-08,-0.00109748
1.738933e-08,-0.00109748
1.748933e-08,-0.00109358
1.758933e-08,-0.0010858
1.768933e-08,-0.00107283
1.778933e-08,-0.00105726
1.788933e-08,-0.0010391
1.798933e-08,-0.00102159
1.808933e-08,-0.00100602
1.818933e-08,-0.000992399
1.828933e-08,-0.000981373
1.838933e-08,-0.000972292
1.848933e-08,-0.000965157
1.858933e-08,-0.000957374
1.868933e-08,-0.000948293
1.878933e-08,-0.000938564
1.888933e-08,-0.00092624
1.898933e-08,-0.000911322
1.908933e-08,-0.000895106
1.918933e-08,-0.000878242
1.928933e-08,-0.000861378
1.938933e-08,-0.000845811
1.948933e-08,-0.000830893
1.958933e-08,-0.00081792
1.968933e-08,-0.000805597
1.978933e-08,-0.000791976
1.988933e-08,-0.00077576
1.998933e-08,-0.00075695
2.008933e-08,-0.000734248
2.018933e-08,-0.000708304
2.028933e-08,-0.000678467
2.038933e-08,-0.000647982
2.048933e-08,-0.000618794
2.058933e-08,-0.000592201
2.068933e-08,-0.000572093
2.078933e-08,-0.000559121
2.088933e-08,-0.000553932
2.098933e-08,-0.000555229
2.108933e-08,-0.000562364
2.118933e-08,-0.000572742
2.128933e-08,-0.000583769
2.138933e-08,-0.000592849
2.148933e-08,-0.000598038
2.158933e-08,-0.000598038
2.168933e-08,-0.000592201
2.178933e-08,-0.000581174
2.188933e-08,-0.000565607
2.198933e-08,-0.000547446
2.208933e-08,-0.000527987
2.218933e-08,-0.000508529
2.228933e-08,-0.000491664
2.238933e-08,-0.000476746
2.248933e-08,-0.000463774
2.258933e-08,-0.000452099
2.268933e-08,-0.000441072
2.278933e-08,-0.000430046
2.288933e-08,-0.00041837
2.298933e-08,-0.000405398
2.308933e-08,-0.000392426
2.318933e-08,-0.000380102
2.328933e-08,-0.000369724
2.338933e-08,-0.000361292
2.348933e-08,-0.000356751
2.358933e-08,-0.000355454
2.368933e-08,-0.000358049
2.378933e-08,-0.000363238
2.388933e-08,-0.000369724
2.398933e-08,-0.000378156
2.408933e-08,-0.000385939
2.418933e-08,-0.000393074
2.428933e-08,-0.000398912
2.438933e-08,-0.000403452
2.448933e-08,-0.000407344
2.458933e-08,-0.000411236
2.468933e-08,-0.000417073
2.478933e-08,-0.000425505
2.488933e-08,-0.00043718
2.498933e-08,-0.000452099
2.508933e-08,-0.000470909
2.518933e-08,-0.000492313
2.528933e-08,-0.000516312
2.538933e-08,-0.00054096
2.548933e-08,-0.000566904
2.558933e-08,-0.000592201
2.568933e-08,-0.000616848
2.578933e-08,-0.000638901
2.588933e-08,-0.000659008
2.598933e-08,-0.000676521
2.608933e-08,-0.000690142
2.618933e-08,-0.000699872
2.628933e-08,-0.000705709
2.638933e-08,-0.000707006
2.648933e-08,-0.00070506
2.658933e-08,-0.000697926
2.668933e-08,-0.00068625
2.678933e-08,-0.000671332
2.688933e-08,-0.000654468
2.698933e-08,-0.000636307
2.708933e-08,-0.000618794
2.718933e-08,-0.000603227
2.728933e-08,-0.000590903
2.738933e-08,-0.000581823
2.748933e-08,-0.000575985
2.758933e-08,-0.000573391
2.768933e-08,-0.000573391
2.778933e-08,-0.000575336
2.788933e-08,-0.000576634
2.798933e-08,-0.000577931
2.808933e-08,-0.000577931
2.818933e-08,-0.000574688
2.828933e-08,-0.000570796
2.838933e-08,-0.000565607
2.848933e-08,-0.000560418
2.858933e-08,-0.000554581
2.868933e-08,-0.00055004
2.878933e-08,-0.000546797
2.888933e-08,-0.000543554
2.898933e-08,-0.000539662
2.908933e-08,-0.000534473
2.918933e-08,-0.000527339
2.928933e-08,-0.000516961
2.938933e-08,-0.000502691
2.948933e-08,-0.000486475
2.958933e-08,-0.000467666
2.968933e-08,-0.000447558
2.978933e-08,-0.000427451
2.988933e-08,-0.000408641
2.998933e-08,-0.000393074
3.008933e-08,-0.00038075
3.018933e-08,-0.000370372
3.028933e-08,-0.000361292
3.038933e-08,-0.000353508
3.048933e-08,-0.000343779
3.058933e-08,-0.000331455
3.068933e-08,-0.00031524
3.078933e-08,-0.000295133
3.088933e-08,-0.000271134
3.098933e-08,-0.00024454
3.108933e-08,-0.00021665
3.118933e-08,-0.000190056
3.128933e-08,-0.000165409
3.138933e-08,-0.000144653
3.148933e-08,-0.000129086
3.158933e-08,-0.000118059
3.168933e-08,-0.000112222
3.178933e-08,-0.000109627
3.188933e-08,-0.000109627
3.198933e-08,-0.000109627
3.208933e-08,-0.000108979
3.218933e-08,-0.000105735
3.228933e-08,-0.000101195
3.238933e-08,-9.40603e-05
3.248933e-08,-8.62769e-05
3.258933e-08,-7.84934e-05
3.268933e-08,-7.13586e-05
3.278933e-08,-6.68183e-05
3.288933e-08,-6.48724e-05
3.298933e-08,-6.5521e-05
3.308933e-08,-6.81155e-05
3.318933e-08,-7.20072e-05
3.328933e-08,-7.65476e-05
3.338933e-08,-8.10879e-05
3.348933e-08,-8.49796e-05
3.358933e-08,-8.82227e-05
3.368933e-08,-9.14658e-05
3.378933e-08,-9.34117e-05
3.388933e-08,-9.66548e-05
3.398933e-08,-0.000101195
3.408933e-08,-0.00010833
3.418933e-08,-0.000116762
3.428933e-08,-0.000127789
3.438933e-08,-0.00014141
3.448933e-08,-0.000155679
3.458933e-08,-0.000171246
3.468933e-08,-0.000187462
3.478933e-08,-0.000204974
3.488933e-08,-0.000222487
3.498933e-08,-0.000240648
3.508933e-08,-0.000260756
3.518933e-08,-0.00028216
3.528933e-08,-0.00030551
3.538933e-08,-0.000330158
3.548933e-08,-0.000355454
3.558933e-08,-0.000382048
3.568933e-08,-0.000406047
3.578933e-08,-0.000427451
3.588933e-08,-0.000444315
3.598933e-08,-0.000457288
3.608933e-08,-0.000464422
3.618933e-08,-0.000466368
3.628933e-08,-0.000464422
3.638933e-08,-0.000459882
3.648933e-08,-0.000454044
3.658933e-08,-0.000447558
3.668933e-08,-0.000443018
3.678933e-08,-0.000439126
3.688933e-08,-0.000435883
3.698933e-08,-0.000431991
3.708933e-08,-0.000426154
3.718933e-08,-0.000417073
3.728933e-08,-0.000402803
3.738933e-08,-0.000383994
3.748933e-08,-0.000359995
3.758933e-08,-0.000332104
3.768933e-08,-0.000302267
3.778933e-08,-0.000271782
3.788933e-08,-0.00024454
3.798933e-08,-0.000221838
3.808933e-08,-0.000204326
3.818933e-08,-0.000192002
3.828933e-08,-0.000184867
3.838933e-08,-0.000180975
3.848933e-08,-0.000178381
3.858933e-08,-0.000175786
3.868933e-08,-0.000170597
3.878933e-08,-0.000162165
3.888933e-08,-0.000149842
3.898933e-08,-0.000134275
3.908933e-08,-0.000117411
3.918933e-08,-0.000100547
3.928933e-08,-8.62769e-05
3.938933e-08,-7.46017e-05
3.948933e-08,-6.61696e-05
3.958933e-08,-6.22779e-05
3.968933e-08,-6.16293e-05
3.978933e-08,-6.16293e-05
3.988933e-08,-6.22779e-05
3.998933e-08,-6.16293e-05
4.008933e-08,-5.90348e-05
4.018933e-08,-5.31972e-05
4.028933e-08,-4.6711e-05
4.038933e-08,-3.89276e-05
4.048933e-08,-3.24414e-05
4.058933e-08,-2.7901e-05
4.068933e-08,-2.66038e-05
4.078933e-08,-2.91983e-05
4.088933e-08,-3.56845e-05
4.098933e-08,-4.47652e-05
4.108933e-08,-5.57917e-05
4.118933e-08,-6.81155e-05
4.128933e-08,-7.9142e-05
4.138933e-08,-8.75741e-05
4.148933e-08,-9.40603e-05
4.158933e-08,-9.7952e-05
4.168933e-08,-0.000100547
4.178933e-08,-0.000102492
4.188933e-08,-0.000105087
4.198933e-08,-0.000108979
4.208933e-08,-0.000116113
4.218933e-08,-0.000125843
4.228933e-08,-0.000138166
4.238933e-08,-0.000152436
4.248933e-08,-0.000166706
4.258933e-08,-0.000180327
4.268933e-08,-0.000190705
4.278933e-08,-0.000198488
4.288933e-08,-0.000203677
4.298933e-08,-0.00020692
4.308933e-08,-0.000209515
4.318933e-08,-0.000213406
4.328933e-08,-0.000219244
4.338933e-08,-0.000228973
4.348933e-08,-0.000242594
4.358933e-08,-0.000261404
4.368933e-08,-0.000284106
4.378933e-08,-0.000308105
4.388933e-08,-0.000332104
4.398933e-08,-0.000353508
4.408933e-08,-0.000370372
4.418933e-08,-0.00038075
4.428933e-08,-0.000383994
4.438933e-08,-0.000380102
4.448933e-08,-0.000369724
4.458933e-08,-0.000353508
4.468933e-08,-0.00033405
4.478933e-08,-0.000312645
4.488933e-08,-0.000291241
4.498933e-08,-0.000270485
4.508933e-08,-0.000251675
4.518933e-08,-0.000235459
4.528933e-08,-0.000221838
4.538933e-08,-0.000210812
4.548933e-08,-0.00020238
4.558933e-08,-0.000195245
4.568933e-08,-0.000190056
4.578933e-08,-0.000186164
4.588933e-08,-0.000182921
4.598933e-08,-0.000179678
4.608933e-08,-0.000177084
4.618933e-08,-0.000173841
4.628933e-08,-0.000168652
4.638933e-08,-0.000160868
4.648933e-08,-0.000151139
4.658933e-08,-0.000138166
4.668933e-08,-0.000123248
4.678933e-08,-0.000108979
4.688933e-08,-9.53575e-05
4.698933e-08,-8.49796e-05
4.708933e-08,-7.97907e-05
4.718933e-08,-8.10879e-05
4.728933e-08,-9.01686e-05
4.738933e-08,-0.000106384
4.748933e-08,-0.000129086
4.758933e-08,-0.000155679
4.768933e-08,-0.000184219
4.778933e-08,-0.000210163
4.788933e-08,-0.000230919
4.798933e-08,-0.000245837
4.808933e-08,-0.000251026
4.818933e-08,-0.000246486
4.828933e-08,-0.000232865
4.838933e-08,-0.000213406
4.848933e-08,-0.000189407
4.858933e-08,-0.000165409
4.868933e-08,-0.000143355
4.878933e-08,-0.000125194
4.888933e-08,-0.00011287
4.898933e-08,-0.000105735
4.908933e-08,-0.00010379
4.918933e-08,-0.000106384
4.928933e-08,-0.000112222
4.938933e-08,-0.000119356
4.948933e-08,-0.000125843
4.958933e-08,-0.000133626
4.968933e-08,-0.000140761
4.978933e-08,-0.000149193
4.988933e-08,-0.000158274
4.998933e-08,-0.000168652
5.008933e-08,-0.000180327
5.018933e-08,-0.000192002
5.028933e-08,-0.00020238
5.038933e-08,-0.000209515
5.048933e-08,-0.000213406
5.058933e-08,-0.000210163
5.068933e-08,-0.000201083
5.078933e-08,-0.000186164
5.088933e-08,-0.000166706
5.098933e-08,-0.000145301
5.108933e-08,-0.000124545
5.118933e-08,-0.000107681
5.128933e-08,-9.73034e-05
5.138933e-08,-9.40603e-05
5.148933e-08,-9.7952e-05
5.158933e-08,-0.000108979
5.168933e-08,-0.000125843
5.178933e-08,-0.000145301
5.188933e-08,-0.00016476
5.198933e-08,-0.000180975
5.208933e-08,-0.000193299
5.218933e-08,-0.000199785
5.228933e-08,-0.000201731
5.238933e-08,-0.000198488
5.248933e-08,-0.000193299
5.258933e-08,-0.000186164
5.268933e-08,-0.000180327
5.278933e-08,-0.000176435
5.288933e-08,-0.000173841
5.298933e-08,-0.000172543
5.308933e-08,-0.000171246
5.318933e-08,-0.0001693
5.328933e-08,-0.00016476
5.338933e-08,-0.000156328
5.348933e-08,-0.000142707
5.358933e-08,-0.000125194
5.368933e-08,-0.000105087
5.378933e-08,-8.36824e-05
5.388933e-08,-6.22779e-05
5.398933e-08,-4.34679e-05
5.408933e-08,-2.7901e-05
5.418933e-08,-1.55773e-05
5.428933e-08,-7.79382e-06
5.438933e-08,-2.60486e-06
5.448933e-08,1.28686e-06
5.458933e-08,5.17858e-06
5.468933e-08,1.03675e-05
5.478933e-08,1.62051e-05
5.488933e-08,2.33399e-05
5.498933e-08,2.98261e-05
5.508933e-08,3.50151e-05
5.518933e-08,3.6961e-05
5.528933e-08,3.56637e-05
5.538933e-08,2.98261e-05
5.548933e-08,1.94482e-05
5.558933e-08,5.8272e-06
5.568933e-08,-9.09106e-06
5.578933e-08,-2.40093e-05
5.588933e-08,-3.69817e-05
5.598933e-08,-4.54138e-05
5.608933e-08,-4.86569e-05
5.618933e-08,-4.60624e-05
5.628933e-08,-3.89276e-05
5.638933e-08,-2.72524e-05
5.648933e-08,-1.428e-05
5.658933e-08,-1.03779e-08
5.668933e-08,1.23134e-05
5.678933e-08,2.20427e-05
5.688933e-08,2.85289e-05
5.698933e-08,3.11234e-05
5.708933e-08,2.98261e-05
5.718933e-08,2.52858e-05
5.728933e-08,1.87996e-05
5.738933e-08,1.16648e-05
5.748933e-08,3.23272e-06
5.758933e-08,-5.19934e-06
5.768933e-08,-1.55773e-05
5.778933e-08,-2.66038e-05
5.788933e-08,-3.89276e-05
5.798933e-08,-5.31972e-05
5.808933e-08,-6.94127e-05
5.818933e-08,-8.56282e-05
5.828933e-08,-0.000101195
5.838933e-08,-0.00011287
5.848933e-08,-0.000119356
5.858933e-08,-0.000118708
5.868933e-08,-0.000109627
5.878933e-08,-9.40603e-05
5.888933e-08,-7.20072e-05
5.898933e-08,-4.47652e-05
5.908933e-08,-1.55773e-05
5.918933e-08,1.2962e-05
5.928933e-08,3.82582e-05
5.938933e-08,5.77168e-05
5.948933e-08,6.9392e-05
5.958933e-08,7.26351e-05
5.968933e-08,6.9392e-05
5.978933e-08,6.09599e-05
5.988933e-08,4.92848e-05
5.998933e-08,3.6961e-05
6.008933e-08,2.52858e-05
6.018933e-08,1.75024e-05
6.028933e-08,1.42593e-05
6.038933e-08,1.62051e-05
6.048933e-08,2.33399e-05
6.058933e-08,3.43665e-05
6.068933e-08,4.79875e-05
6.078933e-08,6.29058e-05
6.088933e-08,7.84727e-05
6.098933e-08,9.40395e-05
6.108933e-08,0.000108958
6.118933e-08,0.00012193
6.128933e-08,0.000134903
6.138933e-08,0.000148524
6.148933e-08,0.000162145
6.158933e-08,0.000175117
6.168933e-08,0.000188089
6.178933e-08,0.000199765
6.188933e-08,0.000209494
6.198933e-08,0.000216629
6.208933e-08,0.000219223
6.218933e-08,0.000217926
6.228933e-08,0.000212088
6.238933e-08,0.000201062
6.248933e-08,0.000187441
6.258933e-08,0.000169928
6.268933e-08,0.000151118
6.278933e-08,0.000130362
6.288933e-08,0.000108958
6.298933e-08,8.69047e-05
6.308933e-08,6.4203e-05
6.318933e-08,4.15013e-05
6.328933e-08,1.94482e-05
6.338933e-08,-6.58998e-07
6.348933e-08,-1.88204e-05
6.358933e-08,-3.43872e-05
6.368933e-08,-4.6711e-05
6.378933e-08,-5.31972e-05
6.388933e-08,-5.44945e-05
6.398933e-08,-4.93055e-05
6.408933e-08,-3.89276e-05
6.418933e-08,-2.46579e-05
6.428933e-08,-6.49658e-06
6.438933e-08,1.16648e-05
6.448933e-08,2.98261e-05
6.458933e-08,4.5393e-05
6.468933e-08,5.90141e-05
6.478933e-08,6.87434e-05
6.488933e-08,7.65268e-05
6.498933e-08,8.23644e-05
6.508933e-08,8.8202e-05
6.518933e-08,9.46882e-05
6.528933e-08,0.000102472
6.538933e-08,0.000111552
6.548933e-08,0.000121282
6.558933e-08,0.000129714
6.568933e-08,0.000134903
6.578933e-08,0.000135551
6.588933e-08,0.000129714
6.598933e-08,0.000114795
6.608933e-08,9.14451e-05
6.618933e-08,5.96627e-05
6.628933e-08,2.26913e-05
6.638933e-08,-1.75231e-05
6.648933e-08,-5.83862e-05
6.658933e-08,-9.66548e-05
6.668933e-08,-0.000129086
6.678933e-08,-0.000155031
6.688933e-08,-0.000171895
6.698933e-08,-0.000179678
6.708933e-08,-0.000177732
6.718933e-08,-0.000168003
6.728933e-08,-0.000151787
6.738933e-08,-0.000131032
6.748933e-08,-0.000105735
6.758933e-08,-7.78448e-05
6.768933e-08,-4.6711e-05
6.778933e-08,-1.36314e-05
6.788933e-08,2.07455e-05
6.798933e-08,5.70682e-05
6.808933e-08,9.40395e-05
6.818933e-08,0.000130362
6.828933e-08,0.000162145
6.838933e-08,0.000188738
6.848933e-08,0.000207548
6.858933e-08,0.000217277
6.868933e-08,0.000216629
6.878933e-08,0.000204954
6.888933e-08,0.000184198
6.898933e-08,0.000156307
6.908933e-08,0.000123876
6.918933e-08,9.07964e-05
6.928933e-08,5.96627e-05
6.938933e-08,3.43665e-05
6.948933e-08,1.55565e-05
6.958933e-08,5.17858e-06
6.968933e-08,1.28686e-06
6.978933e-08,4.52996e-06
6.988933e-08,1.10162e-05
6.998933e-08,1.87996e-05
7.008933e-08,2.6583e-05
7.018933e-08,3.1772e-05
7.028933e-08,3.43665e-05
7.038933e-08,3.30692e-05
7.048933e-08,2.91775e-05
7.058933e-08,2.26913e-05
7.068933e-08,1.55565e-05
7.078933e-08,7.77306e-06
7.088933e-08,6.38242e-07
7.098933e-08,-5.84796e-06
7.108933e-08,-1.16855e-05
7.118933e-08,-1.88204e-05
7.128933e-08,-2.66038e-05
7.138933e-08,-3.63331e-05
7.148933e-08,-4.73596e-05
7.158933e-08,-5.90348e-05
7.168933e-08,-7.071e-05
7.178933e-08,-8.04393e-05
7.188933e-08,-8.62769e-05
7.198933e-08,-8.82227e-05
7.208933e-08,-8.36824e-05
7.218933e-08,-7.26558e-05
7.228933e-08,-5.57917e-05
7.238933e-08,-3.50359e-05
7.248933e-08,-1.29828e-05
7.258933e-08,9.0703e-06
7.268933e-08,2.91775e-05
7.278933e-08,4.47444e-05
7.288933e-08,5.51223e-05
7.298933e-08,6.09599e-05
7.308933e-08,6.35544e-05
7.318933e-08,6.29058e-05
7.328933e-08,6.09599e-05
7.338933e-08,5.90141e-05
7.348933e-08,5.77168e-05
7.358933e-08,5.77168e-05
7.368933e-08,5.90141e-05
7.378933e-08,5.96627e-05
7.388933e-08,6.09599e-05
7.398933e-08,5.96627e-05
7.408933e-08,5.64196e-05
7.418933e-08,5.0582e-05
7.428933e-08,4.21499e-05
7.438933e-08,3.1772e-05
7.448933e-08,2.13941e-05
7.458933e-08,1.16648e-05
7.468933e-08,4.52996e-06
7.478933e-08,6.38242e-07
7.488933e-08,-1.03779e-08
7.498933e-08,2.5841e-06
7.508933e-08,6.47582e-06
7.518933e-08,1.16648e-05
7.528933e-08,1.68537e-05
7.538933e-08,2.07455e-05
7.548933e-08,2.26913e-05
7.558933e-08,2.20427e-05
7.568933e-08,1.94482e-05
7.578933e-08,1.62051e-05
7.588933e-08,1.23134e-05
7.598933e-08,9.0703e-06
7.608933e-08,9.0703e-06
7.618933e-08,1.23134e-05
7.628933e-08,1.8151e-05
7.638933e-08,2.6583e-05
7.648933e-08,3.76096e-05
7.658933e-08,4.99334e-05
7.668933e-08,6.22572e-05
7.678933e-08,7.52296e-05
7.688933e-08,8.75533e-05
7.698933e-08,9.98771e-05
7.708933e-08,0.000112201
7.718933e-08,0.000123876
7.728933e-08,0.0001362
