LECROYWaveRunner‘N,20113,Waveform
Segments,1,SegmentSize,2002
Segment,TrigTime,TimeSinceSegment1
#1,28-Sep-2018 13:20:52,0                 
Time,Ampl
-1.228867e-07,8.88506e-05
-1.227867e-07,9.01478e-05
-1.226867e-07,8.75533e-05
-1.225867e-07,8.04185e-05
-1.224867e-07,6.9392e-05
-1.223867e-07,5.51223e-05
-1.222867e-07,3.82582e-05
-1.221867e-07,2.13941e-05
-1.220867e-07,4.52996e-06
-1.219867e-07,-1.03883e-05
-1.218867e-07,-2.33607e-05
-1.217867e-07,-3.309e-05
-1.216867e-07,-4.15221e-05
-1.215867e-07,-4.73596e-05
-1.214867e-07,-5.25486e-05
-1.213867e-07,-5.7089e-05
-1.212867e-07,-6.09807e-05
-1.211867e-07,-6.48724e-05
-1.210867e-07,-6.68183e-05
-1.209867e-07,-6.61696e-05
-1.208867e-07,-6.22779e-05
-1.207867e-07,-5.38459e-05
-1.206867e-07,-4.15221e-05
-1.205867e-07,-2.46579e-05
-1.204867e-07,-4.55072e-06
-1.203867e-07,1.8151e-05
-1.202867e-07,4.02041e-05
-1.201867e-07,6.03113e-05
-1.200867e-07,7.71754e-05
-1.199867e-07,8.88506e-05
-1.198867e-07,9.53368e-05
-1.197867e-07,9.53368e-05
-1.196867e-07,8.94992e-05
-1.195867e-07,8.04185e-05
-1.194867e-07,7.00406e-05
-1.193867e-07,5.83654e-05
-1.192867e-07,4.79875e-05
-1.191867e-07,3.95555e-05
-1.190867e-07,3.30692e-05
-1.189867e-07,2.78803e-05
-1.188867e-07,2.26913e-05
-1.187867e-07,1.68537e-05
-1.186867e-07,7.77306e-06
-1.185867e-07,-3.9021e-06
-1.184867e-07,-1.9469e-05
-1.183867e-07,-3.8279e-05
-1.182867e-07,-5.96834e-05
-1.181867e-07,-8.17365e-05
-1.180867e-07,-0.00010379
-1.179867e-07,-0.000124545
-1.178867e-07,-0.00014141
-1.177867e-07,-0.000155679
-1.176867e-07,-0.000165409
-1.175867e-07,-0.000172543
-1.174867e-07,-0.000177084
-1.173867e-07,-0.000181624
-1.172867e-07,-0.000186164
-1.171867e-07,-0.000192002
-1.170867e-07,-0.000199137
-1.169867e-07,-0.000206272
-1.168867e-07,-0.000214704
-1.167867e-07,-0.000221838
-1.166867e-07,-0.000226379
-1.165867e-07,-0.000227676
-1.164867e-07,-0.00022573
-1.163867e-07,-0.000220541
-1.162867e-07,-0.000211461
-1.161867e-07,-0.00019784
-1.160867e-07,-0.000180327
-1.159867e-07,-0.000158922
-1.158867e-07,-0.000133626
-1.157867e-07,-0.00010379
-1.156867e-07,-7.13586e-05
-1.155867e-07,-3.63331e-05
-1.154867e-07,6.38242e-07
-1.153867e-07,3.82582e-05
-1.152867e-07,7.39323e-05
-1.151867e-07,0.000106363
-1.150867e-07,0.000132308
-1.149867e-07,0.000148524
-1.148867e-07,0.000154361
-1.147867e-07,0.000147226
-1.146867e-07,0.000128416
-1.145867e-07,0.000100526
-1.144867e-07,6.4203e-05
-1.143867e-07,2.46372e-05
-1.142867e-07,-1.428e-05
-1.141867e-07,-4.93055e-05
-1.140867e-07,-7.65476e-05
-1.139867e-07,-9.40603e-05
-1.138867e-07,-0.000101195
-1.137867e-07,-9.73034e-05
-1.136867e-07,-8.62769e-05
-1.135867e-07,-6.94127e-05
-1.134867e-07,-4.99541e-05
-1.133867e-07,-3.24414e-05
-1.132867e-07,-1.9469e-05
-1.131867e-07,-1.29828e-05
-1.130867e-07,-1.29828e-05
-1.129867e-07,-1.75231e-05
-1.128867e-07,-2.66038e-05
-1.127867e-07,-3.63331e-05
-1.126867e-07,-4.47652e-05
-1.125867e-07,-4.99541e-05
-1.124867e-07,-5.06027e-05
-1.123867e-07,-4.6711e-05
-1.122867e-07,-3.8279e-05
-1.121867e-07,-2.72524e-05
-1.120867e-07,-1.49286e-05
-1.119867e-07,-3.9021e-06
-1.118867e-07,4.52996e-06
-1.117867e-07,8.42168e-06
-1.116867e-07,8.42168e-06
-1.115867e-07,5.17858e-06
-1.114867e-07,-1.03779e-08
-1.113867e-07,-4.55072e-06
-1.112867e-07,-8.44244e-06
-1.111867e-07,-9.09106e-06
-1.110867e-07,-6.49658e-06
-1.109867e-07,-1.03779e-08
-1.108867e-07,7.77306e-06
-1.107867e-07,1.55565e-05
-1.106867e-07,2.33399e-05
-1.105867e-07,2.78803e-05
-1.104867e-07,2.91775e-05
-1.103867e-07,2.52858e-05
-1.102867e-07,1.62051e-05
-1.101867e-07,3.23272e-06
-1.100867e-07,-1.23342e-05
-1.099867e-07,-2.98469e-05
-1.098867e-07,-4.6711e-05
-1.097867e-07,-6.16293e-05
-1.096867e-07,-7.39531e-05
-1.095867e-07,-8.36824e-05
-1.094867e-07,-8.952e-05
-1.093867e-07,-9.21144e-05
-1.092867e-07,-9.27631e-05
-1.091867e-07,-9.14658e-05
-1.090867e-07,-8.82227e-05
-1.089867e-07,-8.36824e-05
-1.088867e-07,-7.84934e-05
-1.087867e-07,-7.20072e-05
-1.086867e-07,-6.5521e-05
-1.085867e-07,-5.90348e-05
-1.084867e-07,-5.31972e-05
-1.083867e-07,-4.86569e-05
-1.082867e-07,-4.6711e-05
-1.081867e-07,-4.80083e-05
-1.080867e-07,-5.38459e-05
-1.079867e-07,-6.35752e-05
-1.078867e-07,-7.65476e-05
-1.077867e-07,-9.14658e-05
-1.076867e-07,-0.000107033
-1.075867e-07,-0.000121302
-1.074867e-07,-0.000131032
-1.073867e-07,-0.000135572
-1.072867e-07,-0.000133626
-1.071867e-07,-0.000125843
-1.070867e-07,-0.000113519
-1.069867e-07,-9.92493e-05
-1.068867e-07,-8.49796e-05
-1.067867e-07,-7.33045e-05
-1.066867e-07,-6.61696e-05
-1.065867e-07,-6.5521e-05
-1.064867e-07,-7.13586e-05
-1.063867e-07,-8.23851e-05
-1.062867e-07,-9.66548e-05
-1.061867e-07,-0.000112222
-1.060867e-07,-0.00012714
-1.059867e-07,-0.000138166
-1.058867e-07,-0.000144004
-1.057867e-07,-0.000144653
-1.056867e-07,-0.000138815
-1.055867e-07,-0.000127789
-1.054867e-07,-0.000112222
-1.053867e-07,-9.40603e-05
-1.052867e-07,-7.52503e-05
-1.051867e-07,-5.64403e-05
-1.050867e-07,-3.89276e-05
-1.049867e-07,-2.27121e-05
-1.048867e-07,-7.1452e-06
-1.047867e-07,7.12444e-06
-1.046867e-07,2.00968e-05
-1.045867e-07,3.1772e-05
-1.044867e-07,4.02041e-05
-1.043867e-07,4.5393e-05
-1.042867e-07,4.66903e-05
-1.041867e-07,4.21499e-05
-1.040867e-07,3.1772e-05
-1.039867e-07,1.42593e-05
-1.038867e-07,-7.79382e-06
-1.037867e-07,-3.37386e-05
-1.036867e-07,-6.29265e-05
-1.035867e-07,-9.27631e-05
-1.034867e-07,-0.000120005
-1.033867e-07,-0.000143355
-1.032867e-07,-0.00016022
-1.031867e-07,-0.0001693
-1.030867e-07,-0.000171246
-1.029867e-07,-0.000166057
-1.028867e-07,-0.000155679
-1.027867e-07,-0.00014141
-1.026867e-07,-0.000124545
-1.025867e-07,-0.000105087
-1.024867e-07,-8.49796e-05
-1.023867e-07,-6.48724e-05
-1.022867e-07,-4.47652e-05
-1.021867e-07,-2.53066e-05
-1.020867e-07,-6.49658e-06
-1.019867e-07,1.16648e-05
-1.018867e-07,2.78803e-05
-1.017867e-07,4.21499e-05
-1.016867e-07,5.38251e-05
-1.015867e-07,6.09599e-05
-1.014867e-07,6.35544e-05
-1.013867e-07,6.16085e-05
-1.012867e-07,5.44737e-05
-1.011867e-07,4.27986e-05
-1.010867e-07,2.78803e-05
-1.009867e-07,1.16648e-05
-1.008867e-07,-4.55072e-06
-1.007867e-07,-1.88204e-05
-1.006867e-07,-2.98469e-05
-1.005867e-07,-3.76303e-05
-1.004867e-07,-4.02248e-05
-1.003867e-07,-3.89276e-05
-1.002867e-07,-3.24414e-05
-1.001867e-07,-2.20635e-05
-1.000867e-07,-7.79382e-06
-9.998672e-08,9.0703e-06
-9.988672e-08,2.85289e-05
-9.978672e-08,4.92848e-05
-9.968672e-08,7.19865e-05
-9.958672e-08,9.46882e-05
-9.948672e-08,0.000118038
-9.938672e-08,0.000139443
-9.928672e-08,0.000158902
-9.918672e-08,0.000175766
-9.908672e-08,0.000188089
-9.898672e-08,0.000195224
-9.888672e-08,0.000195224
-9.878672e-08,0.000188738
-9.868672e-08,0.000175766
-9.858672e-08,0.000156956
-9.848672e-08,0.000134903
-9.838672e-08,0.000109606
-9.828672e-08,8.36616e-05
-9.818672e-08,5.96627e-05
-9.808672e-08,3.95555e-05
-9.798672e-08,2.26913e-05
-9.788672e-08,1.03675e-05
-9.778672e-08,1.93548e-06
-9.768672e-08,-3.9021e-06
-9.758672e-08,-7.79382e-06
-9.748672e-08,-1.16855e-05
-9.738672e-08,-1.75231e-05
-9.728672e-08,-2.53066e-05
-9.718672e-08,-3.63331e-05
-9.708672e-08,-4.80083e-05
-9.698672e-08,-6.09807e-05
-9.688672e-08,-7.33045e-05
-9.678672e-08,-8.23851e-05
-9.668672e-08,-8.75741e-05
-9.658672e-08,-8.75741e-05
-9.648672e-08,-8.36824e-05
-9.638672e-08,-7.52503e-05
-9.628672e-08,-6.35752e-05
-9.618672e-08,-5.12514e-05
-9.608672e-08,-3.95762e-05
-9.598672e-08,-3.17928e-05
-9.588672e-08,-2.7901e-05
-9.578672e-08,-2.91983e-05
-9.568672e-08,-3.50359e-05
-9.558672e-08,-4.47652e-05
-9.548672e-08,-5.83862e-05
-9.538672e-08,-7.33045e-05
-9.528672e-08,-8.952e-05
-9.518672e-08,-0.00010379
-9.508672e-08,-0.000116113
-9.498672e-08,-0.000125843
-9.488672e-08,-0.000133626
-9.478672e-08,-0.000139464
-9.468672e-08,-0.000144004
-9.458672e-08,-0.000147247
-9.448672e-08,-0.000151139
-9.438672e-08,-0.000153733
-9.428672e-08,-0.000155679
-9.418672e-08,-0.000155031
-9.408672e-08,-0.000151787
-9.398672e-08,-0.000144653
-9.388672e-08,-0.000132329
-9.378672e-08,-0.000115465
-9.368672e-08,-9.40603e-05
-9.358672e-08,-6.94127e-05
-9.348672e-08,-4.34679e-05
-9.338672e-08,-1.81717e-05
-9.328672e-08,5.17858e-06
-9.318672e-08,2.46372e-05
-9.308672e-08,3.95555e-05
-9.298672e-08,4.86361e-05
-9.288672e-08,5.18792e-05
-9.278672e-08,5.0582e-05
-9.268672e-08,4.60417e-05
-9.258672e-08,3.95555e-05
-9.248672e-08,3.1772e-05
-9.238672e-08,2.39886e-05
-9.228672e-08,1.75024e-05
-9.218672e-08,1.2962e-05
-9.208672e-08,1.10162e-05
-9.198672e-08,1.10162e-05
-9.188672e-08,1.42593e-05
-9.178672e-08,2.00968e-05
-9.168672e-08,2.78803e-05
-9.158672e-08,3.82582e-05
-9.148672e-08,4.99334e-05
-9.138672e-08,6.29058e-05
-9.128672e-08,7.52296e-05
-9.118672e-08,8.75533e-05
-9.108672e-08,9.85799e-05
-9.098672e-08,0.000107661
-9.088672e-08,0.00011285
-9.078672e-08,0.000114795
-9.068672e-08,0.000113498
-9.058672e-08,0.000108309
-9.048672e-08,9.98771e-05
-9.038672e-08,8.94992e-05
-9.028672e-08,7.91213e-05
-9.018672e-08,7.00406e-05
-9.008672e-08,6.35544e-05
-8.998672e-08,6.03113e-05
-8.988672e-08,6.16085e-05
-8.978672e-08,6.61489e-05
-8.968672e-08,7.45809e-05
-8.958672e-08,8.43102e-05
-8.948672e-08,9.40395e-05
-8.938672e-08,0.000102472
-8.928672e-08,0.000107661
-8.918672e-08,0.000108958
-8.908672e-08,0.000105715
-8.898672e-08,9.85799e-05
-8.888672e-08,8.75533e-05
-8.878672e-08,7.45809e-05
-8.868672e-08,5.96627e-05
-8.858672e-08,4.34472e-05
-8.848672e-08,2.6583e-05
-8.838672e-08,9.71892e-06
-8.828672e-08,-7.1452e-06
-8.818672e-08,-2.40093e-05
-8.808672e-08,-4.15221e-05
-8.798672e-08,-5.90348e-05
-8.788672e-08,-7.65476e-05
-8.778672e-08,-9.40603e-05
-8.768672e-08,-0.000110924
-8.758672e-08,-0.00012714
-8.748672e-08,-0.000140761
-8.738672e-08,-0.000151787
-8.728672e-08,-0.00016022
-8.718672e-08,-0.000166057
-8.708672e-08,-0.000168003
-8.698672e-08,-0.000166706
-8.688672e-08,-0.000163463
-8.678672e-08,-0.000158274
-8.668672e-08,-0.000153085
-8.658672e-08,-0.000146599
-8.648672e-08,-0.000140761
-8.638672e-08,-0.000133626
-8.628672e-08,-0.000126491
-8.618672e-08,-0.000117411
-8.608672e-08,-0.000107033
-8.598672e-08,-9.40603e-05
-8.588672e-08,-7.9142e-05
-8.578672e-08,-6.22779e-05
-8.568672e-08,-4.60624e-05
-8.558672e-08,-3.309e-05
-8.548672e-08,-2.33607e-05
-8.538672e-08,-1.81717e-05
-8.528672e-08,-2.01176e-05
-8.518672e-08,-2.72524e-05
-8.508672e-08,-3.89276e-05
-8.498672e-08,-5.25486e-05
-8.488672e-08,-6.74669e-05
-8.478672e-08,-7.97907e-05
-8.468672e-08,-8.88713e-05
-8.458672e-08,-9.27631e-05
-8.448672e-08,-9.08172e-05
-8.438672e-08,-8.36824e-05
-8.428672e-08,-7.20072e-05
-8.418672e-08,-5.77376e-05
-8.408672e-08,-4.34679e-05
-8.398672e-08,-2.91983e-05
-8.388672e-08,-1.81717e-05
-8.378672e-08,-1.03883e-05
-8.368672e-08,-6.49658e-06
-8.358672e-08,-5.19934e-06
-8.348672e-08,-4.55072e-06
-8.338672e-08,-3.9021e-06
-8.328672e-08,-1.95624e-06
-8.318672e-08,1.28686e-06
-8.308672e-08,7.12444e-06
-8.298672e-08,1.42593e-05
-8.288672e-08,2.20427e-05
-8.278672e-08,2.72317e-05
-8.268672e-08,2.98261e-05
-8.258672e-08,2.72317e-05
-8.248672e-08,1.8151e-05
-8.238672e-08,1.93548e-06
-8.228672e-08,-2.01176e-05
-8.218672e-08,-4.6711e-05
-8.208672e-08,-7.58989e-05
-8.198672e-08,-0.000105087
-8.188672e-08,-0.000132329
-8.178672e-08,-0.000154382
-8.168672e-08,-0.000171895
-8.158672e-08,-0.00018357
-8.148672e-08,-0.000189407
-8.138672e-08,-0.000190705
-8.128672e-08,-0.000189407
-8.118672e-08,-0.000184867
-8.108672e-08,-0.00017903
-8.098672e-08,-0.000172543
-8.088672e-08,-0.000166706
-8.078672e-08,-0.000160868
-8.068672e-08,-0.000155031
-8.058672e-08,-0.000148544
-8.048672e-08,-0.000142058
-8.038672e-08,-0.000134275
-8.028672e-08,-0.000126491
-8.018672e-08,-0.000117411
-8.008672e-08,-0.000107681
-7.998672e-08,-9.7952e-05
-7.988672e-08,-8.69255e-05
-7.978672e-08,-7.65476e-05
-7.968672e-08,-6.68183e-05
-7.958672e-08,-5.83862e-05
-7.948672e-08,-5.06027e-05
-7.938672e-08,-4.28193e-05
-7.928672e-08,-3.50359e-05
-7.918672e-08,-2.7901e-05
-7.908672e-08,-2.14148e-05
-7.898672e-08,-1.55773e-05
-7.888672e-08,-1.23342e-05
-7.878672e-08,-1.03883e-05
-7.868672e-08,-9.73968e-06
-7.858672e-08,-1.10369e-05
-7.848672e-08,-1.428e-05
-7.838672e-08,-1.88204e-05
-7.828672e-08,-2.33607e-05
-7.818672e-08,-2.66038e-05
-7.808672e-08,-2.7901e-05
-7.798672e-08,-2.59552e-05
-7.788672e-08,-2.01176e-05
-7.778672e-08,-1.10369e-05
-7.768672e-08,1.28686e-06
-7.758672e-08,1.55565e-05
-7.748672e-08,3.1772e-05
-7.738672e-08,4.60417e-05
-7.728672e-08,5.77168e-05
-7.718672e-08,6.48516e-05
-7.708672e-08,6.61489e-05
-7.698672e-08,6.16085e-05
-7.688672e-08,4.99334e-05
-7.678672e-08,3.37179e-05
-7.668672e-08,1.2962e-05
-7.658672e-08,-1.16855e-05
-7.648672e-08,-3.8279e-05
-7.638672e-08,-6.68183e-05
-7.628672e-08,-9.40603e-05
-7.618672e-08,-0.000118708
-7.608672e-08,-0.000140761
-7.598672e-08,-0.000158922
-7.588672e-08,-0.000173192
-7.578672e-08,-0.000182921
-7.568672e-08,-0.000188759
-7.558672e-08,-0.000189407
-7.548672e-08,-0.000186164
-7.538672e-08,-0.00017903
-7.528672e-08,-0.0001693
-7.518672e-08,-0.000158274
-7.508672e-08,-0.000146599
-7.498672e-08,-0.000134923
-7.488672e-08,-0.000125843
-7.478672e-08,-0.000118059
-7.468672e-08,-0.000112222
-7.458672e-08,-0.00010833
-7.448672e-08,-0.000105087
-7.438672e-08,-0.000101844
-7.428672e-08,-9.66548e-05
-7.418672e-08,-8.88713e-05
-7.408672e-08,-7.78448e-05
-7.398672e-08,-6.22779e-05
-7.388672e-08,-4.34679e-05
-7.378672e-08,-2.14148e-05
-7.368672e-08,2.5841e-06
-7.358672e-08,2.59344e-05
-7.348672e-08,4.73389e-05
-7.338672e-08,6.35544e-05
-7.328672e-08,7.39323e-05
-7.318672e-08,7.7824e-05
-7.308672e-08,7.52296e-05
-7.298672e-08,6.61489e-05
-7.288672e-08,5.18792e-05
-7.278672e-08,3.37179e-05
-7.268672e-08,1.36106e-05
-7.258672e-08,-5.84796e-06
-7.248672e-08,-2.46579e-05
-7.238672e-08,-4.08734e-05
-7.228672e-08,-5.51431e-05
-7.218672e-08,-6.74669e-05
-7.208672e-08,-7.84934e-05
-7.198672e-08,-8.88713e-05
-7.188672e-08,-9.7952e-05
-7.178672e-08,-0.000107681
-7.168672e-08,-0.000116113
-7.158672e-08,-0.000123897
-7.148672e-08,-0.000127789
-7.138672e-08,-0.000127789
-7.128672e-08,-0.0001226
-7.118672e-08,-0.000111573
-7.108672e-08,-9.34117e-05
-7.098672e-08,-7.00614e-05
-7.088672e-08,-4.15221e-05
-7.078672e-08,-9.09106e-06
-7.068672e-08,2.46372e-05
-7.058672e-08,5.83654e-05
-7.048672e-08,8.8202e-05
-7.038672e-08,0.000114147
-7.028672e-08,0.000134254
-7.018672e-08,0.000147226
-7.008672e-08,0.000153064
-6.998672e-08,0.000152415
-6.988672e-08,0.000145929
-6.978672e-08,0.000134903
-6.968672e-08,0.000120633
-6.958672e-08,0.000105066
-6.948672e-08,8.88506e-05
-6.938672e-08,7.26351e-05
-6.928672e-08,5.70682e-05
-6.918672e-08,4.34472e-05
-6.908672e-08,3.24206e-05
-6.898672e-08,2.33399e-05
-6.888672e-08,1.75024e-05
-6.878672e-08,1.49079e-05
-6.868672e-08,1.55565e-05
-6.858672e-08,1.87996e-05
-6.848672e-08,2.46372e-05
-6.838672e-08,3.24206e-05
-6.828672e-08,4.21499e-05
-6.818672e-08,5.25279e-05
-6.808672e-08,6.29058e-05
-6.798672e-08,7.26351e-05
-6.788672e-08,8.3013e-05
-6.778672e-08,9.27423e-05
-6.768672e-08,0.000100526
-6.758672e-08,0.000107012
-6.748672e-08,0.000112201
-6.738672e-08,0.000116093
-6.728672e-08,0.000118038
-6.718672e-08,0.000118038
-6.708672e-08,0.000114795
-6.698672e-08,0.000107012
-6.688672e-08,9.53368e-05
-6.678672e-08,7.91213e-05
-6.668672e-08,5.90141e-05
-6.658672e-08,3.50151e-05
-6.648672e-08,9.0703e-06
-6.638672e-08,-1.88204e-05
-6.628672e-08,-4.60624e-05
-6.618672e-08,-7.20072e-05
-6.608672e-08,-9.66548e-05
-6.598672e-08,-0.000117411
-6.588672e-08,-0.000133626
-6.578672e-08,-0.000144653
-6.568672e-08,-0.00015049
-6.558672e-08,-0.000151139
-6.548672e-08,-0.000146599
-6.538672e-08,-0.000138166
-6.528672e-08,-0.000125194
-6.518672e-08,-0.000109627
-6.508672e-08,-9.21144e-05
-6.498672e-08,-7.33045e-05
-6.488672e-08,-5.31972e-05
-6.478672e-08,-3.24414e-05
-6.468672e-08,-1.23342e-05
-6.458672e-08,5.8272e-06
-6.448672e-08,2.07455e-05
-6.438672e-08,3.1772e-05
-6.428672e-08,3.76096e-05
-6.418672e-08,3.82582e-05
-6.408672e-08,3.30692e-05
-6.398672e-08,2.26913e-05
-6.388672e-08,9.71892e-06
-6.378672e-08,-7.1452e-06
-6.368672e-08,-2.46579e-05
-6.358672e-08,-4.21707e-05
-6.348672e-08,-5.7089e-05
-6.338672e-08,-6.87641e-05
-6.328672e-08,-7.58989e-05
-6.318672e-08,-7.9142e-05
-6.308672e-08,-7.9142e-05
-6.298672e-08,-7.71962e-05
-6.288672e-08,-7.46017e-05
-6.278672e-08,-7.26558e-05
-6.268672e-08,-7.26558e-05
-6.258672e-08,-7.46017e-05
-6.248672e-08,-7.9142e-05
-6.238672e-08,-8.56282e-05
-6.228672e-08,-9.21144e-05
-6.218672e-08,-9.73034e-05
-6.208672e-08,-0.000100547
-6.198672e-08,-9.86006e-05
-6.188672e-08,-9.08172e-05
-6.178672e-08,-7.71962e-05
-6.168672e-08,-5.77376e-05
-6.158672e-08,-3.43872e-05
-6.148672e-08,-7.79382e-06
-6.138672e-08,1.87996e-05
-6.128672e-08,4.34472e-05
-6.118672e-08,6.35544e-05
-6.108672e-08,7.71754e-05
-6.098672e-08,8.43102e-05
-6.088672e-08,8.36616e-05
-6.078672e-08,7.58782e-05
-6.068672e-08,6.16085e-05
-6.058672e-08,4.21499e-05
-6.048672e-08,1.94482e-05
-6.038672e-08,-5.84796e-06
-6.028672e-08,-3.04955e-05
-6.018672e-08,-5.38459e-05
-6.008672e-08,-7.52503e-05
-5.998672e-08,-9.34117e-05
-5.988672e-08,-0.00010833
-5.978672e-08,-0.000118059
-5.968672e-08,-0.000125194
-5.958672e-08,-0.000127789
-5.948672e-08,-0.000126491
-5.938672e-08,-0.000120654
-5.928672e-08,-0.000112222
-5.918672e-08,-0.000101844
-5.908672e-08,-8.952e-05
-5.898672e-08,-7.58989e-05
-5.888672e-08,-6.35752e-05
-5.878672e-08,-5.06027e-05
-5.868672e-08,-3.89276e-05
-5.858672e-08,-2.85497e-05
-5.848672e-08,-2.01176e-05
-5.838672e-08,-1.36314e-05
-5.828672e-08,-8.44244e-06
-5.818672e-08,-3.9021e-06
-5.808672e-08,-1.30762e-06
-5.798672e-08,1.28686e-06
-5.788672e-08,3.23272e-06
-5.778672e-08,5.8272e-06
-5.768672e-08,7.77306e-06
-5.758672e-08,1.03675e-05
-5.748672e-08,1.36106e-05
-5.738672e-08,1.8151e-05
-5.728672e-08,2.26913e-05
-5.718672e-08,2.85289e-05
-5.708672e-08,3.56637e-05
-5.698672e-08,4.34472e-05
-5.688672e-08,5.12306e-05
-5.678672e-08,5.90141e-05
-5.668672e-08,6.61489e-05
-5.658672e-08,7.06892e-05
-5.648672e-08,7.13378e-05
-5.638672e-08,6.80947e-05
-5.628672e-08,5.90141e-05
-5.618672e-08,4.5393e-05
-5.608672e-08,2.52858e-05
-5.598672e-08,-6.58998e-07
-5.588672e-08,-3.04955e-05
-5.578672e-08,-6.29265e-05
-5.568672e-08,-9.60062e-05
-5.558672e-08,-0.000128437
-5.548672e-08,-0.000156976
-5.538672e-08,-0.000180975
-5.528672e-08,-0.00019784
-5.518672e-08,-0.000208866
-5.508672e-08,-0.000212109
-5.498672e-08,-0.000209515
-5.488672e-08,-0.000201083
-5.478672e-08,-0.000188759
-5.468672e-08,-0.000174489
-5.458672e-08,-0.000160868
-5.448672e-08,-0.000147896
-5.438672e-08,-0.000137518
-5.428672e-08,-0.000128437
-5.418672e-08,-0.000120654
-5.408672e-08,-0.000115465
-5.398672e-08,-0.000110276
-5.388672e-08,-0.000106384
-5.378672e-08,-0.000101195
-5.368672e-08,-9.60062e-05
-5.358672e-08,-8.88713e-05
-5.348672e-08,-8.04393e-05
-5.338672e-08,-7.071e-05
-5.328672e-08,-6.09807e-05
-5.318672e-08,-5.19e-05
-5.308672e-08,-4.28193e-05
-5.298672e-08,-3.43872e-05
-5.288672e-08,-2.7901e-05
-5.278672e-08,-2.27121e-05
-5.268672e-08,-1.9469e-05
-5.258672e-08,-1.68745e-05
-5.248672e-08,-1.428e-05
-5.238672e-08,-1.23342e-05
-5.228672e-08,-1.10369e-05
-5.218672e-08,-9.73968e-06
-5.208672e-08,-8.44244e-06
-5.198672e-08,-7.1452e-06
-5.188672e-08,-5.84796e-06
-5.178672e-08,-3.9021e-06
-5.168672e-08,-2.60486e-06
-5.158672e-08,-1.30762e-06
-5.148672e-08,-1.95624e-06
-5.138672e-08,-3.9021e-06
-5.128672e-08,-8.44244e-06
-5.118672e-08,-1.55773e-05
-5.108672e-08,-2.53066e-05
-5.098672e-08,-3.76303e-05
-5.088672e-08,-5.31972e-05
-5.078672e-08,-7.20072e-05
-5.068672e-08,-9.40603e-05
-5.058672e-08,-0.000117411
-5.048672e-08,-0.000142058
-5.038672e-08,-0.000166057
-5.028672e-08,-0.00018811
-5.018672e-08,-0.00020692
-5.008672e-08,-0.00022119
-4.998672e-08,-0.000229622
-4.988672e-08,-0.000231568
-4.978672e-08,-0.000227027
-4.968672e-08,-0.000216001
-4.958672e-08,-0.000199785
-4.948672e-08,-0.000178381
-4.938672e-08,-0.000154382
-4.928672e-08,-0.000128437
-4.918672e-08,-0.000104438
-4.908672e-08,-8.17365e-05
-4.898672e-08,-6.29265e-05
-4.888672e-08,-4.80083e-05
-4.878672e-08,-3.89276e-05
-4.868672e-08,-3.43872e-05
-4.858672e-08,-3.37386e-05
-4.848672e-08,-3.63331e-05
-4.838672e-08,-4.08734e-05
-4.828672e-08,-4.73596e-05
-4.818672e-08,-5.44945e-05
-4.808672e-08,-6.35752e-05
-4.798672e-08,-7.26558e-05
-4.788672e-08,-8.17365e-05
-4.778672e-08,-9.08172e-05
-4.768672e-08,-0.000100547
-4.758672e-08,-0.000109627
-4.748672e-08,-0.000118059
-4.738672e-08,-0.000125194
-4.728672e-08,-0.000131032
-4.718672e-08,-0.000133626
-4.708672e-08,-0.00013168
-4.698672e-08,-0.000125194
-4.688672e-08,-0.000114168
-4.678672e-08,-9.7952e-05
-4.668672e-08,-7.84934e-05
-4.658672e-08,-5.57917e-05
-4.648672e-08,-3.24414e-05
-4.638672e-08,-9.09106e-06
-4.628672e-08,1.16648e-05
-4.618672e-08,2.98261e-05
-4.608672e-08,4.40958e-05
-4.598672e-08,5.31765e-05
-4.588672e-08,5.90141e-05
-4.578672e-08,6.03113e-05
-4.568672e-08,5.77168e-05
-4.558672e-08,5.31765e-05
-4.548672e-08,4.73389e-05
-4.538672e-08,4.15013e-05
-4.528672e-08,3.6961e-05
-4.518672e-08,3.30692e-05
-4.508672e-08,3.11234e-05
-4.498672e-08,2.98261e-05
-4.488672e-08,2.98261e-05
-4.478672e-08,2.91775e-05
-4.468672e-08,2.91775e-05
-4.458672e-08,2.78803e-05
-4.448672e-08,2.52858e-05
-4.438672e-08,2.07455e-05
-4.428672e-08,1.36106e-05
-4.418672e-08,4.52996e-06
-4.408672e-08,-6.49658e-06
-4.398672e-08,-1.88204e-05
-4.388672e-08,-3.17928e-05
-4.378672e-08,-4.54138e-05
-4.368672e-08,-5.90348e-05
-4.358672e-08,-7.26558e-05
-4.348672e-08,-8.62769e-05
-4.338672e-08,-9.98979e-05
-4.328672e-08,-0.000112222
-4.318672e-08,-0.000123897
-4.308672e-08,-0.000134275
-4.298672e-08,-0.000142707
-4.288672e-08,-0.000148544
-4.278672e-08,-0.000149842
-4.268672e-08,-0.000147247
-4.258672e-08,-0.000140112
-4.248672e-08,-0.000129086
-4.238672e-08,-0.000114168
-4.228672e-08,-9.66548e-05
-4.218672e-08,-7.65476e-05
-4.208672e-08,-5.7089e-05
-4.198672e-08,-3.8279e-05
-4.188672e-08,-2.14148e-05
-4.178672e-08,-7.1452e-06
-4.168672e-08,3.23272e-06
-4.158672e-08,1.03675e-05
-4.148672e-08,1.55565e-05
-4.138672e-08,1.87996e-05
-4.128672e-08,2.20427e-05
-4.118672e-08,2.52858e-05
-4.108672e-08,2.98261e-05
-4.098672e-08,3.63124e-05
-4.088672e-08,4.34472e-05
-4.078672e-08,5.18792e-05
-4.068672e-08,5.90141e-05
-4.058672e-08,6.48516e-05
-4.048672e-08,6.67975e-05
-4.038672e-08,6.48516e-05
-4.028672e-08,5.70682e-05
-4.018672e-08,4.34472e-05
-4.008672e-08,2.52858e-05
-3.998672e-08,2.5841e-06
-3.988672e-08,-2.20635e-05
-3.978672e-08,-4.6711e-05
-3.968672e-08,-7.071e-05
-3.958672e-08,-9.21144e-05
-3.948672e-08,-0.000109627
-3.938672e-08,-0.000121951
-3.928672e-08,-0.000128437
-3.918672e-08,-0.000129086
-3.908672e-08,-0.000124545
-3.898672e-08,-0.000115465
-3.888672e-08,-0.000103141
-3.878672e-08,-8.75741e-05
-3.868672e-08,-6.94127e-05
-3.858672e-08,-5.19e-05
-3.848672e-08,-3.50359e-05
-3.838672e-08,-2.07662e-05
-3.828672e-08,-9.09106e-06
-3.818672e-08,-6.58998e-07
-3.808672e-08,3.88134e-06
-3.798672e-08,4.52996e-06
-3.788672e-08,6.38242e-07
-3.778672e-08,-6.49658e-06
-3.768672e-08,-1.68745e-05
-3.758672e-08,-2.85497e-05
-3.748672e-08,-4.02248e-05
-3.738672e-08,-4.99541e-05
-3.728672e-08,-5.7089e-05
-3.718672e-08,-6.09807e-05
-3.708672e-08,-6.09807e-05
-3.698672e-08,-5.77376e-05
-3.688672e-08,-5.12514e-05
-3.678672e-08,-4.34679e-05
-3.668672e-08,-3.43872e-05
-3.658672e-08,-2.66038e-05
-3.648672e-08,-2.14148e-05
-3.638672e-08,-1.9469e-05
-3.628672e-08,-2.01176e-05
-3.618672e-08,-2.53066e-05
-3.608672e-08,-3.24414e-05
-3.598672e-08,-4.21707e-05
-3.588672e-08,-5.12514e-05
-3.578672e-08,-5.83862e-05
-3.568672e-08,-6.22779e-05
-3.558672e-08,-6.35752e-05
-3.548672e-08,-6.16293e-05
-3.538672e-08,-5.64403e-05
-3.528672e-08,-4.80083e-05
-3.518672e-08,-3.76303e-05
-3.508672e-08,-2.59552e-05
-3.498672e-08,-1.29828e-05
-3.488672e-08,-6.58998e-07
-3.478672e-08,1.16648e-05
-3.468672e-08,2.26913e-05
-3.458672e-08,3.37179e-05
-3.448672e-08,4.27986e-05
-3.438672e-08,5.0582e-05
-3.428672e-08,5.77168e-05
-3.418672e-08,6.29058e-05
-3.408672e-08,6.61489e-05
-3.398672e-08,6.67975e-05
-3.388672e-08,6.48516e-05
-3.378672e-08,5.96627e-05
-3.368672e-08,5.18792e-05
-3.358672e-08,4.02041e-05
-3.348672e-08,2.6583e-05
-3.338672e-08,1.23134e-05
-3.328672e-08,-2.60486e-06
-3.318672e-08,-1.68745e-05
-3.308672e-08,-2.91983e-05
-3.298672e-08,-3.95762e-05
-3.288672e-08,-4.6711e-05
-3.278672e-08,-5.06027e-05
-3.268672e-08,-5.06027e-05
-3.258672e-08,-4.73596e-05
-3.248672e-08,-4.08734e-05
-3.238672e-08,-3.17928e-05
-3.228672e-08,-2.07662e-05
-3.218672e-08,-8.44244e-06
-3.208672e-08,3.88134e-06
-3.198672e-08,1.62051e-05
-3.188672e-08,2.78803e-05
-3.178672e-08,3.82582e-05
-3.168672e-08,4.5393e-05
-3.158672e-08,4.92848e-05
-3.148672e-08,4.92848e-05
-3.138672e-08,4.5393e-05
-3.128672e-08,3.6961e-05
-3.118672e-08,2.39886e-05
-3.108672e-08,7.12444e-06
-3.098672e-08,-1.29828e-05
-3.088672e-08,-3.56845e-05
-3.078672e-08,-5.90348e-05
-3.068672e-08,-8.23851e-05
-3.058672e-08,-0.000104438
-3.048672e-08,-0.000123248
-3.038672e-08,-0.000139464
-3.028672e-08,-0.000151787
-3.018672e-08,-0.000160868
-3.008672e-08,-0.000166057
-2.998672e-08,-0.000168003
-2.988672e-08,-0.000167354
-2.978672e-08,-0.00016476
-2.968672e-08,-0.00016022
-2.958672e-08,-0.000154382
-2.948672e-08,-0.000147247
-2.938672e-08,-0.000137518
-2.928672e-08,-0.000124545
-2.918672e-08,-0.000108979
-2.908672e-08,-8.952e-05
-2.898672e-08,-6.74669e-05
-2.888672e-08,-4.34679e-05
-2.878672e-08,-1.88204e-05
-2.868672e-08,3.23272e-06
-2.858672e-08,2.13941e-05
-2.848672e-08,3.24206e-05
-2.838672e-08,3.50151e-05
-2.828672e-08,2.78803e-05
-2.818672e-08,1.23134e-05
-2.808672e-08,-1.10369e-05
-2.798672e-08,-4.02248e-05
-2.788672e-08,-7.20072e-05
-2.778672e-08,-0.000104438
-2.768672e-08,-0.000134275
-2.758672e-08,-0.000158274
-2.748672e-08,-0.000174489
-2.738672e-08,-0.00018357
-2.728672e-08,-0.000185516
-2.718672e-08,-0.000180975
-2.708672e-08,-0.000171246
-2.698672e-08,-0.000159571
-2.688672e-08,-0.000147247
-2.678672e-08,-0.000135572
-2.668672e-08,-0.000125843
-2.658672e-08,-0.000117411
-2.648672e-08,-0.000111573
-2.638672e-08,-0.000107033
-2.628672e-08,-0.000103141
-2.618672e-08,-0.000100547
-2.608672e-08,-9.92493e-05
-2.598672e-08,-0.000100547
-2.588672e-08,-0.00010379
-2.578672e-08,-0.000110276
-2.568672e-08,-0.000119356
-2.558672e-08,-0.00013168
-2.548672e-08,-0.00014595
-2.538672e-08,-0.000161517
-2.528672e-08,-0.000177732
-2.518672e-08,-0.000192002
-2.508672e-08,-0.000203028
-2.498672e-08,-0.000210812
-2.488672e-08,-0.000214704
-2.478672e-08,-0.000214704
-2.468672e-08,-0.000211461
-2.458672e-08,-0.000204974
-2.448672e-08,-0.000196542
-2.438672e-08,-0.000186813
-2.428672e-08,-0.000175138
-2.418672e-08,-0.000161517
-2.408672e-08,-0.000146599
-2.398672e-08,-0.000129734
-2.388672e-08,-0.000109627
-2.378672e-08,-8.62769e-05
-2.368672e-08,-6.16293e-05
-2.358672e-08,-3.50359e-05
-2.348672e-08,-8.44244e-06
-2.338672e-08,1.62051e-05
-2.328672e-08,3.6961e-05
-2.318672e-08,5.25279e-05
-2.308672e-08,6.29058e-05
-2.298672e-08,6.55003e-05
-2.288672e-08,6.09599e-05
-2.278672e-08,5.0582e-05
-2.268672e-08,3.63124e-05
-2.258672e-08,1.94482e-05
-2.248672e-08,2.5841e-06
-2.238672e-08,-1.36314e-05
-2.228672e-08,-2.91983e-05
-2.218672e-08,-4.41165e-05
-2.208672e-08,-5.83862e-05
-2.198672e-08,-7.26558e-05
-2.188672e-08,-8.82227e-05
-2.178672e-08,-0.000105087
-2.168672e-08,-0.000123897
-2.158672e-08,-0.000144004
-2.148672e-08,-0.000162814
-2.138672e-08,-0.000178381
-2.128672e-08,-0.000188759
-2.118672e-08,-0.000192002
-2.108672e-08,-0.000186813
-2.098672e-08,-0.000173192
-2.088672e-08,-0.000152436
-2.078672e-08,-0.000125194
-2.068672e-08,-9.40603e-05
-2.058672e-08,-6.16293e-05
-2.048672e-08,-3.24414e-05
-2.038672e-08,-8.44244e-06
-2.028672e-08,8.42168e-06
-2.018672e-08,1.75024e-05
-2.008672e-08,1.94482e-05
-1.998672e-08,1.49079e-05
-1.988672e-08,6.47582e-06
-1.978672e-08,-5.19934e-06
-1.968672e-08,-1.62259e-05
-1.958672e-08,-2.46579e-05
-1.948672e-08,-2.85497e-05
-1.938672e-08,-2.72524e-05
-1.928672e-08,-2.07662e-05
-1.918672e-08,-1.03883e-05
-1.908672e-08,2.5841e-06
-1.898672e-08,1.68537e-05
-1.888672e-08,3.1772e-05
-1.878672e-08,4.5393e-05
-1.868672e-08,5.70682e-05
-1.858672e-08,6.61489e-05
-1.848672e-08,7.32837e-05
-1.838672e-08,7.84727e-05
-1.828672e-08,8.17158e-05
-1.818672e-08,8.36616e-05
-1.808672e-08,8.36616e-05
-1.798672e-08,8.10671e-05
-1.788672e-08,7.71754e-05
-1.778672e-08,7.13378e-05
-1.768672e-08,6.22572e-05
-1.758672e-08,5.12306e-05
-1.748672e-08,3.89068e-05
-1.738672e-08,2.59344e-05
-1.728672e-08,1.23134e-05
-1.718672e-08,-1.03779e-08
-1.708672e-08,-9.73968e-06
-1.698672e-08,-1.62259e-05
-1.688672e-08,-1.9469e-05
-1.678672e-08,-1.88204e-05
-1.668672e-08,-1.29828e-05
-1.658672e-08,-3.25348e-06
-1.648672e-08,9.71892e-06
-1.638672e-08,2.39886e-05
-1.628672e-08,3.95555e-05
-1.618672e-08,5.5771e-05
-1.608672e-08,7.00406e-05
-1.598672e-08,8.3013e-05
-1.588672e-08,9.46882e-05
-1.578672e-08,0.000103769
-1.568672e-08,0.000108958
-1.558672e-08,0.000111552
-1.548672e-08,0.000111552
-1.538672e-08,0.000108309
-1.528672e-08,0.000102472
-1.518672e-08,9.33909e-05
-1.508672e-08,8.23644e-05
-1.498672e-08,6.9392e-05
-1.488672e-08,5.51223e-05
-1.478672e-08,4.02041e-05
-1.468672e-08,2.6583e-05
-1.458672e-08,1.36106e-05
-1.448672e-08,1.93548e-06
-1.438672e-08,-7.1452e-06
-1.428672e-08,-1.29828e-05
-1.418672e-08,-1.75231e-05
-1.408672e-08,-2.01176e-05
-1.398672e-08,-2.20635e-05
-1.388672e-08,-2.33607e-05
-1.378672e-08,-2.59552e-05
-1.368672e-08,-2.98469e-05
-1.358672e-08,-3.50359e-05
-1.348672e-08,-4.02248e-05
-1.338672e-08,-4.6711e-05
-1.328672e-08,-5.25486e-05
-1.318672e-08,-5.77376e-05
-1.308672e-08,-6.16293e-05
-1.298672e-08,-6.35752e-05
-1.288672e-08,-6.42238e-05
-1.278672e-08,-6.35752e-05
-1.268672e-08,-6.29265e-05
-1.258672e-08,-6.35752e-05
-1.248672e-08,-6.68183e-05
-1.238672e-08,-7.20072e-05
-1.228672e-08,-7.97907e-05
-1.218672e-08,-8.952e-05
-1.208672e-08,-0.000100547
-1.198672e-08,-0.000110924
-1.188672e-08,-0.000118708
-1.178672e-08,-0.000123248
-1.168672e-08,-0.000124545
-1.158672e-08,-0.000120654
-1.148672e-08,-0.000113519
-1.138672e-08,-0.000103141
-1.128672e-08,-9.14658e-05
-1.118672e-08,-8.10879e-05
-1.108672e-08,-7.20072e-05
-1.098672e-08,-6.61696e-05
-1.088672e-08,-6.35752e-05
-1.078672e-08,-6.48724e-05
-1.068672e-08,-6.74669e-05
-1.058672e-08,-7.071e-05
-1.048672e-08,-7.39531e-05
-1.038672e-08,-7.46017e-05
-1.028672e-08,-7.20072e-05
-1.018672e-08,-6.5521e-05
-1.008672e-08,-5.64403e-05
-9.986721e-09,-4.34679e-05
-9.886721e-09,-2.85497e-05
-9.786721e-09,-1.29828e-05
-9.686721e-09,1.93548e-06
-9.586721e-09,1.42593e-05
-9.486721e-09,2.46372e-05
-9.386721e-09,3.1772e-05
-9.286721e-09,3.6961e-05
-9.186721e-09,3.95555e-05
-9.086721e-09,4.08527e-05
-8.986721e-09,4.15013e-05
-8.886721e-09,4.02041e-05
-8.786721e-09,3.6961e-05
-8.686721e-09,3.11234e-05
-8.586721e-09,2.13941e-05
-8.486721e-09,7.12444e-06
-8.386721e-09,-1.10369e-05
-8.286721e-09,-3.37386e-05
-8.186721e-09,-5.90348e-05
-8.086721e-09,-8.69255e-05
-7.986721e-09,-0.000116113
-7.886721e-09,-0.000143355
-7.786721e-09,-0.000167354
-7.686721e-09,-0.000186813
-7.586721e-09,-0.000200434
-7.486721e-09,-0.000207569
-7.386721e-09,-0.000208217
-7.286721e-09,-0.000204974
-7.186721e-09,-0.00019784
-7.086721e-09,-0.000188759
-6.986721e-09,-0.00017903
-6.886721e-09,-0.000169949
-6.786721e-09,-0.000161517
-6.686721e-09,-0.000153733
-6.586721e-09,-0.000145301
-6.486721e-09,-0.000136221
-6.386721e-09,-0.000125843
-6.286721e-09,-0.000111573
-6.186721e-09,-9.47089e-05
-6.086721e-09,-7.52503e-05
-5.986721e-09,-5.25486e-05
-5.886721e-09,-2.72524e-05
-5.786721e-09,-1.30762e-06
-5.686721e-09,2.39886e-05
-5.586721e-09,4.73389e-05
-5.486721e-09,6.80947e-05
-5.386721e-09,8.56075e-05
-5.286721e-09,9.98771e-05
-5.186721e-09,0.000111552
-5.086721e-09,0.000120633
-4.986721e-09,0.000127768
-4.886721e-09,0.00013166
-4.786721e-09,0.000132957
-4.686721e-09,0.00013166
-4.586721e-09,0.000127119
-4.486721e-09,0.000118687
-4.386721e-09,0.000105066
-4.286721e-09,8.69047e-05
-4.186721e-09,6.48516e-05
-4.086721e-09,4.08527e-05
-3.986721e-09,1.55565e-05
-3.886721e-09,-9.09106e-06
-3.786721e-09,-3.17928e-05
-3.686721e-09,-5.06027e-05
-3.586721e-09,-6.61696e-05
-3.486721e-09,-7.58989e-05
-3.386721e-09,-8.17365e-05
-3.286721e-09,-8.49796e-05
-3.186721e-09,-8.69255e-05
-3.086721e-09,-8.88713e-05
-2.986721e-09,-9.34117e-05
-2.886721e-09,-0.000101844
-2.786721e-09,-0.000114816
-2.686721e-09,-0.00013168
-2.586721e-09,-0.000151787
-2.486721e-09,-0.000175786
-2.386721e-09,-0.000201731
-2.286721e-09,-0.000229622
-2.186721e-09,-0.000257513
-2.086721e-09,-0.000287349
-1.986721e-09,-0.000317834
-1.886721e-09,-0.000349617
-1.786721e-09,-0.000383994
-1.686721e-09,-0.000422911
-1.586721e-09,-0.000466368
-1.486721e-09,-0.000515015
-1.386721e-09,-0.000570147
-1.286721e-09,-0.000631118
-1.186721e-09,-0.000699223
-1.086721e-09,-0.000772517
-9.867207e-10,-0.000851649
-8.867207e-10,-0.000936618
-7.867207e-10,-0.00102807
-6.867207e-10,-0.00112666
-5.867207e-10,-0.00123109
-4.867207e-10,-0.00134265
-3.867207e-10,-0.00146005
-2.867207e-10,-0.00158394
-1.867207e-10,-0.00171237
-8.672069e-11,-0.00184339
1.327931e-11,-0.00197571
1.132793e-10,-0.00210738
2.132793e-10,-0.0022358
3.132793e-10,-0.00235969
4.132793e-10,-0.00247774
5.132793e-10,-0.0025893
6.132793e-10,-0.00269373
7.132793e-10,-0.00279232
8.132793e-10,-0.00288507
9.132793e-10,-0.00297199
1.013279e-09,-0.00305566
1.113279e-09,-0.00313479
1.213279e-09,-0.00321003
1.313279e-09,-0.00328073
1.413279e-09,-0.00334689
1.513279e-09,-0.00340656
1.613279e-09,-0.0034604
1.713279e-09,-0.00350645
1.813279e-09,-0.00354537
1.913279e-09,-0.0035752
2.013279e-09,-0.00359726
2.113279e-09,-0.00361282
2.213279e-09,-0.00362191
2.313279e-09,-0.00362515
2.413279e-09,-0.00362385
2.513279e-09,-0.00361801
2.613279e-09,-0.00360958
2.713279e-09,-0.00359791
2.813279e-09,-0.00358364
2.913279e-09,-0.00356612
3.013279e-09,-0.00354667
3.113279e-09,-0.00352461
3.213279e-09,-0.00350061
3.313279e-09,-0.00347532
3.413279e-09,-0.00344937
3.513279e-09,-0.00342408
3.613279e-09,-0.00339943
3.713279e-09,-0.00337543
3.813279e-09,-0.00335403
3.913279e-09,-0.00333522
4.013279e-09,-0.003319
4.113279e-09,-0.00330473
4.213279e-09,-0.00329241
4.313279e-09,-0.00328203
4.413279e-09,-0.0032736
4.513279e-09,-0.00326776
4.613279e-09,-0.00326387
4.713279e-09,-0.00326192
4.813279e-09,-0.00326192
4.913279e-09,-0.00326322
5.013279e-09,-0.00326516
5.113279e-09,-0.00326646
5.213279e-09,-0.00326646
5.313279e-09,-0.00326257
5.413279e-09,-0.00325414
5.513279e-09,-0.00323857
5.613279e-09,-0.00321652
5.713279e-09,-0.00318733
5.813279e-09,-0.0031523
5.913279e-09,-0.00311274
6.013279e-09,-0.00306993
6.113279e-09,-0.00302453
6.213279e-09,-0.00297912
6.313279e-09,-0.00293502
6.413279e-09,-0.00289156
6.513279e-09,-0.0028507
6.613279e-09,-0.00281048
6.713279e-09,-0.00277286
6.813279e-09,-0.00273589
6.913279e-09,-0.00269892
7.013279e-09,-0.00266195
7.113279e-09,-0.00262433
7.213279e-09,-0.00258671
7.313279e-09,-0.00254779
7.413279e-09,-0.00250822
7.513279e-09,-0.00246736
7.613279e-09,-0.0024252
7.713279e-09,-0.00238109
7.813279e-09,-0.00233569
7.913279e-09,-0.00228834
8.013279e-09,-0.00223775
8.113279e-09,-0.00218391
8.213279e-09,-0.00212619
8.313279e-09,-0.00206587
8.413279e-09,-0.0020023
8.513279e-09,-0.00193679
8.613279e-09,-0.00187128
8.713279e-09,-0.00180577
8.813279e-09,-0.0017422
8.913279e-09,-0.00168253
9.013279e-09,-0.00162805
9.113279e-09,-0.0015794
9.213279e-09,-0.00153659
9.313279e-09,-0.00149962
9.413279e-09,-0.00146849
9.513279e-09,-0.00144319
9.613279e-09,-0.00142438
9.713279e-09,-0.00141141
9.813279e-09,-0.00140362
9.913279e-09,-0.00140103
1.001328e-08,-0.00140298
1.011328e-08,-0.00140946
1.021328e-08,-0.00141919
1.031328e-08,-0.00143216
1.041328e-08,-0.00144578
1.051328e-08,-0.00145876
1.061328e-08,-0.00146978
1.071328e-08,-0.00147627
1.081328e-08,-0.00147822
1.091328e-08,-0.00147432
1.101328e-08,-0.00146395
1.111328e-08,-0.00144838
1.121328e-08,-0.00142827
1.131328e-08,-0.00140557
1.141328e-08,-0.00138222
1.151328e-08,-0.00136146
1.161328e-08,-0.0013433
1.171328e-08,-0.00132968
1.181328e-08,-0.00132125
1.191328e-08,-0.00131866
1.201328e-08,-0.00132125
1.211328e-08,-0.00132774
1.221328e-08,-0.00133682
1.231328e-08,-0.00134655
1.241328e-08,-0.00135498
1.251328e-08,-0.00136146
1.261328e-08,-0.00136471
1.271328e-08,-0.001366
1.281328e-08,-0.00136406
1.291328e-08,-0.00135952
1.301328e-08,-0.00135368
1.311328e-08,-0.00134655
1.321328e-08,-0.00133682
1.331328e-08,-0.00132514
1.341328e-08,-0.00131087
1.351328e-08,-0.00129401
1.361328e-08,-0.0012726
1.371328e-08,-0.00124731
1.381328e-08,-0.00121877
1.391328e-08,-0.00118763
1.401328e-08,-0.0011552
1.411328e-08,-0.00112342
1.421328e-08,-0.00109358
1.431328e-08,-0.00106894
1.441328e-08,-0.00105013
1.451328e-08,-0.00103845
1.461328e-08,-0.00103326
1.471328e-08,-0.00103391
1.481328e-08,-0.0010378
1.491328e-08,-0.00104299
1.501328e-08,-0.00104753
1.511328e-08,-0.00105078
1.521328e-08,-0.00105078
1.531328e-08,-0.00104623
1.541328e-08,-0.0010378
1.551328e-08,-0.00102742
1.561328e-08,-0.00101575
1.571328e-08,-0.00100472
1.581328e-08,-0.000995642
1.591328e-08,-0.000991102
1.601328e-08,-0.000990453
1.611328e-08,-0.000994994
1.621328e-08,-0.00100407
1.631328e-08,-0.00101705
1.641328e-08,-0.00103261
1.651328e-08,-0.00104818
1.661328e-08,-0.00106375
1.671328e-08,-0.00107672
1.681328e-08,-0.0010871
1.691328e-08,-0.00109358
1.701328e-08,-0.00109683
1.711328e-08,-0.00109683
1.721328e-08,-0.00109229
1.731328e-08,-0.00108385
1.741328e-08,-0.00107023
1.751328e-08,-0.00105337
1.761328e-08,-0.00103261
1.771328e-08,-0.00100861
1.781328e-08,-0.000980724
1.791328e-08,-0.000951536
1.801328e-08,-0.0009217
1.811328e-08,-0.000891863
1.821328e-08,-0.000864621
1.831328e-08,-0.000839973
1.841328e-08,-0.000819218
1.851328e-08,-0.000801705
1.861328e-08,-0.000788732
1.871328e-08,-0.000779003
1.881328e-08,-0.000772517
1.891328e-08,-0.000766679
1.901328e-08,-0.00076149
1.911328e-08,-0.000755653
1.921328e-08,-0.000749167
1.931328e-08,-0.000742032
1.941328e-08,-0.000734897
1.951328e-08,-0.000727762
1.961328e-08,-0.000721276
1.971328e-08,-0.000716736
1.981328e-08,-0.000713493
1.991328e-08,-0.000712844
2.001328e-08,-0.000714141
2.011328e-08,-0.000715438
2.021328e-08,-0.000716736
2.031328e-08,-0.000716087
2.041328e-08,-0.000712195
2.051328e-08,-0.000703763
2.061328e-08,-0.000691439
2.071328e-08,-0.000674575
2.081328e-08,-0.000653171
2.091328e-08,-0.000627875
2.101328e-08,-0.000599335
2.111328e-08,-0.000569499
2.121328e-08,-0.000539014
2.131328e-08,-0.000509826
2.141328e-08,-0.000482584
2.151328e-08,-0.000457936
2.161328e-08,-0.000437829
2.171328e-08,-0.000422262
2.181328e-08,-0.000411884
2.191328e-08,-0.000407344
2.201328e-08,-0.000407344
2.211328e-08,-0.000412533
2.221328e-08,-0.000421613
2.231328e-08,-0.000433289
2.241328e-08,-0.000448207
2.251328e-08,-0.000463774
2.261328e-08,-0.000479989
2.271328e-08,-0.000494908
2.281328e-08,-0.000508529
2.291328e-08,-0.000519555
2.301328e-08,-0.000529284
2.311328e-08,-0.000537068
2.321328e-08,-0.000542905
2.331328e-08,-0.000548094
2.341328e-08,-0.000552635
2.351328e-08,-0.000557824
2.361328e-08,-0.000563013
2.371328e-08,-0.000570147
2.381328e-08,-0.00057858
2.391328e-08,-0.00058766
2.401328e-08,-0.000596741
2.411328e-08,-0.000603227
2.421328e-08,-0.00060647
2.431328e-08,-0.000605822
2.441328e-08,-0.000599335
2.451328e-08,-0.000587012
2.461328e-08,-0.000569499
2.471328e-08,-0.000546797
2.481328e-08,-0.000521501
2.491328e-08,-0.000494259
2.501328e-08,-0.000467666
2.511328e-08,-0.000443667
2.521328e-08,-0.000424208
2.531328e-08,-0.000411236
2.541328e-08,-0.000404749
2.551328e-08,-0.000404749
2.561328e-08,-0.000410587
2.571328e-08,-0.000420965
2.581328e-08,-0.000435234
2.591328e-08,-0.00045145
2.601328e-08,-0.000467666
2.611328e-08,-0.000482584
2.621328e-08,-0.000495556
2.631328e-08,-0.000505934
2.641328e-08,-0.000513069
2.651328e-08,-0.000517609
2.661328e-08,-0.000519555
2.671328e-08,-0.000519555
2.681328e-08,-0.000516961
2.691328e-08,-0.00051242
2.701328e-08,-0.000507231
2.711328e-08,-0.000500745
2.721328e-08,-0.000494259
2.731328e-08,-0.000487124
2.741328e-08,-0.000479989
2.751328e-08,-0.000474152
2.761328e-08,-0.000468963
2.771328e-08,-0.000464422
2.781328e-08,-0.000461179
2.791328e-08,-0.000458585
2.801328e-08,-0.00045599
2.811328e-08,-0.000452747
2.821328e-08,-0.000447558
2.831328e-08,-0.000439775
2.841328e-08,-0.000429397
2.851328e-08,-0.000416425
2.861328e-08,-0.000401506
2.871328e-08,-0.000386588
2.881328e-08,-0.000372318
2.891328e-08,-0.000360643
2.901328e-08,-0.00035286
2.911328e-08,-0.000350265
2.921328e-08,-0.000353508
2.931328e-08,-0.000360643
2.941328e-08,-0.000372967
2.951328e-08,-0.000388534
2.961328e-08,-0.000405398
2.971328e-08,-0.000421613
2.981328e-08,-0.000436532
2.991328e-08,-0.000448207
3.001328e-08,-0.00045599
3.011328e-08,-0.000458585
3.021328e-08,-0.00045599
3.031328e-08,-0.000449504
3.041328e-08,-0.000439126
3.051328e-08,-0.000425505
3.061328e-08,-0.00040929
3.071328e-08,-0.000391128
3.081328e-08,-0.00037167
3.091328e-08,-0.000350265
3.101328e-08,-0.000327564
3.111328e-08,-0.00030551
3.121328e-08,-0.000282809
3.131328e-08,-0.000260107
3.141328e-08,-0.000239351
3.151328e-08,-0.000219244
3.161328e-08,-0.000201731
3.171328e-08,-0.000184867
3.181328e-08,-0.000169949
3.191328e-08,-0.000158922
3.201328e-08,-0.00015049
3.211328e-08,-0.000145301
3.221328e-08,-0.000142058
3.231328e-08,-0.000142058
3.241328e-08,-0.000144004
3.251328e-08,-0.000147896
3.261328e-08,-0.000153085
3.271328e-08,-0.000158922
3.281328e-08,-0.000166057
3.291328e-08,-0.000174489
3.301328e-08,-0.000182921
3.311328e-08,-0.000192651
3.321328e-08,-0.000201731
3.331328e-08,-0.000209515
3.341328e-08,-0.00021665
3.351328e-08,-0.000221838
3.361328e-08,-0.000226379
3.371328e-08,-0.000229622
3.381328e-08,-0.000232865
3.391328e-08,-0.000236757
3.401328e-08,-0.000242594
3.411328e-08,-0.000249729
3.421328e-08,-0.000260756
3.431328e-08,-0.000276971
3.441328e-08,-0.000298376
3.451328e-08,-0.00032432
3.461328e-08,-0.000355454
3.471328e-08,-0.000389831
3.481328e-08,-0.000426154
3.491328e-08,-0.000461828
3.501328e-08,-0.000494259
3.511328e-08,-0.000523447
3.521328e-08,-0.000546797
3.531328e-08,-0.00056431
3.541328e-08,-0.000574039
3.551328e-08,-0.000576634
3.561328e-08,-0.000572742
3.571328e-08,-0.000563013
3.581328e-08,-0.000548743
3.591328e-08,-0.000531879
3.601328e-08,-0.000513718
3.611328e-08,-0.000494908
3.621328e-08,-0.000477395
3.631328e-08,-0.000462477
3.641328e-08,-0.000449504
3.651328e-08,-0.000438478
3.661328e-08,-0.000428748
3.671328e-08,-0.000421613
3.681328e-08,-0.000415776
3.691328e-08,-0.000410587
3.701328e-08,-0.000405398
3.711328e-08,-0.000400209
3.721328e-08,-0.000394371
3.731328e-08,-0.000387885
3.741328e-08,-0.000381399
3.751328e-08,-0.000373616
3.761328e-08,-0.000365184
3.771328e-08,-0.000356103
3.781328e-08,-0.000347022
3.791328e-08,-0.000337941
3.801328e-08,-0.000327564
3.811328e-08,-0.000316537
3.821328e-08,-0.000303565
3.831328e-08,-0.000291241
3.841328e-08,-0.000276971
3.851328e-08,-0.000262702
3.861328e-08,-0.000247783
3.871328e-08,-0.000234162
3.881328e-08,-0.00022119
3.891328e-08,-0.000208866
3.901328e-08,-0.000199137
3.911328e-08,-0.000191353
3.921328e-08,-0.000186164
3.931328e-08,-0.000182921
3.941328e-08,-0.000180327
3.951328e-08,-0.000178381
3.961328e-08,-0.000176435
3.971328e-08,-0.000172543
3.981328e-08,-0.000168652
3.991328e-08,-0.000164111
4.001328e-08,-0.000159571
4.011328e-08,-0.000155031
4.021328e-08,-0.000153085
4.031328e-08,-0.000154382
4.041328e-08,-0.000159571
4.051328e-08,-0.000168652
4.061328e-08,-0.000180975
4.071328e-08,-0.000195894
4.081328e-08,-0.000212758
4.091328e-08,-0.000228325
4.101328e-08,-0.000242594
4.111328e-08,-0.000253621
4.121328e-08,-0.000261404
4.131328e-08,-0.000264647
4.141328e-08,-0.000264647
4.151328e-08,-0.000262702
4.161328e-08,-0.000260756
4.171328e-08,-0.000259458
4.181328e-08,-0.000260107
4.191328e-08,-0.000263999
4.201328e-08,-0.000271134
4.211328e-08,-0.000280214
4.221328e-08,-0.000290592
4.231328e-08,-0.000299673
4.241328e-08,-0.000306808
4.251328e-08,-0.000310051
4.261328e-08,-0.000308105
4.271328e-08,-0.000302267
4.281328e-08,-0.000292538
4.291328e-08,-0.000278917
4.301328e-08,-0.000263999
4.311328e-08,-0.000249081
4.321328e-08,-0.000235459
4.331328e-08,-0.000223784
4.341328e-08,-0.00021665
4.351328e-08,-0.000213406
4.361328e-08,-0.000214055
4.371328e-08,-0.00021665
4.381328e-08,-0.00022119
4.391328e-08,-0.000226379
4.401328e-08,-0.000230919
4.411328e-08,-0.000235459
4.421328e-08,-0.000239351
4.431328e-08,-0.000243243
4.441328e-08,-0.000247783
4.451328e-08,-0.000253621
4.461328e-08,-0.000260756
4.471328e-08,-0.000269836
4.481328e-08,-0.000280214
4.491328e-08,-0.000291889
4.501328e-08,-0.000302916
4.511328e-08,-0.000312645
4.521328e-08,-0.00031978
4.531328e-08,-0.000323023
4.541328e-08,-0.000322375
4.551328e-08,-0.000318483
4.561328e-08,-0.000310699
4.571328e-08,-0.000300322
4.581328e-08,-0.000288646
4.591328e-08,-0.000276971
4.601328e-08,-0.000266593
4.611328e-08,-0.000257513
4.621328e-08,-0.000249081
4.631328e-08,-0.000242594
4.641328e-08,-0.000236757
4.651328e-08,-0.000232865
4.661328e-08,-0.000229622
4.671328e-08,-0.000227676
4.681328e-08,-0.000226379
4.691328e-08,-0.000226379
4.701328e-08,-0.000227676
4.711328e-08,-0.000230271
4.721328e-08,-0.000234811
4.731328e-08,-0.000240648
4.741328e-08,-0.000247783
4.751328e-08,-0.000256215
4.761328e-08,-0.000265945
4.771328e-08,-0.000276323
4.781328e-08,-0.000287349
4.791328e-08,-0.000299673
4.801328e-08,-0.000312645
4.811328e-08,-0.000326915
4.821328e-08,-0.000341833
4.831328e-08,-0.000358049
4.841328e-08,-0.000374913
4.851328e-08,-0.000393074
4.861328e-08,-0.000411236
4.871328e-08,-0.000427451
4.881328e-08,-0.000442369
4.891328e-08,-0.000453396
4.901328e-08,-0.000460531
4.911328e-08,-0.000462477
4.921328e-08,-0.000459233
4.931328e-08,-0.000452099
4.941328e-08,-0.000441072
4.951328e-08,-0.000427451
4.961328e-08,-0.000411236
4.971328e-08,-0.000393723
4.981328e-08,-0.000377507
4.991328e-08,-0.000361292
5.001328e-08,-0.000345725
5.011328e-08,-0.000330807
5.021328e-08,-0.000317186
5.031328e-08,-0.000304213
5.041328e-08,-0.000292538
5.051328e-08,-0.000280863
5.061328e-08,-0.000271134
5.071328e-08,-0.000262053
5.081328e-08,-0.000254918
5.091328e-08,-0.000251026
5.101328e-08,-0.000249081
5.111328e-08,-0.000250378
5.121328e-08,-0.000254918
5.131328e-08,-0.000262053
5.141328e-08,-0.000272431
5.151328e-08,-0.000283457
5.161328e-08,-0.000295781
5.171328e-08,-0.000307456
5.181328e-08,-0.000318483
5.191328e-08,-0.000328212
5.201328e-08,-0.000335347
5.211328e-08,-0.000340536
5.221328e-08,-0.000342482
5.231328e-08,-0.000341833
5.241328e-08,-0.000339239
5.251328e-08,-0.00033405
5.261328e-08,-0.000325618
5.271328e-08,-0.000315888
5.281328e-08,-0.000304213
5.291328e-08,-0.000291241
5.301328e-08,-0.000275674
5.311328e-08,-0.000260107
5.321328e-08,-0.00024454
5.331328e-08,-0.000229622
5.341328e-08,-0.00021665
5.351328e-08,-0.000206272
5.361328e-08,-0.000201083
5.371328e-08,-0.000200434
5.381328e-08,-0.000204974
5.391328e-08,-0.000214055
5.401328e-08,-0.000226379
5.411328e-08,-0.00024
5.421328e-08,-0.000252324
5.431328e-08,-0.00026335
5.441328e-08,-0.000270485
5.451328e-08,-0.000271134
5.461328e-08,-0.000265945
5.471328e-08,-0.000253621
5.481328e-08,-0.000235459
5.491328e-08,-0.000212109
5.501328e-08,-0.000185516
5.511328e-08,-0.000158274
5.521328e-08,-0.000132329
5.531328e-08,-0.00010833
5.541328e-08,-8.88713e-05
5.551328e-08,-7.39531e-05
5.561328e-08,-6.48724e-05
5.571328e-08,-6.09807e-05
5.581328e-08,-6.16293e-05
5.591328e-08,-6.74669e-05
5.601328e-08,-7.9142e-05
5.611328e-08,-9.47089e-05
5.621328e-08,-0.000114816
5.631328e-08,-0.000138815
5.641328e-08,-0.000164111
5.651328e-08,-0.000190056
5.661328e-08,-0.000214055
5.671328e-08,-0.000234811
5.681328e-08,-0.000251026
5.691328e-08,-0.000259458
5.701328e-08,-0.000260107
5.711328e-08,-0.000252324
5.721328e-08,-0.000236757
5.731328e-08,-0.000214055
5.741328e-08,-0.000186164
5.751328e-08,-0.000155031
5.761328e-08,-0.000123248
5.771328e-08,-9.21144e-05
5.781328e-08,-6.35752e-05
5.791328e-08,-3.89276e-05
5.801328e-08,-1.88204e-05
5.811328e-08,-3.25348e-06
5.821328e-08,7.77306e-06
5.831328e-08,1.49079e-05
5.841328e-08,1.8151e-05
5.851328e-08,1.75024e-05
5.861328e-08,1.36106e-05
5.871328e-08,7.12444e-06
5.881328e-08,-2.60486e-06
5.891328e-08,-1.49286e-05
5.901328e-08,-2.85497e-05
5.911328e-08,-4.28193e-05
5.921328e-08,-5.77376e-05
5.931328e-08,-7.20072e-05
5.941328e-08,-8.30338e-05
5.951328e-08,-9.08172e-05
5.961328e-08,-9.40603e-05
5.971328e-08,-9.21144e-05
5.981328e-08,-8.49796e-05
5.991328e-08,-7.39531e-05
6.001328e-08,-6.03321e-05
6.011328e-08,-4.54138e-05
6.021328e-08,-3.11441e-05
6.031328e-08,-2.01176e-05
6.041328e-08,-1.36314e-05
6.051328e-08,-1.29828e-05
6.061328e-08,-1.9469e-05
6.071328e-08,-3.17928e-05
6.081328e-08,-4.99541e-05
6.091328e-08,-7.26558e-05
6.101328e-08,-9.7952e-05
6.111328e-08,-0.000124545
6.121328e-08,-0.000151139
6.131328e-08,-0.000175138
6.141328e-08,-0.000195894
6.151328e-08,-0.000211461
6.161328e-08,-0.000223136
6.171328e-08,-0.000230919
6.181328e-08,-0.000234162
6.191328e-08,-0.000234162
6.201328e-08,-0.000230919
6.211328e-08,-0.000225082
6.221328e-08,-0.000217947
6.231328e-08,-0.000210812
6.241328e-08,-0.000203028
6.251328e-08,-0.000195894
6.261328e-08,-0.000189407
6.271328e-08,-0.000184219
6.281328e-08,-0.000180975
6.291328e-08,-0.00017903
6.301328e-08,-0.00017903
6.311328e-08,-0.000180327
6.321328e-08,-0.000182273
6.331328e-08,-0.000185516
6.341328e-08,-0.000188759
6.351328e-08,-0.000192002
6.361328e-08,-0.000194596
6.371328e-08,-0.000196542
6.381328e-08,-0.00019784
6.391328e-08,-0.000198488
6.401328e-08,-0.000198488
6.411328e-08,-0.000198488
6.421328e-08,-0.000198488
6.431328e-08,-0.000199137
6.441328e-08,-0.000199785
6.451328e-08,-0.000199785
6.461328e-08,-0.000199785
6.471328e-08,-0.000199137
6.481328e-08,-0.00019784
6.491328e-08,-0.000194596
6.501328e-08,-0.000190056
6.511328e-08,-0.000184867
6.521328e-08,-0.000180327
6.531328e-08,-0.000176435
6.541328e-08,-0.000174489
6.551328e-08,-0.000176435
6.561328e-08,-0.000180975
6.571328e-08,-0.000188759
6.581328e-08,-0.00019784
6.591328e-08,-0.000208217
6.601328e-08,-0.000217298
6.611328e-08,-0.000224433
6.621328e-08,-0.000227676
6.631328e-08,-0.000226379
6.641328e-08,-0.000219893
6.651328e-08,-0.000208866
6.661328e-08,-0.000195245
6.671328e-08,-0.000180975
6.681328e-08,-0.000168652
6.691328e-08,-0.000157625
6.701328e-08,-0.000151139
6.711328e-08,-0.000149842
6.721328e-08,-0.000153085
6.731328e-08,-0.000159571
6.741328e-08,-0.000167354
6.751328e-08,-0.000175138
6.761328e-08,-0.000180327
6.771328e-08,-0.000182273
6.781328e-08,-0.00017903
6.791328e-08,-0.000171246
6.801328e-08,-0.000158922
6.811328e-08,-0.000142058
6.821328e-08,-0.000123248
6.831328e-08,-0.000105087
6.841328e-08,-8.82227e-05
6.851328e-08,-7.46017e-05
6.861328e-08,-6.48724e-05
6.871328e-08,-5.83862e-05
6.881328e-08,-5.44945e-05
6.891328e-08,-5.19e-05
6.901328e-08,-4.99541e-05
6.911328e-08,-4.93055e-05
6.921328e-08,-4.86569e-05
6.931328e-08,-4.86569e-05
6.941328e-08,-4.99541e-05
6.951328e-08,-5.25486e-05
6.961328e-08,-5.83862e-05
6.971328e-08,-6.74669e-05
6.981328e-08,-7.97907e-05
6.991328e-08,-9.47089e-05
7.001328e-08,-0.00011287
7.011328e-08,-0.000131032
7.021328e-08,-0.000148544
7.031328e-08,-0.000164111
7.041328e-08,-0.000175138
7.051328e-08,-0.000180327
7.061328e-08,-0.000180327
7.071328e-08,-0.000176435
7.081328e-08,-0.0001693
7.091328e-08,-0.00016022
7.101328e-08,-0.000151139
7.111328e-08,-0.000143355
7.121328e-08,-0.000136869
7.131328e-08,-0.000132329
7.141328e-08,-0.000128437
7.151328e-08,-0.000125194
7.161328e-08,-0.000121302
7.171328e-08,-0.000116762
7.181328e-08,-0.000110924
7.191328e-08,-0.00010379
7.201328e-08,-9.66548e-05
7.211328e-08,-9.01686e-05
7.221328e-08,-8.62769e-05
7.231328e-08,-8.56282e-05
7.241328e-08,-8.952e-05
7.251328e-08,-9.86006e-05
7.261328e-08,-0.000111573
7.271328e-08,-0.00012714
7.281328e-08,-0.000142707
7.291328e-08,-0.000156328
7.301328e-08,-0.000167354
7.311328e-08,-0.000174489
7.321328e-08,-0.000177084
7.331328e-08,-0.000174489
7.341328e-08,-0.0001693
7.351328e-08,-0.000162165
7.361328e-08,-0.000155679
7.371328e-08,-0.000151139
7.381328e-08,-0.000148544
7.391328e-08,-0.000148544
7.401328e-08,-0.000149842
7.411328e-08,-0.000151139
7.421328e-08,-0.00015049
7.431328e-08,-0.00014595
7.441328e-08,-0.000135572
7.451328e-08,-0.000120005
7.461328e-08,-9.92493e-05
7.471328e-08,-7.52503e-05
7.481328e-08,-4.99541e-05
7.491328e-08,-2.66038e-05
7.501328e-08,-7.79382e-06
7.511328e-08,4.52996e-06
7.521328e-08,1.03675e-05
7.531328e-08,9.0703e-06
7.541328e-08,1.28686e-06
7.551328e-08,-1.10369e-05
7.561328e-08,-2.53066e-05
7.571328e-08,-3.89276e-05
7.581328e-08,-4.99541e-05
7.591328e-08,-5.64403e-05
7.601328e-08,-5.83862e-05
7.611328e-08,-5.44945e-05
7.621328e-08,-4.6711e-05
7.631328e-08,-3.63331e-05
7.641328e-08,-2.40093e-05
7.651328e-08,-1.23342e-05
7.661328e-08,-1.95624e-06
7.671328e-08,5.8272e-06
7.681328e-08,1.03675e-05
7.691328e-08,1.2962e-05
7.701328e-08,1.2962e-05
7.711328e-08,9.71892e-06
7.721328e-08,5.17858e-06
