LECROYWaveRunner‘N,20113,Waveform
Segments,1,SegmentSize,2002
Segment,TrigTime,TimeSinceSegment1
#1,28-Sep-2018 13:21:16,0                 
Time,Ampl
-1.228745e-07,6.38242e-07
-1.227745e-07,1.36106e-05
-1.226745e-07,2.85289e-05
-1.225745e-07,4.34472e-05
-1.224745e-07,5.5771e-05
-1.223745e-07,6.4203e-05
-1.222745e-07,6.67975e-05
-1.221745e-07,6.35544e-05
-1.220745e-07,5.44737e-05
-1.219745e-07,4.08527e-05
-1.218745e-07,2.39886e-05
-1.217745e-07,7.12444e-06
-1.216745e-07,-9.09106e-06
-1.215745e-07,-2.14148e-05
-1.214745e-07,-2.85497e-05
-1.213745e-07,-2.98469e-05
-1.212745e-07,-2.72524e-05
-1.211745e-07,-2.14148e-05
-1.210745e-07,-1.49286e-05
-1.209745e-07,-9.73968e-06
-1.208745e-07,-7.1452e-06
-1.207745e-07,-9.09106e-06
-1.206745e-07,-1.428e-05
-1.205745e-07,-2.33607e-05
-1.204745e-07,-3.50359e-05
-1.203745e-07,-4.6711e-05
-1.202745e-07,-5.64403e-05
-1.201745e-07,-6.29265e-05
-1.200745e-07,-6.42238e-05
-1.199745e-07,-6.03321e-05
-1.198745e-07,-5.25486e-05
-1.197745e-07,-4.34679e-05
-1.196745e-07,-3.43872e-05
-1.195745e-07,-2.72524e-05
-1.194745e-07,-2.40093e-05
-1.193745e-07,-2.59552e-05
-1.192745e-07,-3.37386e-05
-1.191745e-07,-4.60624e-05
-1.190745e-07,-5.96834e-05
-1.189745e-07,-7.39531e-05
-1.188745e-07,-8.62769e-05
-1.187745e-07,-9.60062e-05
-1.186745e-07,-0.000100547
-1.185745e-07,-9.98979e-05
-1.184745e-07,-9.53575e-05
-1.183745e-07,-8.88713e-05
-1.182745e-07,-8.17365e-05
-1.181745e-07,-7.58989e-05
-1.180745e-07,-7.26558e-05
-1.179745e-07,-7.26558e-05
-1.178745e-07,-7.58989e-05
-1.177745e-07,-8.30338e-05
-1.176745e-07,-9.27631e-05
-1.175745e-07,-0.000102492
-1.174745e-07,-0.000112222
-1.173745e-07,-0.000121302
-1.172745e-07,-0.000129086
-1.171745e-07,-0.000134275
-1.170745e-07,-0.000136869
-1.169745e-07,-0.000138815
-1.168745e-07,-0.000139464
-1.167745e-07,-0.000139464
-1.166745e-07,-0.000138166
-1.165745e-07,-0.000136869
-1.164745e-07,-0.000133626
-1.163745e-07,-0.000127789
-1.162745e-07,-0.000119356
-1.161745e-07,-0.00010833
-1.160745e-07,-9.47089e-05
-1.159745e-07,-7.9142e-05
-1.158745e-07,-6.35752e-05
-1.157745e-07,-4.93055e-05
-1.156745e-07,-3.8279e-05
-1.155745e-07,-3.04955e-05
-1.154745e-07,-2.66038e-05
-1.153745e-07,-2.59552e-05
-1.152745e-07,-2.85497e-05
-1.151745e-07,-3.17928e-05
-1.150745e-07,-3.43872e-05
-1.149745e-07,-3.50359e-05
-1.148745e-07,-3.309e-05
-1.147745e-07,-2.7901e-05
-1.146745e-07,-2.07662e-05
-1.145745e-07,-1.23342e-05
-1.144745e-07,-5.19934e-06
-1.143745e-07,-1.30762e-06
-1.142745e-07,-1.30762e-06
-1.141745e-07,-7.1452e-06
-1.140745e-07,-1.75231e-05
-1.139745e-07,-3.309e-05
-1.138745e-07,-4.99541e-05
-1.137745e-07,-6.74669e-05
-1.136745e-07,-8.30338e-05
-1.135745e-07,-9.40603e-05
-1.134745e-07,-9.98979e-05
-1.133745e-07,-9.92493e-05
-1.132745e-07,-9.27631e-05
-1.131745e-07,-8.17365e-05
-1.130745e-07,-6.81155e-05
-1.129745e-07,-5.44945e-05
-1.128745e-07,-4.21707e-05
-1.127745e-07,-3.24414e-05
-1.126745e-07,-2.66038e-05
-1.125745e-07,-2.46579e-05
-1.124745e-07,-2.66038e-05
-1.123745e-07,-3.04955e-05
-1.122745e-07,-3.50359e-05
-1.121745e-07,-3.89276e-05
-1.120745e-07,-4.21707e-05
-1.119745e-07,-4.34679e-05
-1.118745e-07,-4.41165e-05
-1.117745e-07,-4.41165e-05
-1.116745e-07,-4.41165e-05
-1.115745e-07,-4.54138e-05
-1.114745e-07,-4.6711e-05
-1.113745e-07,-4.93055e-05
-1.112745e-07,-5.19e-05
-1.111745e-07,-5.31972e-05
-1.110745e-07,-5.25486e-05
-1.109745e-07,-4.99541e-05
-1.108745e-07,-4.41165e-05
-1.107745e-07,-3.50359e-05
-1.106745e-07,-2.40093e-05
-1.105745e-07,-1.36314e-05
-1.104745e-07,-5.19934e-06
-1.103745e-07,-6.58998e-07
-1.102745e-07,-6.58998e-07
-1.101745e-07,-7.79382e-06
-1.100745e-07,-2.14148e-05
-1.099745e-07,-4.08734e-05
-1.098745e-07,-6.42238e-05
-1.097745e-07,-8.82227e-05
-1.096745e-07,-0.000110924
-1.095745e-07,-0.000129086
-1.094745e-07,-0.00014141
-1.093745e-07,-0.000147247
-1.092745e-07,-0.000146599
-1.091745e-07,-0.000139464
-1.090745e-07,-0.000127789
-1.089745e-07,-0.000113519
-1.088745e-07,-9.98979e-05
-1.087745e-07,-8.69255e-05
-1.086745e-07,-7.71962e-05
-1.085745e-07,-7.071e-05
-1.084745e-07,-6.68183e-05
-1.083745e-07,-6.48724e-05
-1.082745e-07,-6.29265e-05
-1.081745e-07,-5.96834e-05
-1.080745e-07,-5.57917e-05
-1.079745e-07,-4.93055e-05
-1.078745e-07,-4.08734e-05
-1.077745e-07,-3.11441e-05
-1.076745e-07,-2.14148e-05
-1.075745e-07,-1.29828e-05
-1.074745e-07,-6.49658e-06
-1.073745e-07,-1.30762e-06
-1.072745e-07,1.93548e-06
-1.071745e-07,3.88134e-06
-1.070745e-07,5.8272e-06
-1.069745e-07,8.42168e-06
-1.068745e-07,1.10162e-05
-1.067745e-07,1.49079e-05
-1.066745e-07,1.94482e-05
-1.065745e-07,2.39886e-05
-1.064745e-07,2.6583e-05
-1.063745e-07,2.6583e-05
-1.062745e-07,2.26913e-05
-1.061745e-07,1.2962e-05
-1.060745e-07,-2.60486e-06
-1.059745e-07,-2.40093e-05
-1.058745e-07,-4.93055e-05
-1.057745e-07,-7.65476e-05
-1.056745e-07,-0.000104438
-1.055745e-07,-0.000131032
-1.054745e-07,-0.000155031
-1.053745e-07,-0.000174489
-1.052745e-07,-0.000190056
-1.051745e-07,-0.00020238
-1.050745e-07,-0.000210163
-1.049745e-07,-0.000215352
-1.048745e-07,-0.000217947
-1.047745e-07,-0.000217947
-1.046745e-07,-0.000216001
-1.045745e-07,-0.000212109
-1.044745e-07,-0.000204974
-1.043745e-07,-0.000195245
-1.042745e-07,-0.000181624
-1.041745e-07,-0.00016476
-1.040745e-07,-0.000145301
-1.039745e-07,-0.000124545
-1.038745e-07,-0.00010379
-1.037745e-07,-8.56282e-05
-1.036745e-07,-7.13586e-05
-1.035745e-07,-6.29265e-05
-1.034745e-07,-5.96834e-05
-1.033745e-07,-6.22779e-05
-1.032745e-07,-6.94127e-05
-1.031745e-07,-7.9142e-05
-1.030745e-07,-9.01686e-05
-1.029745e-07,-9.92493e-05
-1.028745e-07,-0.000106384
-1.027745e-07,-0.000109627
-1.026745e-07,-0.000108979
-1.025745e-07,-0.000105087
-1.024745e-07,-9.98979e-05
-1.023745e-07,-9.53575e-05
-1.022745e-07,-9.27631e-05
-1.021745e-07,-9.34117e-05
-1.020745e-07,-9.7952e-05
-1.019745e-07,-0.00010833
-1.018745e-07,-0.0001226
-1.017745e-07,-0.000140761
-1.016745e-07,-0.000159571
-1.015745e-07,-0.000176435
-1.014745e-07,-0.000190056
-1.013745e-07,-0.000198488
-1.012745e-07,-0.00020238
-1.011745e-07,-0.000200434
-1.010745e-07,-0.000195245
-1.009745e-07,-0.000187462
-1.008745e-07,-0.00017903
-1.007745e-07,-0.000170597
-1.006745e-07,-0.000164111
-1.005745e-07,-0.000159571
-1.004745e-07,-0.000156328
-1.003745e-07,-0.000153085
-1.002745e-07,-0.000149193
-1.001745e-07,-0.000142707
-1.000745e-07,-0.000133626
-9.997453e-08,-0.000121302
-9.987453e-08,-0.000105735
-9.977453e-08,-8.75741e-05
-9.967453e-08,-6.74669e-05
-9.957453e-08,-4.86569e-05
-9.947453e-08,-3.17928e-05
-9.937453e-08,-1.9469e-05
-9.927453e-08,-1.10369e-05
-9.917453e-08,-7.1452e-06
-9.907453e-08,-5.84796e-06
-9.897453e-08,-6.49658e-06
-9.887453e-08,-8.44244e-06
-9.877453e-08,-9.73968e-06
-9.867453e-08,-1.03883e-05
-9.857453e-08,-9.09106e-06
-9.847453e-08,-7.1452e-06
-9.837453e-08,-3.9021e-06
-9.827453e-08,-6.58998e-07
-9.817453e-08,1.93548e-06
-9.807453e-08,2.5841e-06
-9.797453e-08,6.38242e-07
-9.787453e-08,-3.25348e-06
-9.777453e-08,-8.44244e-06
-9.767453e-08,-1.428e-05
-9.757453e-08,-2.01176e-05
-9.747453e-08,-2.40093e-05
-9.737453e-08,-2.66038e-05
-9.727453e-08,-2.85497e-05
-9.717453e-08,-2.91983e-05
-9.707453e-08,-3.04955e-05
-9.697453e-08,-3.24414e-05
-9.687453e-08,-3.76303e-05
-9.677453e-08,-4.60624e-05
-9.667453e-08,-5.77376e-05
-9.657453e-08,-7.071e-05
-9.647453e-08,-8.62769e-05
-9.637453e-08,-0.000102492
-9.627453e-08,-0.000117411
-9.617453e-08,-0.000129734
-9.607453e-08,-0.000140112
-9.597453e-08,-0.000147247
-9.587453e-08,-0.000151139
-9.577453e-08,-0.000152436
-9.567453e-08,-0.000152436
-9.557453e-08,-0.000151787
-9.547453e-08,-0.000151139
-9.537453e-08,-0.000152436
-9.527453e-08,-0.000155031
-9.517453e-08,-0.000158922
-9.507453e-08,-0.000163463
-9.497453e-08,-0.000168652
-9.487453e-08,-0.000173841
-9.477453e-08,-0.000178381
-9.467453e-08,-0.000180975
-9.457453e-08,-0.000181624
-9.447453e-08,-0.000181624
-9.437453e-08,-0.000180975
-9.427453e-08,-0.000179678
-9.417453e-08,-0.000178381
-9.407453e-08,-0.000176435
-9.397453e-08,-0.000174489
-9.387453e-08,-0.000171895
-9.377453e-08,-0.000167354
-9.367453e-08,-0.000161517
-9.357453e-08,-0.000152436
-9.347453e-08,-0.000140761
-9.337453e-08,-0.000126491
-9.327453e-08,-0.000110924
-9.317453e-08,-9.47089e-05
-9.307453e-08,-7.97907e-05
-9.297453e-08,-6.74669e-05
-9.287453e-08,-5.96834e-05
-9.277453e-08,-5.64403e-05
-9.267453e-08,-5.64403e-05
-9.257453e-08,-6.03321e-05
-9.247453e-08,-6.68183e-05
-9.237453e-08,-7.26558e-05
-9.227453e-08,-7.52503e-05
-9.217453e-08,-7.39531e-05
-9.207453e-08,-6.81155e-05
-9.197453e-08,-5.7089e-05
-9.187453e-08,-4.15221e-05
-9.177453e-08,-2.27121e-05
-9.167453e-08,-3.9021e-06
-9.157453e-08,1.36106e-05
-9.147453e-08,2.72317e-05
-9.137453e-08,3.56637e-05
-9.127453e-08,3.63124e-05
-9.117453e-08,3.11234e-05
-9.107453e-08,2.00968e-05
-9.097453e-08,7.12444e-06
-9.087453e-08,-7.1452e-06
-9.077453e-08,-2.01176e-05
-9.067453e-08,-3.04955e-05
-9.057453e-08,-3.69817e-05
-9.047453e-08,-4.02248e-05
-9.037453e-08,-4.02248e-05
-9.027453e-08,-3.8279e-05
-9.017453e-08,-3.69817e-05
-9.007453e-08,-3.76303e-05
-8.997453e-08,-4.15221e-05
-8.987453e-08,-4.86569e-05
-8.977453e-08,-5.77376e-05
-8.967453e-08,-6.74669e-05
-8.957453e-08,-7.65476e-05
-8.947453e-08,-8.30338e-05
-8.937453e-08,-8.69255e-05
-8.927453e-08,-8.62769e-05
-8.917453e-08,-8.10879e-05
-8.907453e-08,-7.20072e-05
-8.897453e-08,-6.03321e-05
-8.887453e-08,-4.86569e-05
-8.877453e-08,-3.89276e-05
-8.867453e-08,-3.17928e-05
-8.857453e-08,-2.72524e-05
-8.847453e-08,-2.59552e-05
-8.837453e-08,-2.53066e-05
-8.827453e-08,-2.53066e-05
-8.817453e-08,-2.46579e-05
-8.807453e-08,-2.20635e-05
-8.797453e-08,-1.62259e-05
-8.787453e-08,-7.79382e-06
-8.777453e-08,3.23272e-06
-8.767453e-08,1.55565e-05
-8.757453e-08,2.6583e-05
-8.747453e-08,3.63124e-05
-8.737453e-08,4.27986e-05
-8.727453e-08,4.5393e-05
-8.717453e-08,4.47444e-05
-8.707453e-08,4.02041e-05
-8.697453e-08,3.30692e-05
-8.687453e-08,2.39886e-05
-8.677453e-08,1.49079e-05
-8.667453e-08,7.77306e-06
-8.657453e-08,1.93548e-06
-8.647453e-08,-1.95624e-06
-8.637453e-08,-5.19934e-06
-8.627453e-08,-6.49658e-06
-8.617453e-08,-6.49658e-06
-8.607453e-08,-5.84796e-06
-8.597453e-08,-4.55072e-06
-8.587453e-08,-2.60486e-06
-8.577453e-08,-6.58998e-07
-8.567453e-08,1.93548e-06
-8.557453e-08,5.17858e-06
-8.547453e-08,7.77306e-06
-8.537453e-08,9.71892e-06
-8.527453e-08,9.71892e-06
-8.517453e-08,6.47582e-06
-8.507453e-08,-1.95624e-06
-8.497453e-08,-1.62259e-05
-8.487453e-08,-3.69817e-05
-8.477453e-08,-6.29265e-05
-8.467453e-08,-9.21144e-05
-8.457453e-08,-0.0001226
-8.447453e-08,-0.000151787
-8.437453e-08,-0.000177084
-8.427453e-08,-0.000195245
-8.417453e-08,-0.000204974
-8.407453e-08,-0.000204974
-8.397453e-08,-0.000195894
-8.387453e-08,-0.000178381
-8.377453e-08,-0.000155031
-8.367453e-08,-0.000129086
-8.357453e-08,-0.000102492
-8.347453e-08,-7.78448e-05
-8.337453e-08,-5.64403e-05
-8.327453e-08,-4.02248e-05
-8.317453e-08,-2.98469e-05
-8.307453e-08,-2.40093e-05
-8.297453e-08,-2.27121e-05
-8.287453e-08,-2.53066e-05
-8.277453e-08,-2.98469e-05
-8.267453e-08,-3.69817e-05
-8.257453e-08,-4.60624e-05
-8.247453e-08,-5.77376e-05
-8.237453e-08,-7.20072e-05
-8.227453e-08,-8.88713e-05
-8.217453e-08,-0.000107681
-8.207453e-08,-0.000128437
-8.197453e-08,-0.00015049
-8.187453e-08,-0.000169949
-8.177453e-08,-0.000186164
-8.167453e-08,-0.000196542
-8.157453e-08,-0.000199785
-8.147453e-08,-0.000193948
-8.137453e-08,-0.00017903
-8.127453e-08,-0.000156976
-8.117453e-08,-0.000129734
-8.107453e-08,-9.92493e-05
-8.097453e-08,-6.87641e-05
-8.087453e-08,-4.08734e-05
-8.077453e-08,-1.75231e-05
-8.067453e-08,-1.95624e-06
-8.057453e-08,7.12444e-06
-8.047453e-08,8.42168e-06
-8.037453e-08,3.88134e-06
-8.027453e-08,-3.9021e-06
-8.017453e-08,-1.49286e-05
-8.007453e-08,-2.72524e-05
-7.997453e-08,-4.08734e-05
-7.987453e-08,-5.44945e-05
-7.977453e-08,-6.74669e-05
-7.967453e-08,-8.10879e-05
-7.957453e-08,-9.66548e-05
-7.947453e-08,-0.000112222
-7.937453e-08,-0.000129086
-7.927453e-08,-0.000146599
-7.917453e-08,-0.000164111
-7.907453e-08,-0.000179678
-7.897453e-08,-0.000191353
-7.887453e-08,-0.000198488
-7.877453e-08,-0.000199785
-7.867453e-08,-0.000195894
-7.857453e-08,-0.000186813
-7.847453e-08,-0.000174489
-7.837453e-08,-0.00016022
-7.827453e-08,-0.000146599
-7.817453e-08,-0.000134923
-7.807453e-08,-0.00012714
-7.797453e-08,-0.000123248
-7.787453e-08,-0.000123248
-7.777453e-08,-0.000125843
-7.767453e-08,-0.000130383
-7.757453e-08,-0.000134923
-7.747453e-08,-0.000138815
-7.737453e-08,-0.00014141
-7.727453e-08,-0.000143355
-7.717453e-08,-0.000144653
-7.707453e-08,-0.000146599
-7.697453e-08,-0.00015049
-7.687453e-08,-0.000157625
-7.677453e-08,-0.000168003
-7.667453e-08,-0.000181624
-7.657453e-08,-0.000196542
-7.647453e-08,-0.000210812
-7.637453e-08,-0.000222487
-7.627453e-08,-0.000228325
-7.617453e-08,-0.000227676
-7.607453e-08,-0.000220541
-7.597453e-08,-0.000206272
-7.587453e-08,-0.000187462
-7.577453e-08,-0.000165409
-7.567453e-08,-0.000144004
-7.557453e-08,-0.000126491
-7.547453e-08,-0.000114168
-7.537453e-08,-0.000108979
-7.527453e-08,-0.000110276
-7.517453e-08,-0.000118059
-7.507453e-08,-0.000130383
-7.497453e-08,-0.000144004
-7.487453e-08,-0.000156328
-7.477453e-08,-0.000165409
-7.467453e-08,-0.000168652
-7.457453e-08,-0.000166057
-7.447453e-08,-0.000158274
-7.437453e-08,-0.00014595
-7.427453e-08,-0.00013168
-7.417453e-08,-0.000116113
-7.407453e-08,-0.000100547
-7.397453e-08,-8.49796e-05
-7.387453e-08,-7.00614e-05
-7.377453e-08,-5.44945e-05
-7.367453e-08,-3.89276e-05
-7.357453e-08,-2.14148e-05
-7.347453e-08,-1.30762e-06
-7.337453e-08,2.13941e-05
-7.327453e-08,4.40958e-05
-7.317453e-08,6.61489e-05
-7.307453e-08,8.36616e-05
-7.297453e-08,9.59854e-05
-7.287453e-08,0.000100526
-7.277453e-08,9.53368e-05
-7.267453e-08,8.17158e-05
-7.257453e-08,5.96627e-05
-7.247453e-08,3.24206e-05
-7.237453e-08,1.93548e-06
-7.227453e-08,-2.85497e-05
-7.217453e-08,-5.44945e-05
-7.207453e-08,-7.46017e-05
-7.197453e-08,-8.82227e-05
-7.187453e-08,-9.60062e-05
-7.177453e-08,-9.92493e-05
-7.167453e-08,-0.000101844
-7.157453e-08,-0.000105735
-7.147453e-08,-0.00011287
-7.137453e-08,-0.000125843
-7.127453e-08,-0.000145301
-7.117453e-08,-0.000169949
-7.107453e-08,-0.000197191
-7.097453e-08,-0.000224433
-7.087453e-08,-0.000247783
-7.077453e-08,-0.000265296
-7.067453e-08,-0.000273728
-7.057453e-08,-0.000272431
-7.047453e-08,-0.000262053
-7.037453e-08,-0.000243892
-7.027453e-08,-0.00022119
-7.017453e-08,-0.000195894
-7.007453e-08,-0.000173192
-6.997453e-08,-0.000155031
-6.987453e-08,-0.000142707
-6.977453e-08,-0.000136869
-6.967453e-08,-0.000136869
-6.957453e-08,-0.000142058
-6.947453e-08,-0.000149842
-6.937453e-08,-0.000158922
-6.927453e-08,-0.000168652
-6.917453e-08,-0.000177084
-6.907453e-08,-0.000184867
-6.897453e-08,-0.000191353
-6.887453e-08,-0.000198488
-6.877453e-08,-0.000206272
-6.867453e-08,-0.000215352
-6.857453e-08,-0.000225082
-6.847453e-08,-0.000234162
-6.837453e-08,-0.000241297
-6.827453e-08,-0.000243243
-6.817453e-08,-0.000239351
-6.807453e-08,-0.000227676
-6.797453e-08,-0.000209515
-6.787453e-08,-0.000184219
-6.777453e-08,-0.000155679
-6.767453e-08,-0.000126491
-6.757453e-08,-9.92493e-05
-6.747453e-08,-7.78448e-05
-6.737453e-08,-6.42238e-05
-6.727453e-08,-5.90348e-05
-6.717453e-08,-6.29265e-05
-6.707453e-08,-7.39531e-05
-6.697453e-08,-8.88713e-05
-6.687453e-08,-0.000105735
-6.677453e-08,-0.000121302
-6.667453e-08,-0.000132978
-6.657453e-08,-0.000138815
-6.647453e-08,-0.000139464
-6.637453e-08,-0.000134275
-6.627453e-08,-0.000125843
-6.617453e-08,-0.000116113
-6.607453e-08,-0.000106384
-6.597453e-08,-9.7952e-05
-6.587453e-08,-9.14658e-05
-6.577453e-08,-8.56282e-05
-6.567453e-08,-7.97907e-05
-6.557453e-08,-7.33045e-05
-6.547453e-08,-6.35752e-05
-6.537453e-08,-4.99541e-05
-6.527453e-08,-3.24414e-05
-6.517453e-08,-1.10369e-05
-6.507453e-08,1.16648e-05
-6.497453e-08,3.30692e-05
-6.487453e-08,4.99334e-05
-6.477453e-08,5.96627e-05
-6.467453e-08,6.09599e-05
-6.457453e-08,5.18792e-05
-6.447453e-08,3.43665e-05
-6.437453e-08,8.42168e-06
-6.427453e-08,-2.14148e-05
-6.417453e-08,-5.19e-05
-6.407453e-08,-8.04393e-05
-6.397453e-08,-0.00010379
-6.387453e-08,-0.000119356
-6.377453e-08,-0.00012714
-6.367453e-08,-0.00012714
-6.357453e-08,-0.000121951
-6.347453e-08,-0.000112222
-6.337453e-08,-0.000101844
-6.327453e-08,-9.14658e-05
-6.317453e-08,-8.30338e-05
-6.307453e-08,-7.78448e-05
-6.297453e-08,-7.58989e-05
-6.287453e-08,-7.71962e-05
-6.277453e-08,-8.04393e-05
-6.267453e-08,-8.36824e-05
-6.257453e-08,-8.69255e-05
-6.247453e-08,-9.01686e-05
-6.237453e-08,-9.34117e-05
-6.227453e-08,-9.60062e-05
-6.217453e-08,-9.92493e-05
-6.207453e-08,-0.000103141
-6.197453e-08,-0.000107033
-6.187453e-08,-0.000109627
-6.177453e-08,-0.000110924
-6.167453e-08,-0.000108979
-6.157453e-08,-0.000103141
-6.147453e-08,-9.21144e-05
-6.137453e-08,-7.58989e-05
-6.127453e-08,-5.51431e-05
-6.117453e-08,-3.11441e-05
-6.107453e-08,-7.1452e-06
-6.097453e-08,1.42593e-05
-6.087453e-08,3.04748e-05
-6.077453e-08,3.89068e-05
-6.067453e-08,3.82582e-05
-6.057453e-08,2.85289e-05
-6.047453e-08,1.03675e-05
-6.037453e-08,-1.49286e-05
-6.027453e-08,-4.21707e-05
-6.017453e-08,-7.00614e-05
-6.007453e-08,-9.47089e-05
-5.997453e-08,-0.000113519
-5.987453e-08,-0.000124545
-5.977453e-08,-0.000128437
-5.967453e-08,-0.00012714
-5.957453e-08,-0.000121951
-5.947453e-08,-0.000114168
-5.937453e-08,-0.000107033
-5.927453e-08,-0.000101195
-5.917453e-08,-9.73034e-05
-5.907453e-08,-9.60062e-05
-5.897453e-08,-9.53575e-05
-5.887453e-08,-9.40603e-05
-5.877453e-08,-9.14658e-05
-5.867453e-08,-8.49796e-05
-5.857453e-08,-7.58989e-05
-5.847453e-08,-6.42238e-05
-5.837453e-08,-5.19e-05
-5.827453e-08,-3.95762e-05
-5.817453e-08,-3.04955e-05
-5.807453e-08,-2.66038e-05
-5.797453e-08,-2.7901e-05
-5.787453e-08,-3.50359e-05
-5.777453e-08,-4.73596e-05
-5.767453e-08,-6.42238e-05
-5.757453e-08,-8.30338e-05
-5.747453e-08,-0.000100547
-5.737453e-08,-0.000113519
-5.727453e-08,-0.000121302
-5.717453e-08,-0.000123248
-5.707453e-08,-0.000119356
-5.697453e-08,-0.000109627
-5.687453e-08,-9.73034e-05
-5.677453e-08,-8.30338e-05
-5.667453e-08,-6.87641e-05
-5.657453e-08,-5.64403e-05
-5.647453e-08,-4.73596e-05
-5.637453e-08,-4.02248e-05
-5.627453e-08,-3.56845e-05
-5.617453e-08,-3.11441e-05
-5.607453e-08,-2.59552e-05
-5.597453e-08,-2.01176e-05
-5.587453e-08,-1.29828e-05
-5.577453e-08,-5.19934e-06
-5.567453e-08,2.5841e-06
-5.557453e-08,7.77306e-06
-5.547453e-08,1.03675e-05
-5.537453e-08,7.12444e-06
-5.527453e-08,-1.30762e-06
-5.517453e-08,-1.49286e-05
-5.507453e-08,-3.11441e-05
-5.497453e-08,-4.80083e-05
-5.487453e-08,-6.42238e-05
-5.477453e-08,-7.58989e-05
-5.467453e-08,-8.23851e-05
-5.457453e-08,-8.23851e-05
-5.447453e-08,-7.52503e-05
-5.437453e-08,-6.22779e-05
-5.427453e-08,-4.47652e-05
-5.417453e-08,-2.40093e-05
-5.407453e-08,-3.9021e-06
-5.397453e-08,1.36106e-05
-5.387453e-08,2.78803e-05
-5.377453e-08,3.76096e-05
-5.367453e-08,4.27986e-05
-5.357453e-08,4.5393e-05
-5.347453e-08,4.66903e-05
-5.337453e-08,4.86361e-05
-5.327453e-08,5.0582e-05
-5.317453e-08,5.38251e-05
-5.307453e-08,5.64196e-05
-5.297453e-08,5.70682e-05
-5.287453e-08,5.44737e-05
-5.277453e-08,4.79875e-05
-5.267453e-08,3.56637e-05
-5.257453e-08,1.87996e-05
-5.247453e-08,-3.25348e-06
-5.237453e-08,-2.7901e-05
-5.227453e-08,-5.31972e-05
-5.217453e-08,-7.52503e-05
-5.207453e-08,-9.27631e-05
-5.197453e-08,-0.000104438
-5.187453e-08,-0.000108979
-5.177453e-08,-0.00010833
-5.167453e-08,-0.00010379
-5.157453e-08,-9.7952e-05
-5.147453e-08,-9.34117e-05
-5.137453e-08,-9.27631e-05
-5.127453e-08,-9.66548e-05
-5.117453e-08,-0.000106384
-5.107453e-08,-0.000119356
-5.097453e-08,-0.000134923
-5.087453e-08,-0.00015049
-5.077453e-08,-0.00016476
-5.067453e-08,-0.000175786
-5.057453e-08,-0.000182921
-5.047453e-08,-0.000185516
-5.037453e-08,-0.000185516
-5.027453e-08,-0.00018357
-5.017453e-08,-0.000182273
-5.007453e-08,-0.00018357
-4.997453e-08,-0.000189407
-4.987453e-08,-0.000198488
-4.977453e-08,-0.000210812
-4.967453e-08,-0.000223784
-4.957453e-08,-0.000234811
-4.947453e-08,-0.000242594
-4.937453e-08,-0.000243892
-4.927453e-08,-0.000238703
-4.917453e-08,-0.000225082
-4.907453e-08,-0.000204974
-4.897453e-08,-0.000180327
-4.887453e-08,-0.000153085
-4.877453e-08,-0.000125843
-4.867453e-08,-0.000101195
-4.857453e-08,-7.97907e-05
-4.847453e-08,-6.29265e-05
-4.837453e-08,-4.93055e-05
-4.827453e-08,-3.76303e-05
-4.817453e-08,-2.66038e-05
-4.807453e-08,-1.49286e-05
-4.797453e-08,-1.95624e-06
-4.787453e-08,1.23134e-05
-4.777453e-08,2.72317e-05
-4.767453e-08,4.08527e-05
-4.757453e-08,5.0582e-05
-4.747453e-08,5.5771e-05
-4.737453e-08,5.44737e-05
-4.727453e-08,4.60417e-05
-4.717453e-08,3.1772e-05
-4.707453e-08,1.2962e-05
-4.697453e-08,-7.1452e-06
-4.687453e-08,-2.72524e-05
-4.677453e-08,-4.54138e-05
-4.667453e-08,-5.83862e-05
-4.657453e-08,-6.5521e-05
-4.647453e-08,-6.68183e-05
-4.637453e-08,-6.35752e-05
-4.627453e-08,-5.57917e-05
-4.617453e-08,-4.60624e-05
-4.607453e-08,-3.63331e-05
-4.597453e-08,-2.66038e-05
-4.587453e-08,-1.81717e-05
-4.577453e-08,-9.73968e-06
-4.567453e-08,-6.58998e-07
-4.557453e-08,1.10162e-05
-4.547453e-08,2.52858e-05
-4.537453e-08,4.21499e-05
-4.527453e-08,6.22572e-05
-4.517453e-08,8.3013e-05
-4.507453e-08,0.00010312
-4.497453e-08,0.000119984
-4.487453e-08,0.000131011
-4.477453e-08,0.000133605
-4.467453e-08,0.000127768
-4.457453e-08,0.00011285
-4.447453e-08,9.01478e-05
-4.437453e-08,6.22572e-05
-4.427453e-08,3.11234e-05
-4.417453e-08,1.28686e-06
-4.407453e-08,-2.59552e-05
-4.397453e-08,-4.6711e-05
-4.387453e-08,-6.09807e-05
-4.377453e-08,-7.00614e-05
-4.367453e-08,-7.39531e-05
-4.357453e-08,-7.52503e-05
-4.347453e-08,-7.52503e-05
-4.337453e-08,-7.58989e-05
-4.327453e-08,-7.78448e-05
-4.317453e-08,-8.10879e-05
-4.307453e-08,-8.49796e-05
-4.297453e-08,-8.82227e-05
-4.287453e-08,-9.01686e-05
-4.277453e-08,-8.952e-05
-4.267453e-08,-8.62769e-05
-4.257453e-08,-7.97907e-05
-4.247453e-08,-7.20072e-05
-4.237453e-08,-6.42238e-05
-4.227453e-08,-5.7089e-05
-4.217453e-08,-5.31972e-05
-4.207453e-08,-5.38459e-05
-4.197453e-08,-5.90348e-05
-4.187453e-08,-6.81155e-05
-4.177453e-08,-7.84934e-05
-4.167453e-08,-8.88713e-05
-4.157453e-08,-9.66548e-05
-4.147453e-08,-9.86006e-05
-4.137453e-08,-9.40603e-05
-4.127453e-08,-8.30338e-05
-4.117453e-08,-6.5521e-05
-4.107453e-08,-4.21707e-05
-4.097453e-08,-1.68745e-05
-4.087453e-08,7.77306e-06
-4.077453e-08,2.91775e-05
-4.067453e-08,4.47444e-05
-4.057453e-08,5.31765e-05
-4.047453e-08,5.44737e-05
-4.037453e-08,4.86361e-05
-4.027453e-08,3.82582e-05
-4.017453e-08,2.46372e-05
-4.007453e-08,1.10162e-05
-3.997453e-08,-6.58998e-07
-3.987453e-08,-8.44244e-06
-3.977453e-08,-1.03883e-05
-3.967453e-08,-7.79382e-06
-3.957453e-08,-1.95624e-06
-3.947453e-08,5.8272e-06
-3.937453e-08,1.42593e-05
-3.927453e-08,2.20427e-05
-3.917453e-08,2.85289e-05
-3.907453e-08,3.24206e-05
-3.897453e-08,3.37179e-05
-3.887453e-08,3.30692e-05
-3.877453e-08,3.11234e-05
-3.867453e-08,2.85289e-05
-3.857453e-08,2.52858e-05
-3.847453e-08,2.13941e-05
-3.837453e-08,1.75024e-05
-3.827453e-08,1.16648e-05
-3.817453e-08,3.23272e-06
-3.807453e-08,-9.09106e-06
-3.797453e-08,-2.53066e-05
-3.787453e-08,-4.47652e-05
-3.777453e-08,-6.74669e-05
-3.767453e-08,-9.14658e-05
-3.757453e-08,-0.000116113
-3.747453e-08,-0.000140112
-3.737453e-08,-0.000161517
-3.727453e-08,-0.000179678
-3.717453e-08,-0.000193948
-3.707453e-08,-0.000205623
-3.697453e-08,-0.000216001
-3.687453e-08,-0.00022573
-3.677453e-08,-0.000235459
-3.667453e-08,-0.000245837
-3.657453e-08,-0.000257513
-3.647453e-08,-0.000268539
-3.637453e-08,-0.000278268
-3.627453e-08,-0.000284106
-3.617453e-08,-0.000285403
-3.607453e-08,-0.000280214
-3.597453e-08,-0.000267242
-3.587453e-08,-0.000247135
-3.577453e-08,-0.00022119
-3.567453e-08,-0.000192002
-3.557453e-08,-0.000162165
-3.547453e-08,-0.000134275
-3.537453e-08,-0.000110924
-3.527453e-08,-9.34117e-05
-3.517453e-08,-8.4331e-05
-3.507453e-08,-8.30338e-05
-3.497453e-08,-8.88713e-05
-3.487453e-08,-9.98979e-05
-3.477453e-08,-0.000113519
-3.467453e-08,-0.000128437
-3.457453e-08,-0.000142058
-3.447453e-08,-0.000154382
-3.437453e-08,-0.000164111
-3.427453e-08,-0.000172543
-3.417453e-08,-0.00017903
-3.407453e-08,-0.000184867
-3.397453e-08,-0.000190056
-3.387453e-08,-0.000194596
-3.377453e-08,-0.000198488
-3.367453e-08,-0.000201083
-3.357453e-08,-0.000201083
-3.347453e-08,-0.000197191
-3.337453e-08,-0.00018811
-3.327453e-08,-0.000174489
-3.317453e-08,-0.000156976
-3.307453e-08,-0.000136221
-3.297453e-08,-0.000114816
-3.287453e-08,-9.40603e-05
-3.277453e-08,-7.65476e-05
-3.267453e-08,-6.35752e-05
-3.257453e-08,-5.64403e-05
-3.247453e-08,-5.51431e-05
-3.237453e-08,-5.83862e-05
-3.227453e-08,-6.48724e-05
-3.217453e-08,-7.26558e-05
-3.207453e-08,-8.04393e-05
-3.197453e-08,-8.69255e-05
-3.187453e-08,-9.08172e-05
-3.177453e-08,-9.21144e-05
-3.167453e-08,-9.21144e-05
-3.157453e-08,-9.14658e-05
-3.147453e-08,-9.08172e-05
-3.137453e-08,-9.34117e-05
-3.127453e-08,-9.92493e-05
-3.117453e-08,-0.00010833
-3.107453e-08,-0.000120005
-3.097453e-08,-0.000132978
-3.087453e-08,-0.000145301
-3.077453e-08,-0.000155031
-3.067453e-08,-0.000161517
-3.057453e-08,-0.000162814
-3.047453e-08,-0.00016022
-3.037453e-08,-0.000154382
-3.027453e-08,-0.000147896
-3.017453e-08,-0.00014141
-3.007453e-08,-0.000138815
-2.997453e-08,-0.00014141
-2.987453e-08,-0.000148544
-2.977453e-08,-0.00016022
-2.967453e-08,-0.000175786
-2.957453e-08,-0.000191353
-2.947453e-08,-0.000205623
-2.937453e-08,-0.000216001
-2.927453e-08,-0.000219893
-2.917453e-08,-0.000217298
-2.907453e-08,-0.00020692
-2.897453e-08,-0.000192002
-2.887453e-08,-0.000174489
-2.877453e-08,-0.000155679
-2.867453e-08,-0.000138166
-2.857453e-08,-0.000124545
-2.847453e-08,-0.000116762
-2.837453e-08,-0.000113519
-2.827453e-08,-0.000114816
-2.817453e-08,-0.000118059
-2.807453e-08,-0.0001226
-2.797453e-08,-0.000126491
-2.787453e-08,-0.00012714
-2.777453e-08,-0.000125194
-2.767453e-08,-0.000120005
-2.757453e-08,-0.00011287
-2.747453e-08,-0.000105087
-2.737453e-08,-9.7952e-05
-2.727453e-08,-9.21144e-05
-2.717453e-08,-8.952e-05
-2.707453e-08,-8.82227e-05
-2.697453e-08,-9.01686e-05
-2.687453e-08,-9.34117e-05
-2.677453e-08,-9.86006e-05
-2.667453e-08,-0.00010379
-2.657453e-08,-0.000108979
-2.647453e-08,-0.000113519
-2.637453e-08,-0.000118708
-2.627453e-08,-0.000125194
-2.617453e-08,-0.000133626
-2.607453e-08,-0.000145301
-2.597453e-08,-0.000161517
-2.587453e-08,-0.000181624
-2.577453e-08,-0.000204974
-2.567453e-08,-0.000230919
-2.557453e-08,-0.000256215
-2.547453e-08,-0.000279566
-2.537453e-08,-0.000300322
-2.527453e-08,-0.000315888
-2.517453e-08,-0.000325618
-2.507453e-08,-0.000329509
-2.497453e-08,-0.000328212
-2.487453e-08,-0.000321726
-2.477453e-08,-0.000311997
-2.467453e-08,-0.000299673
-2.457453e-08,-0.000285403
-2.447453e-08,-0.000270485
-2.437453e-08,-0.000254918
-2.427453e-08,-0.000237405
-2.417453e-08,-0.000217947
-2.407453e-08,-0.000195245
-2.397453e-08,-0.000169949
-2.387453e-08,-0.000142058
-2.377453e-08,-0.000113519
-2.367453e-08,-8.62769e-05
-2.357453e-08,-6.09807e-05
-2.347453e-08,-4.08734e-05
-2.337453e-08,-2.72524e-05
-2.327453e-08,-2.20635e-05
-2.317453e-08,-2.40093e-05
-2.307453e-08,-3.17928e-05
-2.297453e-08,-4.47652e-05
-2.287453e-08,-6.03321e-05
-2.277453e-08,-7.65476e-05
-2.267453e-08,-8.88713e-05
-2.257453e-08,-9.7952e-05
-2.247453e-08,-0.000101844
-2.237453e-08,-0.000101844
-2.227453e-08,-9.73034e-05
-2.217453e-08,-9.14658e-05
-2.207453e-08,-8.49796e-05
-2.197453e-08,-8.10879e-05
-2.187453e-08,-7.97907e-05
-2.177453e-08,-8.17365e-05
-2.167453e-08,-8.69255e-05
-2.157453e-08,-9.27631e-05
-2.147453e-08,-9.92493e-05
-2.137453e-08,-0.00010379
-2.127453e-08,-0.000106384
-2.117453e-08,-0.000106384
-2.107453e-08,-0.00010379
-2.097453e-08,-9.98979e-05
-2.087453e-08,-9.7952e-05
-2.077453e-08,-9.7952e-05
-2.067453e-08,-0.000101844
-2.057453e-08,-0.000110924
-2.047453e-08,-0.000125194
-2.037453e-08,-0.000144004
-2.027453e-08,-0.000164111
-2.017453e-08,-0.00018357
-2.007453e-08,-0.000201083
-1.997453e-08,-0.000213406
-1.987453e-08,-0.000219244
-1.977453e-08,-0.000218595
-1.967453e-08,-0.000211461
-1.957453e-08,-0.000200434
-1.947453e-08,-0.000186813
-1.937453e-08,-0.000173192
-1.927453e-08,-0.000161517
-1.917453e-08,-0.000153085
-1.907453e-08,-0.000147247
-1.897453e-08,-0.000144004
-1.887453e-08,-0.000143355
-1.877453e-08,-0.000143355
-1.867453e-08,-0.000144653
-1.857453e-08,-0.00014595
-1.847453e-08,-0.000147896
-1.837453e-08,-0.00015049
-1.827453e-08,-0.000154382
-1.817453e-08,-0.000160868
-1.807453e-08,-0.000170597
-1.797453e-08,-0.000184219
-1.787453e-08,-0.000199785
-1.777453e-08,-0.00021665
-1.767453e-08,-0.000232865
-1.757453e-08,-0.000247135
-1.747453e-08,-0.000256215
-1.737453e-08,-0.000260107
-1.727453e-08,-0.000257513
-1.717453e-08,-0.000248432
-1.707453e-08,-0.000234811
-1.697453e-08,-0.000217947
-1.687453e-08,-0.000201731
-1.677453e-08,-0.000186813
-1.667453e-08,-0.000175138
-1.657453e-08,-0.000166706
-1.647453e-08,-0.000162165
-1.637453e-08,-0.00016022
-1.627453e-08,-0.000159571
-1.617453e-08,-0.000158274
-1.607453e-08,-0.000155031
-1.597453e-08,-0.000147896
-1.587453e-08,-0.000136869
-1.577453e-08,-0.0001226
-1.567453e-08,-0.000105735
-1.557453e-08,-8.88713e-05
-1.547453e-08,-7.33045e-05
-1.537453e-08,-6.16293e-05
-1.527453e-08,-5.51431e-05
-1.517453e-08,-5.38459e-05
-1.507453e-08,-5.83862e-05
-1.497453e-08,-6.74669e-05
-1.487453e-08,-8.04393e-05
-1.477453e-08,-9.53575e-05
-1.467453e-08,-0.000110276
-1.457453e-08,-0.000125194
-1.447453e-08,-0.000139464
-1.437453e-08,-0.000151787
-1.427453e-08,-0.000162165
-1.417453e-08,-0.000170597
-1.407453e-08,-0.000176435
-1.397453e-08,-0.000179678
-1.387453e-08,-0.00017903
-1.377453e-08,-0.000173192
-1.367453e-08,-0.000162814
-1.357453e-08,-0.00014595
-1.347453e-08,-0.000123248
-1.337453e-08,-9.53575e-05
-1.327453e-08,-6.42238e-05
-1.317453e-08,-3.17928e-05
-1.307453e-08,-6.58998e-07
-1.297453e-08,2.6583e-05
-1.287453e-08,4.60417e-05
-1.277453e-08,5.77168e-05
-1.267453e-08,5.96627e-05
-1.257453e-08,5.31765e-05
-1.247453e-08,3.82582e-05
-1.237453e-08,1.68537e-05
-1.227453e-08,-7.79382e-06
-1.217453e-08,-3.309e-05
-1.207453e-08,-5.64403e-05
-1.197453e-08,-7.58989e-05
-1.187453e-08,-9.08172e-05
-1.177453e-08,-9.98979e-05
-1.167453e-08,-0.000105735
-1.157453e-08,-0.000107681
-1.147453e-08,-0.000107681
-1.137453e-08,-0.000106384
-1.127453e-08,-0.000104438
-1.117453e-08,-0.000102492
-1.107453e-08,-9.92493e-05
-1.097453e-08,-9.47089e-05
-1.087453e-08,-8.75741e-05
-1.077453e-08,-7.58989e-05
-1.067453e-08,-6.03321e-05
-1.057453e-08,-4.15221e-05
-1.047453e-08,-2.07662e-05
-1.037453e-08,-1.30762e-06
-1.027453e-08,1.49079e-05
-1.017453e-08,2.52858e-05
-1.007453e-08,2.78803e-05
-9.974529e-09,2.13941e-05
-9.874529e-09,6.47582e-06
-9.774529e-09,-1.62259e-05
-9.674529e-09,-4.47652e-05
-9.574529e-09,-7.58989e-05
-9.474529e-09,-0.000107033
-9.374529e-09,-0.000133626
-9.274529e-09,-0.000155031
-9.174529e-09,-0.000168652
-9.074529e-09,-0.000173841
-8.974529e-09,-0.000171895
-8.874529e-09,-0.000163463
-8.774529e-09,-0.000151139
-8.674529e-09,-0.000136221
-8.574529e-09,-0.000120654
-8.474529e-09,-0.000105735
-8.374529e-09,-9.14658e-05
-8.274529e-09,-7.84934e-05
-8.174529e-09,-6.61696e-05
-8.074529e-09,-5.44945e-05
-7.974529e-09,-4.34679e-05
-7.874529e-09,-3.24414e-05
-7.774529e-09,-2.20635e-05
-7.674529e-09,-1.36314e-05
-7.574529e-09,-8.44244e-06
-7.474529e-09,-7.1452e-06
-7.374529e-09,-1.03883e-05
-7.274529e-09,-2.01176e-05
-7.174529e-09,-3.50359e-05
-7.074529e-09,-5.38459e-05
-6.974529e-09,-7.46017e-05
-6.874529e-09,-9.60062e-05
-6.774529e-09,-0.000116113
-6.674529e-09,-0.000133626
-6.574529e-09,-0.000147896
-6.474529e-09,-0.000159571
-6.374529e-09,-0.000168003
-6.274529e-09,-0.000174489
-6.174529e-09,-0.000178381
-6.074529e-09,-0.000182273
-5.974529e-09,-0.000184867
-5.874529e-09,-0.000186164
-5.774529e-09,-0.000185516
-5.674529e-09,-0.000180327
-5.574529e-09,-0.000171246
-5.474529e-09,-0.000155679
-5.374529e-09,-0.000133626
-5.274529e-09,-0.000106384
-5.174529e-09,-7.39531e-05
-5.074529e-09,-3.95762e-05
-4.974529e-09,-5.19934e-06
-4.874529e-09,2.52858e-05
-4.774529e-09,4.99334e-05
-4.674529e-09,6.74461e-05
-4.574529e-09,7.65268e-05
-4.474529e-09,7.71754e-05
-4.374529e-09,7.06892e-05
-4.274529e-09,5.90141e-05
-4.174529e-09,4.47444e-05
-4.074529e-09,2.98261e-05
-3.974529e-09,1.62051e-05
-3.874529e-09,3.88134e-06
-3.774529e-09,-5.84796e-06
-3.674529e-09,-1.49286e-05
-3.574529e-09,-2.46579e-05
-3.474529e-09,-3.76303e-05
-3.374529e-09,-5.31972e-05
-3.274529e-09,-7.39531e-05
-3.174529e-09,-9.92493e-05
-3.074529e-09,-0.00012714
-2.974529e-09,-0.000157625
-2.874529e-09,-0.000186813
-2.774529e-09,-0.000213406
-2.674529e-09,-0.000234162
-2.574529e-09,-0.000248432
-2.474529e-09,-0.000254918
-2.374529e-09,-0.000256215
-2.274529e-09,-0.000252324
-2.174529e-09,-0.000247135
-2.074529e-09,-0.000242594
-1.974529e-09,-0.000243243
-1.874529e-09,-0.000249729
-1.774529e-09,-0.000265945
-1.674529e-09,-0.000291241
-1.574529e-09,-0.000325618
-1.474529e-09,-0.000367778
-1.374529e-09,-0.000415776
-1.274529e-09,-0.000468963
-1.174529e-09,-0.000526041
-1.074529e-09,-0.000587012
-9.745291e-10,-0.000652522
-8.745291e-10,-0.00072387
-7.745291e-10,-0.000801705
-6.745291e-10,-0.00088862
-5.745291e-10,-0.000985264
-4.745291e-10,-0.00109229
-3.745291e-10,-0.00120904
-2.745291e-10,-0.00133422
-1.745291e-10,-0.00146524
-7.452911e-11,-0.00160145
2.547089e-11,-0.00174091
1.254709e-10,-0.00188231
2.254709e-10,-0.002025
3.254709e-10,-0.00216964
4.254709e-10,-0.00231688
5.254709e-10,-0.00246801
6.254709e-10,-0.00262433
7.254709e-10,-0.00278778
8.254709e-10,-0.00295772
9.254709e-10,-0.00313414
1.025471e-09,-0.00331511
1.125471e-09,-0.00349802
1.225471e-09,-0.00368028
1.325471e-09,-0.00385865
1.425471e-09,-0.00403054
1.525471e-09,-0.00419269
1.625471e-09,-0.00434317
1.725471e-09,-0.00448003
1.825471e-09,-0.00460262
1.925471e-09,-0.00471029
2.025471e-09,-0.00480369
2.125471e-09,-0.00488282
2.225471e-09,-0.00494639
2.325471e-09,-0.00499633
2.425471e-09,-0.00503071
2.525471e-09,-0.00504952
2.625471e-09,-0.00505341
2.725471e-09,-0.00504368
2.825471e-09,-0.00502098
2.925471e-09,-0.0049879
3.025471e-09,-0.00494768
3.125471e-09,-0.00490358
3.225471e-09,-0.00485818
3.325471e-09,-0.00481277
3.425471e-09,-0.00476931
3.525471e-09,-0.0047278
3.625471e-09,-0.00468759
3.725471e-09,-0.00464737
3.825471e-09,-0.00460456
3.925471e-09,-0.00455851
4.025471e-09,-0.00450662
4.125471e-09,-0.00444825
4.225471e-09,-0.00438209
4.325471e-09,-0.00431009
4.425471e-09,-0.00423226
4.525471e-09,-0.00415183
4.625471e-09,-0.00406945
4.725471e-09,-0.00398902
4.825471e-09,-0.00391119
4.925471e-09,-0.0038366
5.025471e-09,-0.0037659
5.125471e-09,-0.00369974
5.225471e-09,-0.00363747
5.325471e-09,-0.0035778
5.425471e-09,-0.00352137
5.525471e-09,-0.00346689
5.625471e-09,-0.00341564
5.725471e-09,-0.003367
5.825471e-09,-0.00332224
5.925471e-09,-0.00328138
6.025471e-09,-0.00324571
6.125471e-09,-0.00321457
6.225471e-09,-0.00318798
6.325471e-09,-0.00316333
6.425471e-09,-0.00313868
6.525471e-09,-0.00311144
6.625471e-09,-0.00307771
6.725471e-09,-0.00303555
6.825471e-09,-0.00298496
6.925471e-09,-0.00292464
7.025471e-09,-0.00285524
7.125471e-09,-0.00277935
7.225471e-09,-0.00269957
7.325471e-09,-0.00261849
7.425471e-09,-0.00253871
7.525471e-09,-0.00246347
7.625471e-09,-0.00239342
7.725471e-09,-0.00232985
7.825471e-09,-0.00227278
7.925471e-09,-0.00221959
8.025471e-09,-0.00216964
8.125471e-09,-0.00212035
8.225471e-09,-0.00206976
8.325471e-09,-0.00201592
8.425471e-09,-0.00195949
8.525471e-09,-0.00190047
8.625471e-09,-0.00184015
8.725471e-09,-0.00178047
8.825471e-09,-0.00172275
8.925471e-09,-0.00166826
9.025471e-09,-0.00161767
9.125471e-09,-0.00157291
9.225471e-09,-0.0015327
9.325471e-09,-0.00149638
9.425471e-09,-0.00146395
9.525471e-09,-0.00143346
9.625471e-09,-0.00140492
9.725471e-09,-0.00137703
9.825471e-09,-0.00135044
9.925471e-09,-0.00132579
1.002547e-08,-0.00130309
1.012547e-08,-0.00128298
1.022547e-08,-0.00126612
1.032547e-08,-0.00125185
1.042547e-08,-0.00123952
1.052547e-08,-0.00122915
1.062547e-08,-0.00121942
1.072547e-08,-0.00121034
1.082547e-08,-0.0012019
1.092547e-08,-0.00119282
1.102547e-08,-0.00118439
1.112547e-08,-0.00117726
1.122547e-08,-0.00117207
1.132547e-08,-0.00116947
1.142547e-08,-0.00116947
1.152547e-08,-0.00117272
1.162547e-08,-0.0011792
1.172547e-08,-0.00118828
1.182547e-08,-0.00119801
1.192547e-08,-0.00120904
1.202547e-08,-0.00121942
1.212547e-08,-0.0012285
1.222547e-08,-0.00123628
1.232547e-08,-0.00124212
1.242547e-08,-0.00124796
1.252547e-08,-0.0012525
1.262547e-08,-0.00125639
1.272547e-08,-0.00125963
1.282547e-08,-0.00126158
1.292547e-08,-0.00126093
1.302547e-08,-0.00125704
1.312547e-08,-0.00124796
1.322547e-08,-0.00123369
1.332547e-08,-0.00121228
1.342547e-08,-0.00118439
1.352547e-08,-0.00115196
1.362547e-08,-0.00111629
1.372547e-08,-0.00107996
1.382547e-08,-0.00104559
1.392547e-08,-0.00101575
1.402547e-08,-0.000992399
1.412547e-08,-0.000975535
1.422547e-08,-0.000967103
1.432547e-08,-0.000965157
1.442547e-08,-0.0009684
1.452547e-08,-0.000974238
1.462547e-08,-0.000980724
1.472547e-08,-0.000985913
1.482547e-08,-0.00098721
1.492547e-08,-0.000983319
1.502547e-08,-0.000976184
1.512547e-08,-0.000964509
1.522547e-08,-0.000950239
1.532547e-08,-0.000934672
1.542547e-08,-0.000917808
1.552547e-08,-0.000902241
1.562547e-08,-0.000887971
1.572547e-08,-0.000874999
1.582547e-08,-0.000862675
1.592547e-08,-0.000851
1.602547e-08,-0.000838028
1.612547e-08,-0.000824407
1.622547e-08,-0.000809488
1.632547e-08,-0.00079457
1.642547e-08,-0.000778355
1.652547e-08,-0.000762788
1.662547e-08,-0.000748518
1.672547e-08,-0.000734897
1.682547e-08,-0.000723222
1.692547e-08,-0.000712195
1.702547e-08,-0.000702466
1.712547e-08,-0.000692088
1.722547e-08,-0.000682359
1.732547e-08,-0.000671981
1.742547e-08,-0.000661603
1.752547e-08,-0.000651874
1.762547e-08,-0.000643442
1.772547e-08,-0.000636955
1.782547e-08,-0.000632415
1.792547e-08,-0.000630469
1.802547e-08,-0.000631118
1.812547e-08,-0.000633712
1.822547e-08,-0.000637604
1.832547e-08,-0.000642144
1.842547e-08,-0.000644739
1.852547e-08,-0.000645387
1.862547e-08,-0.000642144
1.872547e-08,-0.00063501
1.882547e-08,-0.000624632
1.892547e-08,-0.000610362
1.902547e-08,-0.000594146
1.912547e-08,-0.00057858
1.922547e-08,-0.00056431
1.932547e-08,-0.000553932
1.942547e-08,-0.000547446
1.952547e-08,-0.0005455
1.962547e-08,-0.000547446
1.972547e-08,-0.000553283
1.982547e-08,-0.000561715
1.992547e-08,-0.000570796
2.002547e-08,-0.000580525
2.012547e-08,-0.000588309
2.022547e-08,-0.000594795
2.032547e-08,-0.000599984
2.042547e-08,-0.000603876
2.052547e-08,-0.000607119
2.062547e-08,-0.000610362
2.072547e-08,-0.000614254
2.082547e-08,-0.000619443
2.092547e-08,-0.000623983
2.102547e-08,-0.000629172
2.112547e-08,-0.000632415
2.122547e-08,-0.000634361
2.132547e-08,-0.000633712
2.142547e-08,-0.000630469
2.152547e-08,-0.000624632
2.162547e-08,-0.000616848
2.172547e-08,-0.000607119
2.182547e-08,-0.000595444
2.192547e-08,-0.00058312
2.202547e-08,-0.000570796
2.212547e-08,-0.000558472
2.222547e-08,-0.000548094
2.232547e-08,-0.000539662
2.242547e-08,-0.000531879
2.252547e-08,-0.000525393
2.262547e-08,-0.000519555
2.272547e-08,-0.000515015
2.282547e-08,-0.000511123
2.292547e-08,-0.00050788
2.302547e-08,-0.000505934
2.312547e-08,-0.000504637
2.322547e-08,-0.000505934
2.332547e-08,-0.000508529
2.342547e-08,-0.00051242
2.352547e-08,-0.000517609
2.362547e-08,-0.000522798
2.372547e-08,-0.00052669
2.382547e-08,-0.000527987
2.392547e-08,-0.00052669
2.402547e-08,-0.00052215
2.412547e-08,-0.000513718
2.422547e-08,-0.000500745
2.432547e-08,-0.000485827
2.442547e-08,-0.000468963
2.452547e-08,-0.000452747
2.462547e-08,-0.000438478
2.472547e-08,-0.000427451
2.482547e-08,-0.000420965
2.492547e-08,-0.000419019
2.502547e-08,-0.000422262
2.512547e-08,-0.000430694
2.522547e-08,-0.000443018
2.532547e-08,-0.000457288
2.542547e-08,-0.000472206
2.552547e-08,-0.000487124
2.562547e-08,-0.000499448
2.572547e-08,-0.000509826
2.582547e-08,-0.000515663
2.592547e-08,-0.000517609
2.602547e-08,-0.000515015
2.612547e-08,-0.000509177
2.622547e-08,-0.000499448
2.632547e-08,-0.00048907
2.642547e-08,-0.000477395
2.652547e-08,-0.00046572
2.662547e-08,-0.000455342
2.672547e-08,-0.00044691
2.682547e-08,-0.000441721
2.692547e-08,-0.000439775
2.702547e-08,-0.000441721
2.712547e-08,-0.000447558
2.722547e-08,-0.00045599
2.732547e-08,-0.00046572
2.742547e-08,-0.000476746
2.752547e-08,-0.000486475
2.762547e-08,-0.000494259
2.772547e-08,-0.000496853
2.782547e-08,-0.000494259
2.792547e-08,-0.000485827
2.802547e-08,-0.000471557
2.812547e-08,-0.000453396
2.822547e-08,-0.000433289
2.832547e-08,-0.000413181
2.842547e-08,-0.000396317
2.852547e-08,-0.000383345
2.862547e-08,-0.000376859
2.872547e-08,-0.000378156
2.882547e-08,-0.000385939
2.892547e-08,-0.000400858
2.902547e-08,-0.000419668
2.912547e-08,-0.000442369
2.922547e-08,-0.000465071
2.932547e-08,-0.000485827
2.942547e-08,-0.000502691
2.952547e-08,-0.000515015
2.962547e-08,-0.000520852
2.972547e-08,-0.000521501
2.982547e-08,-0.000516312
2.992547e-08,-0.00050788
3.002547e-08,-0.000496205
3.012547e-08,-0.000481935
3.022547e-08,-0.000467666
3.032547e-08,-0.000454044
3.042547e-08,-0.000440423
3.052547e-08,-0.0004281
3.062547e-08,-0.000416425
3.072547e-08,-0.000407992
3.082547e-08,-0.000401506
3.092547e-08,-0.000397615
3.102547e-08,-0.000396966
3.112547e-08,-0.00039956
3.122547e-08,-0.000406047
3.132547e-08,-0.000416425
3.142547e-08,-0.000428748
3.152547e-08,-0.000443667
3.162547e-08,-0.000457936
3.172547e-08,-0.000469611
3.182547e-08,-0.000478043
3.192547e-08,-0.000482584
3.202547e-08,-0.000481935
3.212547e-08,-0.000475449
3.222547e-08,-0.000465071
3.232547e-08,-0.000450153
3.242547e-08,-0.00043264
3.252547e-08,-0.000413181
3.262547e-08,-0.000393723
3.272547e-08,-0.000375561
3.282547e-08,-0.000359346
3.292547e-08,-0.000344428
3.302547e-08,-0.000332104
3.312547e-08,-0.000321726
3.322547e-08,-0.000314591
3.332547e-08,-0.000308105
3.342547e-08,-0.000303565
3.352547e-08,-0.000299673
3.362547e-08,-0.000297078
3.372547e-08,-0.000295781
3.382547e-08,-0.00029643
3.392547e-08,-0.000299024
3.402547e-08,-0.000302916
3.412547e-08,-0.000308105
3.422547e-08,-0.000313294
3.432547e-08,-0.000319131
3.442547e-08,-0.000324969
3.452547e-08,-0.000328861
3.462547e-08,-0.000331455
3.472547e-08,-0.000331455
3.482547e-08,-0.000329509
3.492547e-08,-0.000325618
3.502547e-08,-0.000320429
3.512547e-08,-0.00031524
3.522547e-08,-0.000310051
3.532547e-08,-0.000306808
3.542547e-08,-0.000304213
3.552547e-08,-0.000304213
3.562547e-08,-0.000306808
3.572547e-08,-0.000311348
3.582547e-08,-0.000318483
3.592547e-08,-0.000326915
3.602547e-08,-0.000337293
3.612547e-08,-0.000348968
3.622547e-08,-0.00036194
3.632547e-08,-0.00037621
3.642547e-08,-0.00039048
3.652547e-08,-0.000404101
3.662547e-08,-0.000417073
3.672547e-08,-0.000428748
3.682547e-08,-0.00043718
3.692547e-08,-0.000442369
3.702547e-08,-0.000443018
3.712547e-08,-0.000440423
3.722547e-08,-0.00043264
3.732547e-08,-0.000419668
3.742547e-08,-0.000402155
3.752547e-08,-0.000382048
3.762547e-08,-0.000359346
3.772547e-08,-0.000335347
3.782547e-08,-0.000311997
3.792547e-08,-0.000290592
3.802547e-08,-0.000271782
3.812547e-08,-0.000257513
3.822547e-08,-0.000247783
3.832547e-08,-0.000242594
3.842547e-08,-0.000240648
3.852547e-08,-0.000242594
3.862547e-08,-0.000247783
3.872547e-08,-0.000255567
3.882547e-08,-0.000265296
3.892547e-08,-0.000276971
3.902547e-08,-0.000289295
3.912547e-08,-0.000301619
3.922547e-08,-0.000311997
3.932547e-08,-0.000317834
3.942547e-08,-0.00031978
3.952547e-08,-0.000316537
3.962547e-08,-0.000307456
3.972547e-08,-0.000291241
3.982547e-08,-0.000269188
3.992547e-08,-0.000241946
4.002547e-08,-0.000212109
4.012547e-08,-0.000180975
4.022547e-08,-0.00015049
4.032547e-08,-0.000123897
4.042547e-08,-0.000102492
4.052547e-08,-8.75741e-05
4.062547e-08,-7.9142e-05
4.072547e-08,-7.78448e-05
4.082547e-08,-8.17365e-05
4.092547e-08,-8.952e-05
4.102547e-08,-9.98979e-05
4.112547e-08,-0.000110924
4.122547e-08,-0.000121302
4.132547e-08,-0.000129086
4.142547e-08,-0.000132978
4.152547e-08,-0.000134275
4.162547e-08,-0.000132329
4.172547e-08,-0.00012714
4.182547e-08,-0.000120654
4.192547e-08,-0.000114168
4.202547e-08,-0.000108979
4.212547e-08,-0.000104438
4.222547e-08,-0.000101844
4.232547e-08,-0.000100547
4.242547e-08,-0.000101844
4.252547e-08,-0.000105087
4.262547e-08,-0.000110924
4.272547e-08,-0.000120654
4.282547e-08,-0.000134275
4.292547e-08,-0.000151787
4.302547e-08,-0.000173841
4.312547e-08,-0.000199785
4.322547e-08,-0.000229622
4.332547e-08,-0.000260756
4.342547e-08,-0.000293187
4.352547e-08,-0.000323672
4.362547e-08,-0.000350265
4.372547e-08,-0.000371021
4.382547e-08,-0.000383994
4.392547e-08,-0.000388534
4.402547e-08,-0.000383994
4.412547e-08,-0.00037167
4.422547e-08,-0.000354157
4.432547e-08,-0.000333401
4.442547e-08,-0.000312645
4.452547e-08,-0.000294484
4.462547e-08,-0.000280863
4.472547e-08,-0.000273728
4.482547e-08,-0.000274377
4.492547e-08,-0.000281512
4.502547e-08,-0.000294484
4.512547e-08,-0.000311997
4.522547e-08,-0.000333401
4.532547e-08,-0.000355454
4.542547e-08,-0.00037621
4.552547e-08,-0.000395669
4.562547e-08,-0.000411236
4.572547e-08,-0.000422911
4.582547e-08,-0.000430694
4.592547e-08,-0.000434586
4.602547e-08,-0.000433937
4.612547e-08,-0.000428748
4.622547e-08,-0.000417722
4.632547e-08,-0.000401506
4.642547e-08,-0.000378805
4.652547e-08,-0.000349617
4.662547e-08,-0.000315888
4.672547e-08,-0.000278268
4.682547e-08,-0.00024
4.692547e-08,-0.000201731
4.702547e-08,-0.000166706
4.712547e-08,-0.000137518
4.722547e-08,-0.000116113
4.732547e-08,-0.000101844
4.742547e-08,-9.66548e-05
4.752547e-08,-9.98979e-05
4.762547e-08,-0.000109627
4.772547e-08,-0.0001226
4.782547e-08,-0.000138166
4.792547e-08,-0.000154382
4.802547e-08,-0.0001693
4.812547e-08,-0.000181624
4.822547e-08,-0.000192002
4.832547e-08,-0.000201731
4.842547e-08,-0.000212109
4.852547e-08,-0.000223136
4.862547e-08,-0.000237405
4.872547e-08,-0.000254918
4.882547e-08,-0.000275674
4.892547e-08,-0.000299024
4.902547e-08,-0.00032432
4.912547e-08,-0.000350914
4.922547e-08,-0.000377507
4.932547e-08,-0.000400858
4.942547e-08,-0.000421613
4.952547e-08,-0.000439126
4.962547e-08,-0.000452099
4.972547e-08,-0.000460531
4.982547e-08,-0.000464422
4.992547e-08,-0.000465071
5.002547e-08,-0.000461828
5.012547e-08,-0.000454693
5.022547e-08,-0.000443018
5.032547e-08,-0.000427451
5.042547e-08,-0.000407992
5.052547e-08,-0.000383345
5.062547e-08,-0.000355454
5.072547e-08,-0.000324969
5.082547e-08,-0.000293187
5.092547e-08,-0.000261404
5.102547e-08,-0.000232865
5.112547e-08,-0.000209515
5.122547e-08,-0.000192002
5.132547e-08,-0.000181624
5.142547e-08,-0.000177732
5.152547e-08,-0.000180327
5.162547e-08,-0.00018811
5.172547e-08,-0.000198488
5.182547e-08,-0.000209515
5.192547e-08,-0.000219893
5.202547e-08,-0.000228325
5.212547e-08,-0.000232865
5.222547e-08,-0.000236108
5.232547e-08,-0.000237405
5.242547e-08,-0.000238703
5.252547e-08,-0.000240648
5.262547e-08,-0.00024454
5.272547e-08,-0.000251026
5.282547e-08,-0.000260107
5.292547e-08,-0.000270485
5.302547e-08,-0.000281512
5.312547e-08,-0.000289944
5.322547e-08,-0.000295133
5.332547e-08,-0.000294484
5.342547e-08,-0.000288646
5.352547e-08,-0.00027762
5.362547e-08,-0.000262702
5.372547e-08,-0.000243892
5.382547e-08,-0.000223136
5.392547e-08,-0.000203677
5.402547e-08,-0.000185516
5.412547e-08,-0.0001693
5.422547e-08,-0.000156976
5.432547e-08,-0.000147247
5.442547e-08,-0.000140761
5.452547e-08,-0.000136221
5.462547e-08,-0.000133626
5.472547e-08,-0.000132329
5.482547e-08,-0.000132978
5.492547e-08,-0.000136221
5.502547e-08,-0.000142707
5.512547e-08,-0.000153085
5.522547e-08,-0.000168003
5.532547e-08,-0.000187462
5.542547e-08,-0.000210163
5.552547e-08,-0.000234811
5.562547e-08,-0.000260756
5.572547e-08,-0.000286052
5.582547e-08,-0.000308754
5.592547e-08,-0.000328861
5.602547e-08,-0.000345076
5.612547e-08,-0.000356103
5.622547e-08,-0.000362589
5.632547e-08,-0.000365184
5.642547e-08,-0.000364535
5.652547e-08,-0.000360643
5.662547e-08,-0.000354157
5.672547e-08,-0.000345725
5.682547e-08,-0.000334698
5.692547e-08,-0.000321077
5.702547e-08,-0.000304213
5.712547e-08,-0.000283457
5.722547e-08,-0.000259458
5.732547e-08,-0.000232865
5.742547e-08,-0.000205623
5.752547e-08,-0.000178381
5.762547e-08,-0.000155031
5.772547e-08,-0.000135572
5.782547e-08,-0.000121302
5.792547e-08,-0.000114816
5.802547e-08,-0.000114816
5.812547e-08,-0.000121302
5.822547e-08,-0.000132978
5.832547e-08,-0.000148544
5.842547e-08,-0.000166057
5.852547e-08,-0.00018357
5.862547e-08,-0.000199785
5.872547e-08,-0.000214055
5.882547e-08,-0.000227027
5.892547e-08,-0.000237405
5.902547e-08,-0.000246486
5.912547e-08,-0.000255567
5.922547e-08,-0.000263999
5.932547e-08,-0.000272431
5.942547e-08,-0.000280214
5.952547e-08,-0.000287349
5.962547e-08,-0.000293187
5.972547e-08,-0.00029643
5.982547e-08,-0.000295781
5.992547e-08,-0.000291241
6.002547e-08,-0.00028216
6.012547e-08,-0.000269188
6.022547e-08,-0.000252972
6.032547e-08,-0.000236108
6.042547e-08,-0.000218595
6.052547e-08,-0.000203028
6.062547e-08,-0.000190705
6.072547e-08,-0.000182273
6.082547e-08,-0.000178381
6.092547e-08,-0.000179678
6.102547e-08,-0.000184867
6.112547e-08,-0.000193299
6.122547e-08,-0.000204326
6.132547e-08,-0.000216001
6.142547e-08,-0.000227027
6.152547e-08,-0.000238703
6.162547e-08,-0.000249729
6.172547e-08,-0.000261404
6.182547e-08,-0.000272431
6.192547e-08,-0.000283457
6.202547e-08,-0.000295781
6.212547e-08,-0.000307456
6.222547e-08,-0.000319131
6.232547e-08,-0.000329509
6.242547e-08,-0.000335996
6.252547e-08,-0.000339239
6.262547e-08,-0.000337941
6.272547e-08,-0.000332104
6.282547e-08,-0.000321077
6.292547e-08,-0.000304862
6.302547e-08,-0.000284755
6.312547e-08,-0.000261404
6.322547e-08,-0.000236108
6.332547e-08,-0.000210812
6.342547e-08,-0.000186813
6.352547e-08,-0.00016476
6.362547e-08,-0.000145301
6.372547e-08,-0.000129086
6.382547e-08,-0.000115465
6.392547e-08,-0.000104438
6.402547e-08,-9.66548e-05
6.412547e-08,-9.21144e-05
6.422547e-08,-9.08172e-05
6.432547e-08,-9.40603e-05
6.442547e-08,-0.000100547
6.452547e-08,-0.000110276
6.462547e-08,-0.0001226
6.472547e-08,-0.000138815
6.482547e-08,-0.000155679
6.492547e-08,-0.000173192
6.502547e-08,-0.000188759
6.512547e-08,-0.00020238
6.522547e-08,-0.000212109
6.532547e-08,-0.000218595
6.542547e-08,-0.00022119
6.552547e-08,-0.000221838
6.562547e-08,-0.00022119
6.572547e-08,-0.00022119
6.582547e-08,-0.000223136
6.592547e-08,-0.000227027
6.602547e-08,-0.000234162
6.612547e-08,-0.000242594
6.622547e-08,-0.000251675
6.632547e-08,-0.000260107
6.642547e-08,-0.000263999
6.652547e-08,-0.000263999
6.662547e-08,-0.000258161
6.672547e-08,-0.000247135
6.682547e-08,-0.000231568
6.692547e-08,-0.000212109
6.702547e-08,-0.000192002
6.712547e-08,-0.000174489
6.722547e-08,-0.000160868
6.732547e-08,-0.000154382
6.742547e-08,-0.000155679
6.752547e-08,-0.000163463
6.762547e-08,-0.000177084
6.772547e-08,-0.000193948
6.782547e-08,-0.000211461
6.792547e-08,-0.00022573
6.802547e-08,-0.000234811
6.812547e-08,-0.000236108
6.822547e-08,-0.000230271
6.832547e-08,-0.000217298
6.842547e-08,-0.000198488
6.852547e-08,-0.000175786
6.862547e-08,-0.000153085
6.872547e-08,-0.00013168
6.882547e-08,-0.000114168
6.892547e-08,-0.000101195
6.902547e-08,-9.40603e-05
6.912547e-08,-9.21144e-05
6.922547e-08,-9.40603e-05
6.932547e-08,-9.7952e-05
6.942547e-08,-0.000103141
6.952547e-08,-0.00010833
6.962547e-08,-0.000112222
6.972547e-08,-0.000114168
6.982547e-08,-0.000114816
6.992547e-08,-0.000113519
7.002547e-08,-0.000110276
7.012547e-08,-0.000105735
7.022547e-08,-0.000100547
7.032547e-08,-9.53575e-05
7.042547e-08,-8.952e-05
7.052547e-08,-8.4331e-05
7.062547e-08,-7.97907e-05
7.072547e-08,-7.71962e-05
7.082547e-08,-7.71962e-05
7.092547e-08,-7.9142e-05
7.102547e-08,-8.4331e-05
7.112547e-08,-9.34117e-05
7.122547e-08,-0.000106384
7.132547e-08,-0.000123248
7.142547e-08,-0.000143355
7.152547e-08,-0.000166057
7.162547e-08,-0.000188759
7.172547e-08,-0.000209515
7.182547e-08,-0.000227676
7.192547e-08,-0.000241297
7.202547e-08,-0.000249729
7.212547e-08,-0.000252972
7.222547e-08,-0.000251675
7.232547e-08,-0.000247135
7.242547e-08,-0.000240648
7.252547e-08,-0.000233514
7.262547e-08,-0.000226379
7.272547e-08,-0.000220541
7.282547e-08,-0.000216001
7.292547e-08,-0.000211461
7.302547e-08,-0.000205623
7.312547e-08,-0.000198488
7.322547e-08,-0.00018811
7.332547e-08,-0.000173841
7.342547e-08,-0.000156976
7.352547e-08,-0.000137518
7.362547e-08,-0.000116113
7.372547e-08,-9.47089e-05
7.382547e-08,-7.39531e-05
7.392547e-08,-5.7089e-05
7.402547e-08,-4.41165e-05
7.412547e-08,-3.56845e-05
7.422547e-08,-3.17928e-05
7.432547e-08,-3.24414e-05
7.442547e-08,-3.63331e-05
7.452547e-08,-4.21707e-05
7.462547e-08,-4.86569e-05
7.472547e-08,-5.51431e-05
7.482547e-08,-6.09807e-05
7.492547e-08,-6.5521e-05
7.502547e-08,-7.071e-05
7.512547e-08,-7.58989e-05
7.522547e-08,-8.30338e-05
7.532547e-08,-9.21144e-05
7.542547e-08,-0.00010379
7.552547e-08,-0.000116762
7.562547e-08,-0.00013168
7.572547e-08,-0.000147896
7.582547e-08,-0.000162814
7.592547e-08,-0.000176435
7.602547e-08,-0.000186164
7.612547e-08,-0.000192651
7.622547e-08,-0.000195894
7.632547e-08,-0.00019784
7.642547e-08,-0.000197191
7.652547e-08,-0.000196542
7.662547e-08,-0.000195894
7.672547e-08,-0.000196542
7.682547e-08,-0.000199137
7.692547e-08,-0.000203028
7.702547e-08,-0.000207569
7.712547e-08,-0.000212109
7.722547e-08,-0.000214704
