LECROYWaveRunner‘N,20113,Waveform
Segments,1,SegmentSize,2002
Segment,TrigTime,TimeSinceSegment1
#1,28-Sep-2018 13:20:37,0                 
Time,Ampl
-1.228384e-07,-2.27121e-05
-1.227384e-07,-1.03779e-08
-1.226384e-07,2.59344e-05
-1.225384e-07,5.38251e-05
-1.224384e-07,8.23644e-05
-1.223384e-07,0.000109606
-1.222384e-07,0.000132957
-1.221384e-07,0.000150469
-1.220384e-07,0.000160199
-1.219384e-07,0.000161496
-1.218384e-07,0.000154361
-1.217384e-07,0.000139443
-1.216384e-07,0.000118687
-1.215384e-07,9.46882e-05
-1.214384e-07,6.9392e-05
-1.213384e-07,4.60417e-05
-1.212384e-07,2.59344e-05
-1.211384e-07,9.71892e-06
-1.210384e-07,-1.95624e-06
-1.209384e-07,-1.10369e-05
-1.208384e-07,-1.81717e-05
-1.207384e-07,-2.33607e-05
-1.206384e-07,-2.91983e-05
-1.205384e-07,-3.69817e-05
-1.204384e-07,-4.60624e-05
-1.203384e-07,-5.44945e-05
-1.202384e-07,-5.96834e-05
-1.201384e-07,-6.16293e-05
-1.200384e-07,-5.83862e-05
-1.199384e-07,-4.86569e-05
-1.198384e-07,-3.24414e-05
-1.197384e-07,-1.10369e-05
-1.196384e-07,1.55565e-05
-1.195384e-07,4.40958e-05
-1.194384e-07,7.26351e-05
-1.193384e-07,9.6634e-05
-1.192384e-07,0.000116093
-1.191384e-07,0.000129065
-1.190384e-07,0.000134903
-1.189384e-07,0.000135551
-1.188384e-07,0.000131011
-1.187384e-07,0.000123876
-1.186384e-07,0.000115444
-1.185384e-07,0.000107012
-1.184384e-07,9.85799e-05
-1.183384e-07,9.07964e-05
-1.182384e-07,8.3013e-05
-1.181384e-07,7.45809e-05
-1.180384e-07,6.4203e-05
-1.179384e-07,5.25279e-05
-1.178384e-07,3.89068e-05
-1.177384e-07,2.52858e-05
-1.176384e-07,1.23134e-05
-1.175384e-07,1.93548e-06
-1.174384e-07,-4.55072e-06
-1.173384e-07,-5.19934e-06
-1.172384e-07,-6.58998e-07
-1.171384e-07,9.71892e-06
-1.170384e-07,2.39886e-05
-1.169384e-07,4.08527e-05
-1.168384e-07,5.64196e-05
-1.167384e-07,6.80947e-05
-1.166384e-07,7.45809e-05
-1.165384e-07,7.39323e-05
-1.164384e-07,6.74461e-05
-1.163384e-07,5.51223e-05
-1.162384e-07,3.95555e-05
-1.161384e-07,2.33399e-05
-1.160384e-07,8.42168e-06
-1.159384e-07,-3.9021e-06
-1.158384e-07,-1.03883e-05
-1.157384e-07,-1.29828e-05
-1.156384e-07,-1.16855e-05
-1.155384e-07,-7.1452e-06
-1.154384e-07,-3.25348e-06
-1.153384e-07,-1.30762e-06
-1.152384e-07,-2.60486e-06
-1.151384e-07,-7.79382e-06
-1.150384e-07,-1.68745e-05
-1.149384e-07,-2.91983e-05
-1.148384e-07,-4.41165e-05
-1.147384e-07,-5.83862e-05
-1.146384e-07,-7.071e-05
-1.145384e-07,-7.97907e-05
-1.144384e-07,-8.49796e-05
-1.143384e-07,-8.62769e-05
-1.142384e-07,-8.56282e-05
-1.141384e-07,-8.4331e-05
-1.140384e-07,-8.4331e-05
-1.139384e-07,-8.69255e-05
-1.138384e-07,-9.40603e-05
-1.137384e-07,-0.000106384
-1.136384e-07,-0.000123248
-1.135384e-07,-0.000142707
-1.134384e-07,-0.000162165
-1.133384e-07,-0.000179678
-1.132384e-07,-0.000192651
-1.131384e-07,-0.000199137
-1.130384e-07,-0.000199785
-1.129384e-07,-0.000196542
-1.128384e-07,-0.000188759
-1.127384e-07,-0.000178381
-1.126384e-07,-0.000168652
-1.125384e-07,-0.000160868
-1.124384e-07,-0.000156328
-1.123384e-07,-0.000155031
-1.122384e-07,-0.000156976
-1.121384e-07,-0.000160868
-1.120384e-07,-0.000164111
-1.119384e-07,-0.000164111
-1.118384e-07,-0.000160868
-1.117384e-07,-0.000153733
-1.116384e-07,-0.000142058
-1.115384e-07,-0.000126491
-1.114384e-07,-0.000109627
-1.113384e-07,-9.34117e-05
-1.112384e-07,-7.97907e-05
-1.111384e-07,-6.94127e-05
-1.110384e-07,-6.35752e-05
-1.109384e-07,-6.09807e-05
-1.108384e-07,-6.03321e-05
-1.107384e-07,-5.96834e-05
-1.106384e-07,-5.77376e-05
-1.105384e-07,-5.19e-05
-1.104384e-07,-4.08734e-05
-1.103384e-07,-2.33607e-05
-1.102384e-07,-1.03779e-08
-1.101384e-07,2.72317e-05
-1.100384e-07,5.64196e-05
-1.099384e-07,8.62561e-05
-1.098384e-07,0.000112201
-1.097384e-07,0.000133605
-1.096384e-07,0.000149821
-1.095384e-07,0.000162793
-1.094384e-07,0.000171225
-1.093384e-07,0.000177712
-1.092384e-07,0.000183549
-1.091384e-07,0.000188738
-1.090384e-07,0.000195873
-1.089384e-07,0.000202359
-1.088384e-07,0.000208197
-1.087384e-07,0.000212088
-1.086384e-07,0.000212737
-1.085384e-07,0.000208197
-1.084384e-07,0.00019717
-1.083384e-07,0.000180955
-1.082384e-07,0.000158253
-1.081384e-07,0.000132308
-1.080384e-07,0.000105066
-1.079384e-07,7.7824e-05
-1.078384e-07,5.38251e-05
-1.077384e-07,3.37179e-05
-1.076384e-07,1.87996e-05
-1.075384e-07,1.03675e-05
-1.074384e-07,5.8272e-06
-1.073384e-07,3.88134e-06
-1.072384e-07,1.93548e-06
-1.071384e-07,-1.30762e-06
-1.070384e-07,-6.49658e-06
-1.069384e-07,-1.49286e-05
-1.068384e-07,-2.53066e-05
-1.067384e-07,-3.69817e-05
-1.066384e-07,-4.6711e-05
-1.065384e-07,-5.38459e-05
-1.064384e-07,-5.83862e-05
-1.063384e-07,-5.7089e-05
-1.062384e-07,-5.12514e-05
-1.061384e-07,-4.15221e-05
-1.060384e-07,-2.91983e-05
-1.059384e-07,-1.49286e-05
-1.058384e-07,-6.58998e-07
-1.057384e-07,1.2962e-05
-1.056384e-07,2.59344e-05
-1.055384e-07,3.89068e-05
-1.054384e-07,5.18792e-05
-1.053384e-07,6.61489e-05
-1.052384e-07,8.17158e-05
-1.051384e-07,0.000100526
-1.050384e-07,0.000120633
-1.049384e-07,0.000141389
-1.048384e-07,0.000158902
-1.047384e-07,0.000172523
-1.046384e-07,0.000179009
-1.045384e-07,0.000176414
-1.044384e-07,0.000163442
-1.043384e-07,0.000140092
-1.042384e-07,0.000108309
-1.041384e-07,7.06892e-05
-1.040384e-07,2.91775e-05
-1.039384e-07,-1.23342e-05
-1.038384e-07,-4.99541e-05
-1.037384e-07,-8.10879e-05
-1.036384e-07,-0.000104438
-1.035384e-07,-0.000118708
-1.034384e-07,-0.000125843
-1.033384e-07,-0.000126491
-1.032384e-07,-0.0001226
-1.031384e-07,-0.000116113
-1.030384e-07,-0.000109627
-1.029384e-07,-0.00010379
-1.028384e-07,-9.73034e-05
-1.027384e-07,-9.08172e-05
-1.026384e-07,-8.30338e-05
-1.025384e-07,-7.33045e-05
-1.024384e-07,-6.09807e-05
-1.023384e-07,-4.60624e-05
-1.022384e-07,-2.98469e-05
-1.021384e-07,-1.36314e-05
-1.020384e-07,6.38242e-07
-1.019384e-07,1.10162e-05
-1.018384e-07,1.68537e-05
-1.017384e-07,1.55565e-05
-1.016384e-07,9.0703e-06
-1.015384e-07,-1.95624e-06
-1.014384e-07,-1.68745e-05
-1.013384e-07,-3.17928e-05
-1.012384e-07,-4.47652e-05
-1.011384e-07,-5.25486e-05
-1.010384e-07,-5.44945e-05
-1.009384e-07,-4.99541e-05
-1.008384e-07,-3.89276e-05
-1.007384e-07,-2.40093e-05
-1.006384e-07,-7.1452e-06
-1.005384e-07,9.0703e-06
-1.004384e-07,2.26913e-05
-1.003384e-07,3.24206e-05
-1.002384e-07,3.76096e-05
-1.001384e-07,3.76096e-05
-1.000384e-07,3.37179e-05
-9.993839e-08,2.85289e-05
-9.983839e-08,2.39886e-05
-9.973839e-08,2.07455e-05
-9.963839e-08,2.07455e-05
-9.953839e-08,2.39886e-05
-9.943839e-08,2.98261e-05
-9.933839e-08,3.76096e-05
-9.923839e-08,4.5393e-05
-9.913839e-08,5.12306e-05
-9.903839e-08,5.51223e-05
-9.893839e-08,5.5771e-05
-9.883839e-08,5.38251e-05
-9.873839e-08,4.99334e-05
-9.863839e-08,4.60417e-05
-9.853839e-08,4.34472e-05
-9.843839e-08,4.34472e-05
-9.833839e-08,4.73389e-05
-9.823839e-08,5.5771e-05
-9.813839e-08,6.87434e-05
-9.803839e-08,8.49589e-05
-9.793839e-08,0.000102472
-9.783839e-08,0.000119984
-9.773839e-08,0.000135551
-9.763839e-08,0.000148524
-9.753839e-08,0.000158253
-9.743839e-08,0.000164091
-9.733839e-08,0.000166685
-9.723839e-08,0.000166685
-9.713839e-08,0.000166036
-9.703839e-08,0.000164739
-9.693839e-08,0.000162793
-9.683839e-08,0.000160199
-9.673839e-08,0.000156956
-9.663839e-08,0.000151767
-9.653839e-08,0.000145281
-9.643839e-08,0.000135551
-9.633839e-08,0.000123876
-9.623839e-08,0.000110255
-9.613839e-08,9.46882e-05
-9.603839e-08,7.84727e-05
-9.593839e-08,6.4203e-05
-9.583839e-08,5.25279e-05
-9.573839e-08,4.34472e-05
-9.563839e-08,3.76096e-05
-9.553839e-08,3.43665e-05
-9.543839e-08,3.24206e-05
-9.533839e-08,3.04748e-05
-9.523839e-08,2.6583e-05
-9.513839e-08,1.94482e-05
-9.503839e-08,8.42168e-06
-9.493839e-08,-8.44244e-06
-9.483839e-08,-2.85497e-05
-9.473839e-08,-5.12514e-05
-9.463839e-08,-7.52503e-05
-9.453839e-08,-9.86006e-05
-9.443839e-08,-0.000119356
-9.433839e-08,-0.000135572
-9.423839e-08,-0.000145301
-9.413839e-08,-0.000149842
-9.403839e-08,-0.000149193
-9.393839e-08,-0.000143355
-9.383839e-08,-0.000134923
-9.373839e-08,-0.000123897
-9.363839e-08,-0.000111573
-9.353839e-08,-9.92493e-05
-9.343839e-08,-8.69255e-05
-9.333839e-08,-7.52503e-05
-9.323839e-08,-6.35752e-05
-9.313839e-08,-5.19e-05
-9.303839e-08,-3.95762e-05
-9.293839e-08,-2.7901e-05
-9.283839e-08,-1.75231e-05
-9.273839e-08,-8.44244e-06
-9.263839e-08,-2.60486e-06
-9.253839e-08,-1.30762e-06
-9.243839e-08,-5.19934e-06
-9.233839e-08,-1.36314e-05
-9.223839e-08,-2.66038e-05
-9.213839e-08,-4.08734e-05
-9.203839e-08,-5.44945e-05
-9.193839e-08,-6.35752e-05
-9.183839e-08,-6.68183e-05
-9.173839e-08,-6.22779e-05
-9.163839e-08,-4.99541e-05
-9.153839e-08,-2.98469e-05
-9.143839e-08,-3.25348e-06
-9.133839e-08,2.6583e-05
-9.123839e-08,5.64196e-05
-9.113839e-08,8.17158e-05
-9.103839e-08,9.98771e-05
-9.093839e-08,0.000108958
-9.083839e-08,0.000108958
-9.073839e-08,0.000101174
-9.063839e-08,8.69047e-05
-9.053839e-08,6.9392e-05
-9.043839e-08,5.0582e-05
-9.033839e-08,3.43665e-05
-9.023839e-08,2.07455e-05
-9.013839e-08,1.03675e-05
-9.003839e-08,3.23272e-06
-8.993839e-08,-3.25348e-06
-8.983839e-08,-1.03883e-05
-8.973839e-08,-2.07662e-05
-8.963839e-08,-3.63331e-05
-8.953839e-08,-5.57917e-05
-8.943839e-08,-7.97907e-05
-8.933839e-08,-0.000106384
-8.923839e-08,-0.000132329
-8.913839e-08,-0.000155031
-8.903839e-08,-0.000171895
-8.893839e-08,-0.000180975
-8.883839e-08,-0.000180327
-8.873839e-08,-0.000170597
-8.863839e-08,-0.000154382
-8.853839e-08,-0.000132329
-8.843839e-08,-0.00010833
-8.833839e-08,-8.30338e-05
-8.823839e-08,-5.96834e-05
-8.813839e-08,-3.95762e-05
-8.803839e-08,-2.27121e-05
-8.793839e-08,-9.09106e-06
-8.783839e-08,1.93548e-06
-8.773839e-08,1.16648e-05
-8.763839e-08,2.26913e-05
-8.753839e-08,3.56637e-05
-8.743839e-08,4.99334e-05
-8.733839e-08,6.55003e-05
-8.723839e-08,8.23644e-05
-8.713839e-08,9.98771e-05
-8.703839e-08,0.000116093
-8.693839e-08,0.000131011
-8.683839e-08,0.000143335
-8.673839e-08,0.00015501
-8.663839e-08,0.000165388
-8.653839e-08,0.000174468
-8.643839e-08,0.000183549
-8.633839e-08,0.000193278
-8.623839e-08,0.000203008
-8.613839e-08,0.000212088
-8.603839e-08,0.000219872
-8.593839e-08,0.000224412
-8.583839e-08,0.000224412
-8.573839e-08,0.000219223
-8.563839e-08,0.000207548
-8.553839e-08,0.000189387
-8.543839e-08,0.000166685
-8.533839e-08,0.000140092
-8.523839e-08,0.000112201
-8.513839e-08,8.56075e-05
-8.503839e-08,6.29058e-05
-8.493839e-08,4.34472e-05
-8.483839e-08,2.98261e-05
-8.473839e-08,2.13941e-05
-8.463839e-08,1.75024e-05
-8.453839e-08,1.62051e-05
-8.443839e-08,1.62051e-05
-8.433839e-08,1.55565e-05
-8.423839e-08,1.2962e-05
-8.413839e-08,7.12444e-06
-8.403839e-08,-1.30762e-06
-8.393839e-08,-1.03883e-05
-8.383839e-08,-1.9469e-05
-8.373839e-08,-2.72524e-05
-8.363839e-08,-3.11441e-05
-8.353839e-08,-2.98469e-05
-8.343839e-08,-2.40093e-05
-8.333839e-08,-1.36314e-05
-8.323839e-08,-1.95624e-06
-8.313839e-08,1.03675e-05
-8.303839e-08,2.00968e-05
-8.293839e-08,2.46372e-05
-8.283839e-08,2.33399e-05
-8.273839e-08,1.55565e-05
-8.263839e-08,2.5841e-06
-8.253839e-08,-1.428e-05
-8.243839e-08,-3.309e-05
-8.233839e-08,-5.06027e-05
-8.223839e-08,-6.48724e-05
-8.213839e-08,-7.33045e-05
-8.203839e-08,-7.46017e-05
-8.193839e-08,-6.87641e-05
-8.183839e-08,-5.64403e-05
-8.173839e-08,-3.76303e-05
-8.163839e-08,-1.49286e-05
-8.153839e-08,1.23134e-05
-8.143839e-08,4.08527e-05
-8.133839e-08,7.06892e-05
-8.123839e-08,0.000101174
-8.113839e-08,0.00013166
-8.103839e-08,0.000161496
-8.093839e-08,0.000190684
-8.083839e-08,0.000217277
-8.073839e-08,0.000241276
-8.063839e-08,0.000260735
-8.053839e-08,0.000273707
-8.043839e-08,0.000278896
-8.033839e-08,0.000276302
-8.023839e-08,0.000264627
-8.013839e-08,0.000244519
-8.003839e-08,0.000216629
-7.993839e-08,0.000184846
-7.983839e-08,0.000151118
-7.973839e-08,0.000116741
-7.963839e-08,8.49589e-05
-7.953839e-08,5.77168e-05
-7.943839e-08,3.56637e-05
-7.933839e-08,1.87996e-05
-7.923839e-08,5.8272e-06
-7.913839e-08,-4.55072e-06
-7.903839e-08,-1.36314e-05
-7.893839e-08,-2.33607e-05
-7.883839e-08,-3.43872e-05
-7.873839e-08,-4.54138e-05
-7.863839e-08,-5.64403e-05
-7.853839e-08,-6.5521e-05
-7.843839e-08,-7.071e-05
-7.833839e-08,-7.13586e-05
-7.823839e-08,-6.68183e-05
-7.813839e-08,-5.64403e-05
-7.803839e-08,-4.08734e-05
-7.793839e-08,-2.07662e-05
-7.783839e-08,1.93548e-06
-7.773839e-08,2.46372e-05
-7.763839e-08,4.5393e-05
-7.753839e-08,6.29058e-05
-7.743839e-08,7.65268e-05
-7.733839e-08,8.56075e-05
-7.723839e-08,9.14451e-05
-7.713839e-08,9.6634e-05
-7.703839e-08,0.000102472
-7.693839e-08,0.000110904
-7.683839e-08,0.000122579
-7.673839e-08,0.000138146
-7.663839e-08,0.000156956
-7.653839e-08,0.000177063
-7.643839e-08,0.000195873
-7.633839e-08,0.000212088
-7.623839e-08,0.000223115
-7.613839e-08,0.000227655
-7.603839e-08,0.000225061
-7.593839e-08,0.000214683
-7.583839e-08,0.000198467
-7.573839e-08,0.000179009
-7.563839e-08,0.000158902
-7.553839e-08,0.000140092
-7.543839e-08,0.000123876
-7.533839e-08,0.000111552
-7.523839e-08,0.000103769
-7.513839e-08,9.98771e-05
-7.503839e-08,9.79313e-05
-7.493839e-08,9.59854e-05
-7.483839e-08,9.33909e-05
-7.473839e-08,8.94992e-05
-7.463839e-08,8.36616e-05
-7.453839e-08,7.52296e-05
-7.443839e-08,6.48516e-05
-7.433839e-08,5.31765e-05
-7.423839e-08,4.08527e-05
-7.413839e-08,2.85289e-05
-7.403839e-08,1.8151e-05
-7.393839e-08,8.42168e-06
-7.383839e-08,-1.03779e-08
-7.373839e-08,-6.49658e-06
-7.363839e-08,-1.23342e-05
-7.353839e-08,-1.68745e-05
-7.343839e-08,-2.01176e-05
-7.333839e-08,-2.07662e-05
-7.323839e-08,-1.81717e-05
-7.313839e-08,-1.16855e-05
-7.303839e-08,-1.30762e-06
-7.293839e-08,1.42593e-05
-7.283839e-08,3.37179e-05
-7.273839e-08,5.77168e-05
-7.263839e-08,8.43102e-05
-7.253839e-08,0.000111552
-7.243839e-08,0.000137497
-7.233839e-08,0.000160847
-7.223839e-08,0.00017836
-7.213839e-08,0.000189387
-7.203839e-08,0.000193927
-7.193839e-08,0.00019263
-7.183839e-08,0.000186792
-7.173839e-08,0.000177712
-7.163839e-08,0.000167982
-7.153839e-08,0.000158253
-7.143839e-08,0.000149821
-7.133839e-08,0.000143335
-7.123839e-08,0.000139443
-7.113839e-08,0.0001362
-7.103839e-08,0.000133605
-7.093839e-08,0.000129714
-7.083839e-08,0.000123876
-7.073839e-08,0.000115444
-7.063839e-08,0.000105066
-7.053839e-08,9.14451e-05
-7.043839e-08,7.71754e-05
-7.033839e-08,6.35544e-05
-7.023839e-08,5.25279e-05
-7.013839e-08,4.40958e-05
-7.003839e-08,4.02041e-05
-6.993839e-08,3.95555e-05
-6.983839e-08,4.27986e-05
-6.973839e-08,4.73389e-05
-6.963839e-08,5.12306e-05
-6.953839e-08,5.44737e-05
-6.943839e-08,5.51223e-05
-6.933839e-08,5.18792e-05
-6.923839e-08,4.5393e-05
-6.913839e-08,3.56637e-05
-6.903839e-08,2.46372e-05
-6.893839e-08,1.36106e-05
-6.883839e-08,3.23272e-06
-6.873839e-08,-3.9021e-06
-6.863839e-08,-6.49658e-06
-6.853839e-08,-5.84796e-06
-6.843839e-08,-1.30762e-06
-6.833839e-08,5.17858e-06
-6.823839e-08,1.36106e-05
-6.813839e-08,2.13941e-05
-6.803839e-08,2.72317e-05
-6.793839e-08,3.1772e-05
-6.783839e-08,3.50151e-05
-6.773839e-08,3.6961e-05
-6.763839e-08,3.82582e-05
-6.753839e-08,3.95555e-05
-6.743839e-08,4.21499e-05
-6.733839e-08,4.60417e-05
-6.723839e-08,4.92848e-05
-6.713839e-08,5.25279e-05
-6.703839e-08,5.38251e-05
-6.693839e-08,5.12306e-05
-6.683839e-08,4.40958e-05
-6.673839e-08,3.30692e-05
-6.663839e-08,1.87996e-05
-6.653839e-08,2.5841e-06
-6.643839e-08,-1.36314e-05
-6.633839e-08,-2.7901e-05
-6.623839e-08,-3.76303e-05
-6.613839e-08,-4.15221e-05
-6.603839e-08,-3.89276e-05
-6.593839e-08,-3.04955e-05
-6.583839e-08,-1.62259e-05
-6.573839e-08,6.38242e-07
-6.563839e-08,1.75024e-05
-6.553839e-08,3.37179e-05
-6.543839e-08,4.73389e-05
-6.533839e-08,5.70682e-05
-6.523839e-08,6.4203e-05
-6.513839e-08,6.80947e-05
-6.503839e-08,7.00406e-05
-6.493839e-08,7.26351e-05
-6.483839e-08,7.58782e-05
-6.473839e-08,8.17158e-05
-6.463839e-08,8.94992e-05
-6.453839e-08,9.92285e-05
-6.443839e-08,0.000108309
-6.433839e-08,0.000116741
-6.423839e-08,0.000121282
-6.413839e-08,0.000121282
-6.403839e-08,0.000115444
-6.393839e-08,0.00010312
-6.383839e-08,8.56075e-05
-6.373839e-08,6.35544e-05
-6.363839e-08,4.02041e-05
-6.353839e-08,1.75024e-05
-6.343839e-08,-1.95624e-06
-6.333839e-08,-1.75231e-05
-6.323839e-08,-2.7901e-05
-6.313839e-08,-3.309e-05
-6.303839e-08,-3.43872e-05
-6.293839e-08,-3.309e-05
-6.283839e-08,-2.98469e-05
-6.273839e-08,-2.7901e-05
-6.263839e-08,-2.66038e-05
-6.253839e-08,-2.7901e-05
-6.243839e-08,-3.04955e-05
-6.233839e-08,-3.43872e-05
-6.223839e-08,-3.76303e-05
-6.213839e-08,-4.02248e-05
-6.203839e-08,-4.02248e-05
-6.193839e-08,-3.76303e-05
-6.183839e-08,-3.24414e-05
-6.173839e-08,-2.40093e-05
-6.163839e-08,-1.428e-05
-6.153839e-08,-4.55072e-06
-6.143839e-08,4.52996e-06
-6.133839e-08,1.36106e-05
-6.123839e-08,2.07455e-05
-6.113839e-08,2.78803e-05
-6.103839e-08,3.43665e-05
-6.093839e-08,4.08527e-05
-6.083839e-08,4.79875e-05
-6.073839e-08,5.77168e-05
-6.063839e-08,6.87434e-05
-6.053839e-08,7.97699e-05
-6.043839e-08,9.07964e-05
-6.033839e-08,0.000101174
-6.023839e-08,0.000107661
-6.013839e-08,0.000109606
-6.003839e-08,0.000106363
-5.993839e-08,9.79313e-05
-5.983839e-08,8.62561e-05
-5.973839e-08,7.13378e-05
-5.963839e-08,5.51223e-05
-5.953839e-08,4.15013e-05
-5.943839e-08,3.11234e-05
-5.933839e-08,2.59344e-05
-5.923839e-08,2.52858e-05
-5.913839e-08,2.98261e-05
-5.903839e-08,3.76096e-05
-5.893839e-08,4.79875e-05
-5.883839e-08,5.90141e-05
-5.873839e-08,6.9392e-05
-5.863839e-08,7.71754e-05
-5.853839e-08,8.17158e-05
-5.843839e-08,8.49589e-05
-5.833839e-08,8.56075e-05
-5.823839e-08,8.62561e-05
-5.813839e-08,8.62561e-05
-5.803839e-08,8.62561e-05
-5.793839e-08,8.75533e-05
-5.783839e-08,8.88506e-05
-5.773839e-08,9.01478e-05
-5.763839e-08,8.94992e-05
-5.753839e-08,8.69047e-05
-5.743839e-08,8.10671e-05
-5.733839e-08,7.06892e-05
-5.723839e-08,5.70682e-05
-5.713839e-08,4.08527e-05
-5.703839e-08,2.33399e-05
-5.693839e-08,5.17858e-06
-5.683839e-08,-1.23342e-05
-5.673839e-08,-2.7901e-05
-5.663839e-08,-4.08734e-05
-5.653839e-08,-5.06027e-05
-5.643839e-08,-5.7089e-05
-5.633839e-08,-6.16293e-05
-5.623839e-08,-6.61696e-05
-5.613839e-08,-7.20072e-05
-5.603839e-08,-7.78448e-05
-5.593839e-08,-8.4331e-05
-5.583839e-08,-9.14658e-05
-5.573839e-08,-9.73034e-05
-5.563839e-08,-0.000101844
-5.553839e-08,-0.000103141
-5.543839e-08,-0.000101195
-5.533839e-08,-9.60062e-05
-5.523839e-08,-8.62769e-05
-5.513839e-08,-7.39531e-05
-5.503839e-08,-6.03321e-05
-5.493839e-08,-4.73596e-05
-5.483839e-08,-3.69817e-05
-5.473839e-08,-3.04955e-05
-5.463839e-08,-2.66038e-05
-5.453839e-08,-2.7901e-05
-5.443839e-08,-3.11441e-05
-5.433839e-08,-3.69817e-05
-5.423839e-08,-4.28193e-05
-5.413839e-08,-4.80083e-05
-5.403839e-08,-4.93055e-05
-5.393839e-08,-4.73596e-05
-5.383839e-08,-4.15221e-05
-5.373839e-08,-3.37386e-05
-5.363839e-08,-2.40093e-05
-5.353839e-08,-1.36314e-05
-5.343839e-08,-3.9021e-06
-5.333839e-08,3.23272e-06
-5.323839e-08,7.77306e-06
-5.313839e-08,9.71892e-06
-5.303839e-08,9.71892e-06
-5.293839e-08,8.42168e-06
-5.283839e-08,7.12444e-06
-5.273839e-08,7.12444e-06
-5.263839e-08,9.71892e-06
-5.253839e-08,1.36106e-05
-5.243839e-08,2.07455e-05
-5.233839e-08,2.91775e-05
-5.223839e-08,3.89068e-05
-5.213839e-08,4.86361e-05
-5.203839e-08,5.77168e-05
-5.193839e-08,6.67975e-05
-5.183839e-08,7.45809e-05
-5.173839e-08,8.23644e-05
-5.163839e-08,9.07964e-05
-5.153839e-08,0.000101174
-5.143839e-08,0.00011285
-5.133839e-08,0.000127768
-5.123839e-08,0.000145281
-5.113839e-08,0.000164091
-5.103839e-08,0.000182901
-5.093839e-08,0.000200413
-5.083839e-08,0.000214683
-5.073839e-08,0.000225061
-5.063839e-08,0.000231547
-5.053839e-08,0.000232844
-5.043839e-08,0.000229601
-5.033839e-08,0.000223115
-5.023839e-08,0.000214683
-5.013839e-08,0.000206251
-5.003839e-08,0.000199116
-4.993839e-08,0.000195224
-4.983839e-08,0.000193927
-4.973839e-08,0.000195224
-4.963839e-08,0.000198467
-4.953839e-08,0.00020171
-4.943839e-08,0.000203008
-4.933839e-08,0.000200413
-4.923839e-08,0.000191333
-4.913839e-08,0.000176414
-4.903839e-08,0.000153713
-4.893839e-08,0.000124525
-4.883839e-08,9.01478e-05
-4.873839e-08,5.25279e-05
-4.863839e-08,1.36106e-05
-4.853839e-08,-2.46579e-05
-4.843839e-08,-5.96834e-05
-4.833839e-08,-8.952e-05
-4.823839e-08,-0.000111573
-4.813839e-08,-0.000126491
-4.803839e-08,-0.000134275
-4.793839e-08,-0.000135572
-4.783839e-08,-0.000130383
-4.773839e-08,-0.000120005
-4.763839e-08,-0.000105087
-4.753839e-08,-8.69255e-05
-4.743839e-08,-6.68183e-05
-4.733839e-08,-4.41165e-05
-4.723839e-08,-2.01176e-05
-4.713839e-08,4.52996e-06
-4.703839e-08,2.91775e-05
-4.693839e-08,5.31765e-05
-4.683839e-08,7.45809e-05
-4.673839e-08,9.40395e-05
-4.663839e-08,0.000110255
-4.653839e-08,0.000122579
-4.643839e-08,0.000129714
-4.633839e-08,0.000132308
-4.623839e-08,0.00013166
-4.613839e-08,0.000129065
-4.603839e-08,0.000124525
-4.593839e-08,0.000119984
-4.583839e-08,0.000116741
-4.573839e-08,0.000115444
-4.563839e-08,0.000115444
-4.553839e-08,0.00011739
-4.543839e-08,0.000121282
-4.533839e-08,0.000125822
-4.523839e-08,0.000129714
-4.513839e-08,0.000132308
-4.503839e-08,0.000132308
-4.493839e-08,0.000130362
-4.483839e-08,0.000125173
-4.473839e-08,0.000118038
-4.463839e-08,0.000108958
-4.453839e-08,9.79313e-05
-4.443839e-08,8.49589e-05
-4.433839e-08,7.13378e-05
-4.423839e-08,5.64196e-05
-4.413839e-08,4.08527e-05
-4.403839e-08,2.46372e-05
-4.393839e-08,9.0703e-06
-4.383839e-08,-7.1452e-06
-4.373839e-08,-2.20635e-05
-4.363839e-08,-3.63331e-05
-4.353839e-08,-4.80083e-05
-4.343839e-08,-5.7089e-05
-4.333839e-08,-6.29265e-05
-4.323839e-08,-6.35752e-05
-4.313839e-08,-5.90348e-05
-4.303839e-08,-4.86569e-05
-4.293839e-08,-3.43872e-05
-4.283839e-08,-1.62259e-05
-4.273839e-08,3.23272e-06
-4.263839e-08,2.26913e-05
-4.253839e-08,3.95555e-05
-4.243839e-08,5.38251e-05
-4.233839e-08,6.29058e-05
-4.223839e-08,6.87434e-05
-4.213839e-08,7.06892e-05
-4.203839e-08,7.00406e-05
-4.193839e-08,6.80947e-05
-4.183839e-08,6.55003e-05
-4.173839e-08,6.48516e-05
-4.163839e-08,6.61489e-05
-4.153839e-08,7.13378e-05
-4.143839e-08,7.84727e-05
-4.133839e-08,8.62561e-05
-4.123839e-08,9.46882e-05
-4.113839e-08,0.000100526
-4.103839e-08,0.000102472
-4.093839e-08,0.000101174
-4.083839e-08,9.53368e-05
-4.073839e-08,8.56075e-05
-4.063839e-08,7.19865e-05
-4.053839e-08,5.51223e-05
-4.043839e-08,3.56637e-05
-4.033839e-08,1.62051e-05
-4.023839e-08,-3.25348e-06
-4.013839e-08,-2.01176e-05
-4.003839e-08,-3.37386e-05
-3.993839e-08,-4.34679e-05
-3.983839e-08,-4.93055e-05
-3.973839e-08,-5.12514e-05
-3.963839e-08,-4.93055e-05
-3.953839e-08,-4.41165e-05
-3.943839e-08,-3.56845e-05
-3.933839e-08,-2.46579e-05
-3.923839e-08,-1.29828e-05
-3.913839e-08,-6.58998e-07
-3.903839e-08,9.71892e-06
-3.893839e-08,1.75024e-05
-3.883839e-08,2.07455e-05
-3.873839e-08,1.8151e-05
-3.863839e-08,8.42168e-06
-3.853839e-08,-7.79382e-06
-3.843839e-08,-2.98469e-05
-3.833839e-08,-5.57917e-05
-3.823839e-08,-8.17365e-05
-3.813839e-08,-0.000105735
-3.803839e-08,-0.000125194
-3.793839e-08,-0.000136221
-3.783839e-08,-0.000138166
-3.773839e-08,-0.000129086
-3.763839e-08,-0.000110276
-3.753839e-08,-8.30338e-05
-3.743839e-08,-5.12514e-05
-3.733839e-08,-1.75231e-05
-3.723839e-08,1.49079e-05
-3.713839e-08,4.40958e-05
-3.703839e-08,6.74461e-05
-3.693839e-08,8.43102e-05
-3.683839e-08,9.46882e-05
-3.673839e-08,9.92285e-05
-3.663839e-08,0.000100526
-3.653839e-08,9.92285e-05
-3.643839e-08,9.72826e-05
-3.633839e-08,9.59854e-05
-3.623839e-08,9.6634e-05
-3.613839e-08,9.92285e-05
-3.603839e-08,0.000102472
-3.593839e-08,0.000107012
-3.583839e-08,0.000111552
-3.573839e-08,0.000114147
-3.563839e-08,0.000115444
-3.553839e-08,0.000116093
-3.543839e-08,0.000115444
-3.533839e-08,0.000114795
-3.523839e-08,0.000115444
-3.513839e-08,0.000118038
-3.503839e-08,0.000123876
-3.493839e-08,0.000132957
-3.483839e-08,0.000145281
-3.473839e-08,0.00015955
-3.463839e-08,0.000174468
-3.453839e-08,0.000189387
-3.443839e-08,0.00020171
-3.433839e-08,0.000210791
-3.423839e-08,0.000214683
-3.413839e-08,0.000214034
-3.403839e-08,0.000208197
-3.393839e-08,0.000197819
-3.383839e-08,0.000184198
-3.373839e-08,0.000168631
-3.363839e-08,0.000152415
-3.353839e-08,0.0001362
-3.343839e-08,0.000119984
-3.333839e-08,0.000104417
-3.323839e-08,8.88506e-05
-3.313839e-08,7.39323e-05
-3.303839e-08,6.03113e-05
-3.293839e-08,4.73389e-05
-3.283839e-08,3.43665e-05
-3.273839e-08,2.33399e-05
-3.263839e-08,1.42593e-05
-3.253839e-08,8.42168e-06
-3.243839e-08,5.8272e-06
-3.233839e-08,7.12444e-06
-3.223839e-08,1.16648e-05
-3.213839e-08,2.00968e-05
-3.203839e-08,3.04748e-05
-3.193839e-08,4.21499e-05
-3.183839e-08,5.31765e-05
-3.173839e-08,6.22572e-05
-3.163839e-08,6.87434e-05
-3.153839e-08,7.19865e-05
-3.143839e-08,7.26351e-05
-3.133839e-08,7.06892e-05
-3.123839e-08,6.67975e-05
-3.113839e-08,6.16085e-05
-3.103839e-08,5.5771e-05
-3.093839e-08,4.92848e-05
-3.083839e-08,4.21499e-05
-3.073839e-08,3.56637e-05
-3.063839e-08,2.78803e-05
-3.053839e-08,1.94482e-05
-3.043839e-08,9.0703e-06
-3.033839e-08,-3.25348e-06
-3.023839e-08,-1.62259e-05
-3.013839e-08,-2.98469e-05
-3.003839e-08,-4.28193e-05
-2.993839e-08,-5.31972e-05
-2.983839e-08,-6.09807e-05
-2.973839e-08,-6.35752e-05
-2.963839e-08,-6.16293e-05
-2.953839e-08,-5.44945e-05
-2.943839e-08,-4.28193e-05
-2.933839e-08,-2.72524e-05
-2.923839e-08,-9.73968e-06
-2.913839e-08,9.0703e-06
-2.903839e-08,2.72317e-05
-2.893839e-08,4.34472e-05
-2.883839e-08,5.77168e-05
-2.873839e-08,6.9392e-05
-2.863839e-08,7.71754e-05
-2.853839e-08,8.23644e-05
-2.843839e-08,8.43102e-05
-2.833839e-08,8.43102e-05
-2.823839e-08,8.17158e-05
-2.813839e-08,7.71754e-05
-2.803839e-08,7.00406e-05
-2.793839e-08,6.16085e-05
-2.783839e-08,4.99334e-05
-2.773839e-08,3.50151e-05
-2.763839e-08,1.8151e-05
-2.753839e-08,1.28686e-06
-2.743839e-08,-1.62259e-05
-2.733839e-08,-3.17928e-05
-2.723839e-08,-4.47652e-05
-2.713839e-08,-5.25486e-05
-2.703839e-08,-5.51431e-05
-2.693839e-08,-5.19e-05
-2.683839e-08,-4.08734e-05
-2.673839e-08,-2.27121e-05
-2.663839e-08,-1.03779e-08
-2.653839e-08,2.59344e-05
-2.643839e-08,5.31765e-05
-2.633839e-08,7.84727e-05
-2.623839e-08,0.000100526
-2.613839e-08,0.000116741
-2.603839e-08,0.000127119
-2.593839e-08,0.000130362
-2.583839e-08,0.000128416
-2.573839e-08,0.000122579
-2.563839e-08,0.000114147
-2.553839e-08,0.000105715
-2.543839e-08,9.85799e-05
-2.533839e-08,9.46882e-05
-2.523839e-08,9.33909e-05
-2.513839e-08,9.53368e-05
-2.503839e-08,9.85799e-05
-2.493839e-08,0.000102472
-2.483839e-08,0.000105066
-2.473839e-08,0.000105066
-2.463839e-08,0.000102472
-2.453839e-08,9.59854e-05
-2.443839e-08,8.75533e-05
-2.433839e-08,7.7824e-05
-2.423839e-08,6.74461e-05
-2.413839e-08,5.70682e-05
-2.403839e-08,4.73389e-05
-2.393839e-08,3.82582e-05
-2.383839e-08,2.98261e-05
-2.373839e-08,2.13941e-05
-2.363839e-08,1.23134e-05
-2.353839e-08,6.38242e-07
-2.343839e-08,-1.36314e-05
-2.333839e-08,-3.11441e-05
-2.323839e-08,-5.19e-05
-2.313839e-08,-7.46017e-05
-2.303839e-08,-9.7952e-05
-2.293839e-08,-0.000120654
-2.283839e-08,-0.000140761
-2.273839e-08,-0.000157625
-2.263839e-08,-0.0001693
-2.253839e-08,-0.000177084
-2.243839e-08,-0.000179678
-2.233839e-08,-0.000177084
-2.223839e-08,-0.000170597
-2.213839e-08,-0.00016022
-2.203839e-08,-0.000146599
-2.193839e-08,-0.000129734
-2.183839e-08,-0.000110276
-2.173839e-08,-8.82227e-05
-2.163839e-08,-6.29265e-05
-2.153839e-08,-3.43872e-05
-2.143839e-08,-3.9021e-06
-2.133839e-08,2.72317e-05
-2.123839e-08,5.77168e-05
-2.113839e-08,8.56075e-05
-2.103839e-08,0.000110255
-2.093839e-08,0.000129065
-2.083839e-08,0.000141389
-2.073839e-08,0.000145929
-2.063839e-08,0.000144632
-2.053839e-08,0.000137497
-2.043839e-08,0.000126471
-2.033839e-08,0.000113498
-2.023839e-08,0.000101174
-2.013839e-08,9.01478e-05
-2.003839e-08,8.23644e-05
-1.993839e-08,7.91213e-05
-1.983839e-08,7.91213e-05
-1.973839e-08,8.3013e-05
-1.963839e-08,8.88506e-05
-1.953839e-08,9.6634e-05
-1.943839e-08,0.000104417
-1.933839e-08,0.000111552
-1.923839e-08,0.00011739
-1.913839e-08,0.000122579
-1.903839e-08,0.000128416
-1.893839e-08,0.000135551
-1.883839e-08,0.000143983
-1.873839e-08,0.000156307
-1.863839e-08,0.000170577
-1.853839e-08,0.000188089
-1.843839e-08,0.000206899
-1.833839e-08,0.000225709
-1.823839e-08,0.000242574
-1.813839e-08,0.000254897
-1.803839e-08,0.000262681
-1.793839e-08,0.000263329
-1.783839e-08,0.00025814
-1.773839e-08,0.000247114
-1.763839e-08,0.000232196
-1.753839e-08,0.000214034
-1.743839e-08,0.000195873
-1.733839e-08,0.00017836
-1.723839e-08,0.000162793
-1.713839e-08,0.000150469
-1.703839e-08,0.000141389
-1.693839e-08,0.000134254
-1.683839e-08,0.000129714
-1.673839e-08,0.000126471
-1.663839e-08,0.000123876
-1.653839e-08,0.000123227
-1.643839e-08,0.000123876
-1.633839e-08,0.000125822
-1.623839e-08,0.000129065
-1.613839e-08,0.000134254
-1.603839e-08,0.000142037
-1.593839e-08,0.000151118
-1.583839e-08,0.000162145
-1.573839e-08,0.000171874
-1.563839e-08,0.000179009
-1.553839e-08,0.000182252
-1.543839e-08,0.000179657
-1.533839e-08,0.000171225
-1.523839e-08,0.000157604
-1.513839e-08,0.000138794
-1.503839e-08,0.000116093
-1.493839e-08,9.27423e-05
-1.483839e-08,6.9392e-05
-1.473839e-08,4.86361e-05
-1.463839e-08,3.1772e-05
-1.453839e-08,1.75024e-05
-1.443839e-08,7.12444e-06
-1.433839e-08,-1.03779e-08
-1.423839e-08,-5.19934e-06
-1.413839e-08,-9.73968e-06
-1.403839e-08,-1.428e-05
-1.393839e-08,-1.9469e-05
-1.383839e-08,-2.53066e-05
-1.373839e-08,-3.17928e-05
-1.363839e-08,-3.8279e-05
-1.353839e-08,-4.28193e-05
-1.343839e-08,-4.6711e-05
-1.333839e-08,-4.80083e-05
-1.323839e-08,-4.73596e-05
-1.313839e-08,-4.54138e-05
-1.303839e-08,-4.34679e-05
-1.293839e-08,-4.21707e-05
-1.283839e-08,-4.15221e-05
-1.273839e-08,-4.21707e-05
-1.263839e-08,-4.34679e-05
-1.253839e-08,-4.60624e-05
-1.243839e-08,-4.80083e-05
-1.233839e-08,-4.80083e-05
-1.223839e-08,-4.54138e-05
-1.213839e-08,-3.89276e-05
-1.203839e-08,-2.7901e-05
-1.193839e-08,-1.10369e-05
-1.183839e-08,1.03675e-05
-1.173839e-08,3.43665e-05
-1.163839e-08,5.90141e-05
-1.153839e-08,8.17158e-05
-1.143839e-08,9.98771e-05
-1.133839e-08,0.000112201
-1.123839e-08,0.000116741
-1.113839e-08,0.000114795
-1.103839e-08,0.000106363
-1.093839e-08,9.40395e-05
-1.083839e-08,7.97699e-05
-1.073839e-08,6.61489e-05
-1.063839e-08,5.51223e-05
-1.053839e-08,4.92848e-05
-1.043839e-08,4.86361e-05
-1.033839e-08,5.51223e-05
-1.023839e-08,6.67975e-05
-1.013839e-08,8.3013e-05
-1.003839e-08,0.000101823
-9.93839e-09,0.000121282
-9.83839e-09,0.00014074
-9.73839e-09,0.000157604
-9.63839e-09,0.000171874
-9.53839e-09,0.000182252
-9.43839e-09,0.000188738
-9.33839e-09,0.000190684
-9.23839e-09,0.000189387
-9.13839e-09,0.000184198
-9.03839e-09,0.000174468
-8.93839e-09,0.000161496
-8.83839e-09,0.000145281
-8.73839e-09,0.000126471
-8.63839e-09,0.000106363
-8.53839e-09,8.49589e-05
-8.43839e-09,6.4203e-05
-8.33839e-09,4.40958e-05
-8.23839e-09,2.72317e-05
-8.13839e-09,1.36106e-05
-8.03839e-09,4.52996e-06
-7.93839e-09,6.38242e-07
-7.83839e-09,2.5841e-06
-7.73839e-09,9.0703e-06
-7.63839e-09,2.00968e-05
-7.53839e-09,3.37179e-05
-7.43839e-09,4.92848e-05
-7.33839e-09,6.61489e-05
-7.23839e-09,8.36616e-05
-7.13839e-09,0.000100526
-7.03839e-09,0.000116093
-6.93839e-09,0.000131011
-6.83839e-09,0.000143983
-6.73839e-09,0.000156307
-6.63839e-09,0.000166036
-6.53839e-09,0.00017382
-6.43839e-09,0.000179009
-6.33839e-09,0.000180955
-6.23839e-09,0.000179657
-6.13839e-09,0.000174468
-6.03839e-09,0.000165388
-5.93839e-09,0.000154361
-5.83839e-09,0.000140092
-5.73839e-09,0.000124525
-5.63839e-09,0.000107661
-5.53839e-09,9.14451e-05
-5.43839e-09,7.7824e-05
-5.33839e-09,6.61489e-05
-5.23839e-09,5.77168e-05
-5.13839e-09,5.18792e-05
-5.03839e-09,4.73389e-05
-4.93839e-09,4.47444e-05
-4.83839e-09,4.15013e-05
-4.73839e-09,3.82582e-05
-4.63839e-09,3.30692e-05
-4.53839e-09,2.72317e-05
-4.43839e-09,2.00968e-05
-4.33839e-09,1.2962e-05
-4.23839e-09,5.8272e-06
-4.13839e-09,-1.30762e-06
-4.03839e-09,-7.1452e-06
-3.93839e-09,-1.03883e-05
-3.83839e-09,-1.10369e-05
-3.73839e-09,-1.03883e-05
-3.63839e-09,-9.09106e-06
-3.53839e-09,-7.79382e-06
-3.43839e-09,-7.1452e-06
-3.33839e-09,-9.73968e-06
-3.23839e-09,-1.55773e-05
-3.13839e-09,-2.59552e-05
-3.03839e-09,-3.95762e-05
-2.93839e-09,-5.64403e-05
-2.83839e-09,-7.58989e-05
-2.73839e-09,-9.73034e-05
-2.63839e-09,-0.000120005
-2.53839e-09,-0.000144004
-2.43839e-09,-0.000169949
-2.33839e-09,-0.000197191
-2.23839e-09,-0.000226379
-2.13839e-09,-0.000258161
-2.03839e-09,-0.000293835
-1.93839e-09,-0.000332753
-1.83839e-09,-0.000377507
-1.73839e-09,-0.000427451
-1.63839e-09,-0.000481935
-1.53839e-09,-0.000539662
-1.43839e-09,-0.000599335
-1.33839e-09,-0.000661603
-1.23839e-09,-0.000725168
-1.13839e-09,-0.000789381
-1.03839e-09,-0.00085554
-9.383898e-10,-0.000924294
-8.383898e-10,-0.000996291
-7.383898e-10,-0.00107283
-6.383898e-10,-0.00115585
-5.383898e-10,-0.00124601
-4.383898e-10,-0.00134265
-3.383898e-10,-0.00144643
-2.383898e-10,-0.00155605
-1.383898e-10,-0.00167021
-3.838978e-11,-0.00178696
6.161022e-11,-0.00190436
1.616102e-10,-0.00201981
2.616102e-10,-0.00213202
3.616102e-10,-0.00223905
4.616102e-10,-0.00233958
5.616102e-10,-0.00243363
6.616102e-10,-0.00252185
7.616102e-10,-0.00260552
8.616102e-10,-0.00268465
9.616102e-10,-0.00276119
1.06161e-09,-0.00283513
1.16161e-09,-0.00290907
1.26161e-09,-0.00298301
1.36161e-09,-0.00305825
1.46161e-09,-0.00313479
1.56161e-09,-0.00321263
1.66161e-09,-0.00329111
1.76161e-09,-0.00337089
1.86161e-09,-0.00345002
1.96161e-09,-0.0035285
2.06161e-09,-0.00360504
2.16161e-09,-0.00367834
2.26161e-09,-0.00374644
2.36161e-09,-0.00380806
2.46161e-09,-0.00386319
2.56161e-09,-0.00391119
2.66161e-09,-0.00395205
2.76161e-09,-0.00398578
2.86161e-09,-0.00401367
2.96161e-09,-0.00403637
3.06161e-09,-0.00405583
3.16161e-09,-0.00407529
3.26161e-09,-0.00409605
3.36161e-09,-0.0041181
3.46161e-09,-0.0041421
3.56161e-09,-0.0041661
3.66161e-09,-0.00418815
3.76161e-09,-0.00420631
3.86161e-09,-0.00421799
3.96161e-09,-0.00422058
4.06161e-09,-0.00421345
4.16161e-09,-0.00419593
4.26161e-09,-0.00416869
4.36161e-09,-0.00413432
4.46161e-09,-0.00409475
4.56161e-09,-0.00405389
4.66161e-09,-0.00401367
4.76161e-09,-0.0039767
4.86161e-09,-0.00394492
4.96161e-09,-0.00391768
5.06161e-09,-0.00389497
5.16161e-09,-0.00387422
5.26161e-09,-0.00385281
5.36161e-09,-0.00382946
5.46161e-09,-0.00380287
5.56161e-09,-0.00377174
5.66161e-09,-0.00373477
5.76161e-09,-0.00369325
5.86161e-09,-0.00364785
5.96161e-09,-0.00359985
6.06161e-09,-0.00354926
6.16161e-09,-0.00349607
6.26161e-09,-0.00344094
6.36161e-09,-0.00338321
6.46161e-09,-0.00332289
6.56161e-09,-0.00325998
6.66161e-09,-0.00319252
6.76161e-09,-0.00312182
6.86161e-09,-0.00304788
6.96161e-09,-0.00297264
7.06161e-09,-0.00289805
7.16161e-09,-0.00282605
7.26161e-09,-0.00275924
7.36161e-09,-0.00269892
7.46161e-09,-0.00264573
7.56161e-09,-0.00259903
7.66161e-09,-0.00255687
7.76161e-09,-0.0025186
7.86161e-09,-0.00248293
7.96161e-09,-0.00244855
8.06161e-09,-0.00241417
8.16161e-09,-0.0023785
8.26161e-09,-0.00234283
8.36161e-09,-0.0023065
8.46161e-09,-0.00227083
8.56161e-09,-0.00223645
8.66161e-09,-0.00220467
8.76161e-09,-0.00217548
8.86161e-09,-0.00214694
8.96161e-09,-0.00212035
9.06161e-09,-0.0020944
9.16161e-09,-0.00206716
9.26161e-09,-0.00203797
9.36161e-09,-0.0020049
9.46161e-09,-0.00196792
9.56161e-09,-0.00192771
9.66161e-09,-0.0018849
9.76161e-09,-0.00184144
9.86161e-09,-0.00179993
9.96161e-09,-0.00176231
1.006161e-08,-0.00172923
1.016161e-08,-0.00170264
1.026161e-08,-0.00168318
1.036161e-08,-0.00167021
1.046161e-08,-0.00166372
1.056161e-08,-0.00166113
1.066161e-08,-0.00166113
1.076161e-08,-0.00166178
1.086161e-08,-0.00166048
1.096161e-08,-0.00165723
1.106161e-08,-0.00165075
1.116161e-08,-0.00164167
1.126161e-08,-0.00162999
1.136161e-08,-0.00161637
1.146161e-08,-0.00160275
1.156161e-08,-0.00158978
1.166161e-08,-0.0015781
1.176161e-08,-0.00156773
1.186161e-08,-0.00155929
1.196161e-08,-0.00155151
1.206161e-08,-0.00154502
1.216161e-08,-0.00154048
1.226161e-08,-0.00153659
1.236161e-08,-0.00153465
1.246161e-08,-0.00153335
1.256161e-08,-0.00153335
1.266161e-08,-0.00153335
1.276161e-08,-0.00153335
1.286161e-08,-0.00153205
1.296161e-08,-0.00152946
1.306161e-08,-0.00152427
1.316161e-08,-0.00151584
1.326161e-08,-0.00150286
1.336161e-08,-0.0014847
1.346161e-08,-0.00146265
1.356161e-08,-0.0014367
1.366161e-08,-0.00140816
1.376161e-08,-0.00137963
1.386161e-08,-0.00135303
1.396161e-08,-0.00132903
1.406161e-08,-0.00130828
1.416161e-08,-0.00129141
1.426161e-08,-0.00127779
1.436161e-08,-0.00126612
1.446161e-08,-0.00125574
1.456161e-08,-0.00124536
1.466161e-08,-0.00123369
1.476161e-08,-0.00121812
1.486161e-08,-0.00119996
1.496161e-08,-0.0011779
1.506161e-08,-0.00115391
1.516161e-08,-0.00112666
1.526161e-08,-0.00109877
1.536161e-08,-0.00106959
1.546161e-08,-0.00104105
1.556161e-08,-0.0010138
1.566161e-08,-0.000986562
1.576161e-08,-0.00095932
1.586161e-08,-0.00093078
1.596161e-08,-0.000900295
1.606161e-08,-0.000867216
1.616161e-08,-0.00083219
1.626161e-08,-0.000795219
1.636161e-08,-0.00075695
1.646161e-08,-0.000718682
1.656161e-08,-0.000681062
1.666161e-08,-0.000647333
1.676161e-08,-0.000618794
1.686161e-08,-0.000595444
1.696161e-08,-0.000579228
1.706161e-08,-0.000570796
1.716161e-08,-0.00056885
1.726161e-08,-0.000572742
1.736161e-08,-0.000582471
1.746161e-08,-0.000595444
1.756161e-08,-0.000610362
1.766161e-08,-0.000624632
1.776161e-08,-0.00063955
1.786161e-08,-0.000652522
1.796161e-08,-0.000663549
1.806161e-08,-0.000672629
1.816161e-08,-0.000679764
1.826161e-08,-0.000684953
1.836161e-08,-0.000688196
1.846161e-08,-0.000688845
1.856161e-08,-0.000687548
1.866161e-08,-0.000684305
1.876161e-08,-0.000679116
1.886161e-08,-0.000670684
1.896161e-08,-0.000659657
1.906161e-08,-0.000647333
1.916161e-08,-0.000633712
1.926161e-08,-0.000619443
1.936161e-08,-0.00060647
1.946161e-08,-0.000595444
1.956161e-08,-0.000586363
1.966161e-08,-0.000579228
1.976161e-08,-0.000574688
1.986161e-08,-0.000571445
1.996161e-08,-0.000569499
2.006161e-08,-0.000567553
2.016161e-08,-0.000564959
2.026161e-08,-0.000561067
2.036161e-08,-0.000557175
2.046161e-08,-0.000551986
2.056161e-08,-0.000547446
2.066161e-08,-0.000542905
2.076161e-08,-0.000539014
2.086161e-08,-0.000534473
2.096161e-08,-0.000529933
2.106161e-08,-0.000524095
2.116161e-08,-0.000516961
2.126161e-08,-0.000506583
2.136161e-08,-0.000494259
2.146161e-08,-0.000478692
2.156161e-08,-0.000460531
2.166161e-08,-0.000441721
2.176161e-08,-0.000423559
2.186161e-08,-0.000407992
2.196161e-08,-0.000396317
2.206161e-08,-0.000388534
2.216161e-08,-0.000385291
2.226161e-08,-0.000385939
2.236161e-08,-0.000389182
2.246161e-08,-0.000394371
2.256161e-08,-0.000398912
2.266161e-08,-0.000401506
2.276161e-08,-0.000400858
2.286161e-08,-0.000395669
2.296161e-08,-0.000388534
2.306161e-08,-0.000378805
2.316161e-08,-0.000369075
2.326161e-08,-0.000359995
2.336161e-08,-0.000353508
2.346161e-08,-0.000351563
2.356161e-08,-0.000354157
2.366161e-08,-0.000361292
2.376161e-08,-0.000371021
2.386161e-08,-0.000383994
2.396161e-08,-0.000397615
2.406161e-08,-0.000409938
2.416161e-08,-0.000419668
2.426161e-08,-0.000426154
2.436161e-08,-0.000431343
2.446161e-08,-0.000433937
2.456161e-08,-0.000435234
2.466161e-08,-0.00043718
2.476161e-08,-0.000441721
2.486161e-08,-0.000448856
2.496161e-08,-0.000459882
2.506161e-08,-0.000475449
2.516161e-08,-0.000494259
2.526161e-08,-0.000515663
2.536161e-08,-0.000538365
2.546161e-08,-0.00055977
2.556161e-08,-0.000577931
2.566161e-08,-0.000590903
2.576161e-08,-0.00059739
2.586161e-08,-0.00059739
2.596161e-08,-0.000590255
2.606161e-08,-0.000576634
2.616161e-08,-0.000557824
2.626161e-08,-0.000535122
2.636161e-08,-0.000510474
2.646161e-08,-0.000483232
2.656161e-08,-0.000454693
2.666161e-08,-0.000425505
2.676161e-08,-0.000396966
2.686161e-08,-0.000368427
2.696161e-08,-0.000341833
2.706161e-08,-0.000317186
2.716161e-08,-0.00029643
2.726161e-08,-0.000278917
2.736161e-08,-0.000267242
2.746161e-08,-0.000262053
2.756161e-08,-0.00026335
2.766161e-08,-0.000270485
2.776161e-08,-0.000283457
2.786161e-08,-0.000300322
2.796161e-08,-0.000319131
2.806161e-08,-0.000337293
2.816161e-08,-0.000354157
2.826161e-08,-0.000367129
2.836161e-08,-0.000375561
2.846161e-08,-0.000379453
2.856161e-08,-0.000378156
2.866161e-08,-0.000374264
2.876161e-08,-0.000368427
2.886161e-08,-0.000362589
2.896161e-08,-0.000356751
2.906161e-08,-0.000352211
2.916161e-08,-0.000348319
2.926161e-08,-0.000345725
2.936161e-08,-0.00034313
2.946161e-08,-0.000339887
2.956161e-08,-0.00033405
2.966161e-08,-0.000326266
2.976161e-08,-0.000316537
2.986161e-08,-0.000306159
2.996161e-08,-0.000295781
3.006161e-08,-0.000285403
3.016161e-08,-0.000276971
3.026161e-08,-0.000272431
3.036161e-08,-0.000271134
3.046161e-08,-0.000273079
3.056161e-08,-0.00027762
3.066161e-08,-0.000284106
3.076161e-08,-0.000291889
3.086161e-08,-0.000299024
3.096161e-08,-0.000304213
3.106161e-08,-0.000308105
3.116161e-08,-0.000310051
3.126161e-08,-0.000311348
3.136161e-08,-0.000311997
3.146161e-08,-0.000312645
3.156161e-08,-0.000313943
3.166161e-08,-0.000315888
3.176161e-08,-0.000317834
3.186161e-08,-0.000320429
3.196161e-08,-0.000322375
3.206161e-08,-0.000321077
3.216161e-08,-0.000317186
3.226161e-08,-0.000310699
3.236161e-08,-0.000299673
3.246161e-08,-0.000284106
3.256161e-08,-0.000264647
3.266161e-08,-0.000243243
3.276161e-08,-0.000221838
3.286161e-08,-0.000200434
3.296161e-08,-0.000181624
3.306161e-08,-0.000165409
3.316161e-08,-0.000152436
3.326161e-08,-0.000142707
3.336161e-08,-0.000136869
3.346161e-08,-0.000133626
3.356161e-08,-0.000133626
3.366161e-08,-0.000134275
3.376161e-08,-0.000137518
3.386161e-08,-0.000142058
3.396161e-08,-0.000149193
3.406161e-08,-0.000157625
3.416161e-08,-0.000167354
3.426161e-08,-0.00017903
3.436161e-08,-0.000191353
3.446161e-08,-0.000203028
3.456161e-08,-0.000214704
3.466161e-08,-0.000224433
3.476161e-08,-0.000231568
3.486161e-08,-0.000234811
3.496161e-08,-0.000234162
3.506161e-08,-0.000230271
3.516161e-08,-0.000223784
3.526161e-08,-0.00021665
3.536161e-08,-0.000210812
3.546161e-08,-0.00020692
3.556161e-08,-0.000205623
3.566161e-08,-0.000207569
3.576161e-08,-0.000212109
3.586161e-08,-0.000218595
3.596161e-08,-0.000225082
3.606161e-08,-0.000229622
3.616161e-08,-0.000230919
3.626161e-08,-0.000227676
3.636161e-08,-0.000219893
3.646161e-08,-0.000208217
3.656161e-08,-0.000193948
3.666161e-08,-0.00017903
3.676161e-08,-0.000164111
3.686161e-08,-0.00015049
3.696161e-08,-0.000139464
3.706161e-08,-0.000132329
3.716161e-08,-0.000128437
3.726161e-08,-0.00012714
3.736161e-08,-0.000127789
3.746161e-08,-0.000129734
3.756161e-08,-0.000131032
3.766161e-08,-0.000133626
3.776161e-08,-0.000136869
3.786161e-08,-0.000142058
3.796161e-08,-0.000149193
3.806161e-08,-0.000157625
3.816161e-08,-0.000168003
3.826161e-08,-0.000180327
3.836161e-08,-0.000193299
3.846161e-08,-0.000205623
3.856161e-08,-0.000215352
3.866161e-08,-0.000223136
3.876161e-08,-0.000227676
3.886161e-08,-0.000228325
3.896161e-08,-0.00022573
3.906161e-08,-0.00022119
3.916161e-08,-0.000214704
3.926161e-08,-0.000208217
3.936161e-08,-0.000201731
3.946161e-08,-0.00019784
3.956161e-08,-0.000195245
3.966161e-08,-0.000194596
3.976161e-08,-0.000195245
3.986161e-08,-0.000196542
3.996161e-08,-0.000196542
4.006161e-08,-0.000195245
4.016161e-08,-0.000192651
4.026161e-08,-0.000187462
4.036161e-08,-0.000180975
4.046161e-08,-0.000172543
4.056161e-08,-0.000163463
4.066161e-08,-0.000155679
4.076161e-08,-0.000149193
4.086161e-08,-0.000145301
4.096161e-08,-0.000142707
4.106161e-08,-0.000142707
4.116161e-08,-0.000144653
4.126161e-08,-0.000147247
4.136161e-08,-0.00015049
4.146161e-08,-0.000153733
4.156161e-08,-0.000156328
4.166161e-08,-0.000157625
4.176161e-08,-0.000159571
4.186161e-08,-0.000161517
4.196161e-08,-0.00016476
4.206161e-08,-0.0001693
4.216161e-08,-0.000175138
4.226161e-08,-0.000184219
4.236161e-08,-0.000195245
4.246161e-08,-0.000208866
4.256161e-08,-0.000223136
4.266161e-08,-0.000238703
4.276161e-08,-0.000253621
4.286161e-08,-0.000265945
4.296161e-08,-0.000275674
4.306161e-08,-0.000280863
4.316161e-08,-0.00028216
4.326161e-08,-0.000279566
4.336161e-08,-0.000272431
4.346161e-08,-0.000262053
4.356161e-08,-0.000249729
4.366161e-08,-0.000236108
4.376161e-08,-0.000223136
4.386161e-08,-0.000210812
4.396161e-08,-0.000200434
4.406161e-08,-0.000192002
4.416161e-08,-0.000186164
4.426161e-08,-0.00018357
4.436161e-08,-0.000182921
4.446161e-08,-0.000184867
4.456161e-08,-0.00018811
4.466161e-08,-0.000193299
4.476161e-08,-0.000200434
4.486161e-08,-0.000208866
4.496161e-08,-0.000218595
4.506161e-08,-0.000228325
4.516161e-08,-0.000237405
4.526161e-08,-0.00024454
4.536161e-08,-0.000248432
4.546161e-08,-0.000249081
4.556161e-08,-0.000245189
4.566161e-08,-0.000237405
4.576161e-08,-0.000225082
4.586161e-08,-0.000208866
4.596161e-08,-0.000191353
4.606161e-08,-0.000173192
4.616161e-08,-0.000156328
4.626161e-08,-0.000142707
4.636161e-08,-0.000133626
4.646161e-08,-0.000129086
4.656161e-08,-0.000131032
4.666161e-08,-0.000138815
4.676161e-08,-0.000151139
4.686161e-08,-0.000166706
4.696161e-08,-0.00018357
4.706161e-08,-0.000198488
4.716161e-08,-0.000210163
4.726161e-08,-0.00021665
4.736161e-08,-0.000217298
4.746161e-08,-0.000211461
4.756161e-08,-0.000199137
4.766161e-08,-0.000180975
4.776161e-08,-0.000157625
4.786161e-08,-0.000132329
4.796161e-08,-0.000104438
4.806161e-08,-7.71962e-05
4.816161e-08,-5.12514e-05
4.826161e-08,-2.85497e-05
4.836161e-08,-7.79382e-06
4.846161e-08,9.0703e-06
4.856161e-08,2.33399e-05
4.866161e-08,3.50151e-05
4.876161e-08,4.47444e-05
4.886161e-08,5.31765e-05
4.896161e-08,6.03113e-05
4.906161e-08,6.61489e-05
4.916161e-08,6.9392e-05
4.926161e-08,7.06892e-05
4.936161e-08,6.9392e-05
4.946161e-08,6.55003e-05
4.956161e-08,5.96627e-05
4.966161e-08,5.0582e-05
4.976161e-08,3.95555e-05
4.986161e-08,2.59344e-05
4.996161e-08,1.10162e-05
5.006161e-08,-3.9021e-06
5.016161e-08,-1.9469e-05
5.026161e-08,-3.43872e-05
5.036161e-08,-4.80083e-05
5.046161e-08,-6.03321e-05
5.056161e-08,-7.071e-05
5.066161e-08,-7.9142e-05
5.076161e-08,-8.62769e-05
5.086161e-08,-9.21144e-05
5.096161e-08,-9.66548e-05
5.106161e-08,-0.000101844
5.116161e-08,-0.00010833
5.126161e-08,-0.000114816
5.136161e-08,-0.000123248
5.146161e-08,-0.000133626
5.156161e-08,-0.000145301
5.166161e-08,-0.000158274
5.176161e-08,-0.000171246
5.186161e-08,-0.00018357
5.196161e-08,-0.000192651
5.206161e-08,-0.000199137
5.216161e-08,-0.000201731
5.226161e-08,-0.000199137
5.236161e-08,-0.000192651
5.246161e-08,-0.000182273
5.256161e-08,-0.0001693
5.266161e-08,-0.000155031
5.276161e-08,-0.00014141
5.286161e-08,-0.000129086
5.296161e-08,-0.000119356
5.306161e-08,-0.000114168
5.316161e-08,-0.000112222
5.326161e-08,-0.000114816
5.336161e-08,-0.000121302
5.346161e-08,-0.00013168
5.356161e-08,-0.000144004
5.366161e-08,-0.000158922
5.376161e-08,-0.000173841
5.386161e-08,-0.00018811
5.396161e-08,-0.000200434
5.406161e-08,-0.000210812
5.416161e-08,-0.000218595
5.426161e-08,-0.000223784
5.436161e-08,-0.00022573
5.446161e-08,-0.000224433
5.456161e-08,-0.000220541
5.466161e-08,-0.000214704
5.476161e-08,-0.00020692
5.486161e-08,-0.00019784
5.496161e-08,-0.00018811
5.506161e-08,-0.00017903
5.516161e-08,-0.000170597
5.526161e-08,-0.000161517
5.536161e-08,-0.000153085
5.546161e-08,-0.000144004
5.556161e-08,-0.000133626
5.566161e-08,-0.000121951
5.576161e-08,-0.000109627
5.586161e-08,-9.73034e-05
5.596161e-08,-8.4331e-05
5.606161e-08,-7.13586e-05
5.616161e-08,-5.90348e-05
5.626161e-08,-4.80083e-05
5.636161e-08,-3.8279e-05
5.646161e-08,-2.91983e-05
5.656161e-08,-2.20635e-05
5.666161e-08,-1.62259e-05
5.676161e-08,-1.16855e-05
5.686161e-08,-7.1452e-06
5.696161e-08,-2.60486e-06
5.706161e-08,1.28686e-06
5.716161e-08,4.52996e-06
5.726161e-08,7.77306e-06
5.736161e-08,9.71892e-06
5.746161e-08,9.0703e-06
5.756161e-08,6.47582e-06
5.766161e-08,1.93548e-06
5.776161e-08,-5.19934e-06
5.786161e-08,-1.428e-05
5.796161e-08,-2.33607e-05
5.806161e-08,-3.11441e-05
5.816161e-08,-3.69817e-05
5.826161e-08,-4.08734e-05
5.836161e-08,-4.15221e-05
5.846161e-08,-3.8279e-05
5.856161e-08,-3.24414e-05
5.866161e-08,-2.40093e-05
5.876161e-08,-1.36314e-05
5.886161e-08,-1.95624e-06
5.896161e-08,9.71892e-06
5.906161e-08,1.87996e-05
5.916161e-08,2.59344e-05
5.926161e-08,2.91775e-05
5.936161e-08,2.91775e-05
5.946161e-08,2.46372e-05
5.956161e-08,1.68537e-05
5.966161e-08,6.47582e-06
5.976161e-08,-5.84796e-06
5.986161e-08,-1.88204e-05
5.996161e-08,-3.17928e-05
6.006161e-08,-4.28193e-05
6.016161e-08,-5.25486e-05
6.026161e-08,-5.83862e-05
6.036161e-08,-6.09807e-05
6.046161e-08,-5.83862e-05
6.056161e-08,-5.12514e-05
6.066161e-08,-4.02248e-05
6.076161e-08,-2.46579e-05
6.086161e-08,-4.55072e-06
6.096161e-08,1.94482e-05
6.106161e-08,4.66903e-05
6.116161e-08,7.58782e-05
6.126161e-08,0.000106363
6.136161e-08,0.0001362
6.146161e-08,0.000162793
6.156161e-08,0.000184846
6.166161e-08,0.000199765
6.176161e-08,0.000205602
6.186161e-08,0.000202359
6.196161e-08,0.000190035
6.206161e-08,0.000168631
6.216161e-08,0.000139443
6.226161e-08,0.000104417
6.236161e-08,6.67975e-05
6.246161e-08,2.91775e-05
6.256161e-08,-7.1452e-06
6.266161e-08,-3.89276e-05
6.276161e-08,-6.48724e-05
6.286161e-08,-8.4331e-05
6.296161e-08,-9.7952e-05
6.306161e-08,-0.000106384
6.316161e-08,-0.000110276
6.326161e-08,-0.000111573
6.336161e-08,-0.000110924
6.346161e-08,-0.000110276
6.356161e-08,-0.000108979
6.366161e-08,-0.00010833
6.376161e-08,-0.000107681
6.386161e-08,-0.000107681
6.396161e-08,-0.000107033
6.406161e-08,-0.000105087
6.416161e-08,-0.000101844
6.426161e-08,-9.7952e-05
6.436161e-08,-9.21144e-05
6.446161e-08,-8.49796e-05
6.456161e-08,-7.84934e-05
6.466161e-08,-7.26558e-05
6.476161e-08,-6.87641e-05
6.486161e-08,-6.74669e-05
6.496161e-08,-6.94127e-05
6.506161e-08,-7.52503e-05
6.516161e-08,-8.62769e-05
6.526161e-08,-0.000100547
6.536161e-08,-0.000119356
6.546161e-08,-0.00014141
6.556161e-08,-0.000165409
6.566161e-08,-0.000189407
6.576161e-08,-0.000212758
6.586161e-08,-0.000233514
6.596161e-08,-0.000251026
6.606161e-08,-0.00026335
6.616161e-08,-0.000269836
6.626161e-08,-0.000270485
6.636161e-08,-0.000265945
6.646161e-08,-0.000256215
6.656161e-08,-0.000241946
6.666161e-08,-0.000225082
6.676161e-08,-0.00020692
6.686161e-08,-0.000188759
6.696161e-08,-0.000171246
6.706161e-08,-0.000154382
6.716161e-08,-0.000139464
6.726161e-08,-0.000125194
6.736161e-08,-0.000112222
6.746161e-08,-9.92493e-05
6.756161e-08,-8.62769e-05
6.766161e-08,-7.20072e-05
6.776161e-08,-5.77376e-05
6.786161e-08,-4.28193e-05
6.796161e-08,-2.72524e-05
6.806161e-08,-1.23342e-05
6.816161e-08,1.93548e-06
6.826161e-08,1.2962e-05
6.836161e-08,2.07455e-05
6.846161e-08,2.52858e-05
6.856161e-08,2.72317e-05
6.866161e-08,2.59344e-05
6.876161e-08,2.20427e-05
6.886161e-08,1.68537e-05
6.896161e-08,1.16648e-05
6.906161e-08,6.47582e-06
6.916161e-08,2.5841e-06
6.926161e-08,6.38242e-07
6.936161e-08,6.38242e-07
6.946161e-08,1.28686e-06
6.956161e-08,3.23272e-06
6.966161e-08,6.47582e-06
6.976161e-08,1.03675e-05
6.986161e-08,1.2962e-05
6.996161e-08,1.55565e-05
7.006161e-08,1.87996e-05
7.016161e-08,2.26913e-05
7.026161e-08,2.78803e-05
7.036161e-08,3.50151e-05
7.046161e-08,4.47444e-05
7.056161e-08,5.44737e-05
7.066161e-08,6.48516e-05
7.076161e-08,7.39323e-05
7.086161e-08,8.17158e-05
7.096161e-08,8.56075e-05
7.106161e-08,8.56075e-05
7.116161e-08,8.10671e-05
7.126161e-08,7.26351e-05
7.136161e-08,5.96627e-05
7.146161e-08,4.40958e-05
7.156161e-08,2.6583e-05
7.166161e-08,9.71892e-06
7.176161e-08,-7.1452e-06
7.186161e-08,-2.14148e-05
7.196161e-08,-3.37386e-05
7.206161e-08,-4.41165e-05
7.216161e-08,-5.25486e-05
7.226161e-08,-6.03321e-05
7.236161e-08,-6.81155e-05
7.246161e-08,-7.71962e-05
7.256161e-08,-8.82227e-05
7.266161e-08,-0.000100547
7.276161e-08,-0.000114168
7.286161e-08,-0.000128437
7.296161e-08,-0.000142707
7.306161e-08,-0.000158274
7.316161e-08,-0.000172543
7.326161e-08,-0.000185516
7.336161e-08,-0.00019784
7.346161e-08,-0.000208866
7.356161e-08,-0.000218595
7.366161e-08,-0.000226379
7.376161e-08,-0.000232216
7.386161e-08,-0.000237405
7.396161e-08,-0.000239351
7.406161e-08,-0.000238703
7.416161e-08,-0.000234811
7.426161e-08,-0.000228325
7.436161e-08,-0.000218595
7.446161e-08,-0.00020692
7.456161e-08,-0.000193299
7.466161e-08,-0.000180975
7.476161e-08,-0.000169949
7.486161e-08,-0.000160868
7.496161e-08,-0.000156976
7.506161e-08,-0.000157625
7.516161e-08,-0.000162814
7.526161e-08,-0.000173192
7.536161e-08,-0.000186164
7.546161e-08,-0.00020238
7.556161e-08,-0.000219244
7.566161e-08,-0.000234162
7.576161e-08,-0.000247783
7.586161e-08,-0.000256864
7.596161e-08,-0.000262053
7.606161e-08,-0.000262702
7.616161e-08,-0.00025881
7.626161e-08,-0.000252972
7.636161e-08,-0.000243892
7.646161e-08,-0.000234162
7.656161e-08,-0.000223784
7.666161e-08,-0.000212758
7.676161e-08,-0.000201731
7.686161e-08,-0.000189407
7.696161e-08,-0.000176435
7.706161e-08,-0.000162814
7.716161e-08,-0.000147247
7.726161e-08,-0.000129086
