LECROYWaveRunner‘N,20113,Waveform
Segments,1,SegmentSize,2002
Segment,TrigTime,TimeSinceSegment1
#1,28-Sep-2018 13:20:10,0                 
Time,Ampl
-1.228586e-07,0.000163442
-1.227586e-07,0.000181603
-1.226586e-07,0.000203008
-1.225586e-07,0.000226358
-1.224586e-07,0.000249708
-1.223586e-07,0.000271761
-1.222586e-07,0.000290571
-1.221586e-07,0.000306138
-1.220586e-07,0.000317165
-1.219586e-07,0.0003243
-1.218586e-07,0.000326894
-1.217586e-07,0.000326246
-1.216586e-07,0.000323002
-1.215586e-07,0.000316516
-1.214586e-07,0.000306138
-1.213586e-07,0.000291869
-1.212586e-07,0.000273059
-1.211586e-07,0.000250357
-1.210586e-07,0.000223764
-1.209586e-07,0.000194576
-1.208586e-07,0.000163442
-1.207586e-07,0.000133605
-1.206586e-07,0.000105715
-1.205586e-07,8.36616e-05
-1.204586e-07,6.74461e-05
-1.203586e-07,5.90141e-05
-1.202586e-07,5.96627e-05
-1.201586e-07,6.80947e-05
-1.200586e-07,8.3013e-05
-1.199586e-07,0.000101174
-1.198586e-07,0.000118687
-1.197586e-07,0.000134903
-1.196586e-07,0.000146578
-1.195586e-07,0.000153064
-1.194586e-07,0.000152415
-1.193586e-07,0.000147226
-1.192586e-07,0.000136848
-1.191586e-07,0.000123876
-1.190586e-07,0.000108309
-1.189586e-07,9.20937e-05
-1.188586e-07,7.58782e-05
-1.187586e-07,6.16085e-05
-1.186586e-07,4.79875e-05
-1.185586e-07,3.6961e-05
-1.184586e-07,2.78803e-05
-1.183586e-07,2.13941e-05
-1.182586e-07,1.75024e-05
-1.181586e-07,1.8151e-05
-1.180586e-07,2.26913e-05
-1.179586e-07,3.37179e-05
-1.178586e-07,5.0582e-05
-1.177586e-07,7.52296e-05
-1.176586e-07,0.000107012
-1.175586e-07,0.000143335
-1.174586e-07,0.000182252
-1.173586e-07,0.000221818
-1.172586e-07,0.000259438
-1.171586e-07,0.000291869
-1.170586e-07,0.000316516
-1.169586e-07,0.000332083
-1.168586e-07,0.000338569
-1.167586e-07,0.000336623
-1.166586e-07,0.00032884
-1.165586e-07,0.000317165
-1.164586e-07,0.000304192
-1.163586e-07,0.000292517
-1.162586e-07,0.000284734
-1.161586e-07,0.000282139
-1.160586e-07,0.000284734
-1.159586e-07,0.00029122
-1.158586e-07,0.000297706
-1.157586e-07,0.000303544
-1.156586e-07,0.000306138
-1.155586e-07,0.000303544
-1.154586e-07,0.000294463
-1.153586e-07,0.000279545
-1.152586e-07,0.000260086
-1.151586e-07,0.000238033
-1.150586e-07,0.000214034
-1.149586e-07,0.000191981
-1.148586e-07,0.000172523
-1.147586e-07,0.000158253
-1.146586e-07,0.000148524
-1.145586e-07,0.000143983
-1.144586e-07,0.000143335
-1.143586e-07,0.000146578
-1.142586e-07,0.000150469
-1.141586e-07,0.00015501
-1.140586e-07,0.000158902
-1.139586e-07,0.000160847
-1.138586e-07,0.000160847
-1.137586e-07,0.000160847
-1.136586e-07,0.000160847
-1.135586e-07,0.000161496
-1.134586e-07,0.000161496
-1.133586e-07,0.000162145
-1.132586e-07,0.000162145
-1.131586e-07,0.000160847
-1.130586e-07,0.000157604
-1.129586e-07,0.000151767
-1.128586e-07,0.000142037
-1.127586e-07,0.000130362
-1.126586e-07,0.000116093
-1.125586e-07,0.000100526
-1.124586e-07,8.56075e-05
-1.123586e-07,7.26351e-05
-1.122586e-07,6.22572e-05
-1.121586e-07,5.44737e-05
-1.120586e-07,5.0582e-05
-1.119586e-07,4.92848e-05
-1.118586e-07,4.86361e-05
-1.117586e-07,4.86361e-05
-1.116586e-07,4.92848e-05
-1.115586e-07,4.86361e-05
-1.114586e-07,4.79875e-05
-1.113586e-07,4.73389e-05
-1.112586e-07,4.79875e-05
-1.111586e-07,5.0582e-05
-1.110586e-07,5.5771e-05
-1.109586e-07,6.4203e-05
-1.108586e-07,7.58782e-05
-1.107586e-07,8.94992e-05
-1.106586e-07,0.00010312
-1.105586e-07,0.000115444
-1.104586e-07,0.000124525
-1.103586e-07,0.000130362
-1.102586e-07,0.000130362
-1.101586e-07,0.000125822
-1.100586e-07,0.000118038
-1.099586e-07,0.000107661
-1.098586e-07,9.72826e-05
-1.097586e-07,8.94992e-05
-1.096586e-07,8.56075e-05
-1.095586e-07,8.75533e-05
-1.094586e-07,9.46882e-05
-1.093586e-07,0.000107012
-1.092586e-07,0.000123227
-1.091586e-07,0.000142037
-1.090586e-07,0.000161496
-1.089586e-07,0.000179657
-1.088586e-07,0.000195224
-1.087586e-07,0.000208197
-1.086586e-07,0.000217926
-1.085586e-07,0.000225709
-1.084586e-07,0.000232844
-1.083586e-07,0.00023933
-1.082586e-07,0.000245817
-1.081586e-07,0.000251006
-1.080586e-07,0.000254897
-1.079586e-07,0.000256843
-1.078586e-07,0.000255546
-1.077586e-07,0.000249708
-1.076586e-07,0.000238682
-1.075586e-07,0.000223764
-1.074586e-07,0.000204954
-1.073586e-07,0.000184198
-1.072586e-07,0.000164739
-1.071586e-07,0.000148524
-1.070586e-07,0.000136848
-1.069586e-07,0.000130362
-1.068586e-07,0.00013166
-1.067586e-07,0.000138146
-1.066586e-07,0.000149821
-1.065586e-07,0.000164091
-1.064586e-07,0.000179009
-1.063586e-07,0.00019263
-1.062586e-07,0.000202359
-1.061586e-07,0.000207548
-1.060586e-07,0.000209494
-1.059586e-07,0.000207548
-1.058586e-07,0.000204305
-1.057586e-07,0.000199765
-1.056586e-07,0.000195224
-1.055586e-07,0.000191333
-1.054586e-07,0.000187441
-1.053586e-07,0.000185495
-1.052586e-07,0.000183549
-1.051586e-07,0.000182252
-1.050586e-07,0.000179657
-1.049586e-07,0.000175766
-1.048586e-07,0.000170577
-1.047586e-07,0.000164739
-1.046586e-07,0.000160847
-1.045586e-07,0.000158902
-1.044586e-07,0.000161496
-1.043586e-07,0.000167982
-1.042586e-07,0.000179009
-1.041586e-07,0.000193927
-1.040586e-07,0.00021144
-1.039586e-07,0.00023025
-1.038586e-07,0.000246465
-1.037586e-07,0.000259438
-1.036586e-07,0.000266573
-1.035586e-07,0.000268518
-1.034586e-07,0.000264627
-1.033586e-07,0.000255546
-1.032586e-07,0.000242574
-1.031586e-07,0.000228304
-1.030586e-07,0.000213386
-1.029586e-07,0.000199765
-1.028586e-07,0.000188738
-1.027586e-07,0.000180955
-1.026586e-07,0.000175117
-1.025586e-07,0.000171225
-1.024586e-07,0.000166685
-1.023586e-07,0.000161496
-1.022586e-07,0.000153713
-1.021586e-07,0.000145281
-1.020586e-07,0.0001362
-1.019586e-07,0.000127768
-1.018586e-07,0.000122579
-1.017586e-07,0.00012193
-1.016586e-07,0.000127119
-1.015586e-07,0.000140092
-1.014586e-07,0.000160199
-1.013586e-07,0.000186144
-1.012586e-07,0.000216629
-1.011586e-07,0.000248411
-1.010586e-07,0.000278896
-1.009586e-07,0.000306138
-1.008586e-07,0.000325597
-1.007586e-07,0.000337921
-1.006586e-07,0.000341164
-1.005586e-07,0.000335975
-1.004586e-07,0.0003243
-1.003586e-07,0.000306787
-1.002586e-07,0.000286031
-1.001586e-07,0.000263329
-1.000586e-07,0.000239979
-9.995856e-08,0.000217926
-9.985856e-08,0.000195224
-9.975856e-08,0.00017382
-9.965856e-08,0.000153713
-9.955856e-08,0.000134254
-9.945856e-08,0.000116093
-9.935856e-08,0.000101174
-9.925856e-08,8.94992e-05
-9.915856e-08,8.10671e-05
-9.905856e-08,7.71754e-05
-9.895856e-08,7.84727e-05
-9.885856e-08,8.43102e-05
-9.875856e-08,9.46882e-05
-9.865856e-08,0.000107661
-9.855856e-08,0.000120633
-9.845856e-08,0.000133605
-9.835856e-08,0.000143335
-9.825856e-08,0.000149172
-9.815856e-08,0.000151118
-9.805856e-08,0.000149172
-9.795856e-08,0.000144632
-9.785856e-08,0.000138794
-9.775856e-08,0.000133605
-9.765856e-08,0.000128416
-9.755856e-08,0.000125173
-9.745856e-08,0.000123227
-9.735856e-08,0.00012193
-9.725856e-08,0.000120633
-9.715856e-08,0.000118687
-9.705856e-08,0.000114147
-9.695856e-08,0.000107661
-9.685856e-08,9.92285e-05
-9.675856e-08,8.88506e-05
-9.665856e-08,7.84727e-05
-9.655856e-08,7.00406e-05
-9.645856e-08,6.55003e-05
-9.635856e-08,6.48516e-05
-9.625856e-08,6.9392e-05
-9.615856e-08,7.91213e-05
-9.605856e-08,9.40395e-05
-9.595856e-08,0.000111552
-9.585856e-08,0.000130362
-9.575856e-08,0.000149821
-9.565856e-08,0.000167334
-9.555856e-08,0.000182252
-9.545856e-08,0.000194576
-9.535856e-08,0.000204305
-9.525856e-08,0.000212737
-9.515856e-08,0.000221169
-9.505856e-08,0.000229601
-9.495856e-08,0.000238682
-9.485856e-08,0.00024906
-9.475856e-08,0.000260735
-9.465856e-08,0.000273059
-9.455856e-08,0.000283437
-9.445856e-08,0.000292517
-9.435856e-08,0.000298355
-9.425856e-08,0.000300949
-9.415856e-08,0.000300301
-9.405856e-08,0.000297706
-9.395856e-08,0.000293815
-9.385856e-08,0.000288626
-9.375856e-08,0.000284085
-9.365856e-08,0.000281491
-9.355856e-08,0.000279545
-9.345856e-08,0.000278896
-9.335856e-08,0.000278896
-9.325856e-08,0.000277599
-9.315856e-08,0.000273707
-9.305856e-08,0.000266573
-9.295856e-08,0.000254897
-9.285856e-08,0.00023933
-9.275856e-08,0.00022052
-9.265856e-08,0.000199765
-9.255856e-08,0.000177712
-9.245856e-08,0.000158253
-9.235856e-08,0.000142037
-9.225856e-08,0.000130362
-9.215856e-08,0.000124525
-9.205856e-08,0.000123876
-9.195856e-08,0.000128416
-9.185856e-08,0.000135551
-9.175856e-08,0.000143983
-9.165856e-08,0.000152415
-9.155856e-08,0.00015955
-9.145856e-08,0.000164091
-9.135856e-08,0.000165388
-9.125856e-08,0.000164739
-9.115856e-08,0.000162793
-9.105856e-08,0.00015955
-9.095856e-08,0.000157604
-9.085856e-08,0.000155658
-9.075856e-08,0.00015501
-9.065856e-08,0.000153713
-9.055856e-08,0.000151767
-9.045856e-08,0.000148524
-9.035856e-08,0.000143983
-9.025856e-08,0.000136848
-9.015856e-08,0.000127119
-9.005856e-08,0.000116741
-8.995856e-08,0.000106363
-8.985856e-08,9.6634e-05
-8.975856e-08,9.01478e-05
-8.965856e-08,8.75533e-05
-8.955856e-08,8.94992e-05
-8.945856e-08,9.59854e-05
-8.935856e-08,0.000105715
-8.925856e-08,0.000116093
-8.915856e-08,0.000126471
-8.905856e-08,0.000135551
-8.895856e-08,0.00014074
-8.885856e-08,0.000142686
-8.875856e-08,0.00014074
-8.865856e-08,0.000134903
-8.855856e-08,0.000126471
-8.845856e-08,0.00011739
-8.835856e-08,0.000108958
-8.825856e-08,0.000101823
-8.815856e-08,9.59854e-05
-8.805856e-08,9.14451e-05
-8.795856e-08,8.75533e-05
-8.785856e-08,8.43102e-05
-8.775856e-08,7.97699e-05
-8.765856e-08,7.52296e-05
-8.755856e-08,6.9392e-05
-8.745856e-08,6.35544e-05
-8.735856e-08,5.83654e-05
-8.725856e-08,5.51223e-05
-8.715856e-08,5.44737e-05
-8.705856e-08,5.83654e-05
-8.695856e-08,6.67975e-05
-8.685856e-08,7.97699e-05
-8.675856e-08,9.6634e-05
-8.665856e-08,0.000115444
-8.655856e-08,0.000134903
-8.645856e-08,0.000153064
-8.635856e-08,0.000169279
-8.625856e-08,0.000181603
-8.615856e-08,0.000188089
-8.605856e-08,0.000190035
-8.595856e-08,0.000186792
-8.585856e-08,0.000180955
-8.575856e-08,0.000173171
-8.565856e-08,0.000164739
-8.555856e-08,0.000157604
-8.545856e-08,0.000152415
-8.535856e-08,0.000149172
-8.525856e-08,0.000149172
-8.515856e-08,0.000151118
-8.505856e-08,0.000154361
-8.495856e-08,0.000157604
-8.485856e-08,0.000160199
-8.475856e-08,0.000161496
-8.465856e-08,0.000161496
-8.455856e-08,0.00015955
-8.445856e-08,0.000155658
-8.435856e-08,0.000149172
-8.425856e-08,0.000139443
-8.415856e-08,0.000127119
-8.405856e-08,0.00011285
-8.395856e-08,9.59854e-05
-8.385856e-08,7.71754e-05
-8.375856e-08,5.77168e-05
-8.365856e-08,3.82582e-05
-8.355856e-08,2.07455e-05
-8.345856e-08,6.47582e-06
-8.335856e-08,-3.9021e-06
-8.325856e-08,-7.79382e-06
-8.315856e-08,-5.19934e-06
-8.305856e-08,5.17858e-06
-8.295856e-08,2.26913e-05
-8.285856e-08,4.66903e-05
-8.275856e-08,7.45809e-05
-8.265856e-08,0.000105066
-8.255856e-08,0.000134903
-8.245856e-08,0.000161496
-8.235856e-08,0.000183549
-8.225856e-08,0.000199116
-8.215856e-08,0.000208197
-8.205856e-08,0.00021144
-8.195856e-08,0.000209494
-8.185856e-08,0.000205602
-8.175856e-08,0.000199765
-8.165856e-08,0.000195873
-8.155856e-08,0.000193927
-8.145856e-08,0.000194576
-8.135856e-08,0.00019717
-8.125856e-08,0.000200413
-8.115856e-08,0.00020171
-8.105856e-08,0.000199116
-8.095856e-08,0.000191981
-8.085856e-08,0.000179657
-8.075856e-08,0.000163442
-8.065856e-08,0.000143335
-8.055856e-08,0.00012193
-8.045856e-08,0.000100526
-8.035856e-08,8.10671e-05
-8.025856e-08,6.48516e-05
-8.015856e-08,5.25279e-05
-8.005856e-08,4.47444e-05
-7.995856e-08,4.02041e-05
-7.985856e-08,3.76096e-05
-7.975856e-08,3.37179e-05
-7.965856e-08,2.85289e-05
-7.955856e-08,2.13941e-05
-7.945856e-08,1.10162e-05
-7.935856e-08,-1.30762e-06
-7.925856e-08,-1.29828e-05
-7.915856e-08,-2.33607e-05
-7.905856e-08,-2.98469e-05
-7.895856e-08,-3.04955e-05
-7.885856e-08,-2.33607e-05
-7.875856e-08,-9.73968e-06
-7.865856e-08,9.71892e-06
-7.855856e-08,3.30692e-05
-7.845856e-08,5.83654e-05
-7.835856e-08,8.10671e-05
-7.825856e-08,9.98771e-05
-7.815856e-08,0.000112201
-7.805856e-08,0.00011739
-7.795856e-08,0.000115444
-7.785856e-08,0.000107012
-7.775856e-08,9.46882e-05
-7.765856e-08,8.17158e-05
-7.755856e-08,6.9392e-05
-7.745856e-08,5.96627e-05
-7.735856e-08,5.31765e-05
-7.725856e-08,4.99334e-05
-7.715856e-08,5.0582e-05
-7.705856e-08,5.31765e-05
-7.695856e-08,5.77168e-05
-7.685856e-08,6.35544e-05
-7.675856e-08,7.00406e-05
-7.665856e-08,7.52296e-05
-7.655856e-08,8.04185e-05
-7.645856e-08,8.62561e-05
-7.635856e-08,9.20937e-05
-7.625856e-08,9.92285e-05
-7.615856e-08,0.000108309
-7.605856e-08,0.000118687
-7.595856e-08,0.000131011
-7.585856e-08,0.000142686
-7.575856e-08,0.000154361
-7.565856e-08,0.000164091
-7.555856e-08,0.000172523
-7.545856e-08,0.000177063
-7.535856e-08,0.000179009
-7.525856e-08,0.000177712
-7.515856e-08,0.00017382
-7.505856e-08,0.000167334
-7.495856e-08,0.00015955
-7.485856e-08,0.000151767
-7.475856e-08,0.000145281
-7.465856e-08,0.000139443
-7.455856e-08,0.000134903
-7.445856e-08,0.00013166
-7.435856e-08,0.000128416
-7.425856e-08,0.000125822
-7.415856e-08,0.000122579
-7.405856e-08,0.000118687
-7.395856e-08,0.000114795
-7.385856e-08,0.000110255
-7.375856e-08,0.000105715
-7.365856e-08,0.000102472
-7.355856e-08,9.98771e-05
-7.345856e-08,9.85799e-05
-7.335856e-08,9.72826e-05
-7.325856e-08,9.6634e-05
-7.315856e-08,9.6634e-05
-7.305856e-08,9.72826e-05
-7.295856e-08,9.79313e-05
-7.285856e-08,9.85799e-05
-7.275856e-08,9.98771e-05
-7.265856e-08,0.000102472
-7.255856e-08,0.000106363
-7.245856e-08,0.000113498
-7.235856e-08,0.000124525
-7.225856e-08,0.000139443
-7.215856e-08,0.000158902
-7.205856e-08,0.000181603
-7.195856e-08,0.000205602
-7.185856e-08,0.00023025
-7.175856e-08,0.000252951
-7.165856e-08,0.00027241
-7.155856e-08,0.000287977
-7.145856e-08,0.000297706
-7.135856e-08,0.000300301
-7.125856e-08,0.000296409
-7.115856e-08,0.00028668
-7.105856e-08,0.00027241
-7.095856e-08,0.000255546
-7.085856e-08,0.000237385
-7.075856e-08,0.000219223
-7.065856e-08,0.000202359
-7.055856e-08,0.000186792
-7.045856e-08,0.000172523
-7.035856e-08,0.000160847
-7.025856e-08,0.000149821
-7.015856e-08,0.000140092
-7.005856e-08,0.000131011
-6.995856e-08,0.000123227
-6.985856e-08,0.00011739
-6.975856e-08,0.000114147
-6.965856e-08,0.000114147
-6.955856e-08,0.000118038
-6.945856e-08,0.000125822
-6.935856e-08,0.000137497
-6.925856e-08,0.000151767
-6.915856e-08,0.000167334
-6.905856e-08,0.000181603
-6.895856e-08,0.00019263
-6.885856e-08,0.000199765
-6.875856e-08,0.000200413
-6.865856e-08,0.000195224
-6.855856e-08,0.000184846
-6.845856e-08,0.000171225
-6.835856e-08,0.000155658
-6.825856e-08,0.000138794
-6.815856e-08,0.000124525
-6.805856e-08,0.000113498
-6.795856e-08,0.000107012
-6.785856e-08,0.000107012
-6.775856e-08,0.000112201
-6.765856e-08,0.00012193
-6.755856e-08,0.0001362
-6.745856e-08,0.000153064
-6.735856e-08,0.000171225
-6.725856e-08,0.000188738
-6.715856e-08,0.000206251
-6.705856e-08,0.00022052
-6.695856e-08,0.000232844
-6.685856e-08,0.000242574
-6.675856e-08,0.00024906
-6.665856e-08,0.000252951
-6.655856e-08,0.0002536
-6.645856e-08,0.0002536
-6.635856e-08,0.000251654
-6.625856e-08,0.000249708
-6.615856e-08,0.000247114
-6.605856e-08,0.000245168
-6.595856e-08,0.000245817
-6.585856e-08,0.000249708
-6.575856e-08,0.000256843
-6.565856e-08,0.000267221
-6.555856e-08,0.000282139
-6.545856e-08,0.000300301
-6.535856e-08,0.000320408
-6.525856e-08,0.000341164
-6.515856e-08,0.00036192
-6.505856e-08,0.00038073
-6.495856e-08,0.000397594
-6.485856e-08,0.000410566
-6.475856e-08,0.000420944
-6.465856e-08,0.000426782
-6.455856e-08,0.000430025
-6.445856e-08,0.000430673
-6.435856e-08,0.000428728
-6.425856e-08,0.000424187
-6.415856e-08,0.000417052
-6.405856e-08,0.000407972
-6.395856e-08,0.000395648
-6.385856e-08,0.000381378
-6.375856e-08,0.000364514
-6.365856e-08,0.000345056
-6.355856e-08,0.000325597
-6.345856e-08,0.00030549
-6.335856e-08,0.000286031
-6.325856e-08,0.000269167
-6.315856e-08,0.000255546
-6.305856e-08,0.000244519
-6.295856e-08,0.000237385
-6.285856e-08,0.000232844
-6.275856e-08,0.000230898
-6.265856e-08,0.00023025
-6.255856e-08,0.000228953
-6.245856e-08,0.000227007
-6.235856e-08,0.000222466
-6.225856e-08,0.000214683
-6.215856e-08,0.000205602
-6.205856e-08,0.000195224
-6.195856e-08,0.000185495
-6.185856e-08,0.00017836
-6.175856e-08,0.000174468
-6.165856e-08,0.000175766
-6.155856e-08,0.000182901
-6.145856e-08,0.000195873
-6.135856e-08,0.000212737
-6.125856e-08,0.000232844
-6.115856e-08,0.0002536
-6.105856e-08,0.00027241
-6.095856e-08,0.000287328
-6.085856e-08,0.000296409
-6.075856e-08,0.000299652
-6.065856e-08,0.00029576
-6.055856e-08,0.00028668
-6.045856e-08,0.000273059
-6.035856e-08,0.000256843
-6.025856e-08,0.000239979
-6.015856e-08,0.000223115
-6.005856e-08,0.000208845
-5.995856e-08,0.000197819
-5.985856e-08,0.000190684
-5.975856e-08,0.000187441
-5.965856e-08,0.000188738
-5.955856e-08,0.000193278
-5.945856e-08,0.00020171
-5.935856e-08,0.00021144
-5.925856e-08,0.000223115
-5.915856e-08,0.000235439
-5.905856e-08,0.000248411
-5.895856e-08,0.000261384
-5.885856e-08,0.000273707
-5.875856e-08,0.000284085
-5.865856e-08,0.000291869
-5.855856e-08,0.000296409
-5.845856e-08,0.000297706
-5.835856e-08,0.000294463
-5.825856e-08,0.000287977
-5.815856e-08,0.000277599
-5.805856e-08,0.000265275
-5.795856e-08,0.000252303
-5.785856e-08,0.000239979
-5.775856e-08,0.000229601
-5.765856e-08,0.000221169
-5.755856e-08,0.000216629
-5.745856e-08,0.000215332
-5.735856e-08,0.000217277
-5.725856e-08,0.000222466
-5.715856e-08,0.000229601
-5.705856e-08,0.000236087
-5.695856e-08,0.000241925
-5.685856e-08,0.000246465
-5.675856e-08,0.00024906
-5.665856e-08,0.00024906
-5.655856e-08,0.000247114
-5.645856e-08,0.000243871
-5.635856e-08,0.000240628
-5.625856e-08,0.000237385
-5.615856e-08,0.00023479
-5.605856e-08,0.000234141
-5.595856e-08,0.000235439
-5.585856e-08,0.000236736
-5.575856e-08,0.000238033
-5.565856e-08,0.000238682
-5.555856e-08,0.000237385
-5.545856e-08,0.000234141
-5.535856e-08,0.000227655
-5.525856e-08,0.000217926
-5.515856e-08,0.000206251
-5.505856e-08,0.000191981
-5.495856e-08,0.000177712
-5.485856e-08,0.000164739
-5.475856e-08,0.000152415
-5.465856e-08,0.000142686
-5.455856e-08,0.0001362
-5.445856e-08,0.00013166
-5.435856e-08,0.000129714
-5.425856e-08,0.000129714
-5.415856e-08,0.000130362
-5.405856e-08,0.000132957
-5.395856e-08,0.000134903
-5.385856e-08,0.000137497
-5.375856e-08,0.00014074
-5.365856e-08,0.000145281
-5.355856e-08,0.000150469
-5.345856e-08,0.000156956
-5.335856e-08,0.000164091
-5.325856e-08,0.000173171
-5.315856e-08,0.000182901
-5.305856e-08,0.00019263
-5.295856e-08,0.000199765
-5.285856e-08,0.000204954
-5.275856e-08,0.000206899
-5.265856e-08,0.000204305
-5.255856e-08,0.000197819
-5.245856e-08,0.000188089
-5.235856e-08,0.000176414
-5.225856e-08,0.000162793
-5.215856e-08,0.000151118
-5.205856e-08,0.000142037
-5.195856e-08,0.0001362
-5.185856e-08,0.000134903
-5.175856e-08,0.000138794
-5.165856e-08,0.000146578
-5.155856e-08,0.000158253
-5.145856e-08,0.000171874
-5.135856e-08,0.000185495
-5.125856e-08,0.000199765
-5.115856e-08,0.000212088
-5.105856e-08,0.000221169
-5.095856e-08,0.000228304
-5.085856e-08,0.000232196
-5.075856e-08,0.000233493
-5.065856e-08,0.000231547
-5.055856e-08,0.000227007
-5.045856e-08,0.000219872
-5.035856e-08,0.000210143
-5.025856e-08,0.000198467
-5.015856e-08,0.000185495
-5.005856e-08,0.000171225
-4.995856e-08,0.000155658
-4.985856e-08,0.00014074
-4.975856e-08,0.000125822
-4.965856e-08,0.00011285
-4.955856e-08,0.000103769
-4.945856e-08,9.79313e-05
-4.935856e-08,9.59854e-05
-4.925856e-08,9.79313e-05
-4.915856e-08,0.000103769
-4.905856e-08,0.000113498
-4.895856e-08,0.000125822
-4.885856e-08,0.000138146
-4.875856e-08,0.000150469
-4.865856e-08,0.000160199
-4.855856e-08,0.000167982
-4.845856e-08,0.000172523
-4.835856e-08,0.000174468
-4.825856e-08,0.000174468
-4.815856e-08,0.000172523
-4.805856e-08,0.000169928
-4.795856e-08,0.000168631
-4.785856e-08,0.000167982
-4.775856e-08,0.000169279
-4.765856e-08,0.000172523
-4.755856e-08,0.000177063
-4.745856e-08,0.000181603
-4.735856e-08,0.000186144
-4.725856e-08,0.000190035
-4.715856e-08,0.000193278
-4.705856e-08,0.000194576
-4.695856e-08,0.000193927
-4.685856e-08,0.000191981
-4.675856e-08,0.000189387
-4.665856e-08,0.000185495
-4.655856e-08,0.000182901
-4.645856e-08,0.000181603
-4.635856e-08,0.000180955
-4.625856e-08,0.000181603
-4.615856e-08,0.000182901
-4.605856e-08,0.000185495
-4.595856e-08,0.000188738
-4.585856e-08,0.000191981
-4.575856e-08,0.000195224
-4.565856e-08,0.000198467
-4.555856e-08,0.000202359
-4.545856e-08,0.000205602
-4.535856e-08,0.000210143
-4.525856e-08,0.000215332
-4.515856e-08,0.000221169
-4.505856e-08,0.000226358
-4.495856e-08,0.000230898
-4.485856e-08,0.000233493
-4.475856e-08,0.000232844
-4.465856e-08,0.000228304
-4.455856e-08,0.000219223
-4.445856e-08,0.000205602
-4.435856e-08,0.000187441
-4.425856e-08,0.000166036
-4.415856e-08,0.000142686
-4.405856e-08,0.000118687
-4.395856e-08,9.6634e-05
-4.385856e-08,7.71754e-05
-4.375856e-08,6.09599e-05
-4.365856e-08,4.99334e-05
-4.355856e-08,4.21499e-05
-4.345856e-08,3.82582e-05
-4.335856e-08,3.6961e-05
-4.325856e-08,3.89068e-05
-4.315856e-08,4.15013e-05
-4.305856e-08,4.5393e-05
-4.295856e-08,4.92848e-05
-4.285856e-08,5.51223e-05
-4.275856e-08,6.29058e-05
-4.265856e-08,7.32837e-05
-4.255856e-08,8.75533e-05
-4.245856e-08,0.000105715
-4.235856e-08,0.000127119
-4.225856e-08,0.000151118
-4.215856e-08,0.000176414
-4.205856e-08,0.00020171
-4.195856e-08,0.000225061
-4.185856e-08,0.000243871
-4.175856e-08,0.000256843
-4.165856e-08,0.000264627
-4.155856e-08,0.000266573
-4.145856e-08,0.000263978
-4.135856e-08,0.00025814
-4.125856e-08,0.000250357
-4.115856e-08,0.000242574
-4.105856e-08,0.000235439
-4.095856e-08,0.00023025
-4.085856e-08,0.000227655
-4.075856e-08,0.000227655
-4.065856e-08,0.000228304
-4.055856e-08,0.000229601
-4.045856e-08,0.00023025
-4.035856e-08,0.000229601
-4.025856e-08,0.000227655
-4.015856e-08,0.000223764
-4.005856e-08,0.000219872
-3.995856e-08,0.00021598
-3.985856e-08,0.000212088
-3.975856e-08,0.000209494
-3.965856e-08,0.000209494
-3.955856e-08,0.00021144
-3.945856e-08,0.000215332
-3.935856e-08,0.000219872
-3.925856e-08,0.000225061
-3.915856e-08,0.000229601
-3.905856e-08,0.000232844
-3.895856e-08,0.000234141
-3.885856e-08,0.000233493
-3.875856e-08,0.00023025
-3.865856e-08,0.000225709
-3.855856e-08,0.000219223
-3.845856e-08,0.000213386
-3.835856e-08,0.000206899
-3.825856e-08,0.000201062
-3.815856e-08,0.000195224
-3.805856e-08,0.000188738
-3.795856e-08,0.000180955
-3.785856e-08,0.000170577
-3.775856e-08,0.000156956
-3.765856e-08,0.000141389
-3.755856e-08,0.000123876
-3.745856e-08,0.000105715
-3.735856e-08,8.75533e-05
-3.725856e-08,7.13378e-05
-3.715856e-08,5.83654e-05
-3.705856e-08,5.0582e-05
-3.695856e-08,4.86361e-05
-3.685856e-08,5.25279e-05
-3.675856e-08,6.09599e-05
-3.665856e-08,7.32837e-05
-3.655856e-08,8.8202e-05
-3.645856e-08,0.000105715
-3.635856e-08,0.000123227
-3.625856e-08,0.00014074
-3.615856e-08,0.000156956
-3.605856e-08,0.000172523
-3.595856e-08,0.000186144
-3.585856e-08,0.000199116
-3.575856e-08,0.000210791
-3.565856e-08,0.00022052
-3.555856e-08,0.000228953
-3.545856e-08,0.000233493
-3.535856e-08,0.00023479
-3.525856e-08,0.000230898
-3.515856e-08,0.000223115
-3.505856e-08,0.00021144
-3.495856e-08,0.000195873
-3.485856e-08,0.000179657
-3.475856e-08,0.000162793
-3.465856e-08,0.000147226
-3.455856e-08,0.0001362
-3.445856e-08,0.000129714
-3.435856e-08,0.000129714
-3.425856e-08,0.000134254
-3.415856e-08,0.000143983
-3.405856e-08,0.000155658
-3.395856e-08,0.000168631
-3.385856e-08,0.000179657
-3.375856e-08,0.000188089
-3.365856e-08,0.000191981
-3.355856e-08,0.00019263
-3.345856e-08,0.000188738
-3.335856e-08,0.000182901
-3.325856e-08,0.000177063
-3.315856e-08,0.000173171
-3.305856e-08,0.000171874
-3.295856e-08,0.000175117
-3.285856e-08,0.000182252
-3.275856e-08,0.000193927
-3.265856e-08,0.000208197
-3.255856e-08,0.000223764
-3.245856e-08,0.00023933
-3.235856e-08,0.0002536
-3.225856e-08,0.000265275
-3.215856e-08,0.00027241
-3.205856e-08,0.000275005
-3.195856e-08,0.000273059
-3.185856e-08,0.000264627
-3.175856e-08,0.000250357
-3.165856e-08,0.000229601
-3.155856e-08,0.000203656
-3.145856e-08,0.000171225
-3.135856e-08,0.000133605
-3.125856e-08,9.20937e-05
-3.115856e-08,4.79875e-05
-3.105856e-08,3.23272e-06
-3.095856e-08,-3.95762e-05
-3.085856e-08,-7.78448e-05
-3.075856e-08,-0.000107681
-3.065856e-08,-0.000128437
-3.055856e-08,-0.000138166
-3.045856e-08,-0.000136869
-3.035856e-08,-0.000123897
-3.025856e-08,-0.000102492
-3.015856e-08,-7.39531e-05
-3.005856e-08,-4.08734e-05
-2.995856e-08,-7.79382e-06
-2.985856e-08,2.39886e-05
-2.975856e-08,5.18792e-05
-2.965856e-08,7.65268e-05
-2.955856e-08,9.72826e-05
-2.945856e-08,0.000114147
-2.935856e-08,0.000129065
-2.925856e-08,0.000143335
-2.915856e-08,0.000158902
-2.905856e-08,0.000175117
-2.895856e-08,0.00019263
-2.885856e-08,0.000210791
-2.875856e-08,0.000227007
-2.865856e-08,0.00023933
-2.855856e-08,0.000245817
-2.845856e-08,0.000246465
-2.835856e-08,0.000239979
-2.825856e-08,0.000226358
-2.815856e-08,0.000208197
-2.805856e-08,0.000186792
-2.795856e-08,0.000164739
-2.785856e-08,0.000145281
-2.775856e-08,0.000130362
-2.765856e-08,0.000119984
-2.755856e-08,0.000114147
-2.745856e-08,0.000112201
-2.735856e-08,0.000112201
-2.725856e-08,0.000114795
-2.715856e-08,0.000116741
-2.705856e-08,0.000118687
-2.695856e-08,0.000119984
-2.685856e-08,0.000121282
-2.675856e-08,0.000123227
-2.665856e-08,0.000125822
-2.655856e-08,0.00013166
-2.645856e-08,0.000141389
-2.635856e-08,0.000153713
-2.625856e-08,0.000169279
-2.615856e-08,0.000185495
-2.605856e-08,0.000201062
-2.595856e-08,0.000215332
-2.585856e-08,0.000225709
-2.575856e-08,0.000232196
-2.565856e-08,0.000234141
-2.555856e-08,0.000234141
-2.545856e-08,0.000232196
-2.535856e-08,0.00023025
-2.525856e-08,0.000229601
-2.515856e-08,0.000231547
-2.505856e-08,0.000235439
-2.495856e-08,0.000241925
-2.485856e-08,0.000250357
-2.475856e-08,0.000259438
-2.465856e-08,0.000267221
-2.455856e-08,0.00027241
-2.445856e-08,0.000275653
-2.435856e-08,0.00027695
-2.425856e-08,0.00027695
-2.415856e-08,0.000277599
-2.405856e-08,0.000280194
-2.395856e-08,0.000287328
-2.385856e-08,0.000297706
-2.375856e-08,0.000311327
-2.365856e-08,0.000326246
-2.355856e-08,0.000340515
-2.345856e-08,0.000350245
-2.335856e-08,0.000353488
-2.325856e-08,0.000348947
-2.315856e-08,0.000334678
-2.305856e-08,0.000311327
-2.295856e-08,0.000280194
-2.285856e-08,0.000245168
-2.275856e-08,0.000208845
-2.265856e-08,0.000175117
-2.255856e-08,0.000147226
-2.245856e-08,0.000128416
-2.235856e-08,0.000119336
-2.225856e-08,0.000118038
-2.215856e-08,0.000124525
-2.205856e-08,0.000135551
-2.195856e-08,0.000149172
-2.185856e-08,0.000161496
-2.175856e-08,0.000171225
-2.165856e-08,0.000176414
-2.155856e-08,0.000177063
-2.145856e-08,0.000173171
-2.135856e-08,0.000166685
-2.125856e-08,0.000160199
-2.115856e-08,0.000154361
-2.105856e-08,0.000150469
-2.095856e-08,0.000147875
-2.085856e-08,0.000147875
-2.075856e-08,0.000147875
-2.065856e-08,0.000147226
-2.055856e-08,0.000143983
-2.045856e-08,0.000137497
-2.035856e-08,0.000128416
-2.025856e-08,0.000116741
-2.015856e-08,0.000104417
-2.005856e-08,9.20937e-05
-1.995856e-08,8.23644e-05
-1.985856e-08,7.71754e-05
-1.975856e-08,7.65268e-05
-1.965856e-08,8.04185e-05
-1.955856e-08,8.88506e-05
-1.945856e-08,9.92285e-05
-1.935856e-08,0.000110255
-1.925856e-08,0.000118687
-1.915856e-08,0.000123227
-1.905856e-08,0.000123876
-1.895856e-08,0.000119336
-1.885856e-08,0.000112201
-1.875856e-08,0.000103769
-1.865856e-08,9.79313e-05
-1.855856e-08,9.53368e-05
-1.845856e-08,9.79313e-05
-1.835856e-08,0.000107012
-1.825856e-08,0.00012193
-1.815856e-08,0.00014074
-1.805856e-08,0.000162145
-1.795856e-08,0.000182252
-1.785856e-08,0.000197819
-1.775856e-08,0.000205602
-1.765856e-08,0.000203656
-1.755856e-08,0.00019263
-1.745856e-08,0.000172523
-1.735856e-08,0.000145281
-1.725856e-08,0.000114795
-1.715856e-08,8.36616e-05
-1.705856e-08,5.51223e-05
-1.695856e-08,3.11234e-05
-1.685856e-08,1.36106e-05
-1.675856e-08,2.5841e-06
-1.665856e-08,-1.30762e-06
-1.655856e-08,-6.58998e-07
-1.645856e-08,4.52996e-06
-1.635856e-08,1.23134e-05
-1.625856e-08,2.13941e-05
-1.615856e-08,3.1772e-05
-1.605856e-08,4.34472e-05
-1.595856e-08,5.64196e-05
-1.585856e-08,7.13378e-05
-1.575856e-08,8.75533e-05
-1.565856e-08,0.000105066
-1.555856e-08,0.000122579
-1.545856e-08,0.000138794
-1.535856e-08,0.000151118
-1.525856e-08,0.000158902
-1.515856e-08,0.00015955
-1.505856e-08,0.000153713
-1.495856e-08,0.000141389
-1.485856e-08,0.000125173
-1.475856e-08,0.000106363
-1.465856e-08,8.88506e-05
-1.455856e-08,7.45809e-05
-1.445856e-08,6.61489e-05
-1.435856e-08,6.4203e-05
-1.425856e-08,6.87434e-05
-1.415856e-08,7.97699e-05
-1.405856e-08,9.59854e-05
-1.395856e-08,0.000114147
-1.385856e-08,0.00013166
-1.375856e-08,0.000145929
-1.365856e-08,0.000155658
-1.355856e-08,0.000160847
-1.345856e-08,0.000161496
-1.335856e-08,0.000158902
-1.325856e-08,0.000154361
-1.315856e-08,0.000149821
-1.305856e-08,0.000146578
-1.295856e-08,0.000144632
-1.285856e-08,0.000143983
-1.275856e-08,0.000143335
-1.265856e-08,0.000140092
-1.255856e-08,0.000133605
-1.245856e-08,0.000121282
-1.235856e-08,0.000103769
-1.225856e-08,7.97699e-05
-1.215856e-08,5.12306e-05
-1.205856e-08,2.07455e-05
-1.195856e-08,-7.79382e-06
-1.185856e-08,-3.309e-05
-1.175856e-08,-5.19e-05
-1.165856e-08,-6.22779e-05
-1.155856e-08,-6.35752e-05
-1.145856e-08,-5.83862e-05
-1.135856e-08,-4.73596e-05
-1.125856e-08,-3.309e-05
-1.115856e-08,-1.81717e-05
-1.105856e-08,-3.9021e-06
-1.095856e-08,8.42168e-06
-1.085856e-08,1.68537e-05
-1.075856e-08,2.33399e-05
-1.065856e-08,2.85289e-05
-1.055856e-08,3.43665e-05
-1.045856e-08,4.15013e-05
-1.035856e-08,5.0582e-05
-1.025856e-08,6.29058e-05
-1.015856e-08,7.7824e-05
-1.005856e-08,9.46882e-05
-9.958564e-09,0.000111552
-9.858564e-09,0.000127768
-9.758564e-09,0.000142037
-9.658564e-09,0.000154361
-9.558564e-09,0.000165388
-9.458564e-09,0.000175766
-9.358564e-09,0.000184846
-9.258564e-09,0.000195224
-9.158564e-09,0.000206251
-9.058564e-09,0.000217926
-8.958564e-09,0.000229601
-8.858564e-09,0.000239979
-8.758564e-09,0.000247114
-8.658564e-09,0.000249708
-8.558564e-09,0.000245168
-8.458564e-09,0.000233493
-8.358564e-09,0.000214683
-8.258564e-09,0.000190684
-8.158564e-09,0.000164091
-8.058564e-09,0.000136848
-7.958564e-09,0.000113498
-7.858564e-09,9.53368e-05
-7.758564e-09,8.49589e-05
-7.658564e-09,8.23644e-05
-7.558564e-09,8.69047e-05
-7.458564e-09,9.59854e-05
-7.358564e-09,0.000108309
-7.258564e-09,0.000119336
-7.158564e-09,0.000128416
-7.058564e-09,0.000132308
-6.958564e-09,0.000129714
-6.858564e-09,0.00012193
-6.758564e-09,0.000109606
-6.658564e-09,9.59854e-05
-6.558564e-09,8.3013e-05
-6.458564e-09,7.13378e-05
-6.358564e-09,6.22572e-05
-6.258564e-09,5.64196e-05
-6.158564e-09,5.38251e-05
-6.058564e-09,5.31765e-05
-5.958564e-09,5.38251e-05
-5.858564e-09,5.51223e-05
-5.758564e-09,5.5771e-05
-5.658564e-09,5.64196e-05
-5.558564e-09,5.70682e-05
-5.458564e-09,5.96627e-05
-5.358564e-09,6.48516e-05
-5.258564e-09,7.45809e-05
-5.158564e-09,9.07964e-05
-5.058564e-09,0.000111552
-4.958564e-09,0.000135551
-4.858564e-09,0.000162145
-4.758564e-09,0.000187441
-4.658564e-09,0.000207548
-4.558564e-09,0.00022052
-4.458564e-09,0.000224412
-4.358564e-09,0.000217926
-4.258564e-09,0.00020171
-4.158564e-09,0.000177712
-4.058564e-09,0.000148524
-3.958564e-09,0.000118687
-3.858564e-09,9.01478e-05
-3.758564e-09,6.80947e-05
-3.658564e-09,5.31765e-05
-3.558564e-09,4.60417e-05
-3.458564e-09,4.5393e-05
-3.358564e-09,4.99334e-05
-3.258564e-09,5.64196e-05
-3.158564e-09,6.16085e-05
-3.058564e-09,6.35544e-05
-2.958564e-09,5.90141e-05
-2.858564e-09,4.86361e-05
-2.758564e-09,3.24206e-05
-2.658564e-09,1.23134e-05
-2.558564e-09,-1.10369e-05
-2.458564e-09,-3.50359e-05
-2.358564e-09,-5.96834e-05
-2.258564e-09,-8.36824e-05
-2.158564e-09,-0.000107681
-2.058564e-09,-0.000132978
-1.958564e-09,-0.000161517
-1.858564e-09,-0.000195894
-1.758564e-09,-0.000236757
-1.658564e-09,-0.000286052
-1.558564e-09,-0.00034313
-1.458564e-09,-0.000407344
-1.358564e-09,-0.000477395
-1.258564e-09,-0.000551338
-1.158564e-09,-0.000627875
-1.058564e-09,-0.000705709
-9.585639e-10,-0.000785489
-8.585639e-10,-0.000867216
-7.585639e-10,-0.000954779
-6.585639e-10,-0.00105013
-5.585639e-10,-0.00115845
-4.585639e-10,-0.00128168
-3.585639e-10,-0.00142308
-2.585639e-10,-0.00158329
-1.585639e-10,-0.00176101
-5.856394e-11,-0.0019556
4.143606e-11,-0.00216446
1.414361e-10,-0.00238304
2.414361e-10,-0.00260811
3.414361e-10,-0.00283513
4.414361e-10,-0.00306279
5.414361e-10,-0.00328851
6.414361e-10,-0.00351164
7.414361e-10,-0.00373217
8.414361e-10,-0.00395076
9.414361e-10,-0.00416804
1.041436e-09,-0.00438468
1.141436e-09,-0.00460002
1.241436e-09,-0.00481342
1.341436e-09,-0.00502422
1.441436e-09,-0.00523113
1.541436e-09,-0.00543156
1.641436e-09,-0.00562484
1.741436e-09,-0.0058097
1.841436e-09,-0.00598548
1.941436e-09,-0.00615412
2.041436e-09,-0.00631433
2.141436e-09,-0.0064674
2.241436e-09,-0.00661204
2.341436e-09,-0.0067502
2.441436e-09,-0.00687863
2.541436e-09,-0.00699732
2.641436e-09,-0.00710305
2.741436e-09,-0.00719386
2.841436e-09,-0.0072691
2.941436e-09,-0.00732682
3.041436e-09,-0.00736769
3.141436e-09,-0.00739298
3.241436e-09,-0.00740531
3.341436e-09,-0.00740596
3.441436e-09,-0.00739882
3.541436e-09,-0.0073852
3.641436e-09,-0.00736639
3.741436e-09,-0.00734434
3.841436e-09,-0.00731774
3.941436e-09,-0.00728531
4.041436e-09,-0.0072451
4.141436e-09,-0.0071958
4.241436e-09,-0.00713613
4.341436e-09,-0.00706543
4.441436e-09,-0.006985
4.541436e-09,-0.00689614
4.641436e-09,-0.00680274
4.741436e-09,-0.00670739
4.841436e-09,-0.00661399
4.941436e-09,-0.00652513
5.041436e-09,-0.00644146
5.141436e-09,-0.00636427
5.241436e-09,-0.00629163
5.341436e-09,-0.00622222
5.441436e-09,-0.00615282
5.541436e-09,-0.00608082
5.641436e-09,-0.00600299
5.741436e-09,-0.00591802
5.841436e-09,-0.00582657
5.941436e-09,-0.00572797
6.041436e-09,-0.00562549
6.141436e-09,-0.00552171
6.241436e-09,-0.00541858
6.341436e-09,-0.0053187
6.441436e-09,-0.00522335
6.541436e-09,-0.00513189
6.641436e-09,-0.00504498
6.741436e-09,-0.00496131
6.841436e-09,-0.00487828
6.941436e-09,-0.00479461
7.041436e-09,-0.00470899
7.141436e-09,-0.00462013
7.241436e-09,-0.00452803
7.341436e-09,-0.00443398
7.441436e-09,-0.00433993
7.541436e-09,-0.00424653
7.641436e-09,-0.00415507
7.741436e-09,-0.00406751
7.841436e-09,-0.00398384
7.941436e-09,-0.0039047
8.041436e-09,-0.00382817
8.141436e-09,-0.00375358
8.241436e-09,-0.00367898
8.341436e-09,-0.00360374
8.441436e-09,-0.00352721
8.541436e-09,-0.00344872
8.641436e-09,-0.00336829
8.741436e-09,-0.00328657
8.841436e-09,-0.00320549
8.941436e-09,-0.00312441
9.041436e-09,-0.00304398
9.141436e-09,-0.00296615
9.241436e-09,-0.00288896
9.341436e-09,-0.00281437
9.441436e-09,-0.00273978
9.541436e-09,-0.00266519
9.641436e-09,-0.0025906
9.741436e-09,-0.00251666
9.841436e-09,-0.00244401
9.941436e-09,-0.00237461
1.004144e-08,-0.00230975
1.014144e-08,-0.00224943
1.024144e-08,-0.00219559
1.034144e-08,-0.00214759
1.044144e-08,-0.00210608
1.054144e-08,-0.00206976
1.064144e-08,-0.00203603
1.074144e-08,-0.00200425
1.084144e-08,-0.00197311
1.094144e-08,-0.00194068
1.104144e-08,-0.00190695
1.114144e-08,-0.00187193
1.124144e-08,-0.00183885
1.134144e-08,-0.00180771
1.144144e-08,-0.00178112
1.154144e-08,-0.00175907
1.164144e-08,-0.0017435
1.174144e-08,-0.00173507
1.184144e-08,-0.00173247
1.194144e-08,-0.00173377
1.204144e-08,-0.00173831
1.214144e-08,-0.0017435
1.224144e-08,-0.00174739
1.234144e-08,-0.00174934
1.244144e-08,-0.00174934
1.254144e-08,-0.00174739
1.264144e-08,-0.00174285
1.274144e-08,-0.00173831
1.284144e-08,-0.00173377
1.294144e-08,-0.00173053
1.304144e-08,-0.00172858
1.314144e-08,-0.00172729
1.324144e-08,-0.00172534
1.334144e-08,-0.0017221
1.344144e-08,-0.00171561
1.354144e-08,-0.00170653
1.364144e-08,-0.00169485
1.374144e-08,-0.00168059
1.384144e-08,-0.00166502
1.394144e-08,-0.00164945
1.404144e-08,-0.00163518
1.414144e-08,-0.0016248
1.424144e-08,-0.00161832
1.434144e-08,-0.00161572
1.444144e-08,-0.00161637
1.454144e-08,-0.00161832
1.464144e-08,-0.00162026
1.474144e-08,-0.00161961
1.484144e-08,-0.00161507
1.494144e-08,-0.00160535
1.504144e-08,-0.00159108
1.514144e-08,-0.00157227
1.524144e-08,-0.00155086
1.534144e-08,-0.00152816
1.544144e-08,-0.00150611
1.554144e-08,-0.0014873
1.564144e-08,-0.00147303
1.574144e-08,-0.00146265
1.584144e-08,-0.00145681
1.594144e-08,-0.00145422
1.604144e-08,-0.00145487
1.614144e-08,-0.00145551
1.624144e-08,-0.00145487
1.634144e-08,-0.00145357
1.644144e-08,-0.00145033
1.654144e-08,-0.00144773
1.664144e-08,-0.00144578
1.674144e-08,-0.00144708
1.684144e-08,-0.00145357
1.694144e-08,-0.00146589
1.704144e-08,-0.0014847
1.714144e-08,-0.00150935
1.724144e-08,-0.00153789
1.734144e-08,-0.00156902
1.744144e-08,-0.00159886
1.754144e-08,-0.0016261
1.764144e-08,-0.00164815
1.774144e-08,-0.00166307
1.784144e-08,-0.0016715
1.794144e-08,-0.0016728
1.804144e-08,-0.00166761
1.814144e-08,-0.00165788
1.824144e-08,-0.00164426
1.834144e-08,-0.0016287
1.844144e-08,-0.00161118
1.854144e-08,-0.00159237
1.864144e-08,-0.00157097
1.874144e-08,-0.00154632
1.884144e-08,-0.00151843
1.894144e-08,-0.00148665
1.904144e-08,-0.00145097
1.914144e-08,-0.00141206
1.924144e-08,-0.00137119
1.934144e-08,-0.00133098
1.944144e-08,-0.00129206
1.954144e-08,-0.00125639
1.964144e-08,-0.0012259
1.974144e-08,-0.00120061
1.984144e-08,-0.0011805
1.994144e-08,-0.00116363
2.004144e-08,-0.00114937
2.014144e-08,-0.00113639
2.024144e-08,-0.00112277
2.034144e-08,-0.0011085
2.044144e-08,-0.00109294
2.054144e-08,-0.00107802
2.064144e-08,-0.00106504
2.074144e-08,-0.00105402
2.084144e-08,-0.00104753
2.094144e-08,-0.00104494
2.104144e-08,-0.00104688
2.114144e-08,-0.00105207
2.124144e-08,-0.00105856
2.134144e-08,-0.00106375
2.144144e-08,-0.00106504
2.154144e-08,-0.00106115
2.164144e-08,-0.00105013
2.174144e-08,-0.00103132
2.184144e-08,-0.00100667
2.194144e-08,-0.000976184
2.204144e-08,-0.000942455
2.214144e-08,-0.000909376
2.224144e-08,-0.000878891
2.234144e-08,-0.000852946
2.244144e-08,-0.00083219
2.254144e-08,-0.00081792
2.264144e-08,-0.000809488
2.274144e-08,-0.000805597
2.284144e-08,-0.000805597
2.294144e-08,-0.000808191
2.304144e-08,-0.00081338
2.314144e-08,-0.000820515
2.324144e-08,-0.000829596
2.334144e-08,-0.000840622
2.344144e-08,-0.000854892
2.354144e-08,-0.000871107
2.364144e-08,-0.000889269
2.374144e-08,-0.000908727
2.384144e-08,-0.000925591
2.394144e-08,-0.000939212
2.404144e-08,-0.000946347
2.414144e-08,-0.000946347
2.424144e-08,-0.000937915
2.434144e-08,-0.000920402
2.444144e-08,-0.000895106
2.454144e-08,-0.00086527
2.464144e-08,-0.000832839
2.474144e-08,-0.000802354
2.484144e-08,-0.000775111
2.494144e-08,-0.000754356
2.504144e-08,-0.000740735
2.514144e-08,-0.000734897
2.524144e-08,-0.000734897
2.534144e-08,-0.000740735
2.544144e-08,-0.000749815
2.554144e-08,-0.000758247
2.564144e-08,-0.000764734
2.574144e-08,-0.000767977
2.584144e-08,-0.000765382
2.594144e-08,-0.000757599
2.604144e-08,-0.000745924
2.614144e-08,-0.000731005
2.624144e-08,-0.000714141
2.634144e-08,-0.00069598
2.644144e-08,-0.000677818
2.654144e-08,-0.000661603
2.664144e-08,-0.000646685
2.674144e-08,-0.000634361
2.684144e-08,-0.000623983
2.694144e-08,-0.000617497
2.704144e-08,-0.000614902
2.714144e-08,-0.0006162
2.724144e-08,-0.000622686
2.734144e-08,-0.000633712
2.744144e-08,-0.000648631
2.754144e-08,-0.000665495
2.764144e-08,-0.000682359
2.774144e-08,-0.000697926
2.784144e-08,-0.000708304
2.794144e-08,-0.000712844
2.804144e-08,-0.000708304
2.814144e-08,-0.000695331
2.824144e-08,-0.000673927
2.834144e-08,-0.000645387
2.844144e-08,-0.000612956
2.854144e-08,-0.000579877
2.864144e-08,-0.000549392
2.874144e-08,-0.000524095
2.884144e-08,-0.000506583
2.894144e-08,-0.000498151
2.904144e-08,-0.000500097
2.914144e-08,-0.000510474
2.924144e-08,-0.00052669
2.934144e-08,-0.000547446
2.944144e-08,-0.000568202
2.954144e-08,-0.000587012
2.964144e-08,-0.000599984
2.974144e-08,-0.000607119
2.984144e-08,-0.000607119
2.994144e-08,-0.000599335
3.004144e-08,-0.000583769
3.014144e-08,-0.000561715
3.024144e-08,-0.000534473
3.034144e-08,-0.00050334
3.044144e-08,-0.000469611
3.054144e-08,-0.000434586
3.064144e-08,-0.000398912
3.074144e-08,-0.000364535
3.084144e-08,-0.000332753
3.094144e-08,-0.000304862
3.104144e-08,-0.000282809
3.114144e-08,-0.000266593
3.124144e-08,-0.000258161
3.134144e-08,-0.000258161
3.144144e-08,-0.000266593
3.154144e-08,-0.000282809
3.164144e-08,-0.00030551
3.174144e-08,-0.000333401
3.184144e-08,-0.000363238
3.194144e-08,-0.000391777
3.204144e-08,-0.000415776
3.214144e-08,-0.000433937
3.224144e-08,-0.000443667
3.234144e-08,-0.000443667
3.244144e-08,-0.000434586
3.254144e-08,-0.000417722
3.264144e-08,-0.000393074
3.274144e-08,-0.000363886
3.284144e-08,-0.000332104
3.294144e-08,-0.00030097
3.304144e-08,-0.000272431
3.314144e-08,-0.000247783
3.324144e-08,-0.000228973
3.334144e-08,-0.000216001
3.344144e-08,-0.000208866
3.354144e-08,-0.000206272
3.364144e-08,-0.000208217
3.374144e-08,-0.000213406
3.384144e-08,-0.000221838
3.394144e-08,-0.000232216
3.404144e-08,-0.00024454
3.414144e-08,-0.000260107
3.424144e-08,-0.000278268
3.434144e-08,-0.000298376
3.444144e-08,-0.000321077
3.454144e-08,-0.000345725
3.464144e-08,-0.000372967
3.474144e-08,-0.000401506
3.484144e-08,-0.000430694
3.494144e-08,-0.000459882
3.504144e-08,-0.000487773
3.514144e-08,-0.00051242
3.524144e-08,-0.000534473
3.534144e-08,-0.000552635
3.544144e-08,-0.000566256
3.554144e-08,-0.000574688
3.564144e-08,-0.000577282
3.574144e-08,-0.000575336
3.584144e-08,-0.000567553
3.594144e-08,-0.000555229
3.604144e-08,-0.000538365
3.614144e-08,-0.000518906
3.624144e-08,-0.000498799
3.634144e-08,-0.000478043
3.644144e-08,-0.000459882
3.654144e-08,-0.000444964
3.664144e-08,-0.000435234
3.674144e-08,-0.000430694
3.684144e-08,-0.000433289
3.694144e-08,-0.000440423
3.704144e-08,-0.000452099
3.714144e-08,-0.000466368
3.724144e-08,-0.000481935
3.734144e-08,-0.000498151
3.744144e-08,-0.000511772
3.754144e-08,-0.00052215
3.764144e-08,-0.000529284
3.774144e-08,-0.000533825
3.784144e-08,-0.000533825
3.794144e-08,-0.000530582
3.804144e-08,-0.000524095
3.814144e-08,-0.000515663
3.824144e-08,-0.000505934
3.834144e-08,-0.00049361
3.844144e-08,-0.000478692
3.854144e-08,-0.000460531
3.864144e-08,-0.000438478
3.874144e-08,-0.000413181
3.884144e-08,-0.000383345
3.894144e-08,-0.000350265
3.904144e-08,-0.000315888
3.914144e-08,-0.000280863
3.924144e-08,-0.000247135
3.934144e-08,-0.000217298
3.944144e-08,-0.000191353
3.954144e-08,-0.000169949
3.964144e-08,-0.000154382
3.974144e-08,-0.000144004
3.984144e-08,-0.000137518
3.994144e-08,-0.000133626
4.004144e-08,-0.000130383
4.014144e-08,-0.00012714
4.024144e-08,-0.000123248
4.034144e-08,-0.000117411
4.044144e-08,-0.000110276
4.054144e-08,-0.000103141
4.064144e-08,-9.60062e-05
4.074144e-08,-9.14658e-05
4.084144e-08,-9.01686e-05
4.094144e-08,-9.21144e-05
4.104144e-08,-9.7952e-05
4.114144e-08,-0.000106384
4.124144e-08,-0.000118059
4.134144e-08,-0.000130383
4.144144e-08,-0.00014141
4.154144e-08,-0.00015049
4.164144e-08,-0.000156328
4.174144e-08,-0.000158922
4.184144e-08,-0.000157625
4.194144e-08,-0.000153733
4.204144e-08,-0.000149193
4.214144e-08,-0.000145301
4.224144e-08,-0.000142707
4.234144e-08,-0.000142707
4.244144e-08,-0.00014595
4.254144e-08,-0.000151787
4.264144e-08,-0.000159571
4.274144e-08,-0.0001693
4.284144e-08,-0.00017903
4.294144e-08,-0.000188759
4.304144e-08,-0.000197191
4.314144e-08,-0.000204326
4.324144e-08,-0.000211461
4.334144e-08,-0.000218595
4.344144e-08,-0.000228325
4.354144e-08,-0.000239351
4.364144e-08,-0.000253621
4.374144e-08,-0.000270485
4.384144e-08,-0.000289295
4.394144e-08,-0.000308754
4.404144e-08,-0.000326915
4.414144e-08,-0.00034313
4.424144e-08,-0.000355454
4.434144e-08,-0.00036194
4.444144e-08,-0.000362589
4.454144e-08,-0.0003574
4.464144e-08,-0.000347022
4.474144e-08,-0.000333401
4.484144e-08,-0.000317834
4.494144e-08,-0.000302267
4.504144e-08,-0.000289295
4.514144e-08,-0.000279566
4.524144e-08,-0.000273728
4.534144e-08,-0.000273079
4.544144e-08,-0.000276971
4.554144e-08,-0.000284106
4.564144e-08,-0.000294484
4.574144e-08,-0.000304862
4.584144e-08,-0.000315888
4.594144e-08,-0.000324969
4.604144e-08,-0.000330807
4.614144e-08,-0.000333401
4.624144e-08,-0.000332104
4.634144e-08,-0.000326915
4.644144e-08,-0.000318483
4.654144e-08,-0.000306808
4.664144e-08,-0.000292538
4.674144e-08,-0.00027762
4.684144e-08,-0.000262702
4.694144e-08,-0.000248432
4.704144e-08,-0.000236108
4.714144e-08,-0.000225082
4.724144e-08,-0.000216001
4.734144e-08,-0.000208866
4.744144e-08,-0.000203677
4.754144e-08,-0.000199137
4.764144e-08,-0.000195894
4.774144e-08,-0.000194596
4.784144e-08,-0.000193948
4.794144e-08,-0.000194596
4.804144e-08,-0.000195894
4.814144e-08,-0.000198488
4.824144e-08,-0.000201731
4.834144e-08,-0.000204326
4.844144e-08,-0.00020692
4.854144e-08,-0.000208217
4.864144e-08,-0.00020692
4.874144e-08,-0.000203677
4.884144e-08,-0.00019784
4.894144e-08,-0.00018811
4.904144e-08,-0.000175786
4.914144e-08,-0.00016022
4.924144e-08,-0.000144004
4.934144e-08,-0.000128437
4.944144e-08,-0.000114168
4.954144e-08,-0.000102492
4.964144e-08,-9.47089e-05
4.974144e-08,-9.14658e-05
4.984144e-08,-9.14658e-05
4.994144e-08,-9.53575e-05
5.004144e-08,-0.000102492
5.014144e-08,-0.000110276
5.024144e-08,-0.000117411
5.034144e-08,-0.000121951
5.044144e-08,-0.000123248
5.054144e-08,-0.000120005
5.064144e-08,-0.000112222
5.074144e-08,-9.92493e-05
5.084144e-08,-8.30338e-05
5.094144e-08,-6.42238e-05
5.104144e-08,-4.41165e-05
5.114144e-08,-2.33607e-05
5.124144e-08,-4.55072e-06
5.134144e-08,1.10162e-05
5.144144e-08,2.33399e-05
5.154144e-08,3.24206e-05
5.164144e-08,3.76096e-05
5.174144e-08,4.02041e-05
5.184144e-08,4.08527e-05
5.194144e-08,4.02041e-05
5.204144e-08,3.82582e-05
5.214144e-08,3.50151e-05
5.224144e-08,3.24206e-05
5.234144e-08,2.85289e-05
5.244144e-08,2.46372e-05
5.254144e-08,1.94482e-05
5.264144e-08,1.2962e-05
5.274144e-08,6.47582e-06
5.284144e-08,-6.58998e-07
5.294144e-08,-7.1452e-06
5.304144e-08,-1.29828e-05
5.314144e-08,-1.68745e-05
5.324144e-08,-1.9469e-05
5.334144e-08,-2.01176e-05
5.344144e-08,-2.07662e-05
5.354144e-08,-2.14148e-05
5.364144e-08,-2.27121e-05
5.374144e-08,-2.66038e-05
5.384144e-08,-3.50359e-05
5.394144e-08,-4.73596e-05
5.404144e-08,-6.35752e-05
5.414144e-08,-8.4331e-05
5.424144e-08,-0.000107033
5.434144e-08,-0.000131032
5.444144e-08,-0.000154382
5.454144e-08,-0.000175138
5.464144e-08,-0.000191353
5.474144e-08,-0.00020238
5.484144e-08,-0.000207569
5.494144e-08,-0.00020692
5.504144e-08,-0.000201731
5.514144e-08,-0.000192002
5.524144e-08,-0.000180975
5.534144e-08,-0.000168652
5.544144e-08,-0.000158274
5.554144e-08,-0.000149842
5.564144e-08,-0.000144004
5.574144e-08,-0.00014141
5.584144e-08,-0.00014141
5.594144e-08,-0.000144004
5.604144e-08,-0.000147896
5.614144e-08,-0.000153733
5.624144e-08,-0.000161517
5.634144e-08,-0.000169949
5.644144e-08,-0.00017903
5.654144e-08,-0.00018811
5.664144e-08,-0.000197191
5.674144e-08,-0.000204974
5.684144e-08,-0.000210812
5.694144e-08,-0.000214055
5.704144e-08,-0.000213406
5.714144e-08,-0.000208217
5.724144e-08,-0.00019784
5.734144e-08,-0.00018357
5.744144e-08,-0.000166057
5.754144e-08,-0.000146599
5.764144e-08,-0.000126491
5.774144e-08,-0.000107033
5.784144e-08,-9.01686e-05
5.794144e-08,-7.65476e-05
5.804144e-08,-6.81155e-05
5.814144e-08,-6.48724e-05
5.824144e-08,-6.61696e-05
5.834144e-08,-7.071e-05
5.844144e-08,-7.84934e-05
5.854144e-08,-8.62769e-05
5.864144e-08,-9.47089e-05
5.874144e-08,-0.000100547
5.884144e-08,-0.00010379
5.894144e-08,-0.000103141
5.904144e-08,-9.92493e-05
5.914144e-08,-9.14658e-05
5.924144e-08,-8.04393e-05
5.934144e-08,-6.81155e-05
5.944144e-08,-5.38459e-05
5.954144e-08,-3.76303e-05
5.964144e-08,-2.01176e-05
5.974144e-08,-2.60486e-06
5.984144e-08,1.62051e-05
5.994144e-08,3.37179e-05
6.004144e-08,5.0582e-05
6.014144e-08,6.55003e-05
6.024144e-08,7.71754e-05
6.034144e-08,8.56075e-05
6.044144e-08,9.07964e-05
6.054144e-08,9.01478e-05
6.064144e-08,8.49589e-05
6.074144e-08,7.58782e-05
6.084144e-08,6.48516e-05
6.094144e-08,5.25279e-05
6.104144e-08,4.21499e-05
6.114144e-08,3.43665e-05
6.124144e-08,3.11234e-05
6.134144e-08,3.1772e-05
6.144144e-08,3.82582e-05
6.154144e-08,4.86361e-05
6.164144e-08,6.16085e-05
6.174144e-08,7.52296e-05
6.184144e-08,8.88506e-05
6.194144e-08,9.98771e-05
6.204144e-08,0.000107012
6.214144e-08,0.000109606
6.224144e-08,0.000107661
6.234144e-08,0.000101174
6.244144e-08,9.14451e-05
6.254144e-08,7.84727e-05
6.264144e-08,6.35544e-05
6.274144e-08,4.79875e-05
6.284144e-08,3.30692e-05
6.294144e-08,1.8151e-05
6.304144e-08,3.88134e-06
6.314144e-08,-9.09106e-06
6.324144e-08,-2.07662e-05
6.334144e-08,-3.11441e-05
6.344144e-08,-3.89276e-05
6.354144e-08,-4.41165e-05
6.364144e-08,-4.54138e-05
6.374144e-08,-4.21707e-05
6.384144e-08,-3.50359e-05
6.394144e-08,-2.27121e-05
6.404144e-08,-5.84796e-06
6.414144e-08,1.36106e-05
6.424144e-08,3.50151e-05
6.434144e-08,5.64196e-05
6.444144e-08,7.52296e-05
6.454144e-08,9.07964e-05
6.464144e-08,0.000101174
6.474144e-08,0.000106363
6.484144e-08,0.000105066
6.494144e-08,9.85799e-05
6.504144e-08,8.69047e-05
6.514144e-08,7.13378e-05
6.524144e-08,5.31765e-05
6.534144e-08,3.37179e-05
6.544144e-08,1.2962e-05
6.554144e-08,-6.49658e-06
6.564144e-08,-2.59552e-05
6.574144e-08,-4.47652e-05
6.584144e-08,-6.16293e-05
6.594144e-08,-7.58989e-05
6.604144e-08,-8.88713e-05
6.614144e-08,-9.86006e-05
6.624144e-08,-0.000104438
6.634144e-08,-0.000105735
6.644144e-08,-0.000101844
6.654144e-08,-9.21144e-05
6.664144e-08,-7.78448e-05
6.674144e-08,-5.96834e-05
6.684144e-08,-3.95762e-05
6.694144e-08,-2.01176e-05
6.704144e-08,-1.30762e-06
6.714144e-08,1.55565e-05
6.724144e-08,2.91775e-05
6.734144e-08,3.95555e-05
6.744144e-08,4.60417e-05
6.754144e-08,5.12306e-05
6.764144e-08,5.5771e-05
6.774144e-08,6.09599e-05
6.784144e-08,6.80947e-05
6.794144e-08,7.7824e-05
6.804144e-08,9.01478e-05
6.814144e-08,0.00010312
6.824144e-08,0.000118038
6.834144e-08,0.000131011
6.844144e-08,0.000142037
6.854144e-08,0.000147226
6.864144e-08,0.000147226
6.874144e-08,0.000142037
6.884144e-08,0.000133605
6.894144e-08,0.000122579
6.904144e-08,0.000111552
6.914144e-08,0.000100526
6.924144e-08,9.14451e-05
6.934144e-08,8.43102e-05
6.944144e-08,7.97699e-05
6.954144e-08,7.65268e-05
6.964144e-08,7.32837e-05
6.974144e-08,6.87434e-05
6.984144e-08,6.09599e-05
6.994144e-08,4.92848e-05
7.004144e-08,3.37179e-05
7.014144e-08,1.42593e-05
7.024144e-08,-6.49658e-06
7.034144e-08,-2.7901e-05
7.044144e-08,-4.6711e-05
7.054144e-08,-6.16293e-05
7.064144e-08,-7.00614e-05
7.074144e-08,-7.20072e-05
7.084144e-08,-6.68183e-05
7.094144e-08,-5.7089e-05
7.104144e-08,-4.34679e-05
7.114144e-08,-2.85497e-05
7.124144e-08,-1.36314e-05
7.134144e-08,-1.30762e-06
7.144144e-08,7.77306e-06
7.154144e-08,1.16648e-05
7.164144e-08,1.16648e-05
7.174144e-08,6.47582e-06
7.184144e-08,-2.60486e-06
7.194144e-08,-1.428e-05
7.204144e-08,-2.7901e-05
7.214144e-08,-4.41165e-05
7.224144e-08,-6.22779e-05
7.234144e-08,-8.23851e-05
7.244144e-08,-0.000105087
7.254144e-08,-0.000129734
7.264144e-08,-0.000156328
7.274144e-08,-0.000182273
7.284144e-08,-0.00020692
7.294144e-08,-0.000227027
7.304144e-08,-0.000242594
7.314144e-08,-0.000251026
7.324144e-08,-0.000252324
7.334144e-08,-0.000245837
7.344144e-08,-0.000232865
7.354144e-08,-0.000214704
7.364144e-08,-0.000194596
7.374144e-08,-0.000173841
7.384144e-08,-0.000155031
7.394144e-08,-0.000138815
7.404144e-08,-0.00012714
7.414144e-08,-0.000119356
7.424144e-08,-0.000114816
7.434144e-08,-0.000112222
7.444144e-08,-0.000107681
7.454144e-08,-0.000100547
7.464144e-08,-8.88713e-05
7.474144e-08,-7.13586e-05
7.484144e-08,-4.86569e-05
7.494144e-08,-2.27121e-05
7.504144e-08,5.8272e-06
7.514144e-08,3.30692e-05
7.524144e-08,5.70682e-05
7.534144e-08,7.45809e-05
7.544144e-08,8.49589e-05
7.554144e-08,8.75533e-05
7.564144e-08,8.23644e-05
7.574144e-08,7.06892e-05
7.584144e-08,5.64196e-05
7.594144e-08,4.08527e-05
7.604144e-08,2.72317e-05
7.614144e-08,1.75024e-05
7.624144e-08,1.2962e-05
7.634144e-08,1.55565e-05
7.644144e-08,2.46372e-05
7.654144e-08,3.95555e-05
7.664144e-08,5.77168e-05
7.674144e-08,7.84727e-05
7.684144e-08,9.92285e-05
7.694144e-08,0.000118687
7.704144e-08,0.000134903
7.714144e-08,0.000147875
7.724144e-08,0.000156956
