LECROYWaveRunner‘N,20113,Waveform
Segments,1,SegmentSize,2002
Segment,TrigTime,TimeSinceSegment1
#1,28-Sep-2018 13:20:55,0                 
Time,Ampl
-1.228072e-07,-6.5521e-05
-1.227072e-07,-7.52503e-05
-1.226072e-07,-8.49796e-05
-1.225072e-07,-9.27631e-05
-1.224072e-07,-0.000100547
-1.223072e-07,-0.000107033
-1.222072e-07,-0.00011287
-1.221072e-07,-0.000117411
-1.220072e-07,-0.0001226
-1.219072e-07,-0.00012714
-1.218072e-07,-0.000131032
-1.217072e-07,-0.000135572
-1.216072e-07,-0.000138166
-1.215072e-07,-0.000140112
-1.214072e-07,-0.000139464
-1.213072e-07,-0.000136869
-1.212072e-07,-0.00013168
-1.211072e-07,-0.000125194
-1.210072e-07,-0.000116113
-1.209072e-07,-0.000106384
-1.208072e-07,-9.60062e-05
-1.207072e-07,-8.49796e-05
-1.206072e-07,-7.46017e-05
-1.205072e-07,-6.42238e-05
-1.204072e-07,-5.51431e-05
-1.203072e-07,-4.6711e-05
-1.202072e-07,-3.95762e-05
-1.201072e-07,-3.309e-05
-1.200072e-07,-2.7901e-05
-1.199072e-07,-2.27121e-05
-1.198072e-07,-1.75231e-05
-1.197072e-07,-1.16855e-05
-1.196072e-07,-5.19934e-06
-1.195072e-07,1.93548e-06
-1.194072e-07,1.10162e-05
-1.193072e-07,2.13941e-05
-1.192072e-07,3.24206e-05
-1.191072e-07,4.47444e-05
-1.190072e-07,5.83654e-05
-1.189072e-07,7.32837e-05
-1.188072e-07,8.75533e-05
-1.187072e-07,0.000101174
-1.186072e-07,0.00011285
-1.185072e-07,0.000121282
-1.184072e-07,0.000125822
-1.183072e-07,0.000127119
-1.182072e-07,0.000124525
-1.181072e-07,0.000119984
-1.180072e-07,0.00011285
-1.179072e-07,0.000105066
-1.178072e-07,9.72826e-05
-1.177072e-07,9.01478e-05
-1.176072e-07,8.49589e-05
-1.175072e-07,7.97699e-05
-1.174072e-07,7.39323e-05
-1.173072e-07,6.67975e-05
-1.172072e-07,5.70682e-05
-1.171072e-07,4.34472e-05
-1.170072e-07,2.52858e-05
-1.169072e-07,2.5841e-06
-1.168072e-07,-2.40093e-05
-1.167072e-07,-5.31972e-05
-1.166072e-07,-8.30338e-05
-1.165072e-07,-0.000110924
-1.164072e-07,-0.000135572
-1.163072e-07,-0.000154382
-1.162072e-07,-0.000166057
-1.161072e-07,-0.000170597
-1.160072e-07,-0.000168003
-1.159072e-07,-0.000158922
-1.158072e-07,-0.000144653
-1.157072e-07,-0.000126491
-1.156072e-07,-0.000107033
-1.155072e-07,-8.75741e-05
-1.154072e-07,-7.00614e-05
-1.153072e-07,-5.44945e-05
-1.152072e-07,-4.21707e-05
-1.151072e-07,-3.17928e-05
-1.150072e-07,-2.33607e-05
-1.149072e-07,-1.55773e-05
-1.148072e-07,-7.79382e-06
-1.147072e-07,1.28686e-06
-1.146072e-07,1.16648e-05
-1.145072e-07,2.26913e-05
-1.144072e-07,3.37179e-05
-1.143072e-07,4.40958e-05
-1.142072e-07,5.31765e-05
-1.141072e-07,6.03113e-05
-1.140072e-07,6.4203e-05
-1.139072e-07,6.61489e-05
-1.138072e-07,6.67975e-05
-1.137072e-07,6.55003e-05
-1.136072e-07,6.29058e-05
-1.135072e-07,6.09599e-05
-1.134072e-07,5.83654e-05
-1.133072e-07,5.64196e-05
-1.132072e-07,5.44737e-05
-1.131072e-07,5.18792e-05
-1.130072e-07,4.86361e-05
-1.129072e-07,4.21499e-05
-1.128072e-07,3.1772e-05
-1.127072e-07,1.8151e-05
-1.126072e-07,-1.03779e-08
-1.125072e-07,-2.07662e-05
-1.124072e-07,-4.34679e-05
-1.123072e-07,-6.61696e-05
-1.122072e-07,-8.69255e-05
-1.121072e-07,-0.000105087
-1.120072e-07,-0.000118708
-1.119072e-07,-0.000126491
-1.118072e-07,-0.000129086
-1.117072e-07,-0.000127789
-1.116072e-07,-0.000123248
-1.115072e-07,-0.000116113
-1.114072e-07,-0.000108979
-1.113072e-07,-0.000103141
-1.112072e-07,-9.98979e-05
-1.111072e-07,-9.98979e-05
-1.110072e-07,-0.000103141
-1.109072e-07,-0.00010833
-1.108072e-07,-0.000114816
-1.107072e-07,-0.000121302
-1.106072e-07,-0.000127789
-1.105072e-07,-0.000133626
-1.104072e-07,-0.000140112
-1.103072e-07,-0.000145301
-1.102072e-07,-0.00015049
-1.101072e-07,-0.000155679
-1.100072e-07,-0.000162165
-1.099072e-07,-0.0001693
-1.098072e-07,-0.000177084
-1.097072e-07,-0.000184219
-1.096072e-07,-0.000192002
-1.095072e-07,-0.000198488
-1.094072e-07,-0.00020238
-1.093072e-07,-0.000204974
-1.092072e-07,-0.000205623
-1.091072e-07,-0.000204326
-1.090072e-07,-0.00020238
-1.089072e-07,-0.000200434
-1.088072e-07,-0.000198488
-1.087072e-07,-0.00019784
-1.086072e-07,-0.00019784
-1.085072e-07,-0.000197191
-1.084072e-07,-0.000196542
-1.083072e-07,-0.000193299
-1.082072e-07,-0.000187462
-1.081072e-07,-0.000178381
-1.080072e-07,-0.000166706
-1.079072e-07,-0.000152436
-1.078072e-07,-0.000134275
-1.077072e-07,-0.000113519
-1.076072e-07,-9.21144e-05
-1.075072e-07,-7.13586e-05
-1.074072e-07,-5.19e-05
-1.073072e-07,-3.309e-05
-1.072072e-07,-1.62259e-05
-1.071072e-07,-6.58998e-07
-1.070072e-07,1.36106e-05
-1.069072e-07,2.78803e-05
-1.068072e-07,4.21499e-05
-1.067072e-07,5.51223e-05
-1.066072e-07,6.80947e-05
-1.065072e-07,7.91213e-05
-1.064072e-07,8.8202e-05
-1.063072e-07,9.40395e-05
-1.062072e-07,9.46882e-05
-1.061072e-07,9.07964e-05
-1.060072e-07,8.10671e-05
-1.059072e-07,6.67975e-05
-1.058072e-07,4.92848e-05
-1.057072e-07,2.98261e-05
-1.056072e-07,9.71892e-06
-1.055072e-07,-8.44244e-06
-1.054072e-07,-2.33607e-05
-1.053072e-07,-3.24414e-05
-1.052072e-07,-3.69817e-05
-1.051072e-07,-3.63331e-05
-1.050072e-07,-3.17928e-05
-1.049072e-07,-2.27121e-05
-1.048072e-07,-1.16855e-05
-1.047072e-07,1.93548e-06
-1.046072e-07,1.55565e-05
-1.045072e-07,3.04748e-05
-1.044072e-07,4.5393e-05
-1.043072e-07,6.03113e-05
-1.042072e-07,7.45809e-05
-1.041072e-07,8.62561e-05
-1.040072e-07,9.59854e-05
-1.039072e-07,0.000101174
-1.038072e-07,0.00010312
-1.037072e-07,9.92285e-05
-1.036072e-07,9.01478e-05
-1.035072e-07,7.58782e-05
-1.034072e-07,5.83654e-05
-1.033072e-07,3.82582e-05
-1.032072e-07,1.75024e-05
-1.031072e-07,-6.58998e-07
-1.030072e-07,-1.62259e-05
-1.029072e-07,-2.59552e-05
-1.028072e-07,-2.98469e-05
-1.027072e-07,-2.7901e-05
-1.026072e-07,-1.9469e-05
-1.025072e-07,-6.49658e-06
-1.024072e-07,9.71892e-06
-1.023072e-07,2.6583e-05
-1.022072e-07,4.34472e-05
-1.021072e-07,5.83654e-05
-1.020072e-07,7.13378e-05
-1.019072e-07,8.23644e-05
-1.018072e-07,9.07964e-05
-1.017072e-07,9.72826e-05
-1.016072e-07,0.000100526
-1.015072e-07,0.000101174
-1.014072e-07,9.98771e-05
-1.013072e-07,9.53368e-05
-1.012072e-07,8.75533e-05
-1.011072e-07,7.52296e-05
-1.010072e-07,6.03113e-05
-1.009072e-07,4.21499e-05
-1.008072e-07,2.13941e-05
-1.007072e-07,6.38242e-07
-1.006072e-07,-1.81717e-05
-1.005072e-07,-3.37386e-05
-1.004072e-07,-4.41165e-05
-1.003072e-07,-4.73596e-05
-1.002072e-07,-4.21707e-05
-1.001072e-07,-3.04955e-05
-1.000072e-07,-1.29828e-05
-9.990719e-08,7.77306e-06
-9.980719e-08,3.11234e-05
-9.970719e-08,5.25279e-05
-9.960719e-08,7.06892e-05
-9.950719e-08,8.36616e-05
-9.940719e-08,9.07964e-05
-9.930719e-08,9.07964e-05
-9.920719e-08,8.36616e-05
-9.910719e-08,7.06892e-05
-9.900719e-08,5.38251e-05
-9.890719e-08,3.37179e-05
-9.880719e-08,1.2962e-05
-9.870719e-08,-7.1452e-06
-9.860719e-08,-2.66038e-05
-9.850719e-08,-4.47652e-05
-9.840719e-08,-6.29265e-05
-9.830719e-08,-7.9142e-05
-9.820719e-08,-9.47089e-05
-9.810719e-08,-0.000109627
-9.800719e-08,-0.000123897
-9.790719e-08,-0.000136869
-9.780719e-08,-0.000147896
-9.770719e-08,-0.000157625
-9.760719e-08,-0.000164111
-9.750719e-08,-0.000168652
-9.740719e-08,-0.000170597
-9.730719e-08,-0.000171246
-9.720719e-08,-0.000170597
-9.710719e-08,-0.000171246
-9.700719e-08,-0.000171895
-9.690719e-08,-0.000175138
-9.680719e-08,-0.000181624
-9.670719e-08,-0.000190705
-9.660719e-08,-0.000200434
-9.650719e-08,-0.000210163
-9.640719e-08,-0.000217947
-9.630719e-08,-0.000220541
-9.620719e-08,-0.000217298
-9.610719e-08,-0.000207569
-9.600719e-08,-0.000190705
-9.590719e-08,-0.000168652
-9.580719e-08,-0.000142707
-9.570719e-08,-0.000114816
-9.560719e-08,-8.75741e-05
-9.550719e-08,-6.42238e-05
-9.540719e-08,-4.47652e-05
-9.530719e-08,-3.11441e-05
-9.520719e-08,-2.27121e-05
-9.510719e-08,-2.01176e-05
-9.500719e-08,-2.07662e-05
-9.490719e-08,-2.46579e-05
-9.480719e-08,-3.04955e-05
-9.470719e-08,-3.76303e-05
-9.460719e-08,-4.54138e-05
-9.450719e-08,-5.38459e-05
-9.440719e-08,-6.42238e-05
-9.430719e-08,-7.58989e-05
-9.420719e-08,-8.952e-05
-9.410719e-08,-0.000104438
-9.400719e-08,-0.000120654
-9.390719e-08,-0.000135572
-9.380719e-08,-0.000147896
-9.370719e-08,-0.000155679
-9.360719e-08,-0.000157625
-9.350719e-08,-0.000153085
-9.340719e-08,-0.00014141
-9.330719e-08,-0.000123897
-9.320719e-08,-0.000102492
-9.310719e-08,-7.97907e-05
-9.300719e-08,-5.83862e-05
-9.290719e-08,-4.02248e-05
-9.280719e-08,-2.7901e-05
-9.270719e-08,-2.14148e-05
-9.260719e-08,-2.01176e-05
-9.250719e-08,-2.33607e-05
-9.240719e-08,-2.85497e-05
-9.230719e-08,-3.309e-05
-9.220719e-08,-3.56845e-05
-9.210719e-08,-3.37386e-05
-9.200719e-08,-2.7901e-05
-9.190719e-08,-1.88204e-05
-9.180719e-08,-6.49658e-06
-9.170719e-08,7.12444e-06
-9.160719e-08,1.87996e-05
-9.150719e-08,2.78803e-05
-9.140719e-08,3.30692e-05
-9.130719e-08,3.50151e-05
-9.120719e-08,3.24206e-05
-9.110719e-08,2.72317e-05
-9.100719e-08,2.13941e-05
-9.090719e-08,1.42593e-05
-9.080719e-08,7.77306e-06
-9.070719e-08,1.93548e-06
-9.060719e-08,-1.95624e-06
-9.050719e-08,-5.84796e-06
-9.040719e-08,-1.03883e-05
-9.030719e-08,-1.62259e-05
-9.020719e-08,-2.33607e-05
-9.010719e-08,-3.17928e-05
-9.000719e-08,-4.21707e-05
-8.990719e-08,-5.19e-05
-8.980719e-08,-6.03321e-05
-8.970719e-08,-6.5521e-05
-8.960719e-08,-6.61696e-05
-8.950719e-08,-6.09807e-05
-8.940719e-08,-4.93055e-05
-8.930719e-08,-3.43872e-05
-8.920719e-08,-1.75231e-05
-8.910719e-08,-2.60486e-06
-8.900719e-08,9.0703e-06
-8.890719e-08,1.49079e-05
-8.880719e-08,1.2962e-05
-8.870719e-08,2.5841e-06
-8.860719e-08,-1.36314e-05
-8.850719e-08,-3.50359e-05
-8.840719e-08,-5.77376e-05
-8.830719e-08,-7.78448e-05
-8.820719e-08,-9.21144e-05
-8.810719e-08,-9.86006e-05
-8.800719e-08,-9.60062e-05
-8.790719e-08,-8.36824e-05
-8.780719e-08,-6.35752e-05
-8.770719e-08,-3.76303e-05
-8.760719e-08,-9.09106e-06
-8.750719e-08,1.8151e-05
-8.740719e-08,4.27986e-05
-8.730719e-08,6.22572e-05
-8.720719e-08,7.58782e-05
-8.710719e-08,8.3013e-05
-8.700719e-08,8.43102e-05
-8.690719e-08,8.17158e-05
-8.680719e-08,7.58782e-05
-8.670719e-08,6.80947e-05
-8.660719e-08,6.03113e-05
-8.650719e-08,5.25279e-05
-8.640719e-08,4.5393e-05
-8.630719e-08,3.82582e-05
-8.620719e-08,3.11234e-05
-8.610719e-08,2.52858e-05
-8.600719e-08,2.00968e-05
-8.590719e-08,1.62051e-05
-8.580719e-08,1.62051e-05
-8.570719e-08,1.87996e-05
-8.560719e-08,2.52858e-05
-8.550719e-08,3.56637e-05
-8.540719e-08,4.92848e-05
-8.530719e-08,6.48516e-05
-8.520719e-08,8.04185e-05
-8.510719e-08,9.27423e-05
-8.500719e-08,0.000101174
-8.490719e-08,0.000103769
-8.480719e-08,0.000100526
-8.470719e-08,9.20937e-05
-8.460719e-08,7.91213e-05
-8.450719e-08,6.48516e-05
-8.440719e-08,5.12306e-05
-8.430719e-08,4.08527e-05
-8.420719e-08,3.50151e-05
-8.410719e-08,3.50151e-05
-8.400719e-08,4.02041e-05
-8.390719e-08,4.73389e-05
-8.380719e-08,5.51223e-05
-8.370719e-08,6.09599e-05
-8.360719e-08,6.16085e-05
-8.350719e-08,5.51223e-05
-8.340719e-08,4.02041e-05
-8.330719e-08,1.75024e-05
-8.320719e-08,-1.16855e-05
-8.310719e-08,-4.41165e-05
-8.300719e-08,-7.65476e-05
-8.290719e-08,-0.000106384
-8.280719e-08,-0.00013168
-8.270719e-08,-0.000149842
-8.260719e-08,-0.000160868
-8.250719e-08,-0.000166057
-8.240719e-08,-0.000166706
-8.230719e-08,-0.000164111
-8.220719e-08,-0.00016022
-8.210719e-08,-0.000156976
-8.200719e-08,-0.000154382
-8.190719e-08,-0.000153085
-8.180719e-08,-0.000151787
-8.170719e-08,-0.000149842
-8.160719e-08,-0.000145301
-8.150719e-08,-0.000137518
-8.140719e-08,-0.000126491
-8.130719e-08,-0.000111573
-8.120719e-08,-9.40603e-05
-8.110719e-08,-7.78448e-05
-8.100719e-08,-6.29265e-05
-8.090719e-08,-5.19e-05
-8.080719e-08,-4.6711e-05
-8.070719e-08,-4.80083e-05
-8.060719e-08,-5.44945e-05
-8.050719e-08,-6.5521e-05
-8.040719e-08,-7.97907e-05
-8.030719e-08,-9.47089e-05
-8.020719e-08,-0.00010833
-8.010719e-08,-0.000117411
-8.000719e-08,-0.0001226
-7.990719e-08,-0.000121951
-7.980719e-08,-0.000116113
-7.970719e-08,-0.000105735
-7.960719e-08,-9.14658e-05
-7.950719e-08,-7.52503e-05
-7.940719e-08,-5.7089e-05
-7.930719e-08,-3.89276e-05
-7.920719e-08,-2.07662e-05
-7.910719e-08,-3.25348e-06
-7.900719e-08,1.42593e-05
-7.890719e-08,3.04748e-05
-7.880719e-08,4.5393e-05
-7.870719e-08,5.83654e-05
-7.860719e-08,6.67975e-05
-7.850719e-08,6.9392e-05
-7.840719e-08,6.4203e-05
-7.830719e-08,5.12306e-05
-7.820719e-08,2.98261e-05
-7.810719e-08,-1.03779e-08
-7.800719e-08,-3.56845e-05
-7.790719e-08,-7.58989e-05
-7.780719e-08,-0.000116762
-7.770719e-08,-0.000155031
-7.760719e-08,-0.000186813
-7.750719e-08,-0.000210163
-7.740719e-08,-0.000223136
-7.730719e-08,-0.00022573
-7.720719e-08,-0.000217947
-7.710719e-08,-0.000203677
-7.700719e-08,-0.000184219
-7.690719e-08,-0.000163463
-7.680719e-08,-0.000143355
-7.670719e-08,-0.000125843
-7.660719e-08,-0.000111573
-7.650719e-08,-0.000100547
-7.640719e-08,-9.14658e-05
-7.630719e-08,-8.36824e-05
-7.620719e-08,-7.52503e-05
-7.610719e-08,-6.5521e-05
-7.600719e-08,-5.51431e-05
-7.590719e-08,-4.41165e-05
-7.580719e-08,-3.309e-05
-7.570719e-08,-2.40093e-05
-7.560719e-08,-1.75231e-05
-7.550719e-08,-1.68745e-05
-7.540719e-08,-2.01176e-05
-7.530719e-08,-2.85497e-05
-7.520719e-08,-4.02248e-05
-7.510719e-08,-5.38459e-05
-7.500719e-08,-6.5521e-05
-7.490719e-08,-7.33045e-05
-7.480719e-08,-7.39531e-05
-7.470719e-08,-6.81155e-05
-7.460719e-08,-5.38459e-05
-7.450719e-08,-3.37386e-05
-7.440719e-08,-9.09106e-06
-7.430719e-08,1.8151e-05
-7.420719e-08,4.47444e-05
-7.410719e-08,6.87434e-05
-7.400719e-08,8.75533e-05
-7.390719e-08,0.000101174
-7.380719e-08,0.000108309
-7.370719e-08,0.000110904
-7.360719e-08,0.000108309
-7.350719e-08,0.000102472
-7.340719e-08,9.46882e-05
-7.330719e-08,8.56075e-05
-7.320719e-08,7.45809e-05
-7.310719e-08,6.16085e-05
-7.300719e-08,4.5393e-05
-7.290719e-08,2.6583e-05
-7.280719e-08,3.88134e-06
-7.270719e-08,-2.20635e-05
-7.260719e-08,-4.93055e-05
-7.250719e-08,-7.58989e-05
-7.240719e-08,-9.98979e-05
-7.230719e-08,-0.000118708
-7.220719e-08,-0.00013168
-7.210719e-08,-0.000136869
-7.200719e-08,-0.000134923
-7.190719e-08,-0.000125194
-7.180719e-08,-0.000108979
-7.170719e-08,-8.88713e-05
-7.160719e-08,-6.61696e-05
-7.150719e-08,-4.28193e-05
-7.140719e-08,-2.14148e-05
-7.130719e-08,-1.95624e-06
-7.120719e-08,1.55565e-05
-7.110719e-08,3.11234e-05
-7.100719e-08,4.66903e-05
-7.090719e-08,6.22572e-05
-7.080719e-08,7.91213e-05
-7.070719e-08,9.6634e-05
-7.060719e-08,0.000115444
-7.050719e-08,0.000134254
-7.040719e-08,0.000149821
-7.030719e-08,0.000162793
-7.020719e-08,0.000170577
-7.010719e-08,0.00017382
-7.000719e-08,0.000170577
-6.990719e-08,0.000162145
-6.980719e-08,0.000150469
-6.970719e-08,0.000135551
-6.960719e-08,0.000119984
-6.950719e-08,0.000104417
-6.940719e-08,9.14451e-05
-6.930719e-08,7.97699e-05
-6.920719e-08,7.06892e-05
-6.910719e-08,6.09599e-05
-6.900719e-08,5.0582e-05
-6.890719e-08,3.6961e-05
-6.880719e-08,2.13941e-05
-6.870719e-08,3.23272e-06
-6.860719e-08,-1.68745e-05
-6.850719e-08,-3.63331e-05
-6.840719e-08,-5.44945e-05
-6.830719e-08,-6.94127e-05
-6.820719e-08,-7.9142e-05
-6.810719e-08,-8.17365e-05
-6.800719e-08,-7.9142e-05
-6.790719e-08,-7.071e-05
-6.780719e-08,-5.90348e-05
-6.770719e-08,-4.6711e-05
-6.760719e-08,-3.69817e-05
-6.750719e-08,-3.11441e-05
-6.740719e-08,-3.11441e-05
-6.730719e-08,-3.69817e-05
-6.720719e-08,-4.73596e-05
-6.710719e-08,-6.09807e-05
-6.700719e-08,-7.46017e-05
-6.690719e-08,-8.62769e-05
-6.680719e-08,-9.27631e-05
-6.670719e-08,-9.34117e-05
-6.660719e-08,-8.75741e-05
-6.650719e-08,-7.78448e-05
-6.640719e-08,-6.48724e-05
-6.630719e-08,-5.19e-05
-6.620719e-08,-4.15221e-05
-6.610719e-08,-3.50359e-05
-6.600719e-08,-3.43872e-05
-6.590719e-08,-4.02248e-05
-6.580719e-08,-5.12514e-05
-6.570719e-08,-6.61696e-05
-6.560719e-08,-8.23851e-05
-6.550719e-08,-9.66548e-05
-6.540719e-08,-0.00010833
-6.530719e-08,-0.000115465
-6.520719e-08,-0.000117411
-6.510719e-08,-0.000115465
-6.500719e-08,-0.000110924
-6.490719e-08,-0.000105087
-6.480719e-08,-9.92493e-05
-6.470719e-08,-9.47089e-05
-6.460719e-08,-9.21144e-05
-6.450719e-08,-9.14658e-05
-6.440719e-08,-9.21144e-05
-6.430719e-08,-9.27631e-05
-6.420719e-08,-9.27631e-05
-6.410719e-08,-9.08172e-05
-6.400719e-08,-8.75741e-05
-6.390719e-08,-8.23851e-05
-6.380719e-08,-7.65476e-05
-6.370719e-08,-7.13586e-05
-6.360719e-08,-6.74669e-05
-6.350719e-08,-6.61696e-05
-6.340719e-08,-6.81155e-05
-6.330719e-08,-7.33045e-05
-6.320719e-08,-8.10879e-05
-6.310719e-08,-9.08172e-05
-6.300719e-08,-0.000100547
-6.290719e-08,-0.000109627
-6.280719e-08,-0.000116762
-6.270719e-08,-0.0001226
-6.260719e-08,-0.000126491
-6.250719e-08,-0.000131032
-6.240719e-08,-0.000136221
-6.230719e-08,-0.000143355
-6.220719e-08,-0.000151787
-6.210719e-08,-0.000161517
-6.200719e-08,-0.000171246
-6.190719e-08,-0.00017903
-6.180719e-08,-0.000182273
-6.170719e-08,-0.000178381
-6.160719e-08,-0.000166057
-6.150719e-08,-0.000144004
-6.140719e-08,-0.000110924
-6.130719e-08,-6.94127e-05
-6.120719e-08,-2.20635e-05
-6.110719e-08,2.78803e-05
-6.100719e-08,7.45809e-05
-6.090719e-08,0.000115444
-6.080719e-08,0.000145281
-6.070719e-08,0.000162145
-6.060719e-08,0.000166036
-6.050719e-08,0.000156956
-6.040719e-08,0.000137497
-6.030719e-08,0.000109606
-6.020719e-08,7.84727e-05
-6.010719e-08,4.60417e-05
-6.000719e-08,1.68537e-05
-5.990719e-08,-8.44244e-06
-5.980719e-08,-2.66038e-05
-5.970719e-08,-3.76303e-05
-5.960719e-08,-4.15221e-05
-5.950719e-08,-4.02248e-05
-5.940719e-08,-3.43872e-05
-5.930719e-08,-2.46579e-05
-5.920719e-08,-1.29828e-05
-5.910719e-08,-1.03779e-08
-5.900719e-08,1.42593e-05
-5.890719e-08,2.85289e-05
-5.880719e-08,4.27986e-05
-5.870719e-08,5.64196e-05
-5.860719e-08,6.9392e-05
-5.850719e-08,7.97699e-05
-5.840719e-08,8.8202e-05
-5.830719e-08,9.33909e-05
-5.820719e-08,9.59854e-05
-5.810719e-08,9.53368e-05
-5.800719e-08,9.27423e-05
-5.790719e-08,8.88506e-05
-5.780719e-08,8.43102e-05
-5.770719e-08,8.17158e-05
-5.760719e-08,8.10671e-05
-5.750719e-08,8.43102e-05
-5.740719e-08,9.01478e-05
-5.730719e-08,9.79313e-05
-5.720719e-08,0.000107661
-5.710719e-08,0.00011739
-5.700719e-08,0.000125173
-5.690719e-08,0.000129065
-5.680719e-08,0.000128416
-5.670719e-08,0.000122579
-5.660719e-08,0.000111552
-5.650719e-08,9.6634e-05
-5.640719e-08,7.84727e-05
-5.630719e-08,5.83654e-05
-5.620719e-08,3.95555e-05
-5.610719e-08,2.07455e-05
-5.600719e-08,3.88134e-06
-5.590719e-08,-1.23342e-05
-5.580719e-08,-2.7901e-05
-5.570719e-08,-4.41165e-05
-5.560719e-08,-6.29265e-05
-5.550719e-08,-8.4331e-05
-5.540719e-08,-0.000107681
-5.530719e-08,-0.000132978
-5.520719e-08,-0.000158922
-5.510719e-08,-0.000182273
-5.500719e-08,-0.000201083
-5.490719e-08,-0.000212758
-5.480719e-08,-0.000215352
-5.470719e-08,-0.00020692
-5.460719e-08,-0.00018811
-5.450719e-08,-0.000160868
-5.440719e-08,-0.00012714
-5.430719e-08,-9.21144e-05
-5.420719e-08,-5.77376e-05
-5.410719e-08,-2.7901e-05
-5.400719e-08,-5.84796e-06
-5.390719e-08,6.47582e-06
-5.380719e-08,9.0703e-06
-5.370719e-08,3.23272e-06
-5.360719e-08,-9.09106e-06
-5.350719e-08,-2.66038e-05
-5.340719e-08,-4.54138e-05
-5.330719e-08,-6.42238e-05
-5.320719e-08,-8.04393e-05
-5.310719e-08,-9.40603e-05
-5.300719e-08,-0.000104438
-5.290719e-08,-0.00011287
-5.280719e-08,-0.000120005
-5.270719e-08,-0.000128437
-5.260719e-08,-0.000136869
-5.250719e-08,-0.000147247
-5.240719e-08,-0.000158922
-5.230719e-08,-0.000170597
-5.220719e-08,-0.000180975
-5.210719e-08,-0.000188759
-5.200719e-08,-0.000193299
-5.190719e-08,-0.000193948
-5.180719e-08,-0.000190056
-5.170719e-08,-0.000182273
-5.160719e-08,-0.000172543
-5.150719e-08,-0.000161517
-5.140719e-08,-0.000151139
-5.130719e-08,-0.00014141
-5.120719e-08,-0.000132978
-5.110719e-08,-0.000125843
-5.100719e-08,-0.000119356
-5.090719e-08,-0.000114168
-5.080719e-08,-0.00010833
-5.070719e-08,-0.000102492
-5.060719e-08,-9.60062e-05
-5.050719e-08,-9.01686e-05
-5.040719e-08,-8.62769e-05
-5.030719e-08,-8.56282e-05
-5.020719e-08,-8.88713e-05
-5.010719e-08,-9.66548e-05
-5.000719e-08,-0.000107681
-4.990719e-08,-0.000121951
-4.980719e-08,-0.000136869
-4.970719e-08,-0.000151139
-4.960719e-08,-0.000161517
-4.950719e-08,-0.000167354
-4.940719e-08,-0.000166057
-4.930719e-08,-0.000158922
-4.920719e-08,-0.000147247
-4.910719e-08,-0.00013168
-4.900719e-08,-0.000114816
-4.890719e-08,-9.92493e-05
-4.880719e-08,-8.62769e-05
-4.870719e-08,-7.71962e-05
-4.860719e-08,-7.26558e-05
-4.850719e-08,-7.071e-05
-4.840719e-08,-7.13586e-05
-4.830719e-08,-7.26558e-05
-4.820719e-08,-7.20072e-05
-4.810719e-08,-6.87641e-05
-4.800719e-08,-6.22779e-05
-4.790719e-08,-5.31972e-05
-4.780719e-08,-4.15221e-05
-4.770719e-08,-3.11441e-05
-4.760719e-08,-2.33607e-05
-4.750719e-08,-2.01176e-05
-4.740719e-08,-2.33607e-05
-4.730719e-08,-3.309e-05
-4.720719e-08,-5.06027e-05
-4.710719e-08,-7.33045e-05
-4.700719e-08,-0.000100547
-4.690719e-08,-0.000128437
-4.680719e-08,-0.000156328
-4.670719e-08,-0.000182921
-4.660719e-08,-0.000205623
-4.650719e-08,-0.000223784
-4.640719e-08,-0.000238054
-4.630719e-08,-0.000248432
-4.620719e-08,-0.000255567
-4.610719e-08,-0.000260107
-4.600719e-08,-0.00026335
-4.590719e-08,-0.000265296
-4.580719e-08,-0.000265296
-4.570719e-08,-0.00026335
-4.560719e-08,-0.000259458
-4.550719e-08,-0.000252324
-4.540719e-08,-0.000241946
-4.530719e-08,-0.000228973
-4.520719e-08,-0.000215352
-4.510719e-08,-0.00020238
-4.500719e-08,-0.000190056
-4.490719e-08,-0.000180975
-4.480719e-08,-0.000175138
-4.470719e-08,-0.000174489
-4.460719e-08,-0.000177732
-4.450719e-08,-0.000182273
-4.440719e-08,-0.00018811
-4.430719e-08,-0.000193299
-4.420719e-08,-0.000197191
-4.410719e-08,-0.000197191
-4.400719e-08,-0.000192651
-4.390719e-08,-0.00018357
-4.380719e-08,-0.0001693
-4.370719e-08,-0.000151139
-4.360719e-08,-0.000130383
-4.350719e-08,-0.000108979
-4.340719e-08,-8.69255e-05
-4.330719e-08,-6.5521e-05
-4.320719e-08,-4.34679e-05
-4.310719e-08,-2.20635e-05
-4.300719e-08,-1.03779e-08
-4.290719e-08,2.20427e-05
-4.280719e-08,4.34472e-05
-4.270719e-08,6.48516e-05
-4.260719e-08,8.36616e-05
-4.250719e-08,9.85799e-05
-4.240719e-08,0.000108309
-4.230719e-08,0.000110255
-4.220719e-08,0.000104417
-4.210719e-08,9.01478e-05
-4.200719e-08,6.80947e-05
-4.190719e-08,3.95555e-05
-4.180719e-08,7.12444e-06
-4.170719e-08,-2.53066e-05
-4.160719e-08,-5.51431e-05
-4.150719e-08,-7.97907e-05
-4.140719e-08,-9.66548e-05
-4.130719e-08,-0.000106384
-4.120719e-08,-0.000107681
-4.110719e-08,-0.000102492
-4.100719e-08,-9.34117e-05
-4.090719e-08,-8.10879e-05
-4.080719e-08,-6.81155e-05
-4.070719e-08,-5.51431e-05
-4.060719e-08,-4.21707e-05
-4.050719e-08,-2.98469e-05
-4.040719e-08,-1.81717e-05
-4.030719e-08,-5.84796e-06
-4.020719e-08,8.42168e-06
-4.010719e-08,2.39886e-05
-4.000719e-08,3.95555e-05
-3.990719e-08,5.51223e-05
-3.980719e-08,6.80947e-05
-3.970719e-08,7.52296e-05
-3.960719e-08,7.45809e-05
-3.950719e-08,6.4203e-05
-3.940719e-08,4.40958e-05
-3.930719e-08,1.42593e-05
-3.920719e-08,-2.33607e-05
-3.910719e-08,-6.68183e-05
-3.900719e-08,-0.000112222
-3.890719e-08,-0.000156328
-3.880719e-08,-0.000195245
-3.870719e-08,-0.000227027
-3.860719e-08,-0.000248432
-3.850719e-08,-0.000259458
-3.840719e-08,-0.000261404
-3.830719e-08,-0.000254269
-3.820719e-08,-0.00024
-3.810719e-08,-0.00022119
-3.800719e-08,-0.000199137
-3.790719e-08,-0.000175138
-3.780719e-08,-0.00015049
-3.770719e-08,-0.000126491
-3.760719e-08,-0.000102492
-3.750719e-08,-7.97907e-05
-3.740719e-08,-5.77376e-05
-3.730719e-08,-3.76303e-05
-3.720719e-08,-2.07662e-05
-3.710719e-08,-7.79382e-06
-3.700719e-08,-1.30762e-06
-3.690719e-08,-6.58998e-07
-3.680719e-08,-7.1452e-06
-3.670719e-08,-2.07662e-05
-3.660719e-08,-3.95762e-05
-3.650719e-08,-6.22779e-05
-3.640719e-08,-8.69255e-05
-3.630719e-08,-0.000110276
-3.620719e-08,-0.000130383
-3.610719e-08,-0.000144653
-3.600719e-08,-0.000152436
-3.590719e-08,-0.000153085
-3.580719e-08,-0.000146599
-3.570719e-08,-0.000136221
-3.560719e-08,-0.000121302
-3.550719e-08,-0.000105087
-3.540719e-08,-8.952e-05
-3.530719e-08,-7.52503e-05
-3.520719e-08,-6.35752e-05
-3.510719e-08,-5.57917e-05
-3.500719e-08,-4.99541e-05
-3.490719e-08,-4.6711e-05
-3.480719e-08,-4.47652e-05
-3.470719e-08,-4.47652e-05
-3.460719e-08,-4.6711e-05
-3.450719e-08,-4.93055e-05
-3.440719e-08,-5.31972e-05
-3.430719e-08,-5.77376e-05
-3.420719e-08,-6.35752e-05
-3.410719e-08,-6.94127e-05
-3.400719e-08,-7.58989e-05
-3.390719e-08,-8.10879e-05
-3.380719e-08,-8.4331e-05
-3.370719e-08,-8.4331e-05
-3.360719e-08,-8.10879e-05
-3.350719e-08,-7.26558e-05
-3.340719e-08,-6.03321e-05
-3.330719e-08,-4.47652e-05
-3.320719e-08,-2.85497e-05
-3.310719e-08,-1.29828e-05
-3.300719e-08,-1.03779e-08
-3.290719e-08,9.0703e-06
-3.280719e-08,1.10162e-05
-3.270719e-08,6.47582e-06
-3.260719e-08,-5.19934e-06
-3.250719e-08,-2.14148e-05
-3.240719e-08,-4.15221e-05
-3.230719e-08,-6.29265e-05
-3.220719e-08,-8.30338e-05
-3.210719e-08,-0.000101195
-3.200719e-08,-0.000115465
-3.190719e-08,-0.000125194
-3.180719e-08,-0.000131032
-3.170719e-08,-0.000134275
-3.160719e-08,-0.000134923
-3.150719e-08,-0.000134923
-3.140719e-08,-0.000134275
-3.130719e-08,-0.000134275
-3.120719e-08,-0.000133626
-3.110719e-08,-0.000131032
-3.100719e-08,-0.000125194
-3.090719e-08,-0.000115465
-3.080719e-08,-0.000102492
-3.070719e-08,-8.56282e-05
-3.060719e-08,-6.48724e-05
-3.050719e-08,-4.15221e-05
-3.040719e-08,-1.75231e-05
-3.030719e-08,4.52996e-06
-3.020719e-08,2.33399e-05
-3.010719e-08,3.6961e-05
-3.000719e-08,4.5393e-05
-2.990719e-08,4.73389e-05
-2.980719e-08,4.5393e-05
-2.970719e-08,4.02041e-05
-2.960719e-08,3.43665e-05
-2.950719e-08,2.98261e-05
-2.940719e-08,2.72317e-05
-2.930719e-08,2.72317e-05
-2.920719e-08,2.98261e-05
-2.910719e-08,3.37179e-05
-2.900719e-08,3.82582e-05
-2.890719e-08,4.15013e-05
-2.880719e-08,4.21499e-05
-2.870719e-08,3.89068e-05
-2.860719e-08,3.24206e-05
-2.850719e-08,2.26913e-05
-2.840719e-08,1.23134e-05
-2.830719e-08,2.5841e-06
-2.820719e-08,-3.25348e-06
-2.810719e-08,-4.55072e-06
-2.800719e-08,-1.03779e-08
-2.790719e-08,9.71892e-06
-2.780719e-08,2.33399e-05
-2.770719e-08,3.82582e-05
-2.760719e-08,5.25279e-05
-2.750719e-08,6.4203e-05
-2.740719e-08,7.06892e-05
-2.730719e-08,7.06892e-05
-2.720719e-08,6.48516e-05
-2.710719e-08,5.38251e-05
-2.700719e-08,3.95555e-05
-2.690719e-08,2.39886e-05
-2.680719e-08,9.0703e-06
-2.670719e-08,-3.25348e-06
-2.660719e-08,-1.16855e-05
-2.650719e-08,-1.49286e-05
-2.640719e-08,-1.49286e-05
-2.630719e-08,-1.16855e-05
-2.620719e-08,-7.1452e-06
-2.610719e-08,-2.60486e-06
-2.600719e-08,1.28686e-06
-2.590719e-08,4.52996e-06
-2.580719e-08,9.0703e-06
-2.570719e-08,1.42593e-05
-2.560719e-08,2.20427e-05
-2.550719e-08,3.37179e-05
-2.540719e-08,5.0582e-05
-2.530719e-08,7.13378e-05
-2.520719e-08,9.59854e-05
-2.510719e-08,0.000123876
-2.500719e-08,0.000151767
-2.490719e-08,0.000177063
-2.480719e-08,0.00019717
-2.470719e-08,0.000209494
-2.460719e-08,0.000214034
-2.450719e-08,0.000210791
-2.440719e-08,0.000199765
-2.430719e-08,0.000182901
-2.420719e-08,0.000162145
-2.410719e-08,0.000141389
-2.400719e-08,0.00012193
-2.390719e-08,0.000105066
-2.380719e-08,9.20937e-05
-2.370719e-08,8.23644e-05
-2.360719e-08,7.52296e-05
-2.350719e-08,7.00406e-05
-2.340719e-08,6.48516e-05
-2.330719e-08,5.83654e-05
-2.320719e-08,4.99334e-05
-2.310719e-08,3.82582e-05
-2.300719e-08,2.52858e-05
-2.290719e-08,1.10162e-05
-2.280719e-08,-3.9021e-06
-2.270719e-08,-1.75231e-05
-2.260719e-08,-2.98469e-05
-2.250719e-08,-4.08734e-05
-2.240719e-08,-5.12514e-05
-2.230719e-08,-6.16293e-05
-2.220719e-08,-7.26558e-05
-2.210719e-08,-8.56282e-05
-2.200719e-08,-0.000101844
-2.190719e-08,-0.000121302
-2.180719e-08,-0.000142707
-2.170719e-08,-0.000165409
-2.160719e-08,-0.000187462
-2.150719e-08,-0.000207569
-2.140719e-08,-0.000222487
-2.130719e-08,-0.000231568
-2.120719e-08,-0.000233514
-2.110719e-08,-0.000229622
-2.100719e-08,-0.000219244
-2.090719e-08,-0.000205623
-2.080719e-08,-0.000190705
-2.070719e-08,-0.000176435
-2.060719e-08,-0.000164111
-2.050719e-08,-0.000154382
-2.040719e-08,-0.000148544
-2.030719e-08,-0.000145301
-2.020719e-08,-0.000143355
-2.010719e-08,-0.00014141
-2.000719e-08,-0.000138815
-1.990719e-08,-0.000134923
-1.980719e-08,-0.000128437
-1.970719e-08,-0.000120654
-1.960719e-08,-0.00011287
-1.950719e-08,-0.000105735
-1.940719e-08,-0.000100547
-1.930719e-08,-9.73034e-05
-1.920719e-08,-9.53575e-05
-1.910719e-08,-9.47089e-05
-1.900719e-08,-9.27631e-05
-1.890719e-08,-8.75741e-05
-1.880719e-08,-7.71962e-05
-1.870719e-08,-5.96834e-05
-1.860719e-08,-3.43872e-05
-1.850719e-08,-1.95624e-06
-1.840719e-08,3.50151e-05
-1.830719e-08,7.52296e-05
-1.820719e-08,0.000115444
-1.810719e-08,0.000151767
-1.800719e-08,0.000181603
-1.790719e-08,0.000203656
-1.780719e-08,0.000215332
-1.770719e-08,0.000218575
-1.760719e-08,0.000212737
-1.750719e-08,0.000199765
-1.740719e-08,0.000182252
-1.730719e-08,0.000161496
-1.720719e-08,0.000140092
-1.710719e-08,0.00011739
-1.700719e-08,9.59854e-05
-1.690719e-08,7.45809e-05
-1.680719e-08,5.31765e-05
-1.670719e-08,3.24206e-05
-1.660719e-08,1.23134e-05
-1.650719e-08,-6.49658e-06
-1.640719e-08,-2.20635e-05
-1.630719e-08,-3.309e-05
-1.620719e-08,-3.95762e-05
-1.610719e-08,-4.02248e-05
-1.600719e-08,-3.63331e-05
-1.590719e-08,-2.98469e-05
-1.580719e-08,-2.20635e-05
-1.570719e-08,-1.55773e-05
-1.560719e-08,-1.23342e-05
-1.550719e-08,-1.428e-05
-1.540719e-08,-2.33607e-05
-1.530719e-08,-3.89276e-05
-1.520719e-08,-5.96834e-05
-1.510719e-08,-8.4331e-05
-1.500719e-08,-0.000108979
-1.490719e-08,-0.000130383
-1.480719e-08,-0.000146599
-1.470719e-08,-0.000155679
-1.460719e-08,-0.000155031
-1.450719e-08,-0.000146599
-1.440719e-08,-0.000131032
-1.430719e-08,-0.000110924
-1.420719e-08,-8.952e-05
-1.410719e-08,-6.94127e-05
-1.400719e-08,-5.38459e-05
-1.390719e-08,-4.28193e-05
-1.380719e-08,-3.63331e-05
-1.370719e-08,-3.50359e-05
-1.360719e-08,-3.63331e-05
-1.350719e-08,-3.95762e-05
-1.340719e-08,-4.15221e-05
-1.330719e-08,-4.15221e-05
-1.320719e-08,-3.8279e-05
-1.310719e-08,-3.24414e-05
-1.300719e-08,-2.27121e-05
-1.290719e-08,-1.10369e-05
-1.280719e-08,1.28686e-06
-1.270719e-08,1.23134e-05
-1.260719e-08,2.33399e-05
-1.250719e-08,3.30692e-05
-1.240719e-08,4.27986e-05
-1.230719e-08,5.25279e-05
-1.220719e-08,6.35544e-05
-1.210719e-08,7.65268e-05
-1.200719e-08,9.14451e-05
-1.190719e-08,0.000107661
-1.180719e-08,0.000125173
-1.170719e-08,0.000142037
-1.160719e-08,0.000156307
-1.150719e-08,0.000167334
-1.140719e-08,0.000173171
-1.130719e-08,0.000173171
-1.120719e-08,0.000167334
-1.110719e-08,0.000156956
-1.100719e-08,0.000143335
-1.090719e-08,0.000126471
-1.080719e-08,0.000108958
-1.070719e-08,9.01478e-05
-1.060719e-08,7.26351e-05
-1.050719e-08,5.5771e-05
-1.040719e-08,3.82582e-05
-1.030719e-08,1.94482e-05
-1.020719e-08,-6.58998e-07
-1.010719e-08,-2.33607e-05
-1.000719e-08,-4.80083e-05
-9.907185e-09,-7.39531e-05
-9.807185e-09,-9.86006e-05
-9.707185e-09,-0.000120654
-9.607185e-09,-0.000138815
-9.507185e-09,-0.000151139
-9.407185e-09,-0.000156328
-9.307185e-09,-0.000154382
-9.207185e-09,-0.000145301
-9.107185e-09,-0.000130383
-9.007185e-09,-0.000111573
-8.907185e-09,-9.14658e-05
-8.807185e-09,-7.33045e-05
-8.707185e-09,-5.77376e-05
-8.607185e-09,-4.60624e-05
-8.507185e-09,-3.95762e-05
-8.407185e-09,-3.8279e-05
-8.307185e-09,-4.08734e-05
-8.207185e-09,-4.54138e-05
-8.107185e-09,-5.25486e-05
-8.007185e-09,-5.96834e-05
-7.907185e-09,-6.68183e-05
-7.807185e-09,-7.33045e-05
-7.707185e-09,-7.78448e-05
-7.607185e-09,-8.23851e-05
-7.507185e-09,-8.69255e-05
-7.407185e-09,-9.14658e-05
-7.307185e-09,-9.60062e-05
-7.207185e-09,-0.000101844
-7.107185e-09,-0.000108979
-7.007185e-09,-0.000115465
-6.907185e-09,-0.000120654
-6.807185e-09,-0.000124545
-6.707185e-09,-0.000126491
-6.607185e-09,-0.000125194
-6.507185e-09,-0.000121302
-6.407185e-09,-0.000114816
-6.307185e-09,-0.000106384
-6.207185e-09,-9.7952e-05
-6.107185e-09,-8.952e-05
-6.007185e-09,-8.10879e-05
-5.907185e-09,-7.33045e-05
-5.807185e-09,-6.5521e-05
-5.707185e-09,-5.90348e-05
-5.607185e-09,-5.38459e-05
-5.507185e-09,-4.86569e-05
-5.407185e-09,-4.47652e-05
-5.307185e-09,-4.15221e-05
-5.207185e-09,-4.02248e-05
-5.107185e-09,-4.21707e-05
-5.007185e-09,-4.73596e-05
-4.907185e-09,-5.7089e-05
-4.807185e-09,-7.20072e-05
-4.707185e-09,-9.21144e-05
-4.607185e-09,-0.000116762
-4.507185e-09,-0.000144004
-4.407185e-09,-0.000171246
-4.307185e-09,-0.000198488
-4.207185e-09,-0.000221838
-4.107185e-09,-0.00024
-4.007185e-09,-0.000252324
-3.907185e-09,-0.000257513
-3.807185e-09,-0.000255567
-3.707185e-09,-0.000249729
-3.607185e-09,-0.000241946
-3.507185e-09,-0.000233514
-3.407185e-09,-0.000226379
-3.307185e-09,-0.000222487
-3.207185e-09,-0.000222487
-3.107185e-09,-0.000227676
-3.007185e-09,-0.000236108
-2.907185e-09,-0.000247783
-2.807185e-09,-0.000262053
-2.707185e-09,-0.000278268
-2.607185e-09,-0.000295133
-2.507185e-09,-0.000312645
-2.407185e-09,-0.000332753
-2.307185e-09,-0.000354806
-2.207185e-09,-0.00038075
-2.107185e-09,-0.000411236
-2.007185e-09,-0.00044691
-1.907185e-09,-0.000487773
-1.807185e-09,-0.000532528
-1.707185e-09,-0.000580525
-1.607185e-09,-0.000629172
-1.507185e-09,-0.00067717
-1.407185e-09,-0.000721276
-1.307185e-09,-0.000762788
-1.207185e-09,-0.000801705
-1.107185e-09,-0.000839325
-1.007185e-09,-0.000877593
-9.071851e-10,-0.000918457
-8.071851e-10,-0.000965157
-7.071851e-10,-0.00101964
-6.071851e-10,-0.00108191
-5.071851e-10,-0.00115261
-4.071851e-10,-0.00123109
-3.071851e-10,-0.00131411
-2.071851e-10,-0.00139908
-1.071851e-10,-0.0014834
-7.185134e-12,-0.00156318
9.281487e-11,-0.00163648
1.928149e-10,-0.00170069
2.928149e-10,-0.00175583
3.928149e-10,-0.00180317
4.928149e-10,-0.00184339
5.928149e-10,-0.00187777
6.928149e-10,-0.0019089
7.928149e-10,-0.00193809
8.928149e-10,-0.00196728
9.928149e-10,-0.00199646
1.092815e-09,-0.002025
1.192815e-09,-0.00205224
1.292815e-09,-0.00207754
1.392815e-09,-0.00210024
1.492815e-09,-0.0021197
1.592815e-09,-0.00213462
1.692815e-09,-0.00214435
1.792815e-09,-0.00215019
1.892815e-09,-0.00215148
1.992815e-09,-0.00215019
2.092815e-09,-0.002145
2.192815e-09,-0.00213721
2.292815e-09,-0.00212554
2.392815e-09,-0.00210997
2.492815e-09,-0.00208986
2.592815e-09,-0.00206392
2.692815e-09,-0.00203084
2.792815e-09,-0.00199192
2.892815e-09,-0.00194782
2.992815e-09,-0.00189982
3.092815e-09,-0.00184923
3.192815e-09,-0.00179863
3.292815e-09,-0.00175128
3.392815e-09,-0.00170653
3.492815e-09,-0.00166502
3.592815e-09,-0.0016274
3.692815e-09,-0.00159237
3.792815e-09,-0.00156059
3.892815e-09,-0.00153011
3.992815e-09,-0.00150027
4.092815e-09,-0.00147173
4.192815e-09,-0.00144319
4.292815e-09,-0.00141595
4.392815e-09,-0.0013926
4.492815e-09,-0.00137249
4.592815e-09,-0.00135757
4.692815e-09,-0.00134784
4.792815e-09,-0.0013433
4.892815e-09,-0.00134395
4.992815e-09,-0.00134655
5.092815e-09,-0.00135044
5.192815e-09,-0.00135238
5.292815e-09,-0.00135044
5.392815e-09,-0.0013433
5.492815e-09,-0.00133033
5.592815e-09,-0.00131217
5.692815e-09,-0.00128882
5.792815e-09,-0.00126158
5.892815e-09,-0.00123304
5.992815e-09,-0.0012032
6.092815e-09,-0.00117336
6.192815e-09,-0.00114418
6.292815e-09,-0.00111499
6.392815e-09,-0.0010858
6.492815e-09,-0.00105532
6.592815e-09,-0.00102159
6.692815e-09,-0.000985913
6.792815e-09,-0.000948293
6.892815e-09,-0.000910024
6.992815e-09,-0.000872404
7.092815e-09,-0.000838028
7.192815e-09,-0.00080884
7.292815e-09,-0.000787435
7.392815e-09,-0.000772517
7.492815e-09,-0.000764085
7.592815e-09,-0.00076149
7.692815e-09,-0.000762139
7.792815e-09,-0.000764085
7.892815e-09,-0.000764734
7.992815e-09,-0.000762139
8.092815e-09,-0.000754356
8.192815e-09,-0.000741383
8.292815e-09,-0.000723222
8.392815e-09,-0.000701817
8.492815e-09,-0.000678467
8.592815e-09,-0.000654468
8.692815e-09,-0.000632415
8.792815e-09,-0.000613605
8.892815e-09,-0.000598038
8.992815e-09,-0.000586363
9.092815e-09,-0.000577931
9.192815e-09,-0.000570796
9.292815e-09,-0.00056431
9.392815e-09,-0.000555878
9.492815e-09,-0.000546149
9.592815e-09,-0.000534473
9.692815e-09,-0.000521501
9.792815e-09,-0.00050788
9.892815e-09,-0.000494908
9.992815e-09,-0.00048453
1.009281e-08,-0.000478043
1.019281e-08,-0.000476098
1.029281e-08,-0.000479341
1.039281e-08,-0.000486475
1.049281e-08,-0.000496205
1.059281e-08,-0.00050788
1.069281e-08,-0.000518258
1.079281e-08,-0.000528636
1.089281e-08,-0.000535771
1.099281e-08,-0.00054096
1.109281e-08,-0.000542905
1.119281e-08,-0.000542257
1.129281e-08,-0.000539014
1.139281e-08,-0.000533825
1.149281e-08,-0.000527987
1.159281e-08,-0.000522798
1.169281e-08,-0.000517609
1.179281e-08,-0.00051242
1.189281e-08,-0.000508529
1.199281e-08,-0.000505285
1.209281e-08,-0.000503988
1.219281e-08,-0.000504637
1.229281e-08,-0.000508529
1.239281e-08,-0.000515663
1.249281e-08,-0.000527339
1.259281e-08,-0.000542257
1.269281e-08,-0.000560418
1.279281e-08,-0.000582471
1.289281e-08,-0.00060647
1.299281e-08,-0.000630469
1.309281e-08,-0.000652522
1.319281e-08,-0.000671332
1.329281e-08,-0.000684953
1.339281e-08,-0.000692737
1.349281e-08,-0.000694034
1.359281e-08,-0.000689494
1.369281e-08,-0.000680413
1.379281e-08,-0.000667441
1.389281e-08,-0.000654468
1.399281e-08,-0.000642793
1.409281e-08,-0.000634361
1.419281e-08,-0.000630469
1.429281e-08,-0.000631766
1.439281e-08,-0.000638253
1.449281e-08,-0.000649928
1.459281e-08,-0.000664846
1.469281e-08,-0.000683656
1.479281e-08,-0.00070506
1.489281e-08,-0.000728411
1.499281e-08,-0.000751761
1.509281e-08,-0.000775111
1.519281e-08,-0.000798462
1.529281e-08,-0.000821163
1.539281e-08,-0.000843217
1.549281e-08,-0.000863972
1.559281e-08,-0.000882782
1.569281e-08,-0.000898349
1.579281e-08,-0.000911322
1.589281e-08,-0.000921051
1.599281e-08,-0.000926889
1.609281e-08,-0.000929483
1.619281e-08,-0.000928834
1.629281e-08,-0.000925591
1.639281e-08,-0.000921051
1.649281e-08,-0.000915862
1.659281e-08,-0.000911322
1.669281e-08,-0.00090743
1.679281e-08,-0.000905484
1.689281e-08,-0.000904835
1.699281e-08,-0.000906133
1.709281e-08,-0.000908079
1.719281e-08,-0.000910024
1.729281e-08,-0.000911322
1.739281e-08,-0.000911322
1.749281e-08,-0.000908727
1.759281e-08,-0.000903538
1.769281e-08,-0.000895106
1.779281e-08,-0.000885377
1.789281e-08,-0.000873053
1.799281e-08,-0.000858783
1.809281e-08,-0.000843865
1.819281e-08,-0.00082765
1.829281e-08,-0.000810137
1.839281e-08,-0.000790678
1.849281e-08,-0.000767977
1.859281e-08,-0.000742032
1.869281e-08,-0.000712195
1.879281e-08,-0.000679116
1.889281e-08,-0.000641496
1.899281e-08,-0.00060193
1.909281e-08,-0.000562364
1.919281e-08,-0.000524744
1.929281e-08,-0.000490367
1.939281e-08,-0.000461179
1.949281e-08,-0.000437829
1.959281e-08,-0.000420965
1.969281e-08,-0.000410587
1.979281e-08,-0.000405398
1.989281e-08,-0.000404749
1.999281e-08,-0.000406047
2.009281e-08,-0.00040929
2.019281e-08,-0.000413181
2.029281e-08,-0.000417073
2.039281e-08,-0.000422262
2.049281e-08,-0.000428748
2.059281e-08,-0.00043718
2.069281e-08,-0.000448207
2.079281e-08,-0.000462477
2.089281e-08,-0.000479341
2.099281e-08,-0.000498151
2.109281e-08,-0.000516312
2.119281e-08,-0.000533825
2.129281e-08,-0.000546797
2.139281e-08,-0.000555229
2.149281e-08,-0.000557824
2.159281e-08,-0.000554581
2.169281e-08,-0.000546149
2.179281e-08,-0.000533176
2.189281e-08,-0.000516961
2.199281e-08,-0.000500745
2.209281e-08,-0.000483881
2.219281e-08,-0.000468314
2.229281e-08,-0.000453396
2.239281e-08,-0.000439126
2.249281e-08,-0.000423559
2.259281e-08,-0.000406047
2.269281e-08,-0.000385939
2.279281e-08,-0.000361292
2.289281e-08,-0.000333401
2.299281e-08,-0.000301619
2.309281e-08,-0.000269188
2.319281e-08,-0.000236757
2.329281e-08,-0.000206272
2.339281e-08,-0.000180975
2.349281e-08,-0.000160868
2.359281e-08,-0.000147247
2.369281e-08,-0.000140112
2.379281e-08,-0.000139464
2.389281e-08,-0.000144653
2.399281e-08,-0.000154382
2.409281e-08,-0.000167354
2.419281e-08,-0.000181624
2.429281e-08,-0.000198488
2.439281e-08,-0.00021665
2.449281e-08,-0.000235459
2.459281e-08,-0.000255567
2.469281e-08,-0.000276323
2.479281e-08,-0.000297727
2.489281e-08,-0.000319131
2.499281e-08,-0.000339887
2.509281e-08,-0.000359346
2.519281e-08,-0.00037621
2.529281e-08,-0.000389182
2.539281e-08,-0.000396966
2.549281e-08,-0.000400209
2.559281e-08,-0.000398912
2.569281e-08,-0.000393723
2.579281e-08,-0.000385291
2.589281e-08,-0.000374913
2.599281e-08,-0.000363886
2.609281e-08,-0.000353508
2.619281e-08,-0.000343779
2.629281e-08,-0.000335996
2.639281e-08,-0.000328861
2.649281e-08,-0.000322375
2.659281e-08,-0.000313943
2.669281e-08,-0.000302916
2.679281e-08,-0.000289295
2.689281e-08,-0.000271782
2.699281e-08,-0.000251026
2.709281e-08,-0.000228325
2.719281e-08,-0.000205623
2.729281e-08,-0.000184219
2.739281e-08,-0.000166706
2.749281e-08,-0.000154382
2.759281e-08,-0.000148544
2.769281e-08,-0.000149842
2.779281e-08,-0.000156976
2.789281e-08,-0.0001693
2.799281e-08,-0.000186813
2.809281e-08,-0.000205623
2.819281e-08,-0.000225082
2.829281e-08,-0.000243243
2.839281e-08,-0.00025881
2.849281e-08,-0.000270485
2.859281e-08,-0.00027762
2.869281e-08,-0.000280863
2.879281e-08,-0.000281512
2.889281e-08,-0.000280863
2.899281e-08,-0.00027762
2.909281e-08,-0.000273728
2.919281e-08,-0.000268539
2.929281e-08,-0.000262702
2.939281e-08,-0.000256215
2.949281e-08,-0.000248432
2.959281e-08,-0.000240648
2.969281e-08,-0.000233514
2.979281e-08,-0.000227027
2.989281e-08,-0.00022119
2.999281e-08,-0.000217947
3.009281e-08,-0.000217947
3.019281e-08,-0.000220541
3.029281e-08,-0.000226379
3.039281e-08,-0.000235459
3.049281e-08,-0.000245189
3.059281e-08,-0.000255567
3.069281e-08,-0.000264647
3.079281e-08,-0.000271134
3.089281e-08,-0.000275025
3.099281e-08,-0.000274377
3.109281e-08,-0.000269188
3.119281e-08,-0.000260756
3.129281e-08,-0.000249081
3.139281e-08,-0.000234811
3.149281e-08,-0.000219244
3.159281e-08,-0.000203677
3.169281e-08,-0.000188759
3.179281e-08,-0.000174489
3.189281e-08,-0.000162814
3.199281e-08,-0.000153733
3.209281e-08,-0.000147247
3.219281e-08,-0.000144653
3.229281e-08,-0.000144653
3.239281e-08,-0.000148544
3.249281e-08,-0.000154382
3.259281e-08,-0.000162814
3.269281e-08,-0.000173192
3.279281e-08,-0.000184867
3.289281e-08,-0.000197191
3.299281e-08,-0.000208217
3.309281e-08,-0.000217298
3.319281e-08,-0.000224433
3.329281e-08,-0.000228973
3.339281e-08,-0.000230271
3.349281e-08,-0.000228325
3.359281e-08,-0.000225082
3.369281e-08,-0.000219244
3.379281e-08,-0.000212109
3.389281e-08,-0.000204326
3.399281e-08,-0.00019784
3.409281e-08,-0.000192651
3.419281e-08,-0.000188759
3.429281e-08,-0.000185516
3.439281e-08,-0.00018357
3.449281e-08,-0.000182921
3.459281e-08,-0.000182273
3.469281e-08,-0.000182273
3.479281e-08,-0.000182921
3.489281e-08,-0.00018357
3.499281e-08,-0.000184867
3.509281e-08,-0.000186813
3.519281e-08,-0.000188759
3.529281e-08,-0.000192002
3.539281e-08,-0.000195894
3.549281e-08,-0.000200434
3.559281e-08,-0.000204974
3.569281e-08,-0.000208217
3.579281e-08,-0.000210163
3.589281e-08,-0.000210163
3.599281e-08,-0.000208217
3.609281e-08,-0.000204326
3.619281e-08,-0.00019784
3.629281e-08,-0.000190056
3.639281e-08,-0.000180327
3.649281e-08,-0.000170597
3.659281e-08,-0.000160868
3.669281e-08,-0.000151139
3.679281e-08,-0.000142707
3.689281e-08,-0.000134923
3.699281e-08,-0.000129086
3.709281e-08,-0.000125194
3.719281e-08,-0.000121951
3.729281e-08,-0.000121302
3.739281e-08,-0.000121302
3.749281e-08,-0.000123248
3.759281e-08,-0.000127789
3.769281e-08,-0.000134275
3.779281e-08,-0.000142707
3.789281e-08,-0.000153733
3.799281e-08,-0.000166706
3.809281e-08,-0.000180327
3.819281e-08,-0.000193948
3.829281e-08,-0.000206272
3.839281e-08,-0.00021665
3.849281e-08,-0.000224433
3.859281e-08,-0.000228325
3.869281e-08,-0.000227676
3.879281e-08,-0.000222487
3.889281e-08,-0.000211461
3.899281e-08,-0.000196542
3.909281e-08,-0.000177732
3.919281e-08,-0.000156328
3.929281e-08,-0.000133626
3.939281e-08,-0.000110924
3.949281e-08,-8.88713e-05
3.959281e-08,-6.94127e-05
3.969281e-08,-5.31972e-05
3.979281e-08,-4.08734e-05
3.989281e-08,-3.37386e-05
3.999281e-08,-3.11441e-05
4.009281e-08,-3.43872e-05
4.019281e-08,-4.08734e-05
4.029281e-08,-4.99541e-05
4.039281e-08,-6.22779e-05
4.049281e-08,-7.58989e-05
4.059281e-08,-9.01686e-05
4.069281e-08,-0.00010379
4.079281e-08,-0.000117411
4.089281e-08,-0.000129734
4.099281e-08,-0.000139464
4.109281e-08,-0.000148544
4.119281e-08,-0.000156328
4.129281e-08,-0.000162814
4.139281e-08,-0.0001693
4.149281e-08,-0.000175786
4.159281e-08,-0.000182273
4.169281e-08,-0.000189407
4.179281e-08,-0.000195894
4.189281e-08,-0.000201731
4.199281e-08,-0.000206272
4.209281e-08,-0.000210812
4.219281e-08,-0.000213406
4.229281e-08,-0.000215352
4.239281e-08,-0.000217947
4.249281e-08,-0.000220541
4.259281e-08,-0.000223784
4.269281e-08,-0.000228973
4.279281e-08,-0.000236108
4.289281e-08,-0.000245837
4.299281e-08,-0.000257513
4.309281e-08,-0.000270485
4.319281e-08,-0.000283457
4.329281e-08,-0.000294484
4.339281e-08,-0.000302267
4.349281e-08,-0.00030551
4.359281e-08,-0.000302916
4.369281e-08,-0.000293187
4.379281e-08,-0.00027762
4.389281e-08,-0.000256864
4.399281e-08,-0.000231568
4.409281e-08,-0.000204974
4.419281e-08,-0.000177732
4.429281e-08,-0.000152436
4.439281e-08,-0.00013168
4.449281e-08,-0.000116762
4.459281e-08,-0.000107681
4.469281e-08,-0.000104438
4.479281e-08,-0.000107033
4.489281e-08,-0.00011287
4.499281e-08,-0.000120005
4.509281e-08,-0.000126491
4.519281e-08,-0.00013168
4.529281e-08,-0.000134275
4.539281e-08,-0.000132329
4.549281e-08,-0.000125843
4.559281e-08,-0.000115465
4.569281e-08,-0.000102492
4.579281e-08,-8.62769e-05
4.589281e-08,-7.00614e-05
4.599281e-08,-5.38459e-05
4.609281e-08,-3.95762e-05
4.619281e-08,-2.66038e-05
4.629281e-08,-1.62259e-05
4.639281e-08,-9.09106e-06
4.649281e-08,-6.49658e-06
4.659281e-08,-6.49658e-06
4.669281e-08,-8.44244e-06
4.679281e-08,-1.36314e-05
4.689281e-08,-2.01176e-05
4.699281e-08,-2.7901e-05
4.709281e-08,-3.63331e-05
4.719281e-08,-4.54138e-05
4.729281e-08,-5.57917e-05
4.739281e-08,-6.5521e-05
4.749281e-08,-7.52503e-05
4.759281e-08,-8.56282e-05
4.769281e-08,-9.53575e-05
4.779281e-08,-0.000105087
4.789281e-08,-0.000114168
4.799281e-08,-0.000123248
4.809281e-08,-0.000132329
4.819281e-08,-0.00014141
4.829281e-08,-0.000151139
4.839281e-08,-0.000161517
4.849281e-08,-0.000173841
4.859281e-08,-0.000186164
4.869281e-08,-0.000198488
4.879281e-08,-0.000210812
4.889281e-08,-0.000223784
4.899281e-08,-0.000235459
4.909281e-08,-0.000245189
4.919281e-08,-0.000253621
4.929281e-08,-0.00025881
4.939281e-08,-0.000261404
4.949281e-08,-0.000260107
4.959281e-08,-0.000255567
4.969281e-08,-0.000248432
4.979281e-08,-0.000239351
4.989281e-08,-0.000229622
4.999281e-08,-0.000219244
5.009281e-08,-0.000208866
5.019281e-08,-0.000199785
5.029281e-08,-0.000192651
5.039281e-08,-0.00018811
5.049281e-08,-0.000185516
5.059281e-08,-0.000185516
5.069281e-08,-0.000186164
5.079281e-08,-0.000187462
5.089281e-08,-0.000189407
5.099281e-08,-0.000190056
5.109281e-08,-0.000189407
5.119281e-08,-0.00018811
5.129281e-08,-0.000184867
5.139281e-08,-0.000180327
5.149281e-08,-0.000175138
5.159281e-08,-0.000168652
5.169281e-08,-0.000161517
5.179281e-08,-0.000154382
5.189281e-08,-0.000147247
5.199281e-08,-0.000139464
5.209281e-08,-0.000132329
5.219281e-08,-0.000125843
5.229281e-08,-0.000120654
5.239281e-08,-0.000116762
5.249281e-08,-0.000114168
5.259281e-08,-0.000112222
5.269281e-08,-0.000110924
5.279281e-08,-0.000110276
5.289281e-08,-0.000109627
5.299281e-08,-0.000108979
5.309281e-08,-0.00010833
5.319281e-08,-0.000106384
5.329281e-08,-0.00010379
5.339281e-08,-0.000101195
5.349281e-08,-9.86006e-05
5.359281e-08,-9.73034e-05
5.369281e-08,-9.60062e-05
5.379281e-08,-9.47089e-05
5.389281e-08,-9.47089e-05
5.399281e-08,-9.53575e-05
5.409281e-08,-9.7952e-05
5.419281e-08,-0.000100547
5.429281e-08,-0.000102492
5.439281e-08,-0.000104438
5.449281e-08,-0.000105087
5.459281e-08,-0.000104438
5.469281e-08,-0.000102492
5.479281e-08,-9.98979e-05
5.489281e-08,-9.73034e-05
5.499281e-08,-9.40603e-05
5.509281e-08,-9.14658e-05
5.519281e-08,-8.88713e-05
5.529281e-08,-8.75741e-05
5.539281e-08,-8.75741e-05
5.549281e-08,-8.82227e-05
5.559281e-08,-8.952e-05
5.569281e-08,-9.21144e-05
5.579281e-08,-9.60062e-05
5.589281e-08,-0.000100547
5.599281e-08,-0.000106384
5.609281e-08,-0.00011287
5.619281e-08,-0.000120005
5.629281e-08,-0.00012714
5.639281e-08,-0.000135572
5.649281e-08,-0.000144653
5.659281e-08,-0.000151787
5.669281e-08,-0.000157625
5.679281e-08,-0.00016022
5.689281e-08,-0.000159571
5.699281e-08,-0.000153733
5.709281e-08,-0.000142707
5.719281e-08,-0.000126491
5.729281e-08,-0.000107681
5.739281e-08,-8.62769e-05
5.749281e-08,-6.35752e-05
5.759281e-08,-4.15221e-05
5.769281e-08,-2.27121e-05
5.779281e-08,-8.44244e-06
5.789281e-08,-1.03779e-08
5.799281e-08,2.5841e-06
5.809281e-08,-6.58998e-07
5.819281e-08,-7.79382e-06
5.829281e-08,-1.88204e-05
5.839281e-08,-3.11441e-05
5.849281e-08,-4.34679e-05
5.859281e-08,-5.44945e-05
5.869281e-08,-6.29265e-05
5.879281e-08,-6.87641e-05
5.889281e-08,-7.33045e-05
5.899281e-08,-7.52503e-05
5.909281e-08,-7.65476e-05
5.919281e-08,-7.84934e-05
5.929281e-08,-8.23851e-05
5.939281e-08,-8.82227e-05
5.949281e-08,-9.53575e-05
5.959281e-08,-0.000105087
5.969281e-08,-0.000115465
5.979281e-08,-0.000126491
5.989281e-08,-0.000136869
5.999281e-08,-0.000144653
6.009281e-08,-0.000149193
6.019281e-08,-0.000149842
6.029281e-08,-0.000146599
6.039281e-08,-0.000140112
6.049281e-08,-0.000129734
6.059281e-08,-0.000115465
6.069281e-08,-9.73034e-05
6.079281e-08,-7.65476e-05
6.089281e-08,-5.38459e-05
6.099281e-08,-2.98469e-05
6.109281e-08,-4.55072e-06
6.119281e-08,1.94482e-05
6.129281e-08,4.27986e-05
6.139281e-08,6.29058e-05
6.149281e-08,7.97699e-05
6.159281e-08,9.07964e-05
6.169281e-08,9.46882e-05
6.179281e-08,9.27423e-05
6.189281e-08,8.43102e-05
6.199281e-08,6.9392e-05
6.209281e-08,4.92848e-05
6.219281e-08,2.52858e-05
6.229281e-08,-1.30762e-06
6.239281e-08,-2.85497e-05
6.249281e-08,-5.57917e-05
6.259281e-08,-8.23851e-05
6.269281e-08,-0.000107681
6.279281e-08,-0.000132329
6.289281e-08,-0.000156976
6.299281e-08,-0.000180327
6.309281e-08,-0.00020238
6.319281e-08,-0.000223136
6.329281e-08,-0.000243243
6.339281e-08,-0.000261404
6.349281e-08,-0.000276971
6.359281e-08,-0.000290592
6.369281e-08,-0.000300322
6.379281e-08,-0.000306159
6.389281e-08,-0.000309402
6.399281e-08,-0.000309402
6.409281e-08,-0.000307456
6.419281e-08,-0.000304213
6.429281e-08,-0.000299673
6.439281e-08,-0.000293835
6.449281e-08,-0.0002867
6.459281e-08,-0.00027762
6.469281e-08,-0.000265945
6.479281e-08,-0.000250378
6.489281e-08,-0.000231568
6.499281e-08,-0.000208217
6.509281e-08,-0.000182273
6.519281e-08,-0.000154382
6.529281e-08,-0.000126491
6.539281e-08,-0.000101195
6.549281e-08,-8.04393e-05
6.559281e-08,-6.61696e-05
6.569281e-08,-5.96834e-05
6.579281e-08,-6.16293e-05
6.589281e-08,-7.13586e-05
6.599281e-08,-8.69255e-05
6.609281e-08,-0.000105087
6.619281e-08,-0.000124545
6.629281e-08,-0.000140761
6.639281e-08,-0.000153085
6.649281e-08,-0.000157625
6.659281e-08,-0.000155031
6.669281e-08,-0.00014595
6.679281e-08,-0.000130383
6.689281e-08,-0.000110276
6.699281e-08,-8.75741e-05
6.709281e-08,-6.5521e-05
6.719281e-08,-4.54138e-05
6.729281e-08,-2.98469e-05
6.739281e-08,-1.88204e-05
6.749281e-08,-1.29828e-05
6.759281e-08,-1.10369e-05
6.769281e-08,-1.29828e-05
6.779281e-08,-1.75231e-05
6.789281e-08,-2.27121e-05
6.799281e-08,-2.91983e-05
6.809281e-08,-3.37386e-05
6.819281e-08,-3.76303e-05
6.829281e-08,-4.02248e-05
6.839281e-08,-4.15221e-05
6.849281e-08,-4.15221e-05
6.859281e-08,-4.08734e-05
6.869281e-08,-3.89276e-05
6.879281e-08,-3.69817e-05
6.889281e-08,-3.50359e-05
6.899281e-08,-3.24414e-05
6.909281e-08,-2.98469e-05
6.919281e-08,-2.72524e-05
6.929281e-08,-2.46579e-05
6.939281e-08,-2.20635e-05
6.949281e-08,-2.01176e-05
6.959281e-08,-1.9469e-05
6.969281e-08,-2.14148e-05
6.979281e-08,-2.46579e-05
6.989281e-08,-3.04955e-05
6.999281e-08,-3.76303e-05
7.009281e-08,-4.54138e-05
7.019281e-08,-5.44945e-05
7.029281e-08,-6.35752e-05
7.039281e-08,-7.33045e-05
7.049281e-08,-8.4331e-05
7.059281e-08,-9.66548e-05
7.069281e-08,-0.000110276
7.079281e-08,-0.000125843
7.089281e-08,-0.000144004
7.099281e-08,-0.000162814
7.109281e-08,-0.000182921
7.119281e-08,-0.000203677
7.129281e-08,-0.000222487
7.139281e-08,-0.000238703
7.149281e-08,-0.000250378
7.159281e-08,-0.000256864
7.169281e-08,-0.000257513
7.179281e-08,-0.000252324
7.189281e-08,-0.000242594
7.199281e-08,-0.000229622
7.209281e-08,-0.00021665
7.219281e-08,-0.000203677
7.229281e-08,-0.000193299
7.239281e-08,-0.000186164
7.249281e-08,-0.000182921
7.259281e-08,-0.000181624
7.269281e-08,-0.000180975
7.279281e-08,-0.00017903
7.289281e-08,-0.000174489
7.299281e-08,-0.000165409
7.309281e-08,-0.00015049
7.319281e-08,-0.000129734
7.329281e-08,-0.00010379
7.339281e-08,-7.33045e-05
7.349281e-08,-4.21707e-05
7.359281e-08,-1.16855e-05
7.369281e-08,1.42593e-05
7.379281e-08,3.50151e-05
7.389281e-08,4.92848e-05
7.399281e-08,5.77168e-05
7.409281e-08,5.90141e-05
7.419281e-08,5.5771e-05
7.429281e-08,4.92848e-05
7.439281e-08,4.02041e-05
7.449281e-08,3.04748e-05
7.459281e-08,2.07455e-05
7.469281e-08,1.10162e-05
7.479281e-08,-1.03779e-08
7.489281e-08,-1.23342e-05
7.499281e-08,-2.59552e-05
7.509281e-08,-4.15221e-05
7.519281e-08,-5.90348e-05
7.529281e-08,-7.78448e-05
7.539281e-08,-9.73034e-05
7.549281e-08,-0.000114168
7.559281e-08,-0.00012714
7.569281e-08,-0.000134923
7.579281e-08,-0.000134923
7.589281e-08,-0.000126491
7.599281e-08,-0.000110924
7.609281e-08,-8.88713e-05
7.619281e-08,-6.29265e-05
7.629281e-08,-3.56845e-05
7.639281e-08,-9.73968e-06
7.649281e-08,1.16648e-05
7.659281e-08,2.72317e-05
7.669281e-08,3.56637e-05
7.679281e-08,3.56637e-05
7.689281e-08,2.6583e-05
7.699281e-08,1.10162e-05
7.709281e-08,-1.10369e-05
7.719281e-08,-3.76303e-05
7.729281e-08,-6.61696e-05
