LECROYWaveRunner‘N,20113,Waveform
Segments,1,SegmentSize,2002
Segment,TrigTime,TimeSinceSegment1
#1,28-Sep-2018 13:20:40,0                 
Time,Ampl
-1.228512e-07,0.000109606
-1.227512e-07,0.000102472
-1.226512e-07,9.40395e-05
-1.225512e-07,8.43102e-05
-1.224512e-07,7.39323e-05
-1.223512e-07,6.35544e-05
-1.222512e-07,5.44737e-05
-1.221512e-07,4.73389e-05
-1.220512e-07,4.15013e-05
-1.219512e-07,3.89068e-05
-1.218512e-07,3.76096e-05
-1.217512e-07,3.76096e-05
-1.216512e-07,3.76096e-05
-1.215512e-07,3.63124e-05
-1.214512e-07,3.30692e-05
-1.213512e-07,2.6583e-05
-1.212512e-07,1.8151e-05
-1.211512e-07,6.47582e-06
-1.210512e-07,-7.1452e-06
-1.209512e-07,-2.20635e-05
-1.208512e-07,-3.76303e-05
-1.207512e-07,-5.19e-05
-1.206512e-07,-6.42238e-05
-1.205512e-07,-7.46017e-05
-1.204512e-07,-8.30338e-05
-1.203512e-07,-8.82227e-05
-1.202512e-07,-9.21144e-05
-1.201512e-07,-9.47089e-05
-1.200512e-07,-9.73034e-05
-1.199512e-07,-0.000100547
-1.198512e-07,-0.00010379
-1.197512e-07,-0.00010833
-1.196512e-07,-0.000113519
-1.195512e-07,-0.000118708
-1.194512e-07,-0.000124545
-1.193512e-07,-0.000131032
-1.192512e-07,-0.000137518
-1.191512e-07,-0.000144004
-1.190512e-07,-0.000149842
-1.189512e-07,-0.000155679
-1.188512e-07,-0.000161517
-1.187512e-07,-0.000165409
-1.186512e-07,-0.000168003
-1.185512e-07,-0.0001693
-1.184512e-07,-0.000168652
-1.183512e-07,-0.000165409
-1.182512e-07,-0.000158274
-1.181512e-07,-0.000149193
-1.180512e-07,-0.000138166
-1.179512e-07,-0.000125194
-1.178512e-07,-0.00011287
-1.177512e-07,-0.000101195
-1.176512e-07,-9.21144e-05
-1.175512e-07,-8.56282e-05
-1.174512e-07,-8.23851e-05
-1.173512e-07,-8.17365e-05
-1.172512e-07,-8.17365e-05
-1.171512e-07,-8.23851e-05
-1.170512e-07,-8.04393e-05
-1.169512e-07,-7.65476e-05
-1.168512e-07,-6.81155e-05
-1.167512e-07,-5.44945e-05
-1.166512e-07,-3.50359e-05
-1.165512e-07,-1.03883e-05
-1.164512e-07,1.8151e-05
-1.163512e-07,4.79875e-05
-1.162512e-07,7.71754e-05
-1.161512e-07,0.000104417
-1.160512e-07,0.000127119
-1.159512e-07,0.000145929
-1.158512e-07,0.000160199
-1.157512e-07,0.000169928
-1.156512e-07,0.000176414
-1.155512e-07,0.000180955
-1.154512e-07,0.000184846
-1.153512e-07,0.000189387
-1.152512e-07,0.000193927
-1.151512e-07,0.000201062
-1.150512e-07,0.000209494
-1.149512e-07,0.000217926
-1.148512e-07,0.000225709
-1.147512e-07,0.000232196
-1.146512e-07,0.00023479
-1.145512e-07,0.000232844
-1.144512e-07,0.000225709
-1.143512e-07,0.000213386
-1.142512e-07,0.000196522
-1.141512e-07,0.000176414
-1.140512e-07,0.000153064
-1.139512e-07,0.000128416
-1.138512e-07,0.000102472
-1.137512e-07,7.65268e-05
-1.136512e-07,5.12306e-05
-1.135512e-07,2.6583e-05
-1.134512e-07,3.23272e-06
-1.133512e-07,-1.88204e-05
-1.132512e-07,-3.89276e-05
-1.131512e-07,-5.64403e-05
-1.130512e-07,-7.071e-05
-1.129512e-07,-8.30338e-05
-1.128512e-07,-9.14658e-05
-1.127512e-07,-9.60062e-05
-1.126512e-07,-9.53575e-05
-1.125512e-07,-9.01686e-05
-1.124512e-07,-7.9142e-05
-1.123512e-07,-6.35752e-05
-1.122512e-07,-4.34679e-05
-1.121512e-07,-1.9469e-05
-1.120512e-07,7.77306e-06
-1.119512e-07,3.76096e-05
-1.118512e-07,6.9392e-05
-1.117512e-07,0.000102472
-1.116512e-07,0.000135551
-1.115512e-07,0.000167982
-1.114512e-07,0.000198467
-1.113512e-07,0.000227007
-1.112512e-07,0.000250357
-1.111512e-07,0.000268518
-1.110512e-07,0.000279545
-1.109512e-07,0.000283437
-1.108512e-07,0.000279545
-1.107512e-07,0.000268518
-1.106512e-07,0.000251654
-1.105512e-07,0.000229601
-1.104512e-07,0.000203656
-1.103512e-07,0.000175766
-1.102512e-07,0.000149172
-1.101512e-07,0.000124525
-1.100512e-07,0.000103769
-1.099512e-07,8.75533e-05
-1.098512e-07,7.39323e-05
-1.097512e-07,6.35544e-05
-1.096512e-07,5.38251e-05
-1.095512e-07,4.34472e-05
-1.094512e-07,3.04748e-05
-1.093512e-07,1.23134e-05
-1.092512e-07,-1.03883e-05
-1.091512e-07,-3.8279e-05
-1.090512e-07,-7.071e-05
-1.089512e-07,-0.000105087
-1.088512e-07,-0.000140761
-1.087512e-07,-0.000175138
-1.086512e-07,-0.000206272
-1.085512e-07,-0.000232865
-1.084512e-07,-0.000253621
-1.083512e-07,-0.000267242
-1.082512e-07,-0.000274377
-1.081512e-07,-0.000275025
-1.080512e-07,-0.000271782
-1.079512e-07,-0.000265945
-1.078512e-07,-0.00025881
-1.077512e-07,-0.000251026
-1.076512e-07,-0.000241946
-1.075512e-07,-0.000232216
-1.074512e-07,-0.00022119
-1.073512e-07,-0.000208866
-1.072512e-07,-0.000194596
-1.071512e-07,-0.000177084
-1.070512e-07,-0.000155679
-1.069512e-07,-0.000132329
-1.068512e-07,-0.000106384
-1.067512e-07,-7.9142e-05
-1.066512e-07,-5.31972e-05
-1.065512e-07,-2.98469e-05
-1.064512e-07,-1.03883e-05
-1.063512e-07,3.88134e-06
-1.062512e-07,1.2962e-05
-1.061512e-07,1.75024e-05
-1.060512e-07,1.8151e-05
-1.059512e-07,1.68537e-05
-1.058512e-07,1.55565e-05
-1.057512e-07,1.55565e-05
-1.056512e-07,1.94482e-05
-1.055512e-07,2.85289e-05
-1.054512e-07,4.21499e-05
-1.053512e-07,5.96627e-05
-1.052512e-07,8.10671e-05
-1.051512e-07,0.000105715
-1.050512e-07,0.000131011
-1.049512e-07,0.00015501
-1.048512e-07,0.000175117
-1.047512e-07,0.000191333
-1.046512e-07,0.00020171
-1.045512e-07,0.000205602
-1.044512e-07,0.000203656
-1.043512e-07,0.00019717
-1.042512e-07,0.000185495
-1.041512e-07,0.000169928
-1.040512e-07,0.000151118
-1.039512e-07,0.000131011
-1.038512e-07,0.000108958
-1.037512e-07,8.69047e-05
-1.036512e-07,6.48516e-05
-1.035512e-07,4.34472e-05
-1.034512e-07,2.26913e-05
-1.033512e-07,2.5841e-06
-1.032512e-07,-1.68745e-05
-1.031512e-07,-3.50359e-05
-1.030512e-07,-5.06027e-05
-1.029512e-07,-6.42238e-05
-1.028512e-07,-7.58989e-05
-1.027512e-07,-8.49796e-05
-1.026512e-07,-9.14658e-05
-1.025512e-07,-9.60062e-05
-1.024512e-07,-9.7952e-05
-1.023512e-07,-9.66548e-05
-1.022512e-07,-9.21144e-05
-1.021512e-07,-8.36824e-05
-1.020512e-07,-7.13586e-05
-1.019512e-07,-5.51431e-05
-1.018512e-07,-3.50359e-05
-1.017512e-07,-1.23342e-05
-1.016512e-07,1.23134e-05
-1.015512e-07,3.82582e-05
-1.014512e-07,6.35544e-05
-1.013512e-07,8.8202e-05
-1.012512e-07,0.000110255
-1.011512e-07,0.000129065
-1.010512e-07,0.000143983
-1.009512e-07,0.000152415
-1.008512e-07,0.000156307
-1.007512e-07,0.00015501
-1.006512e-07,0.000149172
-1.005512e-07,0.000139443
-1.004512e-07,0.000127768
-1.003512e-07,0.000114147
-1.002512e-07,0.000101174
-1.001512e-07,8.88506e-05
-1.000512e-07,7.84727e-05
-9.995116e-08,7.06892e-05
-9.985116e-08,6.61489e-05
-9.975116e-08,6.55003e-05
-9.965116e-08,6.80947e-05
-9.955116e-08,7.26351e-05
-9.945116e-08,7.91213e-05
-9.935116e-08,8.69047e-05
-9.925116e-08,9.46882e-05
-9.915116e-08,0.00010312
-9.905116e-08,0.000110255
-9.895116e-08,0.000116741
-9.885116e-08,0.000120633
-9.875116e-08,0.000122579
-9.865116e-08,0.000122579
-9.855116e-08,0.000119336
-9.845116e-08,0.000113498
-9.835116e-08,0.000105066
-9.825116e-08,9.53368e-05
-9.815116e-08,8.36616e-05
-9.805116e-08,7.00406e-05
-9.795116e-08,5.64196e-05
-9.785116e-08,4.15013e-05
-9.775116e-08,2.59344e-05
-9.765116e-08,9.71892e-06
-9.755116e-08,-6.49658e-06
-9.745116e-08,-2.33607e-05
-9.735116e-08,-4.15221e-05
-9.725116e-08,-5.90348e-05
-9.715116e-08,-7.65476e-05
-9.705116e-08,-9.34117e-05
-9.695116e-08,-0.00010833
-9.685116e-08,-0.000121302
-9.675116e-08,-0.000130383
-9.665116e-08,-0.000134923
-9.655116e-08,-0.000134923
-9.645116e-08,-0.000130383
-9.635116e-08,-0.000120005
-9.625116e-08,-0.000105087
-9.615116e-08,-8.69255e-05
-9.605116e-08,-6.5521e-05
-9.595116e-08,-4.28193e-05
-9.585116e-08,-1.81717e-05
-9.575116e-08,5.8272e-06
-9.565116e-08,2.91775e-05
-9.555116e-08,5.25279e-05
-9.545116e-08,7.52296e-05
-9.535116e-08,9.53368e-05
-9.525116e-08,0.000114147
-9.515116e-08,0.000132308
-9.505116e-08,0.000147875
-9.495116e-08,0.000161496
-9.485116e-08,0.000170577
-9.475116e-08,0.000175766
-9.465116e-08,0.000176414
-9.455116e-08,0.000171225
-9.445116e-08,0.000161496
-9.435116e-08,0.000147226
-9.425116e-08,0.000129714
-9.415116e-08,0.000110255
-9.405116e-08,8.94992e-05
-9.395116e-08,7.00406e-05
-9.385116e-08,5.44737e-05
-9.375116e-08,4.27986e-05
-9.365116e-08,3.56637e-05
-9.355116e-08,3.30692e-05
-9.345116e-08,3.56637e-05
-9.335116e-08,4.15013e-05
-9.325116e-08,4.86361e-05
-9.315116e-08,5.64196e-05
-9.305116e-08,6.29058e-05
-9.295116e-08,6.74461e-05
-9.285116e-08,6.74461e-05
-9.275116e-08,6.4203e-05
-9.265116e-08,5.64196e-05
-9.255116e-08,4.40958e-05
-9.245116e-08,2.78803e-05
-9.235116e-08,9.71892e-06
-9.225116e-08,-9.73968e-06
-9.215116e-08,-2.91983e-05
-9.205116e-08,-4.6711e-05
-9.195116e-08,-6.09807e-05
-9.185116e-08,-7.13586e-05
-9.175116e-08,-7.71962e-05
-9.165116e-08,-7.65476e-05
-9.155116e-08,-7.071e-05
-9.145116e-08,-6.03321e-05
-9.135116e-08,-4.54138e-05
-9.125116e-08,-2.7901e-05
-9.115116e-08,-9.73968e-06
-9.105116e-08,7.12444e-06
-9.095116e-08,2.07455e-05
-9.085116e-08,2.98261e-05
-9.075116e-08,3.30692e-05
-9.065116e-08,2.98261e-05
-9.055116e-08,2.07455e-05
-9.045116e-08,5.8272e-06
-9.035116e-08,-1.23342e-05
-9.025116e-08,-3.17928e-05
-9.015116e-08,-5.06027e-05
-9.005116e-08,-6.61696e-05
-8.995116e-08,-7.52503e-05
-8.985116e-08,-7.71962e-05
-8.975116e-08,-7.00614e-05
-8.965116e-08,-5.51431e-05
-8.955116e-08,-3.309e-05
-8.945116e-08,-5.19934e-06
-8.935116e-08,2.59344e-05
-8.925116e-08,5.77168e-05
-8.915116e-08,8.75533e-05
-8.905116e-08,0.000114147
-8.895116e-08,0.000134903
-8.885116e-08,0.000149821
-8.875116e-08,0.000158902
-8.865116e-08,0.000162145
-8.855116e-08,0.00015955
-8.845116e-08,0.000153713
-8.835116e-08,0.000143983
-8.825116e-08,0.000132308
-8.815116e-08,0.000118687
-8.805116e-08,0.000103769
-8.795116e-08,8.75533e-05
-8.785116e-08,7.13378e-05
-8.775116e-08,5.38251e-05
-8.765116e-08,3.50151e-05
-8.755116e-08,1.62051e-05
-8.745116e-08,-3.9021e-06
-8.735116e-08,-2.46579e-05
-8.725116e-08,-4.54138e-05
-8.715116e-08,-6.48724e-05
-8.705116e-08,-8.4331e-05
-8.695116e-08,-0.000103141
-8.685116e-08,-0.000120654
-8.675116e-08,-0.000136869
-8.665116e-08,-0.000152436
-8.655116e-08,-0.000166057
-8.645116e-08,-0.00017903
-8.635116e-08,-0.000192002
-8.625116e-08,-0.000204326
-8.615116e-08,-0.00021665
-8.605116e-08,-0.000228325
-8.595116e-08,-0.000238703
-8.585116e-08,-0.000247783
-8.575116e-08,-0.000254269
-8.565116e-08,-0.000256215
-8.555116e-08,-0.000253621
-8.545116e-08,-0.000245837
-8.535116e-08,-0.000233514
-8.525116e-08,-0.00021665
-8.515116e-08,-0.000194596
-8.505116e-08,-0.000169949
-8.495116e-08,-0.000144004
-8.485116e-08,-0.000117411
-8.475116e-08,-9.14658e-05
-8.465116e-08,-6.81155e-05
-8.455116e-08,-4.93055e-05
-8.445116e-08,-3.43872e-05
-8.435116e-08,-2.33607e-05
-8.425116e-08,-1.68745e-05
-8.415116e-08,-1.36314e-05
-8.405116e-08,-1.23342e-05
-8.395116e-08,-1.10369e-05
-8.385116e-08,-9.73968e-06
-8.375116e-08,-7.1452e-06
-8.365116e-08,-3.25348e-06
-8.355116e-08,2.5841e-06
-8.345116e-08,9.71892e-06
-8.335116e-08,1.8151e-05
-8.325116e-08,2.6583e-05
-8.315116e-08,3.56637e-05
-8.305116e-08,4.34472e-05
-8.295116e-08,4.99334e-05
-8.285116e-08,5.38251e-05
-8.275116e-08,5.51223e-05
-8.265116e-08,5.51223e-05
-8.255116e-08,5.25279e-05
-8.245116e-08,4.79875e-05
-8.235116e-08,4.08527e-05
-8.225116e-08,3.24206e-05
-8.215116e-08,2.20427e-05
-8.205116e-08,1.23134e-05
-8.195116e-08,2.5841e-06
-8.185116e-08,-5.84796e-06
-8.175116e-08,-1.36314e-05
-8.165116e-08,-2.01176e-05
-8.155116e-08,-2.46579e-05
-8.145116e-08,-2.72524e-05
-8.135116e-08,-2.91983e-05
-8.125116e-08,-2.91983e-05
-8.115116e-08,-2.85497e-05
-8.105116e-08,-2.72524e-05
-8.095116e-08,-2.66038e-05
-8.085116e-08,-2.40093e-05
-8.075116e-08,-2.07662e-05
-8.065116e-08,-1.62259e-05
-8.055116e-08,-1.16855e-05
-8.045116e-08,-5.19934e-06
-8.035116e-08,2.5841e-06
-8.025116e-08,1.10162e-05
-8.015116e-08,2.00968e-05
-8.005116e-08,2.85289e-05
-7.995116e-08,3.6961e-05
-7.985116e-08,4.40958e-05
-7.975116e-08,4.79875e-05
-7.965116e-08,4.92848e-05
-7.955116e-08,4.86361e-05
-7.945116e-08,4.47444e-05
-7.935116e-08,3.95555e-05
-7.925116e-08,3.30692e-05
-7.915116e-08,2.52858e-05
-7.905116e-08,1.75024e-05
-7.895116e-08,1.03675e-05
-7.885116e-08,5.17858e-06
-7.875116e-08,3.23272e-06
-7.865116e-08,2.5841e-06
-7.855116e-08,3.23272e-06
-7.845116e-08,5.17858e-06
-7.835116e-08,7.77306e-06
-7.825116e-08,1.16648e-05
-7.815116e-08,1.49079e-05
-7.805116e-08,1.8151e-05
-7.795116e-08,2.26913e-05
-7.785116e-08,2.85289e-05
-7.775116e-08,3.56637e-05
-7.765116e-08,4.5393e-05
-7.755116e-08,5.70682e-05
-7.745116e-08,7.06892e-05
-7.735116e-08,8.49589e-05
-7.725116e-08,9.92285e-05
-7.715116e-08,0.000112201
-7.705116e-08,0.00012193
-7.695116e-08,0.000127119
-7.685116e-08,0.000127119
-7.675116e-08,0.000122579
-7.665116e-08,0.000112201
-7.655116e-08,9.85799e-05
-7.645116e-08,8.36616e-05
-7.635116e-08,6.9392e-05
-7.625116e-08,5.90141e-05
-7.615116e-08,5.31765e-05
-7.605116e-08,5.31765e-05
-7.595116e-08,6.09599e-05
-7.585116e-08,7.52296e-05
-7.575116e-08,9.46882e-05
-7.565116e-08,0.000118038
-7.555116e-08,0.000142686
-7.545116e-08,0.000166685
-7.535116e-08,0.000186792
-7.525116e-08,0.00020171
-7.515116e-08,0.000210791
-7.505116e-08,0.000213386
-7.495116e-08,0.000209494
-7.485116e-08,0.000199765
-7.475116e-08,0.000186144
-7.465116e-08,0.000168631
-7.455116e-08,0.000148524
-7.445116e-08,0.000127119
-7.435116e-08,0.000105066
-7.425116e-08,8.23644e-05
-7.415116e-08,5.96627e-05
-7.405116e-08,3.82582e-05
-7.395116e-08,1.87996e-05
-7.385116e-08,2.5841e-06
-7.375116e-08,-1.10369e-05
-7.365116e-08,-2.07662e-05
-7.355116e-08,-2.59552e-05
-7.345116e-08,-2.7901e-05
-7.335116e-08,-2.66038e-05
-7.325116e-08,-2.27121e-05
-7.315116e-08,-1.68745e-05
-7.305116e-08,-1.16855e-05
-7.295116e-08,-9.09106e-06
-7.285116e-08,-9.09106e-06
-7.275116e-08,-1.10369e-05
-7.265116e-08,-1.55773e-05
-7.255116e-08,-2.14148e-05
-7.245116e-08,-2.72524e-05
-7.235116e-08,-3.17928e-05
-7.225116e-08,-3.17928e-05
-7.215116e-08,-2.7901e-05
-7.205116e-08,-1.75231e-05
-7.195116e-08,-1.30762e-06
-7.185116e-08,2.13941e-05
-7.175116e-08,4.79875e-05
-7.165116e-08,7.71754e-05
-7.155116e-08,0.000107661
-7.145116e-08,0.0001362
-7.135116e-08,0.000162145
-7.125116e-08,0.000182901
-7.115116e-08,0.000198467
-7.105116e-08,0.000207548
-7.095116e-08,0.000210143
-7.085116e-08,0.000208197
-7.075116e-08,0.000200413
-7.065116e-08,0.000188738
-7.055116e-08,0.000171874
-7.045116e-08,0.000151118
-7.035116e-08,0.000127119
-7.025116e-08,0.000100526
-7.015116e-08,7.06892e-05
-7.005116e-08,3.95555e-05
-6.995116e-08,7.77306e-06
-6.985116e-08,-2.33607e-05
-6.975116e-08,-5.25486e-05
-6.965116e-08,-7.78448e-05
-6.955116e-08,-9.7952e-05
-6.945116e-08,-0.000112222
-6.935116e-08,-0.000119356
-6.925116e-08,-0.000120654
-6.915116e-08,-0.000116113
-6.905116e-08,-0.000106384
-6.895116e-08,-9.34117e-05
-6.885116e-08,-7.97907e-05
-6.875116e-08,-6.5521e-05
-6.865116e-08,-5.25486e-05
-6.855116e-08,-4.28193e-05
-6.845116e-08,-3.43872e-05
-6.835116e-08,-2.66038e-05
-6.825116e-08,-1.88204e-05
-6.815116e-08,-9.73968e-06
-6.805116e-08,1.28686e-06
-6.795116e-08,1.42593e-05
-6.785116e-08,2.85289e-05
-6.775116e-08,4.34472e-05
-6.765116e-08,5.77168e-05
-6.755116e-08,7.06892e-05
-6.745116e-08,7.91213e-05
-6.735116e-08,8.3013e-05
-6.725116e-08,8.17158e-05
-6.715116e-08,7.52296e-05
-6.705116e-08,6.4203e-05
-6.695116e-08,4.99334e-05
-6.685116e-08,3.37179e-05
-6.675116e-08,1.8151e-05
-6.665116e-08,3.88134e-06
-6.655116e-08,-9.09106e-06
-6.645116e-08,-1.88204e-05
-6.635116e-08,-2.53066e-05
-6.625116e-08,-2.91983e-05
-6.615116e-08,-3.17928e-05
-6.605116e-08,-3.37386e-05
-6.595116e-08,-3.43872e-05
-6.585116e-08,-3.50359e-05
-6.575116e-08,-3.50359e-05
-6.565116e-08,-3.50359e-05
-6.555116e-08,-3.43872e-05
-6.545116e-08,-3.17928e-05
-6.535116e-08,-2.7901e-05
-6.525116e-08,-2.14148e-05
-6.515116e-08,-1.16855e-05
-6.505116e-08,6.38242e-07
-6.495116e-08,1.42593e-05
-6.485116e-08,2.72317e-05
-6.475116e-08,4.02041e-05
-6.465116e-08,5.0582e-05
-6.455116e-08,5.70682e-05
-6.445116e-08,6.03113e-05
-6.435116e-08,6.09599e-05
-6.425116e-08,5.90141e-05
-6.415116e-08,5.44737e-05
-6.405116e-08,4.86361e-05
-6.395116e-08,4.27986e-05
-6.385116e-08,3.6961e-05
-6.375116e-08,3.11234e-05
-6.365116e-08,2.59344e-05
-6.355116e-08,2.07455e-05
-6.345116e-08,1.55565e-05
-6.335116e-08,8.42168e-06
-6.325116e-08,6.38242e-07
-6.315116e-08,-8.44244e-06
-6.305116e-08,-1.81717e-05
-6.295116e-08,-2.7901e-05
-6.285116e-08,-3.63331e-05
-6.275116e-08,-4.08734e-05
-6.265116e-08,-4.08734e-05
-6.255116e-08,-3.63331e-05
-6.245116e-08,-2.46579e-05
-6.235116e-08,-6.49658e-06
-6.225116e-08,1.75024e-05
-6.215116e-08,4.66903e-05
-6.205116e-08,7.84727e-05
-6.195116e-08,0.000111552
-6.185116e-08,0.000142686
-6.175116e-08,0.000169279
-6.165116e-08,0.000188738
-6.155116e-08,0.000201062
-6.145116e-08,0.000205602
-6.135116e-08,0.000200413
-6.125116e-08,0.000188738
-6.115116e-08,0.000170577
-6.105116e-08,0.000149172
-6.095116e-08,0.000125173
-6.085116e-08,9.98771e-05
-6.075116e-08,7.65268e-05
-6.065116e-08,5.51223e-05
-6.055116e-08,3.6961e-05
-6.045116e-08,2.33399e-05
-6.035116e-08,1.55565e-05
-6.025116e-08,1.2962e-05
-6.015116e-08,1.49079e-05
-6.005116e-08,2.13941e-05
-5.995116e-08,3.11234e-05
-5.985116e-08,4.40958e-05
-5.975116e-08,5.90141e-05
-5.965116e-08,7.32837e-05
-5.955116e-08,8.62561e-05
-5.945116e-08,9.79313e-05
-5.935116e-08,0.000105715
-5.925116e-08,0.000109606
-5.915116e-08,0.000109606
-5.905116e-08,0.000106363
-5.895116e-08,0.000100526
-5.885116e-08,9.33909e-05
-5.875116e-08,8.56075e-05
-5.865116e-08,7.91213e-05
-5.855116e-08,7.58782e-05
-5.845116e-08,7.52296e-05
-5.835116e-08,7.7824e-05
-5.825116e-08,8.43102e-05
-5.815116e-08,9.46882e-05
-5.805116e-08,0.000107661
-5.795116e-08,0.000122579
-5.785116e-08,0.000138146
-5.775116e-08,0.000154361
-5.765116e-08,0.000170577
-5.755116e-08,0.000184198
-5.745116e-08,0.000195873
-5.735116e-08,0.000203656
-5.725116e-08,0.000207548
-5.715116e-08,0.000206251
-5.705116e-08,0.000199765
-5.695116e-08,0.000188089
-5.685116e-08,0.000171225
-5.675116e-08,0.000150469
-5.665116e-08,0.000127119
-5.655116e-08,0.000102472
-5.645116e-08,7.84727e-05
-5.635116e-08,5.83654e-05
-5.625116e-08,4.21499e-05
-5.615116e-08,3.1772e-05
-5.605116e-08,2.85289e-05
-5.595116e-08,3.11234e-05
-5.585116e-08,3.89068e-05
-5.575116e-08,4.86361e-05
-5.565116e-08,5.96627e-05
-5.555116e-08,6.9392e-05
-5.545116e-08,7.58782e-05
-5.535116e-08,7.65268e-05
-5.525116e-08,7.06892e-05
-5.515116e-08,5.90141e-05
-5.505116e-08,4.15013e-05
-5.495116e-08,2.00968e-05
-5.485116e-08,-3.9021e-06
-5.475116e-08,-2.66038e-05
-5.465116e-08,-4.6711e-05
-5.455116e-08,-6.42238e-05
-5.445116e-08,-7.84934e-05
-5.435116e-08,-8.82227e-05
-5.425116e-08,-9.60062e-05
-5.415116e-08,-0.000102492
-5.405116e-08,-0.000108979
-5.395116e-08,-0.000116113
-5.385116e-08,-0.000125194
-5.375116e-08,-0.000134923
-5.365116e-08,-0.000144653
-5.355116e-08,-0.000151787
-5.345116e-08,-0.000155031
-5.335116e-08,-0.000153085
-5.325116e-08,-0.000145301
-5.315116e-08,-0.000130383
-5.305116e-08,-0.000108979
-5.295116e-08,-8.36824e-05
-5.285116e-08,-5.64403e-05
-5.275116e-08,-2.85497e-05
-5.265116e-08,-2.60486e-06
-5.255116e-08,1.87996e-05
-5.245116e-08,3.43665e-05
-5.235116e-08,4.40958e-05
-5.225116e-08,4.86361e-05
-5.215116e-08,4.79875e-05
-5.205116e-08,4.27986e-05
-5.195116e-08,3.43665e-05
-5.185116e-08,2.46372e-05
-5.175116e-08,1.42593e-05
-5.165116e-08,3.88134e-06
-5.155116e-08,-5.19934e-06
-5.145116e-08,-1.29828e-05
-5.135116e-08,-2.01176e-05
-5.125116e-08,-2.72524e-05
-5.115116e-08,-3.24414e-05
-5.105116e-08,-3.69817e-05
-5.095116e-08,-3.95762e-05
-5.085116e-08,-4.02248e-05
-5.075116e-08,-3.95762e-05
-5.065116e-08,-3.69817e-05
-5.055116e-08,-3.309e-05
-5.045116e-08,-2.85497e-05
-5.035116e-08,-2.40093e-05
-5.025116e-08,-2.07662e-05
-5.015116e-08,-2.01176e-05
-5.005116e-08,-2.27121e-05
-4.995116e-08,-2.85497e-05
-4.985116e-08,-3.63331e-05
-4.975116e-08,-4.47652e-05
-4.965116e-08,-5.25486e-05
-4.955116e-08,-5.7089e-05
-4.945116e-08,-5.77376e-05
-4.935116e-08,-5.44945e-05
-4.925116e-08,-4.73596e-05
-4.915116e-08,-3.63331e-05
-4.905116e-08,-2.40093e-05
-4.895116e-08,-1.16855e-05
-4.885116e-08,-2.60486e-06
-4.875116e-08,2.5841e-06
-4.865116e-08,2.5841e-06
-4.855116e-08,-3.25348e-06
-4.845116e-08,-1.428e-05
-4.835116e-08,-2.91983e-05
-4.825116e-08,-4.54138e-05
-4.815116e-08,-6.22779e-05
-4.805116e-08,-7.71962e-05
-4.795116e-08,-8.69255e-05
-4.785116e-08,-9.27631e-05
-4.775116e-08,-9.34117e-05
-4.765116e-08,-9.08172e-05
-4.755116e-08,-8.49796e-05
-4.745116e-08,-7.84934e-05
-4.735116e-08,-7.20072e-05
-4.725116e-08,-6.74669e-05
-4.715116e-08,-6.42238e-05
-4.705116e-08,-6.29265e-05
-4.695116e-08,-6.22779e-05
-4.685116e-08,-6.09807e-05
-4.675116e-08,-5.7089e-05
-4.665116e-08,-4.93055e-05
-4.655116e-08,-3.8279e-05
-4.645116e-08,-2.27121e-05
-4.635116e-08,-5.19934e-06
-4.625116e-08,1.23134e-05
-4.615116e-08,2.72317e-05
-4.605116e-08,3.6961e-05
-4.595116e-08,4.02041e-05
-4.585116e-08,3.63124e-05
-4.575116e-08,2.52858e-05
-4.565116e-08,8.42168e-06
-4.555116e-08,-1.16855e-05
-4.545116e-08,-3.17928e-05
-4.535116e-08,-4.86569e-05
-4.525116e-08,-6.03321e-05
-4.515116e-08,-6.42238e-05
-4.505116e-08,-5.96834e-05
-4.495116e-08,-4.73596e-05
-4.485116e-08,-2.98469e-05
-4.475116e-08,-7.79382e-06
-4.465116e-08,1.42593e-05
-4.455116e-08,3.43665e-05
-4.445116e-08,4.92848e-05
-4.435116e-08,5.90141e-05
-4.425116e-08,6.22572e-05
-4.415116e-08,6.03113e-05
-4.405116e-08,5.51223e-05
-4.395116e-08,4.79875e-05
-4.385116e-08,4.02041e-05
-4.375116e-08,3.43665e-05
-4.365116e-08,3.04748e-05
-4.355116e-08,2.91775e-05
-4.345116e-08,2.91775e-05
-4.335116e-08,3.04748e-05
-4.325116e-08,3.11234e-05
-4.315116e-08,3.11234e-05
-4.305116e-08,2.91775e-05
-4.295116e-08,2.59344e-05
-4.285116e-08,2.13941e-05
-4.275116e-08,1.75024e-05
-4.265116e-08,1.55565e-05
-4.255116e-08,1.49079e-05
-4.245116e-08,1.75024e-05
-4.235116e-08,2.33399e-05
-4.225116e-08,3.11234e-05
-4.215116e-08,3.89068e-05
-4.205116e-08,4.60417e-05
-4.195116e-08,5.12306e-05
-4.185116e-08,5.25279e-05
-4.175116e-08,4.86361e-05
-4.165116e-08,4.15013e-05
-4.155116e-08,2.98261e-05
-4.145116e-08,1.49079e-05
-4.135116e-08,-2.60486e-06
-4.125116e-08,-2.07662e-05
-4.115116e-08,-3.76303e-05
-4.105116e-08,-5.19e-05
-4.095116e-08,-6.48724e-05
-4.085116e-08,-7.46017e-05
-4.075116e-08,-8.10879e-05
-4.065116e-08,-8.56282e-05
-4.055116e-08,-8.75741e-05
-4.045116e-08,-8.75741e-05
-4.035116e-08,-8.56282e-05
-4.025116e-08,-8.04393e-05
-4.015116e-08,-7.26558e-05
-4.005116e-08,-6.22779e-05
-3.995116e-08,-4.80083e-05
-3.985116e-08,-3.11441e-05
-3.975116e-08,-1.29828e-05
-3.965116e-08,6.47582e-06
-3.955116e-08,2.52858e-05
-3.945116e-08,4.27986e-05
-3.935116e-08,5.64196e-05
-3.925116e-08,6.55003e-05
-3.915116e-08,6.9392e-05
-3.905116e-08,6.80947e-05
-3.895116e-08,6.22572e-05
-3.885116e-08,5.31765e-05
-3.875116e-08,4.15013e-05
-3.865116e-08,2.91775e-05
-3.855116e-08,1.68537e-05
-3.845116e-08,3.88134e-06
-3.835116e-08,-7.79382e-06
-3.825116e-08,-2.01176e-05
-3.815116e-08,-3.24414e-05
-3.805116e-08,-4.60624e-05
-3.795116e-08,-5.96834e-05
-3.785116e-08,-7.39531e-05
-3.775116e-08,-8.82227e-05
-3.765116e-08,-0.000101195
-3.755116e-08,-0.000110276
-3.745116e-08,-0.000114816
-3.735116e-08,-0.000116113
-3.725116e-08,-0.000112222
-3.715116e-08,-0.00010379
-3.705116e-08,-9.27631e-05
-3.695116e-08,-8.04393e-05
-3.685116e-08,-6.87641e-05
-3.675116e-08,-6.03321e-05
-3.665116e-08,-5.57917e-05
-3.655116e-08,-5.7089e-05
-3.645116e-08,-6.48724e-05
-3.635116e-08,-7.71962e-05
-3.625116e-08,-9.40603e-05
-3.615116e-08,-0.000111573
-3.605116e-08,-0.000128437
-3.595116e-08,-0.000142058
-3.585116e-08,-0.00015049
-3.575116e-08,-0.000152436
-3.565116e-08,-0.000148544
-3.555116e-08,-0.000138166
-3.545116e-08,-0.000123248
-3.535116e-08,-0.000107033
-3.525116e-08,-8.952e-05
-3.515116e-08,-7.26558e-05
-3.505116e-08,-5.90348e-05
-3.495116e-08,-4.93055e-05
-3.485116e-08,-4.15221e-05
-3.475116e-08,-3.69817e-05
-3.465116e-08,-3.43872e-05
-3.455116e-08,-3.17928e-05
-3.445116e-08,-2.91983e-05
-3.435116e-08,-2.40093e-05
-3.425116e-08,-1.75231e-05
-3.415116e-08,-9.09106e-06
-3.405116e-08,1.28686e-06
-3.395116e-08,1.23134e-05
-3.385116e-08,2.33399e-05
-3.375116e-08,3.43665e-05
-3.365116e-08,4.47444e-05
-3.355116e-08,5.38251e-05
-3.345116e-08,6.09599e-05
-3.335116e-08,6.67975e-05
-3.325116e-08,7.00406e-05
-3.315116e-08,7.06892e-05
-3.305116e-08,6.9392e-05
-3.295116e-08,6.48516e-05
-3.285116e-08,5.70682e-05
-3.275116e-08,4.73389e-05
-3.265116e-08,3.50151e-05
-3.255116e-08,2.00968e-05
-3.245116e-08,5.17858e-06
-3.235116e-08,-8.44244e-06
-3.225116e-08,-1.88204e-05
-3.215116e-08,-2.53066e-05
-3.205116e-08,-2.66038e-05
-3.195116e-08,-2.20635e-05
-3.185116e-08,-1.03883e-05
-3.175116e-08,7.12444e-06
-3.165116e-08,2.91775e-05
-3.155116e-08,5.38251e-05
-3.145116e-08,7.7824e-05
-3.135116e-08,9.85799e-05
-3.125116e-08,0.000114147
-3.115116e-08,0.000122579
-3.105116e-08,0.000123227
-3.095116e-08,0.000115444
-3.085116e-08,0.000101823
-3.075116e-08,8.36616e-05
-3.065116e-08,6.29058e-05
-3.055116e-08,4.02041e-05
-3.045116e-08,1.68537e-05
-3.035116e-08,-5.19934e-06
-3.025116e-08,-2.59552e-05
-3.015116e-08,-4.54138e-05
-3.005116e-08,-6.42238e-05
-2.995116e-08,-8.17365e-05
-2.985116e-08,-9.86006e-05
-2.975116e-08,-0.000114168
-2.965116e-08,-0.000127789
-2.955116e-08,-0.000138815
-2.945116e-08,-0.000144653
-2.935116e-08,-0.000145301
-2.925116e-08,-0.000138815
-2.915116e-08,-0.000125194
-2.905116e-08,-0.000105735
-2.895116e-08,-8.17365e-05
-2.885116e-08,-5.51431e-05
-2.875116e-08,-2.72524e-05
-2.865116e-08,-1.03779e-08
-2.855116e-08,2.26913e-05
-2.845116e-08,3.95555e-05
-2.835116e-08,5.0582e-05
-2.825116e-08,5.51223e-05
-2.815116e-08,5.38251e-05
-2.805116e-08,4.66903e-05
-2.795116e-08,3.50151e-05
-2.785116e-08,2.07455e-05
-2.775116e-08,4.52996e-06
-2.765116e-08,-1.10369e-05
-2.755116e-08,-2.59552e-05
-2.745116e-08,-3.95762e-05
-2.735116e-08,-5.06027e-05
-2.725116e-08,-5.96834e-05
-2.715116e-08,-6.68183e-05
-2.705116e-08,-7.20072e-05
-2.695116e-08,-7.46017e-05
-2.685116e-08,-7.46017e-05
-2.675116e-08,-7.26558e-05
-2.665116e-08,-6.81155e-05
-2.655116e-08,-6.29265e-05
-2.645116e-08,-5.64403e-05
-2.635116e-08,-5.12514e-05
-2.625116e-08,-4.6711e-05
-2.615116e-08,-4.41165e-05
-2.605116e-08,-4.41165e-05
-2.595116e-08,-4.60624e-05
-2.585116e-08,-4.93055e-05
-2.575116e-08,-5.38459e-05
-2.565116e-08,-5.77376e-05
-2.555116e-08,-6.03321e-05
-2.545116e-08,-6.03321e-05
-2.535116e-08,-5.64403e-05
-2.525116e-08,-4.93055e-05
-2.515116e-08,-3.76303e-05
-2.505116e-08,-2.20635e-05
-2.495116e-08,-4.55072e-06
-2.485116e-08,1.36106e-05
-2.475116e-08,3.04748e-05
-2.465116e-08,4.47444e-05
-2.455116e-08,5.51223e-05
-2.445116e-08,6.16085e-05
-2.435116e-08,6.35544e-05
-2.425116e-08,6.22572e-05
-2.415116e-08,5.77168e-05
-2.405116e-08,5.18792e-05
-2.395116e-08,4.66903e-05
-2.385116e-08,4.34472e-05
-2.375116e-08,4.21499e-05
-2.365116e-08,4.34472e-05
-2.355116e-08,4.66903e-05
-2.345116e-08,4.99334e-05
-2.335116e-08,5.25279e-05
-2.325116e-08,5.31765e-05
-2.315116e-08,4.99334e-05
-2.305116e-08,4.27986e-05
-2.295116e-08,3.30692e-05
-2.285116e-08,2.13941e-05
-2.275116e-08,9.71892e-06
-2.265116e-08,-6.58998e-07
-2.255116e-08,-7.79382e-06
-2.245116e-08,-9.09106e-06
-2.235116e-08,-3.9021e-06
-2.225116e-08,7.12444e-06
-2.215116e-08,2.52858e-05
-2.205116e-08,4.86361e-05
-2.195116e-08,7.65268e-05
-2.185116e-08,0.000107661
-2.175116e-08,0.000138794
-2.165116e-08,0.000168631
-2.155116e-08,0.000195873
-2.145116e-08,0.000218575
-2.135116e-08,0.000237385
-2.125116e-08,0.000251006
-2.115116e-08,0.000260086
-2.105116e-08,0.000263329
-2.095116e-08,0.000262681
-2.085116e-08,0.000256843
-2.075116e-08,0.000247114
-2.065116e-08,0.000233493
-2.055116e-08,0.000216629
-2.045116e-08,0.000197819
-2.035116e-08,0.000177712
-2.025116e-08,0.000158253
-2.015116e-08,0.000140092
-2.005116e-08,0.000125822
-1.995116e-08,0.000114795
-1.985116e-08,0.000108958
-1.975116e-08,0.000107012
-1.965116e-08,0.000110255
-1.955116e-08,0.000116093
-1.945116e-08,0.000124525
-1.935116e-08,0.000132308
-1.925116e-08,0.000139443
-1.915116e-08,0.000142686
-1.905116e-08,0.000142686
-1.895116e-08,0.000137497
-1.885116e-08,0.000128416
-1.875116e-08,0.000115444
-1.865116e-08,9.92285e-05
-1.855116e-08,7.97699e-05
-1.845116e-08,5.83654e-05
-1.835116e-08,3.56637e-05
-1.825116e-08,1.16648e-05
-1.815116e-08,-1.36314e-05
-1.805116e-08,-3.8279e-05
-1.795116e-08,-6.16293e-05
-1.785116e-08,-8.36824e-05
-1.775116e-08,-0.000103141
-1.765116e-08,-0.000120005
-1.755116e-08,-0.000133626
-1.745116e-08,-0.000143355
-1.735116e-08,-0.000148544
-1.725116e-08,-0.000148544
-1.715116e-08,-0.000143355
-1.705116e-08,-0.000132978
-1.695116e-08,-0.000119356
-1.685116e-08,-0.000103141
-1.675116e-08,-8.4331e-05
-1.665116e-08,-6.48724e-05
-1.655116e-08,-4.60624e-05
-1.645116e-08,-2.85497e-05
-1.635116e-08,-1.23342e-05
-1.625116e-08,1.28686e-06
-1.615116e-08,1.16648e-05
-1.605116e-08,2.00968e-05
-1.595116e-08,2.6583e-05
-1.585116e-08,3.24206e-05
-1.575116e-08,3.82582e-05
-1.565116e-08,4.40958e-05
-1.555116e-08,5.12306e-05
-1.545116e-08,5.90141e-05
-1.535116e-08,6.74461e-05
-1.525116e-08,7.58782e-05
-1.515116e-08,8.49589e-05
-1.505116e-08,9.27423e-05
-1.495116e-08,9.85799e-05
-1.485116e-08,0.000102472
-1.475116e-08,0.000104417
-1.465116e-08,0.000103769
-1.455116e-08,9.98771e-05
-1.445116e-08,9.40395e-05
-1.435116e-08,8.62561e-05
-1.425116e-08,7.71754e-05
-1.415116e-08,6.67975e-05
-1.405116e-08,5.5771e-05
-1.395116e-08,4.47444e-05
-1.385116e-08,3.43665e-05
-1.375116e-08,2.46372e-05
-1.365116e-08,1.68537e-05
-1.355116e-08,1.10162e-05
-1.345116e-08,7.12444e-06
-1.335116e-08,5.17858e-06
-1.325116e-08,5.17858e-06
-1.315116e-08,7.77306e-06
-1.305116e-08,1.10162e-05
-1.295116e-08,1.55565e-05
-1.285116e-08,1.94482e-05
-1.275116e-08,2.33399e-05
-1.265116e-08,2.52858e-05
-1.255116e-08,2.46372e-05
-1.245116e-08,2.20427e-05
-1.235116e-08,1.68537e-05
-1.225116e-08,1.03675e-05
-1.215116e-08,1.93548e-06
-1.205116e-08,-5.84796e-06
-1.195116e-08,-1.23342e-05
-1.185116e-08,-1.75231e-05
-1.175116e-08,-2.01176e-05
-1.165116e-08,-1.81717e-05
-1.155116e-08,-1.29828e-05
-1.145116e-08,-3.9021e-06
-1.135116e-08,6.47582e-06
-1.125116e-08,1.94482e-05
-1.115116e-08,3.24206e-05
-1.105116e-08,4.47444e-05
-1.095116e-08,5.38251e-05
-1.085116e-08,6.03113e-05
-1.075116e-08,6.22572e-05
-1.065116e-08,6.16085e-05
-1.055116e-08,5.90141e-05
-1.045116e-08,5.5771e-05
-1.035116e-08,5.25279e-05
-1.025116e-08,5.0582e-05
-1.015116e-08,5.0582e-05
-1.005116e-08,5.44737e-05
-9.951162e-09,6.16085e-05
-9.851162e-09,7.26351e-05
-9.751162e-09,8.69047e-05
-9.651162e-09,0.00010312
-9.551162e-09,0.000120633
-9.451162e-09,0.000138146
-9.351162e-09,0.000153064
-9.251162e-09,0.000165388
-9.151162e-09,0.00017382
-9.051162e-09,0.000177063
-8.951162e-09,0.000175766
-8.851162e-09,0.000167982
-8.751162e-09,0.000155658
-8.651162e-09,0.000138146
-8.551162e-09,0.000116093
-8.451162e-09,9.14451e-05
-8.351162e-09,6.48516e-05
-8.251162e-09,3.95555e-05
-8.151162e-09,1.62051e-05
-8.051162e-09,-3.25348e-06
-7.951162e-09,-1.75231e-05
-7.851162e-09,-2.66038e-05
-7.751162e-09,-2.91983e-05
-7.651162e-09,-2.66038e-05
-7.551162e-09,-1.81717e-05
-7.451162e-09,-7.1452e-06
-7.351162e-09,5.8272e-06
-7.251162e-09,1.8151e-05
-7.151162e-09,2.85289e-05
-7.051162e-09,3.43665e-05
-6.951162e-09,3.50151e-05
-6.851162e-09,2.91775e-05
-6.751162e-09,1.94482e-05
-6.651162e-09,5.8272e-06
-6.551162e-09,-9.73968e-06
-6.451162e-09,-2.59552e-05
-6.351162e-09,-4.02248e-05
-6.251162e-09,-5.12514e-05
-6.151162e-09,-5.90348e-05
-6.051162e-09,-6.29265e-05
-5.951162e-09,-6.16293e-05
-5.851162e-09,-5.7089e-05
-5.751162e-09,-4.93055e-05
-5.651162e-09,-3.95762e-05
-5.551162e-09,-2.91983e-05
-5.451162e-09,-1.75231e-05
-5.351162e-09,-5.84796e-06
-5.251162e-09,5.8272e-06
-5.151162e-09,1.68537e-05
-5.051162e-09,2.78803e-05
-4.951162e-09,3.82582e-05
-4.851162e-09,4.73389e-05
-4.751162e-09,5.51223e-05
-4.651162e-09,6.16085e-05
-4.551162e-09,6.67975e-05
-4.451162e-09,7.06892e-05
-4.351162e-09,7.32837e-05
-4.251162e-09,7.58782e-05
-4.151162e-09,7.71754e-05
-4.051162e-09,7.84727e-05
-3.951162e-09,8.04185e-05
-3.851162e-09,8.10671e-05
-3.751162e-09,8.17158e-05
-3.651162e-09,8.10671e-05
-3.551162e-09,7.84727e-05
-3.451162e-09,7.26351e-05
-3.351162e-09,6.29058e-05
-3.251162e-09,4.79875e-05
-3.151162e-09,2.78803e-05
-3.051162e-09,1.93548e-06
-2.951162e-09,-2.72524e-05
-2.851162e-09,-5.96834e-05
-2.751162e-09,-9.34117e-05
-2.651162e-09,-0.000126491
-2.551162e-09,-0.000158274
-2.451162e-09,-0.000187462
-2.351162e-09,-0.000213406
-2.251162e-09,-0.000236757
-2.151162e-09,-0.000258161
-2.051162e-09,-0.000278268
-1.951162e-09,-0.000299024
-1.851162e-09,-0.000321077
-1.751162e-09,-0.000347022
-1.651162e-09,-0.000377507
-1.551162e-09,-0.00041383
-1.451162e-09,-0.000457288
-1.351162e-09,-0.000507231
-1.251162e-09,-0.00056431
-1.151162e-09,-0.000629172
-1.051162e-09,-0.000701169
-9.511619e-10,-0.0007803
-8.511619e-10,-0.000865918
-7.511619e-10,-0.000958671
-6.511619e-10,-0.00105726
-5.511619e-10,-0.00116039
-4.511619e-10,-0.00126741
-3.511619e-10,-0.00137703
-2.511619e-10,-0.00148924
-1.511619e-10,-0.0016034
-5.116191e-11,-0.0017195
4.883809e-11,-0.00183755
1.488381e-10,-0.00195884
2.488381e-10,-0.00208338
3.488381e-10,-0.0022131
4.488381e-10,-0.00234866
5.488381e-10,-0.00249136
6.488381e-10,-0.00264314
7.488381e-10,-0.002804
8.488381e-10,-0.00297458
9.488381e-10,-0.00315425
1.048838e-09,-0.00334235
1.148838e-09,-0.00353564
1.248838e-09,-0.00373347
1.348838e-09,-0.00393259
1.448838e-09,-0.00413107
1.548838e-09,-0.00432566
1.648838e-09,-0.00451441
1.748838e-09,-0.00469472
1.848838e-09,-0.00486596
1.948838e-09,-0.00502487
2.048838e-09,-0.00517081
2.148838e-09,-0.00530248
2.248838e-09,-0.00542053
2.348838e-09,-0.00552366
2.448838e-09,-0.00561252
2.548838e-09,-0.00568646
2.648838e-09,-0.00574743
2.748838e-09,-0.00579413
2.848838e-09,-0.00582786
2.948838e-09,-0.00585056
3.048838e-09,-0.00586354
3.148838e-09,-0.00586678
3.248838e-09,-0.00586354
3.348838e-09,-0.0058551
3.448838e-09,-0.00584278
3.548838e-09,-0.00582786
3.648838e-09,-0.0058123
3.748838e-09,-0.00579543
3.848838e-09,-0.00577922
3.948838e-09,-0.00576235
4.048838e-09,-0.00574484
4.148838e-09,-0.00572538
4.248838e-09,-0.00570398
4.348838e-09,-0.00567933
4.448838e-09,-0.00564949
4.548838e-09,-0.00561447
4.648838e-09,-0.0055736
4.748838e-09,-0.0055269
4.848838e-09,-0.00547436
4.948838e-09,-0.00541664
5.048838e-09,-0.00535437
5.148838e-09,-0.00528821
5.248838e-09,-0.00521946
5.348838e-09,-0.00514746
5.448838e-09,-0.00507287
5.548838e-09,-0.00499633
5.648838e-09,-0.00491785
5.748838e-09,-0.00483742
5.848838e-09,-0.00475504
5.948838e-09,-0.00467137
6.048838e-09,-0.0045864
6.148838e-09,-0.00450273
6.248838e-09,-0.00441971
6.348838e-09,-0.00434058
6.448838e-09,-0.00426469
6.548838e-09,-0.00419399
6.648838e-09,-0.00412848
6.748838e-09,-0.00406816
6.848838e-09,-0.00401108
6.948838e-09,-0.00395724
7.048838e-09,-0.00390406
7.148838e-09,-0.00385022
7.248838e-09,-0.00379444
7.348838e-09,-0.00373606
7.448838e-09,-0.0036725
7.548838e-09,-0.00360504
7.648838e-09,-0.00353369
7.748838e-09,-0.0034591
7.848838e-09,-0.00338256
7.948838e-09,-0.00330408
8.048838e-09,-0.00322495
8.148838e-09,-0.00314517
8.248838e-09,-0.00306539
8.348838e-09,-0.00298626
8.448838e-09,-0.00290648
8.548838e-09,-0.00282735
8.648838e-09,-0.00274692
8.748838e-09,-0.00266714
8.848838e-09,-0.0025893
8.948838e-09,-0.00251341
9.048838e-09,-0.00244207
9.148838e-09,-0.00237591
9.248838e-09,-0.00231753
9.348838e-09,-0.00226629
9.448838e-09,-0.00222348
9.548838e-09,-0.00218845
9.648838e-09,-0.00215862
9.748838e-09,-0.00213332
9.848838e-09,-0.00210867
9.948838e-09,-0.00208273
1.004884e-08,-0.00205419
1.014884e-08,-0.00202176
1.024884e-08,-0.00198414
1.034884e-08,-0.00194068
1.044884e-08,-0.00189204
1.054884e-08,-0.0018395
1.064884e-08,-0.00178566
1.074884e-08,-0.00173118
1.084884e-08,-0.00167864
1.094884e-08,-0.00163064
1.104884e-08,-0.00158783
1.114884e-08,-0.00155216
1.124884e-08,-0.00152427
1.134884e-08,-0.00150481
1.144884e-08,-0.00149184
1.154884e-08,-0.00148535
1.164884e-08,-0.00148276
1.174884e-08,-0.00148276
1.184884e-08,-0.00148535
1.194884e-08,-0.00148795
1.204884e-08,-0.00148989
1.214884e-08,-0.00149054
1.224884e-08,-0.00148989
1.234884e-08,-0.00148795
1.244884e-08,-0.001486
1.254884e-08,-0.0014847
1.264884e-08,-0.0014847
1.274884e-08,-0.00148665
1.284884e-08,-0.00149119
1.294884e-08,-0.00149767
1.304884e-08,-0.00150611
1.314884e-08,-0.00151519
1.324884e-08,-0.00152427
1.334884e-08,-0.00153075
1.344884e-08,-0.00153465
1.354884e-08,-0.00153335
1.364884e-08,-0.00152686
1.374884e-08,-0.00151584
1.384884e-08,-0.00149962
1.394884e-08,-0.00147951
1.404884e-08,-0.00145616
1.414884e-08,-0.00143216
1.424884e-08,-0.00140946
1.434884e-08,-0.00138871
1.444884e-08,-0.00137054
1.454884e-08,-0.00135628
1.464884e-08,-0.0013459
1.474884e-08,-0.00134006
1.484884e-08,-0.00133876
1.494884e-08,-0.00134006
1.504884e-08,-0.00134525
1.514884e-08,-0.00135303
1.524884e-08,-0.00136276
1.534884e-08,-0.00137249
1.544884e-08,-0.00138222
1.554884e-08,-0.00139
1.564884e-08,-0.00139454
1.574884e-08,-0.00139454
1.584884e-08,-0.00138871
1.594884e-08,-0.00137509
1.604884e-08,-0.00135368
1.614884e-08,-0.00132514
1.624884e-08,-0.00129012
1.634884e-08,-0.00125055
1.644884e-08,-0.00120774
1.654884e-08,-0.00116363
1.664884e-08,-0.00112212
1.674884e-08,-0.00108321
1.684884e-08,-0.00104883
1.694884e-08,-0.00101964
1.704884e-08,-0.000996291
1.714884e-08,-0.00097813
1.724884e-08,-0.00096386
1.734884e-08,-0.000952185
1.744884e-08,-0.000941158
1.754884e-08,-0.000930132
1.764884e-08,-0.000918457
1.774884e-08,-0.000904835
1.784884e-08,-0.000890566
1.794884e-08,-0.000874999
1.804884e-08,-0.000859432
1.814884e-08,-0.000845162
1.824884e-08,-0.000831541
1.834884e-08,-0.000818569
1.844884e-08,-0.000806894
1.854884e-08,-0.000796516
1.864884e-08,-0.000787435
1.874884e-08,-0.000778355
1.884884e-08,-0.000768625
1.894884e-08,-0.000758247
1.904884e-08,-0.000747221
1.914884e-08,-0.000735546
1.924884e-08,-0.000722573
1.934884e-08,-0.000709601
1.944884e-08,-0.000696628
1.954884e-08,-0.000684953
1.964884e-08,-0.000673927
1.974884e-08,-0.000664197
1.984884e-08,-0.000655765
1.994884e-08,-0.000647982
2.004884e-08,-0.000640198
2.014884e-08,-0.000632415
2.024884e-08,-0.000622686
2.034884e-08,-0.000611011
2.044884e-08,-0.00059739
2.054884e-08,-0.000579877
2.064884e-08,-0.00055977
2.074884e-08,-0.000535122
2.084884e-08,-0.00050788
2.094884e-08,-0.000478043
2.104884e-08,-0.000448207
2.114884e-08,-0.000419019
2.124884e-08,-0.000391777
2.134884e-08,-0.000369724
2.144884e-08,-0.000352211
2.154884e-08,-0.000340536
2.164884e-08,-0.00033405
2.174884e-08,-0.00033405
2.184884e-08,-0.00033859
2.194884e-08,-0.000347022
2.204884e-08,-0.000356751
2.214884e-08,-0.000367129
2.224884e-08,-0.000377507
2.234884e-08,-0.000387885
2.244884e-08,-0.000397615
2.254884e-08,-0.000407344
2.264884e-08,-0.000417073
2.274884e-08,-0.000428748
2.284884e-08,-0.000442369
2.294884e-08,-0.000457288
2.304884e-08,-0.000474152
2.314884e-08,-0.000491664
2.324884e-08,-0.00050788
2.334884e-08,-0.000523447
2.344884e-08,-0.000537716
2.354884e-08,-0.000549392
2.364884e-08,-0.000557824
2.374884e-08,-0.000563661
2.384884e-08,-0.000566904
2.394884e-08,-0.00056885
2.404884e-08,-0.000571445
2.414884e-08,-0.000575336
2.424884e-08,-0.000582471
2.434884e-08,-0.000593498
2.444884e-08,-0.000608416
2.454884e-08,-0.000626577
2.464884e-08,-0.000647982
2.474884e-08,-0.000670684
2.484884e-08,-0.000692737
2.494884e-08,-0.000712195
2.504884e-08,-0.000729059
2.514884e-08,-0.000742032
2.524884e-08,-0.000749815
2.534884e-08,-0.000753058
2.544884e-08,-0.000751761
2.554884e-08,-0.000745924
2.564884e-08,-0.000737491
2.574884e-08,-0.000727762
2.584884e-08,-0.000716736
2.594884e-08,-0.000706358
2.604884e-08,-0.00069598
2.614884e-08,-0.000684953
2.624884e-08,-0.000672629
2.634884e-08,-0.000660306
2.644884e-08,-0.000646685
2.654884e-08,-0.000632415
2.664884e-08,-0.000618145
2.674884e-08,-0.000602578
2.684884e-08,-0.00058766
2.694884e-08,-0.000574688
2.704884e-08,-0.000563013
2.714884e-08,-0.000554581
2.724884e-08,-0.000547446
2.734884e-08,-0.000542257
2.744884e-08,-0.000539014
2.754884e-08,-0.000536419
2.764884e-08,-0.000532528
2.774884e-08,-0.000526041
2.784884e-08,-0.000516961
2.794884e-08,-0.000504637
2.804884e-08,-0.000489719
2.814884e-08,-0.000472206
2.824884e-08,-0.000454693
2.834884e-08,-0.00043718
2.844884e-08,-0.000420965
2.854884e-08,-0.000407992
2.864884e-08,-0.000397615
2.874884e-08,-0.00039048
2.884884e-08,-0.000385939
2.894884e-08,-0.000383994
2.904884e-08,-0.000383994
2.914884e-08,-0.000384642
2.924884e-08,-0.000384642
2.934884e-08,-0.000384642
2.944884e-08,-0.000385291
2.954884e-08,-0.000385291
2.964884e-08,-0.000385939
2.974884e-08,-0.000386588
2.984884e-08,-0.000389182
2.994884e-08,-0.000391777
3.004884e-08,-0.000393723
3.014884e-08,-0.00039502
3.024884e-08,-0.000394371
3.034884e-08,-0.00039048
3.044884e-08,-0.000381399
3.054884e-08,-0.000367778
3.064884e-08,-0.000350265
3.074884e-08,-0.000328212
3.084884e-08,-0.000303565
3.094884e-08,-0.000278268
3.104884e-08,-0.000253621
3.114884e-08,-0.000231568
3.124884e-08,-0.000214055
3.134884e-08,-0.000201083
3.144884e-08,-0.000194596
3.154884e-08,-0.000193948
3.164884e-08,-0.000198488
3.174884e-08,-0.00020692
3.184884e-08,-0.000217947
3.194884e-08,-0.000231568
3.204884e-08,-0.000245189
3.214884e-08,-0.000258161
3.224884e-08,-0.000269836
3.234884e-08,-0.000279566
3.244884e-08,-0.000286052
3.254884e-08,-0.000289944
3.264884e-08,-0.000291889
3.274884e-08,-0.000290592
3.284884e-08,-0.0002867
3.294884e-08,-0.000280214
3.304884e-08,-0.000271782
3.314884e-08,-0.000262053
3.324884e-08,-0.000251026
3.334884e-08,-0.00024
3.344884e-08,-0.000229622
3.354884e-08,-0.00022119
3.364884e-08,-0.000216001
3.374884e-08,-0.000214055
3.384884e-08,-0.000217298
3.394884e-08,-0.000224433
3.404884e-08,-0.000234811
3.414884e-08,-0.000247783
3.424884e-08,-0.000262053
3.434884e-08,-0.000275025
3.444884e-08,-0.000286052
3.454884e-08,-0.000295133
3.464884e-08,-0.000301619
3.474884e-08,-0.00030551
3.484884e-08,-0.000307456
3.494884e-08,-0.000310051
3.504884e-08,-0.000312645
3.514884e-08,-0.000317834
3.524884e-08,-0.000325618
3.534884e-08,-0.000337293
3.544884e-08,-0.000351563
3.554884e-08,-0.000367778
3.564884e-08,-0.000383994
3.574884e-08,-0.000400858
3.584884e-08,-0.000415776
3.594884e-08,-0.0004281
3.604884e-08,-0.00043718
3.614884e-08,-0.000443667
3.624884e-08,-0.00044691
3.634884e-08,-0.000448207
3.644884e-08,-0.000448207
3.654884e-08,-0.000447558
3.664884e-08,-0.000447558
3.674884e-08,-0.000447558
3.684884e-08,-0.00044691
3.694884e-08,-0.000445612
3.704884e-08,-0.000443667
3.714884e-08,-0.000439775
3.724884e-08,-0.000433289
3.734884e-08,-0.000424208
3.744884e-08,-0.000411884
3.754884e-08,-0.000397615
3.764884e-08,-0.000381399
3.774884e-08,-0.000365184
3.784884e-08,-0.000348968
3.794884e-08,-0.00033405
3.804884e-08,-0.00031978
3.814884e-08,-0.000306808
3.824884e-08,-0.000295781
3.834884e-08,-0.000284755
3.844884e-08,-0.000274377
3.854884e-08,-0.000263999
3.864884e-08,-0.000253621
3.874884e-08,-0.000243892
3.884884e-08,-0.000235459
3.894884e-08,-0.000228973
3.904884e-08,-0.00022573
3.914884e-08,-0.000225082
3.924884e-08,-0.000227676
3.934884e-08,-0.000232216
3.944884e-08,-0.000239351
3.954884e-08,-0.000246486
3.964884e-08,-0.000253621
3.974884e-08,-0.00025881
3.984884e-08,-0.000261404
3.994884e-08,-0.000262702
4.004884e-08,-0.000260756
4.014884e-08,-0.000256864
4.024884e-08,-0.000251026
4.034884e-08,-0.000245189
4.044884e-08,-0.00024
4.054884e-08,-0.000236757
4.064884e-08,-0.000235459
4.074884e-08,-0.000236108
4.084884e-08,-0.000236757
4.094884e-08,-0.000238054
4.104884e-08,-0.000238054
4.114884e-08,-0.000237405
4.124884e-08,-0.000233514
4.134884e-08,-0.000228325
4.144884e-08,-0.000220541
4.154884e-08,-0.000212758
4.164884e-08,-0.000204974
4.174884e-08,-0.000199785
4.184884e-08,-0.000198488
4.194884e-08,-0.000201731
4.204884e-08,-0.000209515
4.214884e-08,-0.000221838
4.224884e-08,-0.000238054
4.234884e-08,-0.000256864
4.244884e-08,-0.000274377
4.254884e-08,-0.000289944
4.264884e-08,-0.000302267
4.274884e-08,-0.000309402
4.284884e-08,-0.000311997
4.294884e-08,-0.000310051
4.304884e-08,-0.00030551
4.314884e-08,-0.000298376
4.324884e-08,-0.000289944
4.334884e-08,-0.000280863
4.344884e-08,-0.000273079
4.354884e-08,-0.000267891
4.364884e-08,-0.000264647
4.374884e-08,-0.00026335
4.384884e-08,-0.000263999
4.394884e-08,-0.000265296
4.404884e-08,-0.000267242
4.414884e-08,-0.000269188
4.424884e-08,-0.000271134
4.434884e-08,-0.000273079
4.444884e-08,-0.000274377
4.454884e-08,-0.000274377
4.464884e-08,-0.000274377
4.474884e-08,-0.000273079
4.484884e-08,-0.000270485
4.494884e-08,-0.000266593
4.504884e-08,-0.000262702
4.514884e-08,-0.000256864
4.524884e-08,-0.000250378
4.534884e-08,-0.000243892
4.544884e-08,-0.000238054
4.554884e-08,-0.000232865
4.564884e-08,-0.000229622
4.574884e-08,-0.000229622
4.584884e-08,-0.000232216
4.594884e-08,-0.000238703
4.604884e-08,-0.000247783
4.614884e-08,-0.00025881
4.624884e-08,-0.000269836
4.634884e-08,-0.000278268
4.644884e-08,-0.00028216
4.654884e-08,-0.000279566
4.664884e-08,-0.000269836
4.674884e-08,-0.000252324
4.684884e-08,-0.00022573
4.694884e-08,-0.000191353
4.704884e-08,-0.000151787
4.714884e-08,-0.00010833
4.724884e-08,-6.35752e-05
4.734884e-08,-2.14148e-05
4.744884e-08,1.49079e-05
4.754884e-08,4.5393e-05
4.764884e-08,6.87434e-05
4.774884e-08,8.36616e-05
4.784884e-08,9.07964e-05
4.794884e-08,9.14451e-05
4.804884e-08,8.62561e-05
4.814884e-08,7.65268e-05
4.824884e-08,6.22572e-05
4.834884e-08,4.47444e-05
4.844884e-08,2.6583e-05
4.854884e-08,7.12444e-06
4.864884e-08,-1.428e-05
4.874884e-08,-3.50359e-05
4.884884e-08,-5.64403e-05
4.894884e-08,-7.65476e-05
4.904884e-08,-9.66548e-05
4.914884e-08,-0.000115465
4.924884e-08,-0.000132329
4.934884e-08,-0.000147896
4.944884e-08,-0.000161517
4.954884e-08,-0.000174489
4.964884e-08,-0.000187462
4.974884e-08,-0.000201083
4.984884e-08,-0.000216001
4.994884e-08,-0.000232216
5.004884e-08,-0.000249081
5.014884e-08,-0.000267242
5.024884e-08,-0.000285403
5.034884e-08,-0.000301619
5.044884e-08,-0.000313294
5.054884e-08,-0.000320429
5.064884e-08,-0.000322375
5.074884e-08,-0.000318483
5.084884e-08,-0.000309402
5.094884e-08,-0.000297078
5.104884e-08,-0.000283457
5.114884e-08,-0.000270485
5.124884e-08,-0.000260107
5.134884e-08,-0.000252972
5.144884e-08,-0.000250378
5.154884e-08,-0.000251675
5.164884e-08,-0.000255567
5.174884e-08,-0.000260107
5.184884e-08,-0.00026335
5.194884e-08,-0.00026335
5.204884e-08,-0.000258161
5.214884e-08,-0.000248432
5.224884e-08,-0.000234162
5.234884e-08,-0.000216001
5.244884e-08,-0.000195245
5.254884e-08,-0.000174489
5.264884e-08,-0.000155031
5.274884e-08,-0.000139464
5.284884e-08,-0.000128437
5.294884e-08,-0.000121302
5.304884e-08,-0.000119356
5.314884e-08,-0.000120654
5.324884e-08,-0.000123897
5.334884e-08,-0.000129086
5.344884e-08,-0.000134275
5.354884e-08,-0.000140112
5.364884e-08,-0.000145301
5.374884e-08,-0.000149842
5.384884e-08,-0.000154382
5.394884e-08,-0.00016022
5.404884e-08,-0.000166706
5.414884e-08,-0.000173841
5.424884e-08,-0.000181624
5.434884e-08,-0.000189407
5.444884e-08,-0.000194596
5.454884e-08,-0.000196542
5.464884e-08,-0.000195245
5.474884e-08,-0.000190056
5.484884e-08,-0.000181624
5.494884e-08,-0.000169949
5.504884e-08,-0.000156976
5.514884e-08,-0.000144004
5.524884e-08,-0.000133626
5.534884e-08,-0.000125843
5.544884e-08,-0.0001226
5.554884e-08,-0.000123248
5.564884e-08,-0.00012714
5.574884e-08,-0.000133626
5.584884e-08,-0.000140761
5.594884e-08,-0.000147896
5.604884e-08,-0.000153085
5.614884e-08,-0.000155031
5.624884e-08,-0.000155031
5.634884e-08,-0.000153085
5.644884e-08,-0.000149842
5.654884e-08,-0.000148544
5.664884e-08,-0.000149193
5.674884e-08,-0.000153733
5.684884e-08,-0.000161517
5.694884e-08,-0.000173192
5.704884e-08,-0.000186813
5.714884e-08,-0.000201083
5.724884e-08,-0.000214704
5.734884e-08,-0.000226379
5.744884e-08,-0.000233514
5.754884e-08,-0.000236757
5.764884e-08,-0.000235459
5.774884e-08,-0.000230919
5.784884e-08,-0.000225082
5.794884e-08,-0.000219244
5.804884e-08,-0.000214704
5.814884e-08,-0.000212758
5.824884e-08,-0.000215352
5.834884e-08,-0.00022119
5.844884e-08,-0.000229622
5.854884e-08,-0.00024
5.864884e-08,-0.000251026
5.874884e-08,-0.000261404
5.884884e-08,-0.000269836
5.894884e-08,-0.000275674
5.904884e-08,-0.000278917
5.914884e-08,-0.000279566
5.924884e-08,-0.000278917
5.934884e-08,-0.000276971
5.944884e-08,-0.000275025
5.954884e-08,-0.000272431
5.964884e-08,-0.000269836
5.974884e-08,-0.000267242
5.984884e-08,-0.000265296
5.994884e-08,-0.000263999
6.004884e-08,-0.000262702
6.014884e-08,-0.000261404
6.024884e-08,-0.000261404
6.034884e-08,-0.000262053
6.044884e-08,-0.000264647
6.054884e-08,-0.000269188
6.064884e-08,-0.000276323
6.074884e-08,-0.000284755
6.084884e-08,-0.000294484
6.094884e-08,-0.000304862
6.104884e-08,-0.000313294
6.114884e-08,-0.000320429
6.124884e-08,-0.000323672
6.134884e-08,-0.00032432
6.144884e-08,-0.000321077
6.154884e-08,-0.000313294
6.164884e-08,-0.000302267
6.174884e-08,-0.000287349
6.184884e-08,-0.000271134
6.194884e-08,-0.000252324
6.204884e-08,-0.000231568
6.214884e-08,-0.000209515
6.224884e-08,-0.000186164
6.234884e-08,-0.000160868
6.244884e-08,-0.000134275
6.254884e-08,-0.000105735
6.264884e-08,-7.58989e-05
6.274884e-08,-4.41165e-05
6.284884e-08,-1.36314e-05
6.294884e-08,1.36106e-05
6.304884e-08,3.63124e-05
6.314884e-08,5.31765e-05
6.324884e-08,6.22572e-05
6.334884e-08,6.35544e-05
6.344884e-08,5.64196e-05
6.354884e-08,4.27986e-05
6.364884e-08,2.39886e-05
6.374884e-08,1.28686e-06
6.384884e-08,-2.27121e-05
6.394884e-08,-4.54138e-05
6.404884e-08,-6.5521e-05
6.414884e-08,-8.17365e-05
6.424884e-08,-9.34117e-05
6.434884e-08,-0.000101195
6.444884e-08,-0.000105735
6.454884e-08,-0.000107681
6.464884e-08,-0.000109627
6.474884e-08,-0.000110924
6.484884e-08,-0.000113519
6.494884e-08,-0.000117411
6.504884e-08,-0.000121302
6.514884e-08,-0.000125194
6.524884e-08,-0.000127789
6.534884e-08,-0.000129086
6.544884e-08,-0.000129086
6.554884e-08,-0.000128437
6.564884e-08,-0.000126491
6.574884e-08,-0.000125194
6.584884e-08,-0.000124545
6.594884e-08,-0.000126491
6.604884e-08,-0.00013168
6.614884e-08,-0.000140112
6.624884e-08,-0.000151139
6.634884e-08,-0.000162814
6.644884e-08,-0.000173841
6.654884e-08,-0.000181624
6.664884e-08,-0.000185516
6.674884e-08,-0.00018357
6.684884e-08,-0.000177084
6.694884e-08,-0.000165409
6.704884e-08,-0.000149193
6.714884e-08,-0.000131032
6.724884e-08,-0.000111573
6.734884e-08,-9.40603e-05
6.744884e-08,-7.97907e-05
6.754884e-08,-7.00614e-05
6.764884e-08,-6.48724e-05
6.774884e-08,-6.35752e-05
6.784884e-08,-6.68183e-05
6.794884e-08,-7.20072e-05
6.804884e-08,-7.84934e-05
6.814884e-08,-8.56282e-05
6.824884e-08,-9.14658e-05
6.834884e-08,-9.53575e-05
6.844884e-08,-9.73034e-05
6.854884e-08,-9.7952e-05
6.864884e-08,-9.7952e-05
6.874884e-08,-9.73034e-05
6.884884e-08,-9.60062e-05
6.894884e-08,-9.60062e-05
6.904884e-08,-9.60062e-05
6.914884e-08,-9.73034e-05
6.924884e-08,-9.86006e-05
6.934884e-08,-9.98979e-05
6.944884e-08,-0.000101844
6.954884e-08,-0.000102492
6.964884e-08,-0.000101844
6.974884e-08,-0.000101195
6.984884e-08,-0.000100547
6.994884e-08,-0.000101195
7.004884e-08,-0.000103141
7.014884e-08,-0.000106384
7.024884e-08,-0.000110924
7.034884e-08,-0.000115465
7.044884e-08,-0.000120005
7.054884e-08,-0.000123248
7.064884e-08,-0.000125843
7.074884e-08,-0.000125843
7.084884e-08,-0.000121951
7.094884e-08,-0.000116113
7.104884e-08,-0.000108979
7.114884e-08,-0.000101195
7.124884e-08,-9.27631e-05
7.134884e-08,-8.62769e-05
7.144884e-08,-8.17365e-05
7.154884e-08,-8.04393e-05
7.164884e-08,-8.10879e-05
7.174884e-08,-8.36824e-05
7.184884e-08,-8.75741e-05
7.194884e-08,-9.08172e-05
7.204884e-08,-9.21144e-05
7.214884e-08,-9.08172e-05
7.224884e-08,-8.69255e-05
7.234884e-08,-7.9142e-05
7.244884e-08,-6.94127e-05
7.254884e-08,-5.77376e-05
7.264884e-08,-4.60624e-05
7.274884e-08,-3.56845e-05
7.284884e-08,-2.72524e-05
7.294884e-08,-2.20635e-05
7.304884e-08,-2.01176e-05
7.314884e-08,-2.07662e-05
7.324884e-08,-2.14148e-05
7.334884e-08,-2.33607e-05
7.344884e-08,-2.40093e-05
7.354884e-08,-2.33607e-05
7.364884e-08,-2.14148e-05
7.374884e-08,-1.81717e-05
7.384884e-08,-1.55773e-05
7.394884e-08,-1.428e-05
7.404884e-08,-1.49286e-05
7.414884e-08,-2.07662e-05
7.424884e-08,-2.98469e-05
7.434884e-08,-4.41165e-05
7.444884e-08,-6.09807e-05
7.454884e-08,-8.04393e-05
7.464884e-08,-0.000100547
7.474884e-08,-0.000119356
7.484884e-08,-0.000136221
7.494884e-08,-0.000149193
7.504884e-08,-0.000157625
7.514884e-08,-0.000162165
7.524884e-08,-0.000163463
7.534884e-08,-0.000162165
7.544884e-08,-0.000158922
7.554884e-08,-0.000153733
7.564884e-08,-0.000147247
7.574884e-08,-0.000139464
7.584884e-08,-0.000131032
7.594884e-08,-0.000120654
7.604884e-08,-0.000106384
7.614884e-08,-8.88713e-05
7.624884e-08,-6.87641e-05
7.634884e-08,-4.60624e-05
7.644884e-08,-2.14148e-05
7.654884e-08,5.17858e-06
7.664884e-08,3.1772e-05
7.674884e-08,5.51223e-05
7.684884e-08,7.45809e-05
7.694884e-08,8.88506e-05
7.704884e-08,9.6634e-05
7.714884e-08,9.79313e-05
7.724884e-08,9.20937e-05
