LECROYWaveRunner‘N,20113,Waveform
Segments,1,SegmentSize,2002
Segment,TrigTime,TimeSinceSegment1
#1,28-Sep-2018 13:21:21,0                 
Time,Ampl
-1.228159e-07,-1.10369e-05
-1.227159e-07,-1.30762e-06
-1.226159e-07,8.42168e-06
-1.225159e-07,1.68537e-05
-1.224159e-07,2.39886e-05
-1.223159e-07,2.91775e-05
-1.222159e-07,3.30692e-05
-1.221159e-07,3.56637e-05
-1.220159e-07,3.82582e-05
-1.219159e-07,4.02041e-05
-1.218159e-07,4.27986e-05
-1.217159e-07,4.47444e-05
-1.216159e-07,4.47444e-05
-1.215159e-07,4.40958e-05
-1.214159e-07,4.15013e-05
-1.213159e-07,3.63124e-05
-1.212159e-07,3.04748e-05
-1.211159e-07,2.26913e-05
-1.210159e-07,1.55565e-05
-1.209159e-07,1.03675e-05
-1.208159e-07,7.12444e-06
-1.207159e-07,6.47582e-06
-1.206159e-07,8.42168e-06
-1.205159e-07,1.16648e-05
-1.204159e-07,1.55565e-05
-1.203159e-07,1.75024e-05
-1.202159e-07,1.8151e-05
-1.201159e-07,1.49079e-05
-1.200159e-07,7.12444e-06
-1.199159e-07,-5.19934e-06
-1.198159e-07,-2.01176e-05
-1.197159e-07,-3.56845e-05
-1.196159e-07,-4.99541e-05
-1.195159e-07,-5.90348e-05
-1.194159e-07,-6.09807e-05
-1.193159e-07,-5.44945e-05
-1.192159e-07,-3.89276e-05
-1.191159e-07,-1.55773e-05
-1.190159e-07,1.42593e-05
-1.189159e-07,4.66903e-05
-1.188159e-07,7.84727e-05
-1.187159e-07,0.000106363
-1.186159e-07,0.000127119
-1.185159e-07,0.000139443
-1.184159e-07,0.000142037
-1.183159e-07,0.000135551
-1.182159e-07,0.00012193
-1.181159e-07,0.000101174
-1.180159e-07,7.65268e-05
-1.179159e-07,5.12306e-05
-1.178159e-07,2.6583e-05
-1.177159e-07,4.52996e-06
-1.176159e-07,-1.55773e-05
-1.175159e-07,-3.24414e-05
-1.174159e-07,-4.60624e-05
-1.173159e-07,-5.77376e-05
-1.172159e-07,-6.68183e-05
-1.171159e-07,-7.20072e-05
-1.170159e-07,-7.39531e-05
-1.169159e-07,-7.13586e-05
-1.168159e-07,-6.22779e-05
-1.167159e-07,-4.80083e-05
-1.166159e-07,-2.72524e-05
-1.165159e-07,-2.60486e-06
-1.164159e-07,2.59344e-05
-1.163159e-07,5.5771e-05
-1.162159e-07,8.49589e-05
-1.161159e-07,0.000110255
-1.160159e-07,0.000130362
-1.159159e-07,0.000145281
-1.158159e-07,0.000153713
-1.157159e-07,0.000156956
-1.156159e-07,0.000156307
-1.155159e-07,0.000153713
-1.154159e-07,0.000150469
-1.153159e-07,0.000150469
-1.152159e-07,0.000153064
-1.151159e-07,0.000158902
-1.150159e-07,0.000166036
-1.149159e-07,0.000173171
-1.148159e-07,0.000179009
-1.147159e-07,0.000180955
-1.146159e-07,0.000179657
-1.145159e-07,0.00017382
-1.144159e-07,0.000164091
-1.143159e-07,0.000152415
-1.142159e-07,0.000139443
-1.141159e-07,0.000126471
-1.140159e-07,0.000116741
-1.139159e-07,0.000110255
-1.138159e-07,0.000107661
-1.137159e-07,0.000108309
-1.136159e-07,0.000110904
-1.135159e-07,0.000115444
-1.134159e-07,0.000119336
-1.133159e-07,0.000122579
-1.132159e-07,0.000123876
-1.131159e-07,0.000123227
-1.130159e-07,0.000120633
-1.129159e-07,0.000118038
-1.128159e-07,0.000115444
-1.127159e-07,0.000115444
-1.126159e-07,0.000116741
-1.125159e-07,0.000119984
-1.124159e-07,0.000124525
-1.123159e-07,0.000129065
-1.122159e-07,0.000134254
-1.121159e-07,0.000138146
-1.120159e-07,0.00014074
-1.119159e-07,0.000141389
-1.118159e-07,0.00014074
-1.117159e-07,0.000140092
-1.116159e-07,0.000141389
-1.115159e-07,0.000145929
-1.114159e-07,0.000155658
-1.113159e-07,0.000169279
-1.112159e-07,0.000188089
-1.111159e-07,0.000209494
-1.110159e-07,0.000230898
-1.109159e-07,0.000250357
-1.108159e-07,0.000264627
-1.107159e-07,0.000271113
-1.106159e-07,0.000269167
-1.105159e-07,0.00025814
-1.104159e-07,0.000238682
-1.103159e-07,0.000214034
-1.102159e-07,0.000185495
-1.101159e-07,0.000156956
-1.100159e-07,0.000131011
-1.099159e-07,0.000109606
-1.098159e-07,9.40395e-05
-1.097159e-07,8.3013e-05
-1.096159e-07,7.52296e-05
-1.095159e-07,7.06892e-05
-1.094159e-07,6.61489e-05
-1.093159e-07,6.09599e-05
-1.092159e-07,5.51223e-05
-1.091159e-07,4.86361e-05
-1.090159e-07,4.15013e-05
-1.089159e-07,3.43665e-05
-1.088159e-07,2.78803e-05
-1.087159e-07,2.39886e-05
-1.086159e-07,2.26913e-05
-1.085159e-07,2.26913e-05
-1.084159e-07,2.33399e-05
-1.083159e-07,2.33399e-05
-1.082159e-07,2.13941e-05
-1.081159e-07,1.62051e-05
-1.080159e-07,7.12444e-06
-1.079159e-07,-5.84796e-06
-1.078159e-07,-2.07662e-05
-1.077159e-07,-3.69817e-05
-1.076159e-07,-5.12514e-05
-1.075159e-07,-6.16293e-05
-1.074159e-07,-6.68183e-05
-1.073159e-07,-6.5521e-05
-1.072159e-07,-5.83862e-05
-1.071159e-07,-4.60624e-05
-1.070159e-07,-3.04955e-05
-1.069159e-07,-1.428e-05
-1.068159e-07,-1.03779e-08
-1.067159e-07,1.10162e-05
-1.066159e-07,1.68537e-05
-1.065159e-07,1.68537e-05
-1.064159e-07,1.23134e-05
-1.063159e-07,3.88134e-06
-1.062159e-07,-4.55072e-06
-1.061159e-07,-1.16855e-05
-1.060159e-07,-1.55773e-05
-1.059159e-07,-1.55773e-05
-1.058159e-07,-9.73968e-06
-1.057159e-07,-1.03779e-08
-1.056159e-07,1.16648e-05
-1.055159e-07,2.33399e-05
-1.054159e-07,3.43665e-05
-1.053159e-07,4.27986e-05
-1.052159e-07,4.92848e-05
-1.051159e-07,5.31765e-05
-1.050159e-07,5.51223e-05
-1.049159e-07,5.64196e-05
-1.048159e-07,5.83654e-05
-1.047159e-07,6.29058e-05
-1.046159e-07,7.13378e-05
-1.045159e-07,8.3013e-05
-1.044159e-07,9.6634e-05
-1.043159e-07,0.000110255
-1.042159e-07,0.000122579
-1.041159e-07,0.00013166
-1.040159e-07,0.000134254
-1.039159e-07,0.000130362
-1.038159e-07,0.000119984
-1.037159e-07,0.000102472
-1.036159e-07,7.91213e-05
-1.035159e-07,5.44737e-05
-1.034159e-07,2.98261e-05
-1.033159e-07,8.42168e-06
-1.032159e-07,-8.44244e-06
-1.031159e-07,-1.9469e-05
-1.030159e-07,-2.40093e-05
-1.029159e-07,-2.40093e-05
-1.028159e-07,-2.07662e-05
-1.027159e-07,-1.62259e-05
-1.026159e-07,-1.16855e-05
-1.025159e-07,-9.09106e-06
-1.024159e-07,-7.79382e-06
-1.023159e-07,-7.1452e-06
-1.022159e-07,-4.55072e-06
-1.021159e-07,-1.03779e-08
-1.020159e-07,9.0703e-06
-1.019159e-07,2.33399e-05
-1.018159e-07,4.27986e-05
-1.017159e-07,6.67975e-05
-1.016159e-07,9.20937e-05
-1.015159e-07,0.000116741
-1.014159e-07,0.000137497
-1.013159e-07,0.000151767
-1.012159e-07,0.000158902
-1.011159e-07,0.000156956
-1.010159e-07,0.000148524
-1.009159e-07,0.000134254
-1.008159e-07,0.000116093
-1.007159e-07,9.72826e-05
-1.006159e-07,7.97699e-05
-1.005159e-07,6.4203e-05
-1.004159e-07,5.18792e-05
-1.003159e-07,4.21499e-05
-1.002159e-07,3.43665e-05
-1.001159e-07,2.78803e-05
-1.000159e-07,2.07455e-05
-9.991589e-08,1.16648e-05
-9.981589e-08,1.93548e-06
-9.971589e-08,-9.73968e-06
-9.961589e-08,-2.14148e-05
-9.951589e-08,-3.17928e-05
-9.941589e-08,-3.8279e-05
-9.931589e-08,-4.02248e-05
-9.921589e-08,-3.63331e-05
-9.911589e-08,-2.72524e-05
-9.901589e-08,-1.29828e-05
-9.891589e-08,4.52996e-06
-9.881589e-08,2.46372e-05
-9.871589e-08,4.47444e-05
-9.861589e-08,6.4203e-05
-9.851589e-08,8.10671e-05
-9.841589e-08,9.53368e-05
-9.831589e-08,0.000107012
-9.821589e-08,0.000116741
-9.811589e-08,0.000125173
-9.801589e-08,0.000132308
-9.791589e-08,0.000139443
-9.781589e-08,0.000144632
-9.771589e-08,0.000147875
-9.761589e-08,0.000147875
-9.751589e-08,0.000143335
-9.741589e-08,0.000133605
-9.731589e-08,0.000118038
-9.721589e-08,9.59854e-05
-9.711589e-08,7.00406e-05
-9.701589e-08,4.15013e-05
-9.691589e-08,1.16648e-05
-9.681589e-08,-1.68745e-05
-9.671589e-08,-4.28193e-05
-9.661589e-08,-6.35752e-05
-9.651589e-08,-7.84934e-05
-9.641589e-08,-8.75741e-05
-9.631589e-08,-9.08172e-05
-9.621589e-08,-8.88713e-05
-9.611589e-08,-8.36824e-05
-9.601589e-08,-7.65476e-05
-9.591589e-08,-7.00614e-05
-9.581589e-08,-6.42238e-05
-9.571589e-08,-5.83862e-05
-9.561589e-08,-5.31972e-05
-9.551589e-08,-4.86569e-05
-9.541589e-08,-4.41165e-05
-9.531589e-08,-3.8279e-05
-9.521589e-08,-3.17928e-05
-9.511589e-08,-2.46579e-05
-9.501589e-08,-1.68745e-05
-9.491589e-08,-1.03883e-05
-9.481589e-08,-6.49658e-06
-9.471589e-08,-6.49658e-06
-9.461589e-08,-1.10369e-05
-9.451589e-08,-2.01176e-05
-9.441589e-08,-3.43872e-05
-9.431589e-08,-5.06027e-05
-9.421589e-08,-6.68183e-05
-9.411589e-08,-8.10879e-05
-9.401589e-08,-9.14658e-05
-9.391589e-08,-9.53575e-05
-9.381589e-08,-9.14658e-05
-9.371589e-08,-8.17365e-05
-9.361589e-08,-6.5521e-05
-9.351589e-08,-4.54138e-05
-9.341589e-08,-2.33607e-05
-9.331589e-08,-1.95624e-06
-9.321589e-08,1.68537e-05
-9.311589e-08,3.11234e-05
-9.301589e-08,4.08527e-05
-9.291589e-08,4.60417e-05
-9.281589e-08,4.66903e-05
-9.271589e-08,4.47444e-05
-9.261589e-08,4.08527e-05
-9.251589e-08,3.63124e-05
-9.241589e-08,3.1772e-05
-9.231589e-08,2.78803e-05
-9.221589e-08,2.39886e-05
-9.211589e-08,2.13941e-05
-9.201589e-08,1.87996e-05
-9.191589e-08,1.62051e-05
-9.181589e-08,1.55565e-05
-9.171589e-08,1.55565e-05
-9.161589e-08,1.87996e-05
-9.151589e-08,2.59344e-05
-9.141589e-08,3.82582e-05
-9.131589e-08,5.64196e-05
-9.121589e-08,7.91213e-05
-9.111589e-08,0.000105715
-9.101589e-08,0.000134254
-9.091589e-08,0.000162145
-9.081589e-08,0.000186792
-9.071589e-08,0.000205602
-9.061589e-08,0.00021598
-9.051589e-08,0.000216629
-9.041589e-08,0.000208197
-9.031589e-08,0.000191333
-9.021589e-08,0.000168631
-9.011589e-08,0.000142686
-9.001589e-08,0.000116093
-8.991589e-08,9.14451e-05
-8.981589e-08,7.13378e-05
-8.971589e-08,5.64196e-05
-8.961589e-08,4.73389e-05
-8.951589e-08,4.27986e-05
-8.941589e-08,4.08527e-05
-8.931589e-08,4.02041e-05
-8.921589e-08,3.76096e-05
-8.911589e-08,3.1772e-05
-8.901589e-08,2.20427e-05
-8.891589e-08,8.42168e-06
-8.881589e-08,-9.09106e-06
-8.871589e-08,-2.98469e-05
-8.861589e-08,-5.25486e-05
-8.851589e-08,-7.46017e-05
-8.841589e-08,-9.53575e-05
-8.831589e-08,-0.000114168
-8.821589e-08,-0.000130383
-8.811589e-08,-0.000144653
-8.801589e-08,-0.000156976
-8.791589e-08,-0.000167354
-8.781589e-08,-0.000177084
-8.771589e-08,-0.000185516
-8.761589e-08,-0.000192651
-8.751589e-08,-0.000197191
-8.741589e-08,-0.000198488
-8.731589e-08,-0.000196542
-8.721589e-08,-0.000190056
-8.711589e-08,-0.000179678
-8.701589e-08,-0.000166057
-8.691589e-08,-0.000151139
-8.681589e-08,-0.000135572
-8.671589e-08,-0.000121951
-8.661589e-08,-0.000110276
-8.651589e-08,-0.000103141
-8.641589e-08,-9.86006e-05
-8.631589e-08,-9.66548e-05
-8.621589e-08,-9.66548e-05
-8.611589e-08,-9.60062e-05
-8.601589e-08,-9.40603e-05
-8.591589e-08,-9.01686e-05
-8.581589e-08,-8.30338e-05
-8.571589e-08,-7.26558e-05
-8.561589e-08,-6.09807e-05
-8.551589e-08,-4.80083e-05
-8.541589e-08,-3.63331e-05
-8.531589e-08,-2.7901e-05
-8.521589e-08,-2.27121e-05
-8.511589e-08,-1.9469e-05
-8.501589e-08,-1.75231e-05
-8.491589e-08,-1.62259e-05
-8.481589e-08,-1.29828e-05
-8.471589e-08,-5.84796e-06
-8.461589e-08,5.8272e-06
-8.451589e-08,2.33399e-05
-8.441589e-08,4.60417e-05
-8.431589e-08,7.19865e-05
-8.421589e-08,9.98771e-05
-8.411589e-08,0.000125173
-8.401589e-08,0.000145281
-8.391589e-08,0.000158253
-8.381589e-08,0.000164091
-8.371589e-08,0.000163442
-8.361589e-08,0.000156307
-8.351589e-08,0.000144632
-8.341589e-08,0.00013166
-8.331589e-08,0.000118038
-8.321589e-08,0.000107012
-8.311589e-08,9.98771e-05
-8.301589e-08,9.6634e-05
-8.291589e-08,9.53368e-05
-8.281589e-08,9.59854e-05
-8.271589e-08,9.6634e-05
-8.261589e-08,9.6634e-05
-8.251589e-08,9.46882e-05
-8.241589e-08,9.14451e-05
-8.231589e-08,8.62561e-05
-8.221589e-08,8.04185e-05
-8.211589e-08,7.58782e-05
-8.201589e-08,7.39323e-05
-8.191589e-08,7.52296e-05
-8.181589e-08,8.10671e-05
-8.171589e-08,8.94992e-05
-8.161589e-08,9.92285e-05
-8.151589e-08,0.000108309
-8.141589e-08,0.000114795
-8.131589e-08,0.000116741
-8.121589e-08,0.000113498
-8.111589e-08,0.000103769
-8.101589e-08,8.75533e-05
-8.091589e-08,6.74461e-05
-8.081589e-08,4.5393e-05
-8.071589e-08,2.39886e-05
-8.061589e-08,7.12444e-06
-8.051589e-08,-3.25348e-06
-8.041589e-08,-6.49658e-06
-8.031589e-08,-2.60486e-06
-8.021589e-08,7.77306e-06
-8.011589e-08,2.20427e-05
-8.001589e-08,3.6961e-05
-7.991589e-08,5.18792e-05
-7.981589e-08,6.35544e-05
-7.971589e-08,7.13378e-05
-7.961589e-08,7.52296e-05
-7.951589e-08,7.52296e-05
-7.941589e-08,7.32837e-05
-7.931589e-08,7.06892e-05
-7.921589e-08,6.74461e-05
-7.911589e-08,6.48516e-05
-7.901589e-08,6.35544e-05
-7.891589e-08,6.22572e-05
-7.881589e-08,6.09599e-05
-7.871589e-08,5.77168e-05
-7.861589e-08,5.25279e-05
-7.851589e-08,4.40958e-05
-7.841589e-08,3.1772e-05
-7.831589e-08,1.75024e-05
-7.821589e-08,2.5841e-06
-7.811589e-08,-1.03883e-05
-7.801589e-08,-2.01176e-05
-7.791589e-08,-2.53066e-05
-7.781589e-08,-2.33607e-05
-7.771589e-08,-1.62259e-05
-7.761589e-08,-4.55072e-06
-7.751589e-08,9.71892e-06
-7.741589e-08,2.46372e-05
-7.731589e-08,3.82582e-05
-7.721589e-08,4.66903e-05
-7.711589e-08,5.0582e-05
-7.701589e-08,4.92848e-05
-7.691589e-08,4.27986e-05
-7.681589e-08,3.37179e-05
-7.671589e-08,2.33399e-05
-7.661589e-08,1.49079e-05
-7.651589e-08,9.0703e-06
-7.641589e-08,7.12444e-06
-7.631589e-08,9.71892e-06
-7.621589e-08,1.75024e-05
-7.611589e-08,2.78803e-05
-7.601589e-08,4.02041e-05
-7.591589e-08,5.25279e-05
-7.581589e-08,6.4203e-05
-7.571589e-08,7.26351e-05
-7.561589e-08,7.84727e-05
-7.551589e-08,7.97699e-05
-7.541589e-08,7.84727e-05
-7.531589e-08,7.45809e-05
-7.521589e-08,6.80947e-05
-7.511589e-08,6.09599e-05
-7.501589e-08,5.31765e-05
-7.491589e-08,4.5393e-05
-7.481589e-08,3.6961e-05
-7.471589e-08,2.85289e-05
-7.461589e-08,2.00968e-05
-7.451589e-08,1.10162e-05
-7.441589e-08,2.5841e-06
-7.431589e-08,-5.84796e-06
-7.421589e-08,-1.36314e-05
-7.411589e-08,-2.01176e-05
-7.401589e-08,-2.40093e-05
-7.391589e-08,-2.59552e-05
-7.381589e-08,-2.53066e-05
-7.371589e-08,-2.14148e-05
-7.361589e-08,-1.68745e-05
-7.351589e-08,-1.16855e-05
-7.341589e-08,-7.79382e-06
-7.331589e-08,-6.49658e-06
-7.321589e-08,-8.44244e-06
-7.311589e-08,-1.36314e-05
-7.301589e-08,-2.27121e-05
-7.291589e-08,-3.37386e-05
-7.281589e-08,-4.73596e-05
-7.271589e-08,-6.03321e-05
-7.261589e-08,-7.071e-05
-7.251589e-08,-7.71962e-05
-7.241589e-08,-7.9142e-05
-7.231589e-08,-7.65476e-05
-7.221589e-08,-6.87641e-05
-7.211589e-08,-5.7089e-05
-7.201589e-08,-4.41165e-05
-7.191589e-08,-3.17928e-05
-7.181589e-08,-2.07662e-05
-7.171589e-08,-1.36314e-05
-7.161589e-08,-1.03883e-05
-7.151589e-08,-1.10369e-05
-7.141589e-08,-1.428e-05
-7.131589e-08,-1.9469e-05
-7.121589e-08,-2.53066e-05
-7.111589e-08,-3.11441e-05
-7.101589e-08,-3.50359e-05
-7.091589e-08,-3.76303e-05
-7.081589e-08,-3.95762e-05
-7.071589e-08,-4.02248e-05
-7.061589e-08,-4.21707e-05
-7.051589e-08,-4.54138e-05
-7.041589e-08,-5.19e-05
-7.031589e-08,-6.03321e-05
-7.021589e-08,-6.87641e-05
-7.011589e-08,-7.58989e-05
-7.001589e-08,-8.04393e-05
-6.991589e-08,-8.10879e-05
-6.981589e-08,-7.52503e-05
-6.971589e-08,-6.29265e-05
-6.961589e-08,-4.47652e-05
-6.951589e-08,-2.01176e-05
-6.941589e-08,7.77306e-06
-6.931589e-08,3.76096e-05
-6.921589e-08,6.87434e-05
-6.911589e-08,9.79313e-05
-6.901589e-08,0.000125173
-6.891589e-08,0.000149172
-6.881589e-08,0.000169279
-6.871589e-08,0.000186144
-6.861589e-08,0.000200413
-6.851589e-08,0.000212737
-6.841589e-08,0.000223115
-6.831589e-08,0.000232196
-6.821589e-08,0.00023933
-6.811589e-08,0.000245168
-6.801589e-08,0.000248411
-6.791589e-08,0.000249708
-6.781589e-08,0.000247763
-6.771589e-08,0.000243871
-6.761589e-08,0.000237385
-6.751589e-08,0.000228953
-6.741589e-08,0.000219223
-6.731589e-08,0.000208845
-6.721589e-08,0.000198467
-6.711589e-08,0.000188089
-6.701589e-08,0.000177712
-6.691589e-08,0.000167982
-6.681589e-08,0.000158253
-6.671589e-08,0.000149172
-6.661589e-08,0.000140092
-6.651589e-08,0.000131011
-6.641589e-08,0.000121282
-6.631589e-08,0.000111552
-6.621589e-08,0.000102472
-6.611589e-08,9.33909e-05
-6.601589e-08,8.56075e-05
-6.591589e-08,7.91213e-05
-6.581589e-08,7.32837e-05
-6.571589e-08,6.9392e-05
-6.561589e-08,6.55003e-05
-6.551589e-08,6.29058e-05
-6.541589e-08,6.09599e-05
-6.531589e-08,5.90141e-05
-6.521589e-08,5.83654e-05
-6.511589e-08,5.77168e-05
-6.501589e-08,5.83654e-05
-6.491589e-08,6.03113e-05
-6.481589e-08,6.48516e-05
-6.471589e-08,7.19865e-05
-6.461589e-08,8.23644e-05
-6.451589e-08,9.59854e-05
-6.441589e-08,0.00011285
-6.431589e-08,0.00013166
-6.421589e-08,0.000151118
-6.411589e-08,0.000169279
-6.401589e-08,0.000184846
-6.391589e-08,0.000196522
-6.381589e-08,0.000202359
-6.371589e-08,0.000203008
-6.361589e-08,0.000196522
-6.351589e-08,0.000184846
-6.341589e-08,0.000167334
-6.331589e-08,0.000145281
-6.321589e-08,0.000121282
-6.311589e-08,9.6634e-05
-6.301589e-08,7.32837e-05
-6.291589e-08,5.12306e-05
-6.281589e-08,3.1772e-05
-6.271589e-08,1.42593e-05
-6.261589e-08,-6.58998e-07
-6.251589e-08,-1.428e-05
-6.241589e-08,-2.66038e-05
-6.231589e-08,-3.76303e-05
-6.221589e-08,-4.60624e-05
-6.211589e-08,-5.19e-05
-6.201589e-08,-5.51431e-05
-6.191589e-08,-5.51431e-05
-6.181589e-08,-4.99541e-05
-6.171589e-08,-4.02248e-05
-6.161589e-08,-2.66038e-05
-6.151589e-08,-9.73968e-06
-6.141589e-08,1.03675e-05
-6.131589e-08,3.1772e-05
-6.121589e-08,5.31765e-05
-6.111589e-08,7.26351e-05
-6.101589e-08,8.94992e-05
-6.091589e-08,0.00010312
-6.081589e-08,0.00011285
-6.071589e-08,0.000119336
-6.061589e-08,0.000122579
-6.051589e-08,0.000123227
-6.041589e-08,0.000119984
-6.031589e-08,0.00011285
-6.021589e-08,0.00010312
-6.011589e-08,9.07964e-05
-6.001589e-08,7.45809e-05
-5.991589e-08,5.70682e-05
-5.981589e-08,3.76096e-05
-5.971589e-08,1.8151e-05
-5.961589e-08,-2.60486e-06
-5.951589e-08,-2.20635e-05
-5.941589e-08,-3.95762e-05
-5.931589e-08,-5.31972e-05
-5.921589e-08,-6.29265e-05
-5.911589e-08,-6.87641e-05
-5.901589e-08,-7.00614e-05
-5.891589e-08,-6.74669e-05
-5.881589e-08,-6.22779e-05
-5.871589e-08,-5.51431e-05
-5.861589e-08,-4.73596e-05
-5.851589e-08,-3.95762e-05
-5.841589e-08,-3.24414e-05
-5.831589e-08,-2.66038e-05
-5.821589e-08,-2.20635e-05
-5.811589e-08,-1.81717e-05
-5.801589e-08,-1.49286e-05
-5.791589e-08,-1.16855e-05
-5.781589e-08,-6.49658e-06
-5.771589e-08,6.38242e-07
-5.761589e-08,9.71892e-06
-5.751589e-08,2.20427e-05
-5.741589e-08,3.6961e-05
-5.731589e-08,5.31765e-05
-5.721589e-08,7.00406e-05
-5.711589e-08,8.75533e-05
-5.701589e-08,0.000104417
-5.691589e-08,0.000121282
-5.681589e-08,0.000136848
-5.671589e-08,0.000150469
-5.661589e-08,0.000162793
-5.651589e-08,0.000173171
-5.641589e-08,0.000181603
-5.631589e-08,0.000188089
-5.621589e-08,0.000190035
-5.611589e-08,0.000188738
-5.601589e-08,0.000181603
-5.591589e-08,0.000169279
-5.581589e-08,0.000151767
-5.571589e-08,0.000129065
-5.561589e-08,0.000102472
-5.551589e-08,7.39323e-05
-5.541589e-08,4.40958e-05
-5.531589e-08,1.68537e-05
-5.521589e-08,-7.1452e-06
-5.511589e-08,-2.46579e-05
-5.501589e-08,-3.50359e-05
-5.491589e-08,-3.89276e-05
-5.481589e-08,-3.69817e-05
-5.471589e-08,-2.91983e-05
-5.461589e-08,-1.68745e-05
-5.451589e-08,-2.60486e-06
-5.441589e-08,1.16648e-05
-5.431589e-08,2.39886e-05
-5.421589e-08,3.30692e-05
-5.411589e-08,3.95555e-05
-5.401589e-08,4.15013e-05
-5.391589e-08,4.02041e-05
-5.381589e-08,3.6961e-05
-5.371589e-08,3.1772e-05
-5.361589e-08,2.52858e-05
-5.351589e-08,2.00968e-05
-5.341589e-08,1.62051e-05
-5.331589e-08,1.42593e-05
-5.321589e-08,1.42593e-05
-5.311589e-08,1.62051e-05
-5.301589e-08,2.13941e-05
-5.291589e-08,2.91775e-05
-5.281589e-08,3.89068e-05
-5.271589e-08,5.18792e-05
-5.261589e-08,6.67975e-05
-5.251589e-08,8.3013e-05
-5.241589e-08,9.85799e-05
-5.231589e-08,0.000114147
-5.221589e-08,0.000128416
-5.211589e-08,0.000141389
-5.201589e-08,0.000151767
-5.191589e-08,0.00015955
-5.181589e-08,0.000163442
-5.171589e-08,0.000163442
-5.161589e-08,0.00015955
-5.151589e-08,0.000153064
-5.141589e-08,0.000143335
-5.131589e-08,0.00013166
-5.121589e-08,0.000118038
-5.111589e-08,0.00010312
-5.101589e-08,8.94992e-05
-5.091589e-08,7.7824e-05
-5.081589e-08,6.80947e-05
-5.071589e-08,6.09599e-05
-5.061589e-08,5.64196e-05
-5.051589e-08,5.44737e-05
-5.041589e-08,5.44737e-05
-5.031589e-08,5.64196e-05
-5.021589e-08,5.90141e-05
-5.011589e-08,6.09599e-05
-5.001589e-08,6.16085e-05
-4.991589e-08,6.03113e-05
-4.981589e-08,5.70682e-05
-4.971589e-08,5.12306e-05
-4.961589e-08,4.34472e-05
-4.951589e-08,3.30692e-05
-4.941589e-08,2.13941e-05
-4.931589e-08,7.12444e-06
-4.921589e-08,-8.44244e-06
-4.911589e-08,-2.46579e-05
-4.901589e-08,-4.08734e-05
-4.891589e-08,-5.7089e-05
-4.881589e-08,-7.26558e-05
-4.871589e-08,-8.75741e-05
-4.861589e-08,-9.92493e-05
-4.851589e-08,-0.000107681
-4.841589e-08,-0.000111573
-4.831589e-08,-0.000109627
-4.821589e-08,-0.000102492
-4.811589e-08,-9.08172e-05
-4.801589e-08,-7.58989e-05
-4.791589e-08,-5.83862e-05
-4.781589e-08,-4.02248e-05
-4.771589e-08,-2.27121e-05
-4.761589e-08,-8.44244e-06
-4.751589e-08,6.38242e-07
-4.741589e-08,5.8272e-06
-4.731589e-08,7.12444e-06
-4.721589e-08,5.8272e-06
-4.711589e-08,3.88134e-06
-4.701589e-08,3.23272e-06
-4.691589e-08,4.52996e-06
-4.681589e-08,7.77306e-06
-4.671589e-08,1.42593e-05
-4.661589e-08,2.33399e-05
-4.651589e-08,3.30692e-05
-4.641589e-08,4.34472e-05
-4.631589e-08,5.25279e-05
-4.621589e-08,6.09599e-05
-4.611589e-08,6.67975e-05
-4.601589e-08,7.00406e-05
-4.591589e-08,7.19865e-05
-4.581589e-08,7.26351e-05
-4.571589e-08,7.32837e-05
-4.561589e-08,7.39323e-05
-4.551589e-08,7.45809e-05
-4.541589e-08,7.71754e-05
-4.531589e-08,7.97699e-05
-4.521589e-08,8.3013e-05
-4.511589e-08,8.56075e-05
-4.501589e-08,8.62561e-05
-4.491589e-08,8.62561e-05
-4.481589e-08,8.36616e-05
-4.471589e-08,7.91213e-05
-4.461589e-08,7.26351e-05
-4.451589e-08,6.55003e-05
-4.441589e-08,5.83654e-05
-4.431589e-08,5.18792e-05
-4.421589e-08,4.66903e-05
-4.411589e-08,4.34472e-05
-4.401589e-08,4.21499e-05
-4.391589e-08,4.21499e-05
-4.381589e-08,4.34472e-05
-4.371589e-08,4.5393e-05
-4.361589e-08,4.60417e-05
-4.351589e-08,4.47444e-05
-4.341589e-08,4.15013e-05
-4.331589e-08,3.6961e-05
-4.321589e-08,3.1772e-05
-4.311589e-08,2.6583e-05
-4.301589e-08,2.20427e-05
-4.291589e-08,1.94482e-05
-4.281589e-08,1.87996e-05
-4.271589e-08,2.07455e-05
-4.261589e-08,2.46372e-05
-4.251589e-08,3.04748e-05
-4.241589e-08,3.6961e-05
-4.231589e-08,4.21499e-05
-4.221589e-08,4.5393e-05
-4.211589e-08,4.60417e-05
-4.201589e-08,4.21499e-05
-4.191589e-08,3.56637e-05
-4.181589e-08,2.72317e-05
-4.171589e-08,1.68537e-05
-4.161589e-08,5.8272e-06
-4.151589e-08,-4.55072e-06
-4.141589e-08,-1.16855e-05
-4.131589e-08,-1.55773e-05
-4.121589e-08,-1.55773e-05
-4.111589e-08,-1.23342e-05
-4.101589e-08,-5.84796e-06
-4.091589e-08,1.93548e-06
-4.081589e-08,9.71892e-06
-4.071589e-08,1.75024e-05
-4.061589e-08,2.33399e-05
-4.051589e-08,2.6583e-05
-4.041589e-08,2.72317e-05
-4.031589e-08,2.46372e-05
-4.021589e-08,2.13941e-05
-4.011589e-08,1.68537e-05
-4.001589e-08,1.2962e-05
-3.991589e-08,1.03675e-05
-3.981589e-08,9.0703e-06
-3.971589e-08,9.71892e-06
-3.961589e-08,1.23134e-05
-3.951589e-08,1.62051e-05
-3.941589e-08,2.20427e-05
-3.931589e-08,2.91775e-05
-3.921589e-08,3.63124e-05
-3.911589e-08,4.27986e-05
-3.901589e-08,4.86361e-05
-3.891589e-08,5.31765e-05
-3.881589e-08,5.5771e-05
-3.871589e-08,5.77168e-05
-3.861589e-08,5.90141e-05
-3.851589e-08,5.96627e-05
-3.841589e-08,5.96627e-05
-3.831589e-08,6.03113e-05
-3.821589e-08,6.29058e-05
-3.811589e-08,6.67975e-05
-3.801589e-08,7.26351e-05
-3.791589e-08,7.97699e-05
-3.781589e-08,8.88506e-05
-3.771589e-08,9.92285e-05
-3.761589e-08,0.000108958
-3.751589e-08,0.000118038
-3.741589e-08,0.000125173
-3.731589e-08,0.000129065
-3.721589e-08,0.000128416
-3.711589e-08,0.00012193
-3.701589e-08,0.000111552
-3.691589e-08,9.72826e-05
-3.681589e-08,7.97699e-05
-3.671589e-08,5.96627e-05
-3.661589e-08,3.95555e-05
-3.651589e-08,2.07455e-05
-3.641589e-08,4.52996e-06
-3.631589e-08,-7.1452e-06
-3.621589e-08,-1.16855e-05
-3.611589e-08,-9.73968e-06
-3.601589e-08,-6.58998e-07
-3.591589e-08,1.49079e-05
-3.581589e-08,3.63124e-05
-3.571589e-08,6.16085e-05
-3.561589e-08,8.8202e-05
-3.551589e-08,0.000115444
-3.541589e-08,0.000140092
-3.531589e-08,0.000160847
-3.521589e-08,0.000176414
-3.511589e-08,0.000186144
-3.501589e-08,0.000191333
-3.491589e-08,0.000191333
-3.481589e-08,0.000186792
-3.471589e-08,0.000179009
-3.461589e-08,0.000168631
-3.451589e-08,0.000156956
-3.441589e-08,0.000142686
-3.431589e-08,0.000126471
-3.421589e-08,0.000108309
-3.411589e-08,8.8202e-05
-3.401589e-08,6.55003e-05
-3.391589e-08,4.08527e-05
-3.381589e-08,1.55565e-05
-3.371589e-08,-8.44244e-06
-3.361589e-08,-3.11441e-05
-3.351589e-08,-4.93055e-05
-3.341589e-08,-6.22779e-05
-3.331589e-08,-6.74669e-05
-3.321589e-08,-6.68183e-05
-3.311589e-08,-5.96834e-05
-3.301589e-08,-4.6711e-05
-3.291589e-08,-2.98469e-05
-3.281589e-08,-1.10369e-05
-3.271589e-08,7.77306e-06
-3.261589e-08,2.52858e-05
-3.251589e-08,3.95555e-05
-3.241589e-08,4.92848e-05
-3.231589e-08,5.44737e-05
-3.221589e-08,5.64196e-05
-3.211589e-08,5.44737e-05
-3.201589e-08,4.99334e-05
-3.191589e-08,4.34472e-05
-3.181589e-08,3.6961e-05
-3.171589e-08,3.11234e-05
-3.161589e-08,2.52858e-05
-3.151589e-08,2.00968e-05
-3.141589e-08,1.49079e-05
-3.131589e-08,9.0703e-06
-3.121589e-08,1.93548e-06
-3.111589e-08,-5.84796e-06
-3.101589e-08,-1.55773e-05
-3.091589e-08,-2.59552e-05
-3.081589e-08,-3.69817e-05
-3.071589e-08,-4.80083e-05
-3.061589e-08,-5.77376e-05
-3.051589e-08,-6.5521e-05
-3.041589e-08,-7.00614e-05
-3.031589e-08,-7.20072e-05
-3.021589e-08,-7.20072e-05
-3.011589e-08,-7.00614e-05
-3.001589e-08,-6.74669e-05
-2.991589e-08,-6.42238e-05
-2.981589e-08,-6.16293e-05
-2.971589e-08,-5.96834e-05
-2.961589e-08,-5.90348e-05
-2.951589e-08,-5.96834e-05
-2.941589e-08,-6.09807e-05
-2.931589e-08,-6.29265e-05
-2.921589e-08,-6.35752e-05
-2.911589e-08,-6.35752e-05
-2.901589e-08,-6.16293e-05
-2.891589e-08,-5.7089e-05
-2.881589e-08,-5.25486e-05
-2.871589e-08,-4.6711e-05
-2.861589e-08,-4.15221e-05
-2.851589e-08,-3.69817e-05
-2.841589e-08,-3.37386e-05
-2.831589e-08,-3.309e-05
-2.821589e-08,-3.37386e-05
-2.811589e-08,-3.56845e-05
-2.801589e-08,-3.76303e-05
-2.791589e-08,-3.76303e-05
-2.781589e-08,-3.56845e-05
-2.771589e-08,-3.04955e-05
-2.761589e-08,-2.14148e-05
-2.751589e-08,-8.44244e-06
-2.741589e-08,8.42168e-06
-2.731589e-08,2.78803e-05
-2.721589e-08,4.86361e-05
-2.711589e-08,6.87434e-05
-2.701589e-08,8.75533e-05
-2.691589e-08,0.000103769
-2.681589e-08,0.000115444
-2.671589e-08,0.000123876
-2.661589e-08,0.000128416
-2.651589e-08,0.000129714
-2.641589e-08,0.000126471
-2.631589e-08,0.000120633
-2.621589e-08,0.000110904
-2.611589e-08,9.85799e-05
-2.601589e-08,8.36616e-05
-2.591589e-08,6.61489e-05
-2.581589e-08,4.79875e-05
-2.571589e-08,3.04748e-05
-2.561589e-08,1.42593e-05
-2.551589e-08,6.38242e-07
-2.541589e-08,-1.10369e-05
-2.531589e-08,-1.88204e-05
-2.521589e-08,-2.40093e-05
-2.511589e-08,-2.59552e-05
-2.501589e-08,-2.53066e-05
-2.491589e-08,-2.27121e-05
-2.481589e-08,-2.07662e-05
-2.471589e-08,-1.9469e-05
-2.461589e-08,-2.01176e-05
-2.451589e-08,-2.20635e-05
-2.441589e-08,-2.72524e-05
-2.431589e-08,-3.37386e-05
-2.421589e-08,-4.28193e-05
-2.411589e-08,-5.25486e-05
-2.401589e-08,-6.22779e-05
-2.391589e-08,-7.00614e-05
-2.381589e-08,-7.58989e-05
-2.371589e-08,-7.9142e-05
-2.361589e-08,-7.97907e-05
-2.351589e-08,-7.78448e-05
-2.341589e-08,-7.33045e-05
-2.331589e-08,-6.68183e-05
-2.321589e-08,-5.96834e-05
-2.311589e-08,-5.25486e-05
-2.301589e-08,-4.60624e-05
-2.291589e-08,-4.08734e-05
-2.281589e-08,-3.8279e-05
-2.271589e-08,-3.76303e-05
-2.261589e-08,-3.8279e-05
-2.251589e-08,-4.02248e-05
-2.241589e-08,-4.34679e-05
-2.231589e-08,-4.60624e-05
-2.221589e-08,-4.80083e-05
-2.211589e-08,-4.99541e-05
-2.201589e-08,-5.06027e-05
-2.191589e-08,-4.99541e-05
-2.181589e-08,-4.80083e-05
-2.171589e-08,-4.54138e-05
-2.161589e-08,-4.21707e-05
-2.151589e-08,-3.89276e-05
-2.141589e-08,-3.43872e-05
-2.131589e-08,-2.91983e-05
-2.121589e-08,-2.33607e-05
-2.111589e-08,-1.68745e-05
-2.101589e-08,-1.03883e-05
-2.091589e-08,-3.25348e-06
-2.081589e-08,2.5841e-06
-2.071589e-08,7.77306e-06
-2.061589e-08,1.16648e-05
-2.051589e-08,1.2962e-05
-2.041589e-08,1.16648e-05
-2.031589e-08,6.47582e-06
-2.021589e-08,-6.58998e-07
-2.011589e-08,-1.03883e-05
-2.001589e-08,-2.20635e-05
-1.991589e-08,-3.37386e-05
-1.981589e-08,-4.54138e-05
-1.971589e-08,-5.57917e-05
-1.961589e-08,-6.5521e-05
-1.951589e-08,-7.39531e-05
-1.941589e-08,-8.10879e-05
-1.931589e-08,-8.75741e-05
-1.921589e-08,-9.40603e-05
-1.911589e-08,-0.000101195
-1.901589e-08,-0.00010833
-1.891589e-08,-0.000115465
-1.881589e-08,-0.000121302
-1.871589e-08,-0.000125194
-1.861589e-08,-0.000126491
-1.851589e-08,-0.000123897
-1.841589e-08,-0.000118059
-1.831589e-08,-0.00010833
-1.821589e-08,-9.34117e-05
-1.811589e-08,-7.58989e-05
-1.801589e-08,-5.57917e-05
-1.791589e-08,-3.43872e-05
-1.781589e-08,-1.36314e-05
-1.771589e-08,6.47582e-06
-1.761589e-08,2.33399e-05
-1.751589e-08,3.76096e-05
-1.741589e-08,4.92848e-05
-1.731589e-08,5.77168e-05
-1.721589e-08,6.29058e-05
-1.711589e-08,6.48516e-05
-1.701589e-08,6.48516e-05
-1.691589e-08,6.16085e-05
-1.681589e-08,5.5771e-05
-1.671589e-08,4.79875e-05
-1.661589e-08,3.6961e-05
-1.651589e-08,2.46372e-05
-1.641589e-08,1.10162e-05
-1.631589e-08,-3.25348e-06
-1.621589e-08,-1.68745e-05
-1.611589e-08,-2.98469e-05
-1.601589e-08,-4.15221e-05
-1.591589e-08,-5.06027e-05
-1.581589e-08,-5.64403e-05
-1.571589e-08,-5.83862e-05
-1.561589e-08,-5.77376e-05
-1.551589e-08,-5.51431e-05
-1.541589e-08,-4.99541e-05
-1.531589e-08,-4.28193e-05
-1.521589e-08,-3.50359e-05
-1.511589e-08,-2.66038e-05
-1.501589e-08,-1.81717e-05
-1.491589e-08,-9.73968e-06
-1.481589e-08,-2.60486e-06
-1.471589e-08,3.23272e-06
-1.461589e-08,9.0703e-06
-1.451589e-08,1.42593e-05
-1.441589e-08,2.00968e-05
-1.431589e-08,2.59344e-05
-1.421589e-08,3.1772e-05
-1.411589e-08,3.63124e-05
-1.401589e-08,4.02041e-05
-1.391589e-08,4.27986e-05
-1.381589e-08,4.40958e-05
-1.371589e-08,4.40958e-05
-1.361589e-08,4.27986e-05
-1.351589e-08,4.08527e-05
-1.341589e-08,3.95555e-05
-1.331589e-08,4.02041e-05
-1.321589e-08,4.21499e-05
-1.311589e-08,4.66903e-05
-1.301589e-08,5.44737e-05
-1.291589e-08,6.55003e-05
-1.281589e-08,7.84727e-05
-1.271589e-08,9.33909e-05
-1.261589e-08,0.000107661
-1.251589e-08,0.000119984
-1.241589e-08,0.000129065
-1.231589e-08,0.000133605
-1.221589e-08,0.000132957
-1.211589e-08,0.000128416
-1.201589e-08,0.000120633
-1.191589e-08,0.000111552
-1.181589e-08,0.000101823
-1.171589e-08,9.33909e-05
-1.161589e-08,8.56075e-05
-1.151589e-08,7.91213e-05
-1.141589e-08,7.58782e-05
-1.131589e-08,7.45809e-05
-1.121589e-08,7.52296e-05
-1.111589e-08,7.52296e-05
-1.101589e-08,7.52296e-05
-1.091589e-08,7.45809e-05
-1.081589e-08,7.19865e-05
-1.071589e-08,6.87434e-05
-1.061589e-08,6.55003e-05
-1.051589e-08,6.29058e-05
-1.041589e-08,6.22572e-05
-1.031589e-08,6.29058e-05
-1.021589e-08,6.61489e-05
-1.011589e-08,7.13378e-05
-1.001589e-08,7.84727e-05
-9.915893e-09,8.49589e-05
-9.815893e-09,9.01478e-05
-9.715893e-09,9.27423e-05
-9.615893e-09,9.20937e-05
-9.515893e-09,8.69047e-05
-9.415893e-09,7.71754e-05
-9.315893e-09,6.29058e-05
-9.215893e-09,4.47444e-05
-9.115893e-09,2.33399e-05
-9.015893e-09,-1.03779e-08
-8.915893e-09,-2.27121e-05
-8.815893e-09,-4.47652e-05
-8.715893e-09,-6.48724e-05
-8.615893e-09,-8.23851e-05
-8.515893e-09,-9.66548e-05
-8.415893e-09,-0.000107681
-8.315893e-09,-0.000116762
-8.215893e-09,-0.000123248
-8.115893e-09,-0.00012714
-8.015893e-09,-0.000131032
-7.915893e-09,-0.000133626
-7.815893e-09,-0.000136221
-7.715893e-09,-0.000138166
-7.615893e-09,-0.000140761
-7.515893e-09,-0.000143355
-7.415893e-09,-0.000145301
-7.315893e-09,-0.000146599
-7.215893e-09,-0.000146599
-7.115893e-09,-0.000143355
-7.015893e-09,-0.000136221
-6.915893e-09,-0.000125194
-6.815893e-09,-0.000111573
-6.715893e-09,-9.40603e-05
-6.615893e-09,-7.39531e-05
-6.515893e-09,-5.19e-05
-6.415893e-09,-2.98469e-05
-6.315893e-09,-7.79382e-06
-6.215893e-09,1.2962e-05
-6.115893e-09,3.11234e-05
-6.015893e-09,4.47444e-05
-5.915893e-09,5.44737e-05
-5.815893e-09,5.96627e-05
-5.715893e-09,5.96627e-05
-5.615893e-09,5.64196e-05
-5.515893e-09,4.99334e-05
-5.415893e-09,4.21499e-05
-5.315893e-09,3.37179e-05
-5.215893e-09,2.59344e-05
-5.115893e-09,1.94482e-05
-5.015893e-09,1.49079e-05
-4.915893e-09,1.23134e-05
-4.815893e-09,1.23134e-05
-4.715893e-09,1.2962e-05
-4.615893e-09,1.49079e-05
-4.515893e-09,1.68537e-05
-4.415893e-09,1.68537e-05
-4.315893e-09,1.49079e-05
-4.215893e-09,1.10162e-05
-4.115893e-09,3.88134e-06
-4.015893e-09,-5.84796e-06
-3.915893e-09,-1.88204e-05
-3.815893e-09,-3.37386e-05
-3.715893e-09,-5.12514e-05
-3.615893e-09,-7.13586e-05
-3.515893e-09,-9.47089e-05
-3.415893e-09,-0.000119356
-3.315893e-09,-0.00014595
-3.215893e-09,-0.000173192
-3.115893e-09,-0.000201731
-3.015893e-09,-0.000229622
-2.915893e-09,-0.000257513
-2.815893e-09,-0.000285403
-2.715893e-09,-0.000311997
-2.615893e-09,-0.000337293
-2.515893e-09,-0.00036194
-2.415893e-09,-0.000386588
-2.315893e-09,-0.000411884
-2.215893e-09,-0.000437829
-2.115893e-09,-0.000465071
-2.015893e-09,-0.000494259
-1.915893e-09,-0.000525393
-1.815893e-09,-0.000559121
-1.715893e-09,-0.000595444
-1.615893e-09,-0.000633064
-1.515893e-09,-0.000672629
-1.415893e-09,-0.000712844
-1.315893e-09,-0.000753058
-1.215893e-09,-0.000795867
-1.115893e-09,-0.000840622
-1.015893e-09,-0.000889269
-9.158934e-10,-0.000942455
-8.158934e-10,-0.00100213
-7.158934e-10,-0.00107023
-6.158934e-10,-0.00114677
-5.158934e-10,-0.00123304
-4.158934e-10,-0.00132774
-3.158934e-10,-0.00143022
-2.158934e-10,-0.00154048
-1.158934e-10,-0.00165529
-1.589341e-11,-0.00177334
8.410659e-11,-0.00189268
1.841066e-10,-0.00201268
2.841066e-10,-0.00213267
3.841066e-10,-0.00225202
4.841066e-10,-0.00237137
5.841066e-10,-0.00249136
6.841066e-10,-0.00261265
7.841066e-10,-0.00273589
8.841066e-10,-0.00286172
9.841066e-10,-0.0029908
1.084107e-09,-0.00312052
1.184107e-09,-0.00325219
1.284107e-09,-0.00338321
1.384107e-09,-0.00351359
1.484107e-09,-0.00364072
1.584107e-09,-0.0037646
1.684107e-09,-0.00388525
1.784107e-09,-0.004002
1.884107e-09,-0.00411615
1.984107e-09,-0.00422772
2.084107e-09,-0.00433798
2.184107e-09,-0.0044476
2.284107e-09,-0.00455592
2.384107e-09,-0.00466164
2.484107e-09,-0.00476413
2.584107e-09,-0.00486142
2.684107e-09,-0.00495158
2.784107e-09,-0.00503265
2.884107e-09,-0.005104
2.984107e-09,-0.00516432
3.084107e-09,-0.00521427
3.184107e-09,-0.00525513
3.284107e-09,-0.00528821
3.384107e-09,-0.0053148
3.484107e-09,-0.00533815
3.584107e-09,-0.00535826
3.684107e-09,-0.00537772
3.784107e-09,-0.00539588
3.884107e-09,-0.00541275
3.984107e-09,-0.00542702
4.084107e-09,-0.00543804
4.184107e-09,-0.00544388
4.284107e-09,-0.00544453
4.384107e-09,-0.00543869
4.484107e-09,-0.00542637
4.584107e-09,-0.00540885
4.684107e-09,-0.0053855
4.784107e-09,-0.00535891
4.884107e-09,-0.00532972
4.984107e-09,-0.00529859
5.084107e-09,-0.00526616
5.184107e-09,-0.00523243
5.284107e-09,-0.00519611
5.384107e-09,-0.00515589
5.484107e-09,-0.00511114
5.584107e-09,-0.0050599
5.684107e-09,-0.00500087
5.784107e-09,-0.00493342
5.884107e-09,-0.00485688
5.984107e-09,-0.00477126
6.084107e-09,-0.00467851
6.184107e-09,-0.00457992
6.284107e-09,-0.00447614
6.384107e-09,-0.00436976
6.484107e-09,-0.00426274
6.584107e-09,-0.00415637
6.684107e-09,-0.00405324
6.784107e-09,-0.0039553
6.884107e-09,-0.00386514
6.984107e-09,-0.00378211
7.084107e-09,-0.00370882
7.184107e-09,-0.00364461
7.284107e-09,-0.00358947
7.384107e-09,-0.00354277
7.484107e-09,-0.00350451
7.584107e-09,-0.00347337
7.684107e-09,-0.00344872
7.784107e-09,-0.00342797
7.884107e-09,-0.00341046
7.984107e-09,-0.00339229
8.084107e-09,-0.00337154
8.184107e-09,-0.00334624
8.284107e-09,-0.00331316
8.384107e-09,-0.00327165
8.484107e-09,-0.00321846
8.584107e-09,-0.00315425
8.684107e-09,-0.00307966
8.784107e-09,-0.00299664
8.884107e-09,-0.00290713
8.984107e-09,-0.00281502
9.084107e-09,-0.00272357
9.184107e-09,-0.00263535
9.284107e-09,-0.00255363
9.384107e-09,-0.00247969
9.484107e-09,-0.00241482
9.584107e-09,-0.00235774
9.684107e-09,-0.00230715
9.784107e-09,-0.0022598
9.884107e-09,-0.0022144
9.984107e-09,-0.002169
1.008411e-08,-0.00212165
1.018411e-08,-0.0020717
1.028411e-08,-0.00201852
1.038411e-08,-0.00196338
1.048411e-08,-0.00190695
1.058411e-08,-0.00185052
1.068411e-08,-0.00179669
1.078411e-08,-0.00174674
1.088411e-08,-0.00170264
1.098411e-08,-0.00166437
1.108411e-08,-0.00163259
1.118411e-08,-0.00160729
1.128411e-08,-0.00158718
1.138411e-08,-0.00157097
1.148411e-08,-0.001558
1.158411e-08,-0.00154697
1.168411e-08,-0.00153724
1.178411e-08,-0.00152881
1.188411e-08,-0.00152102
1.198411e-08,-0.00151519
1.208411e-08,-0.0015113
1.218411e-08,-0.00150935
1.228411e-08,-0.00151
1.238411e-08,-0.00151389
1.248411e-08,-0.00152102
1.258411e-08,-0.0015314
1.268411e-08,-0.00154502
1.278411e-08,-0.00156124
1.288411e-08,-0.00157875
1.298411e-08,-0.00159562
1.308411e-08,-0.00161118
1.318411e-08,-0.00162416
1.328411e-08,-0.00163388
1.338411e-08,-0.00163972
1.348411e-08,-0.00164167
1.358411e-08,-0.00163972
1.368411e-08,-0.00163324
1.378411e-08,-0.00162351
1.388411e-08,-0.00161053
1.398411e-08,-0.00159626
1.408411e-08,-0.00158005
1.418411e-08,-0.00156254
1.428411e-08,-0.00154502
1.438411e-08,-0.00152751
1.448411e-08,-0.00151
1.458411e-08,-0.00149184
1.468411e-08,-0.00147368
1.478411e-08,-0.00145551
1.488411e-08,-0.0014367
1.498411e-08,-0.00141919
1.508411e-08,-0.00140168
1.518411e-08,-0.00138611
1.528411e-08,-0.00137184
1.538411e-08,-0.00135952
1.548411e-08,-0.00134979
1.558411e-08,-0.0013433
1.568411e-08,-0.00134006
1.578411e-08,-0.00134071
1.588411e-08,-0.00134525
1.598411e-08,-0.00135173
1.608411e-08,-0.00135887
1.618411e-08,-0.00136536
1.628411e-08,-0.00136925
1.638411e-08,-0.0013699
1.648411e-08,-0.00136406
1.658411e-08,-0.00135109
1.668411e-08,-0.00133098
1.678411e-08,-0.00130309
1.688411e-08,-0.00126806
1.698411e-08,-0.0012272
1.708411e-08,-0.00118374
1.718411e-08,-0.00113964
1.728411e-08,-0.00109683
1.738411e-08,-0.00105661
1.748411e-08,-0.00102094
1.758411e-08,-0.000991102
1.768411e-08,-0.000965806
1.778411e-08,-0.000944401
1.788411e-08,-0.000925591
1.798411e-08,-0.000908727
1.808411e-08,-0.000891214
1.818411e-08,-0.000872404
1.828411e-08,-0.000852946
1.838411e-08,-0.00083219
1.848411e-08,-0.000810786
1.858411e-08,-0.00079003
1.868411e-08,-0.000770571
1.878411e-08,-0.000754356
1.888411e-08,-0.000741383
1.898411e-08,-0.000732303
1.908411e-08,-0.000728411
1.918411e-08,-0.000728411
1.928411e-08,-0.000731005
1.938411e-08,-0.000734897
1.948411e-08,-0.000740086
1.958411e-08,-0.000745924
1.968411e-08,-0.000749815
1.978411e-08,-0.000751761
1.988411e-08,-0.000750464
1.998411e-08,-0.000745924
2.008411e-08,-0.00073814
2.018411e-08,-0.000728411
2.028411e-08,-0.000716736
2.038411e-08,-0.000703763
2.048411e-08,-0.000689494
2.058411e-08,-0.000675224
2.068411e-08,-0.000661603
2.078411e-08,-0.000648631
2.088411e-08,-0.000636955
2.098411e-08,-0.00062528
2.108411e-08,-0.000614902
2.118411e-08,-0.000605173
2.128411e-08,-0.000595444
2.138411e-08,-0.000585714
2.148411e-08,-0.000577282
2.158411e-08,-0.00056885
2.168411e-08,-0.000561715
2.178411e-08,-0.000554581
2.188411e-08,-0.000548743
2.198411e-08,-0.000544203
2.208411e-08,-0.00054096
2.218411e-08,-0.000537716
2.228411e-08,-0.000535771
2.238411e-08,-0.000534473
2.248411e-08,-0.000533825
2.258411e-08,-0.000533825
2.268411e-08,-0.000535122
2.278411e-08,-0.000538365
2.288411e-08,-0.000542257
2.298411e-08,-0.000546149
2.308411e-08,-0.000550689
2.318411e-08,-0.000555229
2.328411e-08,-0.000558472
2.338411e-08,-0.000559121
2.348411e-08,-0.000557824
2.358411e-08,-0.000553283
2.368411e-08,-0.000546149
2.378411e-08,-0.000535771
2.388411e-08,-0.000523447
2.398411e-08,-0.000511123
2.408411e-08,-0.000498799
2.418411e-08,-0.000487773
2.428411e-08,-0.000479341
2.438411e-08,-0.000474152
2.448411e-08,-0.000471557
2.458411e-08,-0.000470909
2.468411e-08,-0.000471557
2.478411e-08,-0.000473503
2.488411e-08,-0.000476098
2.498411e-08,-0.000478692
2.508411e-08,-0.000482584
2.518411e-08,-0.000487124
2.528411e-08,-0.000492962
2.538411e-08,-0.000499448
2.548411e-08,-0.00050788
2.558411e-08,-0.000516961
2.568411e-08,-0.00052669
2.578411e-08,-0.000536419
2.588411e-08,-0.0005455
2.598411e-08,-0.000552635
2.608411e-08,-0.000557824
2.618411e-08,-0.000559121
2.628411e-08,-0.000556526
2.638411e-08,-0.00055004
2.648411e-08,-0.00054096
2.658411e-08,-0.000529933
2.668411e-08,-0.000517609
2.678411e-08,-0.000505934
2.688411e-08,-0.000495556
2.698411e-08,-0.000487773
2.708411e-08,-0.000483881
2.718411e-08,-0.000483232
2.728411e-08,-0.000486475
2.738411e-08,-0.000491664
2.748411e-08,-0.000499448
2.758411e-08,-0.000508529
2.768411e-08,-0.000517609
2.778411e-08,-0.000526041
2.788411e-08,-0.000531879
2.798411e-08,-0.000536419
2.808411e-08,-0.000538365
2.818411e-08,-0.000538365
2.828411e-08,-0.000537068
2.838411e-08,-0.000534473
2.848411e-08,-0.000532528
2.858411e-08,-0.000529284
2.868411e-08,-0.000525393
2.878411e-08,-0.000521501
2.888411e-08,-0.000516312
2.898411e-08,-0.000509826
2.908411e-08,-0.000502691
2.918411e-08,-0.000494259
2.928411e-08,-0.000485178
2.938411e-08,-0.000475449
2.948411e-08,-0.00046572
2.958411e-08,-0.000457936
2.968411e-08,-0.000452099
2.978411e-08,-0.000447558
2.988411e-08,-0.000444315
2.998411e-08,-0.000443667
3.008411e-08,-0.000444964
3.018411e-08,-0.000446261
3.028411e-08,-0.000447558
3.038411e-08,-0.00044691
3.048411e-08,-0.000443018
3.058411e-08,-0.000435883
3.068411e-08,-0.000424857
3.078411e-08,-0.000410587
3.088411e-08,-0.000393074
3.098411e-08,-0.00037167
3.108411e-08,-0.000347671
3.118411e-08,-0.000321077
3.128411e-08,-0.000292538
3.138411e-08,-0.00026335
3.148411e-08,-0.000234162
3.158411e-08,-0.000206272
3.168411e-08,-0.000180975
3.178411e-08,-0.000158922
3.188411e-08,-0.000142707
3.198411e-08,-0.000132978
3.208411e-08,-0.000129734
3.218411e-08,-0.000133626
3.228411e-08,-0.000144004
3.238411e-08,-0.000158274
3.248411e-08,-0.000175786
3.258411e-08,-0.000193948
3.268411e-08,-0.000210812
3.278411e-08,-0.000225082
3.288411e-08,-0.000234162
3.298411e-08,-0.000238054
3.308411e-08,-0.000239351
3.318411e-08,-0.000238054
3.328411e-08,-0.000235459
3.338411e-08,-0.000234162
3.348411e-08,-0.000234811
3.358411e-08,-0.000237405
3.368411e-08,-0.000241946
3.378411e-08,-0.000247783
3.388411e-08,-0.000253621
3.398411e-08,-0.00025881
3.408411e-08,-0.000260107
3.418411e-08,-0.000258161
3.428411e-08,-0.000251675
3.438411e-08,-0.000243243
3.448411e-08,-0.000232865
3.458411e-08,-0.000223136
3.468411e-08,-0.000215352
3.478411e-08,-0.000212758
3.488411e-08,-0.00021665
3.498411e-08,-0.00022573
3.508411e-08,-0.000241297
3.518411e-08,-0.000260756
3.528411e-08,-0.000283457
3.538411e-08,-0.000306159
3.548411e-08,-0.000327564
3.558411e-08,-0.000347671
3.568411e-08,-0.000363886
3.578411e-08,-0.000376859
3.588411e-08,-0.000386588
3.598411e-08,-0.000394371
3.608411e-08,-0.000400858
3.618411e-08,-0.000407992
3.628411e-08,-0.000416425
3.638411e-08,-0.000426154
3.648411e-08,-0.000438478
3.658411e-08,-0.000450801
3.668411e-08,-0.000463125
3.678411e-08,-0.000474152
3.688411e-08,-0.000481287
3.698411e-08,-0.000483881
3.708411e-08,-0.000480638
3.718411e-08,-0.000471557
3.728411e-08,-0.000457936
3.738411e-08,-0.000439126
3.748411e-08,-0.000417073
3.758411e-08,-0.000393723
3.768411e-08,-0.000368427
3.778411e-08,-0.000343779
3.788411e-08,-0.000319131
3.798411e-08,-0.000295781
3.808411e-08,-0.000274377
3.818411e-08,-0.000254269
3.828411e-08,-0.000234811
3.838411e-08,-0.000216001
3.848411e-08,-0.000198488
3.858411e-08,-0.000180975
3.868411e-08,-0.000165409
3.878411e-08,-0.000151787
3.888411e-08,-0.000139464
3.898411e-08,-0.000129086
3.908411e-08,-0.000120654
3.918411e-08,-0.000114168
3.928411e-08,-0.00010833
3.938411e-08,-0.000104438
3.948411e-08,-0.000101844
3.958411e-08,-0.000101844
3.968411e-08,-0.000104438
3.978411e-08,-0.000110276
3.988411e-08,-0.000119356
3.998411e-08,-0.000132978
4.008411e-08,-0.000151139
4.018411e-08,-0.000173192
4.028411e-08,-0.000197191
4.038411e-08,-0.000222487
4.048411e-08,-0.000247135
4.058411e-08,-0.000269836
4.068411e-08,-0.000288646
4.078411e-08,-0.00030097
4.088411e-08,-0.000306808
4.098411e-08,-0.000306159
4.108411e-08,-0.000299673
4.118411e-08,-0.000287998
4.128411e-08,-0.000273728
4.138411e-08,-0.000258161
4.148411e-08,-0.000242594
4.158411e-08,-0.000228325
4.168411e-08,-0.00021665
4.178411e-08,-0.000208217
4.188411e-08,-0.00020238
4.198411e-08,-0.000199137
4.208411e-08,-0.000199785
4.218411e-08,-0.00020238
4.228411e-08,-0.000208866
4.238411e-08,-0.000219244
4.248411e-08,-0.000232865
4.258411e-08,-0.000249729
4.268411e-08,-0.000271782
4.278411e-08,-0.000297727
4.288411e-08,-0.000327564
4.298411e-08,-0.000359346
4.308411e-08,-0.000391777
4.318411e-08,-0.000422911
4.328411e-08,-0.000450801
4.338411e-08,-0.000473503
4.348411e-08,-0.000489719
4.358411e-08,-0.000498799
4.368411e-08,-0.000499448
4.378411e-08,-0.000492962
4.388411e-08,-0.000481287
4.398411e-08,-0.00046572
4.408411e-08,-0.000448856
4.418411e-08,-0.000431991
4.428411e-08,-0.00041837
4.438411e-08,-0.000407992
4.448411e-08,-0.000402155
4.458411e-08,-0.00039956
4.468411e-08,-0.00039956
4.478411e-08,-0.000401506
4.488411e-08,-0.000402155
4.498411e-08,-0.000400209
4.508411e-08,-0.000395669
4.518411e-08,-0.000387237
4.528411e-08,-0.000375561
4.538411e-08,-0.000361292
4.548411e-08,-0.000345725
4.558411e-08,-0.000331455
4.568411e-08,-0.000318483
4.578411e-08,-0.000309402
4.588411e-08,-0.000304213
4.598411e-08,-0.000302916
4.608411e-08,-0.000304862
4.618411e-08,-0.000307456
4.628411e-08,-0.000310051
4.638411e-08,-0.000312645
4.648411e-08,-0.000314591
4.658411e-08,-0.00031524
4.668411e-08,-0.000314591
4.678411e-08,-0.000313294
4.688411e-08,-0.000312645
4.698411e-08,-0.000312645
4.708411e-08,-0.000314591
4.718411e-08,-0.000318483
4.728411e-08,-0.000323672
4.738411e-08,-0.000328861
4.748411e-08,-0.000332753
4.758411e-08,-0.000334698
4.768411e-08,-0.000333401
4.778411e-08,-0.000328212
4.788411e-08,-0.000319131
4.798411e-08,-0.000307456
4.808411e-08,-0.000293187
4.818411e-08,-0.00027762
4.828411e-08,-0.000262702
4.838411e-08,-0.000249729
4.848411e-08,-0.000238054
4.858411e-08,-0.000228325
4.868411e-08,-0.000219893
4.878411e-08,-0.000212758
4.888411e-08,-0.000205623
4.898411e-08,-0.000198488
4.908411e-08,-0.000190056
4.918411e-08,-0.000180975
4.928411e-08,-0.000170597
4.938411e-08,-0.000159571
4.948411e-08,-0.000149193
4.958411e-08,-0.000140112
4.968411e-08,-0.000132978
4.978411e-08,-0.000128437
4.988411e-08,-0.000125843
4.998411e-08,-0.000125843
5.008411e-08,-0.000128437
5.018411e-08,-0.000132978
5.028411e-08,-0.000138815
5.038411e-08,-0.000147247
5.048411e-08,-0.000157625
5.058411e-08,-0.0001693
5.068411e-08,-0.000181624
5.078411e-08,-0.000194596
5.088411e-08,-0.000206272
5.098411e-08,-0.00021665
5.108411e-08,-0.000223784
5.118411e-08,-0.000228325
5.128411e-08,-0.000228325
5.138411e-08,-0.000223784
5.148411e-08,-0.000214055
5.158411e-08,-0.000200434
5.168411e-08,-0.000184219
5.178411e-08,-0.000166057
5.188411e-08,-0.000147896
5.198411e-08,-0.000132978
5.208411e-08,-0.000121302
5.218411e-08,-0.000114816
5.228411e-08,-0.000113519
5.238411e-08,-0.000118059
5.248411e-08,-0.000127789
5.258411e-08,-0.000140112
5.268411e-08,-0.000153733
5.278411e-08,-0.000166057
5.288411e-08,-0.000176435
5.298411e-08,-0.000182273
5.308411e-08,-0.000184219
5.318411e-08,-0.000181624
5.328411e-08,-0.000175786
5.338411e-08,-0.000168652
5.348411e-08,-0.000161517
5.358411e-08,-0.000156976
5.368411e-08,-0.000155031
5.378411e-08,-0.000155679
5.388411e-08,-0.000159571
5.398411e-08,-0.00016476
5.408411e-08,-0.0001693
5.418411e-08,-0.000171246
5.428411e-08,-0.000168652
5.438411e-08,-0.000161517
5.448411e-08,-0.000149842
5.458411e-08,-0.000132978
5.468411e-08,-0.000114168
5.478411e-08,-9.53575e-05
5.488411e-08,-7.84934e-05
5.498411e-08,-6.5521e-05
5.508411e-08,-5.90348e-05
5.518411e-08,-5.90348e-05
5.528411e-08,-6.68183e-05
5.538411e-08,-7.9142e-05
5.548411e-08,-9.53575e-05
5.558411e-08,-0.000113519
5.568411e-08,-0.00013168
5.578411e-08,-0.000147896
5.588411e-08,-0.000162165
5.598411e-08,-0.000174489
5.608411e-08,-0.00018357
5.618411e-08,-0.000191353
5.628411e-08,-0.000198488
5.638411e-08,-0.000205623
5.648411e-08,-0.000213406
5.658411e-08,-0.000221838
5.668411e-08,-0.000230919
5.678411e-08,-0.000239351
5.688411e-08,-0.000247783
5.698411e-08,-0.000253621
5.708411e-08,-0.000256864
5.718411e-08,-0.000257513
5.728411e-08,-0.000254269
5.738411e-08,-0.000248432
5.748411e-08,-0.00024
5.758411e-08,-0.000230919
5.768411e-08,-0.000222487
5.778411e-08,-0.000216001
5.788411e-08,-0.000211461
5.798411e-08,-0.000208866
5.808411e-08,-0.000208866
5.818411e-08,-0.000210163
5.828411e-08,-0.000212109
5.838411e-08,-0.000212758
5.848411e-08,-0.000211461
5.858411e-08,-0.000205623
5.868411e-08,-0.000195245
5.878411e-08,-0.000179678
5.888411e-08,-0.000159571
5.898411e-08,-0.000134923
5.908411e-08,-0.000106384
5.918411e-08,-7.58989e-05
5.928411e-08,-4.41165e-05
5.938411e-08,-1.36314e-05
5.948411e-08,1.49079e-05
5.958411e-08,4.02041e-05
5.968411e-08,6.16085e-05
5.978411e-08,7.84727e-05
5.988411e-08,9.07964e-05
5.998411e-08,9.85799e-05
6.008411e-08,0.000100526
6.018411e-08,9.85799e-05
6.028411e-08,9.20937e-05
6.038411e-08,8.17158e-05
6.048411e-08,6.80947e-05
6.058411e-08,5.25279e-05
6.068411e-08,3.43665e-05
6.078411e-08,1.49079e-05
6.088411e-08,-5.19934e-06
6.098411e-08,-2.40093e-05
6.108411e-08,-4.21707e-05
6.118411e-08,-5.77376e-05
6.128411e-08,-7.00614e-05
6.138411e-08,-7.84934e-05
6.148411e-08,-8.4331e-05
6.158411e-08,-8.75741e-05
6.168411e-08,-8.75741e-05
6.178411e-08,-8.49796e-05
6.188411e-08,-7.9142e-05
6.198411e-08,-7.20072e-05
6.208411e-08,-6.22779e-05
6.218411e-08,-4.93055e-05
6.228411e-08,-3.37386e-05
6.238411e-08,-1.55773e-05
6.248411e-08,3.23272e-06
6.258411e-08,2.26913e-05
6.268411e-08,4.02041e-05
6.278411e-08,5.44737e-05
6.288411e-08,6.48516e-05
6.298411e-08,7.00406e-05
6.308411e-08,6.9392e-05
6.318411e-08,6.29058e-05
6.328411e-08,5.18792e-05
6.338411e-08,3.6961e-05
6.348411e-08,1.94482e-05
6.358411e-08,1.28686e-06
6.368411e-08,-1.62259e-05
6.378411e-08,-3.11441e-05
6.388411e-08,-4.41165e-05
6.398411e-08,-5.44945e-05
6.408411e-08,-6.35752e-05
6.418411e-08,-7.071e-05
6.428411e-08,-7.71962e-05
6.438411e-08,-8.30338e-05
6.448411e-08,-8.88713e-05
6.458411e-08,-9.40603e-05
6.468411e-08,-9.86006e-05
6.478411e-08,-0.000101844
6.488411e-08,-0.00010379
6.498411e-08,-0.00010379
6.508411e-08,-0.000102492
6.518411e-08,-9.98979e-05
6.528411e-08,-9.66548e-05
6.538411e-08,-9.34117e-05
6.548411e-08,-9.14658e-05
6.558411e-08,-9.27631e-05
6.568411e-08,-9.66548e-05
6.578411e-08,-0.000104438
6.588411e-08,-0.000116113
6.598411e-08,-0.000129734
6.608411e-08,-0.000145301
6.618411e-08,-0.00016022
6.628411e-08,-0.000174489
6.638411e-08,-0.000185516
6.648411e-08,-0.000193948
6.658411e-08,-0.00019784
6.668411e-08,-0.000199137
6.678411e-08,-0.00019784
6.688411e-08,-0.000195245
6.698411e-08,-0.000190705
6.708411e-08,-0.000185516
6.718411e-08,-0.000180975
6.728411e-08,-0.000176435
6.738411e-08,-0.000172543
6.748411e-08,-0.000168652
6.758411e-08,-0.000163463
6.768411e-08,-0.000156976
6.778411e-08,-0.000148544
6.788411e-08,-0.000138166
6.798411e-08,-0.000125843
6.808411e-08,-0.000112222
6.818411e-08,-9.73034e-05
6.828411e-08,-8.30338e-05
6.838411e-08,-6.94127e-05
6.848411e-08,-5.77376e-05
6.858411e-08,-4.73596e-05
6.868411e-08,-4.02248e-05
6.878411e-08,-3.43872e-05
6.888411e-08,-2.98469e-05
6.898411e-08,-2.46579e-05
6.908411e-08,-1.68745e-05
6.918411e-08,-7.1452e-06
6.928411e-08,5.17858e-06
6.938411e-08,2.07455e-05
6.948411e-08,3.82582e-05
6.958411e-08,5.64196e-05
6.968411e-08,7.39323e-05
6.978411e-08,9.01478e-05
6.988411e-08,0.000104417
6.998411e-08,0.000115444
7.008411e-08,0.000124525
7.018411e-08,0.000132308
7.028411e-08,0.000140092
7.038411e-08,0.000149821
7.048411e-08,0.000162145
7.058411e-08,0.000176414
7.068411e-08,0.000193927
7.078411e-08,0.000214034
7.088411e-08,0.00023479
7.098411e-08,0.000254249
7.108411e-08,0.000271761
7.118411e-08,0.000284085
7.128411e-08,0.000289923
7.138411e-08,0.000288626
7.148411e-08,0.000279545
7.158411e-08,0.000262681
7.168411e-08,0.00023933
7.178411e-08,0.000209494
7.188411e-08,0.000174468
7.198411e-08,0.000135551
7.208411e-08,9.53368e-05
7.218411e-08,5.51223e-05
7.228411e-08,1.55565e-05
7.238411e-08,-2.14148e-05
7.248411e-08,-5.51431e-05
7.258411e-08,-8.4331e-05
7.268411e-08,-0.00010833
7.278411e-08,-0.000126491
7.288411e-08,-0.000138166
7.298411e-08,-0.000144004
7.308411e-08,-0.000144004
7.318411e-08,-0.000138815
7.328411e-08,-0.000129734
7.338411e-08,-0.000117411
7.348411e-08,-0.000102492
7.358411e-08,-8.82227e-05
7.368411e-08,-7.58989e-05
7.378411e-08,-6.61696e-05
7.388411e-08,-6.09807e-05
7.398411e-08,-5.90348e-05
7.408411e-08,-5.96834e-05
7.418411e-08,-6.35752e-05
7.428411e-08,-7.00614e-05
7.438411e-08,-7.84934e-05
7.448411e-08,-8.69255e-05
7.458411e-08,-9.53575e-05
7.468411e-08,-0.000101844
7.478411e-08,-0.000107033
7.488411e-08,-0.000111573
7.498411e-08,-0.000115465
7.508411e-08,-0.000119356
7.518411e-08,-0.000123248
7.528411e-08,-0.000126491
7.538411e-08,-0.000128437
7.548411e-08,-0.000128437
7.558411e-08,-0.000124545
7.568411e-08,-0.000118059
7.578411e-08,-0.000107033
7.588411e-08,-9.27631e-05
7.598411e-08,-7.58989e-05
7.608411e-08,-5.7089e-05
7.618411e-08,-3.89276e-05
7.628411e-08,-2.27121e-05
7.638411e-08,-1.03883e-05
7.648411e-08,-1.95624e-06
7.658411e-08,1.28686e-06
7.668411e-08,-6.58998e-07
7.678411e-08,-6.49658e-06
7.688411e-08,-1.428e-05
7.698411e-08,-2.20635e-05
7.708411e-08,-2.72524e-05
7.718411e-08,-2.85497e-05
7.728411e-08,-2.66038e-05
