LECROYWaveRunner‘N,20113,Waveform
Segments,1,SegmentSize,2002
Segment,TrigTime,TimeSinceSegment1
#1,28-Sep-2018 13:20:35,0                 
Time,Ampl
-1.228719e-07,0.000122579
-1.227719e-07,0.000129714
-1.226719e-07,0.000132957
-1.225719e-07,0.000132957
-1.224719e-07,0.000130362
-1.223719e-07,0.000125173
-1.222719e-07,0.00011739
-1.221719e-07,0.000108309
-1.220719e-07,9.92285e-05
-1.219719e-07,8.94992e-05
-1.218719e-07,7.91213e-05
-1.217719e-07,6.87434e-05
-1.216719e-07,5.83654e-05
-1.215719e-07,4.79875e-05
-1.214719e-07,3.82582e-05
-1.213719e-07,2.98261e-05
-1.212719e-07,2.46372e-05
-1.211719e-07,2.33399e-05
-1.210719e-07,2.52858e-05
-1.209719e-07,3.1772e-05
-1.208719e-07,4.15013e-05
-1.207719e-07,5.38251e-05
-1.206719e-07,6.61489e-05
-1.205719e-07,7.71754e-05
-1.204719e-07,8.43102e-05
-1.203719e-07,8.62561e-05
-1.202719e-07,8.10671e-05
-1.201719e-07,7.00406e-05
-1.200719e-07,5.31765e-05
-1.199719e-07,3.1772e-05
-1.198719e-07,8.42168e-06
-1.197719e-07,-1.55773e-05
-1.196719e-07,-3.63331e-05
-1.195719e-07,-5.25486e-05
-1.194719e-07,-6.29265e-05
-1.193719e-07,-6.61696e-05
-1.192719e-07,-6.22779e-05
-1.191719e-07,-5.31972e-05
-1.190719e-07,-3.95762e-05
-1.189719e-07,-2.33607e-05
-1.188719e-07,-5.19934e-06
-1.187719e-07,1.36106e-05
-1.186719e-07,3.04748e-05
-1.185719e-07,4.66903e-05
-1.184719e-07,6.03113e-05
-1.183719e-07,7.26351e-05
-1.182719e-07,8.3013e-05
-1.181719e-07,9.14451e-05
-1.180719e-07,9.92285e-05
-1.179719e-07,0.000104417
-1.178719e-07,0.000108958
-1.177719e-07,0.000111552
-1.176719e-07,0.000114147
-1.175719e-07,0.000115444
-1.174719e-07,0.000116741
-1.173719e-07,0.000118038
-1.172719e-07,0.000119984
-1.171719e-07,0.000123227
-1.170719e-07,0.000127119
-1.169719e-07,0.000133605
-1.168719e-07,0.000141389
-1.167719e-07,0.000150469
-1.166719e-07,0.000158902
-1.165719e-07,0.000167334
-1.164719e-07,0.00017382
-1.163719e-07,0.000177712
-1.162719e-07,0.000179009
-1.161719e-07,0.00017836
-1.160719e-07,0.000175766
-1.159719e-07,0.000173171
-1.158719e-07,0.000171874
-1.157719e-07,0.000171874
-1.156719e-07,0.000175117
-1.155719e-07,0.000181603
-1.154719e-07,0.000190035
-1.153719e-07,0.000199116
-1.152719e-07,0.000206899
-1.151719e-07,0.000212737
-1.150719e-07,0.000214034
-1.149719e-07,0.000208845
-1.148719e-07,0.000195873
-1.147719e-07,0.000175766
-1.146719e-07,0.000148524
-1.145719e-07,0.000116093
-1.144719e-07,8.04185e-05
-1.143719e-07,4.47444e-05
-1.142719e-07,1.03675e-05
-1.141719e-07,-2.07662e-05
-1.140719e-07,-4.73596e-05
-1.139719e-07,-6.81155e-05
-1.138719e-07,-8.36824e-05
-1.137719e-07,-9.53575e-05
-1.136719e-07,-0.00010379
-1.135719e-07,-0.000109627
-1.134719e-07,-0.000115465
-1.133719e-07,-0.000120005
-1.132719e-07,-0.000125194
-1.131719e-07,-0.000129086
-1.130719e-07,-0.00013168
-1.129719e-07,-0.00013168
-1.128719e-07,-0.000129086
-1.127719e-07,-0.0001226
-1.126719e-07,-0.00011287
-1.125719e-07,-0.000101195
-1.124719e-07,-8.75741e-05
-1.123719e-07,-7.33045e-05
-1.122719e-07,-5.90348e-05
-1.121719e-07,-4.41165e-05
-1.120719e-07,-2.85497e-05
-1.119719e-07,-1.23342e-05
-1.118719e-07,4.52996e-06
-1.117719e-07,2.26913e-05
-1.116719e-07,4.27986e-05
-1.115719e-07,6.4203e-05
-1.114719e-07,8.69047e-05
-1.113719e-07,0.000108958
-1.112719e-07,0.000128416
-1.111719e-07,0.000144632
-1.110719e-07,0.00015501
-1.109719e-07,0.000160199
-1.108719e-07,0.000160199
-1.107719e-07,0.00015501
-1.106719e-07,0.000145929
-1.105719e-07,0.000135551
-1.104719e-07,0.000125173
-1.103719e-07,0.000118687
-1.102719e-07,0.000115444
-1.101719e-07,0.000116741
-1.100719e-07,0.000123876
-1.099719e-07,0.000134903
-1.098719e-07,0.000149172
-1.097719e-07,0.000165388
-1.096719e-07,0.000180955
-1.095719e-07,0.000194576
-1.094719e-07,0.000203008
-1.093719e-07,0.000204954
-1.092719e-07,0.00020171
-1.091719e-07,0.000193278
-1.090719e-07,0.000180955
-1.089719e-07,0.000166036
-1.088719e-07,0.000149172
-1.087719e-07,0.000132957
-1.086719e-07,0.000118687
-1.085719e-07,0.000107012
-1.084719e-07,9.98771e-05
-1.083719e-07,9.79313e-05
-1.082719e-07,0.000101174
-1.081719e-07,0.000108958
-1.080719e-07,0.000121282
-1.079719e-07,0.000136848
-1.078719e-07,0.000156307
-1.077719e-07,0.000177063
-1.076719e-07,0.000198467
-1.075719e-07,0.000218575
-1.074719e-07,0.000237385
-1.073719e-07,0.000252951
-1.072719e-07,0.000263978
-1.071719e-07,0.000271113
-1.070719e-07,0.000271761
-1.069719e-07,0.000265924
-1.068719e-07,0.000255546
-1.067719e-07,0.000240628
-1.066719e-07,0.000223115
-1.065719e-07,0.000203656
-1.064719e-07,0.000184846
-1.063719e-07,0.000167334
-1.062719e-07,0.000152415
-1.061719e-07,0.000141389
-1.060719e-07,0.000134903
-1.059719e-07,0.000132957
-1.058719e-07,0.000134254
-1.057719e-07,0.000137497
-1.056719e-07,0.000142037
-1.055719e-07,0.000146578
-1.054719e-07,0.000149821
-1.053719e-07,0.000151118
-1.052719e-07,0.000149821
-1.051719e-07,0.000145929
-1.050719e-07,0.000140092
-1.049719e-07,0.00013166
-1.048719e-07,0.000123227
-1.047719e-07,0.000114147
-1.046719e-07,0.000105066
-1.045719e-07,9.6634e-05
-1.044719e-07,8.88506e-05
-1.043719e-07,8.23644e-05
-1.042719e-07,7.58782e-05
-1.041719e-07,7.06892e-05
-1.040719e-07,6.48516e-05
-1.039719e-07,5.96627e-05
-1.038719e-07,5.38251e-05
-1.037719e-07,4.73389e-05
-1.036719e-07,4.02041e-05
-1.035719e-07,3.24206e-05
-1.034719e-07,2.33399e-05
-1.033719e-07,1.36106e-05
-1.032719e-07,2.5841e-06
-1.031719e-07,-9.09106e-06
-1.030719e-07,-2.07662e-05
-1.029719e-07,-3.24414e-05
-1.028719e-07,-4.21707e-05
-1.027719e-07,-4.93055e-05
-1.026719e-07,-5.44945e-05
-1.025719e-07,-5.7089e-05
-1.024719e-07,-5.7089e-05
-1.023719e-07,-5.38459e-05
-1.022719e-07,-4.93055e-05
-1.021719e-07,-4.34679e-05
-1.020719e-07,-3.63331e-05
-1.019719e-07,-2.91983e-05
-1.018719e-07,-2.40093e-05
-1.017719e-07,-2.01176e-05
-1.016719e-07,-1.81717e-05
-1.015719e-07,-1.81717e-05
-1.014719e-07,-2.01176e-05
-1.013719e-07,-2.33607e-05
-1.012719e-07,-2.72524e-05
-1.011719e-07,-3.17928e-05
-1.010719e-07,-3.56845e-05
-1.009719e-07,-3.76303e-05
-1.008719e-07,-3.8279e-05
-1.007719e-07,-3.63331e-05
-1.006719e-07,-3.24414e-05
-1.005719e-07,-2.59552e-05
-1.004719e-07,-1.75231e-05
-1.003719e-07,-7.79382e-06
-1.002719e-07,3.23272e-06
-1.001719e-07,1.42593e-05
-1.000719e-07,2.46372e-05
-9.997192e-08,3.30692e-05
-9.987192e-08,3.89068e-05
-9.977192e-08,4.15013e-05
-9.967192e-08,4.15013e-05
-9.957192e-08,3.95555e-05
-9.947192e-08,3.43665e-05
-9.937192e-08,2.78803e-05
-9.927192e-08,2.20427e-05
-9.917192e-08,1.68537e-05
-9.907192e-08,1.42593e-05
-9.897192e-08,1.55565e-05
-9.887192e-08,2.20427e-05
-9.877192e-08,3.24206e-05
-9.867192e-08,4.60417e-05
-9.857192e-08,6.22572e-05
-9.847192e-08,8.04185e-05
-9.837192e-08,9.85799e-05
-9.827192e-08,0.000114795
-9.817192e-08,0.000129714
-9.807192e-08,0.000143335
-9.797192e-08,0.000154361
-9.787192e-08,0.000164091
-9.777192e-08,0.000171874
-9.767192e-08,0.000180306
-9.757192e-08,0.000190035
-9.747192e-08,0.000201062
-9.737192e-08,0.000214683
-9.727192e-08,0.00023025
-9.717192e-08,0.00024906
-9.707192e-08,0.000268518
-9.697192e-08,0.000288626
-9.687192e-08,0.000308084
-9.677192e-08,0.000324948
-9.667192e-08,0.000338569
-9.657192e-08,0.000348299
-9.647192e-08,0.000353488
-9.637192e-08,0.000353488
-9.627192e-08,0.000348947
-9.617192e-08,0.000339867
-9.607192e-08,0.000326894
-9.597192e-08,0.000310679
-9.587192e-08,0.000293166
-9.577192e-08,0.000273707
-9.567192e-08,0.000254249
-9.557192e-08,0.000234141
-9.547192e-08,0.000215332
-9.537192e-08,0.000197819
-9.527192e-08,0.000182252
-9.517192e-08,0.000168631
-9.507192e-08,0.000156307
-9.497192e-08,0.000145929
-9.487192e-08,0.000136848
-9.477192e-08,0.000128416
-9.467192e-08,0.000119336
-9.457192e-08,0.000108958
-9.447192e-08,9.59854e-05
-9.437192e-08,8.10671e-05
-9.427192e-08,6.35544e-05
-9.417192e-08,4.40958e-05
-9.407192e-08,2.46372e-05
-9.397192e-08,5.8272e-06
-9.387192e-08,-1.16855e-05
-9.377192e-08,-2.53066e-05
-9.367192e-08,-3.56845e-05
-9.357192e-08,-4.15221e-05
-9.347192e-08,-4.34679e-05
-9.337192e-08,-4.08734e-05
-9.327192e-08,-3.43872e-05
-9.317192e-08,-2.59552e-05
-9.307192e-08,-1.49286e-05
-9.297192e-08,-1.95624e-06
-9.287192e-08,1.10162e-05
-9.277192e-08,2.46372e-05
-9.267192e-08,3.89068e-05
-9.257192e-08,5.25279e-05
-9.247192e-08,6.55003e-05
-9.237192e-08,7.84727e-05
-9.227192e-08,9.07964e-05
-9.217192e-08,0.000101174
-9.207192e-08,0.000109606
-9.197192e-08,0.000114795
-9.187192e-08,0.000116741
-9.177192e-08,0.000116093
-9.167192e-08,0.000112201
-9.157192e-08,0.000105715
-9.147192e-08,9.72826e-05
-9.137192e-08,8.69047e-05
-9.127192e-08,7.65268e-05
-9.117192e-08,6.61489e-05
-9.107192e-08,5.70682e-05
-9.097192e-08,4.92848e-05
-9.087192e-08,4.40958e-05
-9.077192e-08,4.02041e-05
-9.067192e-08,3.89068e-05
-9.057192e-08,4.02041e-05
-9.047192e-08,4.34472e-05
-9.037192e-08,4.92848e-05
-9.027192e-08,5.64196e-05
-9.017192e-08,6.55003e-05
-9.007192e-08,7.71754e-05
-8.997192e-08,9.14451e-05
-8.987192e-08,0.000107012
-8.977192e-08,0.000123876
-8.967192e-08,0.000141389
-8.957192e-08,0.000157604
-8.947192e-08,0.000171874
-8.937192e-08,0.000183549
-8.927192e-08,0.00019263
-8.917192e-08,0.000198467
-8.907192e-08,0.000201062
-8.897192e-08,0.000201062
-8.887192e-08,0.000199116
-8.877192e-08,0.000196522
-8.867192e-08,0.000193278
-8.857192e-08,0.000190684
-8.847192e-08,0.000189387
-8.837192e-08,0.000190684
-8.827192e-08,0.000193278
-8.817192e-08,0.00019717
-8.807192e-08,0.000203008
-8.797192e-08,0.000208845
-8.787192e-08,0.000212737
-8.777192e-08,0.000215332
-8.767192e-08,0.000214683
-8.757192e-08,0.000210791
-8.747192e-08,0.000203656
-8.737192e-08,0.000193927
-8.727192e-08,0.000181603
-8.717192e-08,0.000167334
-8.707192e-08,0.000152415
-8.697192e-08,0.000138794
-8.687192e-08,0.000125822
-8.677192e-08,0.000114147
-8.667192e-08,0.000103769
-8.657192e-08,9.40395e-05
-8.647192e-08,8.43102e-05
-8.637192e-08,7.39323e-05
-8.627192e-08,6.29058e-05
-8.617192e-08,5.12306e-05
-8.607192e-08,3.95555e-05
-8.597192e-08,2.91775e-05
-8.587192e-08,2.00968e-05
-8.577192e-08,1.42593e-05
-8.567192e-08,1.10162e-05
-8.557192e-08,1.10162e-05
-8.547192e-08,1.42593e-05
-8.537192e-08,2.00968e-05
-8.527192e-08,2.72317e-05
-8.517192e-08,3.37179e-05
-8.507192e-08,3.82582e-05
-8.497192e-08,4.08527e-05
-8.487192e-08,4.08527e-05
-8.477192e-08,3.82582e-05
-8.467192e-08,3.43665e-05
-8.457192e-08,2.98261e-05
-8.447192e-08,2.6583e-05
-8.437192e-08,2.52858e-05
-8.427192e-08,2.72317e-05
-8.417192e-08,3.24206e-05
-8.407192e-08,4.02041e-05
-8.397192e-08,5.0582e-05
-8.387192e-08,6.16085e-05
-8.377192e-08,7.19865e-05
-8.367192e-08,8.17158e-05
-8.357192e-08,8.88506e-05
-8.347192e-08,9.40395e-05
-8.337192e-08,9.72826e-05
-8.327192e-08,9.85799e-05
-8.317192e-08,9.92285e-05
-8.307192e-08,9.98771e-05
-8.297192e-08,0.000101823
-8.287192e-08,0.000104417
-8.277192e-08,0.000108309
-8.267192e-08,0.000112201
-8.257192e-08,0.000114147
-8.247192e-08,0.000114795
-8.237192e-08,0.000112201
-8.227192e-08,0.000105715
-8.217192e-08,9.59854e-05
-8.207192e-08,8.3013e-05
-8.197192e-08,6.67975e-05
-8.187192e-08,4.86361e-05
-8.177192e-08,2.98261e-05
-8.167192e-08,1.23134e-05
-8.157192e-08,-3.25348e-06
-8.147192e-08,-1.62259e-05
-8.137192e-08,-2.59552e-05
-8.127192e-08,-3.17928e-05
-8.117192e-08,-3.37386e-05
-8.107192e-08,-3.309e-05
-8.097192e-08,-2.98469e-05
-8.087192e-08,-2.40093e-05
-8.077192e-08,-1.75231e-05
-8.067192e-08,-1.03883e-05
-8.057192e-08,-3.25348e-06
-8.047192e-08,3.88134e-06
-8.037192e-08,1.03675e-05
-8.027192e-08,1.62051e-05
-8.017192e-08,2.00968e-05
-8.007192e-08,2.20427e-05
-7.997192e-08,2.26913e-05
-7.987192e-08,2.20427e-05
-7.977192e-08,2.00968e-05
-7.967192e-08,1.75024e-05
-7.957192e-08,1.49079e-05
-7.947192e-08,1.2962e-05
-7.937192e-08,1.16648e-05
-7.927192e-08,1.2962e-05
-7.917192e-08,1.62051e-05
-7.907192e-08,2.13941e-05
-7.897192e-08,2.91775e-05
-7.887192e-08,3.89068e-05
-7.877192e-08,4.92848e-05
-7.867192e-08,6.03113e-05
-7.857192e-08,7.00406e-05
-7.847192e-08,7.91213e-05
-7.837192e-08,8.56075e-05
-7.827192e-08,9.01478e-05
-7.817192e-08,9.14451e-05
-7.807192e-08,9.14451e-05
-7.797192e-08,9.01478e-05
-7.787192e-08,8.88506e-05
-7.777192e-08,8.88506e-05
-7.767192e-08,8.94992e-05
-7.757192e-08,9.20937e-05
-7.747192e-08,9.6634e-05
-7.737192e-08,0.000101823
-7.727192e-08,0.000107661
-7.717192e-08,0.000112201
-7.707192e-08,0.000114795
-7.697192e-08,0.000114795
-7.687192e-08,0.000110904
-7.677192e-08,0.000104417
-7.667192e-08,9.40395e-05
-7.657192e-08,8.23644e-05
-7.647192e-08,6.80947e-05
-7.637192e-08,5.25279e-05
-7.627192e-08,3.63124e-05
-7.617192e-08,2.00968e-05
-7.607192e-08,3.88134e-06
-7.597192e-08,-1.16855e-05
-7.587192e-08,-2.66038e-05
-7.577192e-08,-4.08734e-05
-7.567192e-08,-5.31972e-05
-7.557192e-08,-6.42238e-05
-7.547192e-08,-7.20072e-05
-7.537192e-08,-7.46017e-05
-7.527192e-08,-7.26558e-05
-7.517192e-08,-6.42238e-05
-7.507192e-08,-4.99541e-05
-7.497192e-08,-2.91983e-05
-7.487192e-08,-2.60486e-06
-7.477192e-08,2.78803e-05
-7.467192e-08,6.03113e-05
-7.457192e-08,9.20937e-05
-7.447192e-08,0.00012193
-7.437192e-08,0.000147226
-7.427192e-08,0.000165388
-7.417192e-08,0.000177712
-7.407192e-08,0.000182901
-7.397192e-08,0.000182901
-7.387192e-08,0.00017836
-7.377192e-08,0.000171225
-7.367192e-08,0.000164091
-7.357192e-08,0.000157604
-7.347192e-08,0.000153064
-7.337192e-08,0.000151118
-7.327192e-08,0.000152415
-7.317192e-08,0.000156307
-7.307192e-08,0.000161496
-7.297192e-08,0.000166685
-7.287192e-08,0.000171225
-7.277192e-08,0.000175766
-7.267192e-08,0.00017836
-7.257192e-08,0.000179009
-7.247192e-08,0.00017836
-7.237192e-08,0.000176414
-7.227192e-08,0.000172523
-7.217192e-08,0.000167982
-7.207192e-08,0.000162145
-7.197192e-08,0.000154361
-7.187192e-08,0.000145281
-7.177192e-08,0.000133605
-7.167192e-08,0.000119984
-7.157192e-08,0.000105066
-7.147192e-08,8.94992e-05
-7.137192e-08,7.39323e-05
-7.127192e-08,5.96627e-05
-7.117192e-08,4.66903e-05
-7.107192e-08,3.76096e-05
-7.097192e-08,3.1772e-05
-7.087192e-08,3.11234e-05
-7.077192e-08,3.37179e-05
-7.067192e-08,3.89068e-05
-7.057192e-08,4.5393e-05
-7.047192e-08,5.31765e-05
-7.037192e-08,6.03113e-05
-7.027192e-08,6.67975e-05
-7.017192e-08,7.13378e-05
-7.007192e-08,7.52296e-05
-6.997192e-08,7.7824e-05
-6.987192e-08,7.97699e-05
-6.977192e-08,8.23644e-05
-6.967192e-08,8.62561e-05
-6.957192e-08,9.20937e-05
-6.947192e-08,9.85799e-05
-6.937192e-08,0.000105715
-6.927192e-08,0.000113498
-6.917192e-08,0.000120633
-6.907192e-08,0.000126471
-6.897192e-08,0.000130362
-6.887192e-08,0.00013166
-6.877192e-08,0.000129714
-6.867192e-08,0.000125173
-6.857192e-08,0.000118687
-6.847192e-08,0.000110255
-6.837192e-08,0.000101823
-6.827192e-08,9.27423e-05
-6.817192e-08,8.3013e-05
-6.807192e-08,7.39323e-05
-6.797192e-08,6.55003e-05
-6.787192e-08,5.77168e-05
-6.777192e-08,4.99334e-05
-6.767192e-08,4.40958e-05
-6.757192e-08,3.95555e-05
-6.747192e-08,3.50151e-05
-6.737192e-08,3.24206e-05
-6.727192e-08,3.24206e-05
-6.717192e-08,3.37179e-05
-6.707192e-08,3.6961e-05
-6.697192e-08,4.21499e-05
-6.687192e-08,4.92848e-05
-6.677192e-08,5.83654e-05
-6.667192e-08,6.87434e-05
-6.657192e-08,7.97699e-05
-6.647192e-08,9.14451e-05
-6.637192e-08,0.000102472
-6.627192e-08,0.000111552
-6.617192e-08,0.000118687
-6.607192e-08,0.000122579
-6.597192e-08,0.000123227
-6.587192e-08,0.000120633
-6.577192e-08,0.000114795
-6.567192e-08,0.000105715
-6.557192e-08,9.53368e-05
-6.547192e-08,8.23644e-05
-6.537192e-08,7.00406e-05
-6.527192e-08,5.90141e-05
-6.517192e-08,4.79875e-05
-6.507192e-08,3.89068e-05
-6.497192e-08,3.04748e-05
-6.487192e-08,2.39886e-05
-6.477192e-08,1.8151e-05
-6.467192e-08,1.2962e-05
-6.457192e-08,7.12444e-06
-6.447192e-08,1.93548e-06
-6.437192e-08,-4.55072e-06
-6.427192e-08,-1.23342e-05
-6.417192e-08,-2.07662e-05
-6.407192e-08,-2.85497e-05
-6.397192e-08,-3.50359e-05
-6.387192e-08,-4.02248e-05
-6.377192e-08,-4.28193e-05
-6.367192e-08,-4.08734e-05
-6.357192e-08,-3.50359e-05
-6.347192e-08,-2.33607e-05
-6.337192e-08,-7.1452e-06
-6.327192e-08,1.42593e-05
-6.317192e-08,4.08527e-05
-6.307192e-08,7.00406e-05
-6.297192e-08,0.000101823
-6.287192e-08,0.000134903
-6.277192e-08,0.000167982
-6.267192e-08,0.000197819
-6.257192e-08,0.000223764
-6.247192e-08,0.000243222
-6.237192e-08,0.000255546
-6.227192e-08,0.000260735
-6.217192e-08,0.000258789
-6.207192e-08,0.000251654
-6.197192e-08,0.000239979
-6.187192e-08,0.000226358
-6.177192e-08,0.000214034
-6.167192e-08,0.000204305
-6.157192e-08,0.000199765
-6.147192e-08,0.000201062
-6.137192e-08,0.000207548
-6.127192e-08,0.000219223
-6.117192e-08,0.00023479
-6.107192e-08,0.000251654
-6.097192e-08,0.00026787
-6.087192e-08,0.000282788
-6.077192e-08,0.000294463
-6.067192e-08,0.000300301
-6.057192e-08,0.000300949
-6.047192e-08,0.000295112
-6.037192e-08,0.000284085
-6.027192e-08,0.000268518
-6.017192e-08,0.00024906
-6.007192e-08,0.000227007
-5.997192e-08,0.000203008
-5.987192e-08,0.00017836
-5.977192e-08,0.000154361
-5.967192e-08,0.000132957
-5.957192e-08,0.000114147
-5.947192e-08,9.85799e-05
-5.937192e-08,8.69047e-05
-5.927192e-08,7.97699e-05
-5.917192e-08,7.7824e-05
-5.907192e-08,8.04185e-05
-5.897192e-08,8.69047e-05
-5.887192e-08,9.72826e-05
-5.877192e-08,0.000110255
-5.867192e-08,0.000123876
-5.857192e-08,0.000138794
-5.847192e-08,0.000153713
-5.837192e-08,0.000167334
-5.827192e-08,0.000179009
-5.817192e-08,0.000189387
-5.807192e-08,0.000198467
-5.797192e-08,0.000205602
-5.787192e-08,0.000212088
-5.777192e-08,0.000217926
-5.767192e-08,0.000223764
-5.757192e-08,0.000228304
-5.747192e-08,0.000230898
-5.737192e-08,0.000231547
-5.727192e-08,0.000229601
-5.717192e-08,0.000224412
-5.707192e-08,0.000214034
-5.697192e-08,0.000199116
-5.687192e-08,0.000179009
-5.677192e-08,0.00015501
-5.667192e-08,0.000127119
-5.657192e-08,9.72826e-05
-5.647192e-08,6.74461e-05
-5.637192e-08,3.95555e-05
-5.627192e-08,1.49079e-05
-5.617192e-08,-5.19934e-06
-5.607192e-08,-1.9469e-05
-5.597192e-08,-2.85497e-05
-5.587192e-08,-3.24414e-05
-5.577192e-08,-3.17928e-05
-5.567192e-08,-2.66038e-05
-5.557192e-08,-1.9469e-05
-5.547192e-08,-1.10369e-05
-5.537192e-08,-1.95624e-06
-5.527192e-08,6.47582e-06
-5.517192e-08,1.42593e-05
-5.507192e-08,2.07455e-05
-5.497192e-08,2.59344e-05
-5.487192e-08,2.98261e-05
-5.477192e-08,3.24206e-05
-5.467192e-08,3.43665e-05
-5.457192e-08,3.43665e-05
-5.447192e-08,3.37179e-05
-5.437192e-08,3.24206e-05
-5.427192e-08,3.04748e-05
-5.417192e-08,2.91775e-05
-5.407192e-08,2.85289e-05
-5.397192e-08,2.98261e-05
-5.387192e-08,3.30692e-05
-5.377192e-08,3.82582e-05
-5.367192e-08,4.60417e-05
-5.357192e-08,5.5771e-05
-5.347192e-08,6.74461e-05
-5.337192e-08,7.97699e-05
-5.327192e-08,9.20937e-05
-5.317192e-08,0.000103769
-5.307192e-08,0.00011285
-5.297192e-08,0.000120633
-5.287192e-08,0.000125822
-5.277192e-08,0.000129714
-5.267192e-08,0.000132308
-5.257192e-08,0.000135551
-5.247192e-08,0.00014074
-5.237192e-08,0.000147875
-5.227192e-08,0.000157604
-5.217192e-08,0.000169279
-5.207192e-08,0.000182252
-5.197192e-08,0.000195873
-5.187192e-08,0.000206899
-5.177192e-08,0.000215332
-5.167192e-08,0.000219872
-5.157192e-08,0.000219872
-5.147192e-08,0.000213386
-5.137192e-08,0.000203008
-5.127192e-08,0.000188738
-5.117192e-08,0.000171874
-5.107192e-08,0.00015501
-5.097192e-08,0.000140092
-5.087192e-08,0.000127768
-5.077192e-08,0.000119336
-5.067192e-08,0.000115444
-5.057192e-08,0.000114795
-5.047192e-08,0.000118687
-5.037192e-08,0.000124525
-5.027192e-08,0.000131011
-5.017192e-08,0.000137497
-5.007192e-08,0.000143335
-4.997192e-08,0.000146578
-4.987192e-08,0.000146578
-4.977192e-08,0.000143983
-4.967192e-08,0.000138794
-4.957192e-08,0.000131011
-4.947192e-08,0.000121282
-4.937192e-08,0.000111552
-4.927192e-08,0.000101174
-4.917192e-08,9.14451e-05
-4.907192e-08,8.17158e-05
-4.897192e-08,7.26351e-05
-4.887192e-08,6.4203e-05
-4.877192e-08,5.5771e-05
-4.867192e-08,4.79875e-05
-4.857192e-08,4.08527e-05
-4.847192e-08,3.43665e-05
-4.837192e-08,3.04748e-05
-4.827192e-08,2.91775e-05
-4.817192e-08,3.11234e-05
-4.807192e-08,3.76096e-05
-4.797192e-08,4.86361e-05
-4.787192e-08,6.35544e-05
-4.777192e-08,8.17158e-05
-4.767192e-08,0.000101823
-4.757192e-08,0.000123227
-4.747192e-08,0.000142686
-4.737192e-08,0.00015955
-4.727192e-08,0.000171225
-4.717192e-08,0.00017836
-4.707192e-08,0.000179009
-4.697192e-08,0.000173171
-4.687192e-08,0.000162145
-4.677192e-08,0.000145929
-4.667192e-08,0.000125173
-4.657192e-08,0.000101823
-4.647192e-08,7.7824e-05
-4.637192e-08,5.31765e-05
-4.627192e-08,2.98261e-05
-4.617192e-08,9.71892e-06
-4.607192e-08,-6.49658e-06
-4.597192e-08,-1.62259e-05
-4.587192e-08,-1.9469e-05
-4.577192e-08,-1.55773e-05
-4.567192e-08,-3.9021e-06
-4.557192e-08,1.49079e-05
-4.547192e-08,3.89068e-05
-4.537192e-08,6.67975e-05
-4.527192e-08,9.72826e-05
-4.517192e-08,0.000127768
-4.507192e-08,0.00015501
-4.497192e-08,0.000177712
-4.487192e-08,0.000193278
-4.477192e-08,0.000201062
-4.467192e-08,0.000200413
-4.457192e-08,0.00019263
-4.447192e-08,0.000177712
-4.437192e-08,0.000158253
-4.427192e-08,0.0001362
-4.417192e-08,0.000113498
-4.407192e-08,9.20937e-05
-4.397192e-08,7.26351e-05
-4.387192e-08,5.64196e-05
-4.377192e-08,4.40958e-05
-4.367192e-08,3.50151e-05
-4.357192e-08,2.98261e-05
-4.347192e-08,2.6583e-05
-4.337192e-08,2.6583e-05
-4.327192e-08,2.78803e-05
-4.317192e-08,3.1772e-05
-4.307192e-08,3.6961e-05
-4.297192e-08,4.34472e-05
-4.287192e-08,5.25279e-05
-4.277192e-08,6.29058e-05
-4.267192e-08,7.52296e-05
-4.257192e-08,8.88506e-05
-4.247192e-08,0.000102472
-4.237192e-08,0.000116093
-4.227192e-08,0.000128416
-4.217192e-08,0.000140092
-4.207192e-08,0.000149821
-4.197192e-08,0.000158253
-4.187192e-08,0.000166036
-4.177192e-08,0.000173171
-4.167192e-08,0.000182252
-4.157192e-08,0.00019263
-4.147192e-08,0.000204954
-4.137192e-08,0.000219223
-4.127192e-08,0.000234141
-4.117192e-08,0.000249708
-4.107192e-08,0.000262681
-4.097192e-08,0.00027241
-4.087192e-08,0.000277599
-4.077192e-08,0.000277599
-4.067192e-08,0.000270464
-4.057192e-08,0.00025814
-4.047192e-08,0.000241925
-4.037192e-08,0.000223115
-4.027192e-08,0.000204305
-4.017192e-08,0.000186792
-4.007192e-08,0.000173171
-3.997192e-08,0.000162793
-3.987192e-08,0.000157604
-3.977192e-08,0.000155658
-3.967192e-08,0.000156307
-3.957192e-08,0.000158253
-3.947192e-08,0.000158902
-3.937192e-08,0.000157604
-3.927192e-08,0.000153713
-3.917192e-08,0.000147226
-3.907192e-08,0.000137497
-3.897192e-08,0.000126471
-3.887192e-08,0.000114147
-3.877192e-08,0.000101823
-3.867192e-08,9.01478e-05
-3.857192e-08,8.04185e-05
-3.847192e-08,7.19865e-05
-3.837192e-08,6.55003e-05
-3.827192e-08,5.90141e-05
-3.817192e-08,5.25279e-05
-3.807192e-08,4.66903e-05
-3.797192e-08,4.02041e-05
-3.787192e-08,3.37179e-05
-3.777192e-08,2.72317e-05
-3.767192e-08,2.20427e-05
-3.757192e-08,1.87996e-05
-3.747192e-08,1.68537e-05
-3.737192e-08,1.62051e-05
-3.727192e-08,1.75024e-05
-3.717192e-08,2.00968e-05
-3.707192e-08,2.33399e-05
-3.697192e-08,2.6583e-05
-3.687192e-08,2.91775e-05
-3.677192e-08,3.04748e-05
-3.667192e-08,3.11234e-05
-3.657192e-08,3.04748e-05
-3.647192e-08,2.91775e-05
-3.637192e-08,2.85289e-05
-3.627192e-08,2.91775e-05
-3.617192e-08,3.24206e-05
-3.607192e-08,3.95555e-05
-3.597192e-08,4.92848e-05
-3.587192e-08,6.29058e-05
-3.577192e-08,7.91213e-05
-3.567192e-08,9.72826e-05
-3.557192e-08,0.000116741
-3.547192e-08,0.0001362
-3.537192e-08,0.000154361
-3.527192e-08,0.000171225
-3.517192e-08,0.000185495
-3.507192e-08,0.00019717
-3.497192e-08,0.000206251
-3.487192e-08,0.000212737
-3.477192e-08,0.000216629
-3.467192e-08,0.000217277
-3.457192e-08,0.00021598
-3.447192e-08,0.000210791
-3.437192e-08,0.000202359
-3.427192e-08,0.000188738
-3.417192e-08,0.000169928
-3.407192e-08,0.000146578
-3.397192e-08,0.000118038
-3.387192e-08,8.49589e-05
-3.377192e-08,4.92848e-05
-3.367192e-08,1.16648e-05
-3.357192e-08,-2.59552e-05
-3.347192e-08,-6.22779e-05
-3.337192e-08,-9.47089e-05
-3.327192e-08,-0.000121951
-3.317192e-08,-0.000142707
-3.307192e-08,-0.000156976
-3.297192e-08,-0.000163463
-3.287192e-08,-0.000163463
-3.277192e-08,-0.000156976
-3.267192e-08,-0.00014595
-3.257192e-08,-0.000132329
-3.247192e-08,-0.000115465
-3.237192e-08,-9.7952e-05
-3.227192e-08,-8.04393e-05
-3.217192e-08,-6.42238e-05
-3.207192e-08,-4.80083e-05
-3.197192e-08,-3.43872e-05
-3.187192e-08,-2.27121e-05
-3.177192e-08,-1.49286e-05
-3.167192e-08,-9.73968e-06
-3.157192e-08,-8.44244e-06
-3.147192e-08,-1.03883e-05
-3.137192e-08,-1.55773e-05
-3.127192e-08,-2.27121e-05
-3.117192e-08,-3.04955e-05
-3.107192e-08,-3.76303e-05
-3.097192e-08,-4.28193e-05
-3.087192e-08,-4.47652e-05
-3.077192e-08,-4.28193e-05
-3.067192e-08,-3.69817e-05
-3.057192e-08,-2.72524e-05
-3.047192e-08,-1.49286e-05
-3.037192e-08,-1.30762e-06
-3.027192e-08,1.23134e-05
-3.017192e-08,2.39886e-05
-3.007192e-08,3.37179e-05
-2.997192e-08,4.02041e-05
-2.987192e-08,4.34472e-05
-2.977192e-08,4.40958e-05
-2.967192e-08,4.27986e-05
-2.957192e-08,4.15013e-05
-2.947192e-08,4.02041e-05
-2.937192e-08,3.95555e-05
-2.927192e-08,3.95555e-05
-2.917192e-08,4.15013e-05
-2.907192e-08,4.5393e-05
-2.897192e-08,5.0582e-05
-2.887192e-08,5.5771e-05
-2.877192e-08,6.09599e-05
-2.867192e-08,6.35544e-05
-2.857192e-08,6.4203e-05
-2.847192e-08,6.09599e-05
-2.837192e-08,5.38251e-05
-2.827192e-08,4.34472e-05
-2.817192e-08,3.04748e-05
-2.807192e-08,1.62051e-05
-2.797192e-08,2.5841e-06
-2.787192e-08,-9.73968e-06
-2.777192e-08,-1.88204e-05
-2.767192e-08,-2.40093e-05
-2.757192e-08,-2.40093e-05
-2.747192e-08,-1.88204e-05
-2.737192e-08,-8.44244e-06
-2.727192e-08,5.8272e-06
-2.717192e-08,2.46372e-05
-2.707192e-08,4.47444e-05
-2.697192e-08,6.61489e-05
-2.687192e-08,8.62561e-05
-2.677192e-08,0.000103769
-2.667192e-08,0.000118687
-2.657192e-08,0.000129714
-2.647192e-08,0.000138146
-2.637192e-08,0.000143983
-2.627192e-08,0.000146578
-2.617192e-08,0.000147226
-2.607192e-08,0.000147226
-2.597192e-08,0.000146578
-2.587192e-08,0.000144632
-2.577192e-08,0.000142037
-2.567192e-08,0.000139443
-2.557192e-08,0.000136848
-2.547192e-08,0.000133605
-2.537192e-08,0.000131011
-2.527192e-08,0.000127768
-2.517192e-08,0.000124525
-2.507192e-08,0.00012193
-2.497192e-08,0.000118687
-2.487192e-08,0.000115444
-2.477192e-08,0.000112201
-2.467192e-08,0.000107661
-2.457192e-08,0.000100526
-2.447192e-08,9.20937e-05
-2.437192e-08,8.17158e-05
-2.427192e-08,6.9392e-05
-2.417192e-08,5.70682e-05
-2.407192e-08,4.5393e-05
-2.397192e-08,3.43665e-05
-2.387192e-08,2.6583e-05
-2.377192e-08,2.26913e-05
-2.367192e-08,2.26913e-05
-2.357192e-08,2.78803e-05
-2.347192e-08,3.76096e-05
-2.337192e-08,5.12306e-05
-2.327192e-08,6.67975e-05
-2.317192e-08,8.36616e-05
-2.307192e-08,0.000101174
-2.297192e-08,0.00011739
-2.287192e-08,0.00013166
-2.277192e-08,0.000143983
-2.267192e-08,0.000152415
-2.257192e-08,0.000157604
-2.247192e-08,0.00015955
-2.237192e-08,0.000157604
-2.227192e-08,0.000153064
-2.217192e-08,0.000145929
-2.207192e-08,0.000136848
-2.197192e-08,0.000125173
-2.187192e-08,0.000112201
-2.177192e-08,9.79313e-05
-2.167192e-08,8.36616e-05
-2.157192e-08,6.9392e-05
-2.147192e-08,5.5771e-05
-2.137192e-08,4.40958e-05
-2.127192e-08,3.50151e-05
-2.117192e-08,2.98261e-05
-2.107192e-08,2.85289e-05
-2.097192e-08,2.98261e-05
-2.087192e-08,3.43665e-05
-2.077192e-08,4.08527e-05
-2.067192e-08,4.86361e-05
-2.057192e-08,5.70682e-05
-2.047192e-08,6.48516e-05
-2.037192e-08,7.13378e-05
-2.027192e-08,7.45809e-05
-2.017192e-08,7.52296e-05
-2.007192e-08,7.19865e-05
-1.997192e-08,6.61489e-05
-1.987192e-08,5.70682e-05
-1.977192e-08,4.60417e-05
-1.967192e-08,3.43665e-05
-1.957192e-08,2.33399e-05
-1.947192e-08,1.2962e-05
-1.937192e-08,5.17858e-06
-1.927192e-08,-1.03779e-08
-1.917192e-08,-1.95624e-06
-1.907192e-08,6.38242e-07
-1.897192e-08,7.12444e-06
-1.887192e-08,1.75024e-05
-1.877192e-08,3.11234e-05
-1.867192e-08,4.79875e-05
-1.857192e-08,6.55003e-05
-1.847192e-08,8.43102e-05
-1.837192e-08,0.000101823
-1.827192e-08,0.000118038
-1.817192e-08,0.00013166
-1.807192e-08,0.00014074
-1.797192e-08,0.000144632
-1.787192e-08,0.000143983
-1.777192e-08,0.000138146
-1.767192e-08,0.000127768
-1.757192e-08,0.000114795
-1.747192e-08,0.000100526
-1.737192e-08,8.62561e-05
-1.727192e-08,7.45809e-05
-1.717192e-08,6.74461e-05
-1.707192e-08,6.61489e-05
-1.697192e-08,7.06892e-05
-1.687192e-08,8.10671e-05
-1.677192e-08,9.6634e-05
-1.667192e-08,0.000116093
-1.657192e-08,0.000136848
-1.647192e-08,0.000156956
-1.637192e-08,0.000174468
-1.627192e-08,0.000188089
-1.617192e-08,0.000195873
-1.607192e-08,0.000197819
-1.597192e-08,0.00019263
-1.587192e-08,0.000182901
-1.577192e-08,0.000167982
-1.567192e-08,0.000149821
-1.557192e-08,0.000129065
-1.547192e-08,0.000107661
-1.537192e-08,8.69047e-05
-1.527192e-08,6.67975e-05
-1.517192e-08,4.86361e-05
-1.507192e-08,3.30692e-05
-1.497192e-08,1.87996e-05
-1.487192e-08,7.12444e-06
-1.477192e-08,-1.95624e-06
-1.467192e-08,-7.79382e-06
-1.457192e-08,-1.16855e-05
-1.447192e-08,-1.23342e-05
-1.437192e-08,-1.03883e-05
-1.427192e-08,-7.1452e-06
-1.417192e-08,-1.95624e-06
-1.407192e-08,3.88134e-06
-1.397192e-08,1.03675e-05
-1.387192e-08,1.55565e-05
-1.377192e-08,1.94482e-05
-1.367192e-08,2.13941e-05
-1.357192e-08,2.07455e-05
-1.347192e-08,1.75024e-05
-1.337192e-08,1.10162e-05
-1.327192e-08,3.23272e-06
-1.317192e-08,-6.49658e-06
-1.307192e-08,-1.62259e-05
-1.297192e-08,-2.59552e-05
-1.287192e-08,-3.50359e-05
-1.277192e-08,-4.28193e-05
-1.267192e-08,-4.99541e-05
-1.257192e-08,-5.57917e-05
-1.247192e-08,-6.16293e-05
-1.237192e-08,-6.74669e-05
-1.227192e-08,-7.33045e-05
-1.217192e-08,-7.84934e-05
-1.207192e-08,-8.23851e-05
-1.197192e-08,-8.62769e-05
-1.187192e-08,-8.82227e-05
-1.177192e-08,-8.82227e-05
-1.167192e-08,-8.56282e-05
-1.157192e-08,-7.97907e-05
-1.147192e-08,-7.071e-05
-1.137192e-08,-6.03321e-05
-1.127192e-08,-4.86569e-05
-1.117192e-08,-3.63331e-05
-1.107192e-08,-2.40093e-05
-1.097192e-08,-1.29828e-05
-1.087192e-08,-3.9021e-06
-1.077192e-08,3.23272e-06
-1.067192e-08,9.0703e-06
-1.057192e-08,1.36106e-05
-1.047192e-08,1.8151e-05
-1.037192e-08,2.33399e-05
-1.027192e-08,2.91775e-05
-1.017192e-08,3.6961e-05
-1.007192e-08,4.66903e-05
-9.971917e-09,5.83654e-05
-9.871917e-09,7.13378e-05
-9.771917e-09,8.49589e-05
-9.671917e-09,9.85799e-05
-9.571917e-09,0.000112201
-9.471917e-09,0.000124525
-9.371917e-09,0.0001362
-9.271917e-09,0.000146578
-9.171917e-09,0.000156307
-9.071917e-09,0.000165388
-8.971917e-09,0.000174468
-8.871917e-09,0.000184198
-8.771917e-09,0.000194576
-8.671917e-09,0.000204954
-8.571917e-09,0.000214683
-8.471917e-09,0.000223764
-8.371917e-09,0.000231547
-8.271917e-09,0.000236736
-8.171917e-09,0.000239979
-8.071917e-09,0.000239979
-7.971917e-09,0.000238033
-7.871917e-09,0.000233493
-7.771917e-09,0.000227007
-7.671917e-09,0.000218575
-7.571917e-09,0.000209494
-7.471917e-09,0.000199116
-7.371917e-09,0.000188089
-7.271917e-09,0.000177063
-7.171917e-09,0.000165388
-7.071917e-09,0.000153064
-6.971917e-09,0.00014074
-6.871917e-09,0.000128416
-6.771917e-09,0.000114795
-6.671917e-09,0.000101174
-6.571917e-09,8.8202e-05
-6.471917e-09,7.65268e-05
-6.371917e-09,6.55003e-05
-6.271917e-09,5.64196e-05
-6.171917e-09,4.92848e-05
-6.071917e-09,4.40958e-05
-5.971917e-09,4.08527e-05
-5.871917e-09,3.82582e-05
-5.771917e-09,3.63124e-05
-5.671917e-09,3.37179e-05
-5.571917e-09,2.91775e-05
-5.471917e-09,2.26913e-05
-5.371917e-09,1.42593e-05
-5.271917e-09,4.52996e-06
-5.171917e-09,-7.1452e-06
-5.071917e-09,-1.81717e-05
-4.971917e-09,-2.85497e-05
-4.871917e-09,-3.56845e-05
-4.771917e-09,-3.95762e-05
-4.671917e-09,-3.95762e-05
-4.571917e-09,-3.50359e-05
-4.471917e-09,-2.59552e-05
-4.371917e-09,-1.428e-05
-4.271917e-09,-6.58998e-07
-4.171917e-09,1.36106e-05
-4.071917e-09,2.72317e-05
-3.971917e-09,3.95555e-05
-3.871917e-09,4.86361e-05
-3.771917e-09,5.51223e-05
-3.671917e-09,5.70682e-05
-3.571917e-09,5.64196e-05
-3.471917e-09,5.12306e-05
-3.371917e-09,4.34472e-05
-3.271917e-09,3.11234e-05
-3.171917e-09,1.49079e-05
-3.071917e-09,-4.55072e-06
-2.971917e-09,-2.7901e-05
-2.871917e-09,-5.31972e-05
-2.771917e-09,-7.9142e-05
-2.671917e-09,-0.000104438
-2.571917e-09,-0.000127789
-2.471917e-09,-0.000146599
-2.371917e-09,-0.000160868
-2.271917e-09,-0.000169949
-2.171917e-09,-0.000173192
-2.071917e-09,-0.000172543
-1.971917e-09,-0.0001693
-1.871917e-09,-0.000166057
-1.771917e-09,-0.000166057
-1.671917e-09,-0.000173192
-1.571917e-09,-0.000190056
-1.471917e-09,-0.000219244
-1.371917e-09,-0.000261404
-1.271917e-09,-0.000318483
-1.171917e-09,-0.00039048
-1.071917e-09,-0.000477395
-9.719166e-10,-0.000577282
-8.719166e-10,-0.000690142
-7.719166e-10,-0.000815326
-6.719166e-10,-0.000953482
-5.719166e-10,-0.00110331
-4.719166e-10,-0.00126547
-3.719166e-10,-0.00143995
-2.719166e-10,-0.00162805
-1.719166e-10,-0.00182912
-7.191663e-11,-0.00204187
2.808337e-11,-0.00226629
1.280834e-10,-0.00249979
2.280834e-10,-0.00274043
3.280834e-10,-0.00298496
4.280834e-10,-0.00323014
5.280834e-10,-0.00347467
6.280834e-10,-0.00371596
7.280834e-10,-0.0039527
8.280834e-10,-0.00418361
9.280834e-10,-0.00440998
1.028083e-09,-0.00463116
1.128083e-09,-0.0048465
1.228083e-09,-0.00505536
1.328083e-09,-0.00525773
1.428083e-09,-0.00545166
1.528083e-09,-0.00563587
1.628083e-09,-0.0058084
1.728083e-09,-0.00596796
1.828083e-09,-0.00611196
1.928083e-09,-0.00623974
2.028083e-09,-0.00635
2.128083e-09,-0.0064434
2.228083e-09,-0.00652059
2.328083e-09,-0.0065835
2.428083e-09,-0.00663345
2.528083e-09,-0.00667172
2.628083e-09,-0.00669961
2.728083e-09,-0.00671842
2.828083e-09,-0.00672815
2.928083e-09,-0.0067288
3.028083e-09,-0.00671972
3.128083e-09,-0.00670026
3.228083e-09,-0.00666977
3.328083e-09,-0.00662826
3.428083e-09,-0.00657702
3.528083e-09,-0.0065167
3.628083e-09,-0.00644924
3.728083e-09,-0.00637595
3.828083e-09,-0.00629941
3.928083e-09,-0.00621898
4.028083e-09,-0.0061379
4.128083e-09,-0.00605618
4.228083e-09,-0.0059738
4.328083e-09,-0.00589013
4.428083e-09,-0.00580516
4.528083e-09,-0.00571825
4.628083e-09,-0.00562938
4.728083e-09,-0.00553988
4.828083e-09,-0.00545037
4.928083e-09,-0.0053641
5.028083e-09,-0.00528108
5.128083e-09,-0.00520454
5.228083e-09,-0.00513514
5.328083e-09,-0.00507481
5.428083e-09,-0.00502228
5.528083e-09,-0.00497752
5.628083e-09,-0.0049386
5.728083e-09,-0.00490423
5.828083e-09,-0.00487244
5.928083e-09,-0.00484001
6.028083e-09,-0.00480629
6.128083e-09,-0.00476931
6.228083e-09,-0.0047291
6.328083e-09,-0.00468564
6.428083e-09,-0.00463764
6.528083e-09,-0.00458575
6.628083e-09,-0.00452997
6.728083e-09,-0.00446965
6.828083e-09,-0.00440414
6.928083e-09,-0.0043315
7.028083e-09,-0.00425107
7.128083e-09,-0.00416156
7.228083e-09,-0.00406362
7.328083e-09,-0.00395724
7.428083e-09,-0.00384438
7.528083e-09,-0.00372698
7.628083e-09,-0.00360764
7.728083e-09,-0.00349024
7.828083e-09,-0.00337738
7.928083e-09,-0.00327165
8.028083e-09,-0.00317371
8.128083e-09,-0.00308485
8.228083e-09,-0.00300312
8.328083e-09,-0.00292788
8.428083e-09,-0.00285718
8.528083e-09,-0.00278973
8.628083e-09,-0.00272292
8.728083e-09,-0.00265611
8.828083e-09,-0.00258736
8.928083e-09,-0.00251731
9.028083e-09,-0.00244725
9.128083e-09,-0.00237785
9.228083e-09,-0.0023091
9.328083e-09,-0.00224229
9.428083e-09,-0.00217678
9.528083e-09,-0.00211257
9.628083e-09,-0.0020503
9.728083e-09,-0.00198933
9.828083e-09,-0.00192966
9.928083e-09,-0.00187128
1.002808e-08,-0.0018155
1.012808e-08,-0.00176361
1.022808e-08,-0.00171885
1.032808e-08,-0.00168383
1.042808e-08,-0.00165918
1.052808e-08,-0.00164686
1.062808e-08,-0.00164751
1.072808e-08,-0.00165853
1.082808e-08,-0.00167929
1.092808e-08,-0.00170718
1.102808e-08,-0.00173831
1.112808e-08,-0.00176815
1.122808e-08,-0.00179409
1.132808e-08,-0.0018142
1.142808e-08,-0.00182523
1.152808e-08,-0.00182912
1.162808e-08,-0.00182523
1.172808e-08,-0.00181485
1.182808e-08,-0.00180058
1.192808e-08,-0.00178307
1.202808e-08,-0.00176426
1.212808e-08,-0.0017461
1.222808e-08,-0.00172793
1.232808e-08,-0.00170912
1.242808e-08,-0.00168902
1.252808e-08,-0.00166826
1.262808e-08,-0.00164556
1.272808e-08,-0.00162286
1.282808e-08,-0.00160016
1.292808e-08,-0.0015794
1.302808e-08,-0.00156124
1.312808e-08,-0.00154762
1.322808e-08,-0.00153919
1.332808e-08,-0.00153594
1.342808e-08,-0.00153789
1.352808e-08,-0.00154243
1.362808e-08,-0.00154892
1.372808e-08,-0.00155346
1.382808e-08,-0.0015541
1.392808e-08,-0.00154762
1.402808e-08,-0.001534
1.412808e-08,-0.00151259
1.422808e-08,-0.00148405
1.432808e-08,-0.00144968
1.442808e-08,-0.00141271
1.452808e-08,-0.00137573
1.462808e-08,-0.00134006
1.472808e-08,-0.00130698
1.482808e-08,-0.00127779
1.492808e-08,-0.00125314
1.502808e-08,-0.00123304
1.512808e-08,-0.00121423
1.522808e-08,-0.00119607
1.532808e-08,-0.00117726
1.542808e-08,-0.0011565
1.552808e-08,-0.00113445
1.562808e-08,-0.00111045
1.572808e-08,-0.00108645
1.582808e-08,-0.00106245
1.592808e-08,-0.00104105
1.602808e-08,-0.00102353
1.612808e-08,-0.00100991
1.622808e-08,-0.00100083
1.632808e-08,-0.000993696
1.642808e-08,-0.000989156
1.652808e-08,-0.000984616
1.662808e-08,-0.00097813
1.672808e-08,-0.000969698
1.682808e-08,-0.000958022
1.692808e-08,-0.000944401
1.702808e-08,-0.000929483
1.712808e-08,-0.000913916
1.722808e-08,-0.000900295
1.732808e-08,-0.00088862
1.742808e-08,-0.000880188
1.752808e-08,-0.00087435
1.762808e-08,-0.000869161
1.772808e-08,-0.000863324
1.782808e-08,-0.000854892
1.792808e-08,-0.000843217
1.802808e-08,-0.000826352
1.812808e-08,-0.000804299
1.822808e-08,-0.00077576
1.832808e-08,-0.000743978
1.842808e-08,-0.000709601
1.852808e-08,-0.000675873
1.862808e-08,-0.000646036
1.872808e-08,-0.00062074
1.882808e-08,-0.000600633
1.892808e-08,-0.00058766
1.902808e-08,-0.000579228
1.912808e-08,-0.000575336
1.922808e-08,-0.000573391
1.932808e-08,-0.000572742
1.942808e-08,-0.000572093
1.952808e-08,-0.000570147
1.962808e-08,-0.000566904
1.972808e-08,-0.000562364
1.982808e-08,-0.000557175
1.992808e-08,-0.000551338
2.002808e-08,-0.0005455
2.012808e-08,-0.000539662
2.022808e-08,-0.000533825
2.032808e-08,-0.00052669
2.042808e-08,-0.000517609
2.052808e-08,-0.000506583
2.062808e-08,-0.000491664
2.072808e-08,-0.000474152
2.082808e-08,-0.000453396
2.092808e-08,-0.000430694
2.102808e-08,-0.000407992
2.112808e-08,-0.000386588
2.122808e-08,-0.000367778
2.132808e-08,-0.00035286
2.142808e-08,-0.000342482
2.152808e-08,-0.000335347
2.162808e-08,-0.000332104
2.172808e-08,-0.000330158
2.182808e-08,-0.000329509
2.192808e-08,-0.000330158
2.202808e-08,-0.000330158
2.212808e-08,-0.000330158
2.222808e-08,-0.000330158
2.232808e-08,-0.000330807
2.242808e-08,-0.000333401
2.252808e-08,-0.000339887
2.262808e-08,-0.000349617
2.272808e-08,-0.000362589
2.282808e-08,-0.000378805
2.292808e-08,-0.000397615
2.302808e-08,-0.000415776
2.312808e-08,-0.000431991
2.322808e-08,-0.000444315
2.332808e-08,-0.00045145
2.342808e-08,-0.000452747
2.352808e-08,-0.000449504
2.362808e-08,-0.000441721
2.372808e-08,-0.00043264
2.382808e-08,-0.000424208
2.392808e-08,-0.00041837
2.402808e-08,-0.000416425
2.412808e-08,-0.000420965
2.422808e-08,-0.000431343
2.432808e-08,-0.00044691
2.442808e-08,-0.00046572
2.452808e-08,-0.000485827
2.462808e-08,-0.000504637
2.472808e-08,-0.000519555
2.482808e-08,-0.000529933
2.492808e-08,-0.000534473
2.502808e-08,-0.000535122
2.512808e-08,-0.00053123
2.522808e-08,-0.000526041
2.532808e-08,-0.000521501
2.542808e-08,-0.000519555
2.552808e-08,-0.000520204
2.562808e-08,-0.000525393
2.572808e-08,-0.000535122
2.582808e-08,-0.000548094
2.592808e-08,-0.000563013
2.602808e-08,-0.000577931
2.612808e-08,-0.000592201
2.622808e-08,-0.000604524
2.632808e-08,-0.000613605
2.642808e-08,-0.00062074
2.652808e-08,-0.00062528
2.662808e-08,-0.000628523
2.672808e-08,-0.000630469
2.682808e-08,-0.000631118
2.692808e-08,-0.000630469
2.702808e-08,-0.000626577
2.712808e-08,-0.000619443
2.722808e-08,-0.000608416
2.732808e-08,-0.000592849
2.742808e-08,-0.000573391
2.752808e-08,-0.00055004
2.762808e-08,-0.000525393
2.772808e-08,-0.000500745
2.782808e-08,-0.000478043
2.792808e-08,-0.000460531
2.802808e-08,-0.000448207
2.812808e-08,-0.000443018
2.822808e-08,-0.000444964
2.832808e-08,-0.000452099
2.842808e-08,-0.000463125
2.852808e-08,-0.000475449
2.862808e-08,-0.000487124
2.872808e-08,-0.000495556
2.882808e-08,-0.000500097
2.892808e-08,-0.000500745
2.902808e-08,-0.000496205
2.912808e-08,-0.000487773
2.922808e-08,-0.000476746
2.932808e-08,-0.000465071
2.942808e-08,-0.000452747
2.952808e-08,-0.000441072
2.962808e-08,-0.000430694
2.972808e-08,-0.000420965
2.982808e-08,-0.000411884
2.992808e-08,-0.000402155
3.002808e-08,-0.000392426
3.012808e-08,-0.000381399
3.022808e-08,-0.000369724
3.032808e-08,-0.0003574
3.042808e-08,-0.000345076
3.052808e-08,-0.000334698
3.062808e-08,-0.000326266
3.072808e-08,-0.000320429
3.082808e-08,-0.000317186
3.092808e-08,-0.00031524
3.102808e-08,-0.000313294
3.112808e-08,-0.000310051
3.122808e-08,-0.000304213
3.132808e-08,-0.000293187
3.142808e-08,-0.00027762
3.152808e-08,-0.000256215
3.162808e-08,-0.000230271
3.172808e-08,-0.00020238
3.182808e-08,-0.000173841
3.192808e-08,-0.000146599
3.202808e-08,-0.000123248
3.212808e-08,-0.000106384
3.222808e-08,-9.66548e-05
3.232808e-08,-9.34117e-05
3.242808e-08,-9.66548e-05
3.252808e-08,-0.000106384
3.262808e-08,-0.000120654
3.272808e-08,-0.000136221
3.282808e-08,-0.000151787
3.292808e-08,-0.000167354
3.302808e-08,-0.000182921
3.312808e-08,-0.00019784
3.322808e-08,-0.000212758
3.332808e-08,-0.000228325
3.342808e-08,-0.000245189
3.352808e-08,-0.000264647
3.362808e-08,-0.000286052
3.372808e-08,-0.000308754
3.382808e-08,-0.000332104
3.392808e-08,-0.000354157
3.402808e-08,-0.000374264
3.412808e-08,-0.000389831
3.422808e-08,-0.000400209
3.432808e-08,-0.000405398
3.442808e-08,-0.000405398
3.452808e-08,-0.000402803
3.462808e-08,-0.000397615
3.472808e-08,-0.000392426
3.482808e-08,-0.000388534
3.492808e-08,-0.000386588
3.502808e-08,-0.000388534
3.512808e-08,-0.000393074
3.522808e-08,-0.000400209
3.532808e-08,-0.00040929
3.542808e-08,-0.000419668
3.552808e-08,-0.000430046
3.562808e-08,-0.000441072
3.572808e-08,-0.000450801
3.582808e-08,-0.000460531
3.592808e-08,-0.00047026
3.602808e-08,-0.000479341
3.612808e-08,-0.000487773
3.622808e-08,-0.000495556
3.632808e-08,-0.000502691
3.642808e-08,-0.00050788
3.652808e-08,-0.000510474
3.662808e-08,-0.000509826
3.672808e-08,-0.000505934
3.682808e-08,-0.000498799
3.692808e-08,-0.00048907
3.702808e-08,-0.000476746
3.712808e-08,-0.000462477
3.722808e-08,-0.00044691
3.732808e-08,-0.000431991
3.742808e-08,-0.000417073
3.752808e-08,-0.000403452
3.762808e-08,-0.000391777
3.772808e-08,-0.000381399
3.782808e-08,-0.000371021
3.792808e-08,-0.000359995
3.802808e-08,-0.000348968
3.812808e-08,-0.000337941
3.822808e-08,-0.000326266
3.832808e-08,-0.00031524
3.842808e-08,-0.000306808
3.852808e-08,-0.000300322
3.862808e-08,-0.000297078
3.872808e-08,-0.000297078
3.882808e-08,-0.000299673
3.892808e-08,-0.000303565
3.902808e-08,-0.000306808
3.912808e-08,-0.000308105
3.922808e-08,-0.000304213
3.932808e-08,-0.000295133
3.942808e-08,-0.00027762
3.952808e-08,-0.000251675
3.962808e-08,-0.000219244
3.972808e-08,-0.000181624
3.982808e-08,-0.00014141
3.992808e-08,-0.000100547
4.002808e-08,-6.22779e-05
4.012808e-08,-2.91983e-05
4.022808e-08,-1.95624e-06
4.032808e-08,2.00968e-05
4.042808e-08,3.63124e-05
4.052808e-08,4.73389e-05
4.062808e-08,5.51223e-05
4.072808e-08,6.16085e-05
4.082808e-08,6.67975e-05
4.092808e-08,7.26351e-05
4.102808e-08,7.91213e-05
4.112808e-08,8.56075e-05
4.122808e-08,8.94992e-05
4.132808e-08,8.94992e-05
4.142808e-08,8.43102e-05
4.152808e-08,7.26351e-05
4.162808e-08,5.31765e-05
4.172808e-08,2.6583e-05
4.182808e-08,-4.55072e-06
4.192808e-08,-3.76303e-05
4.202808e-08,-7.13586e-05
4.212808e-08,-0.000102492
4.222808e-08,-0.000129086
4.232808e-08,-0.000147896
4.242808e-08,-0.000159571
4.252808e-08,-0.000164111
4.262808e-08,-0.000163463
4.272808e-08,-0.000158274
4.282808e-08,-0.000151787
4.292808e-08,-0.00014595
4.302808e-08,-0.00014141
4.312808e-08,-0.000140112
4.322808e-08,-0.000143355
4.332808e-08,-0.000149193
4.342808e-08,-0.000158274
4.352808e-08,-0.0001693
4.362808e-08,-0.000182273
4.372808e-08,-0.000195894
4.382808e-08,-0.000210163
4.392808e-08,-0.00022573
4.402808e-08,-0.000241946
4.412808e-08,-0.000260107
4.422808e-08,-0.000279566
4.432808e-08,-0.000299673
4.442808e-08,-0.000319131
4.452808e-08,-0.00033859
4.462808e-08,-0.000355454
4.472808e-08,-0.000368427
4.482808e-08,-0.00037621
4.492808e-08,-0.000378805
4.502808e-08,-0.00037621
4.512808e-08,-0.000369075
4.522808e-08,-0.000359346
4.532808e-08,-0.000347671
4.542808e-08,-0.000337293
4.552808e-08,-0.000328212
4.562808e-08,-0.000321726
4.572808e-08,-0.000319131
4.582808e-08,-0.000320429
4.592808e-08,-0.000323023
4.602808e-08,-0.000324969
4.612808e-08,-0.000326266
4.622808e-08,-0.00032432
4.632808e-08,-0.00031978
4.642808e-08,-0.000311997
4.652808e-08,-0.000302267
4.662808e-08,-0.000291889
4.672808e-08,-0.00028216
4.682808e-08,-0.000273728
4.692808e-08,-0.000267891
4.702808e-08,-0.000264647
4.712808e-08,-0.000262053
4.722808e-08,-0.000259458
4.732808e-08,-0.000255567
4.742808e-08,-0.000247783
4.752808e-08,-0.000235459
4.762808e-08,-0.000217298
4.772808e-08,-0.000193948
4.782808e-08,-0.000167354
4.792808e-08,-0.000138166
4.802808e-08,-0.000110276
4.812808e-08,-8.56282e-05
4.822808e-08,-6.74669e-05
4.832808e-08,-5.77376e-05
4.842808e-08,-5.57917e-05
4.852808e-08,-6.22779e-05
4.862808e-08,-7.65476e-05
4.872808e-08,-9.53575e-05
4.882808e-08,-0.000116762
4.892808e-08,-0.000139464
4.902808e-08,-0.000160868
4.912808e-08,-0.00017903
4.922808e-08,-0.000192651
4.932808e-08,-0.000201731
4.942808e-08,-0.00020692
4.952808e-08,-0.000208866
4.962808e-08,-0.000206272
4.972808e-08,-0.000201083
4.982808e-08,-0.000192651
4.992808e-08,-0.000182273
5.002808e-08,-0.000169949
5.012808e-08,-0.000156976
5.022808e-08,-0.000144004
5.032808e-08,-0.00013168
5.042808e-08,-0.000121302
5.052808e-08,-0.000113519
5.062808e-08,-0.000110276
5.072808e-08,-0.000111573
5.082808e-08,-0.000116762
5.092808e-08,-0.000125843
5.102808e-08,-0.000137518
5.112808e-08,-0.000149842
5.122808e-08,-0.000161517
5.132808e-08,-0.000171895
5.142808e-08,-0.00017903
5.152808e-08,-0.000182273
5.162808e-08,-0.000180327
5.172808e-08,-0.000173841
5.182808e-08,-0.000162165
5.192808e-08,-0.000147247
5.202808e-08,-0.000129734
5.212808e-08,-0.000110276
5.222808e-08,-9.01686e-05
5.232808e-08,-6.94127e-05
5.242808e-08,-4.80083e-05
5.252808e-08,-2.66038e-05
5.262808e-08,-5.84796e-06
5.272808e-08,1.55565e-05
5.282808e-08,3.63124e-05
5.292808e-08,5.5771e-05
5.302808e-08,7.32837e-05
5.312808e-08,8.75533e-05
5.322808e-08,9.59854e-05
5.332808e-08,9.92285e-05
5.342808e-08,9.59854e-05
5.352808e-08,8.69047e-05
5.362808e-08,7.19865e-05
5.372808e-08,5.18792e-05
5.382808e-08,2.85289e-05
5.392808e-08,4.52996e-06
5.402808e-08,-1.88204e-05
5.412808e-08,-3.89276e-05
5.422808e-08,-5.31972e-05
5.432808e-08,-6.09807e-05
5.442808e-08,-6.22779e-05
5.452808e-08,-5.77376e-05
5.462808e-08,-4.86569e-05
5.472808e-08,-3.63331e-05
5.482808e-08,-2.27121e-05
5.492808e-08,-1.03883e-05
5.502808e-08,6.38242e-07
5.512808e-08,7.77306e-06
5.522808e-08,1.03675e-05
5.532808e-08,9.0703e-06
5.542808e-08,3.88134e-06
5.552808e-08,-3.25348e-06
5.562808e-08,-1.23342e-05
5.572808e-08,-2.20635e-05
5.582808e-08,-3.17928e-05
5.592808e-08,-4.02248e-05
5.602808e-08,-4.80083e-05
5.612808e-08,-5.51431e-05
5.622808e-08,-6.16293e-05
5.632808e-08,-6.68183e-05
5.642808e-08,-7.13586e-05
5.652808e-08,-7.39531e-05
5.662808e-08,-7.46017e-05
5.672808e-08,-7.20072e-05
5.682808e-08,-6.61696e-05
5.692808e-08,-5.77376e-05
5.702808e-08,-4.6711e-05
5.712808e-08,-3.309e-05
5.722808e-08,-1.75231e-05
5.732808e-08,-1.30762e-06
5.742808e-08,1.49079e-05
5.752808e-08,2.98261e-05
5.762808e-08,4.21499e-05
5.772808e-08,5.0582e-05
5.782808e-08,5.64196e-05
5.792808e-08,6.09599e-05
5.802808e-08,6.4203e-05
5.812808e-08,6.74461e-05
5.822808e-08,7.19865e-05
5.832808e-08,7.84727e-05
5.842808e-08,8.75533e-05
5.852808e-08,9.72826e-05
5.862808e-08,0.000108309
5.872808e-08,0.000119984
5.882808e-08,0.000129714
5.892808e-08,0.0001362
5.902808e-08,0.000138794
5.912808e-08,0.0001362
5.922808e-08,0.000128416
5.932808e-08,0.000115444
5.942808e-08,9.85799e-05
5.952808e-08,7.91213e-05
5.962808e-08,5.83654e-05
5.972808e-08,3.76096e-05
5.982808e-08,1.8151e-05
5.992808e-08,-1.03779e-08
6.002808e-08,-1.55773e-05
6.012808e-08,-3.04955e-05
6.022808e-08,-4.34679e-05
6.032808e-08,-5.44945e-05
6.042808e-08,-6.48724e-05
6.052808e-08,-7.39531e-05
6.062808e-08,-8.17365e-05
6.072808e-08,-8.75741e-05
6.082808e-08,-9.08172e-05
6.092808e-08,-8.952e-05
6.102808e-08,-8.36824e-05
6.112808e-08,-7.20072e-05
6.122808e-08,-5.51431e-05
6.132808e-08,-3.309e-05
6.142808e-08,-8.44244e-06
6.152808e-08,1.8151e-05
6.162808e-08,4.47444e-05
6.172808e-08,6.74461e-05
6.182808e-08,8.62561e-05
6.192808e-08,9.98771e-05
6.202808e-08,0.000107661
6.212808e-08,0.000108958
6.222808e-08,0.000104417
6.232808e-08,9.53368e-05
6.242808e-08,8.3013e-05
6.252808e-08,6.80947e-05
6.262808e-08,5.12306e-05
6.272808e-08,3.56637e-05
6.282808e-08,2.00968e-05
6.292808e-08,4.52996e-06
6.302808e-08,-1.03883e-05
6.312808e-08,-2.46579e-05
6.322808e-08,-3.76303e-05
6.332808e-08,-4.93055e-05
6.342808e-08,-5.77376e-05
6.352808e-08,-6.29265e-05
6.362808e-08,-6.35752e-05
6.372808e-08,-5.90348e-05
6.382808e-08,-4.99541e-05
6.392808e-08,-3.69817e-05
6.402808e-08,-2.07662e-05
6.412808e-08,-3.9021e-06
6.422808e-08,1.23134e-05
6.432808e-08,2.59344e-05
6.442808e-08,3.56637e-05
6.452808e-08,3.95555e-05
6.462808e-08,3.6961e-05
6.472808e-08,2.85289e-05
6.482808e-08,1.62051e-05
6.492808e-08,-6.58998e-07
6.502808e-08,-1.9469e-05
6.512808e-08,-3.89276e-05
6.522808e-08,-5.90348e-05
6.532808e-08,-7.84934e-05
6.542808e-08,-9.73034e-05
6.552808e-08,-0.000115465
6.562808e-08,-0.000133626
6.572808e-08,-0.000151139
6.582808e-08,-0.000168652
6.592808e-08,-0.000184219
6.602808e-08,-0.00019784
6.612808e-08,-0.000206272
6.622808e-08,-0.000208866
6.632808e-08,-0.000203677
6.642808e-08,-0.000191353
6.652808e-08,-0.000171246
6.662808e-08,-0.000144653
6.672808e-08,-0.00011287
6.682808e-08,-7.84934e-05
6.692808e-08,-4.41165e-05
6.702808e-08,-1.23342e-05
6.712808e-08,1.42593e-05
6.722808e-08,3.43665e-05
6.732808e-08,4.73389e-05
6.742808e-08,5.51223e-05
6.752808e-08,5.77168e-05
6.762808e-08,5.5771e-05
6.772808e-08,5.25279e-05
6.782808e-08,4.79875e-05
6.792808e-08,4.40958e-05
6.802808e-08,4.21499e-05
6.812808e-08,4.02041e-05
6.822808e-08,3.89068e-05
6.832808e-08,3.76096e-05
6.842808e-08,3.43665e-05
6.852808e-08,2.98261e-05
6.862808e-08,2.33399e-05
6.872808e-08,1.68537e-05
6.882808e-08,9.71892e-06
6.892808e-08,3.23272e-06
6.902808e-08,-1.30762e-06
6.912808e-08,-3.25348e-06
6.922808e-08,-1.95624e-06
6.932808e-08,1.93548e-06
6.942808e-08,7.77306e-06
6.952808e-08,1.36106e-05
6.962808e-08,1.8151e-05
6.972808e-08,1.87996e-05
6.982808e-08,1.49079e-05
6.992808e-08,7.77306e-06
7.002808e-08,-3.25348e-06
7.012808e-08,-1.49286e-05
7.022808e-08,-2.72524e-05
7.032808e-08,-3.63331e-05
7.042808e-08,-4.15221e-05
7.052808e-08,-4.08734e-05
7.062808e-08,-3.43872e-05
7.072808e-08,-2.27121e-05
7.082808e-08,-6.49658e-06
7.092808e-08,1.10162e-05
7.102808e-08,2.85289e-05
7.112808e-08,4.40958e-05
7.122808e-08,5.64196e-05
7.132808e-08,6.29058e-05
7.142808e-08,6.35544e-05
7.152808e-08,6.03113e-05
7.162808e-08,5.31765e-05
7.172808e-08,4.27986e-05
7.182808e-08,3.1772e-05
7.192808e-08,1.87996e-05
7.202808e-08,6.47582e-06
7.212808e-08,-6.49658e-06
7.222808e-08,-2.07662e-05
7.232808e-08,-3.50359e-05
7.242808e-08,-5.06027e-05
7.252808e-08,-6.81155e-05
7.262808e-08,-8.49796e-05
7.272808e-08,-0.000101844
7.282808e-08,-0.000116113
7.292808e-08,-0.00012714
7.302808e-08,-0.000132329
7.312808e-08,-0.00013168
7.322808e-08,-0.000124545
7.332808e-08,-0.000113519
7.342808e-08,-9.86006e-05
7.352808e-08,-8.23851e-05
7.362808e-08,-6.74669e-05
7.372808e-08,-5.64403e-05
7.382808e-08,-4.99541e-05
7.392808e-08,-4.86569e-05
7.402808e-08,-5.25486e-05
7.412808e-08,-5.83862e-05
7.422808e-08,-6.61696e-05
7.432808e-08,-7.13586e-05
7.442808e-08,-7.33045e-05
7.452808e-08,-6.94127e-05
7.462808e-08,-5.83862e-05
7.472808e-08,-3.95762e-05
7.482808e-08,-1.55773e-05
7.492808e-08,1.23134e-05
7.502808e-08,4.15013e-05
7.512808e-08,6.87434e-05
7.522808e-08,9.14451e-05
7.532808e-08,0.000108309
7.542808e-08,0.000118038
7.552808e-08,0.000119336
7.562808e-08,0.000114147
7.572808e-08,0.000102472
7.582808e-08,8.62561e-05
7.592808e-08,6.80947e-05
7.602808e-08,4.92848e-05
7.612808e-08,3.1772e-05
7.622808e-08,1.55565e-05
7.632808e-08,6.38242e-07
7.642808e-08,-1.16855e-05
7.652808e-08,-2.27121e-05
7.662808e-08,-3.17928e-05
7.672808e-08,-3.95762e-05
7.682808e-08,-4.54138e-05
7.692808e-08,-4.99541e-05
7.702808e-08,-5.06027e-05
7.712808e-08,-4.86569e-05
7.722808e-08,-4.34679e-05
