LECROYWaveRunner‘N,20113,Waveform
Segments,1,SegmentSize,2002
Segment,TrigTime,TimeSinceSegment1
#1,28-Sep-2018 13:20:31,0                 
Time,Ampl
-1.228175e-07,2.20427e-05
-1.227175e-07,2.20427e-05
-1.226175e-07,2.33399e-05
-1.225175e-07,2.59344e-05
-1.224175e-07,2.91775e-05
-1.223175e-07,3.37179e-05
-1.222175e-07,3.76096e-05
-1.221175e-07,4.08527e-05
-1.220175e-07,4.15013e-05
-1.219175e-07,4.08527e-05
-1.218175e-07,3.76096e-05
-1.217175e-07,3.37179e-05
-1.216175e-07,3.04748e-05
-1.215175e-07,2.72317e-05
-1.214175e-07,2.46372e-05
-1.213175e-07,2.20427e-05
-1.212175e-07,1.87996e-05
-1.211175e-07,1.42593e-05
-1.210175e-07,5.17858e-06
-1.209175e-07,-9.09106e-06
-1.208175e-07,-2.98469e-05
-1.207175e-07,-5.7089e-05
-1.206175e-07,-8.88713e-05
-1.205175e-07,-0.000125194
-1.204175e-07,-0.000162165
-1.203175e-07,-0.000196542
-1.202175e-07,-0.000223784
-1.201175e-07,-0.000242594
-1.200175e-07,-0.000250378
-1.199175e-07,-0.000245189
-1.198175e-07,-0.000227027
-1.197175e-07,-0.000199137
-1.196175e-07,-0.000162814
-1.195175e-07,-0.000121302
-1.194175e-07,-7.78448e-05
-1.193175e-07,-3.63331e-05
-1.192175e-07,1.93548e-06
-1.191175e-07,3.50151e-05
-1.190175e-07,6.22572e-05
-1.189175e-07,8.36616e-05
-1.188175e-07,9.98771e-05
-1.187175e-07,0.000111552
-1.186175e-07,0.000119336
-1.185175e-07,0.000124525
-1.184175e-07,0.000126471
-1.183175e-07,0.000125822
-1.182175e-07,0.000122579
-1.181175e-07,0.000115444
-1.180175e-07,0.000105066
-1.179175e-07,9.14451e-05
-1.178175e-07,7.52296e-05
-1.177175e-07,5.5771e-05
-1.176175e-07,3.63124e-05
-1.175175e-07,1.8151e-05
-1.174175e-07,1.28686e-06
-1.173175e-07,-1.23342e-05
-1.172175e-07,-2.40093e-05
-1.171175e-07,-3.24414e-05
-1.170175e-07,-4.02248e-05
-1.169175e-07,-4.73596e-05
-1.168175e-07,-5.44945e-05
-1.167175e-07,-6.35752e-05
-1.166175e-07,-7.39531e-05
-1.165175e-07,-8.56282e-05
-1.164175e-07,-9.73034e-05
-1.163175e-07,-0.000107681
-1.162175e-07,-0.000114816
-1.161175e-07,-0.000118059
-1.160175e-07,-0.000116113
-1.159175e-07,-0.00010833
-1.158175e-07,-9.60062e-05
-1.157175e-07,-8.04393e-05
-1.156175e-07,-6.22779e-05
-1.155175e-07,-4.21707e-05
-1.154175e-07,-2.40093e-05
-1.153175e-07,-7.1452e-06
-1.152175e-07,5.8272e-06
-1.151175e-07,1.62051e-05
-1.150175e-07,2.33399e-05
-1.149175e-07,2.85289e-05
-1.148175e-07,3.24206e-05
-1.147175e-07,3.56637e-05
-1.146175e-07,3.95555e-05
-1.145175e-07,4.40958e-05
-1.144175e-07,4.86361e-05
-1.143175e-07,5.38251e-05
-1.142175e-07,5.77168e-05
-1.141175e-07,5.96627e-05
-1.140175e-07,5.77168e-05
-1.139175e-07,5.12306e-05
-1.138175e-07,4.08527e-05
-1.137175e-07,2.6583e-05
-1.136175e-07,9.0703e-06
-1.135175e-07,-9.09106e-06
-1.134175e-07,-2.7901e-05
-1.133175e-07,-4.60624e-05
-1.132175e-07,-6.29265e-05
-1.131175e-07,-7.65476e-05
-1.130175e-07,-8.75741e-05
-1.129175e-07,-9.66548e-05
-1.128175e-07,-0.000104438
-1.127175e-07,-0.000111573
-1.126175e-07,-0.000119356
-1.125175e-07,-0.00012714
-1.124175e-07,-0.000135572
-1.123175e-07,-0.000143355
-1.122175e-07,-0.000148544
-1.121175e-07,-0.000151787
-1.120175e-07,-0.000149842
-1.119175e-07,-0.000143355
-1.118175e-07,-0.00013168
-1.117175e-07,-0.000114816
-1.116175e-07,-9.47089e-05
-1.115175e-07,-7.33045e-05
-1.114175e-07,-5.19e-05
-1.113175e-07,-3.37386e-05
-1.112175e-07,-1.88204e-05
-1.111175e-07,-7.1452e-06
-1.110175e-07,-1.03779e-08
-1.109175e-07,2.5841e-06
-1.108175e-07,1.93548e-06
-1.107175e-07,-1.30762e-06
-1.106175e-07,-5.84796e-06
-1.105175e-07,-1.10369e-05
-1.104175e-07,-1.55773e-05
-1.103175e-07,-2.01176e-05
-1.102175e-07,-2.40093e-05
-1.101175e-07,-2.7901e-05
-1.100175e-07,-3.309e-05
-1.099175e-07,-3.89276e-05
-1.098175e-07,-4.41165e-05
-1.097175e-07,-4.80083e-05
-1.096175e-07,-5.06027e-05
-1.095175e-07,-5.12514e-05
-1.094175e-07,-4.93055e-05
-1.093175e-07,-4.41165e-05
-1.092175e-07,-3.69817e-05
-1.091175e-07,-2.7901e-05
-1.090175e-07,-1.88204e-05
-1.089175e-07,-1.10369e-05
-1.088175e-07,-7.1452e-06
-1.087175e-07,-6.49658e-06
-1.086175e-07,-1.03883e-05
-1.085175e-07,-1.88204e-05
-1.084175e-07,-3.04955e-05
-1.083175e-07,-4.47652e-05
-1.082175e-07,-5.83862e-05
-1.081175e-07,-7.071e-05
-1.080175e-07,-7.84934e-05
-1.079175e-07,-8.17365e-05
-1.078175e-07,-8.10879e-05
-1.077175e-07,-7.65476e-05
-1.076175e-07,-6.94127e-05
-1.075175e-07,-6.22779e-05
-1.074175e-07,-5.7089e-05
-1.073175e-07,-5.51431e-05
-1.072175e-07,-5.64403e-05
-1.071175e-07,-6.03321e-05
-1.070175e-07,-6.81155e-05
-1.069175e-07,-7.78448e-05
-1.068175e-07,-8.75741e-05
-1.067175e-07,-9.53575e-05
-1.066175e-07,-0.000100547
-1.065175e-07,-0.000101195
-1.064175e-07,-9.86006e-05
-1.063175e-07,-9.34117e-05
-1.062175e-07,-8.56282e-05
-1.061175e-07,-7.78448e-05
-1.060175e-07,-7.13586e-05
-1.059175e-07,-6.68183e-05
-1.058175e-07,-6.48724e-05
-1.057175e-07,-6.5521e-05
-1.056175e-07,-6.74669e-05
-1.055175e-07,-6.94127e-05
-1.054175e-07,-6.87641e-05
-1.053175e-07,-6.5521e-05
-1.052175e-07,-5.77376e-05
-1.051175e-07,-4.47652e-05
-1.050175e-07,-2.85497e-05
-1.049175e-07,-9.73968e-06
-1.048175e-07,9.71892e-06
-1.047175e-07,2.6583e-05
-1.046175e-07,3.95555e-05
-1.045175e-07,4.47444e-05
-1.044175e-07,4.15013e-05
-1.043175e-07,3.11234e-05
-1.042175e-07,1.23134e-05
-1.041175e-07,-1.29828e-05
-1.040175e-07,-4.15221e-05
-1.039175e-07,-7.13586e-05
-1.038175e-07,-9.98979e-05
-1.037175e-07,-0.000125194
-1.036175e-07,-0.00014595
-1.035175e-07,-0.000159571
-1.034175e-07,-0.000168003
-1.033175e-07,-0.000170597
-1.032175e-07,-0.000168652
-1.031175e-07,-0.000162165
-1.030175e-07,-0.000153085
-1.029175e-07,-0.00014141
-1.028175e-07,-0.000129734
-1.027175e-07,-0.000117411
-1.026175e-07,-0.000104438
-1.025175e-07,-9.08172e-05
-1.024175e-07,-7.71962e-05
-1.023175e-07,-6.35752e-05
-1.022175e-07,-5.06027e-05
-1.021175e-07,-3.95762e-05
-1.020175e-07,-3.04955e-05
-1.019175e-07,-2.20635e-05
-1.018175e-07,-1.49286e-05
-1.017175e-07,-9.09106e-06
-1.016175e-07,-4.55072e-06
-1.015175e-07,6.38242e-07
-1.014175e-07,6.47582e-06
-1.013175e-07,1.42593e-05
-1.012175e-07,2.26913e-05
-1.011175e-07,3.37179e-05
-1.010175e-07,4.66903e-05
-1.009175e-07,5.96627e-05
-1.008175e-07,7.32837e-05
-1.007175e-07,8.43102e-05
-1.006175e-07,9.27423e-05
-1.005175e-07,9.79313e-05
-1.004175e-07,9.85799e-05
-1.003175e-07,9.46882e-05
-1.002175e-07,8.69047e-05
-1.001175e-07,7.52296e-05
-1.000175e-07,6.16085e-05
-9.991749e-08,4.73389e-05
-9.981749e-08,3.24206e-05
-9.971749e-08,1.87996e-05
-9.961749e-08,7.12444e-06
-9.951749e-08,-1.95624e-06
-9.941749e-08,-9.09106e-06
-9.931749e-08,-1.49286e-05
-9.921749e-08,-1.9469e-05
-9.911749e-08,-2.46579e-05
-9.901749e-08,-3.11441e-05
-9.891749e-08,-3.8279e-05
-9.881749e-08,-4.73596e-05
-9.871749e-08,-5.77376e-05
-9.861749e-08,-6.81155e-05
-9.851749e-08,-7.84934e-05
-9.841749e-08,-8.75741e-05
-9.831749e-08,-9.53575e-05
-9.821749e-08,-0.000101844
-9.811749e-08,-0.000106384
-9.801749e-08,-0.000108979
-9.791749e-08,-0.000108979
-9.781749e-08,-0.000108979
-9.771749e-08,-0.000108979
-9.761749e-08,-0.000109627
-9.751749e-08,-0.000110276
-9.741749e-08,-0.000110924
-9.731749e-08,-0.000111573
-9.721749e-08,-0.000110276
-9.711749e-08,-0.000106384
-9.701749e-08,-9.92493e-05
-9.691749e-08,-8.75741e-05
-9.681749e-08,-7.071e-05
-9.671749e-08,-4.86569e-05
-9.661749e-08,-2.20635e-05
-9.651749e-08,7.12444e-06
-9.641749e-08,3.6961e-05
-9.631749e-08,6.67975e-05
-9.621749e-08,9.27423e-05
-9.611749e-08,0.000112201
-9.601749e-08,0.000124525
-9.591749e-08,0.000129065
-9.581749e-08,0.000125173
-9.571749e-08,0.00011285
-9.561749e-08,9.33909e-05
-9.551749e-08,7.00406e-05
-9.541749e-08,4.34472e-05
-9.531749e-08,1.55565e-05
-9.521749e-08,-1.10369e-05
-9.511749e-08,-3.56845e-05
-9.501749e-08,-5.57917e-05
-9.491749e-08,-7.13586e-05
-9.481749e-08,-8.17365e-05
-9.471749e-08,-8.75741e-05
-9.461749e-08,-8.88713e-05
-9.451749e-08,-8.69255e-05
-9.441749e-08,-8.17365e-05
-9.431749e-08,-7.46017e-05
-9.421749e-08,-6.68183e-05
-9.411749e-08,-6.03321e-05
-9.401749e-08,-5.38459e-05
-9.391749e-08,-4.86569e-05
-9.381749e-08,-4.54138e-05
-9.371749e-08,-4.41165e-05
-9.361749e-08,-4.54138e-05
-9.351749e-08,-4.6711e-05
-9.341749e-08,-4.86569e-05
-9.331749e-08,-4.99541e-05
-9.321749e-08,-5.06027e-05
-9.311749e-08,-4.99541e-05
-9.301749e-08,-4.6711e-05
-9.291749e-08,-4.08734e-05
-9.281749e-08,-3.04955e-05
-9.271749e-08,-1.62259e-05
-9.261749e-08,1.93548e-06
-9.251749e-08,2.20427e-05
-9.241749e-08,4.47444e-05
-9.231749e-08,6.80947e-05
-9.221749e-08,9.20937e-05
-9.211749e-08,0.000114795
-9.201749e-08,0.000134903
-9.191749e-08,0.000151118
-9.181749e-08,0.000162793
-9.171749e-08,0.000168631
-9.161749e-08,0.000169279
-9.151749e-08,0.000165388
-9.141749e-08,0.000156307
-9.131749e-08,0.000142686
-9.121749e-08,0.000126471
-9.111749e-08,0.000107661
-9.101749e-08,8.88506e-05
-9.091749e-08,7.13378e-05
-9.081749e-08,5.70682e-05
-9.071749e-08,4.5393e-05
-9.061749e-08,3.82582e-05
-9.051749e-08,3.56637e-05
-9.041749e-08,3.6961e-05
-9.031749e-08,4.27986e-05
-9.021749e-08,4.99334e-05
-9.011749e-08,5.83654e-05
-9.001749e-08,6.67975e-05
-8.991749e-08,7.26351e-05
-8.981749e-08,7.58782e-05
-8.971749e-08,7.45809e-05
-8.961749e-08,6.80947e-05
-8.951749e-08,5.77168e-05
-8.941749e-08,4.21499e-05
-8.931749e-08,2.33399e-05
-8.921749e-08,3.23272e-06
-8.911749e-08,-1.55773e-05
-8.901749e-08,-3.17928e-05
-8.891749e-08,-4.34679e-05
-8.881749e-08,-4.86569e-05
-8.871749e-08,-4.73596e-05
-8.861749e-08,-4.02248e-05
-8.851749e-08,-2.7901e-05
-8.841749e-08,-1.03883e-05
-8.831749e-08,9.0703e-06
-8.821749e-08,2.78803e-05
-8.811749e-08,4.40958e-05
-8.801749e-08,5.5771e-05
-8.791749e-08,6.16085e-05
-8.781749e-08,6.09599e-05
-8.771749e-08,5.44737e-05
-8.761749e-08,4.21499e-05
-8.751749e-08,2.59344e-05
-8.741749e-08,6.47582e-06
-8.731749e-08,-1.428e-05
-8.721749e-08,-3.43872e-05
-8.711749e-08,-5.25486e-05
-8.701749e-08,-6.81155e-05
-8.691749e-08,-8.04393e-05
-8.681749e-08,-8.88713e-05
-8.671749e-08,-9.40603e-05
-8.661749e-08,-9.66548e-05
-8.651749e-08,-9.73034e-05
-8.641749e-08,-9.60062e-05
-8.631749e-08,-9.34117e-05
-8.621749e-08,-8.952e-05
-8.611749e-08,-8.4331e-05
-8.601749e-08,-7.78448e-05
-8.591749e-08,-6.87641e-05
-8.581749e-08,-5.90348e-05
-8.571749e-08,-4.93055e-05
-8.561749e-08,-4.02248e-05
-8.551749e-08,-3.11441e-05
-8.541749e-08,-2.33607e-05
-8.531749e-08,-1.68745e-05
-8.521749e-08,-1.29828e-05
-8.511749e-08,-1.10369e-05
-8.501749e-08,-1.10369e-05
-8.491749e-08,-1.23342e-05
-8.481749e-08,-1.49286e-05
-8.471749e-08,-1.68745e-05
-8.461749e-08,-1.81717e-05
-8.451749e-08,-1.88204e-05
-8.441749e-08,-1.81717e-05
-8.431749e-08,-1.62259e-05
-8.421749e-08,-1.29828e-05
-8.411749e-08,-9.09106e-06
-8.401749e-08,-5.19934e-06
-8.391749e-08,-1.30762e-06
-8.381749e-08,2.5841e-06
-8.371749e-08,5.8272e-06
-8.361749e-08,9.0703e-06
-8.351749e-08,1.2962e-05
-8.341749e-08,1.55565e-05
-8.331749e-08,1.8151e-05
-8.321749e-08,1.94482e-05
-8.311749e-08,2.07455e-05
-8.301749e-08,2.13941e-05
-8.291749e-08,2.07455e-05
-8.281749e-08,1.87996e-05
-8.271749e-08,1.55565e-05
-8.261749e-08,9.0703e-06
-8.251749e-08,6.38242e-07
-8.241749e-08,-1.03883e-05
-8.231749e-08,-2.40093e-05
-8.221749e-08,-3.8279e-05
-8.211749e-08,-5.38459e-05
-8.201749e-08,-6.87641e-05
-8.191749e-08,-8.23851e-05
-8.181749e-08,-9.40603e-05
-8.171749e-08,-0.000102492
-8.161749e-08,-0.00010833
-8.151749e-08,-0.000110276
-8.141749e-08,-0.000109627
-8.131749e-08,-0.000106384
-8.121749e-08,-9.98979e-05
-8.111749e-08,-9.21144e-05
-8.101749e-08,-8.23851e-05
-8.091749e-08,-7.26558e-05
-8.081749e-08,-6.35752e-05
-8.071749e-08,-5.44945e-05
-8.061749e-08,-4.60624e-05
-8.051749e-08,-3.95762e-05
-8.041749e-08,-3.50359e-05
-8.031749e-08,-3.37386e-05
-8.021749e-08,-3.56845e-05
-8.011749e-08,-4.08734e-05
-8.001749e-08,-4.93055e-05
-7.991749e-08,-6.03321e-05
-7.981749e-08,-7.33045e-05
-7.971749e-08,-8.75741e-05
-7.961749e-08,-0.000102492
-7.951749e-08,-0.000116113
-7.941749e-08,-0.00012714
-7.931749e-08,-0.000135572
-7.921749e-08,-0.00014141
-7.911749e-08,-0.000143355
-7.901749e-08,-0.000144004
-7.891749e-08,-0.000143355
-7.881749e-08,-0.00014141
-7.871749e-08,-0.000140112
-7.861749e-08,-0.000140112
-7.851749e-08,-0.000142707
-7.841749e-08,-0.000147247
-7.831749e-08,-0.000152436
-7.821749e-08,-0.000157625
-7.811749e-08,-0.000160868
-7.801749e-08,-0.000160868
-7.791749e-08,-0.000156328
-7.781749e-08,-0.000147247
-7.771749e-08,-0.000132329
-7.761749e-08,-0.00011287
-7.751749e-08,-8.88713e-05
-7.741749e-08,-6.22779e-05
-7.731749e-08,-3.50359e-05
-7.721749e-08,-8.44244e-06
-7.711749e-08,1.68537e-05
-7.701749e-08,4.08527e-05
-7.691749e-08,6.29058e-05
-7.681749e-08,8.3013e-05
-7.671749e-08,0.000102472
-7.661749e-08,0.000119984
-7.651749e-08,0.000136848
-7.641749e-08,0.000151767
-7.631749e-08,0.000164091
-7.621749e-08,0.00017382
-7.611749e-08,0.00017836
-7.601749e-08,0.000177063
-7.591749e-08,0.000170577
-7.581749e-08,0.000158902
-7.571749e-08,0.000143335
-7.561749e-08,0.000125822
-7.551749e-08,0.000108958
-7.541749e-08,9.46882e-05
-7.531749e-08,8.56075e-05
-7.521749e-08,8.3013e-05
-7.511749e-08,8.62561e-05
-7.501749e-08,9.53368e-05
-7.491749e-08,0.000107012
-7.481749e-08,0.000120633
-7.471749e-08,0.000132308
-7.461749e-08,0.000139443
-7.451749e-08,0.000140092
-7.441749e-08,0.000132957
-7.431749e-08,0.000118687
-7.421749e-08,9.85799e-05
-7.411749e-08,7.45809e-05
-7.401749e-08,4.92848e-05
-7.391749e-08,2.59344e-05
-7.381749e-08,5.8272e-06
-7.371749e-08,-9.09106e-06
-7.361749e-08,-1.81717e-05
-7.351749e-08,-2.07662e-05
-7.341749e-08,-1.81717e-05
-7.331749e-08,-1.29828e-05
-7.321749e-08,-5.84796e-06
-7.311749e-08,2.5841e-06
-7.301749e-08,1.03675e-05
-7.291749e-08,1.75024e-05
-7.281749e-08,2.46372e-05
-7.271749e-08,3.11234e-05
-7.261749e-08,3.76096e-05
-7.251749e-08,4.47444e-05
-7.241749e-08,5.25279e-05
-7.231749e-08,6.16085e-05
-7.221749e-08,6.9392e-05
-7.211749e-08,7.58782e-05
-7.201749e-08,7.97699e-05
-7.191749e-08,8.04185e-05
-7.181749e-08,7.84727e-05
-7.171749e-08,7.39323e-05
-7.161749e-08,6.87434e-05
-7.151749e-08,6.35544e-05
-7.141749e-08,6.03113e-05
-7.131749e-08,5.96627e-05
-7.121749e-08,6.29058e-05
-7.111749e-08,7.00406e-05
-7.101749e-08,7.91213e-05
-7.091749e-08,8.8202e-05
-7.081749e-08,9.59854e-05
-7.071749e-08,9.98771e-05
-7.061749e-08,9.6634e-05
-7.051749e-08,8.69047e-05
-7.041749e-08,7.00406e-05
-7.031749e-08,4.73389e-05
-7.021749e-08,2.00968e-05
-7.011749e-08,-7.79382e-06
-7.001749e-08,-3.43872e-05
-6.991749e-08,-5.7089e-05
-6.981749e-08,-7.46017e-05
-6.971749e-08,-8.62769e-05
-6.961749e-08,-9.21144e-05
-6.951749e-08,-9.34117e-05
-6.941749e-08,-9.34117e-05
-6.931749e-08,-9.34117e-05
-6.921749e-08,-9.53575e-05
-6.911749e-08,-9.92493e-05
-6.901749e-08,-0.000105087
-6.891749e-08,-0.00011287
-6.881749e-08,-0.000118708
-6.871749e-08,-0.000121302
-6.861749e-08,-0.000118059
-6.851749e-08,-0.000106384
-6.841749e-08,-8.56282e-05
-6.831749e-08,-5.7089e-05
-6.821749e-08,-2.27121e-05
-6.811749e-08,1.55565e-05
-6.801749e-08,5.51223e-05
-6.791749e-08,9.33909e-05
-6.781749e-08,0.000127768
-6.771749e-08,0.000155658
-6.761749e-08,0.000177063
-6.751749e-08,0.000191333
-6.741749e-08,0.000199765
-6.731749e-08,0.000203008
-6.721749e-08,0.000203008
-6.711749e-08,0.000200413
-6.701749e-08,0.000194576
-6.691749e-08,0.000184846
-6.681749e-08,0.000170577
-6.671749e-08,0.000152415
-6.661749e-08,0.000128416
-6.651749e-08,9.85799e-05
-6.641749e-08,6.48516e-05
-6.631749e-08,2.78803e-05
-6.621749e-08,-9.73968e-06
-6.611749e-08,-4.54138e-05
-6.601749e-08,-7.58989e-05
-6.591749e-08,-9.92493e-05
-6.581749e-08,-0.000114168
-6.571749e-08,-0.000120005
-6.561749e-08,-0.000118059
-6.551749e-08,-0.000108979
-6.541749e-08,-9.53575e-05
-6.531749e-08,-7.97907e-05
-6.521749e-08,-6.48724e-05
-6.511749e-08,-5.12514e-05
-6.501749e-08,-3.89276e-05
-6.491749e-08,-2.85497e-05
-6.481749e-08,-1.81717e-05
-6.471749e-08,-7.1452e-06
-6.461749e-08,6.47582e-06
-6.451749e-08,2.20427e-05
-6.441749e-08,4.02041e-05
-6.431749e-08,5.90141e-05
-6.421749e-08,7.71754e-05
-6.411749e-08,9.07964e-05
-6.401749e-08,9.92285e-05
-6.391749e-08,9.92285e-05
-6.381749e-08,9.01478e-05
-6.371749e-08,7.13378e-05
-6.361749e-08,4.47444e-05
-6.351749e-08,1.36106e-05
-6.341749e-08,-1.9469e-05
-6.331749e-08,-5.12514e-05
-6.321749e-08,-7.78448e-05
-6.311749e-08,-9.86006e-05
-6.301749e-08,-0.000111573
-6.291749e-08,-0.000118059
-6.281749e-08,-0.000120005
-6.271749e-08,-0.000120005
-6.261749e-08,-0.000120005
-6.251749e-08,-0.0001226
-6.241749e-08,-0.000129086
-6.231749e-08,-0.000138815
-6.221749e-08,-0.000152436
-6.211749e-08,-0.000167354
-6.201749e-08,-0.000180327
-6.191749e-08,-0.000189407
-6.181749e-08,-0.000191353
-6.171749e-08,-0.000184867
-6.161749e-08,-0.000170597
-6.151749e-08,-0.000149193
-6.141749e-08,-0.0001226
-6.131749e-08,-9.53575e-05
-6.121749e-08,-6.94127e-05
-6.111749e-08,-4.80083e-05
-6.101749e-08,-3.24414e-05
-6.091749e-08,-2.40093e-05
-6.081749e-08,-2.14148e-05
-6.071749e-08,-2.46579e-05
-6.061749e-08,-3.11441e-05
-6.051749e-08,-3.8279e-05
-6.041749e-08,-4.47652e-05
-6.031749e-08,-4.86569e-05
-6.021749e-08,-5.06027e-05
-6.011749e-08,-4.99541e-05
-6.001749e-08,-4.73596e-05
-5.991749e-08,-4.34679e-05
-5.981749e-08,-3.95762e-05
-5.971749e-08,-3.69817e-05
-5.961749e-08,-3.43872e-05
-5.951749e-08,-3.17928e-05
-5.941749e-08,-2.85497e-05
-5.931749e-08,-2.27121e-05
-5.921749e-08,-1.428e-05
-5.911749e-08,-3.25348e-06
-5.901749e-08,1.03675e-05
-5.891749e-08,2.52858e-05
-5.881749e-08,3.89068e-05
-5.871749e-08,4.92848e-05
-5.861749e-08,5.51223e-05
-5.851749e-08,5.31765e-05
-5.841749e-08,4.40958e-05
-5.831749e-08,2.72317e-05
-5.821749e-08,4.52996e-06
-5.811749e-08,-2.27121e-05
-5.801749e-08,-4.99541e-05
-5.791749e-08,-7.58989e-05
-5.781749e-08,-9.66548e-05
-5.771749e-08,-0.000110924
-5.761749e-08,-0.000118059
-5.751749e-08,-0.000116762
-5.741749e-08,-0.000108979
-5.731749e-08,-9.7952e-05
-5.721749e-08,-8.4331e-05
-5.711749e-08,-7.13586e-05
-5.701749e-08,-5.90348e-05
-5.691749e-08,-4.86569e-05
-5.681749e-08,-3.76303e-05
-5.671749e-08,-2.66038e-05
-5.661749e-08,-1.23342e-05
-5.651749e-08,5.17858e-06
-5.641749e-08,2.85289e-05
-5.631749e-08,5.70682e-05
-5.621749e-08,8.88506e-05
-5.611749e-08,0.000122579
-5.601749e-08,0.000154361
-5.591749e-08,0.000182252
-5.581749e-08,0.000203656
-5.571749e-08,0.00021598
-5.561749e-08,0.000219872
-5.551749e-08,0.000215332
-5.541749e-08,0.000203008
-5.531749e-08,0.000186144
-5.521749e-08,0.000167982
-5.511749e-08,0.000150469
-5.501749e-08,0.0001362
-5.491749e-08,0.000125822
-5.481749e-08,0.000120633
-5.471749e-08,0.000118687
-5.461749e-08,0.000118687
-5.451749e-08,0.000118687
-5.441749e-08,0.000118687
-5.431749e-08,0.00011739
-5.421749e-08,0.000114795
-5.411749e-08,0.000110904
-5.401749e-08,0.000107661
-5.391749e-08,0.000106363
-5.381749e-08,0.000107661
-5.371749e-08,0.000112201
-5.361749e-08,0.000119984
-5.351749e-08,0.000129065
-5.341749e-08,0.000138794
-5.331749e-08,0.000146578
-5.321749e-08,0.000150469
-5.311749e-08,0.000149821
-5.301749e-08,0.000143335
-5.291749e-08,0.000132308
-5.281749e-08,0.000118038
-5.271749e-08,0.000103769
-5.261749e-08,9.07964e-05
-5.251749e-08,8.10671e-05
-5.241749e-08,7.58782e-05
-5.231749e-08,7.58782e-05
-5.221749e-08,7.84727e-05
-5.211749e-08,8.04185e-05
-5.201749e-08,7.97699e-05
-5.191749e-08,7.26351e-05
-5.181749e-08,5.77168e-05
-5.171749e-08,3.37179e-05
-5.161749e-08,6.38242e-07
-5.151749e-08,-3.8279e-05
-5.141749e-08,-8.10879e-05
-5.131749e-08,-0.000121951
-5.121749e-08,-0.000156976
-5.111749e-08,-0.000182273
-5.101749e-08,-0.000195894
-5.091749e-08,-0.000196542
-5.081749e-08,-0.000186164
-5.071749e-08,-0.000166706
-5.061749e-08,-0.000142058
-5.051749e-08,-0.000116762
-5.041749e-08,-9.40603e-05
-5.031749e-08,-7.65476e-05
-5.021749e-08,-6.68183e-05
-5.011749e-08,-6.5521e-05
-5.001749e-08,-7.071e-05
-4.991749e-08,-8.04393e-05
-4.981749e-08,-9.21144e-05
-4.971749e-08,-0.000102492
-4.961749e-08,-0.000111573
-4.951749e-08,-0.000117411
-4.941749e-08,-0.000119356
-4.931749e-08,-0.000118708
-4.921749e-08,-0.000116113
-4.911749e-08,-0.000112222
-4.901749e-08,-0.00010833
-4.891749e-08,-0.000105087
-4.881749e-08,-0.000100547
-4.871749e-08,-9.47089e-05
-4.861749e-08,-8.49796e-05
-4.851749e-08,-7.13586e-05
-4.841749e-08,-5.19e-05
-4.831749e-08,-2.85497e-05
-4.821749e-08,-1.95624e-06
-4.811749e-08,2.46372e-05
-4.801749e-08,4.99334e-05
-4.791749e-08,7.00406e-05
-4.781749e-08,8.17158e-05
-4.771749e-08,8.36616e-05
-4.761749e-08,7.52296e-05
-4.751749e-08,5.77168e-05
-4.741749e-08,3.24206e-05
-4.731749e-08,3.23272e-06
-4.721749e-08,-2.59552e-05
-4.711749e-08,-5.12514e-05
-4.701749e-08,-7.00614e-05
-4.691749e-08,-8.04393e-05
-4.681749e-08,-7.97907e-05
-4.671749e-08,-7.00614e-05
-4.661749e-08,-5.12514e-05
-4.651749e-08,-2.72524e-05
-4.641749e-08,1.28686e-06
-4.631749e-08,3.1772e-05
-4.621749e-08,6.29058e-05
-4.611749e-08,9.40395e-05
-4.601749e-08,0.000125173
-4.591749e-08,0.000156307
-4.581749e-08,0.000188089
-4.571749e-08,0.000218575
-4.561749e-08,0.000247763
-4.551749e-08,0.000273059
-4.541749e-08,0.000293166
-4.531749e-08,0.000304192
-4.521749e-08,0.000304841
-4.511749e-08,0.000292517
-4.501749e-08,0.00026787
-4.491749e-08,0.000232844
-4.481749e-08,0.000190035
-4.471749e-08,0.000142686
-4.461749e-08,9.59854e-05
-4.451749e-08,5.31765e-05
-4.441749e-08,1.75024e-05
-4.431749e-08,-8.44244e-06
-4.421749e-08,-2.40093e-05
-4.411749e-08,-3.04955e-05
-4.401749e-08,-2.98469e-05
-4.391749e-08,-2.59552e-05
-4.381749e-08,-2.27121e-05
-4.371749e-08,-2.20635e-05
-4.361749e-08,-2.66038e-05
-4.351749e-08,-3.63331e-05
-4.341749e-08,-5.12514e-05
-4.331749e-08,-6.87641e-05
-4.321749e-08,-8.62769e-05
-4.311749e-08,-0.000101195
-4.301749e-08,-0.000110276
-4.291749e-08,-0.000113519
-4.281749e-08,-0.000108979
-4.271749e-08,-9.7952e-05
-4.261749e-08,-8.23851e-05
-4.251749e-08,-6.48724e-05
-4.241749e-08,-4.80083e-05
-4.231749e-08,-3.309e-05
-4.221749e-08,-2.20635e-05
-4.211749e-08,-1.49286e-05
-4.201749e-08,-1.16855e-05
-4.191749e-08,-1.03883e-05
-4.181749e-08,-9.73968e-06
-4.171749e-08,-9.09106e-06
-4.161749e-08,-6.49658e-06
-4.151749e-08,-2.60486e-06
-4.141749e-08,1.93548e-06
-4.131749e-08,5.17858e-06
-4.121749e-08,7.12444e-06
-4.111749e-08,5.17858e-06
-4.101749e-08,-1.03779e-08
-4.091749e-08,-9.09106e-06
-4.081749e-08,-1.9469e-05
-4.071749e-08,-2.98469e-05
-4.061749e-08,-3.76303e-05
-4.051749e-08,-4.15221e-05
-4.041749e-08,-3.8279e-05
-4.031749e-08,-2.85497e-05
-4.021749e-08,-1.16855e-05
-4.011749e-08,1.10162e-05
-4.001749e-08,3.6961e-05
-3.991749e-08,6.35544e-05
-3.981749e-08,8.8202e-05
-3.971749e-08,0.000107012
-3.961749e-08,0.000120633
-3.951749e-08,0.000127119
-3.941749e-08,0.000127119
-3.931749e-08,0.00012193
-3.921749e-08,0.00011285
-3.911749e-08,0.00010312
-3.901749e-08,9.40395e-05
-3.891749e-08,8.69047e-05
-3.881749e-08,8.23644e-05
-3.871749e-08,8.04185e-05
-3.861749e-08,7.91213e-05
-3.851749e-08,7.65268e-05
-3.841749e-08,7.26351e-05
-3.831749e-08,6.61489e-05
-3.821749e-08,5.77168e-05
-3.811749e-08,4.73389e-05
-3.801749e-08,3.56637e-05
-3.791749e-08,2.52858e-05
-3.781749e-08,1.62051e-05
-3.771749e-08,1.03675e-05
-3.761749e-08,8.42168e-06
-3.751749e-08,1.03675e-05
-3.741749e-08,1.49079e-05
-3.731749e-08,2.00968e-05
-3.721749e-08,2.52858e-05
-3.711749e-08,2.78803e-05
-3.701749e-08,2.78803e-05
-3.691749e-08,2.39886e-05
-3.681749e-08,1.62051e-05
-3.671749e-08,5.17858e-06
-3.661749e-08,-7.1452e-06
-3.651749e-08,-1.81717e-05
-3.641749e-08,-2.72524e-05
-3.631749e-08,-3.309e-05
-3.621749e-08,-3.56845e-05
-3.611749e-08,-3.56845e-05
-3.601749e-08,-3.43872e-05
-3.591749e-08,-3.43872e-05
-3.581749e-08,-3.56845e-05
-3.571749e-08,-4.02248e-05
-3.561749e-08,-4.93055e-05
-3.551749e-08,-6.09807e-05
-3.541749e-08,-7.65476e-05
-3.531749e-08,-9.40603e-05
-3.521749e-08,-0.000110276
-3.511749e-08,-0.000123248
-3.501749e-08,-0.000132329
-3.491749e-08,-0.000136869
-3.481749e-08,-0.000136221
-3.471749e-08,-0.000132978
-3.461749e-08,-0.000127789
-3.451749e-08,-0.000123897
-3.441749e-08,-0.000123897
-3.431749e-08,-0.000127789
-3.421749e-08,-0.000137518
-3.411749e-08,-0.000151787
-3.401749e-08,-0.000168652
-3.391749e-08,-0.000185516
-3.381749e-08,-0.000199785
-3.371749e-08,-0.000209515
-3.361749e-08,-0.000212109
-3.351749e-08,-0.000208866
-3.341749e-08,-0.000198488
-3.331749e-08,-0.000182921
-3.321749e-08,-0.000163463
-3.311749e-08,-0.000142707
-3.301749e-08,-0.000123248
-3.291749e-08,-0.000107681
-3.281749e-08,-9.60062e-05
-3.271749e-08,-8.75741e-05
-3.261749e-08,-8.04393e-05
-3.251749e-08,-7.33045e-05
-3.241749e-08,-6.35752e-05
-3.231749e-08,-4.99541e-05
-3.221749e-08,-3.17928e-05
-3.211749e-08,-1.10369e-05
-3.201749e-08,1.16648e-05
-3.191749e-08,3.37179e-05
-3.181749e-08,5.18792e-05
-3.171749e-08,6.35544e-05
-3.161749e-08,6.61489e-05
-3.151749e-08,5.90141e-05
-3.141749e-08,4.34472e-05
-3.131749e-08,2.13941e-05
-3.121749e-08,-4.55072e-06
-3.111749e-08,-3.04955e-05
-3.101749e-08,-5.44945e-05
-3.091749e-08,-7.26558e-05
-3.081749e-08,-8.36824e-05
-3.071749e-08,-8.75741e-05
-3.061749e-08,-8.56282e-05
-3.051749e-08,-8.10879e-05
-3.041749e-08,-7.65476e-05
-3.031749e-08,-7.52503e-05
-3.021749e-08,-7.9142e-05
-3.011749e-08,-8.82227e-05
-3.001749e-08,-0.00010379
-2.991749e-08,-0.0001226
-2.981749e-08,-0.000144004
-2.971749e-08,-0.000165409
-2.961749e-08,-0.000182921
-2.951749e-08,-0.000195894
-2.941749e-08,-0.000201731
-2.931749e-08,-0.000201731
-2.921749e-08,-0.000197191
-2.911749e-08,-0.000190056
-2.901749e-08,-0.000182921
-2.891749e-08,-0.000177732
-2.881749e-08,-0.000175786
-2.871749e-08,-0.000176435
-2.861749e-08,-0.000179678
-2.851749e-08,-0.000184219
-2.841749e-08,-0.000186813
-2.831749e-08,-0.000186164
-2.821749e-08,-0.000180327
-2.811749e-08,-0.000169949
-2.801749e-08,-0.000154382
-2.791749e-08,-0.000135572
-2.781749e-08,-0.000115465
-2.771749e-08,-9.73034e-05
-2.761749e-08,-8.23851e-05
-2.751749e-08,-7.33045e-05
-2.741749e-08,-7.13586e-05
-2.731749e-08,-7.52503e-05
-2.721749e-08,-8.49796e-05
-2.711749e-08,-9.73034e-05
-2.701749e-08,-0.000110276
-2.691749e-08,-0.0001226
-2.681749e-08,-0.000131032
-2.671749e-08,-0.000135572
-2.661749e-08,-0.000136221
-2.651749e-08,-0.000134275
-2.641749e-08,-0.00013168
-2.631749e-08,-0.000129086
-2.621749e-08,-0.000128437
-2.611749e-08,-0.000130383
-2.601749e-08,-0.000134923
-2.591749e-08,-0.000140761
-2.581749e-08,-0.000147896
-2.571749e-08,-0.000153733
-2.561749e-08,-0.000156976
-2.551749e-08,-0.000156328
-2.541749e-08,-0.000151787
-2.531749e-08,-0.000143355
-2.521749e-08,-0.000132329
-2.511749e-08,-0.000120654
-2.501749e-08,-0.000110276
-2.491749e-08,-0.000103141
-2.481749e-08,-9.92493e-05
-2.471749e-08,-9.86006e-05
-2.461749e-08,-0.000100547
-2.451749e-08,-0.00010379
-2.441749e-08,-0.000107033
-2.431749e-08,-0.000107033
-2.421749e-08,-0.000102492
-2.411749e-08,-9.27631e-05
-2.401749e-08,-7.9142e-05
-2.391749e-08,-6.16293e-05
-2.381749e-08,-4.21707e-05
-2.371749e-08,-2.27121e-05
-2.361749e-08,-5.19934e-06
-2.351749e-08,9.71892e-06
-2.341749e-08,2.13941e-05
-2.331749e-08,2.98261e-05
-2.321749e-08,3.50151e-05
-2.311749e-08,3.89068e-05
-2.301749e-08,4.15013e-05
-2.291749e-08,4.47444e-05
-2.281749e-08,4.79875e-05
-2.271749e-08,5.0582e-05
-2.261749e-08,5.18792e-05
-2.251749e-08,5.12306e-05
-2.241749e-08,4.60417e-05
-2.231749e-08,3.82582e-05
-2.221749e-08,2.6583e-05
-2.211749e-08,1.2962e-05
-2.201749e-08,-1.30762e-06
-2.191749e-08,-1.428e-05
-2.181749e-08,-2.33607e-05
-2.171749e-08,-2.72524e-05
-2.161749e-08,-2.46579e-05
-2.151749e-08,-1.55773e-05
-2.141749e-08,-1.30762e-06
-2.131749e-08,1.49079e-05
-2.121749e-08,3.1772e-05
-2.111749e-08,4.47444e-05
-2.101749e-08,5.25279e-05
-2.091749e-08,5.25279e-05
-2.081749e-08,4.40958e-05
-2.071749e-08,2.91775e-05
-2.061749e-08,9.0703e-06
-2.051749e-08,-1.29828e-05
-2.041749e-08,-3.309e-05
-2.031749e-08,-4.80083e-05
-2.021749e-08,-5.57917e-05
-2.011749e-08,-5.57917e-05
-2.001749e-08,-4.6711e-05
-1.991749e-08,-3.11441e-05
-1.981749e-08,-1.10369e-05
-1.971749e-08,1.03675e-05
-1.961749e-08,3.04748e-05
-1.951749e-08,4.60417e-05
-1.941749e-08,5.5771e-05
-1.931749e-08,5.96627e-05
-1.921749e-08,5.90141e-05
-1.911749e-08,5.51223e-05
-1.901749e-08,4.99334e-05
-1.891749e-08,4.5393e-05
-1.881749e-08,4.15013e-05
-1.871749e-08,3.95555e-05
-1.861749e-08,3.95555e-05
-1.851749e-08,3.95555e-05
-1.841749e-08,3.82582e-05
-1.831749e-08,3.30692e-05
-1.821749e-08,2.39886e-05
-1.811749e-08,9.0703e-06
-1.801749e-08,-1.16855e-05
-1.791749e-08,-3.56845e-05
-1.781749e-08,-6.22779e-05
-1.771749e-08,-9.01686e-05
-1.761749e-08,-0.000118059
-1.751749e-08,-0.000143355
-1.741749e-08,-0.000166057
-1.731749e-08,-0.000184867
-1.721749e-08,-0.000200434
-1.711749e-08,-0.000212758
-1.701749e-08,-0.000223784
-1.691749e-08,-0.000233514
-1.681749e-08,-0.000242594
-1.671749e-08,-0.000250378
-1.661749e-08,-0.000256864
-1.651749e-08,-0.000262702
-1.641749e-08,-0.000266593
-1.631749e-08,-0.000267891
-1.621749e-08,-0.000265945
-1.611749e-08,-0.000261404
-1.601749e-08,-0.000254269
-1.591749e-08,-0.000247135
-1.581749e-08,-0.000240648
-1.571749e-08,-0.000236757
-1.561749e-08,-0.000235459
-1.551749e-08,-0.000237405
-1.541749e-08,-0.000241946
-1.531749e-08,-0.000247783
-1.521749e-08,-0.000253621
-1.511749e-08,-0.000257513
-1.501749e-08,-0.000257513
-1.491749e-08,-0.000252324
-1.481749e-08,-0.000241946
-1.471749e-08,-0.00022573
-1.461749e-08,-0.000204974
-1.451749e-08,-0.000180975
-1.441749e-08,-0.000156976
-1.431749e-08,-0.000133626
-1.421749e-08,-0.00011287
-1.411749e-08,-9.53575e-05
-1.401749e-08,-8.17365e-05
-1.391749e-08,-7.071e-05
-1.381749e-08,-6.16293e-05
-1.371749e-08,-5.38459e-05
-1.361749e-08,-4.54138e-05
-1.351749e-08,-3.69817e-05
-1.341749e-08,-2.72524e-05
-1.331749e-08,-1.81717e-05
-1.321749e-08,-9.09106e-06
-1.311749e-08,-6.58998e-07
-1.301749e-08,5.17858e-06
-1.291749e-08,7.77306e-06
-1.281749e-08,6.47582e-06
-1.271749e-08,6.38242e-07
-1.261749e-08,-9.09106e-06
-1.251749e-08,-2.20635e-05
-1.241749e-08,-3.63331e-05
-1.231749e-08,-4.99541e-05
-1.221749e-08,-6.03321e-05
-1.211749e-08,-6.68183e-05
-1.201749e-08,-6.94127e-05
-1.191749e-08,-6.61696e-05
-1.181749e-08,-5.96834e-05
-1.171749e-08,-4.99541e-05
-1.161749e-08,-3.8279e-05
-1.151749e-08,-2.66038e-05
-1.141749e-08,-1.49286e-05
-1.131749e-08,-5.19934e-06
-1.121749e-08,3.88134e-06
-1.111749e-08,1.10162e-05
-1.101749e-08,1.75024e-05
-1.091749e-08,2.33399e-05
-1.081749e-08,2.98261e-05
-1.071749e-08,3.82582e-05
-1.061749e-08,4.73389e-05
-1.051749e-08,5.64196e-05
-1.041749e-08,6.29058e-05
-1.031749e-08,6.61489e-05
-1.021749e-08,6.55003e-05
-1.011749e-08,5.83654e-05
-1.001749e-08,4.5393e-05
-9.91749e-09,2.72317e-05
-9.81749e-09,5.17858e-06
-9.71749e-09,-1.81717e-05
-9.61749e-09,-4.15221e-05
-9.51749e-09,-6.16293e-05
-9.41749e-09,-7.65476e-05
-9.31749e-09,-8.56282e-05
-9.21749e-09,-8.82227e-05
-9.11749e-09,-8.49796e-05
-9.01749e-09,-7.71962e-05
-8.91749e-09,-6.74669e-05
-8.81749e-09,-5.83862e-05
-8.71749e-09,-5.06027e-05
-8.61749e-09,-4.60624e-05
-8.51749e-09,-4.54138e-05
-8.41749e-09,-4.86569e-05
-8.31749e-09,-5.51431e-05
-8.21749e-09,-6.22779e-05
-8.11749e-09,-6.94127e-05
-8.01749e-09,-7.65476e-05
-7.91749e-09,-8.17365e-05
-7.81749e-09,-8.56282e-05
-7.71749e-09,-8.75741e-05
-7.61749e-09,-8.952e-05
-7.51749e-09,-9.08172e-05
-7.41749e-09,-9.34117e-05
-7.31749e-09,-9.7952e-05
-7.21749e-09,-0.000103141
-7.11749e-09,-0.000108979
-7.01749e-09,-0.000114816
-6.91749e-09,-0.000120005
-6.81749e-09,-0.000121951
-6.71749e-09,-0.000120005
-6.61749e-09,-0.000113519
-6.51749e-09,-0.000102492
-6.41749e-09,-8.88713e-05
-6.31749e-09,-7.26558e-05
-6.21749e-09,-5.51431e-05
-6.11749e-09,-3.8279e-05
-6.01749e-09,-2.33607e-05
-5.91749e-09,-1.03883e-05
-5.81749e-09,-1.03779e-08
-5.71749e-09,7.12444e-06
-5.61749e-09,1.10162e-05
-5.51749e-09,1.36106e-05
-5.41749e-09,1.42593e-05
-5.31749e-09,1.36106e-05
-5.21749e-09,1.16648e-05
-5.11749e-09,8.42168e-06
-5.01749e-09,3.23272e-06
-4.91749e-09,-5.19934e-06
-4.81749e-09,-1.75231e-05
-4.71749e-09,-3.24414e-05
-4.61749e-09,-4.93055e-05
-4.51749e-09,-6.87641e-05
-4.41749e-09,-8.88713e-05
-4.31749e-09,-0.000107033
-4.21749e-09,-0.000123248
-4.11749e-09,-0.000136221
-4.01749e-09,-0.000145301
-3.91749e-09,-0.00015049
-3.81749e-09,-0.000152436
-3.71749e-09,-0.000153085
-3.61749e-09,-0.000152436
-3.51749e-09,-0.000152436
-3.41749e-09,-0.000153733
-3.31749e-09,-0.000156976
-3.21749e-09,-0.000162814
-3.11749e-09,-0.000168652
-3.01749e-09,-0.000173192
-2.91749e-09,-0.000174489
-2.81749e-09,-0.000171895
-2.71749e-09,-0.000163463
-2.61749e-09,-0.000151139
-2.51749e-09,-0.000136221
-2.41749e-09,-0.000119356
-2.31749e-09,-0.000104438
-2.21749e-09,-9.47089e-05
-2.11749e-09,-9.40603e-05
-2.01749e-09,-0.000105087
-1.91749e-09,-0.000129734
-1.81749e-09,-0.000169949
-1.71749e-09,-0.000225082
-1.61749e-09,-0.000293835
-1.51749e-09,-0.000372967
-1.41749e-09,-0.000459882
-1.31749e-09,-0.000551986
-1.21749e-09,-0.000646685
-1.11749e-09,-0.000741383
-1.01749e-09,-0.00083673
-9.174899e-10,-0.000933375
-8.174899e-10,-0.00103261
-7.174899e-10,-0.0011351
-6.174899e-10,-0.00124471
-5.174899e-10,-0.00136146
-4.174899e-10,-0.00148859
-3.174899e-10,-0.0016261
-2.174899e-10,-0.00177528
-1.174899e-10,-0.00193614
-1.748992e-11,-0.00210738
8.251008e-11,-0.00228769
1.825101e-10,-0.00247514
2.825101e-10,-0.00266908
3.825101e-10,-0.00286821
4.825101e-10,-0.00306993
5.825101e-10,-0.00327424
6.825101e-10,-0.00347856
7.825101e-10,-0.00368158
8.825101e-10,-0.00388006
9.825101e-10,-0.0040727
1.08251e-09,-0.00425626
1.18251e-09,-0.00443073
1.28251e-09,-0.00459224
1.38251e-09,-0.00474013
1.48251e-09,-0.00487374
1.58251e-09,-0.00499374
1.68251e-09,-0.00509946
1.78251e-09,-0.00519221
1.88251e-09,-0.00527264
1.98251e-09,-0.00534075
2.08251e-09,-0.00539848
2.18251e-09,-0.00544518
2.28251e-09,-0.00548085
2.38251e-09,-0.0055055
2.48251e-09,-0.00551782
2.58251e-09,-0.00551717
2.68251e-09,-0.00550355
2.78251e-09,-0.00547761
2.88251e-09,-0.00543934
2.98251e-09,-0.00539134
3.08251e-09,-0.00533686
3.18251e-09,-0.00527848
3.28251e-09,-0.00521751
3.38251e-09,-0.00515589
3.48251e-09,-0.00509622
3.58251e-09,-0.00503849
3.68251e-09,-0.00498206
3.78251e-09,-0.00492628
3.88251e-09,-0.0048705
3.98251e-09,-0.00481277
4.08251e-09,-0.0047518
4.18251e-09,-0.00468759
4.28251e-09,-0.00462013
4.38251e-09,-0.00455073
4.48251e-09,-0.00447938
4.58251e-09,-0.00440868
4.68251e-09,-0.00433798
4.78251e-09,-0.00426923
4.88251e-09,-0.00420177
4.98251e-09,-0.00413626
5.08251e-09,-0.0040727
5.18251e-09,-0.00401043
5.28251e-09,-0.00394816
5.38251e-09,-0.00388719
5.48251e-09,-0.00382752
5.58251e-09,-0.00377109
5.68251e-09,-0.0037179
5.78251e-09,-0.0036699
5.88251e-09,-0.00362904
5.98251e-09,-0.00359401
6.08251e-09,-0.00356548
6.18251e-09,-0.00354277
6.28251e-09,-0.00352461
6.38251e-09,-0.0035084
6.48251e-09,-0.00349024
6.58251e-09,-0.00346883
6.68251e-09,-0.00344094
6.78251e-09,-0.00340527
6.88251e-09,-0.00336116
6.98251e-09,-0.00330927
7.08251e-09,-0.00325089
7.18251e-09,-0.00318733
7.28251e-09,-0.00311922
7.38251e-09,-0.00304982
7.48251e-09,-0.00297977
7.58251e-09,-0.00290907
7.68251e-09,-0.00283837
7.78251e-09,-0.00276638
7.88251e-09,-0.00269308
7.98251e-09,-0.00261654
8.08251e-09,-0.00253676
8.18251e-09,-0.00245439
8.28251e-09,-0.00237007
8.38251e-09,-0.0022851
8.48251e-09,-0.00220143
8.58251e-09,-0.00212165
8.68251e-09,-0.00204641
8.78251e-09,-0.00197765
8.88251e-09,-0.00191603
8.98251e-09,-0.00186025
9.08251e-09,-0.00180901
9.18251e-09,-0.00176231
9.28251e-09,-0.00171626
9.38251e-09,-0.00167086
9.48251e-09,-0.00162545
9.58251e-09,-0.00157875
9.68251e-09,-0.0015314
9.78251e-09,-0.00148405
9.88251e-09,-0.00143865
9.98251e-09,-0.00139649
1.008251e-08,-0.00135887
1.018251e-08,-0.00132774
1.028251e-08,-0.00130374
1.038251e-08,-0.00128687
1.048251e-08,-0.0012752
1.058251e-08,-0.00126806
1.068251e-08,-0.00126287
1.078251e-08,-0.00125898
1.088251e-08,-0.00125509
1.098251e-08,-0.00124925
1.108251e-08,-0.00124147
1.118251e-08,-0.00123304
1.128251e-08,-0.00122396
1.138251e-08,-0.00121617
1.148251e-08,-0.00121034
1.158251e-08,-0.00120839
1.168251e-08,-0.00121034
1.178251e-08,-0.00121617
1.188251e-08,-0.0012259
1.198251e-08,-0.00123758
1.208251e-08,-0.0012512
1.218251e-08,-0.00126482
1.228251e-08,-0.00127844
1.238251e-08,-0.00129012
1.248251e-08,-0.00129985
1.258251e-08,-0.00130633
1.268251e-08,-0.00131087
1.278251e-08,-0.00131217
1.288251e-08,-0.00131152
1.298251e-08,-0.00130763
1.308251e-08,-0.00130049
1.318251e-08,-0.00129141
1.328251e-08,-0.00127844
1.338251e-08,-0.00126352
1.348251e-08,-0.00124666
1.358251e-08,-0.0012285
1.368251e-08,-0.00120969
1.378251e-08,-0.00119153
1.388251e-08,-0.00117531
1.398251e-08,-0.00116104
1.408251e-08,-0.00115066
1.418251e-08,-0.00114353
1.428251e-08,-0.00114028
1.438251e-08,-0.00113899
1.448251e-08,-0.00113899
1.458251e-08,-0.00113964
1.468251e-08,-0.00113899
1.478251e-08,-0.00113574
1.488251e-08,-0.00112861
1.498251e-08,-0.00111629
1.508251e-08,-0.00109877
1.518251e-08,-0.00107802
1.528251e-08,-0.00105337
1.538251e-08,-0.00102807
1.548251e-08,-0.00100213
1.558251e-08,-0.000977481
1.568251e-08,-0.000954131
1.578251e-08,-0.000933375
1.588251e-08,-0.000915213
1.598251e-08,-0.000899647
1.608251e-08,-0.000886026
1.618251e-08,-0.00087435
1.628251e-08,-0.000863972
1.638251e-08,-0.000854243
1.648251e-08,-0.000845811
1.658251e-08,-0.000839325
1.668251e-08,-0.000834136
1.678251e-08,-0.000830244
1.688251e-08,-0.00082765
1.698251e-08,-0.000825055
1.708251e-08,-0.000823109
1.718251e-08,-0.000819218
1.728251e-08,-0.000812731
1.738251e-08,-0.000801705
1.748251e-08,-0.000787435
1.758251e-08,-0.000767977
1.768251e-08,-0.000744626
1.778251e-08,-0.00071933
1.788251e-08,-0.000693385
1.798251e-08,-0.000668738
1.808251e-08,-0.000647333
1.818251e-08,-0.000631118
1.828251e-08,-0.000621388
1.838251e-08,-0.000617497
1.848251e-08,-0.000618145
1.858251e-08,-0.000622037
1.868251e-08,-0.000627875
1.878251e-08,-0.000631766
1.888251e-08,-0.000631766
1.898251e-08,-0.000625929
1.908251e-08,-0.000614902
1.918251e-08,-0.000598038
1.928251e-08,-0.000576634
1.938251e-08,-0.000551986
1.948251e-08,-0.000528636
1.958251e-08,-0.000506583
1.968251e-08,-0.000488421
1.978251e-08,-0.0004748
1.988251e-08,-0.00046572
1.998251e-08,-0.000461179
2.008251e-08,-0.000459882
2.018251e-08,-0.000460531
2.028251e-08,-0.000463125
2.038251e-08,-0.000465071
2.048251e-08,-0.000466368
2.058251e-08,-0.000468314
2.068251e-08,-0.00047026
2.078251e-08,-0.000472854
2.088251e-08,-0.000475449
2.098251e-08,-0.000479989
2.108251e-08,-0.000485178
2.118251e-08,-0.000491664
2.128251e-08,-0.000497502
2.138251e-08,-0.00050334
2.148251e-08,-0.000508529
2.158251e-08,-0.00051242
2.168251e-08,-0.000515015
2.178251e-08,-0.000516961
2.188251e-08,-0.000517609
2.198251e-08,-0.000518906
2.208251e-08,-0.000520204
2.218251e-08,-0.00052215
2.228251e-08,-0.000523447
2.238251e-08,-0.000523447
2.248251e-08,-0.00052215
2.258251e-08,-0.000518258
2.268251e-08,-0.000511772
2.278251e-08,-0.000501394
2.288251e-08,-0.000487124
2.298251e-08,-0.000469611
2.308251e-08,-0.000450801
2.318251e-08,-0.00043264
2.328251e-08,-0.000416425
2.338251e-08,-0.000404101
2.348251e-08,-0.000398263
2.358251e-08,-0.00039956
2.368251e-08,-0.000407992
2.378251e-08,-0.000422911
2.388251e-08,-0.000443667
2.398251e-08,-0.000468314
2.408251e-08,-0.00049361
2.418251e-08,-0.000518258
2.428251e-08,-0.00054096
2.438251e-08,-0.000560418
2.448251e-08,-0.000576634
2.458251e-08,-0.000589606
2.468251e-08,-0.000601281
2.478251e-08,-0.000611659
2.488251e-08,-0.000622037
2.498251e-08,-0.000633064
2.508251e-08,-0.000646036
2.518251e-08,-0.000659008
2.528251e-08,-0.000670684
2.538251e-08,-0.000679764
2.548251e-08,-0.000684953
2.558251e-08,-0.000684305
2.568251e-08,-0.000676521
2.578251e-08,-0.000661603
2.588251e-08,-0.00063955
2.598251e-08,-0.000612308
2.608251e-08,-0.000581823
2.618251e-08,-0.000551338
2.628251e-08,-0.00052215
2.638251e-08,-0.000496205
2.648251e-08,-0.0004748
2.658251e-08,-0.000458585
2.668251e-08,-0.00044691
2.678251e-08,-0.000440423
2.688251e-08,-0.000436532
2.698251e-08,-0.000434586
2.708251e-08,-0.000433289
2.718251e-08,-0.000431343
2.728251e-08,-0.0004281
2.738251e-08,-0.000424208
2.748251e-08,-0.000420316
2.758251e-08,-0.000416425
2.768251e-08,-0.000412533
2.778251e-08,-0.00040929
2.788251e-08,-0.000405398
2.798251e-08,-0.000401506
2.808251e-08,-0.00039502
2.818251e-08,-0.000385291
2.828251e-08,-0.00037167
2.838251e-08,-0.000354806
2.848251e-08,-0.000333401
2.858251e-08,-0.000310699
2.868251e-08,-0.000288646
2.878251e-08,-0.000268539
2.888251e-08,-0.000252324
2.898251e-08,-0.000241946
2.908251e-08,-0.000238054
2.918251e-08,-0.000241297
2.928251e-08,-0.000249729
2.938251e-08,-0.000261404
2.948251e-08,-0.000275674
2.958251e-08,-0.000289295
2.968251e-08,-0.000301619
2.978251e-08,-0.000311348
2.988251e-08,-0.000318483
2.998251e-08,-0.000323023
3.008251e-08,-0.000325618
3.018251e-08,-0.000327564
3.028251e-08,-0.000330158
3.038251e-08,-0.00033405
3.048251e-08,-0.000339239
3.058251e-08,-0.000344428
3.068251e-08,-0.000350265
3.078251e-08,-0.000354157
3.088251e-08,-0.000355454
3.098251e-08,-0.000353508
3.108251e-08,-0.000347671
3.118251e-08,-0.00033859
3.128251e-08,-0.000325618
3.138251e-08,-0.000309402
3.148251e-08,-0.000292538
3.158251e-08,-0.000275674
3.168251e-08,-0.000260756
3.178251e-08,-0.000247135
3.188251e-08,-0.000235459
3.198251e-08,-0.000225082
3.208251e-08,-0.000215352
3.218251e-08,-0.000205623
3.228251e-08,-0.000194596
3.238251e-08,-0.000181624
3.248251e-08,-0.000166057
3.258251e-08,-0.000148544
3.268251e-08,-0.000130383
3.278251e-08,-0.000112222
3.288251e-08,-9.53575e-05
3.298251e-08,-8.23851e-05
3.308251e-08,-7.33045e-05
3.318251e-08,-7.00614e-05
3.328251e-08,-7.20072e-05
3.338251e-08,-7.9142e-05
3.348251e-08,-9.14658e-05
3.358251e-08,-0.00010833
3.368251e-08,-0.000126491
3.378251e-08,-0.000146599
3.388251e-08,-0.000166057
3.398251e-08,-0.000184867
3.408251e-08,-0.000201731
3.418251e-08,-0.00021665
3.428251e-08,-0.000230271
3.438251e-08,-0.000241946
3.448251e-08,-0.000252324
3.458251e-08,-0.000262702
3.468251e-08,-0.000273079
3.478251e-08,-0.000284106
3.488251e-08,-0.000295781
3.498251e-08,-0.000308105
3.508251e-08,-0.000320429
3.518251e-08,-0.000333401
3.528251e-08,-0.000345725
3.538251e-08,-0.0003574
3.548251e-08,-0.000368427
3.558251e-08,-0.000378156
3.568251e-08,-0.000385939
3.578251e-08,-0.000391777
3.588251e-08,-0.000396317
3.598251e-08,-0.000397615
3.608251e-08,-0.000396317
3.618251e-08,-0.000392426
3.628251e-08,-0.000386588
3.638251e-08,-0.000378805
3.648251e-08,-0.000368427
3.658251e-08,-0.000356751
3.668251e-08,-0.000345725
3.678251e-08,-0.000335996
3.688251e-08,-0.000327564
3.698251e-08,-0.000321726
3.708251e-08,-0.00031978
3.718251e-08,-0.000321726
3.728251e-08,-0.000327564
3.738251e-08,-0.000336644
3.748251e-08,-0.000348319
3.758251e-08,-0.000361292
3.768251e-08,-0.000374264
3.778251e-08,-0.000386588
3.788251e-08,-0.000396317
3.798251e-08,-0.000401506
3.808251e-08,-0.000402803
3.818251e-08,-0.000397615
3.828251e-08,-0.000387237
3.838251e-08,-0.000369075
3.848251e-08,-0.000345725
3.858251e-08,-0.000317834
3.868251e-08,-0.0002867
3.878251e-08,-0.000254269
3.888251e-08,-0.000220541
3.898251e-08,-0.000187462
3.908251e-08,-0.000157625
3.918251e-08,-0.000131032
3.928251e-08,-0.00010833
3.938251e-08,-9.01686e-05
3.948251e-08,-7.71962e-05
3.958251e-08,-6.74669e-05
3.968251e-08,-6.09807e-05
3.978251e-08,-5.57917e-05
3.988251e-08,-5.12514e-05
3.998251e-08,-4.54138e-05
4.008251e-08,-3.8279e-05
4.018251e-08,-2.85497e-05
4.028251e-08,-1.81717e-05
4.038251e-08,-7.1452e-06
4.048251e-08,3.88134e-06
4.058251e-08,1.23134e-05
4.068251e-08,1.62051e-05
4.078251e-08,1.42593e-05
4.088251e-08,5.8272e-06
4.098251e-08,-1.16855e-05
4.108251e-08,-3.8279e-05
4.118251e-08,-7.26558e-05
4.128251e-08,-0.00011287
4.138251e-08,-0.000156328
4.148251e-08,-0.000201083
4.158251e-08,-0.000243892
4.168251e-08,-0.00028216
4.178251e-08,-0.000314591
4.188251e-08,-0.000339239
4.198251e-08,-0.000354806
4.208251e-08,-0.00036194
4.218251e-08,-0.00036194
4.228251e-08,-0.000355454
4.238251e-08,-0.000345076
4.248251e-08,-0.000332753
4.258251e-08,-0.000320429
4.268251e-08,-0.000310051
4.278251e-08,-0.00030097
4.288251e-08,-0.000294484
4.298251e-08,-0.000289944
4.308251e-08,-0.000287349
4.318251e-08,-0.000285403
4.328251e-08,-0.000283457
4.338251e-08,-0.000281512
4.348251e-08,-0.000280214
4.358251e-08,-0.000278268
4.368251e-08,-0.00027762
4.378251e-08,-0.00027762
4.388251e-08,-0.000279566
4.398251e-08,-0.000282809
4.408251e-08,-0.000287349
4.418251e-08,-0.000293187
4.428251e-08,-0.000299673
4.438251e-08,-0.000304862
4.448251e-08,-0.000308105
4.458251e-08,-0.000308754
4.468251e-08,-0.000306808
4.478251e-08,-0.000302916
4.488251e-08,-0.000295133
4.498251e-08,-0.000286052
4.508251e-08,-0.000275674
4.518251e-08,-0.000263999
4.528251e-08,-0.000251675
4.538251e-08,-0.000239351
4.548251e-08,-0.000226379
4.558251e-08,-0.000214055
4.568251e-08,-0.00020238
4.578251e-08,-0.000190056
4.588251e-08,-0.00017903
4.598251e-08,-0.000168003
4.608251e-08,-0.000157625
4.618251e-08,-0.000148544
4.628251e-08,-0.000142058
4.638251e-08,-0.000136869
4.648251e-08,-0.000133626
4.658251e-08,-0.000132329
4.668251e-08,-0.00013168
4.678251e-08,-0.000132329
4.688251e-08,-0.000132329
4.698251e-08,-0.000130383
4.708251e-08,-0.000125843
4.718251e-08,-0.000119356
4.728251e-08,-0.000110276
4.738251e-08,-9.7952e-05
4.748251e-08,-8.49796e-05
4.758251e-08,-7.13586e-05
4.768251e-08,-5.96834e-05
4.778251e-08,-4.99541e-05
4.788251e-08,-4.41165e-05
4.798251e-08,-4.21707e-05
4.808251e-08,-4.47652e-05
4.818251e-08,-5.19e-05
4.828251e-08,-6.22779e-05
4.838251e-08,-7.52503e-05
4.848251e-08,-8.952e-05
4.858251e-08,-0.00010379
4.868251e-08,-0.000118708
4.878251e-08,-0.000132978
4.888251e-08,-0.000147247
4.898251e-08,-0.00016022
4.908251e-08,-0.000173192
4.918251e-08,-0.000186813
4.928251e-08,-0.000201083
4.938251e-08,-0.000215352
4.948251e-08,-0.000229622
4.958251e-08,-0.000242594
4.968251e-08,-0.000252972
4.978251e-08,-0.000261404
4.988251e-08,-0.000267242
4.998251e-08,-0.000269836
5.008251e-08,-0.000268539
5.018251e-08,-0.000263999
5.028251e-08,-0.000257513
5.038251e-08,-0.000251026
5.048251e-08,-0.000245189
5.058251e-08,-0.000241297
5.068251e-08,-0.00024
5.078251e-08,-0.000243243
5.088251e-08,-0.000249729
5.098251e-08,-0.00025881
5.108251e-08,-0.000269188
5.118251e-08,-0.000278917
5.128251e-08,-0.000285403
5.138251e-08,-0.000287998
5.148251e-08,-0.000285403
5.158251e-08,-0.000278268
5.168251e-08,-0.000266593
5.178251e-08,-0.000253621
5.188251e-08,-0.000240648
5.198251e-08,-0.000230271
5.208251e-08,-0.000224433
5.218251e-08,-0.000223784
5.228251e-08,-0.000231568
5.238251e-08,-0.000245837
5.248251e-08,-0.000265296
5.258251e-08,-0.000287349
5.268251e-08,-0.000309402
5.278251e-08,-0.000328861
5.288251e-08,-0.000342482
5.298251e-08,-0.000348319
5.308251e-08,-0.000345076
5.318251e-08,-0.000333401
5.328251e-08,-0.000313943
5.338251e-08,-0.000289295
5.348251e-08,-0.000260756
5.358251e-08,-0.000230919
5.368251e-08,-0.000201731
5.378251e-08,-0.000176435
5.388251e-08,-0.000155679
5.398251e-08,-0.000140112
5.408251e-08,-0.000130383
5.418251e-08,-0.000125843
5.428251e-08,-0.000126491
5.438251e-08,-0.000132329
5.448251e-08,-0.00014141
5.458251e-08,-0.000153733
5.468251e-08,-0.000169949
5.478251e-08,-0.000188759
5.488251e-08,-0.000209515
5.498251e-08,-0.000231568
5.508251e-08,-0.000254269
5.518251e-08,-0.000275025
5.528251e-08,-0.000293187
5.538251e-08,-0.000306808
5.548251e-08,-0.000316537
5.558251e-08,-0.000321077
5.568251e-08,-0.000321726
5.578251e-08,-0.000318483
5.588251e-08,-0.000312645
5.598251e-08,-0.00030551
5.608251e-08,-0.000297727
5.618251e-08,-0.000291241
5.628251e-08,-0.000286052
5.638251e-08,-0.00028216
5.648251e-08,-0.000278917
5.658251e-08,-0.000275025
5.668251e-08,-0.000269836
5.678251e-08,-0.000262053
5.688251e-08,-0.000249729
5.698251e-08,-0.000233514
5.708251e-08,-0.000215352
5.718251e-08,-0.000194596
5.728251e-08,-0.000174489
5.738251e-08,-0.000156328
5.748251e-08,-0.000142058
5.758251e-08,-0.00013168
5.768251e-08,-0.000125843
5.778251e-08,-0.000124545
5.788251e-08,-0.000126491
5.798251e-08,-0.000129734
5.808251e-08,-0.000133626
5.818251e-08,-0.000134923
5.828251e-08,-0.000132978
5.838251e-08,-0.00012714
5.848251e-08,-0.000118059
5.858251e-08,-0.000105087
5.868251e-08,-9.08172e-05
5.878251e-08,-7.65476e-05
5.888251e-08,-6.35752e-05
5.898251e-08,-5.19e-05
5.908251e-08,-4.47652e-05
5.918251e-08,-4.02248e-05
5.928251e-08,-3.8279e-05
5.938251e-08,-3.89276e-05
5.948251e-08,-4.08734e-05
5.958251e-08,-4.47652e-05
5.968251e-08,-4.93055e-05
5.978251e-08,-5.44945e-05
5.988251e-08,-6.09807e-05
5.998251e-08,-7.071e-05
6.008251e-08,-8.30338e-05
6.018251e-08,-9.86006e-05
6.028251e-08,-0.000117411
6.038251e-08,-0.000139464
6.048251e-08,-0.000162165
6.058251e-08,-0.00018357
6.068251e-08,-0.000201083
6.078251e-08,-0.000211461
6.088251e-08,-0.000213406
6.098251e-08,-0.000204326
6.108251e-08,-0.000184867
6.118251e-08,-0.000155679
6.128251e-08,-0.000118708
6.138251e-08,-7.65476e-05
6.148251e-08,-3.43872e-05
6.158251e-08,4.52996e-06
6.168251e-08,3.6961e-05
6.178251e-08,6.09599e-05
6.188251e-08,7.45809e-05
6.198251e-08,7.71754e-05
6.208251e-08,6.9392e-05
6.218251e-08,5.31765e-05
6.228251e-08,3.04748e-05
6.238251e-08,3.88134e-06
6.248251e-08,-2.33607e-05
6.258251e-08,-4.93055e-05
6.268251e-08,-7.33045e-05
6.278251e-08,-9.27631e-05
6.288251e-08,-0.000106384
6.298251e-08,-0.000114816
6.308251e-08,-0.000118059
6.318251e-08,-0.000116762
6.328251e-08,-0.000110276
6.338251e-08,-0.000100547
6.348251e-08,-8.82227e-05
6.358251e-08,-7.39531e-05
6.368251e-08,-5.83862e-05
6.378251e-08,-4.28193e-05
6.388251e-08,-2.91983e-05
6.398251e-08,-1.88204e-05
6.408251e-08,-1.23342e-05
6.418251e-08,-1.10369e-05
6.428251e-08,-1.49286e-05
6.438251e-08,-2.40093e-05
6.448251e-08,-3.63331e-05
6.458251e-08,-5.25486e-05
6.468251e-08,-7.00614e-05
6.478251e-08,-8.88713e-05
6.488251e-08,-0.000105735
6.498251e-08,-0.000121302
6.508251e-08,-0.000134923
6.518251e-08,-0.000146599
6.528251e-08,-0.000156976
6.538251e-08,-0.000166057
6.548251e-08,-0.000174489
6.558251e-08,-0.000182921
6.568251e-08,-0.000191353
6.578251e-08,-0.000199137
6.588251e-08,-0.00020692
6.598251e-08,-0.000212758
6.608251e-08,-0.000216001
6.618251e-08,-0.00021665
6.628251e-08,-0.000214055
6.638251e-08,-0.000208217
6.648251e-08,-0.000199785
6.658251e-08,-0.000191353
6.668251e-08,-0.000184219
6.678251e-08,-0.000179678
6.688251e-08,-0.00017903
6.698251e-08,-0.000182921
6.708251e-08,-0.000191353
6.718251e-08,-0.000204974
6.728251e-08,-0.00022119
6.738251e-08,-0.000237405
6.748251e-08,-0.000252324
6.758251e-08,-0.00026335
6.768251e-08,-0.000267242
6.778251e-08,-0.000263999
6.788251e-08,-0.000253621
6.798251e-08,-0.000236757
6.808251e-08,-0.000215352
6.818251e-08,-0.000192002
6.828251e-08,-0.0001693
6.838251e-08,-0.000149842
6.848251e-08,-0.000134923
6.858251e-08,-0.000124545
6.868251e-08,-0.000119356
6.878251e-08,-0.000117411
6.888251e-08,-0.000116762
6.898251e-08,-0.000116113
6.908251e-08,-0.000113519
6.918251e-08,-0.000107681
6.928251e-08,-9.92493e-05
6.938251e-08,-8.82227e-05
6.948251e-08,-7.52503e-05
6.958251e-08,-6.29265e-05
6.968251e-08,-5.12514e-05
6.978251e-08,-4.28193e-05
6.988251e-08,-3.76303e-05
6.998251e-08,-3.50359e-05
7.008251e-08,-3.50359e-05
7.018251e-08,-3.56845e-05
7.028251e-08,-3.63331e-05
7.038251e-08,-3.56845e-05
7.048251e-08,-3.24414e-05
7.058251e-08,-2.72524e-05
7.068251e-08,-2.01176e-05
7.078251e-08,-1.23342e-05
7.088251e-08,-4.55072e-06
7.098251e-08,1.28686e-06
7.108251e-08,3.23272e-06
7.118251e-08,2.5841e-06
7.128251e-08,-1.30762e-06
7.138251e-08,-7.79382e-06
7.148251e-08,-1.49286e-05
7.158251e-08,-2.27121e-05
7.168251e-08,-2.98469e-05
7.178251e-08,-3.63331e-05
7.188251e-08,-4.21707e-05
7.198251e-08,-4.86569e-05
7.208251e-08,-5.64403e-05
7.218251e-08,-6.81155e-05
7.228251e-08,-8.49796e-05
7.238251e-08,-0.000107033
7.248251e-08,-0.000134923
7.258251e-08,-0.000166706
7.268251e-08,-0.000200434
7.278251e-08,-0.000232865
7.288251e-08,-0.000260756
7.298251e-08,-0.000280214
7.308251e-08,-0.000290592
7.318251e-08,-0.000290592
7.328251e-08,-0.000279566
7.338251e-08,-0.000260107
7.348251e-08,-0.000234811
7.358251e-08,-0.000205623
7.368251e-08,-0.000176435
7.378251e-08,-0.000149193
7.388251e-08,-0.000126491
7.398251e-08,-0.000108979
7.408251e-08,-9.53575e-05
7.418251e-08,-8.62769e-05
7.428251e-08,-7.9142e-05
7.438251e-08,-7.39531e-05
7.448251e-08,-6.94127e-05
7.458251e-08,-6.48724e-05
7.468251e-08,-6.09807e-05
7.478251e-08,-5.90348e-05
7.488251e-08,-5.96834e-05
7.498251e-08,-6.42238e-05
7.508251e-08,-7.39531e-05
7.518251e-08,-8.82227e-05
7.528251e-08,-0.000104438
7.538251e-08,-0.0001226
7.548251e-08,-0.000139464
7.558251e-08,-0.000153733
7.568251e-08,-0.000162165
7.578251e-08,-0.00016476
7.588251e-08,-0.000160868
7.598251e-08,-0.000151139
7.608251e-08,-0.000137518
7.618251e-08,-0.0001226
7.628251e-08,-0.000108979
7.638251e-08,-9.92493e-05
7.648251e-08,-9.34117e-05
7.658251e-08,-9.21144e-05
7.668251e-08,-9.40603e-05
7.678251e-08,-9.7952e-05
7.688251e-08,-0.000101844
7.698251e-08,-0.000104438
7.708251e-08,-0.000103141
7.718251e-08,-9.7952e-05
7.728251e-08,-8.88713e-05
