LECROYWaveRunner‘N,20113,Waveform
Segments,1,SegmentSize,2002
Segment,TrigTime,TimeSinceSegment1
#1,28-Sep-2018 13:20:52,0                 
Time,Ampl
-1.228378e-07,7.77306e-06
-1.227378e-07,2.52858e-05
-1.226378e-07,4.15013e-05
-1.225378e-07,5.44737e-05
-1.224378e-07,6.29058e-05
-1.223378e-07,6.67975e-05
-1.222378e-07,6.67975e-05
-1.221378e-07,6.29058e-05
-1.220378e-07,5.64196e-05
-1.219378e-07,4.86361e-05
-1.218378e-07,4.08527e-05
-1.217378e-07,3.37179e-05
-1.216378e-07,2.78803e-05
-1.215378e-07,2.52858e-05
-1.214378e-07,2.39886e-05
-1.213378e-07,2.39886e-05
-1.212378e-07,2.46372e-05
-1.211378e-07,2.59344e-05
-1.210378e-07,2.6583e-05
-1.209378e-07,2.59344e-05
-1.208378e-07,2.52858e-05
-1.207378e-07,2.39886e-05
-1.206378e-07,2.20427e-05
-1.205378e-07,2.00968e-05
-1.204378e-07,1.8151e-05
-1.203378e-07,1.62051e-05
-1.202378e-07,1.42593e-05
-1.201378e-07,1.2962e-05
-1.200378e-07,1.23134e-05
-1.199378e-07,1.36106e-05
-1.198378e-07,1.62051e-05
-1.197378e-07,2.00968e-05
-1.196378e-07,2.52858e-05
-1.195378e-07,3.24206e-05
-1.194378e-07,4.02041e-05
-1.193378e-07,4.92848e-05
-1.192378e-07,5.90141e-05
-1.191378e-07,6.9392e-05
-1.190378e-07,8.04185e-05
-1.189378e-07,9.01478e-05
-1.188378e-07,9.85799e-05
-1.187378e-07,0.000105066
-1.186378e-07,0.000110255
-1.185378e-07,0.00011285
-1.184378e-07,0.000113498
-1.183378e-07,0.000112201
-1.182378e-07,0.000109606
-1.181378e-07,0.000106363
-1.180378e-07,0.000102472
-1.179378e-07,9.79313e-05
-1.178378e-07,9.20937e-05
-1.177378e-07,8.69047e-05
-1.176378e-07,8.04185e-05
-1.175378e-07,7.32837e-05
-1.174378e-07,6.48516e-05
-1.173378e-07,5.38251e-05
-1.172378e-07,4.02041e-05
-1.171378e-07,2.46372e-05
-1.170378e-07,8.42168e-06
-1.169378e-07,-9.73968e-06
-1.168378e-07,-2.66038e-05
-1.167378e-07,-4.21707e-05
-1.166378e-07,-5.38459e-05
-1.165378e-07,-6.29265e-05
-1.164378e-07,-6.68183e-05
-1.163378e-07,-6.5521e-05
-1.162378e-07,-5.96834e-05
-1.161378e-07,-4.99541e-05
-1.160378e-07,-3.69817e-05
-1.159378e-07,-2.27121e-05
-1.158378e-07,-5.84796e-06
-1.157378e-07,1.16648e-05
-1.156378e-07,2.85289e-05
-1.155378e-07,4.47444e-05
-1.154378e-07,5.96627e-05
-1.153378e-07,7.26351e-05
-1.152378e-07,8.43102e-05
-1.151378e-07,9.46882e-05
-1.150378e-07,0.000103769
-1.149378e-07,0.000109606
-1.148378e-07,0.000113498
-1.147378e-07,0.000113498
-1.146378e-07,0.000109606
-1.145378e-07,0.000102472
-1.144378e-07,9.27423e-05
-1.143378e-07,7.97699e-05
-1.142378e-07,6.4203e-05
-1.141378e-07,4.60417e-05
-1.140378e-07,2.59344e-05
-1.139378e-07,6.47582e-06
-1.138378e-07,-1.29828e-05
-1.137378e-07,-3.04955e-05
-1.136378e-07,-4.6711e-05
-1.135378e-07,-5.96834e-05
-1.134378e-07,-7.00614e-05
-1.133378e-07,-7.71962e-05
-1.132378e-07,-8.04393e-05
-1.131378e-07,-7.97907e-05
-1.130378e-07,-7.52503e-05
-1.129378e-07,-6.61696e-05
-1.128378e-07,-5.19e-05
-1.127378e-07,-3.24414e-05
-1.126378e-07,-8.44244e-06
-1.125378e-07,1.94482e-05
-1.124378e-07,5.12306e-05
-1.123378e-07,8.56075e-05
-1.122378e-07,0.000119984
-1.121378e-07,0.000153713
-1.120378e-07,0.000184846
-1.119378e-07,0.00021144
-1.118378e-07,0.000232196
-1.117378e-07,0.000245817
-1.116378e-07,0.000251006
-1.115378e-07,0.000248411
-1.114378e-07,0.000238033
-1.113378e-07,0.000219872
-1.112378e-07,0.000196522
-1.111378e-07,0.000167982
-1.110378e-07,0.000134903
-1.109378e-07,9.85799e-05
-1.108378e-07,6.29058e-05
-1.107378e-07,2.91775e-05
-1.106378e-07,-6.58998e-07
-1.105378e-07,-2.40093e-05
-1.104378e-07,-4.08734e-05
-1.103378e-07,-4.99541e-05
-1.102378e-07,-5.12514e-05
-1.101378e-07,-4.54138e-05
-1.100378e-07,-3.37386e-05
-1.099378e-07,-1.68745e-05
-1.098378e-07,2.5841e-06
-1.097378e-07,2.33399e-05
-1.096378e-07,4.21499e-05
-1.095378e-07,5.64196e-05
-1.094378e-07,6.48516e-05
-1.093378e-07,6.61489e-05
-1.092378e-07,5.96627e-05
-1.091378e-07,4.73389e-05
-1.090378e-07,2.91775e-05
-1.089378e-07,7.77306e-06
-1.088378e-07,-1.428e-05
-1.087378e-07,-3.43872e-05
-1.086378e-07,-5.19e-05
-1.085378e-07,-6.5521e-05
-1.084378e-07,-7.39531e-05
-1.083378e-07,-7.52503e-05
-1.082378e-07,-7.20072e-05
-1.081378e-07,-6.35752e-05
-1.080378e-07,-5.12514e-05
-1.079378e-07,-3.76303e-05
-1.078378e-07,-2.20635e-05
-1.077378e-07,-7.1452e-06
-1.076378e-07,7.77306e-06
-1.075378e-07,2.26913e-05
-1.074378e-07,3.6961e-05
-1.073378e-07,5.0582e-05
-1.072378e-07,6.29058e-05
-1.071378e-07,7.32837e-05
-1.070378e-07,8.23644e-05
-1.069378e-07,8.88506e-05
-1.068378e-07,9.33909e-05
-1.067378e-07,9.6634e-05
-1.066378e-07,9.72826e-05
-1.065378e-07,9.72826e-05
-1.064378e-07,9.6634e-05
-1.063378e-07,9.72826e-05
-1.062378e-07,9.85799e-05
-1.061378e-07,0.000101823
-1.060378e-07,0.000105715
-1.059378e-07,0.000110255
-1.058378e-07,0.000116093
-1.057378e-07,0.000120633
-1.056378e-07,0.000123876
-1.055378e-07,0.000125173
-1.054378e-07,0.00012193
-1.053378e-07,0.000114795
-1.052378e-07,0.000103769
-1.051378e-07,9.01478e-05
-1.050378e-07,7.52296e-05
-1.049378e-07,5.96627e-05
-1.048378e-07,4.47444e-05
-1.047378e-07,3.30692e-05
-1.046378e-07,2.39886e-05
-1.045378e-07,1.87996e-05
-1.044378e-07,1.62051e-05
-1.043378e-07,1.68537e-05
-1.042378e-07,1.94482e-05
-1.041378e-07,2.39886e-05
-1.040378e-07,2.91775e-05
-1.039378e-07,3.56637e-05
-1.038378e-07,4.27986e-05
-1.037378e-07,5.18792e-05
-1.036378e-07,6.29058e-05
-1.035378e-07,7.52296e-05
-1.034378e-07,8.88506e-05
-1.033378e-07,0.00010312
-1.032378e-07,0.00011739
-1.031378e-07,0.000129714
-1.030378e-07,0.000140092
-1.029378e-07,0.000145929
-1.028378e-07,0.000146578
-1.027378e-07,0.000142686
-1.026378e-07,0.000132957
-1.025378e-07,0.000118687
-1.024378e-07,0.000101823
-1.023378e-07,8.36616e-05
-1.022378e-07,6.55003e-05
-1.021378e-07,4.86361e-05
-1.020378e-07,3.37179e-05
-1.019378e-07,2.20427e-05
-1.018378e-07,1.2962e-05
-1.017378e-07,5.8272e-06
-1.016378e-07,-1.03779e-08
-1.015378e-07,-5.84796e-06
-1.014378e-07,-1.23342e-05
-1.013378e-07,-2.07662e-05
-1.012378e-07,-2.98469e-05
-1.011378e-07,-3.8279e-05
-1.010378e-07,-4.60624e-05
-1.009378e-07,-5.12514e-05
-1.008378e-07,-5.19e-05
-1.007378e-07,-4.73596e-05
-1.006378e-07,-3.69817e-05
-1.005378e-07,-2.01176e-05
-1.004378e-07,1.93548e-06
-1.003378e-07,2.72317e-05
-1.002378e-07,5.44737e-05
-1.001378e-07,8.10671e-05
-1.000378e-07,0.000104417
-9.993781e-08,0.000123227
-9.983781e-08,0.0001362
-9.973781e-08,0.000142037
-9.963781e-08,0.000141389
-9.953781e-08,0.000135551
-9.943781e-08,0.000125822
-9.933781e-08,0.000113498
-9.923781e-08,9.98771e-05
-9.913781e-08,8.56075e-05
-9.903781e-08,7.26351e-05
-9.893781e-08,6.03113e-05
-9.883781e-08,4.86361e-05
-9.873781e-08,3.89068e-05
-9.863781e-08,3.11234e-05
-9.853781e-08,2.39886e-05
-9.843781e-08,1.87996e-05
-9.833781e-08,1.49079e-05
-9.823781e-08,1.36106e-05
-9.813781e-08,1.36106e-05
-9.803781e-08,1.62051e-05
-9.793781e-08,2.20427e-05
-9.783781e-08,2.91775e-05
-9.773781e-08,3.82582e-05
-9.763781e-08,4.79875e-05
-9.753781e-08,5.77168e-05
-9.743781e-08,6.55003e-05
-9.733781e-08,7.06892e-05
-9.723781e-08,7.32837e-05
-9.713781e-08,7.39323e-05
-9.703781e-08,7.32837e-05
-9.693781e-08,7.19865e-05
-9.683781e-08,7.06892e-05
-9.673781e-08,6.9392e-05
-9.663781e-08,6.9392e-05
-9.653781e-08,7.06892e-05
-9.643781e-08,7.39323e-05
-9.633781e-08,7.7824e-05
-9.623781e-08,8.17158e-05
-9.613781e-08,8.56075e-05
-9.603781e-08,8.8202e-05
-9.593781e-08,8.8202e-05
-9.583781e-08,8.69047e-05
-9.573781e-08,8.23644e-05
-9.563781e-08,7.71754e-05
-9.553781e-08,7.06892e-05
-9.543781e-08,6.48516e-05
-9.533781e-08,6.03113e-05
-9.523781e-08,5.70682e-05
-9.513781e-08,5.51223e-05
-9.503781e-08,5.51223e-05
-9.493781e-08,5.5771e-05
-9.483781e-08,5.77168e-05
-9.473781e-08,6.09599e-05
-9.463781e-08,6.48516e-05
-9.453781e-08,6.9392e-05
-9.443781e-08,7.39323e-05
-9.433781e-08,7.91213e-05
-9.423781e-08,8.49589e-05
-9.413781e-08,9.07964e-05
-9.403781e-08,9.72826e-05
-9.393781e-08,0.000105066
-9.383781e-08,0.00011285
-9.373781e-08,0.000119336
-9.363781e-08,0.000124525
-9.353781e-08,0.000127119
-9.343781e-08,0.000127119
-9.333781e-08,0.000123227
-9.323781e-08,0.000116093
-9.313781e-08,0.000106363
-9.303781e-08,9.53368e-05
-9.293781e-08,8.3013e-05
-9.283781e-08,7.19865e-05
-9.273781e-08,6.29058e-05
-9.263781e-08,5.64196e-05
-9.253781e-08,5.25279e-05
-9.243781e-08,5.18792e-05
-9.233781e-08,5.38251e-05
-9.223781e-08,5.70682e-05
-9.213781e-08,6.09599e-05
-9.203781e-08,6.4203e-05
-9.193781e-08,6.48516e-05
-9.183781e-08,6.35544e-05
-9.173781e-08,5.83654e-05
-9.163781e-08,5.0582e-05
-9.153781e-08,4.08527e-05
-9.143781e-08,3.04748e-05
-9.133781e-08,2.00968e-05
-9.123781e-08,1.03675e-05
-9.113781e-08,6.38242e-07
-9.103781e-08,-7.79382e-06
-9.093781e-08,-1.55773e-05
-9.083781e-08,-2.33607e-05
-9.073781e-08,-3.11441e-05
-9.063781e-08,-3.76303e-05
-9.053781e-08,-4.47652e-05
-9.043781e-08,-5.06027e-05
-9.033781e-08,-5.7089e-05
-9.023781e-08,-6.29265e-05
-9.013781e-08,-6.68183e-05
-9.003781e-08,-6.87641e-05
-8.993781e-08,-6.87641e-05
-8.983781e-08,-6.81155e-05
-8.973781e-08,-6.5521e-05
-8.963781e-08,-6.35752e-05
-8.953781e-08,-6.09807e-05
-8.943781e-08,-6.03321e-05
-8.933781e-08,-6.09807e-05
-8.923781e-08,-6.29265e-05
-8.913781e-08,-6.5521e-05
-8.903781e-08,-6.61696e-05
-8.893781e-08,-6.5521e-05
-8.883781e-08,-6.16293e-05
-8.873781e-08,-5.51431e-05
-8.863781e-08,-4.54138e-05
-8.853781e-08,-3.309e-05
-8.843781e-08,-1.81717e-05
-8.833781e-08,-1.95624e-06
-8.823781e-08,1.49079e-05
-8.813781e-08,3.04748e-05
-8.803781e-08,4.40958e-05
-8.793781e-08,5.51223e-05
-8.783781e-08,6.35544e-05
-8.773781e-08,6.9392e-05
-8.763781e-08,7.58782e-05
-8.753781e-08,8.43102e-05
-8.743781e-08,9.46882e-05
-8.733781e-08,0.000107661
-8.723781e-08,0.000123876
-8.713781e-08,0.000143335
-8.703781e-08,0.000164739
-8.693781e-08,0.000186144
-8.683781e-08,0.000206251
-8.673781e-08,0.000224412
-8.663781e-08,0.000238682
-8.653781e-08,0.000248411
-8.643781e-08,0.000254249
-8.633781e-08,0.000255546
-8.623781e-08,0.000254249
-8.613781e-08,0.000251654
-8.603781e-08,0.00024906
-8.593781e-08,0.000247763
-8.583781e-08,0.000248411
-8.573781e-08,0.000249708
-8.563781e-08,0.000252303
-8.553781e-08,0.000254897
-8.543781e-08,0.000254897
-8.533781e-08,0.000251654
-8.523781e-08,0.000243222
-8.513781e-08,0.000230898
-8.503781e-08,0.000212737
-8.493781e-08,0.000190035
-8.483781e-08,0.000162145
-8.473781e-08,0.000131011
-8.463781e-08,9.85799e-05
-8.453781e-08,6.48516e-05
-8.443781e-08,3.24206e-05
-8.433781e-08,1.28686e-06
-8.423781e-08,-2.66038e-05
-8.413781e-08,-5.19e-05
-8.403781e-08,-7.33045e-05
-8.393781e-08,-9.08172e-05
-8.383781e-08,-0.000101844
-8.373781e-08,-0.000107681
-8.363781e-08,-0.000107681
-8.353781e-08,-0.000100547
-8.343781e-08,-8.75741e-05
-8.333781e-08,-6.74669e-05
-8.323781e-08,-4.08734e-05
-8.313781e-08,-1.10369e-05
-8.303781e-08,2.07455e-05
-8.293781e-08,5.0582e-05
-8.283781e-08,7.7824e-05
-8.273781e-08,0.000100526
-8.263781e-08,0.000116741
-8.253781e-08,0.000124525
-8.243781e-08,0.000123876
-8.233781e-08,0.000114795
-8.223781e-08,9.98771e-05
-8.213781e-08,7.97699e-05
-8.203781e-08,5.70682e-05
-8.193781e-08,3.50151e-05
-8.183781e-08,1.42593e-05
-8.173781e-08,-4.55072e-06
-8.163781e-08,-1.9469e-05
-8.153781e-08,-3.04955e-05
-8.143781e-08,-3.69817e-05
-8.133781e-08,-3.95762e-05
-8.123781e-08,-3.8279e-05
-8.113781e-08,-3.37386e-05
-8.103781e-08,-2.72524e-05
-8.093781e-08,-1.88204e-05
-8.083781e-08,-8.44244e-06
-8.073781e-08,2.5841e-06
-8.063781e-08,1.42593e-05
-8.053781e-08,2.46372e-05
-8.043781e-08,3.37179e-05
-8.033781e-08,4.08527e-05
-8.023781e-08,4.66903e-05
-8.013781e-08,4.92848e-05
-8.003781e-08,4.99334e-05
-7.993781e-08,4.79875e-05
-7.983781e-08,4.40958e-05
-7.973781e-08,3.82582e-05
-7.963781e-08,3.24206e-05
-7.953781e-08,2.6583e-05
-7.943781e-08,2.20427e-05
-7.933781e-08,1.87996e-05
-7.923781e-08,1.68537e-05
-7.913781e-08,1.55565e-05
-7.903781e-08,1.55565e-05
-7.893781e-08,1.49079e-05
-7.883781e-08,1.42593e-05
-7.873781e-08,1.2962e-05
-7.863781e-08,1.03675e-05
-7.853781e-08,5.8272e-06
-7.843781e-08,-1.03779e-08
-7.833781e-08,-5.84796e-06
-7.823781e-08,-1.10369e-05
-7.813781e-08,-1.49286e-05
-7.803781e-08,-1.68745e-05
-7.793781e-08,-1.75231e-05
-7.783781e-08,-1.62259e-05
-7.773781e-08,-1.49286e-05
-7.763781e-08,-1.36314e-05
-7.753781e-08,-1.36314e-05
-7.743781e-08,-1.55773e-05
-7.733781e-08,-2.01176e-05
-7.723781e-08,-2.66038e-05
-7.713781e-08,-3.50359e-05
-7.703781e-08,-4.47652e-05
-7.693781e-08,-5.51431e-05
-7.683781e-08,-6.29265e-05
-7.673781e-08,-6.81155e-05
-7.663781e-08,-7.071e-05
-7.653781e-08,-7.00614e-05
-7.643781e-08,-6.68183e-05
-7.633781e-08,-6.03321e-05
-7.623781e-08,-5.25486e-05
-7.613781e-08,-4.47652e-05
-7.603781e-08,-3.69817e-05
-7.593781e-08,-2.91983e-05
-7.583781e-08,-2.27121e-05
-7.573781e-08,-1.68745e-05
-7.563781e-08,-1.03883e-05
-7.553781e-08,-2.60486e-06
-7.543781e-08,6.47582e-06
-7.533781e-08,1.62051e-05
-7.523781e-08,2.85289e-05
-7.513781e-08,4.02041e-05
-7.503781e-08,5.18792e-05
-7.493781e-08,6.09599e-05
-7.483781e-08,6.67975e-05
-7.473781e-08,6.80947e-05
-7.463781e-08,6.48516e-05
-7.453781e-08,5.5771e-05
-7.443781e-08,4.34472e-05
-7.433781e-08,2.78803e-05
-7.423781e-08,1.16648e-05
-7.413781e-08,-5.19934e-06
-7.403781e-08,-2.07662e-05
-7.393781e-08,-3.24414e-05
-7.383781e-08,-3.95762e-05
-7.373781e-08,-4.34679e-05
-7.363781e-08,-4.34679e-05
-7.353781e-08,-3.95762e-05
-7.343781e-08,-3.309e-05
-7.333781e-08,-2.46579e-05
-7.323781e-08,-1.36314e-05
-7.313781e-08,-1.03779e-08
-7.303781e-08,1.55565e-05
-7.293781e-08,3.30692e-05
-7.283781e-08,5.25279e-05
-7.273781e-08,7.39323e-05
-7.263781e-08,9.53368e-05
-7.253781e-08,0.000116741
-7.243781e-08,0.000136848
-7.233781e-08,0.00015501
-7.223781e-08,0.000169279
-7.213781e-08,0.000177712
-7.203781e-08,0.000181603
-7.193781e-08,0.000179657
-7.183781e-08,0.000172523
-7.173781e-08,0.000161496
-7.163781e-08,0.000147226
-7.153781e-08,0.000131011
-7.143781e-08,0.000114795
-7.133781e-08,9.85799e-05
-7.123781e-08,8.3013e-05
-7.113781e-08,6.87434e-05
-7.103781e-08,5.44737e-05
-7.093781e-08,3.95555e-05
-7.083781e-08,2.33399e-05
-7.073781e-08,5.8272e-06
-7.063781e-08,-1.23342e-05
-7.053781e-08,-3.17928e-05
-7.043781e-08,-5.06027e-05
-7.033781e-08,-6.74669e-05
-7.023781e-08,-8.10879e-05
-7.013781e-08,-9.08172e-05
-7.003781e-08,-9.53575e-05
-6.993781e-08,-9.40603e-05
-6.983781e-08,-8.82227e-05
-6.973781e-08,-7.9142e-05
-6.963781e-08,-6.81155e-05
-6.953781e-08,-5.77376e-05
-6.943781e-08,-4.99541e-05
-6.933781e-08,-4.54138e-05
-6.923781e-08,-4.54138e-05
-6.913781e-08,-5.06027e-05
-6.903781e-08,-5.90348e-05
-6.893781e-08,-7.00614e-05
-6.883781e-08,-8.10879e-05
-6.873781e-08,-9.08172e-05
-6.863781e-08,-9.66548e-05
-6.853781e-08,-9.86006e-05
-6.843781e-08,-9.47089e-05
-6.833781e-08,-8.62769e-05
-6.823781e-08,-7.39531e-05
-6.813781e-08,-5.90348e-05
-6.803781e-08,-4.34679e-05
-6.793781e-08,-2.7901e-05
-6.783781e-08,-1.49286e-05
-6.773781e-08,-3.9021e-06
-6.763781e-08,3.88134e-06
-6.753781e-08,9.0703e-06
-6.743781e-08,1.16648e-05
-6.733781e-08,1.23134e-05
-6.723781e-08,1.23134e-05
-6.713781e-08,1.23134e-05
-6.703781e-08,1.23134e-05
-6.693781e-08,1.2962e-05
-6.683781e-08,1.49079e-05
-6.673781e-08,1.75024e-05
-6.663781e-08,2.20427e-05
-6.653781e-08,2.78803e-05
-6.643781e-08,3.76096e-05
-6.633781e-08,5.12306e-05
-6.623781e-08,6.80947e-05
-6.613781e-08,8.88506e-05
-6.603781e-08,0.00011285
-6.593781e-08,0.000138794
-6.583781e-08,0.000164091
-6.573781e-08,0.000187441
-6.563781e-08,0.000206899
-6.553781e-08,0.000219872
-6.543781e-08,0.000225709
-6.533781e-08,0.000223115
-6.523781e-08,0.000212737
-6.513781e-08,0.000195873
-6.503781e-08,0.000174468
-6.493781e-08,0.000149821
-6.483781e-08,0.000125822
-6.473781e-08,0.000103769
-6.463781e-08,8.56075e-05
-6.453781e-08,7.19865e-05
-6.443781e-08,6.29058e-05
-6.433781e-08,5.83654e-05
-6.423781e-08,5.64196e-05
-6.413781e-08,5.70682e-05
-6.403781e-08,5.90141e-05
-6.393781e-08,6.09599e-05
-6.383781e-08,6.35544e-05
-6.373781e-08,6.48516e-05
-6.363781e-08,6.67975e-05
-6.353781e-08,6.9392e-05
-6.343781e-08,7.32837e-05
-6.333781e-08,7.7824e-05
-6.323781e-08,8.36616e-05
-6.313781e-08,9.07964e-05
-6.303781e-08,9.92285e-05
-6.293781e-08,0.000107012
-6.283781e-08,0.000113498
-6.273781e-08,0.000119336
-6.263781e-08,0.000123876
-6.253781e-08,0.000128416
-6.243781e-08,0.000134254
-6.233781e-08,0.000141389
-6.223781e-08,0.000151118
-6.213781e-08,0.000162793
-6.203781e-08,0.000176414
-6.193781e-08,0.000190035
-6.183781e-08,0.000202359
-6.173781e-08,0.000212088
-6.163781e-08,0.000217277
-6.153781e-08,0.000215332
-6.143781e-08,0.000205602
-6.133781e-08,0.000188089
-6.123781e-08,0.000162793
-6.113781e-08,0.000132957
-6.103781e-08,0.000101174
-6.093781e-08,6.9392e-05
-6.083781e-08,4.08527e-05
-6.073781e-08,1.8151e-05
-6.063781e-08,2.5841e-06
-6.053781e-08,-6.49658e-06
-6.043781e-08,-8.44244e-06
-6.033781e-08,-5.19934e-06
-6.023781e-08,1.28686e-06
-6.013781e-08,9.0703e-06
-6.003781e-08,1.62051e-05
-5.993781e-08,2.26913e-05
-5.983781e-08,2.6583e-05
-5.973781e-08,2.85289e-05
-5.963781e-08,2.85289e-05
-5.953781e-08,2.85289e-05
-5.943781e-08,2.91775e-05
-5.933781e-08,3.11234e-05
-5.923781e-08,3.50151e-05
-5.913781e-08,4.08527e-05
-5.903781e-08,4.86361e-05
-5.893781e-08,5.5771e-05
-5.883781e-08,6.16085e-05
-5.873781e-08,6.55003e-05
-5.863781e-08,6.55003e-05
-5.853781e-08,6.16085e-05
-5.843781e-08,5.31765e-05
-5.833781e-08,4.08527e-05
-5.823781e-08,2.59344e-05
-5.813781e-08,7.77306e-06
-5.803781e-08,-1.10369e-05
-5.793781e-08,-2.91983e-05
-5.783781e-08,-4.54138e-05
-5.773781e-08,-5.83862e-05
-5.763781e-08,-6.68183e-05
-5.753781e-08,-7.071e-05
-5.743781e-08,-7.071e-05
-5.733781e-08,-6.74669e-05
-5.723781e-08,-6.09807e-05
-5.713781e-08,-5.31972e-05
-5.703781e-08,-4.34679e-05
-5.693781e-08,-3.37386e-05
-5.683781e-08,-2.33607e-05
-5.673781e-08,-1.428e-05
-5.663781e-08,-5.84796e-06
-5.653781e-08,1.28686e-06
-5.643781e-08,6.47582e-06
-5.633781e-08,1.10162e-05
-5.623781e-08,1.36106e-05
-5.613781e-08,1.55565e-05
-5.603781e-08,1.68537e-05
-5.593781e-08,1.8151e-05
-5.583781e-08,1.87996e-05
-5.573781e-08,2.00968e-05
-5.563781e-08,2.26913e-05
-5.553781e-08,2.6583e-05
-5.543781e-08,3.11234e-05
-5.533781e-08,3.56637e-05
-5.523781e-08,4.15013e-05
-5.513781e-08,4.66903e-05
-5.503781e-08,5.12306e-05
-5.493781e-08,5.31765e-05
-5.483781e-08,5.31765e-05
-5.473781e-08,5.12306e-05
-5.463781e-08,4.79875e-05
-5.453781e-08,4.40958e-05
-5.443781e-08,4.08527e-05
-5.433781e-08,4.08527e-05
-5.423781e-08,4.34472e-05
-5.413781e-08,5.0582e-05
-5.403781e-08,6.29058e-05
-5.393781e-08,8.17158e-05
-5.383781e-08,0.000103769
-5.373781e-08,0.000127768
-5.363781e-08,0.000152415
-5.353781e-08,0.000175117
-5.343781e-08,0.000193278
-5.333781e-08,0.000204954
-5.323781e-08,0.000208845
-5.313781e-08,0.000204305
-5.303781e-08,0.00019263
-5.293781e-08,0.00017382
-5.283781e-08,0.000151118
-5.273781e-08,0.000125822
-5.263781e-08,0.000100526
-5.253781e-08,7.65268e-05
-5.243781e-08,5.51223e-05
-5.233781e-08,3.6961e-05
-5.223781e-08,2.07455e-05
-5.213781e-08,6.47582e-06
-5.203781e-08,-6.49658e-06
-5.193781e-08,-1.88204e-05
-5.183781e-08,-3.11441e-05
-5.173781e-08,-4.21707e-05
-5.163781e-08,-5.19e-05
-5.153781e-08,-5.83862e-05
-5.143781e-08,-6.16293e-05
-5.133781e-08,-6.16293e-05
-5.123781e-08,-5.7089e-05
-5.113781e-08,-4.73596e-05
-5.103781e-08,-3.37386e-05
-5.093781e-08,-1.68745e-05
-5.083781e-08,1.93548e-06
-5.073781e-08,2.07455e-05
-5.063781e-08,3.89068e-05
-5.053781e-08,5.38251e-05
-5.043781e-08,6.55003e-05
-5.033781e-08,7.39323e-05
-5.023781e-08,7.84727e-05
-5.013781e-08,7.97699e-05
-5.003781e-08,7.84727e-05
-4.993781e-08,7.45809e-05
-4.983781e-08,6.87434e-05
-4.973781e-08,5.96627e-05
-4.963781e-08,4.92848e-05
-4.953781e-08,3.6961e-05
-4.943781e-08,2.20427e-05
-4.933781e-08,5.17858e-06
-4.923781e-08,-1.29828e-05
-4.913781e-08,-3.17928e-05
-4.903781e-08,-5.12514e-05
-4.893781e-08,-6.94127e-05
-4.883781e-08,-8.4331e-05
-4.873781e-08,-9.60062e-05
-4.863781e-08,-0.000103141
-4.853781e-08,-0.000106384
-4.843781e-08,-0.000105087
-4.833781e-08,-9.92493e-05
-4.823781e-08,-9.14658e-05
-4.813781e-08,-8.17365e-05
-4.803781e-08,-7.20072e-05
-4.793781e-08,-6.16293e-05
-4.783781e-08,-5.25486e-05
-4.773781e-08,-4.47652e-05
-4.763781e-08,-3.69817e-05
-4.753781e-08,-2.7901e-05
-4.743781e-08,-1.81717e-05
-4.733781e-08,-6.49658e-06
-4.723781e-08,6.47582e-06
-4.713781e-08,2.13941e-05
-4.703781e-08,3.6961e-05
-4.693781e-08,5.12306e-05
-4.683781e-08,6.29058e-05
-4.673781e-08,7.26351e-05
-4.663781e-08,7.7824e-05
-4.653781e-08,7.84727e-05
-4.643781e-08,7.58782e-05
-4.633781e-08,7.06892e-05
-4.623781e-08,6.35544e-05
-4.613781e-08,5.51223e-05
-4.603781e-08,4.79875e-05
-4.593781e-08,4.34472e-05
-4.583781e-08,4.02041e-05
-4.573781e-08,3.82582e-05
-4.563781e-08,3.76096e-05
-4.553781e-08,3.76096e-05
-4.543781e-08,3.56637e-05
-4.533781e-08,3.11234e-05
-4.523781e-08,2.46372e-05
-4.513781e-08,1.62051e-05
-4.503781e-08,5.8272e-06
-4.493781e-08,-5.19934e-06
-4.483781e-08,-1.428e-05
-4.473781e-08,-2.14148e-05
-4.463781e-08,-2.59552e-05
-4.453781e-08,-2.66038e-05
-4.443781e-08,-2.40093e-05
-4.433781e-08,-1.9469e-05
-4.423781e-08,-1.428e-05
-4.413781e-08,-1.03883e-05
-4.403781e-08,-8.44244e-06
-4.393781e-08,-9.73968e-06
-4.383781e-08,-1.55773e-05
-4.373781e-08,-2.53066e-05
-4.363781e-08,-3.69817e-05
-4.353781e-08,-5.06027e-05
-4.343781e-08,-6.42238e-05
-4.333781e-08,-7.71962e-05
-4.323781e-08,-8.82227e-05
-4.313781e-08,-9.73034e-05
-4.303781e-08,-0.000104438
-4.293781e-08,-0.000110276
-4.283781e-08,-0.000115465
-4.273781e-08,-0.000120005
-4.263781e-08,-0.000125843
-4.253781e-08,-0.000132329
-4.243781e-08,-0.000139464
-4.233781e-08,-0.000147896
-4.223781e-08,-0.000155679
-4.213781e-08,-0.000163463
-4.203781e-08,-0.000169949
-4.193781e-08,-0.000173841
-4.183781e-08,-0.000177084
-4.173781e-08,-0.000178381
-4.163781e-08,-0.000177732
-4.153781e-08,-0.000175786
-4.143781e-08,-0.000171895
-4.133781e-08,-0.000166706
-4.123781e-08,-0.00016022
-4.113781e-08,-0.000152436
-4.103781e-08,-0.000143355
-4.093781e-08,-0.000132329
-4.083781e-08,-0.000118059
-4.073781e-08,-0.000101844
-4.063781e-08,-8.30338e-05
-4.053781e-08,-6.29265e-05
-4.043781e-08,-4.21707e-05
-4.033781e-08,-2.14148e-05
-4.023781e-08,-2.60486e-06
-4.013781e-08,1.2962e-05
-4.003781e-08,2.52858e-05
-3.993781e-08,3.37179e-05
-3.983781e-08,3.89068e-05
-3.973781e-08,4.15013e-05
-3.963781e-08,4.27986e-05
-3.953781e-08,4.34472e-05
-3.943781e-08,4.5393e-05
-3.933781e-08,4.73389e-05
-3.923781e-08,5.12306e-05
-3.913781e-08,5.64196e-05
-3.903781e-08,6.09599e-05
-3.893781e-08,6.55003e-05
-3.883781e-08,6.67975e-05
-3.873781e-08,6.55003e-05
-3.863781e-08,5.96627e-05
-3.853781e-08,4.86361e-05
-3.843781e-08,3.37179e-05
-3.833781e-08,1.62051e-05
-3.823781e-08,-3.9021e-06
-3.813781e-08,-2.40093e-05
-3.803781e-08,-4.34679e-05
-3.793781e-08,-5.96834e-05
-3.783781e-08,-7.20072e-05
-3.773781e-08,-8.04393e-05
-3.763781e-08,-8.36824e-05
-3.753781e-08,-8.23851e-05
-3.743781e-08,-7.71962e-05
-3.733781e-08,-7.00614e-05
-3.723781e-08,-6.03321e-05
-3.713781e-08,-5.06027e-05
-3.703781e-08,-4.02248e-05
-3.693781e-08,-3.17928e-05
-3.683781e-08,-2.40093e-05
-3.673781e-08,-1.88204e-05
-3.663781e-08,-1.68745e-05
-3.653781e-08,-1.88204e-05
-3.643781e-08,-2.46579e-05
-3.633781e-08,-3.56845e-05
-3.623781e-08,-5.06027e-05
-3.613781e-08,-6.94127e-05
-3.603781e-08,-9.08172e-05
-3.593781e-08,-0.000113519
-3.583781e-08,-0.000136221
-3.573781e-08,-0.000156328
-3.563781e-08,-0.000171246
-3.553781e-08,-0.000179678
-3.543781e-08,-0.000181624
-3.533781e-08,-0.000175138
-3.523781e-08,-0.000161517
-3.513781e-08,-0.00014141
-3.503781e-08,-0.000116113
-3.493781e-08,-8.88713e-05
-3.483781e-08,-6.09807e-05
-3.473781e-08,-3.43872e-05
-3.463781e-08,-1.10369e-05
-3.453781e-08,9.0703e-06
-3.443781e-08,2.52858e-05
-3.433781e-08,3.6961e-05
-3.423781e-08,4.60417e-05
-3.413781e-08,5.25279e-05
-3.403781e-08,5.83654e-05
-3.393781e-08,6.4203e-05
-3.383781e-08,6.9392e-05
-3.373781e-08,7.52296e-05
-3.363781e-08,8.04185e-05
-3.353781e-08,8.43102e-05
-3.343781e-08,8.62561e-05
-3.333781e-08,8.56075e-05
-3.323781e-08,8.23644e-05
-3.313781e-08,7.58782e-05
-3.303781e-08,6.67975e-05
-3.293781e-08,5.64196e-05
-3.283781e-08,4.60417e-05
-3.273781e-08,3.63124e-05
-3.263781e-08,2.91775e-05
-3.253781e-08,2.46372e-05
-3.243781e-08,2.39886e-05
-3.233781e-08,2.6583e-05
-3.223781e-08,3.1772e-05
-3.213781e-08,4.02041e-05
-3.203781e-08,4.99334e-05
-3.193781e-08,6.03113e-05
-3.183781e-08,7.13378e-05
-3.173781e-08,8.04185e-05
-3.163781e-08,8.8202e-05
-3.153781e-08,9.53368e-05
-3.143781e-08,9.98771e-05
-3.133781e-08,0.000102472
-3.123781e-08,0.000101823
-3.113781e-08,9.85799e-05
-3.103781e-08,9.27423e-05
-3.093781e-08,8.23644e-05
-3.083781e-08,6.9392e-05
-3.073781e-08,5.38251e-05
-3.063781e-08,3.63124e-05
-3.053781e-08,1.75024e-05
-3.043781e-08,-6.58998e-07
-3.033781e-08,-1.62259e-05
-3.023781e-08,-2.7901e-05
-3.013781e-08,-3.43872e-05
-3.003781e-08,-3.56845e-05
-2.993781e-08,-3.11441e-05
-2.983781e-08,-2.14148e-05
-2.973781e-08,-1.03883e-05
-2.963781e-08,1.28686e-06
-2.953781e-08,1.03675e-05
-2.943781e-08,1.55565e-05
-2.933781e-08,1.55565e-05
-2.923781e-08,9.0703e-06
-2.913781e-08,-3.9021e-06
-2.903781e-08,-2.01176e-05
-2.893781e-08,-3.8279e-05
-2.883781e-08,-5.64403e-05
-2.873781e-08,-7.071e-05
-2.863781e-08,-8.04393e-05
-2.853781e-08,-8.36824e-05
-2.843781e-08,-7.97907e-05
-2.833781e-08,-7.00614e-05
-2.823781e-08,-5.57917e-05
-2.813781e-08,-3.89276e-05
-2.803781e-08,-2.07662e-05
-2.793781e-08,-3.9021e-06
-2.783781e-08,1.03675e-05
-2.773781e-08,2.07455e-05
-2.763781e-08,2.6583e-05
-2.753781e-08,2.85289e-05
-2.743781e-08,2.59344e-05
-2.733781e-08,2.00968e-05
-2.723781e-08,1.16648e-05
-2.713781e-08,1.93548e-06
-2.703781e-08,-8.44244e-06
-2.693781e-08,-1.88204e-05
-2.683781e-08,-2.7901e-05
-2.673781e-08,-3.50359e-05
-2.663781e-08,-4.02248e-05
-2.653781e-08,-4.21707e-05
-2.643781e-08,-4.02248e-05
-2.633781e-08,-3.37386e-05
-2.623781e-08,-2.20635e-05
-2.613781e-08,-5.84796e-06
-2.603781e-08,1.42593e-05
-2.593781e-08,3.63124e-05
-2.583781e-08,5.96627e-05
-2.573781e-08,8.17158e-05
-2.563781e-08,0.000100526
-2.553781e-08,0.000114147
-2.543781e-08,0.000121282
-2.533781e-08,0.000119336
-2.523781e-08,0.000108958
-2.513781e-08,9.07964e-05
-2.503781e-08,6.67975e-05
-2.493781e-08,3.82582e-05
-2.483781e-08,9.0703e-06
-2.473781e-08,-1.75231e-05
-2.463781e-08,-4.02248e-05
-2.453781e-08,-5.57917e-05
-2.443781e-08,-6.35752e-05
-2.433781e-08,-6.29265e-05
-2.423781e-08,-5.44945e-05
-2.413781e-08,-3.95762e-05
-2.403781e-08,-1.88204e-05
-2.393781e-08,5.17858e-06
-2.383781e-08,3.11234e-05
-2.373781e-08,5.77168e-05
-2.363781e-08,8.3013e-05
-2.353781e-08,0.000107012
-2.343781e-08,0.000129714
-2.333781e-08,0.000151118
-2.323781e-08,0.000171874
-2.313781e-08,0.000191981
-2.303781e-08,0.000212088
-2.293781e-08,0.00023025
-2.283781e-08,0.000247114
-2.273781e-08,0.000262681
-2.263781e-08,0.000275005
-2.253781e-08,0.000284734
-2.243781e-08,0.00029122
-2.233781e-08,0.000295112
-2.223781e-08,0.000297706
-2.213781e-08,0.000298355
-2.203781e-08,0.000299004
-2.193781e-08,0.000299004
-2.183781e-08,0.000299004
-2.173781e-08,0.000298355
-2.163781e-08,0.000296409
-2.153781e-08,0.000292517
-2.143781e-08,0.000284734
-2.133781e-08,0.000273059
-2.123781e-08,0.000256195
-2.113781e-08,0.00023479
-2.103781e-08,0.000210143
-2.093781e-08,0.000184198
-2.083781e-08,0.000158902
-2.073781e-08,0.000137497
-2.063781e-08,0.000119336
-2.053781e-08,0.000107661
-2.043781e-08,0.000101823
-2.033781e-08,0.000101823
-2.023781e-08,0.000105715
-2.013781e-08,0.000112201
-2.003781e-08,0.000118687
-1.993781e-08,0.000123227
-1.983781e-08,0.000123876
-1.973781e-08,0.000120633
-1.963781e-08,0.000112201
-1.953781e-08,9.92285e-05
-1.943781e-08,8.3013e-05
-1.933781e-08,6.48516e-05
-1.923781e-08,4.5393e-05
-1.913781e-08,2.72317e-05
-1.903781e-08,1.03675e-05
-1.893781e-08,-5.84796e-06
-1.883781e-08,-2.07662e-05
-1.873781e-08,-3.43872e-05
-1.863781e-08,-4.6711e-05
-1.853781e-08,-5.96834e-05
-1.843781e-08,-7.13586e-05
-1.833781e-08,-8.30338e-05
-1.823781e-08,-9.34117e-05
-1.813781e-08,-0.000102492
-1.803781e-08,-0.00010833
-1.793781e-08,-0.000110276
-1.783781e-08,-0.000108979
-1.773781e-08,-0.00010379
-1.763781e-08,-9.53575e-05
-1.753781e-08,-8.4331e-05
-1.743781e-08,-7.13586e-05
-1.733781e-08,-5.90348e-05
-1.723781e-08,-4.73596e-05
-1.713781e-08,-3.89276e-05
-1.703781e-08,-3.309e-05
-1.693781e-08,-3.17928e-05
-1.683781e-08,-3.309e-05
-1.673781e-08,-3.63331e-05
-1.663781e-08,-4.08734e-05
-1.653781e-08,-4.60624e-05
-1.643781e-08,-4.99541e-05
-1.633781e-08,-5.12514e-05
-1.623781e-08,-4.99541e-05
-1.613781e-08,-4.47652e-05
-1.603781e-08,-3.69817e-05
-1.593781e-08,-2.72524e-05
-1.583781e-08,-1.49286e-05
-1.573781e-08,-1.30762e-06
-1.563781e-08,1.36106e-05
-1.553781e-08,2.91775e-05
-1.543781e-08,4.40958e-05
-1.533781e-08,5.90141e-05
-1.523781e-08,7.26351e-05
-1.513781e-08,8.56075e-05
-1.503781e-08,9.6634e-05
-1.493781e-08,0.000105066
-1.483781e-08,0.000110904
-1.473781e-08,0.000112201
-1.463781e-08,0.000108958
-1.453781e-08,0.000100526
-1.443781e-08,8.75533e-05
-1.433781e-08,7.13378e-05
-1.423781e-08,5.25279e-05
-1.413781e-08,3.24206e-05
-1.403781e-08,1.2962e-05
-1.393781e-08,-3.25348e-06
-1.383781e-08,-1.55773e-05
-1.373781e-08,-2.14148e-05
-1.363781e-08,-2.07662e-05
-1.353781e-08,-1.36314e-05
-1.343781e-08,-6.58998e-07
-1.333781e-08,1.68537e-05
-1.323781e-08,3.76096e-05
-1.313781e-08,5.90141e-05
-1.303781e-08,7.97699e-05
-1.293781e-08,9.6634e-05
-1.283781e-08,0.000109606
-1.273781e-08,0.000116741
-1.263781e-08,0.000118687
-1.253781e-08,0.000115444
-1.243781e-08,0.000107661
-1.233781e-08,9.79313e-05
-1.223781e-08,8.75533e-05
-1.213781e-08,7.84727e-05
-1.203781e-08,7.13378e-05
-1.193781e-08,6.80947e-05
-1.183781e-08,6.9392e-05
-1.173781e-08,7.39323e-05
-1.163781e-08,8.17158e-05
-1.153781e-08,9.14451e-05
-1.143781e-08,0.000100526
-1.133781e-08,0.000108958
-1.123781e-08,0.000113498
-1.113781e-08,0.00011285
-1.103781e-08,0.000105715
-1.093781e-08,9.27423e-05
-1.083781e-08,7.39323e-05
-1.073781e-08,5.12306e-05
-1.063781e-08,2.6583e-05
-1.053781e-08,1.93548e-06
-1.043781e-08,-2.07662e-05
-1.033781e-08,-3.89276e-05
-1.023781e-08,-5.06027e-05
-1.013781e-08,-5.64403e-05
-1.003781e-08,-5.44945e-05
-9.937809e-09,-4.73596e-05
-9.837809e-09,-3.63331e-05
-9.737809e-09,-2.27121e-05
-9.637809e-09,-1.03883e-05
-9.537809e-09,-1.03779e-08
-9.437809e-09,5.17858e-06
-9.337809e-09,5.17858e-06
-9.237809e-09,-1.30762e-06
-9.137809e-09,-1.36314e-05
-9.037809e-09,-3.11441e-05
-8.937809e-09,-5.25486e-05
-8.837809e-09,-7.58989e-05
-8.737809e-09,-9.7952e-05
-8.637809e-09,-0.000118059
-8.537809e-09,-0.000134275
-8.437809e-09,-0.000144653
-8.337809e-09,-0.000149842
-8.237809e-09,-0.000149193
-8.137809e-09,-0.000144004
-8.037809e-09,-0.000135572
-7.937809e-09,-0.000125194
-7.837809e-09,-0.000114168
-7.737809e-09,-0.000103141
-7.637809e-09,-9.40603e-05
-7.537809e-09,-8.56282e-05
-7.437809e-09,-7.84934e-05
-7.337809e-09,-7.26558e-05
-7.237809e-09,-6.74669e-05
-7.137809e-09,-6.35752e-05
-7.037809e-09,-6.03321e-05
-6.937809e-09,-5.7089e-05
-6.837809e-09,-5.38459e-05
-6.737809e-09,-5.12514e-05
-6.637809e-09,-4.99541e-05
-6.537809e-09,-4.99541e-05
-6.437809e-09,-5.12514e-05
-6.337809e-09,-5.25486e-05
-6.237809e-09,-5.44945e-05
-6.137809e-09,-5.64403e-05
-6.037809e-09,-5.77376e-05
-5.937809e-09,-5.83862e-05
-5.837809e-09,-5.77376e-05
-5.737809e-09,-5.64403e-05
-5.637809e-09,-5.31972e-05
-5.537809e-09,-4.86569e-05
-5.437809e-09,-4.41165e-05
-5.337809e-09,-3.8279e-05
-5.237809e-09,-3.309e-05
-5.137809e-09,-2.85497e-05
-5.037809e-09,-2.33607e-05
-4.937809e-09,-1.9469e-05
-4.837809e-09,-1.55773e-05
-4.737809e-09,-1.23342e-05
-4.637809e-09,-9.73968e-06
-4.537809e-09,-7.1452e-06
-4.437809e-09,-4.55072e-06
-4.337809e-09,-1.95624e-06
-4.237809e-09,-1.03779e-08
-4.137809e-09,1.28686e-06
-4.037809e-09,1.28686e-06
-3.937809e-09,6.38242e-07
-3.837809e-09,-6.58998e-07
-3.737809e-09,-2.60486e-06
-3.637809e-09,-5.19934e-06
-3.537809e-09,-7.1452e-06
-3.437809e-09,-9.73968e-06
-3.337809e-09,-1.16855e-05
-3.237809e-09,-1.428e-05
-3.137809e-09,-1.55773e-05
-3.037809e-09,-1.81717e-05
-2.937809e-09,-2.14148e-05
-2.837809e-09,-2.66038e-05
-2.737809e-09,-3.309e-05
-2.637809e-09,-4.15221e-05
-2.537809e-09,-5.19e-05
-2.437809e-09,-6.42238e-05
-2.337809e-09,-7.84934e-05
-2.237809e-09,-9.47089e-05
-2.137809e-09,-0.00011287
-2.037809e-09,-0.000132978
-1.937809e-09,-0.000155031
-1.837809e-09,-0.000179678
-1.737809e-09,-0.00020692
-1.637809e-09,-0.000238054
-1.537809e-09,-0.000272431
-1.437809e-09,-0.000311348
-1.337809e-09,-0.000356103
-1.237809e-09,-0.000407344
-1.137809e-09,-0.00046572
-1.037809e-09,-0.000533176
-9.378092e-10,-0.000609713
-8.378092e-10,-0.000696628
-7.378092e-10,-0.000793273
-6.378092e-10,-0.000900295
-5.378092e-10,-0.00101705
-4.378092e-10,-0.00114223
-3.378092e-10,-0.0012752
-2.378092e-10,-0.001414
-1.378092e-10,-0.00155864
-3.780923e-11,-0.00170783
6.219077e-11,-0.0018609
1.621908e-10,-0.00201916
2.621908e-10,-0.00218262
3.621908e-10,-0.00235385
4.621908e-10,-0.00253222
5.621908e-10,-0.00271967
6.621908e-10,-0.0029175
7.621908e-10,-0.00312636
8.621908e-10,-0.00334559
9.621908e-10,-0.00357456
1.062191e-09,-0.00381195
1.162191e-09,-0.00405518
1.262191e-09,-0.00430231
1.362191e-09,-0.00455073
1.462191e-09,-0.0047985
1.562191e-09,-0.00504173
1.662191e-09,-0.00528043
1.762191e-09,-0.00551198
1.862191e-09,-0.00573446
1.962191e-09,-0.00594851
2.062191e-09,-0.00615347
2.162191e-09,-0.00634935
2.262191e-09,-0.00653551
2.362191e-09,-0.00671258
2.462191e-09,-0.00687992
2.562191e-09,-0.00703754
2.662191e-09,-0.00718542
2.762191e-09,-0.00732228
2.862191e-09,-0.00744747
2.962191e-09,-0.00755903
3.062191e-09,-0.00765567
3.162191e-09,-0.00773675
3.262191e-09,-0.00780226
3.362191e-09,-0.00785026
3.462191e-09,-0.00788204
3.562191e-09,-0.00789761
3.662191e-09,-0.00789826
3.762191e-09,-0.00788334
3.862191e-09,-0.00785545
3.962191e-09,-0.00781523
4.062191e-09,-0.00776529
4.162191e-09,-0.00770497
4.262191e-09,-0.00763686
4.362191e-09,-0.00756098
4.462191e-09,-0.00747925
4.562191e-09,-0.00739233
4.662191e-09,-0.00730088
4.762191e-09,-0.00720488
4.862191e-09,-0.00710629
4.962191e-09,-0.00700576
5.062191e-09,-0.00690392
5.162191e-09,-0.00680209
5.262191e-09,-0.00670026
5.362191e-09,-0.00660037
5.462191e-09,-0.00650243
5.562191e-09,-0.00640708
5.662191e-09,-0.00631303
5.762191e-09,-0.00622157
5.862191e-09,-0.00613077
5.962191e-09,-0.00604191
6.062191e-09,-0.00595369
6.162191e-09,-0.00586483
6.262191e-09,-0.00577597
6.362191e-09,-0.00568646
6.462191e-09,-0.00559695
6.562191e-09,-0.00550744
6.662191e-09,-0.00541858
6.762191e-09,-0.00532972
6.862191e-09,-0.00524216
6.962191e-09,-0.00515524
7.062191e-09,-0.00506963
7.162191e-09,-0.0049853
7.262191e-09,-0.00490293
7.362191e-09,-0.00482315
7.462191e-09,-0.00474596
7.562191e-09,-0.00467202
7.662191e-09,-0.00460197
7.762191e-09,-0.00453451
7.862191e-09,-0.00447095
7.962191e-09,-0.00440933
8.062191e-09,-0.00434901
8.162191e-09,-0.00428869
8.262191e-09,-0.00422707
8.362191e-09,-0.00416221
8.462191e-09,-0.00409215
8.562191e-09,-0.00401691
8.662191e-09,-0.00393584
8.762191e-09,-0.00384827
8.862191e-09,-0.00375552
8.962191e-09,-0.00365823
9.062191e-09,-0.00355834
9.162191e-09,-0.0034578
9.262191e-09,-0.00335857
9.362191e-09,-0.00326192
9.462191e-09,-0.00317176
9.562191e-09,-0.00308809
9.662191e-09,-0.00301155
9.762191e-09,-0.0029428
9.862191e-09,-0.00288118
9.962191e-09,-0.0028254
1.006219e-08,-0.00277351
1.016219e-08,-0.00272551
1.026219e-08,-0.00267946
1.036219e-08,-0.00263406
1.046219e-08,-0.002588
1.056219e-08,-0.00254066
1.066219e-08,-0.00249266
1.076219e-08,-0.00244207
1.086219e-08,-0.00238953
1.096219e-08,-0.00233634
1.106219e-08,-0.0022825
1.116219e-08,-0.00223062
1.126219e-08,-0.00218002
1.136219e-08,-0.00213397
1.146219e-08,-0.00209376
1.156219e-08,-0.00206133
1.166219e-08,-0.00203603
1.176219e-08,-0.00201916
1.186219e-08,-0.00201073
1.196219e-08,-0.00201073
1.206219e-08,-0.00201787
1.216219e-08,-0.00203149
1.226219e-08,-0.002049
1.236219e-08,-0.00207041
1.246219e-08,-0.0020944
1.256219e-08,-0.00211905
1.266219e-08,-0.00214435
1.276219e-08,-0.00216705
1.286219e-08,-0.00218716
1.296219e-08,-0.00220402
1.306219e-08,-0.0022157
1.316219e-08,-0.00222218
1.326219e-08,-0.00222348
1.336219e-08,-0.00221894
1.346219e-08,-0.00221051
1.356219e-08,-0.00219689
1.366219e-08,-0.00217937
1.376219e-08,-0.00215862
1.386219e-08,-0.00213527
1.396219e-08,-0.00211062
1.406219e-08,-0.00208532
1.416219e-08,-0.00205873
1.426219e-08,-0.00203279
1.436219e-08,-0.00200749
1.446219e-08,-0.00198284
1.456219e-08,-0.00195949
1.466219e-08,-0.00193874
1.476219e-08,-0.00191993
1.486219e-08,-0.00190436
1.496219e-08,-0.00189268
1.506219e-08,-0.0018836
1.516219e-08,-0.00187841
1.526219e-08,-0.00187452
1.536219e-08,-0.00187193
1.546219e-08,-0.00186933
1.556219e-08,-0.00186479
1.566219e-08,-0.00185831
1.576219e-08,-0.00184793
1.586219e-08,-0.00183431
1.596219e-08,-0.0018155
1.606219e-08,-0.00179215
1.616219e-08,-0.00176491
1.626219e-08,-0.00173442
1.636219e-08,-0.00170264
1.646219e-08,-0.00166891
1.656219e-08,-0.00163518
1.666219e-08,-0.0016021
1.676219e-08,-0.00156902
1.686219e-08,-0.00153659
1.696219e-08,-0.00150481
1.706219e-08,-0.00147432
1.716219e-08,-0.00144578
1.726219e-08,-0.00141854
1.736219e-08,-0.00139325
1.746219e-08,-0.00137054
1.756219e-08,-0.00135044
1.766219e-08,-0.00133163
1.776219e-08,-0.00131411
1.786219e-08,-0.00129725
1.796219e-08,-0.00127974
1.806219e-08,-0.00126028
1.816219e-08,-0.00124017
1.826219e-08,-0.00121812
1.836219e-08,-0.00119542
1.846219e-08,-0.00117077
1.856219e-08,-0.00114677
1.866219e-08,-0.00112342
1.876219e-08,-0.00110266
1.886219e-08,-0.00108515
1.896219e-08,-0.00107153
1.906219e-08,-0.00106115
1.916219e-08,-0.00105467
1.926219e-08,-0.00105078
1.936219e-08,-0.00104818
1.946219e-08,-0.00104623
1.956219e-08,-0.00104429
1.966219e-08,-0.00104105
1.976219e-08,-0.00103586
1.986219e-08,-0.00102807
1.996219e-08,-0.0010177
2.006219e-08,-0.00100537
2.016219e-08,-0.000991751
2.026219e-08,-0.000977481
2.036219e-08,-0.000963211
2.046219e-08,-0.00094959
2.056219e-08,-0.000936618
2.066219e-08,-0.000924943
2.076219e-08,-0.000914565
2.086219e-08,-0.000904187
2.096219e-08,-0.000894458
2.106219e-08,-0.00088408
2.116219e-08,-0.000873702
2.126219e-08,-0.000860729
2.136219e-08,-0.00084646
2.146219e-08,-0.000830244
2.156219e-08,-0.000810786
2.166219e-08,-0.00079003
2.176219e-08,-0.000767328
2.186219e-08,-0.000744626
2.196219e-08,-0.000721925
2.206219e-08,-0.00070052
2.216219e-08,-0.000681062
2.226219e-08,-0.000664846
2.236219e-08,-0.000650576
2.246219e-08,-0.00063955
2.256219e-08,-0.000631766
2.266219e-08,-0.000627226
2.276219e-08,-0.000624632
2.286219e-08,-0.000623983
2.296219e-08,-0.00062528
2.306219e-08,-0.000627226
2.316219e-08,-0.000630469
2.326219e-08,-0.000634361
2.336219e-08,-0.00063955
2.346219e-08,-0.000644739
2.356219e-08,-0.000650576
2.366219e-08,-0.000655765
2.376219e-08,-0.000660306
2.386219e-08,-0.000663549
2.396219e-08,-0.000664197
2.406219e-08,-0.0006629
2.416219e-08,-0.000659657
2.426219e-08,-0.000654468
2.436219e-08,-0.000647333
2.446219e-08,-0.000638253
2.456219e-08,-0.000629172
2.466219e-08,-0.00062074
2.476219e-08,-0.000614254
2.486219e-08,-0.000609713
2.496219e-08,-0.000609065
2.506219e-08,-0.000612956
2.516219e-08,-0.000622686
2.526219e-08,-0.000636307
2.536219e-08,-0.000655117
2.546219e-08,-0.000677818
2.556219e-08,-0.000703763
2.566219e-08,-0.000731005
2.576219e-08,-0.000758247
2.586219e-08,-0.000784841
2.596219e-08,-0.000807542
2.606219e-08,-0.000826352
2.616219e-08,-0.000839973
2.626219e-08,-0.000847757
2.636219e-08,-0.000850351
2.646219e-08,-0.00084646
2.656219e-08,-0.000838676
2.666219e-08,-0.000826352
2.676219e-08,-0.000811434
2.686219e-08,-0.000793921
2.696219e-08,-0.000775111
2.706219e-08,-0.000755004
2.716219e-08,-0.000734897
2.726219e-08,-0.000714141
2.736219e-08,-0.000694034
2.746219e-08,-0.000675873
2.756219e-08,-0.000659008
2.766219e-08,-0.000643442
2.776219e-08,-0.000630469
2.786219e-08,-0.000620091
2.796219e-08,-0.000612308
2.806219e-08,-0.000607767
2.816219e-08,-0.000605822
2.826219e-08,-0.00060647
2.836219e-08,-0.000607767
2.846219e-08,-0.000609713
2.856219e-08,-0.000611011
2.866219e-08,-0.000611659
2.876219e-08,-0.000611659
2.886219e-08,-0.000610362
2.896219e-08,-0.000607119
2.906219e-08,-0.000603876
2.916219e-08,-0.000599335
2.926219e-08,-0.000595444
2.936219e-08,-0.000591552
2.946219e-08,-0.000588957
2.956219e-08,-0.000587012
2.966219e-08,-0.000585066
2.976219e-08,-0.000582471
2.986219e-08,-0.000579228
2.996219e-08,-0.000575336
3.006219e-08,-0.00056885
3.016219e-08,-0.000561715
3.026219e-08,-0.000551986
3.036219e-08,-0.00054096
3.046219e-08,-0.000527987
3.056219e-08,-0.000515015
3.066219e-08,-0.00050334
3.076219e-08,-0.000492313
3.086219e-08,-0.000483232
3.096219e-08,-0.000476098
3.106219e-08,-0.000471557
3.116219e-08,-0.000468314
3.126219e-08,-0.000467017
3.136219e-08,-0.00046572
3.146219e-08,-0.000465071
3.156219e-08,-0.000463125
3.166219e-08,-0.000459233
3.176219e-08,-0.000454044
3.186219e-08,-0.000446261
3.196219e-08,-0.000436532
3.206219e-08,-0.000423559
3.216219e-08,-0.000407344
3.226219e-08,-0.000389831
3.236219e-08,-0.000370372
3.246219e-08,-0.000350265
3.256219e-08,-0.000331455
3.266219e-08,-0.000314591
3.276219e-08,-0.00030097
3.286219e-08,-0.000290592
3.296219e-08,-0.000286052
3.306219e-08,-0.0002867
3.316219e-08,-0.000291889
3.326219e-08,-0.000301619
3.336219e-08,-0.00031524
3.346219e-08,-0.000329509
3.356219e-08,-0.00034313
3.366219e-08,-0.000355454
3.376219e-08,-0.000364535
3.386219e-08,-0.000369075
3.396219e-08,-0.000369724
3.406219e-08,-0.000365184
3.416219e-08,-0.000358049
3.426219e-08,-0.000349617
3.436219e-08,-0.000339887
3.446219e-08,-0.000331455
3.456219e-08,-0.000326266
3.466219e-08,-0.000324969
3.476219e-08,-0.000328212
3.486219e-08,-0.000337293
3.496219e-08,-0.000352211
3.506219e-08,-0.000371021
3.516219e-08,-0.000394371
3.526219e-08,-0.000419019
3.536219e-08,-0.000444964
3.546219e-08,-0.000468963
3.556219e-08,-0.000491016
3.566219e-08,-0.000509177
3.576219e-08,-0.000522798
3.586219e-08,-0.000532528
3.596219e-08,-0.000537068
3.606219e-08,-0.000538365
3.616219e-08,-0.000537716
3.626219e-08,-0.000535771
3.636219e-08,-0.000534473
3.646219e-08,-0.000535122
3.656219e-08,-0.000538365
3.666219e-08,-0.000546149
3.676219e-08,-0.000557175
3.686219e-08,-0.000571445
3.696219e-08,-0.000588957
3.706219e-08,-0.000608416
3.716219e-08,-0.000627875
3.726219e-08,-0.000644739
3.736219e-08,-0.000659008
3.746219e-08,-0.000668738
3.756219e-08,-0.000672629
3.766219e-08,-0.000670684
3.776219e-08,-0.000663549
3.786219e-08,-0.000650576
3.796219e-08,-0.000633064
3.806219e-08,-0.000611011
3.816219e-08,-0.000586363
3.826219e-08,-0.000559121
3.836219e-08,-0.000530582
3.846219e-08,-0.000500745
3.856219e-08,-0.000470909
3.866219e-08,-0.000440423
3.876219e-08,-0.000410587
3.886219e-08,-0.000381399
3.896219e-08,-0.00035286
3.906219e-08,-0.000326915
3.916219e-08,-0.000302267
3.926219e-08,-0.000280863
3.936219e-08,-0.000262702
3.946219e-08,-0.000248432
3.956219e-08,-0.000238054
3.966219e-08,-0.000231568
3.976219e-08,-0.000227676
3.986219e-08,-0.000226379
3.996219e-08,-0.000227027
4.006219e-08,-0.000228973
4.016219e-08,-0.000229622
4.026219e-08,-0.000230271
4.036219e-08,-0.000228973
4.046219e-08,-0.00022573
4.056219e-08,-0.000220541
4.066219e-08,-0.000214055
4.076219e-08,-0.00020692
4.086219e-08,-0.000200434
4.096219e-08,-0.000195245
4.106219e-08,-0.000192651
4.116219e-08,-0.000192002
4.126219e-08,-0.000194596
4.136219e-08,-0.000199785
4.146219e-08,-0.00020692
4.156219e-08,-0.000214704
4.166219e-08,-0.000222487
4.176219e-08,-0.000228973
4.186219e-08,-0.000233514
4.196219e-08,-0.000235459
4.206219e-08,-0.000234811
4.216219e-08,-0.000232216
4.226219e-08,-0.000228325
4.236219e-08,-0.000223136
4.246219e-08,-0.00021665
4.256219e-08,-0.000210163
4.266219e-08,-0.000204974
4.276219e-08,-0.000199785
4.286219e-08,-0.000195245
4.296219e-08,-0.000191353
4.306219e-08,-0.000188759
4.316219e-08,-0.000186813
4.326219e-08,-0.000186813
4.336219e-08,-0.00018811
4.346219e-08,-0.000191353
4.356219e-08,-0.000196542
4.366219e-08,-0.000203677
4.376219e-08,-0.000212758
4.386219e-08,-0.000223136
4.396219e-08,-0.000233514
4.406219e-08,-0.00024454
4.416219e-08,-0.000254918
4.426219e-08,-0.000264647
4.436219e-08,-0.000273079
4.446219e-08,-0.000280863
4.456219e-08,-0.000288646
4.466219e-08,-0.000297078
4.476219e-08,-0.000304862
4.486219e-08,-0.000313943
4.496219e-08,-0.000323672
4.506219e-08,-0.000335347
4.516219e-08,-0.000348319
4.526219e-08,-0.000360643
4.536219e-08,-0.000372967
4.546219e-08,-0.000382696
4.556219e-08,-0.00039048
4.566219e-08,-0.000393723
4.576219e-08,-0.000393723
4.586219e-08,-0.00039048
4.596219e-08,-0.000382696
4.606219e-08,-0.00037167
4.616219e-08,-0.000358049
4.626219e-08,-0.000343779
4.636219e-08,-0.000328212
4.646219e-08,-0.000312645
4.656219e-08,-0.000298376
4.666219e-08,-0.000284106
4.676219e-08,-0.000270485
4.686219e-08,-0.000256215
4.696219e-08,-0.000241946
4.706219e-08,-0.000227027
4.716219e-08,-0.000211461
4.726219e-08,-0.000195245
4.736219e-08,-0.00017903
4.746219e-08,-0.000163463
4.756219e-08,-0.000149842
4.766219e-08,-0.000138815
4.776219e-08,-0.000131032
4.786219e-08,-0.000126491
4.796219e-08,-0.000125194
4.806219e-08,-0.00012714
4.816219e-08,-0.000130383
4.826219e-08,-0.000134275
4.836219e-08,-0.000138815
4.846219e-08,-0.00014141
4.856219e-08,-0.000144004
4.866219e-08,-0.00014595
4.876219e-08,-0.000147247
4.886219e-08,-0.000149193
4.896219e-08,-0.000153085
4.906219e-08,-0.000160868
4.916219e-08,-0.000172543
4.926219e-08,-0.000188759
4.936219e-08,-0.000208866
4.946219e-08,-0.000232216
4.956219e-08,-0.000256864
4.966219e-08,-0.000280863
4.976219e-08,-0.000302916
4.986219e-08,-0.000320429
4.996219e-08,-0.000331455
5.006219e-08,-0.000335347
5.016219e-08,-0.000331455
5.026219e-08,-0.000321077
5.036219e-08,-0.000304213
5.046219e-08,-0.000282809
5.056219e-08,-0.00025881
5.066219e-08,-0.000233514
5.076219e-08,-0.000208866
5.086219e-08,-0.000186164
5.096219e-08,-0.000168003
5.106219e-08,-0.000153733
5.116219e-08,-0.000145301
5.126219e-08,-0.00014141
5.136219e-08,-0.000144004
5.146219e-08,-0.000152436
5.156219e-08,-0.000166057
5.166219e-08,-0.00018357
5.176219e-08,-0.000203677
5.186219e-08,-0.000225082
5.196219e-08,-0.000245189
5.206219e-08,-0.000262702
5.216219e-08,-0.000276323
5.226219e-08,-0.000286052
5.236219e-08,-0.000290592
5.246219e-08,-0.000291241
5.256219e-08,-0.000287349
5.266219e-08,-0.000281512
5.276219e-08,-0.000273728
5.286219e-08,-0.000266593
5.296219e-08,-0.000259458
5.306219e-08,-0.000253621
5.316219e-08,-0.000249081
5.326219e-08,-0.00024454
5.336219e-08,-0.000241297
5.346219e-08,-0.000239351
5.356219e-08,-0.000237405
5.366219e-08,-0.000236108
5.376219e-08,-0.000236757
5.386219e-08,-0.000239351
5.396219e-08,-0.00024454
5.406219e-08,-0.000251675
5.416219e-08,-0.000262053
5.426219e-08,-0.000275025
5.436219e-08,-0.000288646
5.446219e-08,-0.000301619
5.456219e-08,-0.000311348
5.466219e-08,-0.000317186
5.476219e-08,-0.000317186
5.486219e-08,-0.000310699
5.496219e-08,-0.000297727
5.506219e-08,-0.000279566
5.516219e-08,-0.000256864
5.526219e-08,-0.000232216
5.536219e-08,-0.000208217
5.546219e-08,-0.000186813
5.556219e-08,-0.000171246
5.566219e-08,-0.000161517
5.576219e-08,-0.000158274
5.586219e-08,-0.000162165
5.596219e-08,-0.000170597
5.606219e-08,-0.00018357
5.616219e-08,-0.00019784
5.626219e-08,-0.000212109
5.636219e-08,-0.000224433
5.646219e-08,-0.000232865
5.656219e-08,-0.000238054
5.666219e-08,-0.000241297
5.676219e-08,-0.000241297
5.686219e-08,-0.000239351
5.696219e-08,-0.000236108
5.706219e-08,-0.000231568
5.716219e-08,-0.000227676
5.726219e-08,-0.000224433
5.736219e-08,-0.00022119
5.746219e-08,-0.000217947
5.756219e-08,-0.000215352
5.766219e-08,-0.000211461
5.776219e-08,-0.00020692
5.786219e-08,-0.000201731
5.796219e-08,-0.000195894
5.806219e-08,-0.000190056
5.816219e-08,-0.000184219
5.826219e-08,-0.00017903
5.836219e-08,-0.000173841
5.846219e-08,-0.0001693
5.856219e-08,-0.000164111
5.866219e-08,-0.000159571
5.876219e-08,-0.000153085
5.886219e-08,-0.00014595
5.896219e-08,-0.000136221
5.906219e-08,-0.000126491
5.916219e-08,-0.000116113
5.926219e-08,-0.000106384
5.936219e-08,-9.73034e-05
5.946219e-08,-8.952e-05
5.956219e-08,-8.36824e-05
5.966219e-08,-7.97907e-05
5.976219e-08,-7.78448e-05
5.986219e-08,-7.78448e-05
5.996219e-08,-7.84934e-05
6.006219e-08,-7.97907e-05
6.016219e-08,-8.10879e-05
6.026219e-08,-8.23851e-05
6.036219e-08,-8.36824e-05
6.046219e-08,-8.4331e-05
6.056219e-08,-8.49796e-05
6.066219e-08,-8.69255e-05
6.076219e-08,-8.88713e-05
6.086219e-08,-9.21144e-05
6.096219e-08,-9.66548e-05
6.106219e-08,-0.000101195
6.116219e-08,-0.000105735
6.126219e-08,-0.00010833
6.136219e-08,-0.00010833
6.146219e-08,-0.000105735
6.156219e-08,-9.98979e-05
6.166219e-08,-9.08172e-05
6.176219e-08,-7.9142e-05
6.186219e-08,-6.61696e-05
6.196219e-08,-5.25486e-05
6.206219e-08,-3.95762e-05
6.216219e-08,-2.85497e-05
6.226219e-08,-2.07662e-05
6.236219e-08,-1.62259e-05
6.246219e-08,-1.55773e-05
6.256219e-08,-1.81717e-05
6.266219e-08,-2.27121e-05
6.276219e-08,-2.7901e-05
6.286219e-08,-3.309e-05
6.296219e-08,-3.63331e-05
6.306219e-08,-3.69817e-05
6.316219e-08,-3.56845e-05
6.326219e-08,-3.17928e-05
6.336219e-08,-2.66038e-05
6.346219e-08,-2.07662e-05
6.356219e-08,-1.55773e-05
6.366219e-08,-1.16855e-05
6.376219e-08,-1.03883e-05
6.386219e-08,-1.36314e-05
6.396219e-08,-2.07662e-05
6.406219e-08,-3.17928e-05
6.416219e-08,-4.60624e-05
6.426219e-08,-6.35752e-05
6.436219e-08,-8.17365e-05
6.446219e-08,-9.92493e-05
6.456219e-08,-0.000115465
6.466219e-08,-0.000128437
6.476219e-08,-0.000138166
6.486219e-08,-0.000144653
6.496219e-08,-0.000148544
6.506219e-08,-0.000151139
6.516219e-08,-0.000153733
6.526219e-08,-0.000156976
6.536219e-08,-0.000162165
6.546219e-08,-0.000170597
6.556219e-08,-0.000182273
6.566219e-08,-0.000197191
6.576219e-08,-0.000214055
6.586219e-08,-0.000232216
6.596219e-08,-0.000249081
6.606219e-08,-0.00026335
6.616219e-08,-0.000274377
6.626219e-08,-0.000280214
6.636219e-08,-0.000281512
6.646219e-08,-0.00027762
6.656219e-08,-0.000269836
6.666219e-08,-0.000259458
6.676219e-08,-0.000247135
6.686219e-08,-0.000234162
6.696219e-08,-0.000222487
6.706219e-08,-0.000211461
6.716219e-08,-0.000203028
6.726219e-08,-0.00019784
6.736219e-08,-0.000195245
6.746219e-08,-0.000195245
6.756219e-08,-0.000196542
6.766219e-08,-0.000198488
6.776219e-08,-0.000199785
6.786219e-08,-0.000200434
6.796219e-08,-0.000199785
6.806219e-08,-0.000196542
6.816219e-08,-0.000192002
6.826219e-08,-0.000184867
6.836219e-08,-0.000176435
6.846219e-08,-0.000166706
6.856219e-08,-0.000156328
6.866219e-08,-0.000145301
6.876219e-08,-0.000133626
6.886219e-08,-0.000121951
6.896219e-08,-0.000109627
6.906219e-08,-9.66548e-05
6.916219e-08,-8.30338e-05
6.926219e-08,-6.74669e-05
6.936219e-08,-5.12514e-05
6.946219e-08,-3.43872e-05
6.956219e-08,-1.75231e-05
6.966219e-08,-1.03779e-08
6.976219e-08,1.55565e-05
6.986219e-08,2.91775e-05
6.996219e-08,4.02041e-05
7.006219e-08,4.86361e-05
7.016219e-08,5.25279e-05
7.026219e-08,5.25279e-05
7.036219e-08,4.73389e-05
7.046219e-08,3.82582e-05
7.056219e-08,2.59344e-05
7.066219e-08,1.03675e-05
7.076219e-08,-7.79382e-06
7.086219e-08,-2.7901e-05
7.096219e-08,-4.80083e-05
7.106219e-08,-6.81155e-05
7.116219e-08,-8.62769e-05
7.126219e-08,-0.000103141
7.136219e-08,-0.000117411
7.146219e-08,-0.000128437
7.156219e-08,-0.000135572
7.166219e-08,-0.000138166
7.176219e-08,-0.000138166
7.186219e-08,-0.000134275
7.196219e-08,-0.00012714
7.206219e-08,-0.000116762
7.216219e-08,-0.000103141
7.226219e-08,-8.69255e-05
7.236219e-08,-6.87641e-05
7.246219e-08,-4.93055e-05
7.256219e-08,-3.04955e-05
7.266219e-08,-1.23342e-05
7.276219e-08,2.5841e-06
7.286219e-08,1.49079e-05
7.296219e-08,2.33399e-05
7.306219e-08,2.72317e-05
7.316219e-08,2.59344e-05
7.326219e-08,2.00968e-05
7.336219e-08,9.0703e-06
7.346219e-08,-5.84796e-06
7.356219e-08,-2.53066e-05
7.366219e-08,-4.73596e-05
7.376219e-08,-7.13586e-05
7.386219e-08,-9.60062e-05
7.396219e-08,-0.000120654
7.406219e-08,-0.000143355
7.416219e-08,-0.000164111
7.426219e-08,-0.000180975
7.436219e-08,-0.000193299
7.446219e-08,-0.000201083
7.456219e-08,-0.000203677
7.466219e-08,-0.000200434
7.476219e-08,-0.000192651
7.486219e-08,-0.00017903
7.496219e-08,-0.000161517
7.506219e-08,-0.000140112
7.516219e-08,-0.000117411
7.526219e-08,-9.27631e-05
7.536219e-08,-6.94127e-05
7.546219e-08,-4.6711e-05
7.556219e-08,-2.72524e-05
7.566219e-08,-1.10369e-05
7.576219e-08,6.38242e-07
7.586219e-08,7.12444e-06
7.596219e-08,8.42168e-06
7.606219e-08,5.17858e-06
7.616219e-08,-1.30762e-06
7.626219e-08,-1.03883e-05
7.636219e-08,-2.14148e-05
7.646219e-08,-3.309e-05
7.656219e-08,-4.60624e-05
7.666219e-08,-5.77376e-05
7.676219e-08,-6.87641e-05
7.686219e-08,-7.65476e-05
7.696219e-08,-8.30338e-05
7.706219e-08,-8.62769e-05
7.716219e-08,-8.69255e-05
7.726219e-08,-8.4331e-05
