LECROYWaveRunner‘N,20113,Waveform
Segments,1,SegmentSize,2002
Segment,TrigTime,TimeSinceSegment1
#1,28-Sep-2018 13:20:20,0                 
Time,Ampl
-1.228529e-07,0.000157604
-1.227529e-07,0.000167982
-1.226529e-07,0.000179009
-1.225529e-07,0.000189387
-1.224529e-07,0.00019717
-1.223529e-07,0.00020171
-1.222529e-07,0.000201062
-1.221529e-07,0.000195224
-1.220529e-07,0.000184198
-1.219529e-07,0.000171874
-1.218529e-07,0.00015955
-1.217529e-07,0.000149821
-1.216529e-07,0.000144632
-1.215529e-07,0.000145281
-1.214529e-07,0.000151118
-1.213529e-07,0.000161496
-1.212529e-07,0.000175117
-1.211529e-07,0.000190684
-1.210529e-07,0.000205602
-1.209529e-07,0.000216629
-1.208529e-07,0.000223115
-1.207529e-07,0.000223764
-1.206529e-07,0.000219223
-1.205529e-07,0.000209494
-1.204529e-07,0.000195873
-1.203529e-07,0.000180955
-1.202529e-07,0.000164739
-1.201529e-07,0.000149172
-1.200529e-07,0.000134254
-1.199529e-07,0.000120633
-1.198529e-07,0.000107012
-1.197529e-07,9.27423e-05
-1.196529e-07,7.7824e-05
-1.195529e-07,6.09599e-05
-1.194529e-07,4.27986e-05
-1.193529e-07,2.46372e-05
-1.192529e-07,6.47582e-06
-1.191529e-07,-9.73968e-06
-1.190529e-07,-2.40093e-05
-1.189529e-07,-3.56845e-05
-1.188529e-07,-4.34679e-05
-1.187529e-07,-4.73596e-05
-1.186529e-07,-4.80083e-05
-1.185529e-07,-4.54138e-05
-1.184529e-07,-4.15221e-05
-1.183529e-07,-3.69817e-05
-1.182529e-07,-3.309e-05
-1.181529e-07,-2.91983e-05
-1.180529e-07,-2.59552e-05
-1.179529e-07,-2.33607e-05
-1.178529e-07,-2.01176e-05
-1.177529e-07,-1.62259e-05
-1.176529e-07,-1.10369e-05
-1.175529e-07,-3.25348e-06
-1.174529e-07,5.8272e-06
-1.173529e-07,1.55565e-05
-1.172529e-07,2.52858e-05
-1.171529e-07,3.43665e-05
-1.170529e-07,4.02041e-05
-1.169529e-07,4.27986e-05
-1.168529e-07,4.02041e-05
-1.167529e-07,3.30692e-05
-1.166529e-07,2.26913e-05
-1.165529e-07,9.71892e-06
-1.164529e-07,-3.9021e-06
-1.163529e-07,-1.62259e-05
-1.162529e-07,-2.40093e-05
-1.161529e-07,-2.66038e-05
-1.160529e-07,-2.33607e-05
-1.159529e-07,-1.428e-05
-1.158529e-07,-1.30762e-06
-1.157529e-07,1.42593e-05
-1.156529e-07,3.04748e-05
-1.155529e-07,4.5393e-05
-1.154529e-07,5.64196e-05
-1.153529e-07,6.29058e-05
-1.152529e-07,6.4203e-05
-1.151529e-07,6.16085e-05
-1.150529e-07,5.51223e-05
-1.149529e-07,4.60417e-05
-1.148529e-07,3.6961e-05
-1.147529e-07,2.91775e-05
-1.146529e-07,2.39886e-05
-1.145529e-07,2.07455e-05
-1.144529e-07,2.07455e-05
-1.143529e-07,2.33399e-05
-1.142529e-07,2.72317e-05
-1.141529e-07,3.11234e-05
-1.140529e-07,3.50151e-05
-1.139529e-07,3.76096e-05
-1.138529e-07,3.82582e-05
-1.137529e-07,3.63124e-05
-1.136529e-07,3.37179e-05
-1.135529e-07,2.98261e-05
-1.134529e-07,2.59344e-05
-1.133529e-07,2.20427e-05
-1.132529e-07,1.87996e-05
-1.131529e-07,1.68537e-05
-1.130529e-07,1.55565e-05
-1.129529e-07,1.55565e-05
-1.128529e-07,1.62051e-05
-1.127529e-07,1.75024e-05
-1.126529e-07,1.8151e-05
-1.125529e-07,1.87996e-05
-1.124529e-07,1.87996e-05
-1.123529e-07,1.94482e-05
-1.122529e-07,2.07455e-05
-1.121529e-07,2.33399e-05
-1.120529e-07,2.6583e-05
-1.119529e-07,3.1772e-05
-1.118529e-07,3.82582e-05
-1.117529e-07,4.47444e-05
-1.116529e-07,5.18792e-05
-1.115529e-07,5.83654e-05
-1.114529e-07,6.4203e-05
-1.113529e-07,6.80947e-05
-1.112529e-07,6.9392e-05
-1.111529e-07,6.9392e-05
-1.110529e-07,6.80947e-05
-1.109529e-07,6.48516e-05
-1.108529e-07,6.16085e-05
-1.107529e-07,5.77168e-05
-1.106529e-07,5.38251e-05
-1.105529e-07,4.92848e-05
-1.104529e-07,4.47444e-05
-1.103529e-07,4.02041e-05
-1.102529e-07,3.50151e-05
-1.101529e-07,2.72317e-05
-1.100529e-07,1.68537e-05
-1.099529e-07,4.52996e-06
-1.098529e-07,-8.44244e-06
-1.097529e-07,-2.20635e-05
-1.096529e-07,-3.56845e-05
-1.095529e-07,-4.73596e-05
-1.094529e-07,-5.44945e-05
-1.093529e-07,-5.77376e-05
-1.092529e-07,-5.64403e-05
-1.091529e-07,-5.06027e-05
-1.090529e-07,-4.15221e-05
-1.089529e-07,-2.98469e-05
-1.088529e-07,-1.68745e-05
-1.087529e-07,-3.9021e-06
-1.086529e-07,7.77306e-06
-1.085529e-07,1.62051e-05
-1.084529e-07,2.07455e-05
-1.083529e-07,2.13941e-05
-1.082529e-07,1.8151e-05
-1.081529e-07,1.03675e-05
-1.080529e-07,-1.30762e-06
-1.079529e-07,-1.55773e-05
-1.078529e-07,-3.17928e-05
-1.077529e-07,-4.99541e-05
-1.076529e-07,-7.00614e-05
-1.075529e-07,-9.01686e-05
-1.074529e-07,-0.000109627
-1.073529e-07,-0.000129086
-1.072529e-07,-0.000147247
-1.071529e-07,-0.000161517
-1.070529e-07,-0.000171246
-1.069529e-07,-0.000174489
-1.068529e-07,-0.000172543
-1.067529e-07,-0.00016476
-1.066529e-07,-0.000151139
-1.065529e-07,-0.000132978
-1.064529e-07,-0.00011287
-1.063529e-07,-9.08172e-05
-1.062529e-07,-7.00614e-05
-1.061529e-07,-5.12514e-05
-1.060529e-07,-3.63331e-05
-1.059529e-07,-2.53066e-05
-1.058529e-07,-1.81717e-05
-1.057529e-07,-1.36314e-05
-1.056529e-07,-1.10369e-05
-1.055529e-07,-9.09106e-06
-1.054529e-07,-5.84796e-06
-1.053529e-07,-1.30762e-06
-1.052529e-07,6.47582e-06
-1.051529e-07,1.75024e-05
-1.050529e-07,3.11234e-05
-1.049529e-07,4.73389e-05
-1.048529e-07,6.48516e-05
-1.047529e-07,8.23644e-05
-1.046529e-07,0.000100526
-1.045529e-07,0.000116741
-1.044529e-07,0.000130362
-1.043529e-07,0.000141389
-1.042529e-07,0.000149172
-1.041529e-07,0.000153064
-1.040529e-07,0.000153713
-1.039529e-07,0.000151767
-1.038529e-07,0.000146578
-1.037529e-07,0.000138146
-1.036529e-07,0.000126471
-1.035529e-07,0.000112201
-1.034529e-07,9.53368e-05
-1.033529e-07,7.65268e-05
-1.032529e-07,5.70682e-05
-1.031529e-07,3.6961e-05
-1.030529e-07,1.8151e-05
-1.029529e-07,1.93548e-06
-1.028529e-07,-1.16855e-05
-1.027529e-07,-2.01176e-05
-1.026529e-07,-2.33607e-05
-1.025529e-07,-2.27121e-05
-1.024529e-07,-1.88204e-05
-1.023529e-07,-1.23342e-05
-1.022529e-07,-5.19934e-06
-1.021529e-07,1.28686e-06
-1.020529e-07,6.47582e-06
-1.019529e-07,8.42168e-06
-1.018529e-07,8.42168e-06
-1.017529e-07,4.52996e-06
-1.016529e-07,-1.30762e-06
-1.015529e-07,-7.79382e-06
-1.014529e-07,-1.428e-05
-1.013529e-07,-1.88204e-05
-1.012529e-07,-2.14148e-05
-1.011529e-07,-2.01176e-05
-1.010529e-07,-1.49286e-05
-1.009529e-07,-7.79382e-06
-1.008529e-07,1.28686e-06
-1.007529e-07,1.03675e-05
-1.006529e-07,1.87996e-05
-1.005529e-07,2.52858e-05
-1.004529e-07,2.91775e-05
-1.003529e-07,3.04748e-05
-1.002529e-07,2.98261e-05
-1.001529e-07,2.72317e-05
-1.000529e-07,2.46372e-05
-9.99529e-08,2.33399e-05
-9.98529e-08,2.39886e-05
-9.97529e-08,2.59344e-05
-9.96529e-08,3.04748e-05
-9.95529e-08,3.63124e-05
-9.94529e-08,4.40958e-05
-9.93529e-08,5.18792e-05
-9.92529e-08,5.90141e-05
-9.91529e-08,6.61489e-05
-9.90529e-08,7.19865e-05
-9.89529e-08,7.7824e-05
-9.88529e-08,8.3013e-05
-9.87529e-08,8.75533e-05
-9.86529e-08,9.33909e-05
-9.85529e-08,9.92285e-05
-9.84529e-08,0.000105066
-9.83529e-08,0.000111552
-9.82529e-08,0.000118038
-9.81529e-08,0.000123227
-9.80529e-08,0.000127768
-9.79529e-08,0.000129714
-9.78529e-08,0.000129714
-9.77529e-08,0.000127119
-9.76529e-08,0.000122579
-9.75529e-08,0.000116093
-9.74529e-08,0.000108958
-9.73529e-08,0.000102472
-9.72529e-08,9.6634e-05
-9.71529e-08,9.27423e-05
-9.70529e-08,9.14451e-05
-9.69529e-08,9.27423e-05
-9.68529e-08,9.72826e-05
-9.67529e-08,0.000105066
-9.66529e-08,0.000115444
-9.65529e-08,0.000125822
-9.64529e-08,0.000135551
-9.63529e-08,0.000142037
-9.62529e-08,0.000145281
-9.61529e-08,0.000143335
-9.60529e-08,0.000135551
-9.59529e-08,0.000122579
-9.58529e-08,0.000105066
-9.57529e-08,8.3013e-05
-9.56529e-08,5.90141e-05
-9.55529e-08,3.37179e-05
-9.54529e-08,9.0703e-06
-9.53529e-08,-1.29828e-05
-9.52529e-08,-3.24414e-05
-9.51529e-08,-4.6711e-05
-9.50529e-08,-5.51431e-05
-9.49529e-08,-5.77376e-05
-9.48529e-08,-5.44945e-05
-9.47529e-08,-4.41165e-05
-9.46529e-08,-2.85497e-05
-9.45529e-08,-7.1452e-06
-9.44529e-08,1.87996e-05
-9.43529e-08,4.79875e-05
-9.42529e-08,8.04185e-05
-9.41529e-08,0.000113498
-9.40529e-08,0.000147226
-9.39529e-08,0.000180306
-9.38529e-08,0.000212088
-9.37529e-08,0.000240628
-9.36529e-08,0.000266573
-9.35529e-08,0.000289274
-9.34529e-08,0.000308733
-9.33529e-08,0.0003243
-9.32529e-08,0.000334678
-9.31529e-08,0.000339867
-9.30529e-08,0.000339218
-9.29529e-08,0.000331435
-9.28529e-08,0.000315868
-9.27529e-08,0.000293815
-9.26529e-08,0.000265275
-9.25529e-08,0.000231547
-9.24529e-08,0.000193278
-9.23529e-08,0.000153064
-9.22529e-08,0.000113498
-9.21529e-08,7.65268e-05
-9.20529e-08,4.47444e-05
-9.19529e-08,1.94482e-05
-9.18529e-08,1.93548e-06
-9.17529e-08,-8.44244e-06
-9.16529e-08,-1.16855e-05
-9.15529e-08,-9.09106e-06
-9.14529e-08,-3.25348e-06
-9.13529e-08,2.5841e-06
-9.12529e-08,6.47582e-06
-9.11529e-08,7.12444e-06
-9.10529e-08,5.17858e-06
-9.09529e-08,1.28686e-06
-9.08529e-08,-5.19934e-06
-9.07529e-08,-1.10369e-05
-9.06529e-08,-1.62259e-05
-9.05529e-08,-1.9469e-05
-9.04529e-08,-2.01176e-05
-9.03529e-08,-1.75231e-05
-9.02529e-08,-1.23342e-05
-9.01529e-08,-5.19934e-06
-9.00529e-08,1.28686e-06
-8.99529e-08,7.77306e-06
-8.98529e-08,1.2962e-05
-8.97529e-08,1.55565e-05
-8.96529e-08,1.62051e-05
-8.95529e-08,1.42593e-05
-8.94529e-08,1.16648e-05
-8.93529e-08,7.77306e-06
-8.92529e-08,4.52996e-06
-8.91529e-08,1.28686e-06
-8.90529e-08,-6.58998e-07
-8.89529e-08,-2.60486e-06
-8.88529e-08,-3.9021e-06
-8.87529e-08,-5.84796e-06
-8.86529e-08,-8.44244e-06
-8.85529e-08,-1.29828e-05
-8.84529e-08,-1.88204e-05
-8.83529e-08,-2.66038e-05
-8.82529e-08,-3.50359e-05
-8.81529e-08,-4.41165e-05
-8.80529e-08,-5.25486e-05
-8.79529e-08,-5.96834e-05
-8.78529e-08,-6.42238e-05
-8.77529e-08,-6.5521e-05
-8.76529e-08,-6.35752e-05
-8.75529e-08,-5.77376e-05
-8.74529e-08,-4.99541e-05
-8.73529e-08,-4.08734e-05
-8.72529e-08,-3.11441e-05
-8.71529e-08,-2.27121e-05
-8.70529e-08,-1.49286e-05
-8.69529e-08,-1.03883e-05
-8.68529e-08,-7.1452e-06
-8.67529e-08,-5.19934e-06
-8.66529e-08,-3.9021e-06
-8.65529e-08,-3.9021e-06
-8.64529e-08,-3.25348e-06
-8.63529e-08,-1.95624e-06
-8.62529e-08,6.38242e-07
-8.61529e-08,2.5841e-06
-8.60529e-08,4.52996e-06
-8.59529e-08,5.8272e-06
-8.58529e-08,6.47582e-06
-8.57529e-08,4.52996e-06
-8.56529e-08,1.93548e-06
-8.55529e-08,-1.95624e-06
-8.54529e-08,-6.49658e-06
-8.53529e-08,-1.03883e-05
-8.52529e-08,-1.36314e-05
-8.51529e-08,-1.49286e-05
-8.50529e-08,-1.55773e-05
-8.49529e-08,-1.55773e-05
-8.48529e-08,-1.62259e-05
-8.47529e-08,-1.62259e-05
-8.46529e-08,-1.88204e-05
-8.45529e-08,-2.46579e-05
-8.44529e-08,-3.309e-05
-8.43529e-08,-4.34679e-05
-8.42529e-08,-5.51431e-05
-8.41529e-08,-6.74669e-05
-8.40529e-08,-7.84934e-05
-8.39529e-08,-8.62769e-05
-8.38529e-08,-8.952e-05
-8.37529e-08,-8.82227e-05
-8.36529e-08,-8.23851e-05
-8.35529e-08,-7.13586e-05
-8.34529e-08,-5.7089e-05
-8.33529e-08,-4.15221e-05
-8.32529e-08,-2.66038e-05
-8.31529e-08,-1.29828e-05
-8.30529e-08,-2.60486e-06
-8.29529e-08,4.52996e-06
-8.28529e-08,7.77306e-06
-8.27529e-08,9.0703e-06
-8.26529e-08,9.0703e-06
-8.25529e-08,9.71892e-06
-8.24529e-08,1.16648e-05
-8.23529e-08,1.75024e-05
-8.22529e-08,2.6583e-05
-8.21529e-08,3.82582e-05
-8.20529e-08,5.18792e-05
-8.19529e-08,6.67975e-05
-8.18529e-08,8.10671e-05
-8.17529e-08,9.40395e-05
-8.16529e-08,0.000103769
-8.15529e-08,0.000110255
-8.14529e-08,0.00011285
-8.13529e-08,0.000112201
-8.12529e-08,0.000110255
-8.11529e-08,0.000106363
-8.10529e-08,0.000101823
-8.09529e-08,9.6634e-05
-8.08529e-08,9.20937e-05
-8.07529e-08,8.69047e-05
-8.06529e-08,8.17158e-05
-8.05529e-08,7.52296e-05
-8.04529e-08,6.74461e-05
-8.03529e-08,5.77168e-05
-8.02529e-08,4.60417e-05
-8.01529e-08,3.24206e-05
-8.00529e-08,1.8151e-05
-7.99529e-08,3.88134e-06
-7.98529e-08,-9.73968e-06
-7.97529e-08,-2.14148e-05
-7.96529e-08,-2.91983e-05
-7.95529e-08,-3.24414e-05
-7.94529e-08,-3.24414e-05
-7.93529e-08,-2.85497e-05
-7.92529e-08,-2.20635e-05
-7.91529e-08,-1.49286e-05
-7.90529e-08,-7.79382e-06
-7.89529e-08,-1.95624e-06
-7.88529e-08,1.93548e-06
-7.87529e-08,3.88134e-06
-7.86529e-08,4.52996e-06
-7.85529e-08,3.88134e-06
-7.84529e-08,2.5841e-06
-7.83529e-08,2.5841e-06
-7.82529e-08,3.88134e-06
-7.81529e-08,7.12444e-06
-7.80529e-08,1.2962e-05
-7.79529e-08,2.07455e-05
-7.78529e-08,3.04748e-05
-7.77529e-08,4.02041e-05
-7.76529e-08,5.0582e-05
-7.75529e-08,6.09599e-05
-7.74529e-08,7.00406e-05
-7.73529e-08,7.7824e-05
-7.72529e-08,8.43102e-05
-7.71529e-08,9.01478e-05
-7.70529e-08,9.33909e-05
-7.69529e-08,9.46882e-05
-7.68529e-08,9.27423e-05
-7.67529e-08,8.75533e-05
-7.66529e-08,7.84727e-05
-7.65529e-08,6.55003e-05
-7.64529e-08,4.86361e-05
-7.63529e-08,2.98261e-05
-7.62529e-08,1.03675e-05
-7.61529e-08,-7.1452e-06
-7.60529e-08,-1.9469e-05
-7.59529e-08,-2.59552e-05
-7.58529e-08,-2.40093e-05
-7.57529e-08,-1.36314e-05
-7.56529e-08,5.8272e-06
-7.55529e-08,3.24206e-05
-7.54529e-08,6.4203e-05
-7.53529e-08,9.6634e-05
-7.52529e-08,0.000127768
-7.51529e-08,0.000153064
-7.50529e-08,0.000169928
-7.49529e-08,0.000177712
-7.48529e-08,0.000175117
-7.47529e-08,0.000164091
-7.46529e-08,0.000145281
-7.45529e-08,0.00012193
-7.44529e-08,9.6634e-05
-7.43529e-08,7.26351e-05
-7.42529e-08,5.18792e-05
-7.41529e-08,3.37179e-05
-7.40529e-08,2.00968e-05
-7.39529e-08,9.0703e-06
-7.38529e-08,-1.30762e-06
-7.37529e-08,-1.16855e-05
-7.36529e-08,-2.33607e-05
-7.35529e-08,-3.63331e-05
-7.34529e-08,-5.12514e-05
-7.33529e-08,-6.61696e-05
-7.32529e-08,-7.84934e-05
-7.31529e-08,-8.56282e-05
-7.30529e-08,-8.49796e-05
-7.29529e-08,-7.65476e-05
-7.28529e-08,-5.90348e-05
-7.27529e-08,-3.37386e-05
-7.26529e-08,-1.30762e-06
-7.25529e-08,3.50151e-05
-7.24529e-08,7.39323e-05
-7.23529e-08,0.000112201
-7.22529e-08,0.000146578
-7.21529e-08,0.000175766
-7.20529e-08,0.000199116
-7.19529e-08,0.000217277
-7.18529e-08,0.00023025
-7.17529e-08,0.00023933
-7.16529e-08,0.000245168
-7.15529e-08,0.000248411
-7.14529e-08,0.000250357
-7.13529e-08,0.000249708
-7.12529e-08,0.000247763
-7.11529e-08,0.000243222
-7.10529e-08,0.000235439
-7.09529e-08,0.000223764
-7.08529e-08,0.000209494
-7.07529e-08,0.000193927
-7.06529e-08,0.00017836
-7.05529e-08,0.000163442
-7.04529e-08,0.000151118
-7.03529e-08,0.000141389
-7.02529e-08,0.0001362
-7.01529e-08,0.000133605
-7.00529e-08,0.000133605
-6.99529e-08,0.000133605
-6.98529e-08,0.000131011
-6.97529e-08,0.000123227
-6.96529e-08,0.000110255
-6.95529e-08,9.14451e-05
-6.94529e-08,6.74461e-05
-6.93529e-08,3.95555e-05
-6.92529e-08,9.71892e-06
-6.91529e-08,-1.81717e-05
-6.90529e-08,-4.08734e-05
-6.89529e-08,-5.7089e-05
-6.88529e-08,-6.48724e-05
-6.87529e-08,-6.29265e-05
-6.86529e-08,-5.19e-05
-6.85529e-08,-3.37386e-05
-6.84529e-08,-9.73968e-06
-6.83529e-08,1.8151e-05
-6.82529e-08,4.73389e-05
-6.81529e-08,7.58782e-05
-6.80529e-08,0.000100526
-6.79529e-08,0.000121282
-6.78529e-08,0.000138146
-6.77529e-08,0.000149172
-6.76529e-08,0.000156956
-6.75529e-08,0.000160847
-6.74529e-08,0.000162793
-6.73529e-08,0.000162145
-6.72529e-08,0.00015955
-6.71529e-08,0.000156307
-6.70529e-08,0.000152415
-6.69529e-08,0.000147226
-6.68529e-08,0.000140092
-6.67529e-08,0.000132957
-6.66529e-08,0.000124525
-6.65529e-08,0.000116093
-6.64529e-08,0.000107012
-6.63529e-08,9.79313e-05
-6.62529e-08,8.94992e-05
-6.61529e-08,8.10671e-05
-6.60529e-08,7.26351e-05
-6.59529e-08,6.35544e-05
-6.58529e-08,5.38251e-05
-6.57529e-08,4.34472e-05
-6.56529e-08,3.24206e-05
-6.55529e-08,2.07455e-05
-6.54529e-08,9.71892e-06
-6.53529e-08,-6.58998e-07
-6.52529e-08,-9.09106e-06
-6.51529e-08,-1.428e-05
-6.50529e-08,-1.68745e-05
-6.49529e-08,-1.62259e-05
-6.48529e-08,-1.23342e-05
-6.47529e-08,-5.84796e-06
-6.46529e-08,1.28686e-06
-6.45529e-08,7.77306e-06
-6.44529e-08,1.2962e-05
-6.43529e-08,1.55565e-05
-6.42529e-08,1.55565e-05
-6.41529e-08,1.36106e-05
-6.40529e-08,1.03675e-05
-6.39529e-08,6.47582e-06
-6.38529e-08,3.88134e-06
-6.37529e-08,2.5841e-06
-6.36529e-08,3.88134e-06
-6.35529e-08,7.12444e-06
-6.34529e-08,1.23134e-05
-6.33529e-08,1.8151e-05
-6.32529e-08,2.39886e-05
-6.31529e-08,2.72317e-05
-6.30529e-08,2.72317e-05
-6.29529e-08,2.39886e-05
-6.28529e-08,1.68537e-05
-6.27529e-08,7.77306e-06
-6.26529e-08,-1.95624e-06
-6.25529e-08,-1.10369e-05
-6.24529e-08,-1.68745e-05
-6.23529e-08,-1.81717e-05
-6.22529e-08,-1.428e-05
-6.21529e-08,-5.84796e-06
-6.20529e-08,7.12444e-06
-6.19529e-08,2.13941e-05
-6.18529e-08,3.63124e-05
-6.17529e-08,4.92848e-05
-6.16529e-08,5.83654e-05
-6.15529e-08,6.29058e-05
-6.14529e-08,6.16085e-05
-6.13529e-08,5.51223e-05
-6.12529e-08,4.47444e-05
-6.11529e-08,3.1772e-05
-6.10529e-08,1.8151e-05
-6.09529e-08,6.47582e-06
-6.08529e-08,-3.25348e-06
-6.07529e-08,-9.09106e-06
-6.06529e-08,-1.10369e-05
-6.05529e-08,-9.73968e-06
-6.04529e-08,-6.49658e-06
-6.03529e-08,-1.95624e-06
-6.02529e-08,3.23272e-06
-6.01529e-08,6.47582e-06
-6.00529e-08,1.03675e-05
-5.99529e-08,1.36106e-05
-5.98529e-08,1.8151e-05
-5.97529e-08,2.39886e-05
-5.96529e-08,3.1772e-05
-5.95529e-08,4.15013e-05
-5.94529e-08,5.38251e-05
-5.93529e-08,6.74461e-05
-5.92529e-08,8.10671e-05
-5.91529e-08,9.46882e-05
-5.90529e-08,0.000105715
-5.89529e-08,0.000113498
-5.88529e-08,0.00011739
-5.87529e-08,0.000116741
-5.86529e-08,0.000112201
-5.85529e-08,0.000104417
-5.84529e-08,9.6634e-05
-5.83529e-08,8.94992e-05
-5.82529e-08,8.56075e-05
-5.81529e-08,8.49589e-05
-5.80529e-08,8.88506e-05
-5.79529e-08,9.6634e-05
-5.78529e-08,0.000107661
-5.77529e-08,0.000118687
-5.76529e-08,0.000128416
-5.75529e-08,0.000134254
-5.74529e-08,0.000135551
-5.73529e-08,0.000132308
-5.72529e-08,0.000124525
-5.71529e-08,0.000113498
-5.70529e-08,0.000101174
-5.69529e-08,8.94992e-05
-5.68529e-08,8.04185e-05
-5.67529e-08,7.58782e-05
-5.66529e-08,7.58782e-05
-5.65529e-08,8.04185e-05
-5.64529e-08,8.75533e-05
-5.63529e-08,9.59854e-05
-5.62529e-08,0.000103769
-5.61529e-08,0.000108958
-5.60529e-08,0.000110255
-5.59529e-08,0.000108309
-5.58529e-08,0.000103769
-5.57529e-08,9.79313e-05
-5.56529e-08,9.14451e-05
-5.55529e-08,8.69047e-05
-5.54529e-08,8.49589e-05
-5.53529e-08,8.62561e-05
-5.52529e-08,9.01478e-05
-5.51529e-08,9.6634e-05
-5.50529e-08,0.000103769
-5.49529e-08,0.000110255
-5.48529e-08,0.000116093
-5.47529e-08,0.000119336
-5.46529e-08,0.000119984
-5.45529e-08,0.000118038
-5.44529e-08,0.000113498
-5.43529e-08,0.000109606
-5.42529e-08,0.000107012
-5.41529e-08,0.000105715
-5.40529e-08,0.000107012
-5.39529e-08,0.000109606
-5.38529e-08,0.000113498
-5.37529e-08,0.000116093
-5.36529e-08,0.000116093
-5.35529e-08,0.00011285
-5.34529e-08,0.000105715
-5.33529e-08,9.46882e-05
-5.32529e-08,7.97699e-05
-5.31529e-08,6.4203e-05
-5.30529e-08,4.86361e-05
-5.29529e-08,3.50151e-05
-5.28529e-08,2.33399e-05
-5.27529e-08,1.68537e-05
-5.26529e-08,1.36106e-05
-5.25529e-08,1.36106e-05
-5.24529e-08,1.42593e-05
-5.23529e-08,1.49079e-05
-5.22529e-08,1.36106e-05
-5.21529e-08,9.0703e-06
-5.20529e-08,1.28686e-06
-5.19529e-08,-7.79382e-06
-5.18529e-08,-1.88204e-05
-5.17529e-08,-2.98469e-05
-5.16529e-08,-3.95762e-05
-5.15529e-08,-4.6711e-05
-5.14529e-08,-5.12514e-05
-5.13529e-08,-5.31972e-05
-5.12529e-08,-5.31972e-05
-5.11529e-08,-5.12514e-05
-5.10529e-08,-4.93055e-05
-5.09529e-08,-4.86569e-05
-5.08529e-08,-4.99541e-05
-5.07529e-08,-5.31972e-05
-5.06529e-08,-5.64403e-05
-5.05529e-08,-6.03321e-05
-5.04529e-08,-6.16293e-05
-5.03529e-08,-5.83862e-05
-5.02529e-08,-5.06027e-05
-5.01529e-08,-3.76303e-05
-5.00529e-08,-2.01176e-05
-4.99529e-08,-6.58998e-07
-4.98529e-08,1.94482e-05
-4.97529e-08,3.6961e-05
-4.96529e-08,4.86361e-05
-4.95529e-08,5.44737e-05
-4.94529e-08,5.31765e-05
-4.93529e-08,4.40958e-05
-4.92529e-08,2.91775e-05
-4.91529e-08,1.23134e-05
-4.90529e-08,-4.55072e-06
-4.89529e-08,-1.88204e-05
-4.88529e-08,-2.72524e-05
-4.87529e-08,-2.85497e-05
-4.86529e-08,-2.40093e-05
-4.85529e-08,-1.428e-05
-4.84529e-08,-1.95624e-06
-4.83529e-08,1.16648e-05
-4.82529e-08,2.39886e-05
-4.81529e-08,3.30692e-05
-4.80529e-08,3.89068e-05
-4.79529e-08,4.08527e-05
-4.78529e-08,4.15013e-05
-4.77529e-08,4.15013e-05
-4.76529e-08,4.27986e-05
-4.75529e-08,4.79875e-05
-4.74529e-08,5.70682e-05
-4.73529e-08,6.9392e-05
-4.72529e-08,8.49589e-05
-4.71529e-08,0.000102472
-4.70529e-08,0.000118687
-4.69529e-08,0.000132308
-4.68529e-08,0.00014074
-4.67529e-08,0.000143335
-4.66529e-08,0.000140092
-4.65529e-08,0.000131011
-4.64529e-08,0.000119336
-4.63529e-08,0.000106363
-4.62529e-08,9.46882e-05
-4.61529e-08,8.49589e-05
-4.60529e-08,7.7824e-05
-4.59529e-08,7.39323e-05
-4.58529e-08,7.19865e-05
-4.57529e-08,6.80947e-05
-4.56529e-08,6.09599e-05
-4.55529e-08,4.79875e-05
-4.54529e-08,2.72317e-05
-4.53529e-08,-1.30762e-06
-4.52529e-08,-3.76303e-05
-4.51529e-08,-7.9142e-05
-4.50529e-08,-0.000123897
-4.49529e-08,-0.000168003
-4.48529e-08,-0.000208866
-4.47529e-08,-0.000242594
-4.46529e-08,-0.000267242
-4.45529e-08,-0.00028216
-4.44529e-08,-0.000287349
-4.43529e-08,-0.000284106
-4.42529e-08,-0.000275025
-4.41529e-08,-0.000261404
-4.40529e-08,-0.000247135
-4.39529e-08,-0.000232865
-4.38529e-08,-0.000219893
-4.37529e-08,-0.000210163
-4.36529e-08,-0.000203028
-4.35529e-08,-0.000199137
-4.34529e-08,-0.000197191
-4.33529e-08,-0.00019784
-4.32529e-08,-0.000200434
-4.31529e-08,-0.000204974
-4.30529e-08,-0.000211461
-4.29529e-08,-0.00022119
-4.28529e-08,-0.000233514
-4.27529e-08,-0.000247783
-4.26529e-08,-0.000265296
-4.25529e-08,-0.000284106
-4.24529e-08,-0.000303565
-4.23529e-08,-0.000321726
-4.22529e-08,-0.00033859
-4.21529e-08,-0.000352211
-4.20529e-08,-0.00036194
-4.19529e-08,-0.000368427
-4.18529e-08,-0.000372318
-4.17529e-08,-0.000374913
-4.16529e-08,-0.000378156
-4.15529e-08,-0.000382048
-4.14529e-08,-0.000386588
-4.13529e-08,-0.000392426
-4.12529e-08,-0.000398263
-4.11529e-08,-0.000402803
-4.10529e-08,-0.000403452
-4.09529e-08,-0.000400209
-4.08529e-08,-0.000391128
-4.07529e-08,-0.000374913
-4.06529e-08,-0.000353508
-4.05529e-08,-0.000328212
-4.04529e-08,-0.000300322
-4.03529e-08,-0.000271134
-4.02529e-08,-0.000243892
-4.01529e-08,-0.000219244
-4.00529e-08,-0.000199137
-3.99529e-08,-0.000182273
-3.98529e-08,-0.000168652
-3.97529e-08,-0.000156328
-3.96529e-08,-0.000143355
-3.95529e-08,-0.000129734
-3.94529e-08,-0.000113519
-3.93529e-08,-9.60062e-05
-3.92529e-08,-7.71962e-05
-3.91529e-08,-5.77376e-05
-3.90529e-08,-4.02248e-05
-3.89529e-08,-2.66038e-05
-3.88529e-08,-1.88204e-05
-3.87529e-08,-1.68745e-05
-3.86529e-08,-2.07662e-05
-3.85529e-08,-3.04955e-05
-3.84529e-08,-4.41165e-05
-3.83529e-08,-5.96834e-05
-3.82529e-08,-7.52503e-05
-3.81529e-08,-8.75741e-05
-3.80529e-08,-9.66548e-05
-3.79529e-08,-9.98979e-05
-3.78529e-08,-9.92493e-05
-3.77529e-08,-9.47089e-05
-3.76529e-08,-8.69255e-05
-3.75529e-08,-7.78448e-05
-3.74529e-08,-6.81155e-05
-3.73529e-08,-6.03321e-05
-3.72529e-08,-5.31972e-05
-3.71529e-08,-4.86569e-05
-3.70529e-08,-4.60624e-05
-3.69529e-08,-4.41165e-05
-3.68529e-08,-4.34679e-05
-3.67529e-08,-4.21707e-05
-3.66529e-08,-4.08734e-05
-3.65529e-08,-3.95762e-05
-3.64529e-08,-3.89276e-05
-3.63529e-08,-3.89276e-05
-3.62529e-08,-4.15221e-05
-3.61529e-08,-4.60624e-05
-3.60529e-08,-5.31972e-05
-3.59529e-08,-6.29265e-05
-3.58529e-08,-7.39531e-05
-3.57529e-08,-8.69255e-05
-3.56529e-08,-9.98979e-05
-3.55529e-08,-0.000110924
-3.54529e-08,-0.000119356
-3.53529e-08,-0.000125194
-3.52529e-08,-0.000127789
-3.51529e-08,-0.000125843
-3.50529e-08,-0.000120654
-3.49529e-08,-0.000113519
-3.48529e-08,-0.000104438
-3.47529e-08,-9.40603e-05
-3.46529e-08,-8.30338e-05
-3.45529e-08,-7.20072e-05
-3.44529e-08,-6.03321e-05
-3.43529e-08,-4.80083e-05
-3.42529e-08,-3.43872e-05
-3.41529e-08,-2.01176e-05
-3.40529e-08,-5.84796e-06
-3.39529e-08,9.0703e-06
-3.38529e-08,2.39886e-05
-3.37529e-08,3.6961e-05
-3.36529e-08,4.86361e-05
-3.35529e-08,5.77168e-05
-3.34529e-08,6.29058e-05
-3.33529e-08,6.55003e-05
-3.32529e-08,6.48516e-05
-3.31529e-08,6.16085e-05
-3.30529e-08,5.77168e-05
-3.29529e-08,5.38251e-05
-3.28529e-08,4.99334e-05
-3.27529e-08,4.79875e-05
-3.26529e-08,4.73389e-05
-3.25529e-08,4.66903e-05
-3.24529e-08,4.66903e-05
-3.23529e-08,4.47444e-05
-3.22529e-08,4.02041e-05
-3.21529e-08,3.11234e-05
-3.20529e-08,1.87996e-05
-3.19529e-08,2.5841e-06
-3.18529e-08,-1.55773e-05
-3.17529e-08,-3.50359e-05
-3.16529e-08,-5.38459e-05
-3.15529e-08,-7.00614e-05
-3.14529e-08,-8.30338e-05
-3.13529e-08,-9.21144e-05
-3.12529e-08,-9.53575e-05
-3.11529e-08,-9.40603e-05
-3.10529e-08,-8.952e-05
-3.09529e-08,-8.30338e-05
-3.08529e-08,-7.58989e-05
-3.07529e-08,-6.87641e-05
-3.06529e-08,-6.35752e-05
-3.05529e-08,-6.03321e-05
-3.04529e-08,-5.83862e-05
-3.03529e-08,-5.77376e-05
-3.02529e-08,-5.77376e-05
-3.01529e-08,-5.57917e-05
-3.00529e-08,-5.19e-05
-2.99529e-08,-4.60624e-05
-2.98529e-08,-3.69817e-05
-2.97529e-08,-2.72524e-05
-2.96529e-08,-1.62259e-05
-2.95529e-08,-5.19934e-06
-2.94529e-08,3.88134e-06
-2.93529e-08,9.71892e-06
-2.92529e-08,1.23134e-05
-2.91529e-08,1.10162e-05
-2.90529e-08,5.17858e-06
-2.89529e-08,-3.9021e-06
-2.88529e-08,-1.49286e-05
-2.87529e-08,-2.66038e-05
-2.86529e-08,-3.89276e-05
-2.85529e-08,-4.99541e-05
-2.84529e-08,-6.03321e-05
-2.83529e-08,-6.94127e-05
-2.82529e-08,-7.78448e-05
-2.81529e-08,-8.49796e-05
-2.80529e-08,-9.14658e-05
-2.79529e-08,-9.60062e-05
-2.78529e-08,-9.98979e-05
-2.77529e-08,-0.000102492
-2.76529e-08,-0.000103141
-2.75529e-08,-0.000100547
-2.74529e-08,-9.53575e-05
-2.73529e-08,-8.75741e-05
-2.72529e-08,-7.78448e-05
-2.71529e-08,-6.61696e-05
-2.70529e-08,-5.31972e-05
-2.69529e-08,-4.21707e-05
-2.68529e-08,-3.24414e-05
-2.67529e-08,-2.59552e-05
-2.66529e-08,-2.27121e-05
-2.65529e-08,-2.27121e-05
-2.64529e-08,-2.59552e-05
-2.63529e-08,-2.98469e-05
-2.62529e-08,-3.37386e-05
-2.61529e-08,-3.63331e-05
-2.60529e-08,-3.69817e-05
-2.59529e-08,-3.56845e-05
-2.58529e-08,-3.11441e-05
-2.57529e-08,-2.53066e-05
-2.56529e-08,-1.81717e-05
-2.55529e-08,-1.16855e-05
-2.54529e-08,-6.49658e-06
-2.53529e-08,-3.9021e-06
-2.52529e-08,-3.25348e-06
-2.51529e-08,-5.19934e-06
-2.50529e-08,-7.1452e-06
-2.49529e-08,-9.73968e-06
-2.48529e-08,-1.10369e-05
-2.47529e-08,-9.73968e-06
-2.46529e-08,-5.19934e-06
-2.45529e-08,4.52996e-06
-2.44529e-08,1.8151e-05
-2.43529e-08,3.50151e-05
-2.42529e-08,5.51223e-05
-2.41529e-08,7.58782e-05
-2.40529e-08,9.72826e-05
-2.39529e-08,0.000116741
-2.38529e-08,0.000134903
-2.37529e-08,0.000148524
-2.36529e-08,0.00015955
-2.35529e-08,0.000166685
-2.34529e-08,0.000170577
-2.33529e-08,0.000171874
-2.32529e-08,0.000171225
-2.31529e-08,0.000168631
-2.30529e-08,0.000166036
-2.29529e-08,0.000162793
-2.28529e-08,0.000160199
-2.27529e-08,0.000158253
-2.26529e-08,0.000156307
-2.25529e-08,0.000154361
-2.24529e-08,0.000151767
-2.23529e-08,0.000149821
-2.22529e-08,0.000146578
-2.21529e-08,0.00014074
-2.20529e-08,0.000133605
-2.19529e-08,0.000123876
-2.18529e-08,0.000109606
-2.17529e-08,9.20937e-05
-2.16529e-08,7.19865e-05
-2.15529e-08,4.99334e-05
-2.14529e-08,2.6583e-05
-2.13529e-08,3.23272e-06
-2.12529e-08,-1.88204e-05
-2.11529e-08,-3.76303e-05
-2.10529e-08,-5.25486e-05
-2.09529e-08,-6.29265e-05
-2.08529e-08,-6.74669e-05
-2.07529e-08,-6.61696e-05
-2.06529e-08,-6.03321e-05
-2.05529e-08,-5.19e-05
-2.04529e-08,-4.08734e-05
-2.03529e-08,-2.98469e-05
-2.02529e-08,-2.07662e-05
-2.01529e-08,-1.62259e-05
-2.00529e-08,-1.62259e-05
-1.99529e-08,-2.07662e-05
-1.98529e-08,-3.04955e-05
-1.97529e-08,-4.28193e-05
-1.96529e-08,-5.64403e-05
-1.95529e-08,-6.87641e-05
-1.94529e-08,-7.84934e-05
-1.93529e-08,-8.49796e-05
-1.92529e-08,-8.62769e-05
-1.91529e-08,-8.10879e-05
-1.90529e-08,-7.071e-05
-1.89529e-08,-5.7089e-05
-1.88529e-08,-4.08734e-05
-1.87529e-08,-2.40093e-05
-1.86529e-08,-7.79382e-06
-1.85529e-08,6.47582e-06
-1.84529e-08,2.00968e-05
-1.83529e-08,3.1772e-05
-1.82529e-08,4.34472e-05
-1.81529e-08,5.31765e-05
-1.80529e-08,6.22572e-05
-1.79529e-08,7.19865e-05
-1.78529e-08,8.10671e-05
-1.77529e-08,8.94992e-05
-1.76529e-08,9.53368e-05
-1.75529e-08,9.92285e-05
-1.74529e-08,0.000100526
-1.73529e-08,9.85799e-05
-1.72529e-08,9.33909e-05
-1.71529e-08,8.56075e-05
-1.70529e-08,7.58782e-05
-1.69529e-08,6.4203e-05
-1.68529e-08,5.18792e-05
-1.67529e-08,4.02041e-05
-1.66529e-08,2.91775e-05
-1.65529e-08,1.94482e-05
-1.64529e-08,9.0703e-06
-1.63529e-08,-1.30762e-06
-1.62529e-08,-1.29828e-05
-1.61529e-08,-2.59552e-05
-1.60529e-08,-3.8279e-05
-1.59529e-08,-4.93055e-05
-1.58529e-08,-5.90348e-05
-1.57529e-08,-6.5521e-05
-1.56529e-08,-6.87641e-05
-1.55529e-08,-6.74669e-05
-1.54529e-08,-6.09807e-05
-1.53529e-08,-4.93055e-05
-1.52529e-08,-3.43872e-05
-1.51529e-08,-1.68745e-05
-1.50529e-08,1.28686e-06
-1.49529e-08,1.8151e-05
-1.48529e-08,3.30692e-05
-1.47529e-08,4.5393e-05
-1.46529e-08,5.44737e-05
-1.45529e-08,6.03113e-05
-1.44529e-08,6.35544e-05
-1.43529e-08,6.55003e-05
-1.42529e-08,6.61489e-05
-1.41529e-08,6.67975e-05
-1.40529e-08,6.87434e-05
-1.39529e-08,7.26351e-05
-1.38529e-08,7.7824e-05
-1.37529e-08,8.43102e-05
-1.36529e-08,9.07964e-05
-1.35529e-08,9.6634e-05
-1.34529e-08,0.000101823
-1.33529e-08,0.000105066
-1.32529e-08,0.000104417
-1.31529e-08,9.98771e-05
-1.30529e-08,9.14451e-05
-1.29529e-08,7.84727e-05
-1.28529e-08,6.22572e-05
-1.27529e-08,4.34472e-05
-1.26529e-08,2.20427e-05
-1.25529e-08,-1.30762e-06
-1.24529e-08,-2.59552e-05
-1.23529e-08,-4.93055e-05
-1.22529e-08,-7.26558e-05
-1.21529e-08,-9.34117e-05
-1.20529e-08,-0.000111573
-1.19529e-08,-0.000125194
-1.18529e-08,-0.000135572
-1.17529e-08,-0.000142058
-1.16529e-08,-0.000144653
-1.15529e-08,-0.000142058
-1.14529e-08,-0.000135572
-1.13529e-08,-0.000125843
-1.12529e-08,-0.00011287
-1.11529e-08,-9.7952e-05
-1.10529e-08,-8.23851e-05
-1.09529e-08,-6.68183e-05
-1.08529e-08,-5.19e-05
-1.07529e-08,-3.89276e-05
-1.06529e-08,-2.85497e-05
-1.05529e-08,-2.14148e-05
-1.04529e-08,-1.75231e-05
-1.03529e-08,-1.55773e-05
-1.02529e-08,-1.55773e-05
-1.01529e-08,-1.68745e-05
-1.00529e-08,-1.88204e-05
-9.952904e-09,-1.9469e-05
-9.852904e-09,-1.88204e-05
-9.752904e-09,-1.68745e-05
-9.652904e-09,-1.23342e-05
-9.552904e-09,-5.19934e-06
-9.452904e-09,2.5841e-06
-9.352904e-09,9.71892e-06
-9.252904e-09,1.62051e-05
-9.152904e-09,2.13941e-05
-9.052904e-09,2.52858e-05
-8.952904e-09,2.59344e-05
-8.852904e-09,2.46372e-05
-8.752904e-09,2.07455e-05
-8.652904e-09,1.42593e-05
-8.552904e-09,4.52996e-06
-8.452904e-09,-7.1452e-06
-8.352904e-09,-2.07662e-05
-8.252904e-09,-3.50359e-05
-8.152904e-09,-4.93055e-05
-8.052904e-09,-6.29265e-05
-7.952904e-09,-7.46017e-05
-7.852904e-09,-8.23851e-05
-7.752904e-09,-8.62769e-05
-7.652904e-09,-8.56282e-05
-7.552904e-09,-7.9142e-05
-7.452904e-09,-6.87641e-05
-7.352904e-09,-5.51431e-05
-7.252904e-09,-3.8279e-05
-7.152904e-09,-1.9469e-05
-7.052904e-09,-1.95624e-06
-6.952904e-09,1.36106e-05
-6.852904e-09,2.46372e-05
-6.752904e-09,3.1772e-05
-6.652904e-09,3.37179e-05
-6.552904e-09,3.11234e-05
-6.452904e-09,2.33399e-05
-6.352904e-09,1.2962e-05
-6.252904e-09,6.38242e-07
-6.152904e-09,-1.16855e-05
-6.052904e-09,-2.27121e-05
-5.952904e-09,-3.24414e-05
-5.852904e-09,-3.95762e-05
-5.752904e-09,-4.34679e-05
-5.652904e-09,-4.6711e-05
-5.552904e-09,-4.86569e-05
-5.452904e-09,-5.19e-05
-5.352904e-09,-5.57917e-05
-5.252904e-09,-6.22779e-05
-5.152904e-09,-7.071e-05
-5.052904e-09,-8.04393e-05
-4.952904e-09,-9.14658e-05
-4.852904e-09,-0.000101844
-4.752904e-09,-0.000109627
-4.652904e-09,-0.000113519
-4.552904e-09,-0.000113519
-4.452904e-09,-0.000108979
-4.352904e-09,-9.98979e-05
-4.252904e-09,-8.75741e-05
-4.152904e-09,-7.33045e-05
-4.052904e-09,-5.90348e-05
-3.952904e-09,-4.6711e-05
-3.852904e-09,-3.63331e-05
-3.752904e-09,-3.04955e-05
-3.652904e-09,-2.98469e-05
-3.552904e-09,-3.37386e-05
-3.452904e-09,-4.21707e-05
-3.352904e-09,-5.38459e-05
-3.252904e-09,-6.87641e-05
-3.152904e-09,-8.36824e-05
-3.052904e-09,-9.98979e-05
-2.952904e-09,-0.000115465
-2.852904e-09,-0.000129734
-2.752904e-09,-0.00014141
-2.652904e-09,-0.000151139
-2.552904e-09,-0.00016022
-2.452904e-09,-0.000168003
-2.352904e-09,-0.000175138
-2.252904e-09,-0.000182273
-2.152904e-09,-0.000191353
-2.052904e-09,-0.00020238
-1.952904e-09,-0.000217298
-1.852904e-09,-0.000238054
-1.752904e-09,-0.000265296
-1.652904e-09,-0.000299673
-1.552904e-09,-0.000342482
-1.452904e-09,-0.000393074
-1.352904e-09,-0.000452747
-1.252904e-09,-0.000520204
-1.152904e-09,-0.000595444
-1.052904e-09,-0.000677818
-9.529036e-10,-0.000766679
-8.529036e-10,-0.000861378
-7.529036e-10,-0.000961265
-6.529036e-10,-0.00106634
-5.529036e-10,-0.00117855
-4.529036e-10,-0.0012966
-3.529036e-10,-0.00142243
-2.529036e-10,-0.0015567
-1.529036e-10,-0.00170069
-5.290357e-11,-0.00185506
4.709643e-11,-0.00201981
1.470964e-10,-0.00219494
2.470964e-10,-0.0023785
3.470964e-10,-0.00256919
4.470964e-10,-0.00276573
5.470964e-10,-0.0029668
6.470964e-10,-0.00317047
7.470964e-10,-0.00337478
8.470964e-10,-0.0035791
9.470964e-10,-0.00378147
1.047096e-09,-0.00398124
1.147096e-09,-0.00417907
1.247096e-09,-0.00437366
1.347096e-09,-0.004565
1.447096e-09,-0.0047531
1.547096e-09,-0.00493666
1.647096e-09,-0.00511568
1.747096e-09,-0.00528756
1.847096e-09,-0.00545166
1.947096e-09,-0.00560539
2.047096e-09,-0.00574808
2.147096e-09,-0.00587781
2.247096e-09,-0.00599261
2.347096e-09,-0.0060912
2.447096e-09,-0.00617423
2.547096e-09,-0.00624038
2.647096e-09,-0.00629163
2.747096e-09,-0.00632795
2.847096e-09,-0.00635
2.947096e-09,-0.00635908
3.047096e-09,-0.00635584
3.147096e-09,-0.00634092
3.247096e-09,-0.00631562
3.347096e-09,-0.00627865
3.447096e-09,-0.00623195
3.547096e-09,-0.00617617
3.647096e-09,-0.00611196
3.747096e-09,-0.00604191
3.847096e-09,-0.00596732
3.947096e-09,-0.00589013
4.047096e-09,-0.00581359
4.147096e-09,-0.00573835
4.247096e-09,-0.00566571
4.347096e-09,-0.00559631
4.447096e-09,-0.00553015
4.547096e-09,-0.00546658
4.647096e-09,-0.00540496
4.747096e-09,-0.00534205
4.847096e-09,-0.00527718
4.947096e-09,-0.00520908
5.047096e-09,-0.00513838
5.147096e-09,-0.00506314
5.247096e-09,-0.0049853
5.347096e-09,-0.00490423
5.447096e-09,-0.0048225
5.547096e-09,-0.00474078
5.647096e-09,-0.00466164
5.747096e-09,-0.00458511
5.847096e-09,-0.00451311
5.947096e-09,-0.004445
6.047096e-09,-0.00438209
6.147096e-09,-0.00432436
6.247096e-09,-0.00427053
6.347096e-09,-0.00421928
6.447096e-09,-0.00416999
6.547096e-09,-0.00412199
6.647096e-09,-0.00407399
6.747096e-09,-0.00402405
6.847096e-09,-0.00397281
6.947096e-09,-0.00391768
7.047096e-09,-0.00385995
7.147096e-09,-0.00379768
7.247096e-09,-0.00373087
7.347096e-09,-0.00366017
7.447096e-09,-0.00358623
7.547096e-09,-0.00350905
7.647096e-09,-0.00343121
7.747096e-09,-0.00335338
7.847096e-09,-0.00327684
7.947096e-09,-0.0032029
8.047096e-09,-0.00313285
8.147096e-09,-0.00306604
8.247096e-09,-0.00300312
8.347096e-09,-0.00294345
8.447096e-09,-0.00288507
8.547096e-09,-0.00282735
8.647096e-09,-0.00276832
8.747096e-09,-0.00270541
8.847096e-09,-0.002636
8.947096e-09,-0.00256011
9.047096e-09,-0.00247709
9.147096e-09,-0.00238823
9.247096e-09,-0.00229418
9.347096e-09,-0.00219689
9.447096e-09,-0.0020983
9.547096e-09,-0.00200165
9.647096e-09,-0.00190825
9.747096e-09,-0.00182198
9.847096e-09,-0.0017435
9.947096e-09,-0.00167475
1.00471e-08,-0.00161637
1.01471e-08,-0.00156837
1.02471e-08,-0.00153075
1.03471e-08,-0.00150286
1.04471e-08,-0.00148276
1.05471e-08,-0.00146978
1.06471e-08,-0.00146265
1.07471e-08,-0.0014607
1.08471e-08,-0.00146135
1.09471e-08,-0.00146459
1.10471e-08,-0.00146914
1.11471e-08,-0.00147368
1.12471e-08,-0.00147757
1.13471e-08,-0.00147951
1.14471e-08,-0.00148016
1.15471e-08,-0.00147822
1.16471e-08,-0.00147432
1.17471e-08,-0.00146914
1.18471e-08,-0.001462
1.19471e-08,-0.00145422
1.20471e-08,-0.00144514
1.21471e-08,-0.00143606
1.22471e-08,-0.00142827
1.23471e-08,-0.00142179
1.24471e-08,-0.00141595
1.25471e-08,-0.00141206
1.26471e-08,-0.00140881
1.27471e-08,-0.00140752
1.28471e-08,-0.00140816
1.29471e-08,-0.00141076
1.30471e-08,-0.0014166
1.31471e-08,-0.00142503
1.32471e-08,-0.0014367
1.33471e-08,-0.00144968
1.34471e-08,-0.00146524
1.35471e-08,-0.00148081
1.36471e-08,-0.00149638
1.37471e-08,-0.00151065
1.38471e-08,-0.00152167
1.39471e-08,-0.00152751
1.40471e-08,-0.00152621
1.41471e-08,-0.00151778
1.42471e-08,-0.00150286
1.43471e-08,-0.00148016
1.44471e-08,-0.00145162
1.45471e-08,-0.00141789
1.46471e-08,-0.00138222
1.47471e-08,-0.00134655
1.48471e-08,-0.00131282
1.49471e-08,-0.00128168
1.50471e-08,-0.00125574
1.51471e-08,-0.00123433
1.52471e-08,-0.00121877
1.53471e-08,-0.00120709
1.54471e-08,-0.00119866
1.55471e-08,-0.00119217
1.56471e-08,-0.00118569
1.57471e-08,-0.00117855
1.58471e-08,-0.00116882
1.59471e-08,-0.0011565
1.60471e-08,-0.00114158
1.61471e-08,-0.00112666
1.62471e-08,-0.0011111
1.63471e-08,-0.00109683
1.64471e-08,-0.0010845
1.65471e-08,-0.00107413
1.66471e-08,-0.00106699
1.67471e-08,-0.00106245
1.68471e-08,-0.00105921
1.69471e-08,-0.00105532
1.70471e-08,-0.00104948
1.71471e-08,-0.0010404
1.72471e-08,-0.00102742
1.73471e-08,-0.00100991
1.74471e-08,-0.000988507
1.75471e-08,-0.00096386
1.76471e-08,-0.000937915
1.77471e-08,-0.000912619
1.78471e-08,-0.000889269
1.79471e-08,-0.000869161
1.80471e-08,-0.000852297
1.81471e-08,-0.000838676
1.82471e-08,-0.00082765
1.83471e-08,-0.000816623
1.84471e-08,-0.000804948
1.85471e-08,-0.000790678
1.86471e-08,-0.000774463
1.87471e-08,-0.000756301
1.88471e-08,-0.000734897
1.89471e-08,-0.000711547
1.90471e-08,-0.000686899
1.91471e-08,-0.0006629
1.92471e-08,-0.000640847
1.93471e-08,-0.00062074
1.94471e-08,-0.000603876
1.95471e-08,-0.000588309
1.96471e-08,-0.000574688
1.97471e-08,-0.000561715
1.98471e-08,-0.000549392
1.99471e-08,-0.000536419
2.00471e-08,-0.000523447
2.01471e-08,-0.000509826
2.02471e-08,-0.000496853
2.03471e-08,-0.00048453
2.04471e-08,-0.000473503
2.05471e-08,-0.000465071
2.06471e-08,-0.000459233
2.07471e-08,-0.000454693
2.08471e-08,-0.000452099
2.09471e-08,-0.000450801
2.10471e-08,-0.000450801
2.11471e-08,-0.00045145
2.12471e-08,-0.000452099
2.13471e-08,-0.000452747
2.14471e-08,-0.000454044
2.15471e-08,-0.000455342
2.16471e-08,-0.000457936
2.17471e-08,-0.000463125
2.18471e-08,-0.000471557
2.19471e-08,-0.000483881
2.20471e-08,-0.000498799
2.21471e-08,-0.000516312
2.22471e-08,-0.000535122
2.23471e-08,-0.000553932
2.24471e-08,-0.000572093
2.25471e-08,-0.000588309
2.26471e-08,-0.000601281
2.27471e-08,-0.000611011
2.28471e-08,-0.0006162
2.29471e-08,-0.000616848
2.30471e-08,-0.000614902
2.31471e-08,-0.000609065
2.32471e-08,-0.000600633
2.33471e-08,-0.000590255
2.34471e-08,-0.000579877
2.35471e-08,-0.000570147
2.36471e-08,-0.000560418
2.37471e-08,-0.000551986
2.38471e-08,-0.000546149
2.39471e-08,-0.000542905
2.40471e-08,-0.000542257
2.41471e-08,-0.000543554
2.42471e-08,-0.000548743
2.43471e-08,-0.000557175
2.44471e-08,-0.000569499
2.45471e-08,-0.000585066
2.46471e-08,-0.000603227
2.47471e-08,-0.00062528
2.48471e-08,-0.000649279
2.49471e-08,-0.000675873
2.50471e-08,-0.000703115
2.51471e-08,-0.000729708
2.52471e-08,-0.000755004
2.53471e-08,-0.000776409
2.54471e-08,-0.000793921
2.55471e-08,-0.000805597
2.56471e-08,-0.000811434
2.57471e-08,-0.000810786
2.58471e-08,-0.000804948
2.59471e-08,-0.000792624
2.60471e-08,-0.00077576
2.61471e-08,-0.000753707
2.62471e-08,-0.000729059
2.63471e-08,-0.000702466
2.64471e-08,-0.000673927
2.65471e-08,-0.000644739
2.66471e-08,-0.000616848
2.67471e-08,-0.000590255
2.68471e-08,-0.000566904
2.69471e-08,-0.000547446
2.70471e-08,-0.000532528
2.71471e-08,-0.00052215
2.72471e-08,-0.000516312
2.73471e-08,-0.000515663
2.74471e-08,-0.000518906
2.75471e-08,-0.000526041
2.76471e-08,-0.000534473
2.77471e-08,-0.000542905
2.78471e-08,-0.000551338
2.79471e-08,-0.000557824
2.80471e-08,-0.000561715
2.81471e-08,-0.000563013
2.82471e-08,-0.000563013
2.83471e-08,-0.000561067
2.84471e-08,-0.000557824
2.85471e-08,-0.000553283
2.86471e-08,-0.000550689
2.87471e-08,-0.000548743
2.88471e-08,-0.000547446
2.89471e-08,-0.000548094
2.90471e-08,-0.000549392
2.91471e-08,-0.00055004
2.92471e-08,-0.00055004
2.93471e-08,-0.000548094
2.94471e-08,-0.000543554
2.95471e-08,-0.000536419
2.96471e-08,-0.000524744
2.97471e-08,-0.000508529
2.98471e-08,-0.00048907
2.99471e-08,-0.00046572
3.00471e-08,-0.000439775
3.01471e-08,-0.000411236
3.02471e-08,-0.000381399
3.03471e-08,-0.000351563
3.04471e-08,-0.000322375
3.05471e-08,-0.000295133
3.06471e-08,-0.000271782
3.07471e-08,-0.000252972
3.08471e-08,-0.000239351
3.09471e-08,-0.000230919
3.10471e-08,-0.000228325
3.11471e-08,-0.000231568
3.12471e-08,-0.000240648
3.13471e-08,-0.000253621
3.14471e-08,-0.000270485
3.15471e-08,-0.000289295
3.16471e-08,-0.000306808
3.17471e-08,-0.000322375
3.18471e-08,-0.000334698
3.19471e-08,-0.000342482
3.20471e-08,-0.000345076
3.21471e-08,-0.000341833
3.22471e-08,-0.000333401
3.23471e-08,-0.000320429
3.24471e-08,-0.000303565
3.25471e-08,-0.000283457
3.26471e-08,-0.000262053
3.27471e-08,-0.000239351
3.28471e-08,-0.000217298
3.29471e-08,-0.000196542
3.30471e-08,-0.000177732
3.31471e-08,-0.000162165
3.32471e-08,-0.000149193
3.33471e-08,-0.000139464
3.34471e-08,-0.000133626
3.35471e-08,-0.000132329
3.36471e-08,-0.000134923
3.37471e-08,-0.000140761
3.38471e-08,-0.000149842
3.39471e-08,-0.000162814
3.40471e-08,-0.000177732
3.41471e-08,-0.000194596
3.42471e-08,-0.000212758
3.43471e-08,-0.000231568
3.44471e-08,-0.000249729
3.45471e-08,-0.000268539
3.46471e-08,-0.000286052
3.47471e-08,-0.000304213
3.48471e-08,-0.000321726
3.49471e-08,-0.000339887
3.50471e-08,-0.000359346
3.51471e-08,-0.000380102
3.52471e-08,-0.000402803
3.53471e-08,-0.000427451
3.54471e-08,-0.000452747
3.55471e-08,-0.000477395
3.56471e-08,-0.000500097
3.57471e-08,-0.000519555
3.58471e-08,-0.000535122
3.59471e-08,-0.0005455
3.60471e-08,-0.000550689
3.61471e-08,-0.000550689
3.62471e-08,-0.000546149
3.63471e-08,-0.000539014
3.64471e-08,-0.00053123
3.65471e-08,-0.000524744
3.66471e-08,-0.000520204
3.67471e-08,-0.000518258
3.68471e-08,-0.000520204
3.69471e-08,-0.000524095
3.70471e-08,-0.000530582
3.71471e-08,-0.000535771
3.72471e-08,-0.000539014
3.73471e-08,-0.000537068
3.74471e-08,-0.000529933
3.75471e-08,-0.000516961
3.76471e-08,-0.000498151
3.77471e-08,-0.000474152
3.78471e-08,-0.00044691
3.79471e-08,-0.00041837
3.80471e-08,-0.00039048
3.81471e-08,-0.000363238
3.82471e-08,-0.000339239
3.83471e-08,-0.000317834
3.84471e-08,-0.000298376
3.85471e-08,-0.000278917
3.86471e-08,-0.000260107
3.87471e-08,-0.00024
3.88471e-08,-0.000218595
3.89471e-08,-0.000195894
3.90471e-08,-0.000172543
3.91471e-08,-0.000149842
3.92471e-08,-0.000128437
3.93471e-08,-0.000109627
3.94471e-08,-9.47089e-05
3.95471e-08,-8.4331e-05
3.96471e-08,-7.78448e-05
3.97471e-08,-7.46017e-05
3.98471e-08,-7.46017e-05
3.99471e-08,-7.58989e-05
4.00471e-08,-7.78448e-05
4.01471e-08,-7.97907e-05
4.02471e-08,-7.97907e-05
4.03471e-08,-7.97907e-05
4.04471e-08,-7.84934e-05
4.05471e-08,-7.78448e-05
4.06471e-08,-7.9142e-05
4.07471e-08,-8.17365e-05
4.08471e-08,-8.56282e-05
4.09471e-08,-9.14658e-05
4.10471e-08,-9.86006e-05
4.11471e-08,-0.000106384
4.12471e-08,-0.000113519
4.13471e-08,-0.000119356
4.14471e-08,-0.000123248
4.15471e-08,-0.000125194
4.16471e-08,-0.000125194
4.17471e-08,-0.000124545
4.18471e-08,-0.000124545
4.19471e-08,-0.00012714
4.20471e-08,-0.000130383
4.21471e-08,-0.000136869
4.22471e-08,-0.000145301
4.23471e-08,-0.000155679
4.24471e-08,-0.000166706
4.25471e-08,-0.000177732
4.26471e-08,-0.000187462
4.27471e-08,-0.000194596
4.28471e-08,-0.00019784
4.29471e-08,-0.000199137
4.30471e-08,-0.000197191
4.31471e-08,-0.000193948
4.32471e-08,-0.000190056
4.33471e-08,-0.000185516
4.34471e-08,-0.00018357
4.35471e-08,-0.000184219
4.36471e-08,-0.00018811
4.37471e-08,-0.000195894
4.38471e-08,-0.000206272
4.39471e-08,-0.000219244
4.40471e-08,-0.000233514
4.41471e-08,-0.000247783
4.42471e-08,-0.000262053
4.43471e-08,-0.000275674
4.44471e-08,-0.000287349
4.45471e-08,-0.00029643
4.46471e-08,-0.000303565
4.47471e-08,-0.000309402
4.48471e-08,-0.000313294
4.49471e-08,-0.000317186
4.50471e-08,-0.000320429
4.51471e-08,-0.000323672
4.52471e-08,-0.000326915
4.53471e-08,-0.000329509
4.54471e-08,-0.000332104
4.55471e-08,-0.00033405
4.56471e-08,-0.000335996
4.57471e-08,-0.000336644
4.58471e-08,-0.000335996
4.59471e-08,-0.000335347
4.60471e-08,-0.000332753
4.61471e-08,-0.000329509
4.62471e-08,-0.00032432
4.63471e-08,-0.000315888
4.64471e-08,-0.000304862
4.65471e-08,-0.000290592
4.66471e-08,-0.000273079
4.67471e-08,-0.000251675
4.68471e-08,-0.000226379
4.69471e-08,-0.000199137
4.70471e-08,-0.000170597
4.71471e-08,-0.000142058
4.72471e-08,-0.000115465
4.73471e-08,-9.34117e-05
4.74471e-08,-7.65476e-05
4.75471e-08,-6.61696e-05
4.76471e-08,-6.22779e-05
4.77471e-08,-6.48724e-05
4.78471e-08,-7.33045e-05
4.79471e-08,-8.56282e-05
4.80471e-08,-9.98979e-05
4.81471e-08,-0.000114168
4.82471e-08,-0.000127789
4.83471e-08,-0.000138815
4.84471e-08,-0.000147247
4.85471e-08,-0.000152436
4.86471e-08,-0.000155679
4.87471e-08,-0.000157625
4.88471e-08,-0.000158274
4.89471e-08,-0.000160868
4.90471e-08,-0.000165409
4.91471e-08,-0.000172543
4.92471e-08,-0.000181624
4.93471e-08,-0.000192002
4.94471e-08,-0.000204326
4.95471e-08,-0.00021665
4.96471e-08,-0.000228973
4.97471e-08,-0.00024
4.98471e-08,-0.000247783
4.99471e-08,-0.000252972
5.00471e-08,-0.000255567
5.01471e-08,-0.000254918
5.02471e-08,-0.000252324
5.03471e-08,-0.000247783
5.04471e-08,-0.000242594
5.05471e-08,-0.000237405
5.06471e-08,-0.000233514
5.07471e-08,-0.000230919
5.08471e-08,-0.000228973
5.09471e-08,-0.000228973
5.10471e-08,-0.000230271
5.11471e-08,-0.000231568
5.12471e-08,-0.000232216
5.13471e-08,-0.000232216
5.14471e-08,-0.000230919
5.15471e-08,-0.000227676
5.16471e-08,-0.000221838
5.17471e-08,-0.000213406
5.18471e-08,-0.00020238
5.19471e-08,-0.000189407
5.20471e-08,-0.000177084
5.21471e-08,-0.000165409
5.22471e-08,-0.000155679
5.23471e-08,-0.000149193
5.24471e-08,-0.000146599
5.25471e-08,-0.000148544
5.26471e-08,-0.000155679
5.27471e-08,-0.000166706
5.28471e-08,-0.000181624
5.29471e-08,-0.000198488
5.30471e-08,-0.000216001
5.31471e-08,-0.000233514
5.32471e-08,-0.000247783
5.33471e-08,-0.000258161
5.34471e-08,-0.000265945
5.35471e-08,-0.000269188
5.36471e-08,-0.000269188
5.37471e-08,-0.000266593
5.38471e-08,-0.00026335
5.39471e-08,-0.000260107
5.40471e-08,-0.00025881
5.41471e-08,-0.00025881
5.42471e-08,-0.000261404
5.43471e-08,-0.000266593
5.44471e-08,-0.000273728
5.45471e-08,-0.000282809
5.46471e-08,-0.000291241
5.47471e-08,-0.000298376
5.48471e-08,-0.000302267
5.49471e-08,-0.000301619
5.50471e-08,-0.000297078
5.51471e-08,-0.000287998
5.52471e-08,-0.000273728
5.53471e-08,-0.000256864
5.54471e-08,-0.000238703
5.55471e-08,-0.000220541
5.56471e-08,-0.000203677
5.57471e-08,-0.000190056
5.58471e-08,-0.000180327
5.59471e-08,-0.000175786
5.60471e-08,-0.000175138
5.61471e-08,-0.000179678
5.62471e-08,-0.000186813
5.63471e-08,-0.000196542
5.64471e-08,-0.00020692
5.65471e-08,-0.000217298
5.66471e-08,-0.00022573
5.67471e-08,-0.000231568
5.68471e-08,-0.000234162
5.69471e-08,-0.000234162
5.70471e-08,-0.000232216
5.71471e-08,-0.000227676
5.72471e-08,-0.00022119
5.73471e-08,-0.000214055
5.74471e-08,-0.00020692
5.75471e-08,-0.000200434
5.76471e-08,-0.000193299
5.77471e-08,-0.000186813
5.78471e-08,-0.000180327
5.79471e-08,-0.000173841
5.80471e-08,-0.000165409
5.81471e-08,-0.000155679
5.82471e-08,-0.000145301
5.83471e-08,-0.000133626
5.84471e-08,-0.000121302
5.85471e-08,-0.000110276
5.86471e-08,-9.98979e-05
5.87471e-08,-9.21144e-05
5.88471e-08,-8.69255e-05
5.89471e-08,-8.4331e-05
5.90471e-08,-8.49796e-05
5.91471e-08,-8.82227e-05
5.92471e-08,-9.14658e-05
5.93471e-08,-9.47089e-05
5.94471e-08,-9.73034e-05
5.95471e-08,-9.73034e-05
5.96471e-08,-9.40603e-05
5.97471e-08,-8.69255e-05
5.98471e-08,-7.65476e-05
5.99471e-08,-6.48724e-05
6.00471e-08,-5.12514e-05
6.01471e-08,-3.69817e-05
6.02471e-08,-2.40093e-05
6.03471e-08,-1.29828e-05
6.04471e-08,-3.9021e-06
6.05471e-08,1.93548e-06
6.06471e-08,5.17858e-06
6.07471e-08,6.47582e-06
6.08471e-08,6.47582e-06
6.09471e-08,5.8272e-06
6.10471e-08,3.88134e-06
6.11471e-08,1.93548e-06
6.12471e-08,1.28686e-06
6.13471e-08,1.28686e-06
6.14471e-08,1.28686e-06
6.15471e-08,1.93548e-06
6.16471e-08,3.23272e-06
6.17471e-08,4.52996e-06
6.18471e-08,5.17858e-06
6.19471e-08,5.17858e-06
6.20471e-08,4.52996e-06
6.21471e-08,2.5841e-06
6.22471e-08,-1.95624e-06
6.23471e-08,-7.79382e-06
6.24471e-08,-1.428e-05
6.25471e-08,-2.27121e-05
6.26471e-08,-3.24414e-05
6.27471e-08,-4.21707e-05
6.28471e-08,-5.12514e-05
6.29471e-08,-5.96834e-05
6.30471e-08,-6.61696e-05
6.31471e-08,-7.071e-05
6.32471e-08,-7.20072e-05
6.33471e-08,-7.00614e-05
6.34471e-08,-6.5521e-05
6.35471e-08,-5.7089e-05
6.36471e-08,-4.47652e-05
6.37471e-08,-2.98469e-05
6.38471e-08,-1.428e-05
6.39471e-08,2.5841e-06
6.40471e-08,1.94482e-05
6.41471e-08,3.56637e-05
6.42471e-08,4.99334e-05
6.43471e-08,6.09599e-05
6.44471e-08,6.9392e-05
6.45471e-08,7.45809e-05
6.46471e-08,7.45809e-05
6.47471e-08,7.00406e-05
6.48471e-08,6.09599e-05
6.49471e-08,4.79875e-05
6.50471e-08,2.98261e-05
6.51471e-08,8.42168e-06
6.52471e-08,-1.49286e-05
6.53471e-08,-3.89276e-05
6.54471e-08,-6.35752e-05
6.55471e-08,-8.56282e-05
6.56471e-08,-0.000105087
6.57471e-08,-0.000119356
6.58471e-08,-0.000129734
6.59471e-08,-0.000133626
6.60471e-08,-0.00013168
6.61471e-08,-0.000125843
6.62471e-08,-0.000116762
6.63471e-08,-0.000105087
6.64471e-08,-9.21144e-05
6.65471e-08,-7.84934e-05
6.66471e-08,-6.61696e-05
6.67471e-08,-5.57917e-05
6.68471e-08,-4.6711e-05
6.69471e-08,-3.95762e-05
6.70471e-08,-3.43872e-05
6.71471e-08,-3.11441e-05
6.72471e-08,-2.98469e-05
6.73471e-08,-3.11441e-05
6.74471e-08,-3.43872e-05
6.75471e-08,-4.02248e-05
6.76471e-08,-4.86569e-05
6.77471e-08,-5.90348e-05
6.78471e-08,-7.26558e-05
6.79471e-08,-8.88713e-05
6.80471e-08,-0.000106384
6.81471e-08,-0.000124545
6.82471e-08,-0.00014141
6.83471e-08,-0.000156328
6.84471e-08,-0.000166706
6.85471e-08,-0.000171895
6.86471e-08,-0.000171895
6.87471e-08,-0.000166057
6.88471e-08,-0.000154382
6.89471e-08,-0.000136869
6.90471e-08,-0.000114816
6.91471e-08,-8.952e-05
6.92471e-08,-6.29265e-05
6.93471e-08,-3.50359e-05
6.94471e-08,-7.1452e-06
6.95471e-08,1.94482e-05
6.96471e-08,4.47444e-05
6.97471e-08,6.67975e-05
6.98471e-08,8.43102e-05
6.99471e-08,9.85799e-05
7.00471e-08,0.000108309
7.01471e-08,0.00011285
7.02471e-08,0.000112201
7.03471e-08,0.000106363
7.04471e-08,9.46882e-05
7.05471e-08,7.7824e-05
7.06471e-08,5.5771e-05
7.07471e-08,3.04748e-05
7.08471e-08,1.93548e-06
7.09471e-08,-2.72524e-05
7.10471e-08,-5.83862e-05
7.11471e-08,-8.82227e-05
7.12471e-08,-0.000116762
7.13471e-08,-0.000142707
7.14471e-08,-0.000166706
7.15471e-08,-0.00018811
7.16471e-08,-0.000205623
7.17471e-08,-0.000219893
7.18471e-08,-0.000230919
7.19471e-08,-0.000237405
7.20471e-08,-0.00024
7.21471e-08,-0.000239351
7.22471e-08,-0.000236108
7.23471e-08,-0.000231568
7.24471e-08,-0.000225082
7.25471e-08,-0.000217947
7.26471e-08,-0.000212109
7.27471e-08,-0.000206272
7.28471e-08,-0.000201731
7.29471e-08,-0.000199137
7.30471e-08,-0.000199137
7.31471e-08,-0.000200434
7.32471e-08,-0.00020238
7.33471e-08,-0.000204974
7.34471e-08,-0.000207569
7.35471e-08,-0.000209515
7.36471e-08,-0.000210812
7.37471e-08,-0.000210163
7.38471e-08,-0.000208217
7.39471e-08,-0.000204974
7.40471e-08,-0.000201083
7.41471e-08,-0.000195894
7.42471e-08,-0.000189407
7.43471e-08,-0.00018357
7.44471e-08,-0.000177084
7.45471e-08,-0.000170597
7.46471e-08,-0.000163463
7.47471e-08,-0.000155031
7.48471e-08,-0.000145301
7.49471e-08,-0.000133626
7.50471e-08,-0.000120005
7.51471e-08,-0.00010379
7.52471e-08,-8.36824e-05
7.53471e-08,-6.16293e-05
7.54471e-08,-3.76303e-05
7.55471e-08,-1.29828e-05
7.56471e-08,1.23134e-05
7.57471e-08,3.63124e-05
7.58471e-08,5.83654e-05
7.59471e-08,7.7824e-05
7.60471e-08,9.33909e-05
7.61471e-08,0.000104417
7.62471e-08,0.000110904
7.63471e-08,0.000112201
7.64471e-08,0.000107012
7.65471e-08,9.6634e-05
7.66471e-08,8.10671e-05
7.67471e-08,6.03113e-05
7.68471e-08,3.43665e-05
7.69471e-08,4.52996e-06
7.70471e-08,-2.85497e-05
7.71471e-08,-6.22779e-05
7.72471e-08,-9.53575e-05
