LECROYWaveRunner‘N,20113,Waveform
Segments,1,SegmentSize,2002
Segment,TrigTime,TimeSinceSegment1
#1,28-Sep-2018 13:20:42,0                 
Time,Ampl
-1.228345e-07,7.19865e-05
-1.227345e-07,7.52296e-05
-1.226345e-07,8.17158e-05
-1.225345e-07,9.07964e-05
-1.224345e-07,9.98771e-05
-1.223345e-07,0.000109606
-1.222345e-07,0.00011739
-1.221345e-07,0.000123876
-1.220345e-07,0.000127119
-1.219345e-07,0.000127768
-1.218345e-07,0.000127768
-1.217345e-07,0.000127119
-1.216345e-07,0.000126471
-1.215345e-07,0.000127119
-1.214345e-07,0.000131011
-1.213345e-07,0.000137497
-1.212345e-07,0.000147875
-1.211345e-07,0.000162145
-1.210345e-07,0.000179009
-1.209345e-07,0.000197819
-1.208345e-07,0.000217926
-1.207345e-07,0.000237385
-1.206345e-07,0.000254897
-1.205345e-07,0.00026787
-1.204345e-07,0.000275653
-1.203345e-07,0.00027695
-1.202345e-07,0.00027241
-1.201345e-07,0.000262032
-1.200345e-07,0.000246465
-1.199345e-07,0.000226358
-1.198345e-07,0.000204954
-1.197345e-07,0.000181603
-1.196345e-07,0.000158902
-1.195345e-07,0.000136848
-1.194345e-07,0.000118687
-1.193345e-07,0.000103769
-1.192345e-07,9.27423e-05
-1.191345e-07,8.62561e-05
-1.190345e-07,8.23644e-05
-1.189345e-07,8.23644e-05
-1.188345e-07,8.49589e-05
-1.187345e-07,8.88506e-05
-1.186345e-07,9.53368e-05
-1.185345e-07,0.000102472
-1.184345e-07,0.000109606
-1.183345e-07,0.000118038
-1.182345e-07,0.000125822
-1.181345e-07,0.000134254
-1.180345e-07,0.000141389
-1.179345e-07,0.000148524
-1.178345e-07,0.00015501
-1.177345e-07,0.000160199
-1.176345e-07,0.000163442
-1.175345e-07,0.000164739
-1.174345e-07,0.000161496
-1.173345e-07,0.000154361
-1.172345e-07,0.00014074
-1.171345e-07,0.000122579
-1.170345e-07,9.98771e-05
-1.169345e-07,7.32837e-05
-1.168345e-07,4.40958e-05
-1.167345e-07,1.49079e-05
-1.166345e-07,-1.23342e-05
-1.165345e-07,-3.63331e-05
-1.164345e-07,-5.44945e-05
-1.163345e-07,-6.48724e-05
-1.162345e-07,-6.74669e-05
-1.161345e-07,-6.22779e-05
-1.160345e-07,-4.99541e-05
-1.159345e-07,-3.24414e-05
-1.158345e-07,-1.03883e-05
-1.157345e-07,1.49079e-05
-1.156345e-07,4.08527e-05
-1.155345e-07,6.55003e-05
-1.154345e-07,8.8202e-05
-1.153345e-07,0.000108958
-1.152345e-07,0.000125822
-1.151345e-07,0.000140092
-1.150345e-07,0.000151118
-1.149345e-07,0.00015955
-1.148345e-07,0.000164739
-1.147345e-07,0.000167982
-1.146345e-07,0.000169928
-1.145345e-07,0.000169928
-1.144345e-07,0.000168631
-1.143345e-07,0.000165388
-1.142345e-07,0.000161496
-1.141345e-07,0.000156307
-1.140345e-07,0.000149821
-1.139345e-07,0.000143335
-1.138345e-07,0.000136848
-1.137345e-07,0.000129065
-1.136345e-07,0.000121282
-1.135345e-07,0.000112201
-1.134345e-07,0.00010312
-1.133345e-07,9.40395e-05
-1.132345e-07,8.43102e-05
-1.131345e-07,7.52296e-05
-1.130345e-07,6.67975e-05
-1.129345e-07,6.16085e-05
-1.128345e-07,5.83654e-05
-1.127345e-07,5.90141e-05
-1.126345e-07,6.48516e-05
-1.125345e-07,7.52296e-05
-1.124345e-07,9.07964e-05
-1.123345e-07,0.000110904
-1.122345e-07,0.000134254
-1.121345e-07,0.000160199
-1.120345e-07,0.000186792
-1.119345e-07,0.000212088
-1.118345e-07,0.00023479
-1.117345e-07,0.000254249
-1.116345e-07,0.00026787
-1.115345e-07,0.000276302
-1.114345e-07,0.000280194
-1.113345e-07,0.000278896
-1.112345e-07,0.000273707
-1.111345e-07,0.000265924
-1.110345e-07,0.000257492
-1.109345e-07,0.000249708
-1.108345e-07,0.000243222
-1.107345e-07,0.00023933
-1.106345e-07,0.000238682
-1.105345e-07,0.000241925
-1.104345e-07,0.000247763
-1.103345e-07,0.000256195
-1.102345e-07,0.000265924
-1.101345e-07,0.00027695
-1.100345e-07,0.000287328
-1.099345e-07,0.000297058
-1.098345e-07,0.000304192
-1.097345e-07,0.000307436
-1.096345e-07,0.000307436
-1.095345e-07,0.000302247
-1.094345e-07,0.000293166
-1.093345e-07,0.000280842
-1.092345e-07,0.000264627
-1.091345e-07,0.000245817
-1.090345e-07,0.000226358
-1.089345e-07,0.000205602
-1.088345e-07,0.000186144
-1.087345e-07,0.000167982
-1.086345e-07,0.000151118
-1.085345e-07,0.000136848
-1.084345e-07,0.000124525
-1.083345e-07,0.000114147
-1.082345e-07,0.000105715
-1.081345e-07,9.79313e-05
-1.080345e-07,9.20937e-05
-1.079345e-07,8.69047e-05
-1.078345e-07,8.43102e-05
-1.077345e-07,8.43102e-05
-1.076345e-07,8.75533e-05
-1.075345e-07,9.40395e-05
-1.074345e-07,0.000103769
-1.073345e-07,0.000116093
-1.072345e-07,0.000131011
-1.071345e-07,0.000147226
-1.070345e-07,0.000163442
-1.069345e-07,0.000177063
-1.068345e-07,0.000188089
-1.067345e-07,0.000194576
-1.066345e-07,0.000195224
-1.065345e-07,0.000191333
-1.064345e-07,0.000181603
-1.063345e-07,0.000167982
-1.062345e-07,0.000152415
-1.061345e-07,0.000135551
-1.060345e-07,0.000118687
-1.059345e-07,0.000103769
-1.058345e-07,9.20937e-05
-1.057345e-07,8.36616e-05
-1.056345e-07,7.7824e-05
-1.055345e-07,7.45809e-05
-1.054345e-07,7.32837e-05
-1.053345e-07,7.32837e-05
-1.052345e-07,7.45809e-05
-1.051345e-07,7.65268e-05
-1.050345e-07,7.7824e-05
-1.049345e-07,7.7824e-05
-1.048345e-07,7.58782e-05
-1.047345e-07,7.19865e-05
-1.046345e-07,6.61489e-05
-1.045345e-07,5.77168e-05
-1.044345e-07,4.73389e-05
-1.043345e-07,3.43665e-05
-1.042345e-07,2.00968e-05
-1.041345e-07,5.17858e-06
-1.040345e-07,-1.03883e-05
-1.039345e-07,-2.46579e-05
-1.038345e-07,-3.69817e-05
-1.037345e-07,-4.60624e-05
-1.036345e-07,-5.12514e-05
-1.035345e-07,-5.19e-05
-1.034345e-07,-4.73596e-05
-1.033345e-07,-3.76303e-05
-1.032345e-07,-2.27121e-05
-1.031345e-07,-3.9021e-06
-1.030345e-07,1.8151e-05
-1.029345e-07,4.27986e-05
-1.028345e-07,6.80947e-05
-1.027345e-07,9.33909e-05
-1.026345e-07,0.000116741
-1.025345e-07,0.000137497
-1.024345e-07,0.000153713
-1.023345e-07,0.000166036
-1.022345e-07,0.000174468
-1.021345e-07,0.000179009
-1.020345e-07,0.000180955
-1.019345e-07,0.000180955
-1.018345e-07,0.000179657
-1.017345e-07,0.000177063
-1.016345e-07,0.000174468
-1.015345e-07,0.000171874
-1.014345e-07,0.000169279
-1.013345e-07,0.000166685
-1.012345e-07,0.000163442
-1.011345e-07,0.000158902
-1.010345e-07,0.000153064
-1.009345e-07,0.000145281
-1.008345e-07,0.000136848
-1.007345e-07,0.000128416
-1.006345e-07,0.000118687
-1.005345e-07,0.000109606
-1.004345e-07,0.000101174
-1.003345e-07,9.40395e-05
-1.002345e-07,8.94992e-05
-1.001345e-07,8.75533e-05
-1.000345e-07,8.75533e-05
-9.993447e-08,8.94992e-05
-9.983447e-08,9.07964e-05
-9.973447e-08,9.27423e-05
-9.963447e-08,9.27423e-05
-9.953447e-08,9.20937e-05
-9.943447e-08,8.94992e-05
-9.933447e-08,8.43102e-05
-9.923447e-08,7.71754e-05
-9.913447e-08,6.87434e-05
-9.903447e-08,6.03113e-05
-9.893447e-08,5.31765e-05
-9.883447e-08,4.66903e-05
-9.873447e-08,4.34472e-05
-9.863447e-08,4.34472e-05
-9.853447e-08,4.66903e-05
-9.843447e-08,5.38251e-05
-9.833447e-08,6.48516e-05
-9.823447e-08,7.91213e-05
-9.813447e-08,9.59854e-05
-9.803447e-08,0.000114795
-9.793447e-08,0.000133605
-9.783447e-08,0.000151767
-9.773447e-08,0.000167982
-9.763447e-08,0.000180955
-9.753447e-08,0.000190035
-9.743447e-08,0.000195224
-9.733447e-08,0.000195873
-9.723447e-08,0.00019263
-9.713447e-08,0.000186792
-9.703447e-08,0.000179657
-9.693447e-08,0.000173171
-9.683447e-08,0.000167334
-9.673447e-08,0.000163442
-9.663447e-08,0.000162145
-9.653447e-08,0.000163442
-9.643447e-08,0.000167334
-9.633447e-08,0.000172523
-9.623447e-08,0.000177712
-9.613447e-08,0.000182252
-9.603447e-08,0.000184846
-9.593447e-08,0.000184198
-9.583447e-08,0.000179657
-9.573447e-08,0.000171874
-9.563447e-08,0.00015955
-9.553447e-08,0.000144632
-9.543447e-08,0.000127768
-9.533447e-08,0.000110255
-9.523447e-08,9.46882e-05
-9.513447e-08,8.23644e-05
-9.503447e-08,7.45809e-05
-9.493447e-08,7.26351e-05
-9.483447e-08,7.65268e-05
-9.473447e-08,8.56075e-05
-9.463447e-08,9.98771e-05
-9.453447e-08,0.000118038
-9.443447e-08,0.000137497
-9.433447e-08,0.000156307
-9.423447e-08,0.00017382
-9.413447e-08,0.000187441
-9.403447e-08,0.000195873
-9.393447e-08,0.000197819
-9.383447e-08,0.000193278
-9.373447e-08,0.000182901
-9.363447e-08,0.000166685
-9.353447e-08,0.000145281
-9.343447e-08,0.000120633
-9.333447e-08,9.53368e-05
-9.323447e-08,6.9392e-05
-9.313447e-08,4.60417e-05
-9.303447e-08,2.72317e-05
-9.293447e-08,1.42593e-05
-9.283447e-08,8.42168e-06
-9.273447e-08,9.71892e-06
-9.263447e-08,1.87996e-05
-9.253447e-08,3.43665e-05
-9.243447e-08,5.38251e-05
-9.233447e-08,7.58782e-05
-9.223447e-08,9.92285e-05
-9.213447e-08,0.000121282
-9.203447e-08,0.000138146
-9.193447e-08,0.000149821
-9.183447e-08,0.000154361
-9.173447e-08,0.000152415
-9.163447e-08,0.000142686
-9.153447e-08,0.000127119
-9.143447e-08,0.000106363
-9.133447e-08,8.43102e-05
-9.123447e-08,6.22572e-05
-9.113447e-08,4.21499e-05
-9.103447e-08,2.52858e-05
-9.093447e-08,1.2962e-05
-9.083447e-08,5.17858e-06
-9.073447e-08,2.5841e-06
-9.063447e-08,5.17858e-06
-9.053447e-08,1.23134e-05
-9.043447e-08,2.39886e-05
-9.033447e-08,3.95555e-05
-9.023447e-08,5.83654e-05
-9.013447e-08,7.97699e-05
-9.003447e-08,0.000102472
-8.993447e-08,0.000126471
-8.983447e-08,0.000151118
-8.973447e-08,0.00017382
-8.963447e-08,0.000193278
-8.953447e-08,0.000208197
-8.943447e-08,0.000217926
-8.933447e-08,0.000221169
-8.923447e-08,0.000217926
-8.913447e-08,0.000208845
-8.903447e-08,0.000195224
-8.893447e-08,0.000177063
-8.883447e-08,0.000156956
-8.873447e-08,0.0001362
-8.863447e-08,0.000116093
-8.853447e-08,9.6634e-05
-8.843447e-08,7.84727e-05
-8.833447e-08,6.29058e-05
-8.823447e-08,4.99334e-05
-8.813447e-08,3.89068e-05
-8.803447e-08,2.91775e-05
-8.793447e-08,2.13941e-05
-8.783447e-08,1.42593e-05
-8.773447e-08,7.77306e-06
-8.763447e-08,1.93548e-06
-8.753447e-08,-3.25348e-06
-8.743447e-08,-7.1452e-06
-8.733447e-08,-9.09106e-06
-8.723447e-08,-9.73968e-06
-8.713447e-08,-7.79382e-06
-8.703447e-08,-3.9021e-06
-8.693447e-08,2.5841e-06
-8.683447e-08,1.03675e-05
-8.673447e-08,1.94482e-05
-8.663447e-08,2.91775e-05
-8.653447e-08,3.89068e-05
-8.643447e-08,4.79875e-05
-8.633447e-08,5.77168e-05
-8.623447e-08,6.87434e-05
-8.613447e-08,7.97699e-05
-8.603447e-08,9.27423e-05
-8.593447e-08,0.000106363
-8.583447e-08,0.000121282
-8.573447e-08,0.000137497
-8.563447e-08,0.000153713
-8.553447e-08,0.000168631
-8.543447e-08,0.000182252
-8.533447e-08,0.000193278
-8.523447e-08,0.000200413
-8.513447e-08,0.000203008
-8.503447e-08,0.000199765
-8.493447e-08,0.000191981
-8.483447e-08,0.00017836
-8.473447e-08,0.000160847
-8.463447e-08,0.00014074
-8.453447e-08,0.000119336
-8.443447e-08,9.79313e-05
-8.433447e-08,7.91213e-05
-8.423447e-08,6.35544e-05
-8.413447e-08,5.31765e-05
-8.403447e-08,4.79875e-05
-8.393447e-08,4.79875e-05
-8.383447e-08,5.38251e-05
-8.373447e-08,6.4203e-05
-8.363447e-08,7.84727e-05
-8.353447e-08,9.53368e-05
-8.343447e-08,0.000113498
-8.333447e-08,0.000132308
-8.323447e-08,0.000150469
-8.313447e-08,0.000167334
-8.303447e-08,0.000180955
-8.293447e-08,0.000191333
-8.283447e-08,0.00019717
-8.273447e-08,0.000198467
-8.263447e-08,0.000195873
-8.253447e-08,0.000189387
-8.243447e-08,0.000179657
-8.233447e-08,0.000168631
-8.223447e-08,0.000158253
-8.213447e-08,0.000149821
-8.203447e-08,0.000143335
-8.193447e-08,0.000139443
-8.183447e-08,0.000138794
-8.173447e-08,0.000139443
-8.163447e-08,0.000140092
-8.153447e-08,0.000139443
-8.143447e-08,0.0001362
-8.133447e-08,0.000129065
-8.123447e-08,0.00011739
-8.113447e-08,0.000100526
-8.103447e-08,8.04185e-05
-8.093447e-08,5.83654e-05
-8.083447e-08,3.56637e-05
-8.073447e-08,1.42593e-05
-8.063447e-08,-4.55072e-06
-8.053447e-08,-1.9469e-05
-8.043447e-08,-3.11441e-05
-8.033447e-08,-3.69817e-05
-8.023447e-08,-3.76303e-05
-8.013447e-08,-3.43872e-05
-8.003447e-08,-2.72524e-05
-7.993447e-08,-1.88204e-05
-7.983447e-08,-9.09106e-06
-7.973447e-08,6.38242e-07
-7.963447e-08,9.71892e-06
-7.953447e-08,1.87996e-05
-7.943447e-08,2.78803e-05
-7.933447e-08,3.6961e-05
-7.923447e-08,4.60417e-05
-7.913447e-08,5.44737e-05
-7.903447e-08,6.22572e-05
-7.893447e-08,6.87434e-05
-7.883447e-08,7.19865e-05
-7.873447e-08,7.19865e-05
-7.863447e-08,6.87434e-05
-7.853447e-08,6.16085e-05
-7.843447e-08,5.25279e-05
-7.833447e-08,4.21499e-05
-7.823447e-08,3.30692e-05
-7.813447e-08,2.72317e-05
-7.803447e-08,2.52858e-05
-7.793447e-08,2.91775e-05
-7.783447e-08,3.95555e-05
-7.773447e-08,5.5771e-05
-7.763447e-08,7.71754e-05
-7.753447e-08,0.000101174
-7.743447e-08,0.000126471
-7.733447e-08,0.000149821
-7.723447e-08,0.000169279
-7.713447e-08,0.000183549
-7.703447e-08,0.00019263
-7.693447e-08,0.00019717
-7.683447e-08,0.000195873
-7.673447e-08,0.000190684
-7.663447e-08,0.000182901
-7.653447e-08,0.000172523
-7.643447e-08,0.000160199
-7.633447e-08,0.000147226
-7.623447e-08,0.000133605
-7.613447e-08,0.000119984
-7.603447e-08,0.000105066
-7.593447e-08,9.01478e-05
-7.583447e-08,7.52296e-05
-7.573447e-08,6.16085e-05
-7.563447e-08,4.92848e-05
-7.553447e-08,4.02041e-05
-7.543447e-08,3.63124e-05
-7.533447e-08,3.89068e-05
-7.523447e-08,4.92848e-05
-7.513447e-08,6.67975e-05
-7.503447e-08,9.20937e-05
-7.493447e-08,0.000123227
-7.483447e-08,0.000158253
-7.473447e-08,0.000195224
-7.463447e-08,0.000230898
-7.453447e-08,0.000263329
-7.443447e-08,0.000291869
-7.433447e-08,0.000315219
-7.423447e-08,0.000334678
-7.413447e-08,0.000350245
-7.403447e-08,0.000362568
-7.393447e-08,0.000372298
-7.383447e-08,0.000381378
-7.373447e-08,0.000389162
-7.363447e-08,0.000394351
-7.353447e-08,0.000395648
-7.343447e-08,0.000392405
-7.333447e-08,0.000382676
-7.323447e-08,0.000364514
-7.313447e-08,0.000338569
-7.303447e-08,0.00030549
-7.293447e-08,0.000267221
-7.283447e-08,0.000225709
-7.273447e-08,0.000183549
-7.263447e-08,0.000145281
-7.253447e-08,0.000112201
-7.243447e-08,8.62561e-05
-7.233447e-08,6.9392e-05
-7.223447e-08,5.90141e-05
-7.213447e-08,5.5771e-05
-7.203447e-08,5.51223e-05
-7.193447e-08,5.64196e-05
-7.183447e-08,5.5771e-05
-7.173447e-08,5.18792e-05
-7.163447e-08,4.27986e-05
-7.153447e-08,2.91775e-05
-7.143447e-08,1.16648e-05
-7.133447e-08,-7.79382e-06
-7.123447e-08,-2.72524e-05
-7.113447e-08,-4.54138e-05
-7.103447e-08,-5.90348e-05
-7.093447e-08,-6.87641e-05
-7.083447e-08,-7.26558e-05
-7.073447e-08,-7.13586e-05
-7.063447e-08,-6.48724e-05
-7.053447e-08,-5.38459e-05
-7.043447e-08,-4.02248e-05
-7.033447e-08,-2.33607e-05
-7.023447e-08,-4.55072e-06
-7.013447e-08,1.75024e-05
-7.003447e-08,4.21499e-05
-6.993447e-08,7.00406e-05
-6.983447e-08,0.000100526
-6.973447e-08,0.000132308
-6.963447e-08,0.000164739
-6.953447e-08,0.000195873
-6.943447e-08,0.000223764
-6.933447e-08,0.000247763
-6.923447e-08,0.000265275
-6.913447e-08,0.00027695
-6.903447e-08,0.000282139
-6.893447e-08,0.000282139
-6.883447e-08,0.000277599
-6.873447e-08,0.000271761
-6.863447e-08,0.000263978
-6.853447e-08,0.000256195
-6.843447e-08,0.000248411
-6.833447e-08,0.000240628
-6.823447e-08,0.000232196
-6.813447e-08,0.000223764
-6.803447e-08,0.000213386
-6.793447e-08,0.00020171
-6.783447e-08,0.000188089
-6.773447e-08,0.000172523
-6.763447e-08,0.000157604
-6.753447e-08,0.000144632
-6.743447e-08,0.000134254
-6.733447e-08,0.000128416
-6.723447e-08,0.000126471
-6.713447e-08,0.000128416
-6.703447e-08,0.000134254
-6.693447e-08,0.000142037
-6.683447e-08,0.000149821
-6.673447e-08,0.000156307
-6.663447e-08,0.00015955
-6.653447e-08,0.00015955
-6.643447e-08,0.000155658
-6.633447e-08,0.000149172
-6.623447e-08,0.000142037
-6.613447e-08,0.000134254
-6.603447e-08,0.000127119
-6.593447e-08,0.00012193
-6.583447e-08,0.000119336
-6.573447e-08,0.00011739
-6.563447e-08,0.000116741
-6.553447e-08,0.000114147
-6.543447e-08,0.000108958
-6.533447e-08,0.000101174
-6.523447e-08,8.94992e-05
-6.513447e-08,7.52296e-05
-6.503447e-08,5.96627e-05
-6.493447e-08,4.60417e-05
-6.483447e-08,3.56637e-05
-6.473447e-08,3.1772e-05
-6.463447e-08,3.63124e-05
-6.453447e-08,4.92848e-05
-6.443447e-08,7.06892e-05
-6.433447e-08,9.98771e-05
-6.423447e-08,0.000132957
-6.413447e-08,0.000167334
-6.403447e-08,0.000199765
-6.393447e-08,0.000225709
-6.383447e-08,0.000244519
-6.373447e-08,0.000254897
-6.363447e-08,0.000256195
-6.353447e-08,0.000251006
-6.343447e-08,0.000241276
-6.333447e-08,0.000229601
-6.323447e-08,0.000217926
-6.313447e-08,0.000209494
-6.303447e-08,0.000205602
-6.293447e-08,0.000206251
-6.283447e-08,0.000210791
-6.273447e-08,0.000217277
-6.263447e-08,0.000223764
-6.253447e-08,0.000227007
-6.243447e-08,0.000225061
-6.233447e-08,0.000217277
-6.223447e-08,0.000203008
-6.213447e-08,0.000183549
-6.203447e-08,0.000160199
-6.193447e-08,0.000134254
-6.183447e-08,0.000108958
-6.173447e-08,8.56075e-05
-6.163447e-08,6.55003e-05
-6.153447e-08,4.92848e-05
-6.143447e-08,3.6961e-05
-6.133447e-08,2.78803e-05
-6.123447e-08,2.20427e-05
-6.113447e-08,1.75024e-05
-6.103447e-08,1.55565e-05
-6.093447e-08,1.49079e-05
-6.083447e-08,1.62051e-05
-6.073447e-08,1.87996e-05
-6.063447e-08,2.46372e-05
-6.053447e-08,3.37179e-05
-6.043447e-08,4.60417e-05
-6.033447e-08,6.16085e-05
-6.023447e-08,7.84727e-05
-6.013447e-08,9.59854e-05
-6.003447e-08,0.000112201
-5.993447e-08,0.000124525
-5.983447e-08,0.000133605
-5.973447e-08,0.000138146
-5.963447e-08,0.000138146
-5.953447e-08,0.000135551
-5.943447e-08,0.000130362
-5.933447e-08,0.000124525
-5.923447e-08,0.000119336
-5.913447e-08,0.000116741
-5.903447e-08,0.000118038
-5.893447e-08,0.000123227
-5.883447e-08,0.000130362
-5.873447e-08,0.000138794
-5.863447e-08,0.000147226
-5.853447e-08,0.000153713
-5.843447e-08,0.000157604
-5.833447e-08,0.000156956
-5.823447e-08,0.000151767
-5.813447e-08,0.000143335
-5.803447e-08,0.000132308
-5.793447e-08,0.000119336
-5.783447e-08,0.000105066
-5.773447e-08,9.14451e-05
-5.763447e-08,7.71754e-05
-5.753447e-08,6.35544e-05
-5.743447e-08,4.99334e-05
-5.733447e-08,3.56637e-05
-5.723447e-08,2.07455e-05
-5.713447e-08,4.52996e-06
-5.703447e-08,-1.23342e-05
-5.693447e-08,-2.98469e-05
-5.683447e-08,-4.6711e-05
-5.673447e-08,-6.09807e-05
-5.663447e-08,-7.071e-05
-5.653447e-08,-7.52503e-05
-5.643447e-08,-7.33045e-05
-5.633447e-08,-6.5521e-05
-5.623447e-08,-5.06027e-05
-5.613447e-08,-3.17928e-05
-5.603447e-08,-1.03883e-05
-5.593447e-08,1.10162e-05
-5.583447e-08,3.11234e-05
-5.573447e-08,4.79875e-05
-5.563447e-08,5.96627e-05
-5.553447e-08,6.61489e-05
-5.543447e-08,6.80947e-05
-5.533447e-08,6.67975e-05
-5.523447e-08,6.22572e-05
-5.513447e-08,5.70682e-05
-5.503447e-08,5.25279e-05
-5.493447e-08,4.92848e-05
-5.483447e-08,4.86361e-05
-5.473447e-08,4.86361e-05
-5.463447e-08,4.99334e-05
-5.453447e-08,5.18792e-05
-5.443447e-08,5.31765e-05
-5.433447e-08,5.38251e-05
-5.423447e-08,5.31765e-05
-5.413447e-08,5.12306e-05
-5.403447e-08,4.86361e-05
-5.393447e-08,4.73389e-05
-5.383447e-08,4.86361e-05
-5.373447e-08,5.18792e-05
-5.363447e-08,5.77168e-05
-5.353447e-08,6.61489e-05
-5.343447e-08,7.58782e-05
-5.333447e-08,8.62561e-05
-5.323447e-08,9.59854e-05
-5.313447e-08,0.000103769
-5.303447e-08,0.000108958
-5.293447e-08,0.000111552
-5.283447e-08,0.000112201
-5.273447e-08,0.000112201
-5.263447e-08,0.00011285
-5.253447e-08,0.000114147
-5.243447e-08,0.00011739
-5.233447e-08,0.000122579
-5.223447e-08,0.000129714
-5.213447e-08,0.000137497
-5.203447e-08,0.000144632
-5.193447e-08,0.000150469
-5.183447e-08,0.000152415
-5.173447e-08,0.000149821
-5.163447e-08,0.000143335
-5.153447e-08,0.000132308
-5.143447e-08,0.000119336
-5.133447e-08,0.000105066
-5.123447e-08,9.14451e-05
-5.113447e-08,7.91213e-05
-5.103447e-08,6.9392e-05
-5.093447e-08,6.4203e-05
-5.083447e-08,6.29058e-05
-5.073447e-08,6.55003e-05
-5.063447e-08,7.00406e-05
-5.053447e-08,7.58782e-05
-5.043447e-08,8.10671e-05
-5.033447e-08,8.56075e-05
-5.023447e-08,8.94992e-05
-5.013447e-08,9.20937e-05
-5.003447e-08,9.40395e-05
-4.993447e-08,9.53368e-05
-4.983447e-08,9.72826e-05
-4.973447e-08,9.98771e-05
-4.963447e-08,0.000103769
-4.953447e-08,0.000108309
-4.943447e-08,0.00011285
-4.933447e-08,0.00011739
-4.923447e-08,0.000120633
-4.913447e-08,0.000122579
-4.903447e-08,0.000123227
-4.893447e-08,0.000123227
-4.883447e-08,0.000122579
-4.873447e-08,0.00012193
-4.863447e-08,0.000122579
-4.853447e-08,0.000125822
-4.843447e-08,0.000131011
-4.833447e-08,0.000138794
-4.823447e-08,0.000147875
-4.813447e-08,0.000155658
-4.803447e-08,0.000161496
-4.793447e-08,0.000162793
-4.783447e-08,0.00015955
-4.773447e-08,0.000151767
-4.763447e-08,0.000138146
-4.753447e-08,0.000120633
-4.743447e-08,0.000100526
-4.733447e-08,8.17158e-05
-4.723447e-08,6.48516e-05
-4.713447e-08,5.25279e-05
-4.703447e-08,4.66903e-05
-4.693447e-08,4.79875e-05
-4.683447e-08,5.5771e-05
-4.673447e-08,6.87434e-05
-4.663447e-08,8.62561e-05
-4.653447e-08,0.000104417
-4.643447e-08,0.00012193
-4.633447e-08,0.0001362
-4.623447e-08,0.000147226
-4.613447e-08,0.000154361
-4.603447e-08,0.000157604
-4.593447e-08,0.000158902
-4.583447e-08,0.000158902
-4.573447e-08,0.000158902
-4.563447e-08,0.000158902
-4.553447e-08,0.000160847
-4.543447e-08,0.000164739
-4.533447e-08,0.000169279
-4.523447e-08,0.000174468
-4.513447e-08,0.000179657
-4.503447e-08,0.000184198
-4.493447e-08,0.000186792
-4.483447e-08,0.000188089
-4.473447e-08,0.000188738
-4.463447e-08,0.000189387
-4.453447e-08,0.000190684
-4.443447e-08,0.00019263
-4.433447e-08,0.000195873
-4.423447e-08,0.000200413
-4.413447e-08,0.000205602
-4.403447e-08,0.000209494
-4.393447e-08,0.000212088
-4.383447e-08,0.000210791
-4.373447e-08,0.000206251
-4.363447e-08,0.000195873
-4.353447e-08,0.000180955
-4.343447e-08,0.000161496
-4.333447e-08,0.000137497
-4.323447e-08,0.000111552
-4.313447e-08,8.36616e-05
-4.303447e-08,5.64196e-05
-4.293447e-08,2.91775e-05
-4.283447e-08,4.52996e-06
-4.273447e-08,-1.81717e-05
-4.263447e-08,-3.63331e-05
-4.253447e-08,-5.06027e-05
-4.243447e-08,-6.03321e-05
-4.233447e-08,-6.48724e-05
-4.223447e-08,-6.48724e-05
-4.213447e-08,-5.83862e-05
-4.203447e-08,-4.6711e-05
-4.193447e-08,-3.04955e-05
-4.183447e-08,-9.73968e-06
-4.173447e-08,1.42593e-05
-4.163447e-08,3.89068e-05
-4.153447e-08,6.4203e-05
-4.143447e-08,8.75533e-05
-4.133447e-08,0.000107012
-4.123447e-08,0.000120633
-4.113447e-08,0.000127768
-4.103447e-08,0.000129065
-4.093447e-08,0.000124525
-4.083447e-08,0.000116093
-4.073447e-08,0.000104417
-4.063447e-08,9.27423e-05
-4.053447e-08,8.17158e-05
-4.043447e-08,7.39323e-05
-4.033447e-08,7.00406e-05
-4.023447e-08,7.00406e-05
-4.013447e-08,7.26351e-05
-4.003447e-08,7.65268e-05
-3.993447e-08,8.04185e-05
-3.983447e-08,8.3013e-05
-3.973447e-08,8.23644e-05
-3.963447e-08,7.7824e-05
-3.953447e-08,7.00406e-05
-3.943447e-08,5.96627e-05
-3.933447e-08,4.79875e-05
-3.923447e-08,3.63124e-05
-3.913447e-08,2.78803e-05
-3.903447e-08,2.46372e-05
-3.893447e-08,2.6583e-05
-3.883447e-08,3.43665e-05
-3.873447e-08,4.86361e-05
-3.863447e-08,6.67975e-05
-3.853447e-08,8.75533e-05
-3.843447e-08,0.000108309
-3.833447e-08,0.000127768
-3.823447e-08,0.000142686
-3.813447e-08,0.000153064
-3.803447e-08,0.000156956
-3.793447e-08,0.000155658
-3.783447e-08,0.000150469
-3.773447e-08,0.000141389
-3.763447e-08,0.000130362
-3.753447e-08,0.000119336
-3.743447e-08,0.000110255
-3.733447e-08,0.00010312
-3.723447e-08,9.92285e-05
-3.713447e-08,9.85799e-05
-3.703447e-08,0.000101174
-3.693447e-08,0.000105715
-3.683447e-08,0.000112201
-3.673447e-08,0.000119984
-3.663447e-08,0.000127768
-3.653447e-08,0.0001362
-3.643447e-08,0.000144632
-3.633447e-08,0.000153713
-3.623447e-08,0.000162145
-3.613447e-08,0.000169928
-3.603447e-08,0.000176414
-3.593447e-08,0.000182252
-3.583447e-08,0.000187441
-3.573447e-08,0.000191333
-3.563447e-08,0.000195224
-3.553447e-08,0.000198467
-3.543447e-08,0.00020171
-3.533447e-08,0.000203656
-3.523447e-08,0.000204954
-3.513447e-08,0.000204305
-3.503447e-08,0.000203008
-3.493447e-08,0.000199116
-3.483447e-08,0.00019263
-3.473447e-08,0.000184198
-3.463447e-08,0.00017382
-3.453447e-08,0.000160847
-3.443447e-08,0.000146578
-3.433447e-08,0.00013166
-3.423447e-08,0.000118038
-3.413447e-08,0.000107661
-3.403447e-08,0.000101823
-3.393447e-08,0.000101823
-3.383447e-08,0.000109606
-3.373447e-08,0.000125173
-3.363447e-08,0.000148524
-3.353447e-08,0.000177063
-3.343447e-08,0.000210791
-3.333447e-08,0.000247114
-3.323447e-08,0.000284085
-3.313447e-08,0.000318462
-3.303447e-08,0.000348947
-3.293447e-08,0.000373595
-3.283447e-08,0.000391756
-3.273447e-08,0.000403431
-3.263447e-08,0.000407972
-3.253447e-08,0.000407323
-3.243447e-08,0.000400837
-3.233447e-08,0.000389162
-3.223447e-08,0.000373595
-3.213447e-08,0.000353488
-3.203447e-08,0.000329489
-3.193447e-08,0.000300949
-3.183447e-08,0.000269167
-3.173447e-08,0.000233493
-3.163447e-08,0.000195873
-3.153447e-08,0.000156956
-3.143447e-08,0.000118687
-3.133447e-08,8.49589e-05
-3.123447e-08,5.5771e-05
-3.113447e-08,3.43665e-05
-3.103447e-08,2.07455e-05
-3.093447e-08,1.62051e-05
-3.083447e-08,2.00968e-05
-3.073447e-08,3.24206e-05
-3.063447e-08,5.0582e-05
-3.053447e-08,7.13378e-05
-3.043447e-08,9.33909e-05
-3.033447e-08,0.000114147
-3.023447e-08,0.00013166
-3.013447e-08,0.000145281
-3.003447e-08,0.000154361
-2.993447e-08,0.000158902
-2.983447e-08,0.000160847
-2.973447e-08,0.000161496
-2.963447e-08,0.000161496
-2.953447e-08,0.000162145
-2.943447e-08,0.000163442
-2.933447e-08,0.000166036
-2.923447e-08,0.000168631
-2.913447e-08,0.000171225
-2.903447e-08,0.00017382
-2.893447e-08,0.000175117
-2.883447e-08,0.000175766
-2.873447e-08,0.000174468
-2.863447e-08,0.000171874
-2.853447e-08,0.000168631
-2.843447e-08,0.000166036
-2.833447e-08,0.000164739
-2.823447e-08,0.000164091
-2.813447e-08,0.000165388
-2.803447e-08,0.000167334
-2.793447e-08,0.000171225
-2.783447e-08,0.000175117
-2.773447e-08,0.000179009
-2.763447e-08,0.000181603
-2.753447e-08,0.000182901
-2.743447e-08,0.000181603
-2.733447e-08,0.000179009
-2.723447e-08,0.00017382
-2.713447e-08,0.000167982
-2.703447e-08,0.000160199
-2.693447e-08,0.000153064
-2.683447e-08,0.000147875
-2.673447e-08,0.000144632
-2.663447e-08,0.000144632
-2.653447e-08,0.000147875
-2.643447e-08,0.000153713
-2.633447e-08,0.000161496
-2.623447e-08,0.000171874
-2.613447e-08,0.000183549
-2.603447e-08,0.000195224
-2.593447e-08,0.000206251
-2.583447e-08,0.000216629
-2.573447e-08,0.000223764
-2.563447e-08,0.000228304
-2.553447e-08,0.00023025
-2.543447e-08,0.000228953
-2.533447e-08,0.000224412
-2.523447e-08,0.000217277
-2.513447e-08,0.000206899
-2.503447e-08,0.000194576
-2.493447e-08,0.000179657
-2.483447e-08,0.000163442
-2.473447e-08,0.000145929
-2.463447e-08,0.000129065
-2.453447e-08,0.000112201
-2.443447e-08,9.72826e-05
-2.433447e-08,8.56075e-05
-2.423447e-08,7.7824e-05
-2.413447e-08,7.39323e-05
-2.403447e-08,7.39323e-05
-2.393447e-08,7.84727e-05
-2.383447e-08,8.62561e-05
-2.373447e-08,9.79313e-05
-2.363447e-08,0.000111552
-2.353447e-08,0.000127119
-2.343447e-08,0.000143335
-2.333447e-08,0.000158902
-2.323447e-08,0.000173171
-2.313447e-08,0.000186144
-2.303447e-08,0.00019717
-2.293447e-08,0.000207548
-2.283447e-08,0.000216629
-2.273447e-08,0.000224412
-2.263447e-08,0.000230898
-2.253447e-08,0.00023479
-2.243447e-08,0.000236087
-2.233447e-08,0.000233493
-2.223447e-08,0.000228953
-2.213447e-08,0.000221169
-2.203447e-08,0.000209494
-2.193447e-08,0.000194576
-2.183447e-08,0.000177712
-2.173447e-08,0.000160199
-2.163447e-08,0.000141389
-2.153447e-08,0.000122579
-2.143447e-08,0.000103769
-2.133447e-08,8.69047e-05
-2.123447e-08,7.06892e-05
-2.113447e-08,5.64196e-05
-2.103447e-08,4.40958e-05
-2.093447e-08,3.30692e-05
-2.083447e-08,2.33399e-05
-2.073447e-08,1.55565e-05
-2.063447e-08,1.03675e-05
-2.053447e-08,7.12444e-06
-2.043447e-08,6.47582e-06
-2.033447e-08,8.42168e-06
-2.023447e-08,1.36106e-05
-2.013447e-08,2.20427e-05
-2.003447e-08,3.1772e-05
-1.993447e-08,4.40958e-05
-1.983447e-08,5.70682e-05
-1.973447e-08,7.19865e-05
-1.963447e-08,8.62561e-05
-1.953447e-08,9.98771e-05
-1.943447e-08,0.00011285
-1.933447e-08,0.000124525
-1.923447e-08,0.000134254
-1.913447e-08,0.000143335
-1.903447e-08,0.000150469
-1.893447e-08,0.000156956
-1.883447e-08,0.000160847
-1.873447e-08,0.000163442
-1.863447e-08,0.000163442
-1.853447e-08,0.000160847
-1.843447e-08,0.000155658
-1.833447e-08,0.000147226
-1.823447e-08,0.0001362
-1.813447e-08,0.000122579
-1.803447e-08,0.000106363
-1.793447e-08,8.75533e-05
-1.783447e-08,6.80947e-05
-1.773447e-08,4.79875e-05
-1.763447e-08,2.91775e-05
-1.753447e-08,1.10162e-05
-1.743447e-08,-5.84796e-06
-1.733447e-08,-2.07662e-05
-1.723447e-08,-3.43872e-05
-1.713447e-08,-4.6711e-05
-1.703447e-08,-5.83862e-05
-1.693447e-08,-7.00614e-05
-1.683447e-08,-8.17365e-05
-1.673447e-08,-9.47089e-05
-1.663447e-08,-0.00010833
-1.653447e-08,-0.0001226
-1.643447e-08,-0.000138166
-1.633447e-08,-0.000153085
-1.623447e-08,-0.000165409
-1.613447e-08,-0.000175786
-1.603447e-08,-0.000182921
-1.593447e-08,-0.000185516
-1.583447e-08,-0.00018357
-1.573447e-08,-0.000177732
-1.563447e-08,-0.0001693
-1.553447e-08,-0.000158922
-1.543447e-08,-0.000147247
-1.533447e-08,-0.000134923
-1.523447e-08,-0.000123248
-1.513447e-08,-0.000113519
-1.503447e-08,-0.000104438
-1.493447e-08,-9.73034e-05
-1.483447e-08,-9.14658e-05
-1.473447e-08,-8.75741e-05
-1.463447e-08,-8.30338e-05
-1.453447e-08,-7.97907e-05
-1.443447e-08,-7.65476e-05
-1.433447e-08,-7.39531e-05
-1.423447e-08,-7.20072e-05
-1.413447e-08,-7.00614e-05
-1.403447e-08,-6.87641e-05
-1.393447e-08,-6.81155e-05
-1.383447e-08,-6.5521e-05
-1.373447e-08,-6.22779e-05
-1.363447e-08,-5.64403e-05
-1.353447e-08,-4.73596e-05
-1.343447e-08,-3.43872e-05
-1.333447e-08,-1.68745e-05
-1.323447e-08,4.52996e-06
-1.313447e-08,2.98261e-05
-1.303447e-08,5.90141e-05
-1.293447e-08,8.94992e-05
-1.283447e-08,0.000121282
-1.273447e-08,0.000151767
-1.263447e-08,0.000180306
-1.253447e-08,0.000205602
-1.243447e-08,0.000225709
-1.233447e-08,0.000240628
-1.223447e-08,0.000251006
-1.213447e-08,0.000256195
-1.203447e-08,0.000256843
-1.193447e-08,0.000252303
-1.183447e-08,0.000244519
-1.173447e-08,0.000233493
-1.163447e-08,0.000219223
-1.153447e-08,0.000203656
-1.143447e-08,0.000186144
-1.133447e-08,0.000167982
-1.123447e-08,0.000148524
-1.113447e-08,0.000129714
-1.103447e-08,0.000111552
-1.093447e-08,9.59854e-05
-1.083447e-08,8.17158e-05
-1.073447e-08,7.00406e-05
-1.063447e-08,6.16085e-05
-1.053447e-08,5.5771e-05
-1.043447e-08,5.12306e-05
-1.033447e-08,4.66903e-05
-1.023447e-08,4.27986e-05
-1.013447e-08,3.76096e-05
-1.003447e-08,3.04748e-05
-9.934471e-09,2.07455e-05
-9.834471e-09,9.0703e-06
-9.734471e-09,-3.25348e-06
-9.634471e-09,-1.49286e-05
-9.534471e-09,-2.46579e-05
-9.434471e-09,-3.04955e-05
-9.334471e-09,-3.11441e-05
-9.234471e-09,-2.59552e-05
-9.134471e-09,-1.49286e-05
-9.034471e-09,-1.03779e-08
-8.934471e-09,1.87996e-05
-8.834471e-09,3.82582e-05
-8.734471e-09,5.70682e-05
-8.634471e-09,7.32837e-05
-8.534471e-09,8.62561e-05
-8.434471e-09,9.53368e-05
-8.334471e-09,0.000100526
-8.234471e-09,0.000103769
-8.134471e-09,0.000106363
-8.034471e-09,0.000109606
-7.934471e-09,0.000115444
-7.834471e-09,0.000124525
-7.734471e-09,0.000136848
-7.634471e-09,0.000151767
-7.534471e-09,0.000168631
-7.434471e-09,0.000184198
-7.334471e-09,0.00019717
-7.234471e-09,0.000205602
-7.134471e-09,0.000208845
-7.034471e-09,0.000206899
-6.934471e-09,0.000201062
-6.834471e-09,0.000191981
-6.734471e-09,0.000180955
-6.634471e-09,0.000169928
-6.534471e-09,0.000158902
-6.434471e-09,0.000149821
-6.334471e-09,0.000142037
-6.234471e-09,0.000137497
-6.134471e-09,0.000134254
-6.034471e-09,0.00013166
-5.934471e-09,0.000129714
-5.834471e-09,0.000127768
-5.734471e-09,0.000127119
-5.634471e-09,0.000127768
-5.534471e-09,0.000131011
-5.434471e-09,0.0001362
-5.334471e-09,0.000145281
-5.234471e-09,0.000156956
-5.134471e-09,0.000171874
-5.034471e-09,0.000188089
-4.934471e-09,0.000204305
-4.834471e-09,0.000217926
-4.734471e-09,0.000227007
-4.634471e-09,0.00023025
-4.534471e-09,0.000227007
-4.434471e-09,0.000216629
-4.334471e-09,0.000200413
-4.234471e-09,0.000177712
-4.134471e-09,0.000151118
-4.034471e-09,0.000122579
-3.934471e-09,9.33909e-05
-3.834471e-09,6.61489e-05
-3.734471e-09,4.21499e-05
-3.634471e-09,2.07455e-05
-3.534471e-09,1.93548e-06
-3.434471e-09,-1.428e-05
-3.334471e-09,-2.98469e-05
-3.234471e-09,-4.54138e-05
-3.134471e-09,-6.35752e-05
-3.034471e-09,-8.36824e-05
-2.934471e-09,-0.000107681
-2.834471e-09,-0.000134275
-2.734471e-09,-0.00016476
-2.634471e-09,-0.000197191
-2.534471e-09,-0.000230919
-2.434471e-09,-0.000266593
-2.334471e-09,-0.000302916
-2.234471e-09,-0.000339887
-2.134471e-09,-0.000378156
-2.034471e-09,-0.000417722
-1.934471e-09,-0.000460531
-1.834471e-09,-0.000505934
-1.734471e-09,-0.000555878
-1.634471e-09,-0.000609713
-1.534471e-09,-0.000667441
-1.434471e-09,-0.000727762
-1.334471e-09,-0.000791327
-1.234471e-09,-0.000856838
-1.134471e-09,-0.000922348
-1.034471e-09,-0.000987859
-9.344711e-10,-0.00105272
-8.344711e-10,-0.00111758
-7.344711e-10,-0.00118244
-6.344711e-10,-0.00124731
-5.344711e-10,-0.00131282
-4.344711e-10,-0.00137833
-3.344711e-10,-0.00144319
-2.344711e-10,-0.00150611
-1.344711e-10,-0.00156708
-3.447106e-11,-0.0016261
6.552894e-11,-0.00168123
1.655289e-10,-0.00173183
2.655289e-10,-0.00177788
3.655289e-10,-0.00182004
4.655289e-10,-0.00185896
5.655289e-10,-0.00189593
6.655289e-10,-0.0019329
7.655289e-10,-0.00196922
8.655289e-10,-0.00200619
9.655289e-10,-0.00204446
1.065529e-09,-0.00208273
1.165529e-09,-0.00212035
1.265529e-09,-0.00215602
1.365529e-09,-0.00218716
1.465529e-09,-0.00221245
1.565529e-09,-0.00222997
1.665529e-09,-0.00224034
1.765529e-09,-0.00224359
1.865529e-09,-0.00224034
1.965529e-09,-0.00223191
2.065529e-09,-0.00222024
2.165529e-09,-0.00220597
2.265529e-09,-0.00219105
2.365529e-09,-0.00217678
2.465529e-09,-0.00216381
2.565529e-09,-0.00215213
2.665529e-09,-0.00213981
2.765529e-09,-0.00212684
2.865529e-09,-0.00211192
2.965529e-09,-0.00209505
3.065529e-09,-0.00207559
3.165529e-09,-0.00205419
3.265529e-09,-0.00203084
3.365529e-09,-0.00200619
3.465529e-09,-0.00198219
3.565529e-09,-0.00195819
3.665529e-09,-0.00193549
3.765529e-09,-0.00191409
3.865529e-09,-0.00189398
3.965529e-09,-0.00187452
4.065529e-09,-0.00185506
4.165529e-09,-0.00183561
4.265529e-09,-0.00181485
4.365529e-09,-0.00179409
4.465529e-09,-0.00177204
4.565529e-09,-0.00174804
4.665529e-09,-0.00172339
4.765529e-09,-0.0016981
4.865529e-09,-0.00167215
4.965529e-09,-0.00164556
5.065529e-09,-0.00161832
5.165529e-09,-0.00158978
5.265529e-09,-0.00155864
5.365529e-09,-0.00152427
5.465529e-09,-0.0014873
5.565529e-09,-0.00144708
5.665529e-09,-0.00140492
5.765529e-09,-0.00136146
5.865529e-09,-0.00131801
5.965529e-09,-0.00127714
6.065529e-09,-0.00123952
6.165529e-09,-0.00120515
6.265529e-09,-0.00117531
6.365529e-09,-0.00115001
6.465529e-09,-0.00112666
6.565529e-09,-0.00110331
6.665529e-09,-0.00107867
6.765529e-09,-0.00105013
6.865529e-09,-0.00101575
6.965529e-09,-0.000975535
7.065529e-09,-0.000929483
7.165529e-09,-0.000879539
7.265529e-09,-0.00082765
7.365529e-09,-0.000777057
7.465529e-09,-0.000731005
7.565529e-09,-0.000690791
7.665529e-09,-0.000659008
7.765529e-09,-0.000635658
7.865529e-09,-0.000621388
7.965529e-09,-0.000614902
8.065529e-09,-0.000614254
8.165529e-09,-0.000618145
8.265529e-09,-0.000624632
8.365529e-09,-0.000633064
8.465529e-09,-0.000640847
8.565529e-09,-0.000647333
8.665529e-09,-0.000653171
8.765529e-09,-0.000657711
8.865529e-09,-0.000660954
8.965529e-09,-0.000662252
9.065529e-09,-0.000661603
9.165529e-09,-0.00065836
9.265529e-09,-0.000653171
9.365529e-09,-0.00064409
9.465529e-09,-0.000631118
9.565529e-09,-0.000614902
9.665529e-09,-0.000596092
9.765529e-09,-0.000575336
9.865529e-09,-0.000555229
9.965529e-09,-0.000537068
1.006553e-08,-0.00052215
1.016553e-08,-0.00051242
1.026553e-08,-0.00050788
1.036553e-08,-0.000508529
1.046553e-08,-0.000511772
1.056553e-08,-0.000516961
1.066553e-08,-0.000520852
1.076553e-08,-0.000521501
1.086553e-08,-0.000516312
1.096553e-08,-0.000505285
1.106553e-08,-0.000486475
1.116553e-08,-0.000462477
1.126553e-08,-0.000433937
1.136553e-08,-0.000403452
1.146553e-08,-0.000373616
1.156553e-08,-0.000347671
1.166553e-08,-0.000326915
1.176553e-08,-0.000311997
1.186553e-08,-0.000303565
1.196553e-08,-0.000302267
1.206553e-08,-0.00030551
1.216553e-08,-0.000313294
1.226553e-08,-0.00032432
1.236553e-08,-0.000336644
1.246553e-08,-0.000349617
1.256553e-08,-0.000362589
1.266553e-08,-0.000374264
1.276553e-08,-0.000385939
1.286553e-08,-0.000396317
1.296553e-08,-0.000406047
1.306553e-08,-0.000415776
1.316553e-08,-0.000424857
1.326553e-08,-0.000433289
1.336553e-08,-0.000440423
1.346553e-08,-0.000445612
1.356553e-08,-0.000448207
1.366553e-08,-0.000448207
1.376553e-08,-0.000444964
1.386553e-08,-0.000440423
1.396553e-08,-0.000435234
1.406553e-08,-0.000430046
1.416553e-08,-0.000425505
1.426553e-08,-0.000422911
1.436553e-08,-0.000422911
1.446553e-08,-0.000424857
1.456553e-08,-0.000428748
1.466553e-08,-0.000433289
1.476553e-08,-0.000436532
1.486553e-08,-0.000438478
1.496553e-08,-0.000436532
1.506553e-08,-0.000431343
1.516553e-08,-0.000422262
1.526553e-08,-0.00040929
1.536553e-08,-0.000393074
1.546553e-08,-0.000374913
1.556553e-08,-0.000355454
1.566553e-08,-0.000335996
1.576553e-08,-0.000316537
1.586553e-08,-0.00029643
1.596553e-08,-0.00027762
1.606553e-08,-0.00025881
1.616553e-08,-0.000241297
1.626553e-08,-0.000223136
1.636553e-08,-0.00020692
1.646553e-08,-0.000191353
1.656553e-08,-0.000176435
1.666553e-08,-0.000162814
1.676553e-08,-0.000151139
1.686553e-08,-0.000140761
1.696553e-08,-0.00013168
1.706553e-08,-0.000124545
1.716553e-08,-0.000118059
1.726553e-08,-0.000111573
1.736553e-08,-0.00010379
1.746553e-08,-9.47089e-05
1.756553e-08,-8.56282e-05
1.766553e-08,-7.52503e-05
1.776553e-08,-6.61696e-05
1.786553e-08,-5.83862e-05
1.796553e-08,-5.25486e-05
1.806553e-08,-5.12514e-05
1.816553e-08,-5.38459e-05
1.826553e-08,-6.16293e-05
1.836553e-08,-7.33045e-05
1.846553e-08,-8.75741e-05
1.856553e-08,-0.000102492
1.866553e-08,-0.000116762
1.876553e-08,-0.000127789
1.886553e-08,-0.000134275
1.896553e-08,-0.000136221
1.906553e-08,-0.000132978
1.916553e-08,-0.000126491
1.926553e-08,-0.000116762
1.936553e-08,-0.000106384
1.946553e-08,-9.73034e-05
1.956553e-08,-9.08172e-05
1.966553e-08,-8.75741e-05
1.976553e-08,-8.82227e-05
1.986553e-08,-9.14658e-05
1.996553e-08,-9.73034e-05
2.006553e-08,-0.000104438
2.016553e-08,-0.000110276
2.026553e-08,-0.000114168
2.036553e-08,-0.000116113
2.046553e-08,-0.000115465
2.056553e-08,-0.00011287
2.066553e-08,-0.000108979
2.076553e-08,-0.000105087
2.086553e-08,-0.000101844
2.096553e-08,-9.98979e-05
2.106553e-08,-9.86006e-05
2.116553e-08,-9.7952e-05
2.126553e-08,-9.7952e-05
2.136553e-08,-9.66548e-05
2.146553e-08,-9.47089e-05
2.156553e-08,-9.08172e-05
2.166553e-08,-8.56282e-05
2.176553e-08,-7.84934e-05
2.186553e-08,-7.13586e-05
2.196553e-08,-6.42238e-05
2.206553e-08,-5.96834e-05
2.216553e-08,-5.7089e-05
2.226553e-08,-5.77376e-05
2.236553e-08,-6.16293e-05
2.246553e-08,-6.74669e-05
2.256553e-08,-7.39531e-05
2.266553e-08,-8.04393e-05
2.276553e-08,-8.49796e-05
2.286553e-08,-8.82227e-05
2.296553e-08,-8.88713e-05
2.306553e-08,-8.69255e-05
2.316553e-08,-8.4331e-05
2.326553e-08,-8.17365e-05
2.336553e-08,-7.9142e-05
2.346553e-08,-7.84934e-05
2.356553e-08,-8.10879e-05
2.366553e-08,-8.69255e-05
2.376553e-08,-9.47089e-05
2.386553e-08,-0.00010379
2.396553e-08,-0.000113519
2.406553e-08,-0.0001226
2.416553e-08,-0.000127789
2.426553e-08,-0.000129734
2.436553e-08,-0.000127789
2.446553e-08,-0.000121951
2.456553e-08,-0.000112222
2.466553e-08,-9.92493e-05
2.476553e-08,-8.56282e-05
2.486553e-08,-7.13586e-05
2.496553e-08,-5.83862e-05
2.506553e-08,-4.73596e-05
2.516553e-08,-3.8279e-05
2.526553e-08,-3.04955e-05
2.536553e-08,-2.46579e-05
2.546553e-08,-2.07662e-05
2.556553e-08,-1.75231e-05
2.566553e-08,-1.49286e-05
2.576553e-08,-1.23342e-05
2.586553e-08,-1.10369e-05
2.596553e-08,-1.16855e-05
2.606553e-08,-1.428e-05
2.616553e-08,-1.9469e-05
2.626553e-08,-2.85497e-05
2.636553e-08,-4.21707e-05
2.646553e-08,-5.90348e-05
2.656553e-08,-7.9142e-05
2.666553e-08,-0.000101195
2.676553e-08,-0.000123897
2.686553e-08,-0.000146599
2.696553e-08,-0.000166706
2.706553e-08,-0.00018357
2.716553e-08,-0.000195894
2.726553e-08,-0.000204326
2.736553e-08,-0.00020692
2.746553e-08,-0.000205623
2.756553e-08,-0.000201731
2.766553e-08,-0.000195894
2.776553e-08,-0.000187462
2.786553e-08,-0.000178381
2.796553e-08,-0.0001693
2.806553e-08,-0.000159571
2.816553e-08,-0.000149842
2.826553e-08,-0.000139464
2.836553e-08,-0.000128437
2.846553e-08,-0.000116762
2.856553e-08,-0.000104438
2.866553e-08,-9.27631e-05
2.876553e-08,-8.23851e-05
2.886553e-08,-7.46017e-05
2.896553e-08,-6.87641e-05
2.906553e-08,-6.5521e-05
2.916553e-08,-6.42238e-05
2.926553e-08,-6.42238e-05
2.936553e-08,-6.48724e-05
2.946553e-08,-6.48724e-05
2.956553e-08,-6.42238e-05
2.966553e-08,-6.22779e-05
2.976553e-08,-5.83862e-05
2.986553e-08,-5.38459e-05
2.996553e-08,-4.93055e-05
3.006553e-08,-4.60624e-05
3.016553e-08,-4.54138e-05
3.026553e-08,-4.80083e-05
3.036553e-08,-5.31972e-05
3.046553e-08,-6.16293e-05
3.056553e-08,-7.20072e-05
3.066553e-08,-8.23851e-05
3.076553e-08,-9.14658e-05
3.086553e-08,-9.66548e-05
3.096553e-08,-9.66548e-05
3.106553e-08,-9.08172e-05
3.116553e-08,-8.04393e-05
3.126553e-08,-6.48724e-05
3.136553e-08,-4.47652e-05
3.146553e-08,-2.20635e-05
3.156553e-08,6.38242e-07
3.166553e-08,2.26913e-05
3.176553e-08,4.27986e-05
3.186553e-08,5.90141e-05
3.196553e-08,7.13378e-05
3.206553e-08,7.97699e-05
3.216553e-08,8.49589e-05
3.226553e-08,8.69047e-05
3.236553e-08,8.69047e-05
3.246553e-08,8.43102e-05
3.256553e-08,8.04185e-05
3.266553e-08,7.58782e-05
3.276553e-08,7.00406e-05
3.286553e-08,6.35544e-05
3.296553e-08,5.70682e-05
3.306553e-08,4.99334e-05
3.316553e-08,4.34472e-05
3.326553e-08,3.82582e-05
3.336553e-08,3.30692e-05
3.346553e-08,2.78803e-05
3.356553e-08,2.26913e-05
3.366553e-08,1.55565e-05
3.376553e-08,7.12444e-06
3.386553e-08,-3.9021e-06
3.396553e-08,-1.88204e-05
3.406553e-08,-3.63331e-05
3.416553e-08,-5.64403e-05
3.426553e-08,-7.84934e-05
3.436553e-08,-0.000100547
3.446553e-08,-0.000120654
3.456553e-08,-0.000136221
3.466553e-08,-0.00014595
3.476553e-08,-0.000149842
3.486553e-08,-0.00014595
3.496553e-08,-0.000135572
3.506553e-08,-0.000120654
3.516553e-08,-0.000101844
3.526553e-08,-8.17365e-05
3.536553e-08,-6.16293e-05
3.546553e-08,-4.41165e-05
3.556553e-08,-2.91983e-05
3.566553e-08,-1.68745e-05
3.576553e-08,-6.49658e-06
3.586553e-08,3.88134e-06
3.596553e-08,1.42593e-05
3.606553e-08,2.72317e-05
3.616553e-08,4.34472e-05
3.626553e-08,6.22572e-05
3.636553e-08,8.43102e-05
3.646553e-08,0.000107012
3.656553e-08,0.000129714
3.666553e-08,0.000149172
3.676553e-08,0.000164739
3.686553e-08,0.00017382
3.696553e-08,0.000176414
3.706553e-08,0.000171874
3.716553e-08,0.000161496
3.726553e-08,0.000147226
3.736553e-08,0.000130362
3.746553e-08,0.000114147
3.756553e-08,9.79313e-05
3.766553e-08,8.49589e-05
3.776553e-08,7.52296e-05
3.786553e-08,6.87434e-05
3.796553e-08,6.35544e-05
3.806553e-08,6.03113e-05
3.816553e-08,5.70682e-05
3.826553e-08,5.25279e-05
3.836553e-08,4.73389e-05
3.846553e-08,4.15013e-05
3.856553e-08,3.50151e-05
3.866553e-08,2.98261e-05
3.876553e-08,2.72317e-05
3.886553e-08,2.85289e-05
3.896553e-08,3.37179e-05
3.906553e-08,4.34472e-05
3.916553e-08,5.70682e-05
3.926553e-08,7.32837e-05
3.936553e-08,9.20937e-05
3.946553e-08,0.000110904
3.956553e-08,0.000128416
3.966553e-08,0.000143983
3.976553e-08,0.000157604
3.986553e-08,0.000167334
3.996553e-08,0.000174468
4.006553e-08,0.000177712
4.016553e-08,0.000177712
4.026553e-08,0.000173171
4.036553e-08,0.000165388
4.046553e-08,0.000151767
4.056553e-08,0.000133605
4.066553e-08,0.000108958
4.076553e-08,8.04185e-05
4.086553e-08,4.73389e-05
4.096553e-08,1.36106e-05
4.106553e-08,-2.01176e-05
4.116553e-08,-5.25486e-05
4.126553e-08,-7.97907e-05
4.136553e-08,-9.92493e-05
4.146553e-08,-0.000109627
4.156553e-08,-0.000109627
4.166553e-08,-9.92493e-05
4.176553e-08,-7.9142e-05
4.186553e-08,-5.25486e-05
4.196553e-08,-2.27121e-05
4.206553e-08,7.12444e-06
4.216553e-08,3.30692e-05
4.226553e-08,5.25279e-05
4.236553e-08,6.29058e-05
4.246553e-08,6.29058e-05
4.256553e-08,5.38251e-05
4.266553e-08,3.6961e-05
4.276553e-08,1.49079e-05
4.286553e-08,-9.09106e-06
4.296553e-08,-3.17928e-05
4.306553e-08,-4.99541e-05
4.316553e-08,-6.22779e-05
4.326553e-08,-6.74669e-05
4.336553e-08,-6.42238e-05
4.346553e-08,-5.44945e-05
4.356553e-08,-4.08734e-05
4.366553e-08,-2.40093e-05
4.376553e-08,-6.49658e-06
4.386553e-08,1.10162e-05
4.396553e-08,2.85289e-05
4.406553e-08,4.47444e-05
4.416553e-08,6.03113e-05
4.426553e-08,7.58782e-05
4.436553e-08,9.01478e-05
4.446553e-08,0.000104417
4.456553e-08,0.000118687
4.466553e-08,0.000131011
4.476553e-08,0.000140092
4.486553e-08,0.000145281
4.496553e-08,0.000146578
4.506553e-08,0.000142686
4.516553e-08,0.000132308
4.526553e-08,0.000116741
4.536553e-08,9.79313e-05
4.546553e-08,7.7824e-05
4.556553e-08,5.77168e-05
4.566553e-08,4.15013e-05
4.576553e-08,3.11234e-05
4.586553e-08,2.6583e-05
4.596553e-08,2.98261e-05
4.606553e-08,3.89068e-05
4.616553e-08,5.44737e-05
4.626553e-08,7.39323e-05
4.636553e-08,9.40395e-05
4.646553e-08,0.000115444
4.656553e-08,0.000135551
4.666553e-08,0.000153713
4.676553e-08,0.000167334
4.686553e-08,0.000177712
4.696553e-08,0.000183549
4.706553e-08,0.000186792
4.716553e-08,0.000185495
4.726553e-08,0.000181603
4.736553e-08,0.000176414
4.746553e-08,0.000169279
4.756553e-08,0.000161496
4.766553e-08,0.000152415
4.776553e-08,0.000144632
4.786553e-08,0.000136848
4.796553e-08,0.000130362
4.806553e-08,0.000126471
4.816553e-08,0.000123876
4.826553e-08,0.000123876
4.836553e-08,0.000123876
4.846553e-08,0.000123876
4.856553e-08,0.000122579
4.866553e-08,0.000119336
4.876553e-08,0.000113498
4.886553e-08,0.000105066
4.896553e-08,9.53368e-05
4.906553e-08,8.49589e-05
4.916553e-08,7.52296e-05
4.926553e-08,6.87434e-05
4.936553e-08,6.67975e-05
4.946553e-08,7.06892e-05
4.956553e-08,8.10671e-05
4.966553e-08,9.72826e-05
4.976553e-08,0.000119336
4.986553e-08,0.000143335
4.996553e-08,0.000167334
5.006553e-08,0.000188089
5.016553e-08,0.000203008
5.026553e-08,0.000210143
5.036553e-08,0.000208197
5.046553e-08,0.00019717
5.056553e-08,0.000179009
5.066553e-08,0.00015501
5.076553e-08,0.000127768
5.086553e-08,9.92285e-05
5.096553e-08,7.26351e-05
5.106553e-08,4.99334e-05
5.116553e-08,3.24206e-05
5.126553e-08,2.00968e-05
5.136553e-08,1.2962e-05
5.146553e-08,9.0703e-06
5.156553e-08,7.12444e-06
5.166553e-08,6.47582e-06
5.176553e-08,5.17858e-06
5.186553e-08,3.23272e-06
5.196553e-08,-1.03779e-08
5.206553e-08,-4.55072e-06
5.216553e-08,-7.79382e-06
5.226553e-08,-9.09106e-06
5.236553e-08,-7.79382e-06
5.246553e-08,-1.95624e-06
5.256553e-08,7.12444e-06
5.266553e-08,2.00968e-05
5.276553e-08,3.56637e-05
5.286553e-08,5.18792e-05
5.296553e-08,6.80947e-05
5.306553e-08,8.3013e-05
5.316553e-08,9.46882e-05
5.326553e-08,0.000102472
5.336553e-08,0.000107012
5.346553e-08,0.000107661
5.356553e-08,0.000106363
5.366553e-08,0.000103769
5.376553e-08,9.98771e-05
5.386553e-08,9.53368e-05
5.396553e-08,9.01478e-05
5.406553e-08,8.56075e-05
5.416553e-08,8.10671e-05
5.426553e-08,7.71754e-05
5.436553e-08,7.32837e-05
5.446553e-08,7.00406e-05
5.456553e-08,6.87434e-05
5.466553e-08,6.9392e-05
5.476553e-08,7.32837e-05
5.486553e-08,8.10671e-05
5.496553e-08,9.33909e-05
5.506553e-08,0.000111552
5.516553e-08,0.000133605
5.526553e-08,0.000160847
5.536553e-08,0.000190684
5.546553e-08,0.000221818
5.556553e-08,0.000251654
5.566553e-08,0.000277599
5.576553e-08,0.000299004
5.586553e-08,0.00031457
5.596553e-08,0.000321705
5.606553e-08,0.000322354
5.616553e-08,0.000316516
5.626553e-08,0.000304841
5.636553e-08,0.000288626
5.646553e-08,0.000269816
5.656553e-08,0.000249708
5.666553e-08,0.00023025
5.676553e-08,0.000212088
5.686553e-08,0.000194576
5.696553e-08,0.000177712
5.706553e-08,0.000161496
5.716553e-08,0.000144632
5.726553e-08,0.000127768
5.736553e-08,0.000109606
5.746553e-08,9.01478e-05
5.756553e-08,7.06892e-05
5.766553e-08,5.18792e-05
5.776553e-08,3.50151e-05
5.786553e-08,2.00968e-05
5.796553e-08,8.42168e-06
5.806553e-08,2.5841e-06
5.816553e-08,2.5841e-06
5.826553e-08,8.42168e-06
5.836553e-08,2.13941e-05
5.846553e-08,4.08527e-05
5.856553e-08,6.61489e-05
5.866553e-08,9.59854e-05
5.876553e-08,0.000129714
5.886553e-08,0.000165388
5.896553e-08,0.00020171
5.906553e-08,0.000237385
5.916553e-08,0.000269816
5.926553e-08,0.000296409
5.936553e-08,0.000315219
5.946553e-08,0.000325597
5.956553e-08,0.000326246
5.966553e-08,0.000317813
5.976553e-08,0.000301598
5.986553e-08,0.000278896
5.996553e-08,0.000252303
6.006553e-08,0.000223115
6.016553e-08,0.000195224
6.026553e-08,0.000169279
6.036553e-08,0.000148524
6.046553e-08,0.000132308
6.056553e-08,0.000120633
6.066553e-08,0.000113498
6.076553e-08,0.000108958
6.086553e-08,0.000105715
6.096553e-08,0.00010312
6.106553e-08,9.98771e-05
6.116553e-08,9.6634e-05
6.126553e-08,9.33909e-05
6.136553e-08,9.14451e-05
6.146553e-08,9.14451e-05
6.156553e-08,9.53368e-05
6.166553e-08,0.000102472
6.176553e-08,0.000113498
6.186553e-08,0.000126471
6.196553e-08,0.000141389
6.206553e-08,0.00015501
6.216553e-08,0.000165388
6.226553e-08,0.000170577
6.236553e-08,0.000168631
6.246553e-08,0.000160199
6.256553e-08,0.000143983
6.266553e-08,0.000122579
6.276553e-08,9.6634e-05
6.286553e-08,6.87434e-05
6.296553e-08,4.15013e-05
6.306553e-08,1.55565e-05
6.316553e-08,-7.79382e-06
6.326553e-08,-2.85497e-05
6.336553e-08,-4.54138e-05
6.346553e-08,-5.90348e-05
6.356553e-08,-7.00614e-05
6.366553e-08,-7.9142e-05
6.376553e-08,-8.62769e-05
6.386553e-08,-9.01686e-05
6.396553e-08,-9.21144e-05
6.406553e-08,-9.08172e-05
6.416553e-08,-8.56282e-05
6.426553e-08,-7.71962e-05
6.436553e-08,-6.5521e-05
6.446553e-08,-5.12514e-05
6.456553e-08,-3.50359e-05
6.466553e-08,-1.81717e-05
6.476553e-08,-2.60486e-06
6.486553e-08,1.23134e-05
6.496553e-08,2.46372e-05
6.506553e-08,3.37179e-05
6.516553e-08,3.89068e-05
6.526553e-08,4.21499e-05
6.536553e-08,4.34472e-05
6.546553e-08,4.5393e-05
6.556553e-08,4.73389e-05
6.566553e-08,4.99334e-05
6.576553e-08,5.31765e-05
6.586553e-08,5.77168e-05
6.596553e-08,6.29058e-05
6.606553e-08,6.74461e-05
6.616553e-08,7.19865e-05
6.626553e-08,7.39323e-05
6.636553e-08,7.45809e-05
6.646553e-08,7.39323e-05
6.656553e-08,7.26351e-05
6.666553e-08,7.06892e-05
6.676553e-08,6.87434e-05
6.686553e-08,6.9392e-05
6.696553e-08,7.13378e-05
6.706553e-08,7.58782e-05
6.716553e-08,8.10671e-05
6.726553e-08,8.75533e-05
6.736553e-08,9.33909e-05
6.746553e-08,9.72826e-05
6.756553e-08,9.85799e-05
6.766553e-08,9.53368e-05
6.776553e-08,8.8202e-05
6.786553e-08,7.7824e-05
6.796553e-08,6.48516e-05
6.806553e-08,5.0582e-05
6.816553e-08,3.6961e-05
6.826553e-08,2.52858e-05
6.836553e-08,1.68537e-05
6.846553e-08,1.23134e-05
6.856553e-08,1.23134e-05
6.866553e-08,1.62051e-05
6.876553e-08,2.33399e-05
6.886553e-08,3.30692e-05
6.896553e-08,4.34472e-05
6.906553e-08,5.51223e-05
6.916553e-08,6.61489e-05
6.926553e-08,7.71754e-05
6.936553e-08,8.8202e-05
6.946553e-08,9.92285e-05
6.956553e-08,0.000110904
6.966553e-08,0.000123227
6.976553e-08,0.000137497
6.986553e-08,0.000151767
6.996553e-08,0.000166036
7.006553e-08,0.000179009
7.016553e-08,0.000190684
7.026553e-08,0.000199116
7.036553e-08,0.000202359
7.046553e-08,0.000201062
7.056553e-08,0.000194576
7.066553e-08,0.000183549
7.076553e-08,0.000167334
7.086553e-08,0.000147875
7.096553e-08,0.000125173
7.106553e-08,0.000101823
7.116553e-08,7.71754e-05
7.126553e-08,5.25279e-05
7.136553e-08,2.98261e-05
7.146553e-08,8.42168e-06
7.156553e-08,-1.10369e-05
7.166553e-08,-2.59552e-05
7.176553e-08,-3.63331e-05
7.186553e-08,-4.21707e-05
7.196553e-08,-4.21707e-05
7.206553e-08,-3.56845e-05
7.216553e-08,-2.20635e-05
7.226553e-08,-1.95624e-06
7.236553e-08,2.26913e-05
7.246553e-08,5.18792e-05
7.256553e-08,8.36616e-05
7.266553e-08,0.000115444
7.276553e-08,0.000144632
7.286553e-08,0.000168631
7.296553e-08,0.000184846
7.306553e-08,0.000193278
7.316553e-08,0.000193278
7.326553e-08,0.000184846
7.336553e-08,0.000169279
7.346553e-08,0.000148524
7.356553e-08,0.000124525
7.366553e-08,0.000101174
7.376553e-08,7.97699e-05
7.386553e-08,6.35544e-05
7.396553e-08,5.31765e-05
7.406553e-08,5.0582e-05
7.416553e-08,5.51223e-05
7.426553e-08,6.61489e-05
7.436553e-08,8.23644e-05
7.446553e-08,0.000100526
7.456553e-08,0.000120633
7.466553e-08,0.00014074
7.476553e-08,0.000158253
7.486553e-08,0.00017382
7.496553e-08,0.000186144
7.506553e-08,0.000196522
7.516553e-08,0.000203656
7.526553e-08,0.000208845
7.536553e-08,0.000212088
7.546553e-08,0.000214034
7.556553e-08,0.000215332
7.566553e-08,0.000216629
7.576553e-08,0.000217926
7.586553e-08,0.000218575
7.596553e-08,0.000219872
7.606553e-08,0.000221169
7.616553e-08,0.000223764
7.626553e-08,0.000226358
7.636553e-08,0.000228953
7.646553e-08,0.000231547
7.656553e-08,0.000233493
7.666553e-08,0.000235439
7.676553e-08,0.000235439
7.686553e-08,0.000234141
7.696553e-08,0.00023025
7.706553e-08,0.000224412
7.716553e-08,0.000217277
7.726553e-08,0.000209494
