LECROYWaveRunner‘N,20113,Waveform
Segments,1,SegmentSize,2002
Segment,TrigTime,TimeSinceSegment1
#1,28-Sep-2018 13:21:12,0                 
Time,Ampl
-1.22812e-07,5.18792e-05
-1.22712e-07,4.86361e-05
-1.22612e-07,4.08527e-05
-1.22512e-07,2.91775e-05
-1.22412e-07,1.68537e-05
-1.22312e-07,5.8272e-06
-1.22212e-07,-1.95624e-06
-1.22112e-07,-5.19934e-06
-1.22012e-07,-3.9021e-06
-1.21912e-07,1.28686e-06
-1.21812e-07,1.10162e-05
-1.21712e-07,2.26913e-05
-1.21612e-07,3.50151e-05
-1.21512e-07,4.66903e-05
-1.21412e-07,5.70682e-05
-1.21312e-07,6.55003e-05
-1.21212e-07,7.19865e-05
-1.21112e-07,7.7824e-05
-1.21012e-07,8.3013e-05
-1.20912e-07,8.88506e-05
-1.20812e-07,9.59854e-05
-1.20712e-07,0.000104417
-1.20612e-07,0.00011285
-1.20512e-07,0.000121282
-1.20412e-07,0.000127768
-1.20312e-07,0.000131011
-1.20212e-07,0.000130362
-1.20112e-07,0.000124525
-1.20012e-07,0.00011285
-1.19912e-07,9.59854e-05
-1.19812e-07,7.52296e-05
-1.19712e-07,5.25279e-05
-1.19612e-07,3.04748e-05
-1.19512e-07,9.71892e-06
-1.19412e-07,-5.84796e-06
-1.19312e-07,-1.62259e-05
-1.19212e-07,-1.9469e-05
-1.19112e-07,-1.68745e-05
-1.19012e-07,-8.44244e-06
-1.18912e-07,4.52996e-06
-1.18812e-07,2.20427e-05
-1.18712e-07,4.15013e-05
-1.18612e-07,6.29058e-05
-1.18512e-07,8.49589e-05
-1.18412e-07,0.000107661
-1.18312e-07,0.000130362
-1.18212e-07,0.000151767
-1.18112e-07,0.000172523
-1.18012e-07,0.000191333
-1.17912e-07,0.000206251
-1.17812e-07,0.000217926
-1.17712e-07,0.000225061
-1.17612e-07,0.000227007
-1.17512e-07,0.000223764
-1.17412e-07,0.000215332
-1.17312e-07,0.000204305
-1.17212e-07,0.000190684
-1.17112e-07,0.000177063
-1.17012e-07,0.000164739
-1.16912e-07,0.000155658
-1.16812e-07,0.000149172
-1.16712e-07,0.000145281
-1.16612e-07,0.000143335
-1.16512e-07,0.000143335
-1.16412e-07,0.000142686
-1.16312e-07,0.00014074
-1.16212e-07,0.0001362
-1.16112e-07,0.000129714
-1.16012e-07,0.000120633
-1.15912e-07,0.000109606
-1.15812e-07,9.79313e-05
-1.15712e-07,8.8202e-05
-1.15612e-07,8.10671e-05
-1.15512e-07,7.91213e-05
-1.15412e-07,8.23644e-05
-1.15312e-07,9.07964e-05
-1.15212e-07,0.000102472
-1.15112e-07,0.000116741
-1.15012e-07,0.000131011
-1.14912e-07,0.000143983
-1.14812e-07,0.000153064
-1.14712e-07,0.000156956
-1.14612e-07,0.000154361
-1.14512e-07,0.000146578
-1.14412e-07,0.000133605
-1.14312e-07,0.000115444
-1.14212e-07,9.46882e-05
-1.14112e-07,7.13378e-05
-1.14012e-07,4.73389e-05
-1.13912e-07,2.33399e-05
-1.13812e-07,-6.58998e-07
-1.13712e-07,-2.20635e-05
-1.13612e-07,-4.02248e-05
-1.13512e-07,-5.57917e-05
-1.13412e-07,-6.74669e-05
-1.13312e-07,-7.39531e-05
-1.13212e-07,-7.46017e-05
-1.13112e-07,-6.94127e-05
-1.13012e-07,-5.83862e-05
-1.12912e-07,-4.15221e-05
-1.12812e-07,-2.01176e-05
-1.12712e-07,3.88134e-06
-1.12612e-07,2.85289e-05
-1.12512e-07,5.38251e-05
-1.12412e-07,7.65268e-05
-1.12312e-07,9.53368e-05
-1.12212e-07,0.000109606
-1.12112e-07,0.000119984
-1.12012e-07,0.000125822
-1.11912e-07,0.000129065
-1.11812e-07,0.000130362
-1.11712e-07,0.000132308
-1.11612e-07,0.000134903
-1.11512e-07,0.000138794
-1.11412e-07,0.000145281
-1.11312e-07,0.00015501
-1.11212e-07,0.000165388
-1.11112e-07,0.000175766
-1.11012e-07,0.000185495
-1.10912e-07,0.00019263
-1.10812e-07,0.00019717
-1.10712e-07,0.00019717
-1.10612e-07,0.000193927
-1.10512e-07,0.000188089
-1.10412e-07,0.000180306
-1.10312e-07,0.000171225
-1.10212e-07,0.000161496
-1.10112e-07,0.000151118
-1.10012e-07,0.00014074
-1.09912e-07,0.000129065
-1.09812e-07,0.000116093
-1.09712e-07,0.000101174
-1.09612e-07,8.43102e-05
-1.09512e-07,6.4203e-05
-1.09412e-07,4.27986e-05
-1.09312e-07,2.00968e-05
-1.09212e-07,-1.95624e-06
-1.09112e-07,-2.33607e-05
-1.09012e-07,-4.08734e-05
-1.08912e-07,-5.31972e-05
-1.08812e-07,-5.96834e-05
-1.08712e-07,-6.09807e-05
-1.08612e-07,-5.64403e-05
-1.08512e-07,-4.86569e-05
-1.08412e-07,-3.89276e-05
-1.08312e-07,-2.91983e-05
-1.08212e-07,-2.20635e-05
-1.08112e-07,-1.81717e-05
-1.08012e-07,-2.01176e-05
-1.07912e-07,-2.72524e-05
-1.07812e-07,-3.95762e-05
-1.07712e-07,-5.44945e-05
-1.07612e-07,-7.13586e-05
-1.07512e-07,-8.69255e-05
-1.07412e-07,-0.000100547
-1.07312e-07,-0.000109627
-1.07212e-07,-0.000114168
-1.07112e-07,-0.000114168
-1.07012e-07,-0.000107681
-1.06912e-07,-9.60062e-05
-1.06812e-07,-7.9142e-05
-1.06712e-07,-5.96834e-05
-1.06612e-07,-3.76303e-05
-1.06512e-07,-1.36314e-05
-1.06412e-07,1.16648e-05
-1.06312e-07,3.82582e-05
-1.06212e-07,6.4203e-05
-1.06112e-07,8.88506e-05
-1.06012e-07,0.000110904
-1.05912e-07,0.000129714
-1.05812e-07,0.000143983
-1.05712e-07,0.000153064
-1.05612e-07,0.000155658
-1.05512e-07,0.000151767
-1.05412e-07,0.000141389
-1.05312e-07,0.000126471
-1.05212e-07,0.000107661
-1.05112e-07,8.69047e-05
-1.05012e-07,6.67975e-05
-1.04912e-07,4.86361e-05
-1.04812e-07,3.43665e-05
-1.04712e-07,2.46372e-05
-1.04612e-07,1.87996e-05
-1.04512e-07,1.68537e-05
-1.04412e-07,1.8151e-05
-1.04312e-07,2.07455e-05
-1.04212e-07,2.33399e-05
-1.04112e-07,2.39886e-05
-1.04012e-07,2.20427e-05
-1.03912e-07,1.75024e-05
-1.03812e-07,1.03675e-05
-1.03712e-07,1.93548e-06
-1.03612e-07,-7.1452e-06
-1.03512e-07,-1.49286e-05
-1.03412e-07,-2.01176e-05
-1.03312e-07,-2.27121e-05
-1.03212e-07,-2.27121e-05
-1.03112e-07,-1.9469e-05
-1.03012e-07,-1.49286e-05
-1.02912e-07,-9.73968e-06
-1.02812e-07,-3.9021e-06
-1.02712e-07,6.38242e-07
-1.02612e-07,3.23272e-06
-1.02512e-07,3.88134e-06
-1.02412e-07,3.23272e-06
-1.02312e-07,1.93548e-06
-1.02212e-07,-1.03779e-08
-1.02112e-07,-1.03779e-08
-1.02012e-07,1.93548e-06
-1.01912e-07,6.47582e-06
-1.01812e-07,1.42593e-05
-1.01712e-07,2.39886e-05
-1.01612e-07,3.43665e-05
-1.01512e-07,4.47444e-05
-1.01412e-07,5.38251e-05
-1.01312e-07,6.09599e-05
-1.01212e-07,6.61489e-05
-1.01112e-07,6.87434e-05
-1.01012e-07,6.9392e-05
-1.00912e-07,7.00406e-05
-1.00812e-07,7.06892e-05
-1.00712e-07,7.32837e-05
-1.00612e-07,7.7824e-05
-1.00512e-07,8.43102e-05
-1.00412e-07,9.33909e-05
-1.00312e-07,0.000102472
-1.00212e-07,0.000112201
-1.00112e-07,0.000121282
-1.00012e-07,0.000128416
-9.991197e-08,0.000132957
-9.981197e-08,0.000136848
-9.971197e-08,0.000139443
-9.961197e-08,0.000142037
-9.951197e-08,0.000145929
-9.941197e-08,0.000151767
-9.931197e-08,0.000160199
-9.921197e-08,0.000171225
-9.911197e-08,0.000182252
-9.901197e-08,0.000193927
-9.891197e-08,0.000204305
-9.881197e-08,0.00021144
-9.871197e-08,0.000214034
-9.861197e-08,0.00021144
-9.851197e-08,0.000203008
-9.841197e-08,0.000190035
-9.831197e-08,0.000174468
-9.821197e-08,0.000157604
-9.811197e-08,0.000142037
-9.801197e-08,0.000129714
-9.791197e-08,0.000121282
-9.781197e-08,0.000118687
-9.771197e-08,0.000120633
-9.761197e-08,0.000127119
-9.751197e-08,0.0001362
-9.741197e-08,0.000145929
-9.731197e-08,0.000156956
-9.721197e-08,0.000165388
-9.711197e-08,0.000171874
-9.701197e-08,0.000175117
-9.691197e-08,0.000175766
-9.681197e-08,0.000175117
-9.671197e-08,0.000172523
-9.661197e-08,0.000168631
-9.651197e-08,0.000164739
-9.641197e-08,0.000160847
-9.631197e-08,0.000157604
-9.621197e-08,0.000153713
-9.611197e-08,0.000148524
-9.601197e-08,0.000142037
-9.591197e-08,0.000133605
-9.581197e-08,0.000123227
-9.571197e-08,0.000111552
-9.561197e-08,9.85799e-05
-9.551197e-08,8.49589e-05
-9.541197e-08,7.13378e-05
-9.531197e-08,5.90141e-05
-9.521197e-08,4.79875e-05
-9.511197e-08,3.76096e-05
-9.501197e-08,2.91775e-05
-9.491197e-08,2.20427e-05
-9.481197e-08,1.42593e-05
-9.471197e-08,6.47582e-06
-9.461197e-08,-1.95624e-06
-9.451197e-08,-1.03883e-05
-9.441197e-08,-2.01176e-05
-9.431197e-08,-2.98469e-05
-9.421197e-08,-3.8279e-05
-9.411197e-08,-4.47652e-05
-9.401197e-08,-4.86569e-05
-9.391197e-08,-4.86569e-05
-9.381197e-08,-4.47652e-05
-9.371197e-08,-3.76303e-05
-9.361197e-08,-2.72524e-05
-9.351197e-08,-1.62259e-05
-9.341197e-08,-4.55072e-06
-9.331197e-08,7.12444e-06
-9.321197e-08,1.8151e-05
-9.311197e-08,2.72317e-05
-9.301197e-08,3.50151e-05
-9.291197e-08,4.27986e-05
-9.281197e-08,4.99334e-05
-9.271197e-08,5.90141e-05
-9.261197e-08,6.9392e-05
-9.251197e-08,8.3013e-05
-9.241197e-08,9.98771e-05
-9.231197e-08,0.000118038
-9.221197e-08,0.000137497
-9.211197e-08,0.000155658
-9.201197e-08,0.000171225
-9.191197e-08,0.000180955
-9.181197e-08,0.000184846
-9.171197e-08,0.000182252
-9.161197e-08,0.000173171
-9.151197e-08,0.000157604
-9.141197e-08,0.000138146
-9.131197e-08,0.000116093
-9.121197e-08,9.46882e-05
-9.111197e-08,7.52296e-05
-9.101197e-08,5.83654e-05
-9.091197e-08,4.5393e-05
-9.081197e-08,3.63124e-05
-9.071197e-08,3.11234e-05
-9.061197e-08,2.98261e-05
-9.051197e-08,3.1772e-05
-9.041197e-08,3.56637e-05
-9.031197e-08,4.02041e-05
-9.021197e-08,4.5393e-05
-9.011197e-08,5.0582e-05
-9.001197e-08,5.44737e-05
-8.991197e-08,5.77168e-05
-8.981197e-08,5.90141e-05
-8.971197e-08,5.77168e-05
-8.961197e-08,5.38251e-05
-8.951197e-08,4.73389e-05
-8.941197e-08,3.82582e-05
-8.931197e-08,2.85289e-05
-8.921197e-08,1.94482e-05
-8.911197e-08,1.03675e-05
-8.901197e-08,4.52996e-06
-8.891197e-08,2.5841e-06
-8.881197e-08,6.47582e-06
-8.871197e-08,1.62051e-05
-8.861197e-08,3.1772e-05
-8.851197e-08,5.18792e-05
-8.841197e-08,7.52296e-05
-8.831197e-08,9.98771e-05
-8.821197e-08,0.000122579
-8.811197e-08,0.000139443
-8.801197e-08,0.000148524
-8.791197e-08,0.000147875
-8.781197e-08,0.0001362
-8.771197e-08,0.000114795
-8.761197e-08,8.62561e-05
-8.751197e-08,5.18792e-05
-8.741197e-08,1.62051e-05
-8.731197e-08,-1.81717e-05
-8.721197e-08,-4.73596e-05
-8.711197e-08,-7.071e-05
-8.701197e-08,-8.62769e-05
-8.691197e-08,-9.40603e-05
-8.681197e-08,-9.60062e-05
-8.671197e-08,-9.34117e-05
-8.661197e-08,-8.82227e-05
-8.651197e-08,-8.23851e-05
-8.641197e-08,-7.71962e-05
-8.631197e-08,-7.39531e-05
-8.621197e-08,-7.39531e-05
-8.611197e-08,-7.65476e-05
-8.601197e-08,-8.04393e-05
-8.591197e-08,-8.56282e-05
-8.581197e-08,-8.952e-05
-8.571197e-08,-9.21144e-05
-8.561197e-08,-9.21144e-05
-8.551197e-08,-9.01686e-05
-8.541197e-08,-8.62769e-05
-8.531197e-08,-7.9142e-05
-8.521197e-08,-6.94127e-05
-8.511197e-08,-5.64403e-05
-8.501197e-08,-4.15221e-05
-8.491197e-08,-2.40093e-05
-8.481197e-08,-2.60486e-06
-8.471197e-08,2.20427e-05
-8.461197e-08,5.0582e-05
-8.451197e-08,8.17158e-05
-8.441197e-08,0.000115444
-8.431197e-08,0.000149172
-8.421197e-08,0.000181603
-8.411197e-08,0.000209494
-8.401197e-08,0.000231547
-8.391197e-08,0.000245817
-8.381197e-08,0.000250357
-8.371197e-08,0.000247114
-8.361197e-08,0.000236736
-8.351197e-08,0.000221169
-8.341197e-08,0.000203008
-8.331197e-08,0.000186144
-8.321197e-08,0.000172523
-8.311197e-08,0.000162145
-8.301197e-08,0.000156956
-8.291197e-08,0.000156956
-8.281197e-08,0.000160199
-8.271197e-08,0.000165388
-8.261197e-08,0.000169928
-8.251197e-08,0.000171874
-8.241197e-08,0.000168631
-8.231197e-08,0.00015955
-8.221197e-08,0.000145281
-8.211197e-08,0.000126471
-8.201197e-08,0.000104417
-8.191197e-08,8.10671e-05
-8.181197e-08,5.96627e-05
-8.171197e-08,4.08527e-05
-8.161197e-08,2.6583e-05
-8.151197e-08,1.75024e-05
-8.141197e-08,1.42593e-05
-8.131197e-08,1.62051e-05
-8.121197e-08,2.20427e-05
-8.111197e-08,3.1772e-05
-8.101197e-08,4.47444e-05
-8.091197e-08,5.90141e-05
-8.081197e-08,7.45809e-05
-8.071197e-08,9.14451e-05
-8.061197e-08,0.000107661
-8.051197e-08,0.000123876
-8.041197e-08,0.000139443
-8.031197e-08,0.000153064
-8.021197e-08,0.000162793
-8.011197e-08,0.000167334
-8.001197e-08,0.000165388
-7.991197e-08,0.000156307
-7.981197e-08,0.000140092
-7.971197e-08,0.000116741
-7.961197e-08,8.88506e-05
-7.951197e-08,5.83654e-05
-7.941197e-08,2.6583e-05
-7.931197e-08,-1.30762e-06
-7.921197e-08,-2.33607e-05
-7.911197e-08,-3.76303e-05
-7.901197e-08,-4.28193e-05
-7.891197e-08,-3.95762e-05
-7.881197e-08,-2.7901e-05
-7.871197e-08,-1.16855e-05
-7.861197e-08,7.77306e-06
-7.851197e-08,2.72317e-05
-7.841197e-08,4.47444e-05
-7.831197e-08,5.90141e-05
-7.821197e-08,6.9392e-05
-7.811197e-08,7.52296e-05
-7.801197e-08,7.71754e-05
-7.791197e-08,7.71754e-05
-7.781197e-08,7.52296e-05
-7.771197e-08,7.39323e-05
-7.761197e-08,7.26351e-05
-7.751197e-08,7.19865e-05
-7.741197e-08,7.19865e-05
-7.731197e-08,7.13378e-05
-7.721197e-08,7.06892e-05
-7.711197e-08,6.74461e-05
-7.701197e-08,6.35544e-05
-7.691197e-08,5.83654e-05
-7.681197e-08,5.38251e-05
-7.671197e-08,4.99334e-05
-7.661197e-08,4.86361e-05
-7.651197e-08,5.12306e-05
-7.641197e-08,5.90141e-05
-7.631197e-08,7.13378e-05
-7.621197e-08,8.75533e-05
-7.611197e-08,0.000105715
-7.601197e-08,0.000125173
-7.591197e-08,0.000143983
-7.581197e-08,0.000160847
-7.571197e-08,0.000175766
-7.561197e-08,0.000187441
-7.551197e-08,0.000196522
-7.541197e-08,0.000203008
-7.531197e-08,0.000209494
-7.521197e-08,0.000215332
-7.511197e-08,0.000221818
-7.501197e-08,0.000228953
-7.491197e-08,0.000235439
-7.481197e-08,0.000239979
-7.471197e-08,0.000241276
-7.461197e-08,0.000236736
-7.451197e-08,0.000226358
-7.441197e-08,0.000209494
-7.431197e-08,0.000185495
-7.421197e-08,0.000156956
-7.411197e-08,0.000127119
-7.401197e-08,9.79313e-05
-7.391197e-08,7.26351e-05
-7.381197e-08,5.44737e-05
-7.371197e-08,4.40958e-05
-7.361197e-08,4.21499e-05
-7.351197e-08,4.86361e-05
-7.341197e-08,6.09599e-05
-7.331197e-08,7.65268e-05
-7.321197e-08,9.27423e-05
-7.311197e-08,0.000105715
-7.301197e-08,0.000113498
-7.291197e-08,0.000114147
-7.281197e-08,0.000107661
-7.271197e-08,9.40395e-05
-7.261197e-08,7.58782e-05
-7.251197e-08,5.51223e-05
-7.241197e-08,3.37179e-05
-7.231197e-08,1.42593e-05
-7.221197e-08,-1.95624e-06
-7.211197e-08,-1.55773e-05
-7.201197e-08,-2.53066e-05
-7.191197e-08,-3.309e-05
-7.181197e-08,-3.95762e-05
-7.171197e-08,-4.54138e-05
-7.161197e-08,-5.12514e-05
-7.151197e-08,-5.7089e-05
-7.141197e-08,-6.29265e-05
-7.131197e-08,-6.74669e-05
-7.121197e-08,-7.071e-05
-7.111197e-08,-7.071e-05
-7.101197e-08,-6.68183e-05
-7.091197e-08,-5.96834e-05
-7.081197e-08,-4.93055e-05
-7.071197e-08,-3.56845e-05
-7.061197e-08,-2.01176e-05
-7.051197e-08,-3.9021e-06
-7.041197e-08,1.23134e-05
-7.031197e-08,2.6583e-05
-7.021197e-08,3.89068e-05
-7.011197e-08,5.12306e-05
-7.001197e-08,6.29058e-05
-6.991197e-08,7.45809e-05
-6.981197e-08,8.62561e-05
-6.971197e-08,9.92285e-05
-6.961197e-08,0.000111552
-6.951197e-08,0.000123876
-6.941197e-08,0.000134254
-6.931197e-08,0.000142037
-6.921197e-08,0.000146578
-6.911197e-08,0.000146578
-6.901197e-08,0.000142686
-6.891197e-08,0.000134903
-6.881197e-08,0.000124525
-6.871197e-08,0.000114147
-6.861197e-08,0.000104417
-6.851197e-08,9.59854e-05
-6.841197e-08,9.01478e-05
-6.831197e-08,8.62561e-05
-6.821197e-08,8.36616e-05
-6.811197e-08,8.23644e-05
-6.801197e-08,7.97699e-05
-6.791197e-08,7.45809e-05
-6.781197e-08,6.55003e-05
-6.771197e-08,5.31765e-05
-6.761197e-08,3.82582e-05
-6.751197e-08,2.26913e-05
-6.741197e-08,7.77306e-06
-6.731197e-08,-3.9021e-06
-6.721197e-08,-1.03883e-05
-6.711197e-08,-1.16855e-05
-6.701197e-08,-7.1452e-06
-6.691197e-08,2.5841e-06
-6.681197e-08,1.49079e-05
-6.671197e-08,2.78803e-05
-6.661197e-08,3.76096e-05
-6.651197e-08,4.27986e-05
-6.641197e-08,4.21499e-05
-6.631197e-08,3.50151e-05
-6.621197e-08,2.26913e-05
-6.611197e-08,7.77306e-06
-6.601197e-08,-7.1452e-06
-6.591197e-08,-2.01176e-05
-6.581197e-08,-2.7901e-05
-6.571197e-08,-2.72524e-05
-6.561197e-08,-1.81717e-05
-6.551197e-08,-6.58998e-07
-6.541197e-08,2.39886e-05
-6.531197e-08,5.38251e-05
-6.521197e-08,8.56075e-05
-6.511197e-08,0.000116093
-6.501197e-08,0.000143335
-6.491197e-08,0.000165388
-6.481197e-08,0.000180306
-6.471197e-08,0.000189387
-6.461197e-08,0.000191333
-6.451197e-08,0.000188738
-6.441197e-08,0.000181603
-6.431197e-08,0.000171874
-6.421197e-08,0.000160847
-6.411197e-08,0.000149172
-6.401197e-08,0.000136848
-6.391197e-08,0.000123227
-6.381197e-08,0.000108309
-6.371197e-08,9.40395e-05
-6.361197e-08,7.91213e-05
-6.351197e-08,6.35544e-05
-6.341197e-08,4.99334e-05
-6.331197e-08,3.76096e-05
-6.321197e-08,2.78803e-05
-6.311197e-08,2.20427e-05
-6.301197e-08,1.87996e-05
-6.291197e-08,1.94482e-05
-6.281197e-08,2.13941e-05
-6.271197e-08,2.33399e-05
-6.261197e-08,2.39886e-05
-6.251197e-08,2.26913e-05
-6.241197e-08,1.87996e-05
-6.231197e-08,1.16648e-05
-6.221197e-08,3.23272e-06
-6.211197e-08,-6.49658e-06
-6.201197e-08,-1.49286e-05
-6.191197e-08,-2.07662e-05
-6.181197e-08,-2.27121e-05
-6.171197e-08,-1.9469e-05
-6.161197e-08,-1.23342e-05
-6.151197e-08,-1.95624e-06
-6.141197e-08,1.03675e-05
-6.131197e-08,2.39886e-05
-6.121197e-08,3.6961e-05
-6.111197e-08,4.60417e-05
-6.101197e-08,5.18792e-05
-6.091197e-08,5.31765e-05
-6.081197e-08,5.12306e-05
-6.071197e-08,4.60417e-05
-6.061197e-08,3.89068e-05
-6.051197e-08,3.24206e-05
-6.041197e-08,2.72317e-05
-6.031197e-08,2.26913e-05
-6.021197e-08,2.00968e-05
-6.011197e-08,1.87996e-05
-6.001197e-08,1.8151e-05
-5.991197e-08,1.68537e-05
-5.981197e-08,1.49079e-05
-5.971197e-08,1.2962e-05
-5.961197e-08,1.03675e-05
-5.951197e-08,8.42168e-06
-5.941197e-08,8.42168e-06
-5.931197e-08,1.23134e-05
-5.921197e-08,2.13941e-05
-5.911197e-08,3.56637e-05
-5.901197e-08,5.31765e-05
-5.891197e-08,7.45809e-05
-5.881197e-08,9.59854e-05
-5.871197e-08,0.000115444
-5.861197e-08,0.000129065
-5.851197e-08,0.0001362
-5.841197e-08,0.000134903
-5.831197e-08,0.000125173
-5.821197e-08,0.000107661
-5.811197e-08,8.56075e-05
-5.801197e-08,6.09599e-05
-5.791197e-08,3.82582e-05
-5.781197e-08,2.00968e-05
-5.771197e-08,1.03675e-05
-5.761197e-08,9.0703e-06
-5.751197e-08,1.68537e-05
-5.741197e-08,3.1772e-05
-5.731197e-08,5.12306e-05
-5.721197e-08,7.19865e-05
-5.711197e-08,9.07964e-05
-5.701197e-08,0.000105066
-5.691197e-08,0.000112201
-5.681197e-08,0.00011285
-5.671197e-08,0.000107012
-5.661197e-08,9.6634e-05
-5.651197e-08,8.36616e-05
-5.641197e-08,7.13378e-05
-5.631197e-08,6.09599e-05
-5.621197e-08,5.51223e-05
-5.611197e-08,5.38251e-05
-5.601197e-08,5.64196e-05
-5.591197e-08,6.16085e-05
-5.581197e-08,6.80947e-05
-5.571197e-08,7.39323e-05
-5.561197e-08,7.71754e-05
-5.551197e-08,7.71754e-05
-5.541197e-08,7.32837e-05
-5.531197e-08,6.74461e-05
-5.521197e-08,6.03113e-05
-5.511197e-08,5.25279e-05
-5.501197e-08,4.60417e-05
-5.491197e-08,4.08527e-05
-5.481197e-08,3.82582e-05
-5.471197e-08,3.82582e-05
-5.461197e-08,3.89068e-05
-5.451197e-08,3.95555e-05
-5.441197e-08,3.82582e-05
-5.431197e-08,3.30692e-05
-5.421197e-08,2.46372e-05
-5.411197e-08,1.2962e-05
-5.401197e-08,-1.03779e-08
-5.391197e-08,-1.36314e-05
-5.381197e-08,-2.66038e-05
-5.371197e-08,-3.63331e-05
-5.361197e-08,-4.15221e-05
-5.351197e-08,-4.21707e-05
-5.341197e-08,-3.69817e-05
-5.331197e-08,-2.72524e-05
-5.321197e-08,-1.428e-05
-5.311197e-08,6.38242e-07
-5.301197e-08,1.62051e-05
-5.291197e-08,3.24206e-05
-5.281197e-08,4.86361e-05
-5.271197e-08,6.48516e-05
-5.261197e-08,8.23644e-05
-5.251197e-08,0.000102472
-5.241197e-08,0.000123876
-5.231197e-08,0.000146578
-5.221197e-08,0.000170577
-5.211197e-08,0.000193278
-5.201197e-08,0.000214034
-5.191197e-08,0.000227655
-5.181197e-08,0.000233493
-5.171197e-08,0.000229601
-5.161197e-08,0.00021598
-5.151197e-08,0.000193278
-5.141197e-08,0.000162145
-5.131197e-08,0.000126471
-5.121197e-08,8.8202e-05
-5.111197e-08,5.0582e-05
-5.101197e-08,1.75024e-05
-5.091197e-08,-8.44244e-06
-5.081197e-08,-2.66038e-05
-5.071197e-08,-3.69817e-05
-5.061197e-08,-4.02248e-05
-5.051197e-08,-3.89276e-05
-5.041197e-08,-3.37386e-05
-5.031197e-08,-2.72524e-05
-5.021197e-08,-1.9469e-05
-5.011197e-08,-1.23342e-05
-5.001197e-08,-5.84796e-06
-4.991197e-08,-6.58998e-07
-4.981197e-08,3.88134e-06
-4.971197e-08,9.71892e-06
-4.961197e-08,1.55565e-05
-4.951197e-08,2.13941e-05
-4.941197e-08,2.6583e-05
-4.931197e-08,3.04748e-05
-4.921197e-08,3.11234e-05
-4.911197e-08,2.6583e-05
-4.901197e-08,1.62051e-05
-4.891197e-08,6.38242e-07
-4.881197e-08,-2.14148e-05
-4.871197e-08,-4.73596e-05
-4.861197e-08,-7.58989e-05
-4.851197e-08,-0.000103141
-4.841197e-08,-0.00012714
-4.831197e-08,-0.000144653
-4.821197e-08,-0.000154382
-4.811197e-08,-0.000155031
-4.801197e-08,-0.000148544
-4.791197e-08,-0.000136221
-4.781197e-08,-0.000120005
-4.771197e-08,-0.000101195
-4.761197e-08,-8.30338e-05
-4.751197e-08,-6.74669e-05
-4.741197e-08,-5.44945e-05
-4.731197e-08,-4.60624e-05
-4.721197e-08,-3.95762e-05
-4.711197e-08,-3.50359e-05
-4.701197e-08,-3.04955e-05
-4.691197e-08,-2.40093e-05
-4.681197e-08,-1.428e-05
-4.671197e-08,-3.25348e-06
-4.661197e-08,9.0703e-06
-4.651197e-08,2.13941e-05
-4.641197e-08,3.30692e-05
-4.631197e-08,4.21499e-05
-4.621197e-08,4.66903e-05
-4.611197e-08,4.66903e-05
-4.601197e-08,4.21499e-05
-4.591197e-08,3.43665e-05
-4.581197e-08,2.46372e-05
-4.571197e-08,1.55565e-05
-4.561197e-08,9.0703e-06
-4.551197e-08,5.17858e-06
-4.541197e-08,6.47582e-06
-4.531197e-08,1.10162e-05
-4.521197e-08,1.94482e-05
-4.511197e-08,2.85289e-05
-4.501197e-08,3.63124e-05
-4.491197e-08,4.27986e-05
-4.481197e-08,4.47444e-05
-4.471197e-08,4.21499e-05
-4.461197e-08,3.50151e-05
-4.451197e-08,2.59344e-05
-4.441197e-08,1.55565e-05
-4.431197e-08,5.17858e-06
-4.421197e-08,-3.25348e-06
-4.411197e-08,-8.44244e-06
-4.401197e-08,-1.10369e-05
-4.391197e-08,-1.10369e-05
-4.381197e-08,-9.09106e-06
-4.371197e-08,-7.1452e-06
-4.361197e-08,-7.79382e-06
-4.351197e-08,-1.10369e-05
-4.341197e-08,-1.81717e-05
-4.331197e-08,-2.7901e-05
-4.321197e-08,-3.95762e-05
-4.311197e-08,-5.31972e-05
-4.301197e-08,-6.61696e-05
-4.291197e-08,-7.71962e-05
-4.281197e-08,-8.49796e-05
-4.271197e-08,-8.88713e-05
-4.261197e-08,-8.88713e-05
-4.251197e-08,-8.49796e-05
-4.241197e-08,-7.84934e-05
-4.231197e-08,-7.13586e-05
-4.221197e-08,-6.48724e-05
-4.211197e-08,-5.90348e-05
-4.201197e-08,-5.44945e-05
-4.191197e-08,-5.25486e-05
-4.181197e-08,-5.19e-05
-4.171197e-08,-5.19e-05
-4.161197e-08,-5.25486e-05
-4.151197e-08,-5.25486e-05
-4.141197e-08,-5.19e-05
-4.131197e-08,-4.93055e-05
-4.121197e-08,-4.60624e-05
-4.111197e-08,-4.41165e-05
-4.101197e-08,-4.28193e-05
-4.091197e-08,-4.28193e-05
-4.081197e-08,-4.41165e-05
-4.071197e-08,-4.73596e-05
-4.061197e-08,-5.25486e-05
-4.051197e-08,-5.77376e-05
-4.041197e-08,-6.16293e-05
-4.031197e-08,-6.42238e-05
-4.021197e-08,-6.35752e-05
-4.011197e-08,-5.90348e-05
-4.001197e-08,-4.99541e-05
-3.991197e-08,-3.63331e-05
-3.981197e-08,-1.9469e-05
-3.971197e-08,6.38242e-07
-3.961197e-08,2.20427e-05
-3.951197e-08,4.34472e-05
-3.941197e-08,6.35544e-05
-3.931197e-08,8.23644e-05
-3.921197e-08,9.79313e-05
-3.911197e-08,0.000110255
-3.901197e-08,0.000119984
-3.891197e-08,0.000127768
-3.881197e-08,0.000132308
-3.871197e-08,0.000134254
-3.861197e-08,0.00013166
-3.851197e-08,0.000125822
-3.841197e-08,0.000114795
-3.831197e-08,9.98771e-05
-3.821197e-08,7.97699e-05
-3.811197e-08,5.64196e-05
-3.801197e-08,3.04748e-05
-3.791197e-08,3.23272e-06
-3.781197e-08,-2.27121e-05
-3.771197e-08,-4.54138e-05
-3.761197e-08,-6.35752e-05
-3.751197e-08,-7.65476e-05
-3.741197e-08,-8.30338e-05
-3.731197e-08,-8.30338e-05
-3.721197e-08,-7.71962e-05
-3.711197e-08,-6.68183e-05
-3.701197e-08,-5.38459e-05
-3.691197e-08,-3.89276e-05
-3.681197e-08,-2.46579e-05
-3.671197e-08,-1.23342e-05
-3.661197e-08,-1.95624e-06
-3.651197e-08,6.47582e-06
-3.641197e-08,1.2962e-05
-3.631197e-08,1.75024e-05
-3.621197e-08,2.13941e-05
-3.611197e-08,2.59344e-05
-3.601197e-08,3.1772e-05
-3.591197e-08,3.82582e-05
-3.581197e-08,4.60417e-05
-3.571197e-08,5.64196e-05
-3.561197e-08,6.80947e-05
-3.551197e-08,7.97699e-05
-3.541197e-08,9.27423e-05
-3.531197e-08,0.000107012
-3.521197e-08,0.000122579
-3.511197e-08,0.000139443
-3.501197e-08,0.000156956
-3.491197e-08,0.000175766
-3.481197e-08,0.000194576
-3.471197e-08,0.000212737
-3.461197e-08,0.000228953
-3.451197e-08,0.000240628
-3.441197e-08,0.000246465
-3.431197e-08,0.000245168
-3.421197e-08,0.000236736
-3.411197e-08,0.000221818
-3.401197e-08,0.000200413
-3.391197e-08,0.000174468
-3.381197e-08,0.000145929
-3.371197e-08,0.00011739
-3.361197e-08,9.07964e-05
-3.351197e-08,6.74461e-05
-3.341197e-08,4.86361e-05
-3.331197e-08,3.56637e-05
-3.321197e-08,2.85289e-05
-3.311197e-08,2.59344e-05
-3.301197e-08,2.72317e-05
-3.291197e-08,2.98261e-05
-3.281197e-08,3.37179e-05
-3.271197e-08,3.56637e-05
-3.261197e-08,3.50151e-05
-3.251197e-08,3.04748e-05
-3.241197e-08,2.20427e-05
-3.231197e-08,1.16648e-05
-3.221197e-08,-1.30762e-06
-3.211197e-08,-1.49286e-05
-3.201197e-08,-2.91983e-05
-3.191197e-08,-4.21707e-05
-3.181197e-08,-5.31972e-05
-3.171197e-08,-6.09807e-05
-3.161197e-08,-6.61696e-05
-3.151197e-08,-6.81155e-05
-3.141197e-08,-6.61696e-05
-3.131197e-08,-6.03321e-05
-3.121197e-08,-5.12514e-05
-3.111197e-08,-3.8279e-05
-3.101197e-08,-2.20635e-05
-3.091197e-08,-3.25348e-06
-3.081197e-08,1.75024e-05
-3.071197e-08,3.95555e-05
-3.061197e-08,6.09599e-05
-3.051197e-08,8.17158e-05
-3.041197e-08,0.000100526
-3.031197e-08,0.000116093
-3.021197e-08,0.000128416
-3.011197e-08,0.0001362
-3.001197e-08,0.000139443
-2.991197e-08,0.000138794
-2.981197e-08,0.000134903
-2.971197e-08,0.000129065
-2.961197e-08,0.000122579
-2.951197e-08,0.000115444
-2.941197e-08,0.000110255
-2.931197e-08,0.000107661
-2.921197e-08,0.000107661
-2.911197e-08,0.000110904
-2.901197e-08,0.000116093
-2.891197e-08,0.000122579
-2.881197e-08,0.000129714
-2.871197e-08,0.0001362
-2.861197e-08,0.000140092
-2.851197e-08,0.00014074
-2.841197e-08,0.000138146
-2.831197e-08,0.000132957
-2.821197e-08,0.000125822
-2.811197e-08,0.00011739
-2.801197e-08,0.000109606
-2.791197e-08,0.00010312
-2.781197e-08,9.98771e-05
-2.771197e-08,0.000100526
-2.761197e-08,0.000104417
-2.751197e-08,0.000112201
-2.741197e-08,0.000121282
-2.731197e-08,0.00013166
-2.721197e-08,0.000141389
-2.711197e-08,0.000148524
-2.701197e-08,0.000153713
-2.691197e-08,0.00015501
-2.681197e-08,0.000153064
-2.671197e-08,0.000146578
-2.661197e-08,0.000136848
-2.651197e-08,0.000124525
-2.641197e-08,0.000111552
-2.631197e-08,9.85799e-05
-2.621197e-08,8.62561e-05
-2.611197e-08,7.58782e-05
-2.601197e-08,6.55003e-05
-2.591197e-08,5.70682e-05
-2.581197e-08,5.0582e-05
-2.571197e-08,4.60417e-05
-2.561197e-08,4.27986e-05
-2.551197e-08,4.08527e-05
-2.541197e-08,3.95555e-05
-2.531197e-08,3.89068e-05
-2.521197e-08,3.82582e-05
-2.511197e-08,3.56637e-05
-2.501197e-08,3.1772e-05
-2.491197e-08,2.39886e-05
-2.481197e-08,1.2962e-05
-2.471197e-08,-1.95624e-06
-2.461197e-08,-2.14148e-05
-2.451197e-08,-4.28193e-05
-2.441197e-08,-6.5521e-05
-2.431197e-08,-8.82227e-05
-2.421197e-08,-0.000108979
-2.411197e-08,-0.000125194
-2.401197e-08,-0.000136869
-2.391197e-08,-0.000142058
-2.381197e-08,-0.000140761
-2.371197e-08,-0.000132978
-2.361197e-08,-0.000120005
-2.351197e-08,-0.000103141
-2.341197e-08,-8.4331e-05
-2.331197e-08,-6.48724e-05
-2.321197e-08,-4.60624e-05
-2.311197e-08,-2.98469e-05
-2.301197e-08,-1.55773e-05
-2.291197e-08,-5.19934e-06
-2.281197e-08,1.28686e-06
-2.271197e-08,5.17858e-06
-2.261197e-08,6.47582e-06
-2.251197e-08,6.47582e-06
-2.241197e-08,4.52996e-06
-2.231197e-08,2.5841e-06
-2.221197e-08,-1.03779e-08
-2.211197e-08,-1.30762e-06
-2.201197e-08,-2.60486e-06
-2.191197e-08,-2.60486e-06
-2.181197e-08,-1.95624e-06
-2.171197e-08,-1.03779e-08
-2.161197e-08,2.5841e-06
-2.151197e-08,5.8272e-06
-2.141197e-08,1.03675e-05
-2.131197e-08,1.62051e-05
-2.121197e-08,2.33399e-05
-2.111197e-08,3.11234e-05
-2.101197e-08,4.08527e-05
-2.091197e-08,5.12306e-05
-2.081197e-08,6.22572e-05
-2.071197e-08,7.39323e-05
-2.061197e-08,8.69047e-05
-2.051197e-08,0.000101823
-2.041197e-08,0.000118687
-2.031197e-08,0.000136848
-2.021197e-08,0.000156956
-2.011197e-08,0.000179009
-2.001197e-08,0.000202359
-1.991197e-08,0.000227007
-1.981197e-08,0.000250357
-1.971197e-08,0.00027241
-1.961197e-08,0.000290571
-1.951197e-08,0.00030549
-1.941197e-08,0.000315868
-1.931197e-08,0.000321057
-1.921197e-08,0.000321057
-1.911197e-08,0.000317165
-1.901197e-08,0.000308733
-1.891197e-08,0.000298355
-1.881197e-08,0.00028668
-1.871197e-08,0.000273707
-1.861197e-08,0.000260735
-1.851197e-08,0.000247763
-1.841197e-08,0.000233493
-1.831197e-08,0.000217277
-1.821197e-08,0.000198467
-1.811197e-08,0.000176414
-1.801197e-08,0.000150469
-1.791197e-08,0.000120633
-1.781197e-08,8.75533e-05
-1.771197e-08,5.38251e-05
-1.761197e-08,2.07455e-05
-1.751197e-08,-9.09106e-06
-1.741197e-08,-3.24414e-05
-1.731197e-08,-4.93055e-05
-1.721197e-08,-5.77376e-05
-1.711197e-08,-5.77376e-05
-1.701197e-08,-4.99541e-05
-1.691197e-08,-3.63331e-05
-1.681197e-08,-1.9469e-05
-1.671197e-08,-1.95624e-06
-1.661197e-08,1.2962e-05
-1.651197e-08,2.46372e-05
-1.641197e-08,3.1772e-05
-1.631197e-08,3.37179e-05
-1.621197e-08,3.24206e-05
-1.611197e-08,2.78803e-05
-1.601197e-08,2.00968e-05
-1.591197e-08,1.03675e-05
-1.581197e-08,-1.03779e-08
-1.571197e-08,-1.10369e-05
-1.561197e-08,-2.27121e-05
-1.551197e-08,-3.56845e-05
-1.541197e-08,-4.93055e-05
-1.531197e-08,-6.35752e-05
-1.521197e-08,-7.84934e-05
-1.511197e-08,-9.34117e-05
-1.501197e-08,-0.000106384
-1.491197e-08,-0.000116113
-1.481197e-08,-0.000121951
-1.471197e-08,-0.0001226
-1.461197e-08,-0.000116762
-1.451197e-08,-0.00010379
-1.441197e-08,-8.49796e-05
-1.431197e-08,-6.16293e-05
-1.421197e-08,-3.43872e-05
-1.411197e-08,-5.19934e-06
-1.401197e-08,2.26913e-05
-1.391197e-08,4.79875e-05
-1.381197e-08,7.00406e-05
-1.371197e-08,8.75533e-05
-1.361197e-08,0.000100526
-1.351197e-08,0.000108309
-1.341197e-08,0.000111552
-1.331197e-08,0.000113498
-1.321197e-08,0.000114147
-1.311197e-08,0.00011285
-1.301197e-08,0.000112201
-1.291197e-08,0.000112201
-1.281197e-08,0.000112201
-1.271197e-08,0.000110904
-1.261197e-08,0.000109606
-1.251197e-08,0.000107012
-1.241197e-08,0.000103769
-1.231197e-08,9.85799e-05
-1.221197e-08,9.20937e-05
-1.211197e-08,8.49589e-05
-1.201197e-08,7.7824e-05
-1.191197e-08,7.13378e-05
-1.181197e-08,6.61489e-05
-1.171197e-08,6.16085e-05
-1.161197e-08,5.77168e-05
-1.151197e-08,5.38251e-05
-1.141197e-08,5.0582e-05
-1.131197e-08,4.66903e-05
-1.121197e-08,4.27986e-05
-1.111197e-08,3.76096e-05
-1.101197e-08,3.24206e-05
-1.091197e-08,2.85289e-05
-1.081197e-08,2.72317e-05
-1.071197e-08,2.78803e-05
-1.061197e-08,3.30692e-05
-1.051197e-08,4.27986e-05
-1.041197e-08,5.64196e-05
-1.031197e-08,7.26351e-05
-1.021197e-08,8.94992e-05
-1.011197e-08,0.000107661
-1.001197e-08,0.000122579
-9.911975e-09,0.000133605
-9.811975e-09,0.000138794
-9.711975e-09,0.000137497
-9.611975e-09,0.000131011
-9.511975e-09,0.000120633
-9.411975e-09,0.000107012
-9.311975e-09,9.14451e-05
-9.211975e-09,7.58782e-05
-9.111975e-09,6.16085e-05
-9.011975e-09,4.86361e-05
-8.911975e-09,3.82582e-05
-8.811975e-09,2.98261e-05
-8.711975e-09,2.20427e-05
-8.611975e-09,1.42593e-05
-8.511975e-09,6.47582e-06
-8.411975e-09,-1.95624e-06
-8.311975e-09,-1.10369e-05
-8.211975e-09,-2.01176e-05
-8.111975e-09,-2.7901e-05
-8.011975e-09,-3.37386e-05
-7.911975e-09,-3.76303e-05
-7.811975e-09,-3.8279e-05
-7.711975e-09,-3.56845e-05
-7.611975e-09,-2.98469e-05
-7.511975e-09,-2.27121e-05
-7.411975e-09,-1.49286e-05
-7.311975e-09,-7.79382e-06
-7.211975e-09,-2.60486e-06
-7.111975e-09,1.28686e-06
-7.011975e-09,3.23272e-06
-6.911975e-09,3.88134e-06
-6.811975e-09,4.52996e-06
-6.711975e-09,5.17858e-06
-6.611975e-09,7.77306e-06
-6.511975e-09,1.36106e-05
-6.411975e-09,2.26913e-05
-6.311975e-09,3.37179e-05
-6.211975e-09,4.66903e-05
-6.111975e-09,6.03113e-05
-6.011975e-09,7.32837e-05
-5.911975e-09,8.23644e-05
-5.811975e-09,8.75533e-05
-5.711975e-09,8.75533e-05
-5.611975e-09,8.3013e-05
-5.511975e-09,7.32837e-05
-5.411975e-09,5.96627e-05
-5.311975e-09,4.47444e-05
-5.211975e-09,2.98261e-05
-5.111975e-09,1.62051e-05
-5.011975e-09,5.17858e-06
-4.911975e-09,-1.95624e-06
-4.811975e-09,-5.84796e-06
-4.711975e-09,-5.84796e-06
-4.611975e-09,-2.60486e-06
-4.511975e-09,2.5841e-06
-4.411975e-09,8.42168e-06
-4.311975e-09,1.36106e-05
-4.211975e-09,1.8151e-05
-4.111975e-09,2.13941e-05
-4.011975e-09,2.46372e-05
-3.911975e-09,2.72317e-05
-3.811975e-09,3.11234e-05
-3.711975e-09,3.63124e-05
-3.611975e-09,4.34472e-05
-3.511975e-09,5.18792e-05
-3.411975e-09,6.16085e-05
-3.311975e-09,7.19865e-05
-3.211975e-09,8.17158e-05
-3.111975e-09,8.94992e-05
-3.011975e-09,9.40395e-05
-2.911975e-09,9.46882e-05
-2.811975e-09,9.14451e-05
-2.711975e-09,8.43102e-05
-2.611975e-09,7.52296e-05
-2.511975e-09,6.4203e-05
-2.411975e-09,5.18792e-05
-2.311975e-09,3.89068e-05
-2.211975e-09,2.46372e-05
-2.111975e-09,9.0703e-06
-2.011975e-09,-1.03883e-05
-1.911975e-09,-3.37386e-05
-1.811975e-09,-6.35752e-05
-1.711975e-09,-9.98979e-05
-1.611975e-09,-0.000142707
-1.511975e-09,-0.000192651
-1.411975e-09,-0.000248432
-1.311975e-09,-0.000309402
-1.211975e-09,-0.000374264
-1.111975e-09,-0.000443018
-1.011975e-09,-0.000514366
-9.119747e-10,-0.000588957
-8.119747e-10,-0.000666143
-7.119747e-10,-0.000748518
-6.119747e-10,-0.00083673
-5.119747e-10,-0.000932726
-4.119747e-10,-0.00103715
-3.119747e-10,-0.00115066
-2.119747e-10,-0.00127325
-1.119747e-10,-0.00140362
-1.197468e-11,-0.00154243
8.802532e-11,-0.00168902
1.880253e-10,-0.00184144
2.880253e-10,-0.00199971
3.880253e-10,-0.00216446
4.880253e-10,-0.00233569
5.880253e-10,-0.00251536
6.880253e-10,-0.00270411
7.880253e-10,-0.00290323
8.880253e-10,-0.00311274
9.880253e-10,-0.00333392
1.088025e-09,-0.00356483
1.188025e-09,-0.00380417
1.288025e-09,-0.0040487
1.388025e-09,-0.00429647
1.488025e-09,-0.00454424
1.588025e-09,-0.00478812
1.688025e-09,-0.00502747
1.788025e-09,-0.00526032
1.888025e-09,-0.00548799
1.988025e-09,-0.00570981
2.088025e-09,-0.00592645
2.188025e-09,-0.0061379
2.288025e-09,-0.00634611
2.388025e-09,-0.00654913
2.488025e-09,-0.00674761
2.588025e-09,-0.00693765
2.688025e-09,-0.00711732
2.788025e-09,-0.00728337
2.888025e-09,-0.0074332
2.988025e-09,-0.00756357
3.088025e-09,-0.00767319
3.188025e-09,-0.00776075
3.288025e-09,-0.00782691
3.388025e-09,-0.00787166
3.488025e-09,-0.00789696
3.588025e-09,-0.0079028
3.688025e-09,-0.00789112
3.788025e-09,-0.00786518
3.888025e-09,-0.00782561
3.988025e-09,-0.00777307
4.088025e-09,-0.00770756
4.188025e-09,-0.00763103
4.288025e-09,-0.00754411
4.388025e-09,-0.00744876
4.488025e-09,-0.00734628
4.588025e-09,-0.00723991
4.688025e-09,-0.00713159
4.788025e-09,-0.00702586
4.888025e-09,-0.00692403
4.988025e-09,-0.00682803
5.088025e-09,-0.00673917
5.188025e-09,-0.00665615
5.288025e-09,-0.00657896
5.388025e-09,-0.00650502
5.488025e-09,-0.00643173
5.588025e-09,-0.00635714
5.688025e-09,-0.00627995
5.788025e-09,-0.00619822
5.888025e-09,-0.00611131
5.988025e-09,-0.00601856
6.088025e-09,-0.00592062
6.188025e-09,-0.00582008
6.288025e-09,-0.0057176
6.388025e-09,-0.00561576
6.488025e-09,-0.00551393
6.588025e-09,-0.00541404
6.688025e-09,-0.00531545
6.788025e-09,-0.00521816
6.888025e-09,-0.00512216
6.988025e-09,-0.00502811
7.088025e-09,-0.00493666
7.188025e-09,-0.0048478
7.288025e-09,-0.00476283
7.388025e-09,-0.0046824
7.488025e-09,-0.00460716
7.588025e-09,-0.00453516
7.688025e-09,-0.00446641
7.788025e-09,-0.0044009
7.888025e-09,-0.00433474
7.988025e-09,-0.00426534
8.088025e-09,-0.00419075
8.188025e-09,-0.00410837
8.288025e-09,-0.00401821
8.388025e-09,-0.00391897
8.488025e-09,-0.00381195
8.588025e-09,-0.00369909
8.688025e-09,-0.00358429
8.788025e-09,-0.00347078
8.888025e-09,-0.00336116
8.988025e-09,-0.00325803
9.088025e-09,-0.00316398
9.188025e-09,-0.00307836
9.288025e-09,-0.00299988
9.388025e-09,-0.00292788
9.488025e-09,-0.00285913
9.588025e-09,-0.00279102
9.688025e-09,-0.00272162
9.788025e-09,-0.00264833
9.888025e-09,-0.00257179
9.988025e-09,-0.00249136
1.008803e-08,-0.00240899
1.018803e-08,-0.00232596
1.028803e-08,-0.00224553
1.038803e-08,-0.002169
1.048803e-08,-0.0020983
1.058803e-08,-0.00203408
1.068803e-08,-0.00197636
1.078803e-08,-0.00192511
1.088803e-08,-0.00187841
1.098803e-08,-0.00183625
1.108803e-08,-0.00179669
1.118803e-08,-0.00175972
1.128803e-08,-0.00172534
1.138803e-08,-0.00169485
1.148803e-08,-0.00166826
1.158803e-08,-0.00164621
1.168803e-08,-0.00163064
1.178803e-08,-0.00162156
1.188803e-08,-0.00161897
1.198803e-08,-0.00162156
1.208803e-08,-0.0016287
1.218803e-08,-0.00163972
1.228803e-08,-0.00165205
1.238803e-08,-0.00166696
1.248803e-08,-0.00168188
1.258803e-08,-0.0016981
1.268803e-08,-0.00171496
1.278803e-08,-0.00173377
1.288803e-08,-0.00175583
1.298803e-08,-0.00178047
1.308803e-08,-0.00180836
1.318803e-08,-0.00183755
1.328803e-08,-0.00186609
1.338803e-08,-0.00189204
1.348803e-08,-0.00191344
1.358803e-08,-0.00192706
1.368803e-08,-0.00193355
1.378803e-08,-0.0019303
1.388803e-08,-0.00191863
1.398803e-08,-0.00189982
1.408803e-08,-0.00187582
1.418803e-08,-0.00184923
1.428803e-08,-0.00182263
1.438803e-08,-0.00179799
1.448803e-08,-0.00177723
1.458803e-08,-0.00175972
1.468803e-08,-0.00174545
1.478803e-08,-0.00173312
1.488803e-08,-0.00172145
1.498803e-08,-0.00170783
1.508803e-08,-0.00169161
1.518803e-08,-0.00167021
1.528803e-08,-0.00164556
1.538803e-08,-0.00161572
1.548803e-08,-0.00158264
1.558803e-08,-0.00154697
1.568803e-08,-0.00151065
1.578803e-08,-0.00147368
1.588803e-08,-0.00143865
1.598803e-08,-0.00140492
1.608803e-08,-0.00137379
1.618803e-08,-0.00134395
1.628803e-08,-0.00131606
1.638803e-08,-0.00129012
1.648803e-08,-0.00126612
1.658803e-08,-0.00124342
1.668803e-08,-0.00122331
1.678803e-08,-0.00120515
1.688803e-08,-0.00119023
1.698803e-08,-0.00117855
1.708803e-08,-0.00116947
1.718803e-08,-0.00116299
1.728803e-08,-0.0011578
1.738803e-08,-0.00115326
1.748803e-08,-0.00114872
1.758803e-08,-0.00114223
1.768803e-08,-0.0011351
1.778803e-08,-0.00112537
1.788803e-08,-0.00111369
1.798803e-08,-0.00110072
1.808803e-08,-0.00108775
1.818803e-08,-0.00107477
1.828803e-08,-0.00106245
1.838803e-08,-0.00105142
1.848803e-08,-0.0010404
1.858803e-08,-0.00102872
1.868803e-08,-0.0010151
1.878803e-08,-0.000999534
1.888803e-08,-0.000980724
1.898803e-08,-0.000958671
1.908803e-08,-0.000934023
1.918803e-08,-0.000908079
1.928803e-08,-0.000882134
1.938803e-08,-0.000857486
1.948803e-08,-0.000836082
1.958803e-08,-0.000820515
1.968803e-08,-0.000810786
1.978803e-08,-0.000806245
1.988803e-08,-0.000808191
1.998803e-08,-0.00081338
2.008803e-08,-0.000821163
2.018803e-08,-0.000828947
2.028803e-08,-0.000835433
2.038803e-08,-0.000837379
2.048803e-08,-0.000836082
2.058803e-08,-0.000828947
2.068803e-08,-0.000817272
2.078803e-08,-0.000801705
2.088803e-08,-0.000783544
2.098803e-08,-0.000762139
2.108803e-08,-0.000740086
2.118803e-08,-0.000716736
2.128803e-08,-0.000693385
2.138803e-08,-0.000670035
2.148803e-08,-0.000646685
2.158803e-08,-0.000622686
2.168803e-08,-0.000599984
2.178803e-08,-0.000577282
2.188803e-08,-0.000555229
2.198803e-08,-0.000535122
2.208803e-08,-0.000518258
2.218803e-08,-0.000504637
2.228803e-08,-0.000494259
2.238803e-08,-0.000487773
2.248803e-08,-0.000483232
2.258803e-08,-0.000480638
2.268803e-08,-0.000478043
2.278803e-08,-0.000474152
2.288803e-08,-0.000468314
2.298803e-08,-0.000459882
2.308803e-08,-0.000447558
2.318803e-08,-0.00043264
2.328803e-08,-0.000416425
2.338803e-08,-0.00039956
2.348803e-08,-0.000383345
2.358803e-08,-0.000370372
2.368803e-08,-0.00036194
2.378803e-08,-0.000358697
2.388803e-08,-0.000361292
2.398803e-08,-0.000369724
2.408803e-08,-0.000383994
2.418803e-08,-0.000402803
2.428803e-08,-0.000424857
2.438803e-08,-0.000448856
2.448803e-08,-0.000473503
2.458803e-08,-0.000498151
2.468803e-08,-0.000521501
2.478803e-08,-0.000543554
2.488803e-08,-0.000565607
2.498803e-08,-0.000585714
2.508803e-08,-0.000605173
2.518803e-08,-0.000623983
2.528803e-08,-0.000641496
2.538803e-08,-0.00065836
2.548803e-08,-0.000672629
2.558803e-08,-0.000684953
2.568803e-08,-0.000694683
2.578803e-08,-0.000701169
2.588803e-08,-0.000704412
2.598803e-08,-0.00070506
2.608803e-08,-0.000703763
2.618803e-08,-0.000701169
2.628803e-08,-0.000697926
2.638803e-08,-0.000695331
2.648803e-08,-0.000693385
2.658803e-08,-0.000692737
2.668803e-08,-0.000692737
2.678803e-08,-0.000692088
2.688803e-08,-0.000691439
2.698803e-08,-0.000688845
2.708803e-08,-0.000684305
2.718803e-08,-0.00067717
2.728803e-08,-0.000669386
2.738803e-08,-0.000659657
2.748803e-08,-0.000649928
2.758803e-08,-0.00063955
2.768803e-08,-0.000631118
2.778803e-08,-0.000624632
2.788803e-08,-0.00062074
2.798803e-08,-0.000618794
2.808803e-08,-0.000618794
2.818803e-08,-0.00062074
2.828803e-08,-0.000622686
2.838803e-08,-0.000624632
2.848803e-08,-0.000625929
2.858803e-08,-0.00062528
2.868803e-08,-0.000621388
2.878803e-08,-0.000614254
2.888803e-08,-0.000605173
2.898803e-08,-0.000593498
2.908803e-08,-0.000579228
2.918803e-08,-0.000563661
2.928803e-08,-0.000546149
2.938803e-08,-0.000527987
2.948803e-08,-0.000507231
2.958803e-08,-0.000486475
2.968803e-08,-0.00046572
2.978803e-08,-0.000446261
2.988803e-08,-0.0004281
2.998803e-08,-0.000412533
3.008803e-08,-0.00039956
3.018803e-08,-0.00039048
3.028803e-08,-0.000385291
3.038803e-08,-0.000382696
3.048803e-08,-0.000382696
3.058803e-08,-0.000385291
3.068803e-08,-0.000389831
3.078803e-08,-0.00039502
3.088803e-08,-0.000400209
3.098803e-08,-0.000404749
3.108803e-08,-0.000408641
3.118803e-08,-0.000409938
3.128803e-08,-0.000410587
3.138803e-08,-0.00040929
3.148803e-08,-0.000406695
3.158803e-08,-0.000402155
3.168803e-08,-0.000395669
3.178803e-08,-0.000387237
3.188803e-08,-0.000375561
3.198803e-08,-0.000361292
3.208803e-08,-0.00034313
3.218803e-08,-0.000321726
3.228803e-08,-0.000297078
3.238803e-08,-0.000269836
3.248803e-08,-0.000241297
3.258803e-08,-0.000212109
3.268803e-08,-0.00018357
3.278803e-08,-0.000156976
3.288803e-08,-0.000134923
3.298803e-08,-0.000118708
3.308803e-08,-0.000107033
3.318803e-08,-0.000102492
3.328803e-08,-0.000102492
3.338803e-08,-0.000107681
3.348803e-08,-0.000116113
3.358803e-08,-0.000126491
3.368803e-08,-0.000138166
3.378803e-08,-0.000149193
3.388803e-08,-0.00016022
3.398803e-08,-0.000170597
3.408803e-08,-0.000180327
3.418803e-08,-0.000190056
3.428803e-08,-0.000200434
3.438803e-08,-0.000212109
3.448803e-08,-0.000224433
3.458803e-08,-0.000237405
3.468803e-08,-0.000249729
3.478803e-08,-0.000260756
3.488803e-08,-0.000269836
3.498803e-08,-0.000275674
3.508803e-08,-0.000276971
3.518803e-08,-0.000275674
3.528803e-08,-0.000272431
3.538803e-08,-0.000267891
3.548803e-08,-0.000264647
3.558803e-08,-0.000262702
3.568803e-08,-0.000265296
3.578803e-08,-0.000272431
3.588803e-08,-0.000285403
3.598803e-08,-0.000303565
3.608803e-08,-0.000326266
3.618803e-08,-0.000350914
3.628803e-08,-0.000376859
3.638803e-08,-0.000401506
3.648803e-08,-0.000424208
3.658803e-08,-0.000443667
3.668803e-08,-0.000459233
3.678803e-08,-0.000471557
3.688803e-08,-0.000481287
3.698803e-08,-0.000488421
3.708803e-08,-0.00049361
3.718803e-08,-0.000495556
3.728803e-08,-0.000495556
3.738803e-08,-0.000491664
3.748803e-08,-0.00048453
3.758803e-08,-0.000473503
3.768803e-08,-0.000459233
3.778803e-08,-0.000441721
3.788803e-08,-0.000422911
3.798803e-08,-0.000403452
3.808803e-08,-0.000386588
3.818803e-08,-0.000372967
3.828803e-08,-0.000363238
3.838803e-08,-0.000358697
3.848803e-08,-0.000358697
3.858803e-08,-0.000362589
3.868803e-08,-0.000367129
3.878803e-08,-0.00037167
3.888803e-08,-0.000373616
3.898803e-08,-0.000371021
3.908803e-08,-0.000362589
3.918803e-08,-0.000348968
3.928803e-08,-0.000330807
3.938803e-08,-0.000310051
3.948803e-08,-0.000287998
3.958803e-08,-0.000266593
3.968803e-08,-0.000247135
3.978803e-08,-0.000231568
3.988803e-08,-0.000220541
3.998803e-08,-0.000214055
4.008803e-08,-0.000210812
4.018803e-08,-0.000210163
4.028803e-08,-0.000210163
4.038803e-08,-0.000208866
4.048803e-08,-0.000204974
4.058803e-08,-0.000198488
4.068803e-08,-0.000189407
4.078803e-08,-0.000178381
4.088803e-08,-0.000165409
4.098803e-08,-0.000151787
4.108803e-08,-0.000138166
4.118803e-08,-0.000125843
4.128803e-08,-0.000116113
4.138803e-08,-0.000107033
4.148803e-08,-9.86006e-05
4.158803e-08,-9.08172e-05
4.168803e-08,-8.36824e-05
4.178803e-08,-7.71962e-05
4.188803e-08,-7.071e-05
4.198803e-08,-6.48724e-05
4.208803e-08,-6.09807e-05
4.218803e-08,-5.90348e-05
4.228803e-08,-5.90348e-05
4.238803e-08,-6.22779e-05
4.248803e-08,-6.87641e-05
4.258803e-08,-7.78448e-05
4.268803e-08,-8.75741e-05
4.278803e-08,-9.86006e-05
4.288803e-08,-0.000108979
4.298803e-08,-0.000118059
4.308803e-08,-0.000125194
4.318803e-08,-0.00013168
4.328803e-08,-0.000136869
4.338803e-08,-0.00014141
4.348803e-08,-0.000146599
4.358803e-08,-0.000153733
4.368803e-08,-0.000163463
4.378803e-08,-0.000175786
4.388803e-08,-0.000190705
4.398803e-08,-0.000207569
4.408803e-08,-0.000223784
4.418803e-08,-0.00024
4.428803e-08,-0.000252972
4.438803e-08,-0.00026335
4.448803e-08,-0.000270485
4.458803e-08,-0.000274377
4.468803e-08,-0.000276323
4.478803e-08,-0.00027762
4.488803e-08,-0.000280214
4.498803e-08,-0.000285403
4.508803e-08,-0.000293187
4.518803e-08,-0.000303565
4.528803e-08,-0.000317186
4.538803e-08,-0.000331455
4.548803e-08,-0.000345725
4.558803e-08,-0.000358697
4.568803e-08,-0.000369724
4.578803e-08,-0.00037621
4.588803e-08,-0.000377507
4.598803e-08,-0.000374264
4.608803e-08,-0.000365832
4.618803e-08,-0.000353508
4.628803e-08,-0.000336644
4.638803e-08,-0.000316537
4.648803e-08,-0.000293835
4.658803e-08,-0.000268539
4.668803e-08,-0.000241297
4.678803e-08,-0.000212109
4.688803e-08,-0.000182273
4.698803e-08,-0.000153085
4.708803e-08,-0.000123248
4.718803e-08,-9.47089e-05
4.728803e-08,-6.94127e-05
4.738803e-08,-4.86569e-05
4.748803e-08,-3.24414e-05
4.758803e-08,-2.20635e-05
4.768803e-08,-1.88204e-05
4.778803e-08,-2.14148e-05
4.788803e-08,-2.85497e-05
4.798803e-08,-3.89276e-05
4.808803e-08,-5.19e-05
4.818803e-08,-6.42238e-05
4.828803e-08,-7.46017e-05
4.838803e-08,-8.23851e-05
4.848803e-08,-8.62769e-05
4.858803e-08,-8.75741e-05
4.868803e-08,-8.56282e-05
4.878803e-08,-8.30338e-05
4.888803e-08,-8.10879e-05
4.898803e-08,-7.97907e-05
4.908803e-08,-8.04393e-05
4.918803e-08,-8.30338e-05
4.928803e-08,-8.82227e-05
4.938803e-08,-9.60062e-05
4.948803e-08,-0.000105735
4.958803e-08,-0.000115465
4.968803e-08,-0.000125194
4.978803e-08,-0.000134923
4.988803e-08,-0.000143355
4.998803e-08,-0.000151139
5.008803e-08,-0.000158922
5.018803e-08,-0.000166706
5.028803e-08,-0.000173192
5.038803e-08,-0.000179678
5.048803e-08,-0.000186164
5.058803e-08,-0.000190705
5.068803e-08,-0.000194596
5.078803e-08,-0.000195245
5.088803e-08,-0.000193948
5.098803e-08,-0.000189407
5.108803e-08,-0.000181624
5.118803e-08,-0.000170597
5.128803e-08,-0.000158922
5.138803e-08,-0.000147247
5.148803e-08,-0.000135572
5.158803e-08,-0.000126491
5.168803e-08,-0.000120654
5.178803e-08,-0.000118059
5.188803e-08,-0.000119356
5.198803e-08,-0.000123248
5.208803e-08,-0.000128437
5.218803e-08,-0.000133626
5.228803e-08,-0.000137518
5.238803e-08,-0.000140761
5.248803e-08,-0.000142707
5.258803e-08,-0.000143355
5.268803e-08,-0.000142707
5.278803e-08,-0.000140761
5.288803e-08,-0.000138166
5.298803e-08,-0.000134923
5.308803e-08,-0.00013168
5.318803e-08,-0.000126491
5.328803e-08,-0.000121302
5.338803e-08,-0.000114816
5.348803e-08,-0.000105735
5.358803e-08,-9.53575e-05
5.368803e-08,-8.30338e-05
5.378803e-08,-7.071e-05
5.388803e-08,-5.83862e-05
5.398803e-08,-4.80083e-05
5.408803e-08,-3.95762e-05
5.418803e-08,-3.37386e-05
5.428803e-08,-3.04955e-05
5.438803e-08,-2.98469e-05
5.448803e-08,-2.98469e-05
5.458803e-08,-3.04955e-05
5.468803e-08,-3.04955e-05
5.478803e-08,-2.91983e-05
5.488803e-08,-2.66038e-05
5.498803e-08,-2.33607e-05
5.508803e-08,-1.9469e-05
5.518803e-08,-1.68745e-05
5.528803e-08,-1.62259e-05
5.538803e-08,-1.9469e-05
5.548803e-08,-2.72524e-05
5.558803e-08,-4.08734e-05
5.568803e-08,-6.09807e-05
5.578803e-08,-8.56282e-05
5.588803e-08,-0.000113519
5.598803e-08,-0.000143355
5.608803e-08,-0.000173192
5.618803e-08,-0.000200434
5.628803e-08,-0.000224433
5.638803e-08,-0.00024454
5.648803e-08,-0.000260107
5.658803e-08,-0.000271134
5.668803e-08,-0.00027762
5.678803e-08,-0.000280863
5.688803e-08,-0.00028216
5.698803e-08,-0.000280863
5.708803e-08,-0.00027762
5.718803e-08,-0.000271134
5.728803e-08,-0.000262053
5.738803e-08,-0.000249081
5.748803e-08,-0.000231568
5.758803e-08,-0.000209515
5.768803e-08,-0.00018357
5.778803e-08,-0.000153085
5.788803e-08,-0.000120654
5.798803e-08,-8.75741e-05
5.808803e-08,-5.57917e-05
5.818803e-08,-2.7901e-05
5.828803e-08,-5.19934e-06
5.838803e-08,1.10162e-05
5.848803e-08,1.94482e-05
5.858803e-08,2.13941e-05
5.868803e-08,1.62051e-05
5.878803e-08,5.8272e-06
5.888803e-08,-9.09106e-06
5.898803e-08,-2.59552e-05
5.908803e-08,-4.41165e-05
5.918803e-08,-6.16293e-05
5.928803e-08,-7.84934e-05
5.938803e-08,-9.40603e-05
5.948803e-08,-0.00010833
5.958803e-08,-0.000121302
5.968803e-08,-0.000132329
5.978803e-08,-0.00014141
5.988803e-08,-0.000148544
5.998803e-08,-0.000153733
6.008803e-08,-0.000156976
6.018803e-08,-0.000158274
6.028803e-08,-0.000156976
6.038803e-08,-0.000153733
6.048803e-08,-0.000148544
6.058803e-08,-0.000142707
6.068803e-08,-0.000135572
6.078803e-08,-0.000127789
6.088803e-08,-0.000119356
6.098803e-08,-0.000109627
6.108803e-08,-9.86006e-05
6.118803e-08,-8.62769e-05
6.128803e-08,-7.20072e-05
6.138803e-08,-5.7089e-05
6.148803e-08,-4.02248e-05
6.158803e-08,-2.27121e-05
6.168803e-08,-5.19934e-06
6.178803e-08,1.03675e-05
6.188803e-08,2.52858e-05
6.198803e-08,3.6961e-05
6.208803e-08,4.5393e-05
6.218803e-08,5.12306e-05
6.228803e-08,5.51223e-05
6.238803e-08,5.77168e-05
6.248803e-08,5.83654e-05
6.258803e-08,5.90141e-05
6.268803e-08,5.96627e-05
6.278803e-08,6.09599e-05
6.288803e-08,6.22572e-05
6.298803e-08,6.29058e-05
6.308803e-08,6.29058e-05
6.318803e-08,5.96627e-05
6.328803e-08,5.38251e-05
6.338803e-08,4.34472e-05
6.348803e-08,2.91775e-05
6.358803e-08,1.23134e-05
6.368803e-08,-7.79382e-06
6.378803e-08,-2.85497e-05
6.388803e-08,-4.86569e-05
6.398803e-08,-6.68183e-05
6.408803e-08,-8.23851e-05
6.418803e-08,-9.40603e-05
6.428803e-08,-0.000101195
6.438803e-08,-0.000104438
6.448803e-08,-0.000105735
6.458803e-08,-0.000105087
6.468803e-08,-0.00010379
6.478803e-08,-0.000101844
6.488803e-08,-0.000101844
6.498803e-08,-0.00010379
6.508803e-08,-0.000107681
6.518803e-08,-0.000114168
6.528803e-08,-0.000121951
6.538803e-08,-0.000131032
6.548803e-08,-0.000140112
6.558803e-08,-0.000147896
6.568803e-08,-0.000154382
6.578803e-08,-0.000159571
6.588803e-08,-0.000162814
6.598803e-08,-0.00016476
6.608803e-08,-0.000166057
6.618803e-08,-0.000166706
6.628803e-08,-0.000166706
6.638803e-08,-0.000166706
6.648803e-08,-0.000167354
6.658803e-08,-0.000167354
6.668803e-08,-0.000167354
6.678803e-08,-0.00016476
6.688803e-08,-0.00016022
6.698803e-08,-0.000153085
6.708803e-08,-0.000142707
6.718803e-08,-0.000127789
6.728803e-08,-0.000108979
6.738803e-08,-8.69255e-05
6.748803e-08,-6.16293e-05
6.758803e-08,-3.56845e-05
6.768803e-08,-9.73968e-06
6.778803e-08,1.55565e-05
6.788803e-08,3.82582e-05
6.798803e-08,5.83654e-05
6.808803e-08,7.52296e-05
6.818803e-08,8.75533e-05
6.828803e-08,9.72826e-05
6.838803e-08,0.00010312
6.848803e-08,0.000104417
6.858803e-08,0.00010312
6.868803e-08,9.85799e-05
6.878803e-08,9.14451e-05
6.888803e-08,8.10671e-05
6.898803e-08,6.9392e-05
6.908803e-08,5.5771e-05
6.918803e-08,4.21499e-05
6.928803e-08,2.91775e-05
6.938803e-08,1.68537e-05
6.948803e-08,7.12444e-06
6.958803e-08,-1.03779e-08
6.968803e-08,-3.9021e-06
6.978803e-08,-5.84796e-06
6.988803e-08,-3.9021e-06
6.998803e-08,-1.03779e-08
7.008803e-08,5.8272e-06
7.018803e-08,1.16648e-05
7.028803e-08,1.8151e-05
7.038803e-08,2.46372e-05
7.048803e-08,3.1772e-05
7.058803e-08,3.82582e-05
7.068803e-08,4.5393e-05
7.078803e-08,5.25279e-05
7.088803e-08,5.96627e-05
7.098803e-08,6.61489e-05
7.108803e-08,7.13378e-05
7.118803e-08,7.58782e-05
7.128803e-08,7.7824e-05
7.138803e-08,7.71754e-05
7.148803e-08,7.39323e-05
7.158803e-08,6.74461e-05
7.168803e-08,5.83654e-05
7.178803e-08,4.66903e-05
7.188803e-08,3.56637e-05
7.198803e-08,2.52858e-05
7.208803e-08,1.62051e-05
7.218803e-08,9.71892e-06
7.228803e-08,7.12444e-06
7.238803e-08,9.0703e-06
7.248803e-08,1.55565e-05
7.258803e-08,2.52858e-05
7.268803e-08,3.63124e-05
7.278803e-08,4.79875e-05
7.288803e-08,5.77168e-05
7.298803e-08,6.55003e-05
7.308803e-08,6.87434e-05
7.318803e-08,6.80947e-05
7.328803e-08,6.22572e-05
7.338803e-08,5.12306e-05
7.348803e-08,3.6961e-05
7.358803e-08,2.07455e-05
7.368803e-08,3.88134e-06
7.378803e-08,-1.29828e-05
7.388803e-08,-2.7901e-05
7.398803e-08,-4.08734e-05
7.408803e-08,-5.06027e-05
7.418803e-08,-5.7089e-05
7.428803e-08,-5.96834e-05
7.438803e-08,-5.90348e-05
7.448803e-08,-5.7089e-05
7.458803e-08,-5.31972e-05
7.468803e-08,-4.99541e-05
7.478803e-08,-4.73596e-05
7.488803e-08,-4.6711e-05
7.498803e-08,-4.73596e-05
7.508803e-08,-5.19e-05
7.518803e-08,-5.96834e-05
7.528803e-08,-7.20072e-05
7.538803e-08,-8.69255e-05
7.548803e-08,-0.000105735
7.558803e-08,-0.000126491
7.568803e-08,-0.000149193
7.578803e-08,-0.000171246
7.588803e-08,-0.000192002
7.598803e-08,-0.000210163
7.608803e-08,-0.000224433
7.618803e-08,-0.000232865
7.628803e-08,-0.000236108
7.638803e-08,-0.000233514
7.648803e-08,-0.000226379
7.658803e-08,-0.000215352
7.668803e-08,-0.000201083
7.678803e-08,-0.000184219
7.688803e-08,-0.000166706
7.698803e-08,-0.000148544
7.708803e-08,-0.000132329
7.718803e-08,-0.000116762
7.728803e-08,-0.000103141
