LECROYWaveRunner‘N,20113,Waveform
Segments,1,SegmentSize,2002
Segment,TrigTime,TimeSinceSegment1
#1,28-Sep-2018 13:19:42,0                 
Time,Ampl
-1.228705e-07,4.02041e-05
-1.227705e-07,1.62051e-05
-1.226705e-07,-5.84796e-06
-1.225705e-07,-2.40093e-05
-1.224705e-07,-3.89276e-05
-1.223705e-07,-4.86569e-05
-1.222705e-07,-5.38459e-05
-1.221705e-07,-5.31972e-05
-1.220705e-07,-4.73596e-05
-1.219705e-07,-3.76303e-05
-1.218705e-07,-2.40093e-05
-1.217705e-07,-7.79382e-06
-1.216705e-07,9.0703e-06
-1.215705e-07,2.6583e-05
-1.214705e-07,4.21499e-05
-1.213705e-07,5.51223e-05
-1.212705e-07,6.48516e-05
-1.211705e-07,6.9392e-05
-1.210705e-07,6.87434e-05
-1.209705e-07,6.35544e-05
-1.208705e-07,5.38251e-05
-1.207705e-07,4.02041e-05
-1.206705e-07,2.46372e-05
-1.205705e-07,7.12444e-06
-1.204705e-07,-1.10369e-05
-1.203705e-07,-2.85497e-05
-1.202705e-07,-4.47652e-05
-1.201705e-07,-5.83862e-05
-1.200705e-07,-6.87641e-05
-1.199705e-07,-7.52503e-05
-1.198705e-07,-7.84934e-05
-1.197705e-07,-7.84934e-05
-1.196705e-07,-7.46017e-05
-1.195705e-07,-6.87641e-05
-1.194705e-07,-5.96834e-05
-1.193705e-07,-4.93055e-05
-1.192705e-07,-3.8279e-05
-1.191705e-07,-2.59552e-05
-1.190705e-07,-1.29828e-05
-1.189705e-07,-6.58998e-07
-1.188705e-07,1.10162e-05
-1.187705e-07,2.13941e-05
-1.186705e-07,2.98261e-05
-1.185705e-07,3.76096e-05
-1.184705e-07,4.27986e-05
-1.183705e-07,4.66903e-05
-1.182705e-07,4.79875e-05
-1.181705e-07,4.73389e-05
-1.180705e-07,4.34472e-05
-1.179705e-07,3.6961e-05
-1.178705e-07,2.72317e-05
-1.177705e-07,1.42593e-05
-1.176705e-07,-2.60486e-06
-1.175705e-07,-2.27121e-05
-1.174705e-07,-4.54138e-05
-1.173705e-07,-7.13586e-05
-1.172705e-07,-9.86006e-05
-1.171705e-07,-0.00012714
-1.170705e-07,-0.000154382
-1.169705e-07,-0.000179678
-1.168705e-07,-0.000199785
-1.167705e-07,-0.000215352
-1.166705e-07,-0.000223136
-1.165705e-07,-0.000223784
-1.164705e-07,-0.00021665
-1.163705e-07,-0.00020238
-1.162705e-07,-0.000180975
-1.161705e-07,-0.000153733
-1.160705e-07,-0.000123248
-1.159705e-07,-9.08172e-05
-1.158705e-07,-5.83862e-05
-1.157705e-07,-2.91983e-05
-1.156705e-07,-3.25348e-06
-1.155705e-07,1.68537e-05
-1.154705e-07,3.24206e-05
-1.153705e-07,4.15013e-05
-1.152705e-07,4.66903e-05
-1.151705e-07,4.79875e-05
-1.150705e-07,4.86361e-05
-1.149705e-07,4.86361e-05
-1.148705e-07,4.92848e-05
-1.147705e-07,5.0582e-05
-1.146705e-07,5.38251e-05
-1.145705e-07,5.83654e-05
-1.144705e-07,6.4203e-05
-1.143705e-07,6.87434e-05
-1.142705e-07,7.26351e-05
-1.141705e-07,7.39323e-05
-1.140705e-07,7.26351e-05
-1.139705e-07,6.87434e-05
-1.138705e-07,6.4203e-05
-1.137705e-07,5.83654e-05
-1.136705e-07,5.31765e-05
-1.135705e-07,4.92848e-05
-1.134705e-07,4.79875e-05
-1.133705e-07,4.99334e-05
-1.132705e-07,5.44737e-05
-1.131705e-07,6.29058e-05
-1.130705e-07,7.39323e-05
-1.129705e-07,8.75533e-05
-1.128705e-07,0.000101823
-1.127705e-07,0.00011739
-1.126705e-07,0.000132957
-1.125705e-07,0.000147875
-1.124705e-07,0.000161496
-1.123705e-07,0.000172523
-1.122705e-07,0.000182252
-1.121705e-07,0.000189387
-1.120705e-07,0.000193927
-1.119705e-07,0.000195873
-1.118705e-07,0.000195224
-1.117705e-07,0.000190684
-1.116705e-07,0.000182901
-1.115705e-07,0.000172523
-1.114705e-07,0.00015955
-1.113705e-07,0.000143983
-1.112705e-07,0.000127119
-1.111705e-07,0.000110255
-1.110705e-07,9.53368e-05
-1.109705e-07,8.3013e-05
-1.108705e-07,7.39323e-05
-1.107705e-07,6.87434e-05
-1.106705e-07,6.80947e-05
-1.105705e-07,7.19865e-05
-1.104705e-07,7.91213e-05
-1.103705e-07,8.88506e-05
-1.102705e-07,9.98771e-05
-1.101705e-07,0.000110904
-1.100705e-07,0.000120633
-1.099705e-07,0.000127768
-1.098705e-07,0.000133605
-1.097705e-07,0.000137497
-1.096705e-07,0.000138794
-1.095705e-07,0.000139443
-1.094705e-07,0.000139443
-1.093705e-07,0.000140092
-1.092705e-07,0.00014074
-1.091705e-07,0.000142686
-1.090705e-07,0.000145281
-1.089705e-07,0.000147226
-1.088705e-07,0.000147226
-1.087705e-07,0.000145281
-1.086705e-07,0.00014074
-1.085705e-07,0.000133605
-1.084705e-07,0.000124525
-1.083705e-07,0.000112201
-1.082705e-07,9.92285e-05
-1.081705e-07,8.69047e-05
-1.080705e-07,7.65268e-05
-1.079705e-07,6.87434e-05
-1.078705e-07,6.55003e-05
-1.077705e-07,6.61489e-05
-1.076705e-07,7.06892e-05
-1.075705e-07,7.84727e-05
-1.074705e-07,8.8202e-05
-1.073705e-07,9.79313e-05
-1.072705e-07,0.000107012
-1.071705e-07,0.00011285
-1.070705e-07,0.000114795
-1.069705e-07,0.000111552
-1.068705e-07,0.00010312
-1.067705e-07,8.88506e-05
-1.066705e-07,6.9392e-05
-1.065705e-07,4.5393e-05
-1.064705e-07,1.8151e-05
-1.063705e-07,-1.16855e-05
-1.062705e-07,-4.21707e-05
-1.061705e-07,-7.20072e-05
-1.060705e-07,-9.98979e-05
-1.059705e-07,-0.000124545
-1.058705e-07,-0.000145301
-1.057705e-07,-0.000160868
-1.056705e-07,-0.000170597
-1.055705e-07,-0.000174489
-1.054705e-07,-0.000172543
-1.053705e-07,-0.000165409
-1.052705e-07,-0.000154382
-1.051705e-07,-0.000140112
-1.050705e-07,-0.000123897
-1.049705e-07,-0.00010833
-1.048705e-07,-9.34117e-05
-1.047705e-07,-8.04393e-05
-1.046705e-07,-6.94127e-05
-1.045705e-07,-6.09807e-05
-1.044705e-07,-5.44945e-05
-1.043705e-07,-4.86569e-05
-1.042705e-07,-4.41165e-05
-1.041705e-07,-3.89276e-05
-1.040705e-07,-3.43872e-05
-1.039705e-07,-2.85497e-05
-1.038705e-07,-2.20635e-05
-1.037705e-07,-1.55773e-05
-1.036705e-07,-9.09106e-06
-1.035705e-07,-3.9021e-06
-1.034705e-07,-6.58998e-07
-1.033705e-07,1.28686e-06
-1.032705e-07,2.5841e-06
-1.031705e-07,3.23272e-06
-1.030705e-07,3.88134e-06
-1.029705e-07,5.17858e-06
-1.028705e-07,8.42168e-06
-1.027705e-07,1.42593e-05
-1.026705e-07,2.33399e-05
-1.025705e-07,3.56637e-05
-1.024705e-07,5.0582e-05
-1.023705e-07,6.67975e-05
-1.022705e-07,8.3013e-05
-1.021705e-07,9.72826e-05
-1.020705e-07,0.000107661
-1.019705e-07,0.000113498
-1.018705e-07,0.000113498
-1.017705e-07,0.000108309
-1.016705e-07,9.79313e-05
-1.015705e-07,8.43102e-05
-1.014705e-07,6.80947e-05
-1.013705e-07,5.25279e-05
-1.012705e-07,3.89068e-05
-1.011705e-07,2.91775e-05
-1.010705e-07,2.33399e-05
-1.009705e-07,2.20427e-05
-1.008705e-07,2.46372e-05
-1.007705e-07,3.04748e-05
-1.006705e-07,3.76096e-05
-1.005705e-07,4.40958e-05
-1.004705e-07,4.92848e-05
-1.003705e-07,5.31765e-05
-1.002705e-07,5.5771e-05
-1.001705e-07,5.77168e-05
-1.000705e-07,5.90141e-05
-9.997047e-08,6.16085e-05
-9.987047e-08,6.55003e-05
-9.977047e-08,7.13378e-05
-9.967047e-08,7.97699e-05
-9.957047e-08,9.01478e-05
-9.947047e-08,0.000102472
-9.937047e-08,0.000116093
-9.927047e-08,0.000128416
-9.917047e-08,0.000138794
-9.907047e-08,0.000145281
-9.897047e-08,0.000148524
-9.887047e-08,0.000147226
-9.877047e-08,0.000143983
-9.867047e-08,0.000138794
-9.857047e-08,0.000132308
-9.847047e-08,0.000126471
-9.837047e-08,0.000121282
-9.827047e-08,0.000118038
-9.817047e-08,0.000116741
-9.807047e-08,0.000116093
-9.797047e-08,0.000114795
-9.787047e-08,0.000113498
-9.777047e-08,0.000109606
-9.767047e-08,0.000103769
-9.757047e-08,9.40395e-05
-9.747047e-08,8.23644e-05
-9.737047e-08,6.87434e-05
-9.727047e-08,5.64196e-05
-9.717047e-08,4.60417e-05
-9.707047e-08,3.82582e-05
-9.697047e-08,3.50151e-05
-9.687047e-08,3.56637e-05
-9.677047e-08,3.89068e-05
-9.667047e-08,4.47444e-05
-9.657047e-08,5.25279e-05
-9.647047e-08,6.03113e-05
-9.637047e-08,6.74461e-05
-9.627047e-08,7.32837e-05
-9.617047e-08,7.84727e-05
-9.607047e-08,8.17158e-05
-9.597047e-08,8.43102e-05
-9.587047e-08,8.69047e-05
-9.577047e-08,8.94992e-05
-9.567047e-08,9.20937e-05
-9.557047e-08,9.40395e-05
-9.547047e-08,9.46882e-05
-9.537047e-08,9.20937e-05
-9.527047e-08,8.49589e-05
-9.517047e-08,7.32837e-05
-9.507047e-08,5.64196e-05
-9.497047e-08,3.50151e-05
-9.487047e-08,9.0703e-06
-9.477047e-08,-1.88204e-05
-9.467047e-08,-4.60624e-05
-9.457047e-08,-7.13586e-05
-9.447047e-08,-9.34117e-05
-9.437047e-08,-0.000109627
-9.427047e-08,-0.000120005
-9.417047e-08,-0.000123248
-9.407047e-08,-0.000120005
-9.397047e-08,-0.000112222
-9.387047e-08,-0.000100547
-9.377047e-08,-8.62769e-05
-9.367047e-08,-7.26558e-05
-9.357047e-08,-5.83862e-05
-9.347047e-08,-4.47652e-05
-9.337047e-08,-3.04955e-05
-9.327047e-08,-1.68745e-05
-9.317047e-08,-1.95624e-06
-9.307047e-08,1.2962e-05
-9.297047e-08,2.85289e-05
-9.287047e-08,4.40958e-05
-9.277047e-08,5.83654e-05
-9.267047e-08,7.19865e-05
-9.257047e-08,8.23644e-05
-9.247047e-08,9.01478e-05
-9.237047e-08,9.40395e-05
-9.227047e-08,9.46882e-05
-9.217047e-08,9.40395e-05
-9.207047e-08,9.20937e-05
-9.197047e-08,9.14451e-05
-9.187047e-08,9.14451e-05
-9.177047e-08,9.40395e-05
-9.167047e-08,9.85799e-05
-9.157047e-08,0.000105066
-9.147047e-08,0.00011285
-9.137047e-08,0.000119984
-9.127047e-08,0.000124525
-9.117047e-08,0.000125822
-9.107047e-08,0.00012193
-9.097047e-08,0.000113498
-9.087047e-08,9.92285e-05
-9.077047e-08,7.97699e-05
-9.067047e-08,5.70682e-05
-9.057047e-08,3.30692e-05
-9.047047e-08,9.0703e-06
-9.037047e-08,-1.29828e-05
-9.027047e-08,-3.04955e-05
-9.017047e-08,-4.21707e-05
-9.007047e-08,-4.86569e-05
-8.997047e-08,-4.99541e-05
-8.987047e-08,-4.47652e-05
-8.977047e-08,-3.56845e-05
-8.967047e-08,-2.46579e-05
-8.957047e-08,-1.16855e-05
-8.947047e-08,1.93548e-06
-8.937047e-08,1.42593e-05
-8.927047e-08,2.46372e-05
-8.917047e-08,3.24206e-05
-8.907047e-08,3.82582e-05
-8.897047e-08,4.27986e-05
-8.887047e-08,4.47444e-05
-8.877047e-08,4.40958e-05
-8.867047e-08,4.21499e-05
-8.857047e-08,3.89068e-05
-8.847047e-08,3.37179e-05
-8.837047e-08,2.78803e-05
-8.827047e-08,2.20427e-05
-8.817047e-08,1.68537e-05
-8.807047e-08,1.23134e-05
-8.797047e-08,9.71892e-06
-8.787047e-08,9.71892e-06
-8.777047e-08,1.23134e-05
-8.767047e-08,1.68537e-05
-8.757047e-08,2.26913e-05
-8.747047e-08,2.98261e-05
-8.737047e-08,3.56637e-05
-8.727047e-08,4.02041e-05
-8.717047e-08,4.15013e-05
-8.707047e-08,4.15013e-05
-8.697047e-08,3.95555e-05
-8.687047e-08,3.6961e-05
-8.677047e-08,3.37179e-05
-8.667047e-08,3.1772e-05
-8.657047e-08,3.30692e-05
-8.647047e-08,3.82582e-05
-8.637047e-08,4.73389e-05
-8.627047e-08,5.96627e-05
-8.617047e-08,7.52296e-05
-8.607047e-08,9.14451e-05
-8.597047e-08,0.000106363
-8.587047e-08,0.000119336
-8.577047e-08,0.000129065
-8.567047e-08,0.000133605
-8.557047e-08,0.000132957
-8.547047e-08,0.000129065
-8.537047e-08,0.000122579
-8.527047e-08,0.000114795
-8.517047e-08,0.000107012
-8.507047e-08,0.000101174
-8.497047e-08,9.6634e-05
-8.487047e-08,9.46882e-05
-8.477047e-08,9.53368e-05
-8.467047e-08,9.72826e-05
-8.457047e-08,9.98771e-05
-8.447047e-08,0.000102472
-8.437047e-08,0.00010312
-8.427047e-08,0.00010312
-8.417047e-08,0.000101823
-8.407047e-08,9.92285e-05
-8.397047e-08,9.6634e-05
-8.387047e-08,9.53368e-05
-8.377047e-08,9.46882e-05
-8.367047e-08,9.40395e-05
-8.357047e-08,9.20937e-05
-8.347047e-08,8.94992e-05
-8.337047e-08,8.43102e-05
-8.327047e-08,7.52296e-05
-8.317047e-08,6.22572e-05
-8.307047e-08,4.5393e-05
-8.297047e-08,2.59344e-05
-8.287047e-08,5.17858e-06
-8.277047e-08,-1.49286e-05
-8.267047e-08,-3.04955e-05
-8.257047e-08,-4.08734e-05
-8.247047e-08,-4.60624e-05
-8.237047e-08,-4.47652e-05
-8.227047e-08,-3.76303e-05
-8.217047e-08,-2.66038e-05
-8.207047e-08,-1.49286e-05
-8.197047e-08,-4.55072e-06
-8.187047e-08,2.5841e-06
-8.177047e-08,4.52996e-06
-8.167047e-08,-1.03779e-08
-8.157047e-08,-1.10369e-05
-8.147047e-08,-2.66038e-05
-8.137047e-08,-4.41165e-05
-8.127047e-08,-6.09807e-05
-8.117047e-08,-7.52503e-05
-8.107047e-08,-8.36824e-05
-8.097047e-08,-8.62769e-05
-8.087047e-08,-8.17365e-05
-8.077047e-08,-7.13586e-05
-8.067047e-08,-5.7089e-05
-8.057047e-08,-3.95762e-05
-8.047047e-08,-2.27121e-05
-8.037047e-08,-7.79382e-06
-8.027047e-08,5.17858e-06
-8.017047e-08,1.49079e-05
-8.007047e-08,2.07455e-05
-7.997047e-08,2.39886e-05
-7.987047e-08,2.72317e-05
-7.977047e-08,3.1772e-05
-7.967047e-08,3.63124e-05
-7.957047e-08,4.34472e-05
-7.947047e-08,5.38251e-05
-7.937047e-08,6.61489e-05
-7.927047e-08,7.97699e-05
-7.917047e-08,9.33909e-05
-7.907047e-08,0.000107012
-7.897047e-08,0.000119336
-7.887047e-08,0.00013166
-7.877047e-08,0.000142037
-7.867047e-08,0.000150469
-7.857047e-08,0.000157604
-7.847047e-08,0.000162793
-7.837047e-08,0.000164739
-7.827047e-08,0.000164739
-7.817047e-08,0.000160847
-7.807047e-08,0.000153064
-7.797047e-08,0.000142037
-7.787047e-08,0.000127119
-7.777047e-08,0.000108958
-7.767047e-08,8.8202e-05
-7.757047e-08,6.80947e-05
-7.747047e-08,4.92848e-05
-7.737047e-08,3.43665e-05
-7.727047e-08,2.52858e-05
-7.717047e-08,2.20427e-05
-7.707047e-08,2.52858e-05
-7.697047e-08,3.56637e-05
-7.687047e-08,5.12306e-05
-7.677047e-08,6.9392e-05
-7.667047e-08,8.88506e-05
-7.657047e-08,0.000107661
-7.647047e-08,0.000124525
-7.637047e-08,0.000138146
-7.627047e-08,0.000147875
-7.617047e-08,0.00015501
-7.607047e-08,0.000160199
-7.597047e-08,0.000164739
-7.587047e-08,0.000169928
-7.577047e-08,0.000176414
-7.567047e-08,0.000184198
-7.557047e-08,0.000193278
-7.547047e-08,0.00020171
-7.537047e-08,0.000208845
-7.527047e-08,0.000212088
-7.517047e-08,0.000210143
-7.507047e-08,0.000202359
-7.497047e-08,0.000187441
-7.487047e-08,0.000166685
-7.477047e-08,0.000142037
-7.467047e-08,0.000115444
-7.457047e-08,8.88506e-05
-7.447047e-08,6.29058e-05
-7.437047e-08,4.15013e-05
-7.427047e-08,2.46372e-05
-7.417047e-08,1.2962e-05
-7.407047e-08,5.8272e-06
-7.397047e-08,1.93548e-06
-7.387047e-08,6.38242e-07
-7.377047e-08,-1.03779e-08
-7.367047e-08,-6.58998e-07
-7.357047e-08,-2.60486e-06
-7.347047e-08,-5.19934e-06
-7.337047e-08,-7.79382e-06
-7.327047e-08,-1.10369e-05
-7.317047e-08,-1.29828e-05
-7.307047e-08,-1.29828e-05
-7.297047e-08,-1.10369e-05
-7.287047e-08,-7.1452e-06
-7.277047e-08,-1.30762e-06
-7.267047e-08,4.52996e-06
-7.257047e-08,1.03675e-05
-7.247047e-08,1.42593e-05
-7.237047e-08,1.68537e-05
-7.227047e-08,1.68537e-05
-7.217047e-08,1.55565e-05
-7.207047e-08,1.23134e-05
-7.197047e-08,1.03675e-05
-7.187047e-08,9.71892e-06
-7.177047e-08,1.2962e-05
-7.167047e-08,1.75024e-05
-7.157047e-08,2.46372e-05
-7.147047e-08,3.30692e-05
-7.137047e-08,4.15013e-05
-7.127047e-08,4.79875e-05
-7.117047e-08,5.0582e-05
-7.107047e-08,5.0582e-05
-7.097047e-08,4.66903e-05
-7.087047e-08,3.82582e-05
-7.077047e-08,2.72317e-05
-7.067047e-08,1.42593e-05
-7.057047e-08,1.28686e-06
-7.047047e-08,-1.10369e-05
-7.037047e-08,-2.07662e-05
-7.027047e-08,-2.72524e-05
-7.017047e-08,-3.11441e-05
-7.007047e-08,-3.24414e-05
-6.997047e-08,-3.17928e-05
-6.987047e-08,-2.98469e-05
-6.977047e-08,-2.7901e-05
-6.967047e-08,-2.53066e-05
-6.957047e-08,-2.14148e-05
-6.947047e-08,-1.55773e-05
-6.937047e-08,-5.84796e-06
-6.927047e-08,7.12444e-06
-6.917047e-08,2.33399e-05
-6.907047e-08,4.27986e-05
-6.897047e-08,6.35544e-05
-6.887047e-08,8.49589e-05
-6.877047e-08,0.00010312
-6.867047e-08,0.000118038
-6.857047e-08,0.000125822
-6.847047e-08,0.000125173
-6.837047e-08,0.000115444
-6.827047e-08,9.6634e-05
-6.817047e-08,7.19865e-05
-6.807047e-08,4.34472e-05
-6.797047e-08,1.49079e-05
-6.787047e-08,-1.03883e-05
-6.777047e-08,-2.85497e-05
-6.767047e-08,-3.8279e-05
-6.757047e-08,-3.89276e-05
-6.747047e-08,-3.11441e-05
-6.737047e-08,-1.75231e-05
-6.727047e-08,-6.58998e-07
-6.717047e-08,1.75024e-05
-6.707047e-08,3.43665e-05
-6.697047e-08,4.73389e-05
-6.687047e-08,5.51223e-05
-6.677047e-08,5.77168e-05
-6.667047e-08,5.5771e-05
-6.657047e-08,5.0582e-05
-6.647047e-08,4.47444e-05
-6.637047e-08,4.02041e-05
-6.627047e-08,3.76096e-05
-6.617047e-08,3.6961e-05
-6.607047e-08,3.82582e-05
-6.597047e-08,4.08527e-05
-6.587047e-08,4.34472e-05
-6.577047e-08,4.40958e-05
-6.567047e-08,4.34472e-05
-6.557047e-08,4.08527e-05
-6.547047e-08,3.63124e-05
-6.537047e-08,3.1772e-05
-6.527047e-08,2.85289e-05
-6.517047e-08,2.85289e-05
-6.507047e-08,3.24206e-05
-6.497047e-08,3.95555e-05
-6.487047e-08,5.0582e-05
-6.477047e-08,6.4203e-05
-6.467047e-08,7.97699e-05
-6.457047e-08,9.33909e-05
-6.447047e-08,0.000103769
-6.437047e-08,0.000108309
-6.427047e-08,0.000107012
-6.417047e-08,0.000100526
-6.407047e-08,9.07964e-05
-6.397047e-08,7.84727e-05
-6.387047e-08,6.67975e-05
-6.377047e-08,5.64196e-05
-6.367047e-08,4.86361e-05
-6.357047e-08,4.47444e-05
-6.347047e-08,4.47444e-05
-6.337047e-08,4.60417e-05
-6.327047e-08,4.73389e-05
-6.317047e-08,4.66903e-05
-6.307047e-08,4.15013e-05
-6.297047e-08,3.24206e-05
-6.287047e-08,1.87996e-05
-6.277047e-08,2.5841e-06
-6.267047e-08,-1.428e-05
-6.257047e-08,-2.91983e-05
-6.247047e-08,-4.02248e-05
-6.237047e-08,-4.54138e-05
-6.227047e-08,-4.34679e-05
-6.217047e-08,-3.37386e-05
-6.207047e-08,-1.81717e-05
-6.197047e-08,1.28686e-06
-6.187047e-08,2.20427e-05
-6.177047e-08,4.15013e-05
-6.167047e-08,5.83654e-05
-6.157047e-08,7.00406e-05
-6.147047e-08,7.65268e-05
-6.137047e-08,7.7824e-05
-6.127047e-08,7.52296e-05
-6.117047e-08,7.00406e-05
-6.107047e-08,6.35544e-05
-6.097047e-08,5.70682e-05
-6.087047e-08,5.18792e-05
-6.077047e-08,4.73389e-05
-6.067047e-08,4.27986e-05
-6.057047e-08,3.6961e-05
-6.047047e-08,2.78803e-05
-6.037047e-08,1.49079e-05
-6.027047e-08,-1.95624e-06
-6.017047e-08,-2.20635e-05
-6.007047e-08,-4.60624e-05
-5.997047e-08,-7.00614e-05
-5.987047e-08,-9.34117e-05
-5.977047e-08,-0.000113519
-5.967047e-08,-0.000127789
-5.957047e-08,-0.000135572
-5.947047e-08,-0.000136221
-5.937047e-08,-0.000131032
-5.927047e-08,-0.000121302
-5.917047e-08,-0.000108979
-5.907047e-08,-9.53575e-05
-5.897047e-08,-8.10879e-05
-5.887047e-08,-6.87641e-05
-5.877047e-08,-5.77376e-05
-5.867047e-08,-4.73596e-05
-5.857047e-08,-3.63331e-05
-5.847047e-08,-2.20635e-05
-5.837047e-08,-3.9021e-06
-5.827047e-08,1.8151e-05
-5.817047e-08,4.40958e-05
-5.807047e-08,7.26351e-05
-5.797047e-08,0.000102472
-5.787047e-08,0.000129714
-5.777047e-08,0.000153064
-5.767047e-08,0.000169928
-5.757047e-08,0.000179657
-5.747047e-08,0.000181603
-5.737047e-08,0.000175766
-5.727047e-08,0.000164091
-5.717047e-08,0.000148524
-5.707047e-08,0.00013166
-5.697047e-08,0.000115444
-5.687047e-08,9.98771e-05
-5.677047e-08,8.56075e-05
-5.667047e-08,7.39323e-05
-5.657047e-08,6.4203e-05
-5.647047e-08,5.38251e-05
-5.637047e-08,4.27986e-05
-5.627047e-08,3.04748e-05
-5.617047e-08,1.62051e-05
-5.607047e-08,1.93548e-06
-5.597047e-08,-1.10369e-05
-5.587047e-08,-2.27121e-05
-5.577047e-08,-3.11441e-05
-5.567047e-08,-3.69817e-05
-5.557047e-08,-3.95762e-05
-5.547047e-08,-3.8279e-05
-5.537047e-08,-3.56845e-05
-5.527047e-08,-3.24414e-05
-5.517047e-08,-3.04955e-05
-5.507047e-08,-3.11441e-05
-5.497047e-08,-3.50359e-05
-5.487047e-08,-4.28193e-05
-5.477047e-08,-5.31972e-05
-5.467047e-08,-6.61696e-05
-5.457047e-08,-7.78448e-05
-5.447047e-08,-8.82227e-05
-5.437047e-08,-9.53575e-05
-5.427047e-08,-9.7952e-05
-5.417047e-08,-9.60062e-05
-5.407047e-08,-9.01686e-05
-5.397047e-08,-8.17365e-05
-5.387047e-08,-7.13586e-05
-5.377047e-08,-6.09807e-05
-5.367047e-08,-5.19e-05
-5.357047e-08,-4.41165e-05
-5.347047e-08,-3.8279e-05
-5.337047e-08,-3.37386e-05
-5.327047e-08,-3.04955e-05
-5.317047e-08,-2.66038e-05
-5.307047e-08,-2.27121e-05
-5.297047e-08,-1.68745e-05
-5.287047e-08,-1.10369e-05
-5.277047e-08,-4.55072e-06
-5.267047e-08,1.93548e-06
-5.257047e-08,6.47582e-06
-5.247047e-08,8.42168e-06
-5.237047e-08,7.77306e-06
-5.227047e-08,4.52996e-06
-5.217047e-08,-6.58998e-07
-5.207047e-08,-6.49658e-06
-5.197047e-08,-1.16855e-05
-5.187047e-08,-1.36314e-05
-5.177047e-08,-1.16855e-05
-5.167047e-08,-4.55072e-06
-5.157047e-08,7.12444e-06
-5.147047e-08,2.33399e-05
-5.137047e-08,4.27986e-05
-5.127047e-08,6.35544e-05
-5.117047e-08,8.43102e-05
-5.107047e-08,0.000101823
-5.097047e-08,0.000116093
-5.087047e-08,0.000125173
-5.077047e-08,0.000130362
-5.067047e-08,0.000131011
-5.057047e-08,0.000129714
-5.047047e-08,0.000127768
-5.037047e-08,0.000125822
-5.027047e-08,0.000125822
-5.017047e-08,0.000127119
-5.007047e-08,0.000129714
-4.997047e-08,0.00013166
-4.987047e-08,0.000132957
-4.977047e-08,0.00013166
-4.967047e-08,0.000126471
-4.957047e-08,0.000116093
-4.947047e-08,0.00010312
-4.937047e-08,8.75533e-05
-4.927047e-08,7.19865e-05
-4.917047e-08,5.83654e-05
-4.907047e-08,4.86361e-05
-4.897047e-08,4.27986e-05
-4.887047e-08,4.15013e-05
-4.877047e-08,4.47444e-05
-4.867047e-08,4.99334e-05
-4.857047e-08,5.64196e-05
-4.847047e-08,6.16085e-05
-4.837047e-08,6.35544e-05
-4.827047e-08,6.22572e-05
-4.817047e-08,5.83654e-05
-4.807047e-08,5.18792e-05
-4.797047e-08,4.40958e-05
-4.787047e-08,3.89068e-05
-4.777047e-08,3.6961e-05
-4.767047e-08,3.89068e-05
-4.757047e-08,4.66903e-05
-4.747047e-08,5.77168e-05
-4.737047e-08,7.19865e-05
-4.727047e-08,8.62561e-05
-4.717047e-08,9.98771e-05
-4.707047e-08,0.000110255
-4.697047e-08,0.000116741
-4.687047e-08,0.000119336
-4.677047e-08,0.000118687
-4.667047e-08,0.000116741
-4.657047e-08,0.000114795
-4.647047e-08,0.000113498
-4.637047e-08,0.000114795
-4.627047e-08,0.000119336
-4.617047e-08,0.000127768
-4.607047e-08,0.000138146
-4.597047e-08,0.000148524
-4.587047e-08,0.000158253
-4.577047e-08,0.000166036
-4.567047e-08,0.000169928
-4.557047e-08,0.000169279
-4.547047e-08,0.000166036
-4.537047e-08,0.000160847
-4.527047e-08,0.000155658
-4.517047e-08,0.000152415
-4.507047e-08,0.000153064
-4.497047e-08,0.000157604
-4.487047e-08,0.000166036
-4.477047e-08,0.00017836
-4.467047e-08,0.00019263
-4.457047e-08,0.000208197
-4.447047e-08,0.00022052
-4.437047e-08,0.000229601
-4.427047e-08,0.000232844
-4.417047e-08,0.00023025
-4.407047e-08,0.000221818
-4.397047e-08,0.000208845
-4.387047e-08,0.000193278
-4.377047e-08,0.000176414
-4.367047e-08,0.000160199
-4.357047e-08,0.000145281
-4.347047e-08,0.000132957
-4.337047e-08,0.000123876
-4.327047e-08,0.000116093
-4.317047e-08,0.000108958
-4.307047e-08,0.00010312
-4.297047e-08,9.6634e-05
-4.287047e-08,8.94992e-05
-4.277047e-08,8.17158e-05
-4.267047e-08,7.52296e-05
-4.257047e-08,6.87434e-05
-4.247047e-08,6.48516e-05
-4.237047e-08,6.22572e-05
-4.227047e-08,6.22572e-05
-4.217047e-08,6.48516e-05
-4.207047e-08,6.87434e-05
-4.197047e-08,7.32837e-05
-4.187047e-08,7.7824e-05
-4.177047e-08,8.04185e-05
-4.167047e-08,8.10671e-05
-4.157047e-08,7.91213e-05
-4.147047e-08,7.58782e-05
-4.137047e-08,7.13378e-05
-4.127047e-08,6.67975e-05
-4.117047e-08,6.35544e-05
-4.107047e-08,6.35544e-05
-4.097047e-08,6.67975e-05
-4.087047e-08,7.19865e-05
-4.077047e-08,7.97699e-05
-4.067047e-08,8.75533e-05
-4.057047e-08,9.46882e-05
-4.047047e-08,9.85799e-05
-4.037047e-08,9.85799e-05
-4.027047e-08,9.33909e-05
-4.017047e-08,8.36616e-05
-4.007047e-08,7.00406e-05
-3.997047e-08,5.44737e-05
-3.987047e-08,3.89068e-05
-3.977047e-08,2.59344e-05
-3.967047e-08,1.68537e-05
-3.957047e-08,1.2962e-05
-3.947047e-08,1.49079e-05
-3.937047e-08,2.20427e-05
-3.927047e-08,3.24206e-05
-3.917047e-08,4.47444e-05
-3.907047e-08,5.70682e-05
-3.897047e-08,6.67975e-05
-3.887047e-08,7.26351e-05
-3.877047e-08,7.39323e-05
-3.867047e-08,7.13378e-05
-3.857047e-08,6.55003e-05
-3.847047e-08,5.64196e-05
-3.837047e-08,4.60417e-05
-3.827047e-08,3.56637e-05
-3.817047e-08,2.6583e-05
-3.807047e-08,2.00968e-05
-3.797047e-08,1.49079e-05
-3.787047e-08,1.2962e-05
-3.777047e-08,1.16648e-05
-3.767047e-08,1.23134e-05
-3.757047e-08,1.2962e-05
-3.747047e-08,1.42593e-05
-3.737047e-08,1.55565e-05
-3.727047e-08,1.68537e-05
-3.717047e-08,1.8151e-05
-3.707047e-08,2.00968e-05
-3.697047e-08,2.26913e-05
-3.687047e-08,2.59344e-05
-3.677047e-08,2.98261e-05
-3.667047e-08,3.30692e-05
-3.657047e-08,3.50151e-05
-3.647047e-08,3.37179e-05
-3.637047e-08,2.91775e-05
-3.627047e-08,2.13941e-05
-3.617047e-08,9.71892e-06
-3.607047e-08,-5.84796e-06
-3.597047e-08,-2.27121e-05
-3.587047e-08,-4.02248e-05
-3.577047e-08,-5.64403e-05
-3.567047e-08,-6.94127e-05
-3.557047e-08,-7.84934e-05
-3.547047e-08,-8.10879e-05
-3.537047e-08,-7.78448e-05
-3.527047e-08,-7.00614e-05
-3.517047e-08,-5.77376e-05
-3.507047e-08,-4.28193e-05
-3.497047e-08,-2.72524e-05
-3.487047e-08,-1.23342e-05
-3.477047e-08,-6.58998e-07
-3.467047e-08,8.42168e-06
-3.457047e-08,1.42593e-05
-3.447047e-08,1.68537e-05
-3.437047e-08,1.75024e-05
-3.427047e-08,1.68537e-05
-3.417047e-08,1.62051e-05
-3.407047e-08,1.55565e-05
-3.397047e-08,1.62051e-05
-3.387047e-08,1.75024e-05
-3.377047e-08,1.94482e-05
-3.367047e-08,2.07455e-05
-3.357047e-08,2.00968e-05
-3.347047e-08,1.8151e-05
-3.337047e-08,1.42593e-05
-3.327047e-08,8.42168e-06
-3.317047e-08,-1.03779e-08
-3.307047e-08,-8.44244e-06
-3.297047e-08,-1.62259e-05
-3.287047e-08,-2.27121e-05
-3.277047e-08,-2.59552e-05
-3.267047e-08,-2.66038e-05
-3.257047e-08,-2.33607e-05
-3.247047e-08,-1.68745e-05
-3.237047e-08,-6.49658e-06
-3.227047e-08,5.8272e-06
-3.217047e-08,2.00968e-05
-3.207047e-08,3.56637e-05
-3.197047e-08,5.18792e-05
-3.187047e-08,6.74461e-05
-3.177047e-08,8.17158e-05
-3.167047e-08,9.53368e-05
-3.157047e-08,0.000107012
-3.147047e-08,0.000116741
-3.137047e-08,0.00012193
-3.127047e-08,0.000123227
-3.117047e-08,0.000119984
-3.107047e-08,0.000112201
-3.097047e-08,9.92285e-05
-3.087047e-08,8.17158e-05
-3.077047e-08,5.96627e-05
-3.067047e-08,3.50151e-05
-3.057047e-08,9.0703e-06
-3.047047e-08,-1.62259e-05
-3.037047e-08,-3.89276e-05
-3.027047e-08,-5.7089e-05
-3.017047e-08,-6.81155e-05
-3.007047e-08,-7.26558e-05
-2.997047e-08,-6.94127e-05
-2.987047e-08,-5.96834e-05
-2.977047e-08,-4.47652e-05
-2.967047e-08,-2.72524e-05
-2.957047e-08,-9.09106e-06
-2.947047e-08,7.77306e-06
-2.937047e-08,2.00968e-05
-2.927047e-08,2.72317e-05
-2.917047e-08,2.78803e-05
-2.907047e-08,2.26913e-05
-2.897047e-08,1.10162e-05
-2.887047e-08,-5.19934e-06
-2.877047e-08,-2.46579e-05
-2.867047e-08,-4.47652e-05
-2.857047e-08,-6.35752e-05
-2.847047e-08,-8.04393e-05
-2.837047e-08,-9.53575e-05
-2.827047e-08,-0.000107033
-2.817047e-08,-0.000116113
-2.807047e-08,-0.0001226
-2.797047e-08,-0.000125194
-2.787047e-08,-0.000124545
-2.777047e-08,-0.000121302
-2.767047e-08,-0.000116113
-2.757047e-08,-0.00010833
-2.747047e-08,-9.92493e-05
-2.737047e-08,-8.88713e-05
-2.727047e-08,-7.84934e-05
-2.717047e-08,-6.81155e-05
-2.707047e-08,-5.83862e-05
-2.697047e-08,-4.99541e-05
-2.687047e-08,-4.34679e-05
-2.677047e-08,-3.76303e-05
-2.667047e-08,-3.11441e-05
-2.657047e-08,-2.40093e-05
-2.647047e-08,-1.428e-05
-2.637047e-08,-2.60486e-06
-2.627047e-08,1.23134e-05
-2.617047e-08,3.11234e-05
-2.607047e-08,5.12306e-05
-2.597047e-08,7.32837e-05
-2.587047e-08,9.40395e-05
-2.577047e-08,0.000113498
-2.567047e-08,0.000129065
-2.557047e-08,0.000141389
-2.547047e-08,0.000149821
-2.537047e-08,0.000154361
-2.527047e-08,0.000156307
-2.517047e-08,0.000156307
-2.507047e-08,0.000156956
-2.497047e-08,0.000158253
-2.487047e-08,0.000162145
-2.477047e-08,0.000167982
-2.467047e-08,0.000175117
-2.457047e-08,0.000182901
-2.447047e-08,0.000188738
-2.437047e-08,0.000190684
-2.427047e-08,0.000188738
-2.417047e-08,0.000180306
-2.407047e-08,0.000166685
-2.397047e-08,0.000147875
-2.387047e-08,0.000125822
-2.377047e-08,0.000101174
-2.367047e-08,7.71754e-05
-2.357047e-08,5.51223e-05
-2.347047e-08,3.63124e-05
-2.337047e-08,2.13941e-05
-2.327047e-08,1.16648e-05
-2.317047e-08,5.8272e-06
-2.307047e-08,2.5841e-06
-2.297047e-08,1.93548e-06
-2.287047e-08,6.38242e-07
-2.277047e-08,-1.30762e-06
-2.267047e-08,-5.19934e-06
-2.257047e-08,-1.16855e-05
-2.247047e-08,-2.14148e-05
-2.237047e-08,-3.37386e-05
-2.227047e-08,-4.73596e-05
-2.217047e-08,-6.22779e-05
-2.207047e-08,-7.71962e-05
-2.197047e-08,-9.01686e-05
-2.187047e-08,-9.98979e-05
-2.177047e-08,-0.000107033
-2.167047e-08,-0.000110276
-2.157047e-08,-0.000110276
-2.147047e-08,-0.000106384
-2.137047e-08,-9.98979e-05
-2.127047e-08,-9.01686e-05
-2.117047e-08,-7.9142e-05
-2.107047e-08,-6.74669e-05
-2.097047e-08,-5.51431e-05
-2.087047e-08,-4.41165e-05
-2.077047e-08,-3.43872e-05
-2.067047e-08,-2.53066e-05
-2.057047e-08,-1.81717e-05
-2.047047e-08,-1.29828e-05
-2.037047e-08,-1.10369e-05
-2.027047e-08,-1.10369e-05
-2.017047e-08,-1.49286e-05
-2.007047e-08,-2.27121e-05
-1.997047e-08,-3.309e-05
-1.987047e-08,-4.6711e-05
-1.977047e-08,-6.16293e-05
-1.967047e-08,-7.71962e-05
-1.957047e-08,-9.27631e-05
-1.947047e-08,-0.000107033
-1.937047e-08,-0.000118708
-1.927047e-08,-0.000128437
-1.917047e-08,-0.000134923
-1.907047e-08,-0.000138166
-1.897047e-08,-0.000139464
-1.887047e-08,-0.000138815
-1.877047e-08,-0.000136869
-1.867047e-08,-0.000134275
-1.857047e-08,-0.000132329
-1.847047e-08,-0.000130383
-1.837047e-08,-0.000129086
-1.827047e-08,-0.00012714
-1.817047e-08,-0.000125194
-1.807047e-08,-0.000121951
-1.797047e-08,-0.000118059
-1.787047e-08,-0.000114168
-1.777047e-08,-0.000110276
-1.767047e-08,-0.000107681
-1.757047e-08,-0.000107681
-1.747047e-08,-0.00010833
-1.737047e-08,-0.000111573
-1.727047e-08,-0.000116113
-1.717047e-08,-0.000121951
-1.707047e-08,-0.00012714
-1.697047e-08,-0.000132329
-1.687047e-08,-0.000136869
-1.677047e-08,-0.000138815
-1.667047e-08,-0.000138166
-1.657047e-08,-0.000134923
-1.647047e-08,-0.000128437
-1.637047e-08,-0.000120005
-1.627047e-08,-0.000108979
-1.617047e-08,-9.73034e-05
-1.607047e-08,-8.56282e-05
-1.597047e-08,-7.39531e-05
-1.587047e-08,-6.22779e-05
-1.577047e-08,-5.06027e-05
-1.567047e-08,-3.8279e-05
-1.557047e-08,-2.53066e-05
-1.547047e-08,-1.03883e-05
-1.537047e-08,5.17858e-06
-1.527047e-08,2.13941e-05
-1.517047e-08,3.89068e-05
-1.507047e-08,5.64196e-05
-1.497047e-08,7.32837e-05
-1.487047e-08,8.75533e-05
-1.477047e-08,9.92285e-05
-1.467047e-08,0.000107012
-1.457047e-08,0.000110904
-1.447047e-08,0.000110255
-1.437047e-08,0.000105715
-1.427047e-08,9.85799e-05
-1.417047e-08,8.88506e-05
-1.407047e-08,7.7824e-05
-1.397047e-08,6.67975e-05
-1.387047e-08,5.5771e-05
-1.377047e-08,4.47444e-05
-1.367047e-08,3.37179e-05
-1.357047e-08,2.33399e-05
-1.347047e-08,1.36106e-05
-1.337047e-08,5.17858e-06
-1.327047e-08,-2.60486e-06
-1.317047e-08,-8.44244e-06
-1.307047e-08,-1.29828e-05
-1.297047e-08,-1.49286e-05
-1.287047e-08,-1.428e-05
-1.277047e-08,-1.03883e-05
-1.267047e-08,-2.60486e-06
-1.257047e-08,9.0703e-06
-1.247047e-08,2.33399e-05
-1.237047e-08,4.08527e-05
-1.227047e-08,5.90141e-05
-1.217047e-08,7.71754e-05
-1.207047e-08,9.20937e-05
-1.197047e-08,0.00010312
-1.187047e-08,0.000108958
-1.177047e-08,0.000109606
-1.167047e-08,0.000104417
-1.157047e-08,9.46882e-05
-1.147047e-08,8.23644e-05
-1.137047e-08,6.87434e-05
-1.127047e-08,5.5771e-05
-1.117047e-08,4.40958e-05
-1.107047e-08,3.63124e-05
-1.097047e-08,3.24206e-05
-1.087047e-08,3.24206e-05
-1.077047e-08,3.56637e-05
-1.067047e-08,4.08527e-05
-1.057047e-08,4.79875e-05
-1.047047e-08,5.44737e-05
-1.037047e-08,5.96627e-05
-1.027047e-08,6.22572e-05
-1.017047e-08,6.29058e-05
-1.007047e-08,5.96627e-05
-9.970465e-09,5.38251e-05
-9.870465e-09,4.5393e-05
-9.770465e-09,3.56637e-05
-9.670465e-09,2.46372e-05
-9.570465e-09,1.36106e-05
-9.470465e-09,2.5841e-06
-9.370465e-09,-8.44244e-06
-9.270465e-09,-1.81717e-05
-9.170465e-09,-2.72524e-05
-9.070465e-09,-3.37386e-05
-8.970465e-09,-3.89276e-05
-8.870465e-09,-4.34679e-05
-8.770465e-09,-4.6711e-05
-8.670465e-09,-4.93055e-05
-8.570465e-09,-4.99541e-05
-8.470465e-09,-4.99541e-05
-8.370465e-09,-4.80083e-05
-8.270465e-09,-4.54138e-05
-8.170465e-09,-4.21707e-05
-8.070465e-09,-3.95762e-05
-7.970465e-09,-3.76303e-05
-7.870465e-09,-3.76303e-05
-7.770465e-09,-3.89276e-05
-7.670465e-09,-4.15221e-05
-7.570465e-09,-4.60624e-05
-7.470465e-09,-5.06027e-05
-7.370465e-09,-5.57917e-05
-7.270465e-09,-5.90348e-05
-7.170465e-09,-6.03321e-05
-7.070465e-09,-5.83862e-05
-6.970465e-09,-5.44945e-05
-6.870465e-09,-4.73596e-05
-6.770465e-09,-3.89276e-05
-6.670465e-09,-2.85497e-05
-6.570465e-09,-1.75231e-05
-6.470465e-09,-8.44244e-06
-6.370465e-09,-1.30762e-06
-6.270465e-09,4.52996e-06
-6.170465e-09,7.12444e-06
-6.070465e-09,7.77306e-06
-5.970465e-09,6.47582e-06
-5.870465e-09,4.52996e-06
-5.770465e-09,3.88134e-06
-5.670465e-09,4.52996e-06
-5.570465e-09,6.47582e-06
-5.470465e-09,9.71892e-06
-5.370465e-09,1.49079e-05
-5.270465e-09,1.94482e-05
-5.170465e-09,2.26913e-05
-5.070465e-09,2.33399e-05
-4.970465e-09,1.94482e-05
-4.870465e-09,1.10162e-05
-4.770465e-09,-2.60486e-06
-4.670465e-09,-2.07662e-05
-4.570465e-09,-4.28193e-05
-4.470465e-09,-6.74669e-05
-4.370465e-09,-9.27631e-05
-4.270465e-09,-0.000117411
-4.170465e-09,-0.000140112
-4.070465e-09,-0.000161517
-3.970465e-09,-0.000179678
-3.870465e-09,-0.000194596
-3.770465e-09,-0.000208217
-3.670465e-09,-0.000220541
-3.570465e-09,-0.000232865
-3.470465e-09,-0.000245189
-3.370465e-09,-0.000258161
-3.270465e-09,-0.000270485
-3.170465e-09,-0.000281512
-3.070465e-09,-0.000291241
-2.970465e-09,-0.000299673
-2.870465e-09,-0.00030551
-2.770465e-09,-0.000310051
-2.670465e-09,-0.000312645
-2.570465e-09,-0.00031524
-2.470465e-09,-0.000319131
-2.370465e-09,-0.00032432
-2.270465e-09,-0.000333401
-2.170465e-09,-0.000346374
-2.070465e-09,-0.000365184
-1.970465e-09,-0.000389831
-1.870465e-09,-0.000419668
-1.770465e-09,-0.00045599
-1.670465e-09,-0.000497502
-1.570465e-09,-0.000542905
-1.470465e-09,-0.000591552
-1.370465e-09,-0.000642793
-1.270465e-09,-0.00069598
-1.170465e-09,-0.000750464
-1.070465e-09,-0.000806894
-9.704653e-10,-0.000863324
-8.704653e-10,-0.000919105
-7.704653e-10,-0.000972941
-6.704653e-10,-0.00102418
-5.704653e-10,-0.00107218
-4.704653e-10,-0.00111629
-3.704653e-10,-0.00115715
-2.704653e-10,-0.00119347
-1.704653e-10,-0.0012259
-7.046525e-11,-0.00125574
2.953475e-11,-0.00128428
1.295347e-10,-0.00131217
2.295347e-10,-0.00134006
3.295347e-10,-0.0013699
4.295347e-10,-0.00140103
5.295347e-10,-0.00143281
6.295347e-10,-0.00146524
7.295347e-10,-0.00149638
8.295347e-10,-0.00152362
9.295347e-10,-0.00154632
1.029535e-09,-0.00156189
1.129535e-09,-0.00157227
1.229535e-09,-0.00157616
1.329535e-09,-0.00157551
1.429535e-09,-0.00157227
1.529535e-09,-0.00156837
1.629535e-09,-0.00156643
1.729535e-09,-0.00156708
1.829535e-09,-0.00157227
1.929535e-09,-0.00158394
2.029535e-09,-0.0016021
2.129535e-09,-0.00162545
2.229535e-09,-0.00165269
2.329535e-09,-0.00168318
2.429535e-09,-0.00171496
2.529535e-09,-0.00174545
2.629535e-09,-0.00177528
2.729535e-09,-0.00180188
2.829535e-09,-0.00182523
2.929535e-09,-0.00184598
3.029535e-09,-0.0018635
3.129535e-09,-0.00187971
3.229535e-09,-0.00189463
3.329535e-09,-0.00190825
3.429535e-09,-0.00192317
3.529535e-09,-0.00193874
3.629535e-09,-0.00195755
3.729535e-09,-0.0019783
3.829535e-09,-0.00200295
3.929535e-09,-0.00203149
4.029535e-09,-0.00206457
4.129535e-09,-0.00210089
4.229535e-09,-0.00214046
4.329535e-09,-0.00218327
4.429535e-09,-0.00222737
4.529535e-09,-0.00227213
4.629535e-09,-0.00231494
4.729535e-09,-0.0023545
4.829535e-09,-0.00238888
4.929535e-09,-0.00241612
5.029535e-09,-0.00243493
5.129535e-09,-0.00244401
5.229535e-09,-0.00244401
5.329535e-09,-0.00243623
5.429535e-09,-0.00242131
5.529535e-09,-0.00240185
5.629535e-09,-0.0023798
5.729535e-09,-0.00235645
5.829535e-09,-0.00233504
5.929535e-09,-0.00231558
6.029535e-09,-0.00229937
6.129535e-09,-0.00228705
6.229535e-09,-0.00227796
6.329535e-09,-0.00226953
6.429535e-09,-0.0022611
6.529535e-09,-0.00225137
6.629535e-09,-0.00223775
6.729535e-09,-0.00222153
6.829535e-09,-0.00220208
6.929535e-09,-0.00217937
7.029535e-09,-0.00215408
7.129535e-09,-0.00212748
7.229535e-09,-0.00209959
7.329535e-09,-0.0020717
7.429535e-09,-0.00204381
7.529535e-09,-0.00201527
7.629535e-09,-0.00198479
7.729535e-09,-0.00195041
7.829535e-09,-0.00191344
7.929535e-09,-0.00187128
8.029535e-09,-0.00182458
8.129535e-09,-0.00177464
8.229535e-09,-0.00172275
8.329535e-09,-0.00167021
8.429535e-09,-0.00161897
8.529535e-09,-0.00157097
8.629535e-09,-0.00152751
8.729535e-09,-0.00148859
8.829535e-09,-0.00145357
8.929535e-09,-0.00142114
9.029535e-09,-0.00139
9.129535e-09,-0.00136082
9.229535e-09,-0.00133163
9.329535e-09,-0.00130179
9.429535e-09,-0.00127195
9.529535e-09,-0.00124212
9.629535e-09,-0.00121293
9.729535e-09,-0.00118569
9.829535e-09,-0.00116234
9.929535e-09,-0.00114223
1.002953e-08,-0.00112666
1.012953e-08,-0.00111499
1.022953e-08,-0.00110526
1.032953e-08,-0.00109683
1.042953e-08,-0.00108839
1.052953e-08,-0.00107931
1.062953e-08,-0.00106829
1.072953e-08,-0.00105532
1.082953e-08,-0.00104105
1.092953e-08,-0.00102548
1.102953e-08,-0.00100991
1.112953e-08,-0.000994994
1.122953e-08,-0.000980075
1.132953e-08,-0.000966454
1.142953e-08,-0.000953482
1.152953e-08,-0.000939861
1.162953e-08,-0.000925591
1.172953e-08,-0.000908727
1.182953e-08,-0.00088862
1.192953e-08,-0.000864621
1.202953e-08,-0.000838028
1.212953e-08,-0.00080884
1.222953e-08,-0.000778355
1.232953e-08,-0.000748518
1.242953e-08,-0.000719979
1.252953e-08,-0.000694034
1.262953e-08,-0.000672629
1.272953e-08,-0.000656414
1.282953e-08,-0.000643442
1.292953e-08,-0.000634361
1.302953e-08,-0.000628523
1.312953e-08,-0.000624632
1.322953e-08,-0.000621388
1.332953e-08,-0.000619443
1.342953e-08,-0.000618145
1.352953e-08,-0.000618145
1.362953e-08,-0.000618794
1.372953e-08,-0.000621388
1.382953e-08,-0.000626577
1.392953e-08,-0.00063501
1.402953e-08,-0.000646036
1.412953e-08,-0.00065836
1.422953e-08,-0.000671332
1.432953e-08,-0.000683007
1.442953e-08,-0.000691439
1.452953e-08,-0.000695331
1.462953e-08,-0.000694683
1.472953e-08,-0.000687548
1.482953e-08,-0.000675873
1.492953e-08,-0.00065836
1.502953e-08,-0.000638253
1.512953e-08,-0.000615551
1.522953e-08,-0.000592201
1.532953e-08,-0.000569499
1.542953e-08,-0.000548743
1.552953e-08,-0.000530582
1.562953e-08,-0.000515663
1.572953e-08,-0.000504637
1.582953e-08,-0.000498151
1.592953e-08,-0.000496205
1.602953e-08,-0.000499448
1.612953e-08,-0.000507231
1.622953e-08,-0.000520204
1.632953e-08,-0.000537716
1.642953e-08,-0.00055977
1.652953e-08,-0.000584417
1.662953e-08,-0.000609713
1.672953e-08,-0.000634361
1.682953e-08,-0.000655765
1.692953e-08,-0.000670684
1.702953e-08,-0.000679764
1.712953e-08,-0.000682359
1.722953e-08,-0.000679116
1.732953e-08,-0.000670035
1.742953e-08,-0.00065836
1.752953e-08,-0.000645387
1.762953e-08,-0.000633064
1.772953e-08,-0.000623334
1.782953e-08,-0.000618145
1.792953e-08,-0.000616848
1.802953e-08,-0.000618145
1.812953e-08,-0.00062074
1.822953e-08,-0.000622686
1.832953e-08,-0.000622037
1.842953e-08,-0.000617497
1.852953e-08,-0.000607767
1.862953e-08,-0.000593498
1.872953e-08,-0.000575985
1.882953e-08,-0.000556526
1.892953e-08,-0.000536419
1.902953e-08,-0.000516961
1.912953e-08,-0.000499448
1.922953e-08,-0.000483881
1.932953e-08,-0.000470909
1.942953e-08,-0.000459882
1.952953e-08,-0.000450153
1.962953e-08,-0.000441072
1.972953e-08,-0.000430694
1.982953e-08,-0.000419668
1.992953e-08,-0.000407344
2.002953e-08,-0.000395669
2.012953e-08,-0.000385291
2.022953e-08,-0.000377507
2.032953e-08,-0.000373616
2.042953e-08,-0.000373616
2.052953e-08,-0.000377507
2.062953e-08,-0.000384642
2.072953e-08,-0.000393723
2.082953e-08,-0.000403452
2.092953e-08,-0.000410587
2.102953e-08,-0.000414479
2.112953e-08,-0.00041383
2.122953e-08,-0.000407992
2.132953e-08,-0.000396966
2.142953e-08,-0.000381399
2.152953e-08,-0.000362589
2.162953e-08,-0.000344428
2.172953e-08,-0.000327564
2.182953e-08,-0.000314591
2.192953e-08,-0.000306159
2.202953e-08,-0.000303565
2.212953e-08,-0.000304213
2.222953e-08,-0.000307456
2.232953e-08,-0.000312645
2.242953e-08,-0.000317186
2.252953e-08,-0.000318483
2.262953e-08,-0.000316537
2.272953e-08,-0.000308754
2.282953e-08,-0.000297727
2.292953e-08,-0.000282809
2.302953e-08,-0.000266593
2.312953e-08,-0.000251675
2.322953e-08,-0.000239351
2.332953e-08,-0.000230919
2.342953e-08,-0.000227027
2.352953e-08,-0.000228325
2.362953e-08,-0.000234162
2.372953e-08,-0.000243243
2.382953e-08,-0.000252972
2.392953e-08,-0.000262702
2.402953e-08,-0.000272431
2.412953e-08,-0.000279566
2.422953e-08,-0.000285403
2.432953e-08,-0.000289295
2.442953e-08,-0.000291889
2.452953e-08,-0.000295133
2.462953e-08,-0.000299024
2.472953e-08,-0.000303565
2.482953e-08,-0.000308105
2.492953e-08,-0.000311997
2.502953e-08,-0.000314591
2.512953e-08,-0.000313943
2.522953e-08,-0.000310051
2.532953e-08,-0.000301619
2.542953e-08,-0.000289295
2.552953e-08,-0.000273728
2.562953e-08,-0.000255567
2.572953e-08,-0.000235459
2.582953e-08,-0.000216001
2.592953e-08,-0.00019784
2.602953e-08,-0.000182921
2.612953e-08,-0.000171246
2.622953e-08,-0.000162814
2.632953e-08,-0.000157625
2.642953e-08,-0.000155031
2.652953e-08,-0.000155031
2.662953e-08,-0.000156976
2.672953e-08,-0.000159571
2.682953e-08,-0.000164111
2.692953e-08,-0.000171246
2.702953e-08,-0.000182273
2.712953e-08,-0.000197191
2.722953e-08,-0.000215352
2.732953e-08,-0.000235459
2.742953e-08,-0.00025881
2.752953e-08,-0.000282809
2.762953e-08,-0.00030551
2.772953e-08,-0.000324969
2.782953e-08,-0.000339239
2.792953e-08,-0.000347022
2.802953e-08,-0.000347022
2.812953e-08,-0.000339239
2.822953e-08,-0.00032432
2.832953e-08,-0.00030551
2.842953e-08,-0.000284755
2.852953e-08,-0.000263999
2.862953e-08,-0.000245837
2.872953e-08,-0.000230919
2.882953e-08,-0.000220541
2.892953e-08,-0.000214055
2.902953e-08,-0.000211461
2.912953e-08,-0.000210812
2.922953e-08,-0.000211461
2.932953e-08,-0.000211461
2.942953e-08,-0.000210163
2.952953e-08,-0.000208217
2.962953e-08,-0.000203677
2.972953e-08,-0.000198488
2.982953e-08,-0.000193299
2.992953e-08,-0.000188759
3.002953e-08,-0.000186813
3.012953e-08,-0.000186813
3.022953e-08,-0.000189407
3.032953e-08,-0.000194596
3.042953e-08,-0.000200434
3.052953e-08,-0.000205623
3.062953e-08,-0.000208866
3.072953e-08,-0.000211461
3.082953e-08,-0.000211461
3.092953e-08,-0.000209515
3.102953e-08,-0.00020692
3.112953e-08,-0.000204326
3.122953e-08,-0.000203028
3.132953e-08,-0.000203677
3.142953e-08,-0.000206272
3.152953e-08,-0.000210812
3.162953e-08,-0.000217298
3.172953e-08,-0.000224433
3.182953e-08,-0.000230919
3.192953e-08,-0.000237405
3.202953e-08,-0.000241946
3.212953e-08,-0.000243243
3.222953e-08,-0.000242594
3.232953e-08,-0.000240648
3.242953e-08,-0.000237405
3.252953e-08,-0.000233514
3.262953e-08,-0.000229622
3.272953e-08,-0.000227027
3.282953e-08,-0.00022573
3.292953e-08,-0.000223784
3.302953e-08,-0.000221838
3.312953e-08,-0.000219244
3.322953e-08,-0.00021665
3.332953e-08,-0.000212109
3.342953e-08,-0.000206272
3.352953e-08,-0.000199785
3.362953e-08,-0.000192651
3.372953e-08,-0.000185516
3.382953e-08,-0.000178381
3.392953e-08,-0.000171246
3.402953e-08,-0.000165409
3.412953e-08,-0.000159571
3.422953e-08,-0.000153733
3.432953e-08,-0.000149193
3.442953e-08,-0.000144004
3.452953e-08,-0.000137518
3.462953e-08,-0.000130383
3.472953e-08,-0.000123897
3.482953e-08,-0.000118059
3.492953e-08,-0.000113519
3.502953e-08,-0.000110924
3.512953e-08,-0.000112222
3.522953e-08,-0.000117411
3.532953e-08,-0.000125843
3.542953e-08,-0.000137518
3.552953e-08,-0.00015049
3.562953e-08,-0.000163463
3.572953e-08,-0.000175138
3.582953e-08,-0.000184219
3.592953e-08,-0.000188759
3.602953e-08,-0.000188759
3.612953e-08,-0.00018357
3.622953e-08,-0.000174489
3.632953e-08,-0.000160868
3.642953e-08,-0.00014595
3.652953e-08,-0.000129086
3.662953e-08,-0.000114168
3.672953e-08,-0.000101195
3.682953e-08,-9.14658e-05
3.692953e-08,-8.56282e-05
3.702953e-08,-8.30338e-05
3.712953e-08,-8.4331e-05
3.722953e-08,-8.75741e-05
3.732953e-08,-9.27631e-05
3.742953e-08,-0.000100547
3.752953e-08,-0.000109627
3.762953e-08,-0.000120654
3.772953e-08,-0.000134275
3.782953e-08,-0.000149842
3.792953e-08,-0.000168003
3.802953e-08,-0.000187462
3.812953e-08,-0.000208217
3.822953e-08,-0.000228973
3.832953e-08,-0.000248432
3.842953e-08,-0.00026335
3.852953e-08,-0.000273728
3.862953e-08,-0.000278268
3.872953e-08,-0.000276971
3.882953e-08,-0.000269188
3.892953e-08,-0.000256864
3.902953e-08,-0.000241297
3.912953e-08,-0.000225082
3.922953e-08,-0.000210812
3.932953e-08,-0.000199785
3.942953e-08,-0.000192002
3.952953e-08,-0.00018811
3.962953e-08,-0.000186813
3.972953e-08,-0.000187462
3.982953e-08,-0.000186813
3.992953e-08,-0.000182921
4.002953e-08,-0.000174489
4.012953e-08,-0.00016022
4.022953e-08,-0.000138815
4.032953e-08,-0.000112222
4.042953e-08,-8.17365e-05
4.052953e-08,-4.93055e-05
4.062953e-08,-1.81717e-05
4.072953e-08,8.42168e-06
4.082953e-08,2.98261e-05
4.092953e-08,4.40958e-05
4.102953e-08,4.99334e-05
4.112953e-08,4.73389e-05
4.122953e-08,3.82582e-05
4.132953e-08,2.39886e-05
4.142953e-08,6.47582e-06
4.152953e-08,-1.23342e-05
4.162953e-08,-3.17928e-05
4.172953e-08,-4.99541e-05
4.182953e-08,-6.61696e-05
4.192953e-08,-7.97907e-05
4.202953e-08,-9.08172e-05
4.212953e-08,-9.98979e-05
4.222953e-08,-0.000107033
4.232953e-08,-0.00011287
4.242953e-08,-0.000118059
4.252953e-08,-0.0001226
4.262953e-08,-0.00012714
4.272953e-08,-0.000132978
4.282953e-08,-0.000140112
4.292953e-08,-0.000148544
4.302953e-08,-0.000158922
4.312953e-08,-0.000169949
4.322953e-08,-0.000180975
4.332953e-08,-0.000190705
4.342953e-08,-0.00019784
4.352953e-08,-0.000201731
4.362953e-08,-0.000199785
4.372953e-08,-0.000192002
4.382953e-08,-0.000177084
4.392953e-08,-0.000156328
4.402953e-08,-0.000130383
4.412953e-08,-0.000101844
4.422953e-08,-7.46017e-05
4.432953e-08,-5.06027e-05
4.442953e-08,-3.37386e-05
4.452953e-08,-2.59552e-05
4.462953e-08,-2.85497e-05
4.472953e-08,-4.28193e-05
4.482953e-08,-6.74669e-05
4.492953e-08,-9.92493e-05
4.502953e-08,-0.000135572
4.512953e-08,-0.000174489
4.522953e-08,-0.000210163
4.532953e-08,-0.000241297
4.542953e-08,-0.000265296
4.552953e-08,-0.00028216
4.562953e-08,-0.000291241
4.572953e-08,-0.000294484
4.582953e-08,-0.000292538
4.592953e-08,-0.000287998
4.602953e-08,-0.00028216
4.612953e-08,-0.000276323
4.622953e-08,-0.000270485
4.632953e-08,-0.000265296
4.642953e-08,-0.00025881
4.652953e-08,-0.000251675
4.662953e-08,-0.000241946
4.672953e-08,-0.000230919
4.682953e-08,-0.000217947
4.692953e-08,-0.000203677
4.702953e-08,-0.000189407
4.712953e-08,-0.000176435
4.722953e-08,-0.000166057
4.732953e-08,-0.000158922
4.742953e-08,-0.000155031
4.752953e-08,-0.000155031
4.762953e-08,-0.000158274
4.772953e-08,-0.000162165
4.782953e-08,-0.000167354
4.792953e-08,-0.000171895
4.802953e-08,-0.000175138
4.812953e-08,-0.000177084
4.822953e-08,-0.000178381
4.832953e-08,-0.000180975
4.842953e-08,-0.000184867
4.852953e-08,-0.000190056
4.862953e-08,-0.00019784
4.872953e-08,-0.000208217
4.882953e-08,-0.000220541
4.892953e-08,-0.000233514
4.902953e-08,-0.000245189
4.912953e-08,-0.000254918
4.922953e-08,-0.000259458
4.932953e-08,-0.000258161
4.942953e-08,-0.000251675
4.952953e-08,-0.000239351
4.962953e-08,-0.000222487
4.972953e-08,-0.00020238
4.982953e-08,-0.000180327
4.992953e-08,-0.000159571
5.002953e-08,-0.00014141
5.012953e-08,-0.00012714
5.022953e-08,-0.000118059
5.032953e-08,-0.000114168
5.042953e-08,-0.000115465
5.052953e-08,-0.000118708
5.062953e-08,-0.000124545
5.072953e-08,-0.00013168
5.082953e-08,-0.000138166
5.092953e-08,-0.000144004
5.102953e-08,-0.000147896
5.112953e-08,-0.000149842
5.122953e-08,-0.000149842
5.132953e-08,-0.000148544
5.142953e-08,-0.000145301
5.152953e-08,-0.00014141
5.162953e-08,-0.000136221
5.172953e-08,-0.000128437
5.182953e-08,-0.000117411
5.192953e-08,-0.00010379
5.202953e-08,-8.62769e-05
5.212953e-08,-6.42238e-05
5.222953e-08,-3.89276e-05
5.232953e-08,-1.10369e-05
5.242953e-08,1.75024e-05
5.252953e-08,4.60417e-05
5.262953e-08,7.26351e-05
5.272953e-08,9.53368e-05
5.282953e-08,0.00011285
5.292953e-08,0.000124525
5.302953e-08,0.000131011
5.312953e-08,0.00013166
5.322953e-08,0.000127119
5.332953e-08,0.000120633
5.342953e-08,0.000112201
5.352953e-08,0.00010312
5.362953e-08,9.46882e-05
5.372953e-08,8.8202e-05
5.382953e-08,8.43102e-05
5.392953e-08,8.17158e-05
5.402953e-08,8.04185e-05
5.412953e-08,8.10671e-05
5.422953e-08,8.10671e-05
5.432953e-08,8.04185e-05
5.442953e-08,7.91213e-05
5.452953e-08,7.84727e-05
5.462953e-08,7.65268e-05
5.472953e-08,7.32837e-05
5.482953e-08,6.87434e-05
5.492953e-08,6.22572e-05
5.502953e-08,5.38251e-05
5.512953e-08,4.27986e-05
5.522953e-08,2.85289e-05
5.532953e-08,1.10162e-05
5.542953e-08,-9.73968e-06
5.552953e-08,-3.309e-05
5.562953e-08,-5.83862e-05
5.572953e-08,-8.30338e-05
5.582953e-08,-0.000105087
5.592953e-08,-0.000123248
5.602953e-08,-0.000135572
5.612953e-08,-0.000142058
5.622953e-08,-0.00014141
5.632953e-08,-0.000133626
5.642953e-08,-0.000120005
5.652953e-08,-0.000101195
5.662953e-08,-7.97907e-05
5.672953e-08,-5.7089e-05
5.682953e-08,-3.63331e-05
5.692953e-08,-1.75231e-05
5.702953e-08,-1.95624e-06
5.712953e-08,8.42168e-06
5.722953e-08,1.49079e-05
5.732953e-08,1.8151e-05
5.742953e-08,1.8151e-05
5.752953e-08,1.62051e-05
5.762953e-08,1.42593e-05
5.772953e-08,1.16648e-05
5.782953e-08,8.42168e-06
5.792953e-08,5.8272e-06
5.802953e-08,3.23272e-06
5.812953e-08,6.38242e-07
5.822953e-08,-1.95624e-06
5.832953e-08,-4.55072e-06
5.842953e-08,-7.1452e-06
5.852953e-08,-7.79382e-06
5.862953e-08,-5.84796e-06
5.872953e-08,-1.30762e-06
5.882953e-08,7.12444e-06
5.892953e-08,1.94482e-05
5.902953e-08,3.63124e-05
5.912953e-08,5.5771e-05
5.922953e-08,7.84727e-05
5.932953e-08,0.000101823
5.942953e-08,0.000124525
5.952953e-08,0.000144632
5.962953e-08,0.000160847
5.972953e-08,0.000173171
5.982953e-08,0.000180955
5.992953e-08,0.000184846
6.002953e-08,0.000184198
6.012953e-08,0.000180955
6.022953e-08,0.000175117
6.032953e-08,0.000167982
6.042953e-08,0.00015955
6.052953e-08,0.000150469
6.062953e-08,0.000139443
6.072953e-08,0.000124525
6.082953e-08,0.000106363
6.092953e-08,8.49589e-05
6.102953e-08,6.09599e-05
6.112953e-08,3.50151e-05
6.122953e-08,7.77306e-06
6.132953e-08,-1.75231e-05
6.142953e-08,-3.95762e-05
6.152953e-08,-5.7089e-05
6.162953e-08,-6.87641e-05
6.172953e-08,-7.39531e-05
6.182953e-08,-7.26558e-05
6.192953e-08,-6.68183e-05
6.202953e-08,-5.77376e-05
6.212953e-08,-4.54138e-05
6.222953e-08,-3.24414e-05
6.232953e-08,-2.01176e-05
6.242953e-08,-9.09106e-06
6.252953e-08,-6.58998e-07
6.262953e-08,5.8272e-06
6.272953e-08,1.03675e-05
6.282953e-08,1.42593e-05
6.292953e-08,1.68537e-05
6.302953e-08,2.00968e-05
6.312953e-08,2.26913e-05
6.322953e-08,2.59344e-05
6.332953e-08,2.91775e-05
6.342953e-08,3.30692e-05
6.352953e-08,3.56637e-05
6.362953e-08,3.82582e-05
6.372953e-08,4.02041e-05
6.382953e-08,4.15013e-05
6.392953e-08,4.21499e-05
6.402953e-08,4.15013e-05
6.412953e-08,4.15013e-05
6.422953e-08,4.02041e-05
6.432953e-08,3.82582e-05
6.442953e-08,3.56637e-05
6.452953e-08,3.11234e-05
6.462953e-08,2.59344e-05
6.472953e-08,1.87996e-05
6.482953e-08,1.10162e-05
6.492953e-08,1.93548e-06
6.502953e-08,-7.79382e-06
6.512953e-08,-1.68745e-05
6.522953e-08,-2.40093e-05
6.532953e-08,-2.98469e-05
6.542953e-08,-3.37386e-05
6.552953e-08,-3.50359e-05
6.562953e-08,-3.50359e-05
6.572953e-08,-3.309e-05
6.582953e-08,-3.17928e-05
6.592953e-08,-3.11441e-05
6.602953e-08,-3.24414e-05
6.612953e-08,-3.69817e-05
6.622953e-08,-4.47652e-05
6.632953e-08,-5.51431e-05
6.642953e-08,-6.87641e-05
6.652953e-08,-8.36824e-05
6.662953e-08,-9.86006e-05
6.672953e-08,-0.000112222
6.682953e-08,-0.000123897
6.692953e-08,-0.000130383
6.702953e-08,-0.000132329
6.712953e-08,-0.000129734
6.722953e-08,-0.000121951
6.732953e-08,-0.000110924
6.742953e-08,-9.86006e-05
6.752953e-08,-8.56282e-05
6.762953e-08,-7.39531e-05
6.772953e-08,-6.48724e-05
6.782953e-08,-5.96834e-05
6.792953e-08,-5.83862e-05
6.802953e-08,-6.09807e-05
6.812953e-08,-6.68183e-05
6.822953e-08,-7.52503e-05
6.832953e-08,-8.49796e-05
6.842953e-08,-9.53575e-05
6.852953e-08,-0.000103141
6.862953e-08,-0.000108979
6.872953e-08,-0.000110924
6.882953e-08,-0.00010833
6.892953e-08,-0.000101844
6.902953e-08,-9.21144e-05
6.912953e-08,-7.9142e-05
6.922953e-08,-6.35752e-05
6.932953e-08,-4.6711e-05
6.942953e-08,-2.98469e-05
6.952953e-08,-1.23342e-05
6.962953e-08,3.88134e-06
6.972953e-08,1.94482e-05
6.982953e-08,3.24206e-05
6.992953e-08,4.34472e-05
7.002953e-08,5.12306e-05
7.012953e-08,5.64196e-05
7.022953e-08,5.77168e-05
7.032953e-08,5.64196e-05
7.042953e-08,5.12306e-05
7.052953e-08,4.47444e-05
7.062953e-08,3.63124e-05
7.072953e-08,2.78803e-05
7.082953e-08,2.00968e-05
7.092953e-08,1.2962e-05
7.102953e-08,7.12444e-06
7.112953e-08,3.23272e-06
7.122953e-08,1.93548e-06
7.132953e-08,1.93548e-06
7.142953e-08,2.5841e-06
7.152953e-08,3.23272e-06
7.162953e-08,3.88134e-06
7.172953e-08,3.23272e-06
7.182953e-08,-1.03779e-08
7.192953e-08,-6.49658e-06
7.202953e-08,-1.62259e-05
7.212953e-08,-2.7901e-05
7.222953e-08,-4.15221e-05
7.232953e-08,-5.77376e-05
7.242953e-08,-7.39531e-05
7.252953e-08,-9.08172e-05
7.262953e-08,-0.000106384
7.272953e-08,-0.000120654
7.282953e-08,-0.000132978
7.292953e-08,-0.000143355
7.302953e-08,-0.000152436
7.312953e-08,-0.00016022
7.322953e-08,-0.000165409
7.332953e-08,-0.0001693
7.342953e-08,-0.000169949
7.352953e-08,-0.000167354
7.362953e-08,-0.000161517
7.372953e-08,-0.000151139
7.382953e-08,-0.000136869
7.392953e-08,-0.000119356
7.402953e-08,-9.98979e-05
7.412953e-08,-7.9142e-05
7.422953e-08,-6.03321e-05
7.432953e-08,-4.47652e-05
7.442953e-08,-3.43872e-05
7.452953e-08,-2.85497e-05
7.462953e-08,-2.7901e-05
7.472953e-08,-3.17928e-05
7.482953e-08,-4.08734e-05
7.492953e-08,-5.19e-05
7.502953e-08,-6.42238e-05
7.512953e-08,-7.71962e-05
7.522953e-08,-8.88713e-05
7.532953e-08,-9.7952e-05
7.542953e-08,-0.000105087
7.552953e-08,-0.000110276
7.562953e-08,-0.000113519
7.572953e-08,-0.000114168
7.582953e-08,-0.00011287
7.592953e-08,-0.000108979
7.602953e-08,-0.000103141
7.612953e-08,-9.40603e-05
7.622953e-08,-8.23851e-05
7.632953e-08,-6.74669e-05
7.642953e-08,-5.06027e-05
7.652953e-08,-3.04955e-05
7.662953e-08,-9.73968e-06
7.672953e-08,1.03675e-05
7.682953e-08,2.72317e-05
7.692953e-08,3.95555e-05
7.702953e-08,4.79875e-05
7.712953e-08,4.99334e-05
7.722953e-08,4.5393e-05
