LECROYWaveRunner‘N,20113,Waveform
Segments,1,SegmentSize,2002
Segment,TrigTime,TimeSinceSegment1
#1,28-Sep-2018 13:19:43,0                 
Time,Ampl
-1.228308e-07,0.000175766
-1.227308e-07,0.000184198
-1.226308e-07,0.000189387
-1.225308e-07,0.000190035
-1.224308e-07,0.000187441
-1.223308e-07,0.000180955
-1.222308e-07,0.000171874
-1.221308e-07,0.00015955
-1.220308e-07,0.000143983
-1.219308e-07,0.000125173
-1.218308e-07,0.000102472
-1.217308e-07,7.58782e-05
-1.216308e-07,4.5393e-05
-1.215308e-07,1.16648e-05
-1.214308e-07,-2.40093e-05
-1.213308e-07,-5.83862e-05
-1.212308e-07,-9.01686e-05
-1.211308e-07,-0.000116762
-1.210308e-07,-0.000136869
-1.209308e-07,-0.000149842
-1.208308e-07,-0.000154382
-1.207308e-07,-0.000152436
-1.206308e-07,-0.000144004
-1.205308e-07,-0.000132329
-1.204308e-07,-0.000118708
-1.203308e-07,-0.000105087
-1.202308e-07,-9.21144e-05
-1.201308e-07,-8.04393e-05
-1.200308e-07,-6.94127e-05
-1.199308e-07,-5.90348e-05
-1.198308e-07,-4.73596e-05
-1.197308e-07,-3.37386e-05
-1.196308e-07,-1.81717e-05
-1.195308e-07,-6.58998e-07
-1.194308e-07,1.87996e-05
-1.193308e-07,3.89068e-05
-1.192308e-07,5.70682e-05
-1.191308e-07,7.13378e-05
-1.190308e-07,8.04185e-05
-1.189308e-07,8.3013e-05
-1.188308e-07,8.04185e-05
-1.187308e-07,7.26351e-05
-1.186308e-07,6.16085e-05
-1.185308e-07,4.99334e-05
-1.184308e-07,4.02041e-05
-1.183308e-07,3.30692e-05
-1.182308e-07,2.98261e-05
-1.181308e-07,3.04748e-05
-1.180308e-07,3.30692e-05
-1.179308e-07,3.6961e-05
-1.178308e-07,3.89068e-05
-1.177308e-07,3.63124e-05
-1.176308e-07,2.78803e-05
-1.175308e-07,1.36106e-05
-1.174308e-07,-5.84796e-06
-1.173308e-07,-2.91983e-05
-1.172308e-07,-5.38459e-05
-1.171308e-07,-7.58989e-05
-1.170308e-07,-9.34117e-05
-1.169308e-07,-0.000105087
-1.168308e-07,-0.000108979
-1.167308e-07,-0.000106384
-1.166308e-07,-9.7952e-05
-1.165308e-07,-8.82227e-05
-1.164308e-07,-7.78448e-05
-1.163308e-07,-6.87641e-05
-1.162308e-07,-6.29265e-05
-1.161308e-07,-6.09807e-05
-1.160308e-07,-6.35752e-05
-1.159308e-07,-6.94127e-05
-1.158308e-07,-7.58989e-05
-1.157308e-07,-8.23851e-05
-1.156308e-07,-8.69255e-05
-1.155308e-07,-8.75741e-05
-1.154308e-07,-8.4331e-05
-1.153308e-07,-7.78448e-05
-1.152308e-07,-6.94127e-05
-1.151308e-07,-6.09807e-05
-1.150308e-07,-5.31972e-05
-1.149308e-07,-4.80083e-05
-1.148308e-07,-4.6711e-05
-1.147308e-07,-4.86569e-05
-1.146308e-07,-5.31972e-05
-1.145308e-07,-5.90348e-05
-1.144308e-07,-6.5521e-05
-1.143308e-07,-6.94127e-05
-1.142308e-07,-7.00614e-05
-1.141308e-07,-6.61696e-05
-1.140308e-07,-5.7089e-05
-1.139308e-07,-4.28193e-05
-1.138308e-07,-2.46579e-05
-1.137308e-07,-3.9021e-06
-1.136308e-07,1.8151e-05
-1.135308e-07,3.95555e-05
-1.134308e-07,6.03113e-05
-1.133308e-07,7.84727e-05
-1.132308e-07,9.59854e-05
-1.131308e-07,0.00011285
-1.130308e-07,0.000129065
-1.129308e-07,0.000144632
-1.128308e-07,0.000158253
-1.127308e-07,0.000171225
-1.126308e-07,0.000182252
-1.125308e-07,0.000189387
-1.124308e-07,0.000191333
-1.123308e-07,0.000186792
-1.122308e-07,0.000175766
-1.121308e-07,0.000157604
-1.120308e-07,0.000134254
-1.119308e-07,0.000107661
-1.118308e-07,7.97699e-05
-1.117308e-07,5.31765e-05
-1.116308e-07,2.98261e-05
-1.115308e-07,1.23134e-05
-1.114308e-07,6.38242e-07
-1.113308e-07,-5.84796e-06
-1.112308e-07,-5.84796e-06
-1.111308e-07,-6.58998e-07
-1.110308e-07,7.12444e-06
-1.109308e-07,1.62051e-05
-1.108308e-07,2.59344e-05
-1.107308e-07,3.56637e-05
-1.106308e-07,4.60417e-05
-1.105308e-07,5.51223e-05
-1.104308e-07,6.48516e-05
-1.103308e-07,7.52296e-05
-1.102308e-07,8.8202e-05
-1.101308e-07,0.00010312
-1.100308e-07,0.000120633
-1.099308e-07,0.000138794
-1.098308e-07,0.000155658
-1.097308e-07,0.000169928
-1.096308e-07,0.000179657
-1.095308e-07,0.000184198
-1.094308e-07,0.000182901
-1.093308e-07,0.000175766
-1.092308e-07,0.000162793
-1.091308e-07,0.000145281
-1.090308e-07,0.000124525
-1.089308e-07,0.000101174
-1.088308e-07,7.65268e-05
-1.087308e-07,5.31765e-05
-1.086308e-07,3.11234e-05
-1.085308e-07,1.10162e-05
-1.084308e-07,-7.1452e-06
-1.083308e-07,-2.27121e-05
-1.082308e-07,-3.56845e-05
-1.081308e-07,-4.60624e-05
-1.080308e-07,-5.31972e-05
-1.079308e-07,-5.7089e-05
-1.078308e-07,-5.83862e-05
-1.077308e-07,-5.64403e-05
-1.076308e-07,-5.19e-05
-1.075308e-07,-4.41165e-05
-1.074308e-07,-3.43872e-05
-1.073308e-07,-2.33607e-05
-1.072308e-07,-1.16855e-05
-1.071308e-07,1.28686e-06
-1.070308e-07,1.55565e-05
-1.069308e-07,2.98261e-05
-1.068308e-07,4.5393e-05
-1.067308e-07,6.09599e-05
-1.066308e-07,7.65268e-05
-1.065308e-07,9.20937e-05
-1.064308e-07,0.000108309
-1.063308e-07,0.000124525
-1.062308e-07,0.00014074
-1.061308e-07,0.000157604
-1.060308e-07,0.000173171
-1.059308e-07,0.000188089
-1.058308e-07,0.000200413
-1.057308e-07,0.00021144
-1.056308e-07,0.000219872
-1.055308e-07,0.000226358
-1.054308e-07,0.000230898
-1.053308e-07,0.000232844
-1.052308e-07,0.000233493
-1.051308e-07,0.000232844
-1.050308e-07,0.00023025
-1.049308e-07,0.000225709
-1.048308e-07,0.000218575
-1.047308e-07,0.000210143
-1.046308e-07,0.000199765
-1.045308e-07,0.000187441
-1.044308e-07,0.00017382
-1.043308e-07,0.000158902
-1.042308e-07,0.000143983
-1.041308e-07,0.000128416
-1.040308e-07,0.000113498
-1.039308e-07,0.000100526
-1.038308e-07,8.88506e-05
-1.037308e-07,7.97699e-05
-1.036308e-07,7.26351e-05
-1.035308e-07,6.67975e-05
-1.034308e-07,6.29058e-05
-1.033308e-07,5.90141e-05
-1.032308e-07,5.44737e-05
-1.031308e-07,4.92848e-05
-1.030308e-07,4.27986e-05
-1.029308e-07,3.50151e-05
-1.028308e-07,2.6583e-05
-1.027308e-07,1.87996e-05
-1.026308e-07,1.23134e-05
-1.025308e-07,8.42168e-06
-1.024308e-07,9.0703e-06
-1.023308e-07,1.55565e-05
-1.022308e-07,2.78803e-05
-1.021308e-07,4.5393e-05
-1.020308e-07,6.74461e-05
-1.019308e-07,9.20937e-05
-1.018308e-07,0.00011739
-1.017308e-07,0.00014074
-1.016308e-07,0.000161496
-1.015308e-07,0.000177712
-1.014308e-07,0.000189387
-1.013308e-07,0.000196522
-1.012308e-07,0.000199116
-1.011308e-07,0.000197819
-1.010308e-07,0.000195224
-1.009308e-07,0.000190684
-1.008308e-07,0.000185495
-1.007308e-07,0.000179657
-1.006308e-07,0.000174468
-1.005308e-07,0.000169279
-1.004308e-07,0.000164739
-1.003308e-07,0.00015955
-1.002308e-07,0.000153713
-1.001308e-07,0.000146578
-1.000308e-07,0.000138794
-9.993084e-08,0.000129714
-9.983084e-08,0.000120633
-9.973084e-08,0.000111552
-9.963084e-08,0.000101823
-9.953084e-08,9.27423e-05
-9.943084e-08,8.49589e-05
-9.933084e-08,7.7824e-05
-9.923084e-08,7.19865e-05
-9.913084e-08,6.61489e-05
-9.903084e-08,6.22572e-05
-9.893084e-08,5.83654e-05
-9.883084e-08,5.70682e-05
-9.873084e-08,5.70682e-05
-9.863084e-08,5.96627e-05
-9.853084e-08,6.61489e-05
-9.843084e-08,7.52296e-05
-9.833084e-08,8.8202e-05
-9.823084e-08,0.00010312
-9.813084e-08,0.000120633
-9.803084e-08,0.000138146
-9.793084e-08,0.000155658
-9.783084e-08,0.000171225
-9.773084e-08,0.000184846
-9.763084e-08,0.000195873
-9.753084e-08,0.000204305
-9.743084e-08,0.00021144
-9.733084e-08,0.000217926
-9.723084e-08,0.000223764
-9.713084e-08,0.000231547
-9.703084e-08,0.000239979
-9.693084e-08,0.000251006
-9.683084e-08,0.000263329
-9.673084e-08,0.000277599
-9.663084e-08,0.000291869
-9.653084e-08,0.000304841
-9.643084e-08,0.000315219
-9.633084e-08,0.000323002
-9.623084e-08,0.000328191
-9.613084e-08,0.000329489
-9.603084e-08,0.000327543
-9.593084e-08,0.0003243
-9.583084e-08,0.000319111
-9.573084e-08,0.000312625
-9.563084e-08,0.000304841
-9.553084e-08,0.000296409
-9.543084e-08,0.000287328
-9.533084e-08,0.000275653
-9.523084e-08,0.000262032
-9.513084e-08,0.000245168
-9.503084e-08,0.000223764
-9.493084e-08,0.000197819
-9.483084e-08,0.000169279
-9.473084e-08,0.000138794
-9.463084e-08,0.000108309
-9.453084e-08,7.97699e-05
-9.443084e-08,5.51223e-05
-9.433084e-08,3.63124e-05
-9.423084e-08,2.33399e-05
-9.413084e-08,1.55565e-05
-9.403084e-08,1.36106e-05
-9.393084e-08,1.68537e-05
-9.383084e-08,2.33399e-05
-9.373084e-08,3.30692e-05
-9.363084e-08,4.47444e-05
-9.353084e-08,5.70682e-05
-9.343084e-08,7.06892e-05
-9.333084e-08,8.49589e-05
-9.323084e-08,0.000100526
-9.313084e-08,0.000116741
-9.303084e-08,0.000133605
-9.293084e-08,0.000151118
-9.283084e-08,0.000167982
-9.273084e-08,0.000183549
-9.263084e-08,0.000196522
-9.253084e-08,0.000204954
-9.243084e-08,0.000208845
-9.233084e-08,0.000207548
-9.223084e-08,0.000201062
-9.213084e-08,0.000190035
-9.203084e-08,0.000175766
-9.193084e-08,0.000160847
-9.183084e-08,0.000145929
-9.173084e-08,0.000132957
-9.163084e-08,0.000123876
-9.153084e-08,0.000118687
-9.143084e-08,0.000118687
-9.133084e-08,0.00012193
-9.123084e-08,0.000128416
-9.113084e-08,0.000136848
-9.103084e-08,0.000146578
-9.093084e-08,0.000155658
-9.083084e-08,0.000164091
-9.073084e-08,0.000171874
-9.063084e-08,0.000177712
-9.053084e-08,0.000182252
-9.043084e-08,0.000186792
-9.033084e-08,0.000191333
-9.023084e-08,0.000195224
-9.013084e-08,0.000199765
-9.003084e-08,0.000204305
-8.993084e-08,0.000208197
-8.983084e-08,0.000210791
-8.973084e-08,0.000210791
-8.963084e-08,0.000209494
-8.953084e-08,0.000204954
-8.943084e-08,0.000199116
-8.933084e-08,0.000190684
-8.923084e-08,0.000180306
-8.913084e-08,0.000169279
-8.903084e-08,0.000158902
-8.893084e-08,0.000147875
-8.883084e-08,0.000137497
-8.873084e-08,0.000127119
-8.863084e-08,0.00011739
-8.853084e-08,0.000107012
-8.843084e-08,9.72826e-05
-8.833084e-08,8.8202e-05
-8.823084e-08,7.84727e-05
-8.813084e-08,6.9392e-05
-8.803084e-08,6.16085e-05
-8.793084e-08,5.44737e-05
-8.783084e-08,4.99334e-05
-8.773084e-08,4.73389e-05
-8.763084e-08,4.73389e-05
-8.753084e-08,4.92848e-05
-8.743084e-08,5.25279e-05
-8.733084e-08,5.5771e-05
-8.723084e-08,5.83654e-05
-8.713084e-08,5.96627e-05
-8.703084e-08,5.83654e-05
-8.693084e-08,5.51223e-05
-8.683084e-08,5.0582e-05
-8.673084e-08,4.47444e-05
-8.663084e-08,3.95555e-05
-8.653084e-08,3.50151e-05
-8.643084e-08,3.37179e-05
-8.633084e-08,3.50151e-05
-8.623084e-08,3.95555e-05
-8.613084e-08,4.73389e-05
-8.603084e-08,5.77168e-05
-8.593084e-08,6.9392e-05
-8.583084e-08,8.10671e-05
-8.573084e-08,9.07964e-05
-8.563084e-08,9.6634e-05
-8.553084e-08,9.98771e-05
-8.543084e-08,9.98771e-05
-8.533084e-08,9.59854e-05
-8.523084e-08,8.94992e-05
-8.513084e-08,8.04185e-05
-8.503084e-08,7.06892e-05
-8.493084e-08,5.96627e-05
-8.483084e-08,4.92848e-05
-8.473084e-08,3.89068e-05
-8.463084e-08,2.91775e-05
-8.453084e-08,2.00968e-05
-8.443084e-08,1.16648e-05
-8.433084e-08,5.17858e-06
-8.423084e-08,-1.03779e-08
-8.413084e-08,-4.55072e-06
-8.403084e-08,-7.79382e-06
-8.393084e-08,-1.03883e-05
-8.383084e-08,-1.16855e-05
-8.373084e-08,-1.16855e-05
-8.363084e-08,-1.16855e-05
-8.353084e-08,-1.03883e-05
-8.343084e-08,-1.03883e-05
-8.333084e-08,-1.10369e-05
-8.323084e-08,-1.428e-05
-8.313084e-08,-2.07662e-05
-8.303084e-08,-2.91983e-05
-8.293084e-08,-4.08734e-05
-8.283084e-08,-5.44945e-05
-8.273084e-08,-6.94127e-05
-8.263084e-08,-8.56282e-05
-8.253084e-08,-0.000102492
-8.243084e-08,-0.000118059
-8.233084e-08,-0.000131032
-8.223084e-08,-0.000142058
-8.213084e-08,-0.00015049
-8.203084e-08,-0.000155679
-8.193084e-08,-0.000157625
-8.183084e-08,-0.000156328
-8.173084e-08,-0.000152436
-8.163084e-08,-0.00014595
-8.153084e-08,-0.000136869
-8.143084e-08,-0.000125843
-8.133084e-08,-0.000113519
-8.123084e-08,-9.92493e-05
-8.113084e-08,-8.36824e-05
-8.103084e-08,-6.68183e-05
-8.093084e-08,-4.99541e-05
-8.083084e-08,-3.309e-05
-8.073084e-08,-1.62259e-05
-8.063084e-08,-6.58998e-07
-8.053084e-08,1.36106e-05
-8.043084e-08,2.72317e-05
-8.033084e-08,3.95555e-05
-8.023084e-08,5.12306e-05
-8.013084e-08,6.22572e-05
-8.003084e-08,7.32837e-05
-7.993084e-08,8.56075e-05
-7.983084e-08,9.92285e-05
-7.973084e-08,0.000114795
-7.963084e-08,0.000132957
-7.953084e-08,0.000153064
-7.943084e-08,0.000175117
-7.933084e-08,0.000196522
-7.923084e-08,0.000216629
-7.913084e-08,0.00023479
-7.903084e-08,0.000251006
-7.893084e-08,0.000263978
-7.883084e-08,0.00027241
-7.873084e-08,0.000277599
-7.863084e-08,0.000278896
-7.853084e-08,0.00027695
-7.843084e-08,0.000271761
-7.833084e-08,0.000263978
-7.823084e-08,0.0002536
-7.813084e-08,0.000240628
-7.803084e-08,0.000225709
-7.793084e-08,0.000208197
-7.783084e-08,0.000188089
-7.773084e-08,0.000166685
-7.763084e-08,0.000144632
-7.753084e-08,0.000123227
-7.743084e-08,0.000102472
-7.733084e-08,8.36616e-05
-7.723084e-08,6.80947e-05
-7.713084e-08,5.64196e-05
-7.703084e-08,4.86361e-05
-7.693084e-08,4.47444e-05
-7.683084e-08,4.34472e-05
-7.673084e-08,4.47444e-05
-7.663084e-08,4.73389e-05
-7.653084e-08,5.0582e-05
-7.643084e-08,5.18792e-05
-7.633084e-08,5.18792e-05
-7.623084e-08,4.79875e-05
-7.613084e-08,4.15013e-05
-7.603084e-08,3.24206e-05
-7.593084e-08,2.20427e-05
-7.583084e-08,1.03675e-05
-7.573084e-08,-1.95624e-06
-7.563084e-08,-1.428e-05
-7.553084e-08,-2.46579e-05
-7.543084e-08,-3.24414e-05
-7.533084e-08,-3.69817e-05
-7.523084e-08,-3.89276e-05
-7.513084e-08,-3.56845e-05
-7.503084e-08,-2.91983e-05
-7.493084e-08,-1.81717e-05
-7.483084e-08,-3.9021e-06
-7.473084e-08,1.42593e-05
-7.463084e-08,3.50151e-05
-7.453084e-08,5.70682e-05
-7.443084e-08,7.97699e-05
-7.433084e-08,0.000102472
-7.423084e-08,0.000123227
-7.413084e-08,0.000141389
-7.403084e-08,0.000156307
-7.393084e-08,0.000167334
-7.383084e-08,0.00017382
-7.373084e-08,0.000175766
-7.363084e-08,0.00017382
-7.353084e-08,0.000169279
-7.343084e-08,0.000162145
-7.333084e-08,0.000152415
-7.323084e-08,0.000140092
-7.313084e-08,0.000127768
-7.303084e-08,0.000114795
-7.293084e-08,0.000101174
-7.283084e-08,8.8202e-05
-7.273084e-08,7.39323e-05
-7.263084e-08,5.90141e-05
-7.253084e-08,4.27986e-05
-7.243084e-08,2.59344e-05
-7.233084e-08,9.0703e-06
-7.223084e-08,-7.79382e-06
-7.213084e-08,-2.33607e-05
-7.203084e-08,-3.63331e-05
-7.193084e-08,-4.60624e-05
-7.183084e-08,-5.19e-05
-7.173084e-08,-5.38459e-05
-7.163084e-08,-5.12514e-05
-7.153084e-08,-4.60624e-05
-7.143084e-08,-3.76303e-05
-7.133084e-08,-2.85497e-05
-7.123084e-08,-2.01176e-05
-7.113084e-08,-1.16855e-05
-7.103084e-08,-6.49658e-06
-7.093084e-08,-4.55072e-06
-7.083084e-08,-6.49658e-06
-7.073084e-08,-9.73968e-06
-7.063084e-08,-1.428e-05
-7.053084e-08,-1.88204e-05
-7.043084e-08,-2.20635e-05
-7.033084e-08,-2.20635e-05
-7.023084e-08,-1.9469e-05
-7.013084e-08,-1.36314e-05
-7.003084e-08,-3.9021e-06
-6.993084e-08,8.42168e-06
-6.983084e-08,2.20427e-05
-6.973084e-08,3.56637e-05
-6.963084e-08,4.66903e-05
-6.953084e-08,5.51223e-05
-6.943084e-08,6.03113e-05
-6.933084e-08,6.09599e-05
-6.923084e-08,5.77168e-05
-6.913084e-08,5.12306e-05
-6.903084e-08,4.21499e-05
-6.893084e-08,3.04748e-05
-6.883084e-08,1.8151e-05
-6.873084e-08,6.47582e-06
-6.863084e-08,-3.9021e-06
-6.853084e-08,-1.16855e-05
-6.843084e-08,-1.75231e-05
-6.833084e-08,-2.07662e-05
-6.823084e-08,-2.14148e-05
-6.813084e-08,-1.9469e-05
-6.803084e-08,-1.55773e-05
-6.793084e-08,-9.73968e-06
-6.783084e-08,-3.25348e-06
-6.773084e-08,3.23272e-06
-6.763084e-08,1.10162e-05
-6.753084e-08,2.00968e-05
-6.743084e-08,2.85289e-05
-6.733084e-08,3.76096e-05
-6.723084e-08,4.66903e-05
-6.713084e-08,5.83654e-05
-6.703084e-08,7.19865e-05
-6.693084e-08,8.69047e-05
-6.683084e-08,0.000104417
-6.673084e-08,0.000123876
-6.663084e-08,0.000145281
-6.653084e-08,0.000167334
-6.643084e-08,0.000190035
-6.633084e-08,0.000213386
-6.623084e-08,0.000235439
-6.613084e-08,0.000256195
-6.603084e-08,0.000274356
-6.593084e-08,0.000289923
-6.583084e-08,0.000302247
-6.573084e-08,0.00031003
-6.563084e-08,0.000313273
-6.553084e-08,0.000312625
-6.543084e-08,0.000307436
-6.533084e-08,0.000297706
-6.523084e-08,0.000282788
-6.513084e-08,0.000263978
-6.503084e-08,0.000241276
-6.493084e-08,0.000214683
-6.483084e-08,0.000185495
-6.473084e-08,0.000155658
-6.463084e-08,0.000126471
-6.453084e-08,9.85799e-05
-6.443084e-08,7.26351e-05
-6.433084e-08,5.0582e-05
-6.423084e-08,3.37179e-05
-6.413084e-08,2.07455e-05
-6.403084e-08,1.23134e-05
-6.393084e-08,8.42168e-06
-6.383084e-08,8.42168e-06
-6.373084e-08,1.03675e-05
-6.363084e-08,1.36106e-05
-6.353084e-08,1.8151e-05
-6.343084e-08,2.33399e-05
-6.333084e-08,2.72317e-05
-6.323084e-08,3.04748e-05
-6.313084e-08,3.37179e-05
-6.303084e-08,3.6961e-05
-6.293084e-08,4.02041e-05
-6.283084e-08,4.40958e-05
-6.273084e-08,4.92848e-05
-6.263084e-08,5.5771e-05
-6.253084e-08,6.29058e-05
-6.243084e-08,7.00406e-05
-6.233084e-08,7.52296e-05
-6.223084e-08,7.91213e-05
-6.213084e-08,7.91213e-05
-6.203084e-08,7.45809e-05
-6.193084e-08,6.67975e-05
-6.183084e-08,5.51223e-05
-6.173084e-08,3.89068e-05
-6.163084e-08,2.07455e-05
-6.153084e-08,1.28686e-06
-6.143084e-08,-1.81717e-05
-6.133084e-08,-3.50359e-05
-6.123084e-08,-4.86569e-05
-6.113084e-08,-5.83862e-05
-6.103084e-08,-6.35752e-05
-6.093084e-08,-6.42238e-05
-6.083084e-08,-6.16293e-05
-6.073084e-08,-5.64403e-05
-6.063084e-08,-4.93055e-05
-6.053084e-08,-4.15221e-05
-6.043084e-08,-3.37386e-05
-6.033084e-08,-2.59552e-05
-6.023084e-08,-1.81717e-05
-6.013084e-08,-1.03883e-05
-6.003084e-08,-1.95624e-06
-5.993084e-08,7.77306e-06
-5.983084e-08,1.87996e-05
-5.973084e-08,3.04748e-05
-5.963084e-08,4.47444e-05
-5.953084e-08,6.03113e-05
-5.943084e-08,7.65268e-05
-5.933084e-08,9.27423e-05
-5.923084e-08,0.000106363
-5.913084e-08,0.000118038
-5.903084e-08,0.000125822
-5.893084e-08,0.000129714
-5.883084e-08,0.000130362
-5.873084e-08,0.000126471
-5.863084e-08,0.000119984
-5.853084e-08,0.000110904
-5.843084e-08,9.92285e-05
-5.833084e-08,8.75533e-05
-5.823084e-08,7.65268e-05
-5.813084e-08,6.61489e-05
-5.803084e-08,5.83654e-05
-5.793084e-08,5.31765e-05
-5.783084e-08,5.12306e-05
-5.773084e-08,5.12306e-05
-5.763084e-08,5.31765e-05
-5.753084e-08,5.64196e-05
-5.743084e-08,6.09599e-05
-5.733084e-08,6.55003e-05
-5.723084e-08,6.9392e-05
-5.713084e-08,7.26351e-05
-5.703084e-08,7.39323e-05
-5.693084e-08,7.45809e-05
-5.683084e-08,7.32837e-05
-5.673084e-08,7.13378e-05
-5.663084e-08,6.80947e-05
-5.653084e-08,6.35544e-05
-5.643084e-08,5.96627e-05
-5.633084e-08,5.64196e-05
-5.623084e-08,5.51223e-05
-5.613084e-08,5.51223e-05
-5.603084e-08,5.70682e-05
-5.593084e-08,6.09599e-05
-5.583084e-08,6.67975e-05
-5.573084e-08,7.45809e-05
-5.563084e-08,8.36616e-05
-5.553084e-08,9.40395e-05
-5.543084e-08,0.000106363
-5.533084e-08,0.000118687
-5.523084e-08,0.000130362
-5.513084e-08,0.000142686
-5.503084e-08,0.000153064
-5.493084e-08,0.000162793
-5.483084e-08,0.000169928
-5.473084e-08,0.000174468
-5.463084e-08,0.000175766
-5.453084e-08,0.000173171
-5.443084e-08,0.000167334
-5.433084e-08,0.000158902
-5.423084e-08,0.000147226
-5.413084e-08,0.000133605
-5.403084e-08,0.000118038
-5.393084e-08,0.000102472
-5.383084e-08,8.75533e-05
-5.373084e-08,7.39323e-05
-5.363084e-08,6.22572e-05
-5.353084e-08,5.44737e-05
-5.343084e-08,4.86361e-05
-5.333084e-08,4.5393e-05
-5.323084e-08,4.34472e-05
-5.313084e-08,4.21499e-05
-5.303084e-08,4.15013e-05
-5.293084e-08,4.02041e-05
-5.283084e-08,3.76096e-05
-5.273084e-08,3.37179e-05
-5.263084e-08,2.72317e-05
-5.253084e-08,1.87996e-05
-5.243084e-08,9.0703e-06
-5.233084e-08,-1.30762e-06
-5.223084e-08,-1.23342e-05
-5.213084e-08,-2.27121e-05
-5.203084e-08,-3.24414e-05
-5.193084e-08,-4.15221e-05
-5.183084e-08,-4.93055e-05
-5.173084e-08,-5.57917e-05
-5.163084e-08,-6.03321e-05
-5.153084e-08,-6.35752e-05
-5.143084e-08,-6.42238e-05
-5.133084e-08,-6.22779e-05
-5.123084e-08,-5.77376e-05
-5.113084e-08,-5.06027e-05
-5.103084e-08,-3.89276e-05
-5.093084e-08,-2.46579e-05
-5.083084e-08,-7.1452e-06
-5.073084e-08,1.16648e-05
-5.063084e-08,3.11234e-05
-5.053084e-08,4.99334e-05
-5.043084e-08,6.74461e-05
-5.033084e-08,8.17158e-05
-5.023084e-08,9.33909e-05
-5.013084e-08,9.98771e-05
-5.003084e-08,0.000102472
-4.993084e-08,0.000100526
-4.983084e-08,9.59854e-05
-4.973084e-08,8.8202e-05
-4.963084e-08,7.91213e-05
-4.953084e-08,7.00406e-05
-4.943084e-08,6.03113e-05
-4.933084e-08,5.12306e-05
-4.923084e-08,4.27986e-05
-4.913084e-08,3.56637e-05
-4.903084e-08,2.85289e-05
-4.893084e-08,2.20427e-05
-4.883084e-08,1.55565e-05
-4.873084e-08,9.71892e-06
-4.863084e-08,4.52996e-06
-4.853084e-08,6.38242e-07
-4.843084e-08,-2.60486e-06
-4.833084e-08,-2.60486e-06
-4.823084e-08,-6.58998e-07
-4.813084e-08,5.17858e-06
-4.803084e-08,1.42593e-05
-4.793084e-08,2.85289e-05
-4.783084e-08,4.73389e-05
-4.773084e-08,6.9392e-05
-4.763084e-08,9.46882e-05
-4.753084e-08,0.00012193
-4.743084e-08,0.000150469
-4.733084e-08,0.000179657
-4.723084e-08,0.000207548
-4.713084e-08,0.000233493
-4.703084e-08,0.000256843
-4.693084e-08,0.000277599
-4.683084e-08,0.000294463
-4.673084e-08,0.000306787
-4.663084e-08,0.00031457
-4.653084e-08,0.000315868
-4.643084e-08,0.000311327
-4.633084e-08,0.000300949
-4.623084e-08,0.000285382
-4.613084e-08,0.000264627
-4.603084e-08,0.00023933
-4.593084e-08,0.000212088
-4.583084e-08,0.000183549
-4.573084e-08,0.000155658
-4.563084e-08,0.000129065
-4.553084e-08,0.000105715
-4.543084e-08,8.69047e-05
-4.533084e-08,7.19865e-05
-4.523084e-08,6.22572e-05
-4.513084e-08,5.64196e-05
-4.503084e-08,5.64196e-05
-4.493084e-08,6.03113e-05
-4.483084e-08,6.67975e-05
-4.473084e-08,7.65268e-05
-4.463084e-08,8.75533e-05
-4.453084e-08,9.92285e-05
-4.443084e-08,0.000110255
-4.433084e-08,0.000120633
-4.423084e-08,0.000129065
-4.413084e-08,0.000135551
-4.403084e-08,0.000139443
-4.393084e-08,0.000140092
-4.383084e-08,0.000137497
-4.373084e-08,0.00013166
-4.363084e-08,0.00012193
-4.353084e-08,0.000110904
-4.343084e-08,9.92285e-05
-4.333084e-08,8.69047e-05
-4.323084e-08,7.52296e-05
-4.313084e-08,6.48516e-05
-4.303084e-08,5.64196e-05
-4.293084e-08,4.92848e-05
-4.283084e-08,4.40958e-05
-4.273084e-08,3.95555e-05
-4.263084e-08,3.50151e-05
-4.253084e-08,3.11234e-05
-4.243084e-08,2.72317e-05
-4.233084e-08,2.20427e-05
-4.223084e-08,1.68537e-05
-4.213084e-08,1.23134e-05
-4.203084e-08,8.42168e-06
-4.193084e-08,6.47582e-06
-4.183084e-08,6.47582e-06
-4.173084e-08,9.71892e-06
-4.163084e-08,1.55565e-05
-4.153084e-08,2.39886e-05
-4.143084e-08,3.37179e-05
-4.133084e-08,4.27986e-05
-4.123084e-08,5.0582e-05
-4.113084e-08,5.70682e-05
-4.103084e-08,6.09599e-05
-4.093084e-08,6.22572e-05
-4.083084e-08,5.96627e-05
-4.073084e-08,5.44737e-05
-4.063084e-08,4.5393e-05
-4.053084e-08,3.50151e-05
-4.043084e-08,2.33399e-05
-4.033084e-08,1.16648e-05
-4.023084e-08,-1.03779e-08
-4.013084e-08,-1.03883e-05
-4.003084e-08,-1.88204e-05
-3.993084e-08,-2.53066e-05
-3.983084e-08,-2.98469e-05
-3.973084e-08,-3.309e-05
-3.963084e-08,-3.37386e-05
-3.953084e-08,-3.24414e-05
-3.943084e-08,-2.85497e-05
-3.933084e-08,-2.33607e-05
-3.923084e-08,-1.68745e-05
-3.913084e-08,-1.03883e-05
-3.903084e-08,-4.55072e-06
-3.893084e-08,-1.03779e-08
-3.883084e-08,2.5841e-06
-3.873084e-08,3.23272e-06
-3.863084e-08,1.28686e-06
-3.853084e-08,-3.25348e-06
-3.843084e-08,-9.73968e-06
-3.833084e-08,-1.75231e-05
-3.823084e-08,-2.53066e-05
-3.813084e-08,-3.24414e-05
-3.803084e-08,-3.76303e-05
-3.793084e-08,-3.89276e-05
-3.783084e-08,-3.76303e-05
-3.773084e-08,-3.24414e-05
-3.763084e-08,-2.40093e-05
-3.753084e-08,-1.23342e-05
-3.743084e-08,1.28686e-06
-3.733084e-08,1.62051e-05
-3.723084e-08,3.04748e-05
-3.713084e-08,4.47444e-05
-3.703084e-08,5.83654e-05
-3.693084e-08,7.13378e-05
-3.683084e-08,8.23644e-05
-3.673084e-08,9.27423e-05
-3.663084e-08,0.000101823
-3.653084e-08,0.000109606
-3.643084e-08,0.000116741
-3.633084e-08,0.000121282
-3.623084e-08,0.000124525
-3.613084e-08,0.000125822
-3.603084e-08,0.000123876
-3.593084e-08,0.000120633
-3.583084e-08,0.000116093
-3.573084e-08,0.000110904
-3.563084e-08,0.000105715
-3.553084e-08,0.000102472
-3.543084e-08,0.000101174
-3.533084e-08,0.00010312
-3.523084e-08,0.000107012
-3.513084e-08,0.000114147
-3.503084e-08,0.00012193
-3.493084e-08,0.000130362
-3.483084e-08,0.000137497
-3.473084e-08,0.000142686
-3.463084e-08,0.000144632
-3.453084e-08,0.000142686
-3.443084e-08,0.0001362
-3.433084e-08,0.000127119
-3.423084e-08,0.000116093
-3.413084e-08,0.000105715
-3.403084e-08,9.59854e-05
-3.393084e-08,8.75533e-05
-3.383084e-08,8.17158e-05
-3.373084e-08,7.7824e-05
-3.363084e-08,7.71754e-05
-3.353084e-08,7.91213e-05
-3.343084e-08,8.23644e-05
-3.333084e-08,8.62561e-05
-3.323084e-08,8.94992e-05
-3.313084e-08,9.14451e-05
-3.303084e-08,9.27423e-05
-3.293084e-08,9.27423e-05
-3.283084e-08,9.20937e-05
-3.273084e-08,9.01478e-05
-3.263084e-08,8.8202e-05
-3.253084e-08,8.56075e-05
-3.243084e-08,8.3013e-05
-3.233084e-08,8.10671e-05
-3.223084e-08,7.7824e-05
-3.213084e-08,7.39323e-05
-3.203084e-08,6.87434e-05
-3.193084e-08,6.35544e-05
-3.183084e-08,5.70682e-05
-3.173084e-08,5.0582e-05
-3.163084e-08,4.47444e-05
-3.153084e-08,3.95555e-05
-3.143084e-08,3.56637e-05
-3.133084e-08,3.24206e-05
-3.123084e-08,3.11234e-05
-3.113084e-08,3.30692e-05
-3.103084e-08,3.82582e-05
-3.093084e-08,4.5393e-05
-3.083084e-08,5.44737e-05
-3.073084e-08,6.4203e-05
-3.063084e-08,7.39323e-05
-3.053084e-08,8.3013e-05
-3.043084e-08,9.07964e-05
-3.033084e-08,9.72826e-05
-3.023084e-08,0.000101823
-3.013084e-08,0.000104417
-3.003084e-08,0.000105066
-2.993084e-08,0.000104417
-2.983084e-08,0.000101823
-2.973084e-08,9.85799e-05
-2.963084e-08,9.33909e-05
-2.953084e-08,8.62561e-05
-2.943084e-08,7.84727e-05
-2.933084e-08,6.80947e-05
-2.923084e-08,5.5771e-05
-2.913084e-08,4.21499e-05
-2.903084e-08,2.72317e-05
-2.893084e-08,1.16648e-05
-2.883084e-08,-4.55072e-06
-2.873084e-08,-1.88204e-05
-2.863084e-08,-3.04955e-05
-2.853084e-08,-3.95762e-05
-2.843084e-08,-4.47652e-05
-2.833084e-08,-4.6711e-05
-2.823084e-08,-4.41165e-05
-2.813084e-08,-3.95762e-05
-2.803084e-08,-3.309e-05
-2.793084e-08,-2.46579e-05
-2.783084e-08,-1.62259e-05
-2.773084e-08,-9.09106e-06
-2.763084e-08,-3.25348e-06
-2.753084e-08,1.28686e-06
-2.743084e-08,4.52996e-06
-2.733084e-08,6.47582e-06
-2.723084e-08,7.77306e-06
-2.713084e-08,9.71892e-06
-2.703084e-08,1.16648e-05
-2.693084e-08,1.36106e-05
-2.683084e-08,1.68537e-05
-2.673084e-08,2.00968e-05
-2.663084e-08,2.46372e-05
-2.653084e-08,2.78803e-05
-2.643084e-08,3.11234e-05
-2.633084e-08,3.43665e-05
-2.623084e-08,3.63124e-05
-2.613084e-08,3.89068e-05
-2.603084e-08,4.21499e-05
-2.593084e-08,4.60417e-05
-2.583084e-08,5.12306e-05
-2.573084e-08,5.70682e-05
-2.563084e-08,6.4203e-05
-2.553084e-08,7.13378e-05
-2.543084e-08,7.84727e-05
-2.533084e-08,8.36616e-05
-2.523084e-08,8.62561e-05
-2.513084e-08,8.69047e-05
-2.503084e-08,8.49589e-05
-2.493084e-08,7.97699e-05
-2.483084e-08,7.19865e-05
-2.473084e-08,6.35544e-05
-2.463084e-08,5.44737e-05
-2.453084e-08,4.60417e-05
-2.443084e-08,3.82582e-05
-2.433084e-08,3.24206e-05
-2.423084e-08,2.85289e-05
-2.413084e-08,2.72317e-05
-2.403084e-08,2.91775e-05
-2.393084e-08,3.30692e-05
-2.383084e-08,3.82582e-05
-2.373084e-08,4.5393e-05
-2.363084e-08,5.44737e-05
-2.353084e-08,6.55003e-05
-2.343084e-08,7.84727e-05
-2.333084e-08,9.33909e-05
-2.323084e-08,0.000109606
-2.313084e-08,0.000127768
-2.303084e-08,0.000147226
-2.293084e-08,0.000166685
-2.283084e-08,0.000185495
-2.273084e-08,0.000203656
-2.263084e-08,0.000218575
-2.253084e-08,0.000228953
-2.243084e-08,0.00023479
-2.233084e-08,0.00023479
-2.223084e-08,0.000228953
-2.213084e-08,0.000218575
-2.203084e-08,0.000204305
-2.193084e-08,0.000186792
-2.183084e-08,0.000166036
-2.173084e-08,0.000143335
-2.163084e-08,0.000119336
-2.153084e-08,9.40395e-05
-2.143084e-08,6.80947e-05
-2.133084e-08,4.15013e-05
-2.123084e-08,1.42593e-05
-2.113084e-08,-1.16855e-05
-2.103084e-08,-3.69817e-05
-2.093084e-08,-5.96834e-05
-2.083084e-08,-7.84934e-05
-2.073084e-08,-9.34117e-05
-2.063084e-08,-0.000103141
-2.053084e-08,-0.000107033
-2.043084e-08,-0.000104438
-2.033084e-08,-9.66548e-05
-2.023084e-08,-8.4331e-05
-2.013084e-08,-7.00614e-05
-2.003084e-08,-5.44945e-05
-1.993084e-08,-3.95762e-05
-1.983084e-08,-2.66038e-05
-1.973084e-08,-1.62259e-05
-1.963084e-08,-9.09106e-06
-1.953084e-08,-3.9021e-06
-1.943084e-08,-6.58998e-07
-1.933084e-08,1.28686e-06
-1.923084e-08,2.5841e-06
-1.913084e-08,4.52996e-06
-1.903084e-08,8.42168e-06
-1.893084e-08,1.2962e-05
-1.883084e-08,1.87996e-05
-1.873084e-08,2.46372e-05
-1.863084e-08,3.04748e-05
-1.853084e-08,3.63124e-05
-1.843084e-08,4.21499e-05
-1.833084e-08,4.66903e-05
-1.823084e-08,5.0582e-05
-1.813084e-08,5.51223e-05
-1.803084e-08,5.96627e-05
-1.793084e-08,6.61489e-05
-1.783084e-08,7.32837e-05
-1.773084e-08,8.10671e-05
-1.763084e-08,8.75533e-05
-1.753084e-08,9.40395e-05
-1.743084e-08,9.85799e-05
-1.733084e-08,0.000101174
-1.723084e-08,9.98771e-05
-1.713084e-08,9.72826e-05
-1.703084e-08,9.14451e-05
-1.693084e-08,8.43102e-05
-1.683084e-08,7.65268e-05
-1.673084e-08,6.9392e-05
-1.663084e-08,6.29058e-05
-1.653084e-08,5.90141e-05
-1.643084e-08,5.64196e-05
-1.633084e-08,5.51223e-05
-1.623084e-08,5.44737e-05
-1.613084e-08,5.31765e-05
-1.603084e-08,5.0582e-05
-1.593084e-08,4.60417e-05
-1.583084e-08,3.89068e-05
-1.573084e-08,2.85289e-05
-1.563084e-08,1.55565e-05
-1.553084e-08,6.38242e-07
-1.543084e-08,-1.36314e-05
-1.533084e-08,-2.7901e-05
-1.523084e-08,-4.08734e-05
-1.513084e-08,-5.06027e-05
-1.503084e-08,-5.77376e-05
-1.493084e-08,-6.16293e-05
-1.483084e-08,-6.29265e-05
-1.473084e-08,-6.22779e-05
-1.463084e-08,-5.90348e-05
-1.453084e-08,-5.38459e-05
-1.443084e-08,-4.86569e-05
-1.433084e-08,-4.21707e-05
-1.423084e-08,-3.43872e-05
-1.413084e-08,-2.46579e-05
-1.403084e-08,-1.16855e-05
-1.393084e-08,3.88134e-06
-1.383084e-08,2.26913e-05
-1.373084e-08,4.34472e-05
-1.363084e-08,6.4203e-05
-1.353084e-08,8.43102e-05
-1.343084e-08,0.000100526
-1.333084e-08,0.000111552
-1.323084e-08,0.000114147
-1.313084e-08,0.000108958
-1.303084e-08,9.46882e-05
-1.293084e-08,7.32837e-05
-1.283084e-08,4.5393e-05
-1.273084e-08,1.42593e-05
-1.263084e-08,-1.62259e-05
-1.253084e-08,-4.34679e-05
-1.243084e-08,-6.48724e-05
-1.233084e-08,-7.9142e-05
-1.223084e-08,-8.56282e-05
-1.213084e-08,-8.36824e-05
-1.203084e-08,-7.52503e-05
-1.193084e-08,-6.22779e-05
-1.183084e-08,-4.54138e-05
-1.173084e-08,-2.7901e-05
-1.163084e-08,-1.03883e-05
-1.153084e-08,4.52996e-06
-1.143084e-08,1.68537e-05
-1.133084e-08,2.59344e-05
-1.123084e-08,3.1772e-05
-1.113084e-08,3.50151e-05
-1.103084e-08,3.56637e-05
-1.093084e-08,3.43665e-05
-1.083084e-08,3.11234e-05
-1.073084e-08,2.72317e-05
-1.063084e-08,2.13941e-05
-1.053084e-08,1.55565e-05
-1.043084e-08,9.0703e-06
-1.033084e-08,4.52996e-06
-1.023084e-08,6.38242e-07
-1.013084e-08,-1.03779e-08
-1.003084e-08,2.5841e-06
-9.930843e-09,9.0703e-06
-9.830843e-09,1.87996e-05
-9.730843e-09,3.04748e-05
-9.630843e-09,4.27986e-05
-9.530843e-09,5.51223e-05
-9.430843e-09,6.55003e-05
-9.330843e-09,7.32837e-05
-9.230843e-09,7.58782e-05
-9.130843e-09,7.45809e-05
-9.030843e-09,6.87434e-05
-8.930843e-09,5.96627e-05
-8.830843e-09,4.92848e-05
-8.730843e-09,3.95555e-05
-8.630843e-09,3.1772e-05
-8.530843e-09,2.85289e-05
-8.430843e-09,2.98261e-05
-8.330843e-09,3.63124e-05
-8.230843e-09,4.73389e-05
-8.130843e-09,6.09599e-05
-8.030843e-09,7.58782e-05
-7.930843e-09,9.01478e-05
-7.830843e-09,0.00010312
-7.730843e-09,0.00011285
-7.630843e-09,0.00011739
-7.530843e-09,0.000118687
-7.430843e-09,0.000114795
-7.330843e-09,0.000107661
-7.230843e-09,9.72826e-05
-7.130843e-09,8.43102e-05
-7.030843e-09,7.06892e-05
-6.930843e-09,5.5771e-05
-6.830843e-09,4.08527e-05
-6.730843e-09,2.46372e-05
-6.630843e-09,9.0703e-06
-6.530843e-09,-6.49658e-06
-6.430843e-09,-2.27121e-05
-6.330843e-09,-3.76303e-05
-6.230843e-09,-5.12514e-05
-6.130843e-09,-6.16293e-05
-6.030843e-09,-6.94127e-05
-5.930843e-09,-7.20072e-05
-5.830843e-09,-7.071e-05
-5.730843e-09,-6.48724e-05
-5.630843e-09,-5.44945e-05
-5.530843e-09,-4.08734e-05
-5.430843e-09,-2.46579e-05
-5.330843e-09,-7.1452e-06
-5.230843e-09,9.71892e-06
-5.130843e-09,2.6583e-05
-5.030843e-09,4.21499e-05
-4.930843e-09,5.5771e-05
-4.830843e-09,6.80947e-05
-4.730843e-09,7.91213e-05
-4.630843e-09,9.01478e-05
-4.530843e-09,0.000101174
-4.430843e-09,0.000112201
-4.330843e-09,0.000122579
-4.230843e-09,0.00013166
-4.130843e-09,0.000138794
-4.030843e-09,0.000141389
-3.930843e-09,0.000138794
-3.830843e-09,0.000130362
-3.730843e-09,0.000116741
-3.630843e-09,9.85799e-05
-3.530843e-09,7.71754e-05
-3.430843e-09,5.51223e-05
-3.330843e-09,3.37179e-05
-3.230843e-09,1.55565e-05
-3.130843e-09,1.93548e-06
-3.030843e-09,-6.49658e-06
-2.930843e-09,-1.10369e-05
-2.830843e-09,-1.16855e-05
-2.730843e-09,-1.03883e-05
-2.630843e-09,-8.44244e-06
-2.530843e-09,-9.09106e-06
-2.430843e-09,-1.29828e-05
-2.330843e-09,-2.33607e-05
-2.230843e-09,-3.95762e-05
-2.130843e-09,-6.22779e-05
-2.030843e-09,-9.08172e-05
-1.930843e-09,-0.000124545
-1.830843e-09,-0.000161517
-1.730843e-09,-0.00020238
-1.630843e-09,-0.000247135
-1.530843e-09,-0.000295133
-1.430843e-09,-0.000347022
-1.330843e-09,-0.000404101
-1.230843e-09,-0.000467666
-1.130843e-09,-0.000538365
-1.030843e-09,-0.000617497
-9.308426e-10,-0.000705709
-8.308426e-10,-0.000804299
-7.308426e-10,-0.000912619
-6.308426e-10,-0.00103261
-5.308426e-10,-0.00116363
-4.308426e-10,-0.00130633
-3.308426e-10,-0.00146005
-2.308426e-10,-0.00162675
-1.308426e-10,-0.00180577
-3.084261e-11,-0.00199776
6.915739e-11,-0.00220208
1.691574e-10,-0.00241742
2.691574e-10,-0.00264249
3.691574e-10,-0.00287599
4.691574e-10,-0.00311533
5.691574e-10,-0.00335857
6.691574e-10,-0.0036031
7.691574e-10,-0.00384763
8.691574e-10,-0.00409021
9.691574e-10,-0.00432955
1.069157e-09,-0.004565
1.169157e-09,-0.00479785
1.269157e-09,-0.00502552
1.369157e-09,-0.00524929
1.469157e-09,-0.00546788
1.569157e-09,-0.00567933
1.669157e-09,-0.0058817
1.769157e-09,-0.00607369
1.869157e-09,-0.00625206
1.969157e-09,-0.00641357
2.069157e-09,-0.00655626
2.169157e-09,-0.0066782
2.269157e-09,-0.00677939
2.369157e-09,-0.00685982
2.469157e-09,-0.00692144
2.569157e-09,-0.00696554
2.669157e-09,-0.00699473
2.769157e-09,-0.00701224
2.869157e-09,-0.00702003
2.969157e-09,-0.00702003
3.069157e-09,-0.00701354
3.169157e-09,-0.00700186
3.269157e-09,-0.00698435
3.369157e-09,-0.00696035
3.469157e-09,-0.00692987
3.569157e-09,-0.0068929
3.669157e-09,-0.00685074
3.769157e-09,-0.00680274
3.869157e-09,-0.0067489
3.969157e-09,-0.00668923
4.069157e-09,-0.00662372
4.169157e-09,-0.00655237
4.269157e-09,-0.00647519
4.369157e-09,-0.00639216
4.469157e-09,-0.006302
4.569157e-09,-0.00620536
4.669157e-09,-0.00610288
4.769157e-09,-0.00599456
4.869157e-09,-0.00588235
4.969157e-09,-0.00576949
5.069157e-09,-0.00565857
5.169157e-09,-0.0055522
5.269157e-09,-0.00545361
5.369157e-09,-0.0053628
5.469157e-09,-0.00528302
5.569157e-09,-0.00521297
5.669157e-09,-0.00515265
5.769157e-09,-0.00510011
5.869157e-09,-0.00505276
5.969157e-09,-0.00500671
6.069157e-09,-0.00496066
6.169157e-09,-0.00491201
6.269157e-09,-0.00486012
6.369157e-09,-0.00480304
6.469157e-09,-0.00474142
6.569157e-09,-0.00467591
6.669157e-09,-0.00460781
6.769157e-09,-0.00453711
6.869157e-09,-0.00446511
6.969157e-09,-0.00439182
7.069157e-09,-0.00431787
7.169157e-09,-0.00424263
7.269157e-09,-0.00416545
7.369157e-09,-0.00408697
7.469157e-09,-0.00400589
7.569157e-09,-0.00392157
7.669157e-09,-0.0038353
7.769157e-09,-0.00374644
7.869157e-09,-0.00365498
7.969157e-09,-0.00356158
8.069157e-09,-0.00346689
8.169157e-09,-0.00337089
8.269157e-09,-0.00327424
8.369157e-09,-0.00317695
8.469157e-09,-0.00307901
8.569157e-09,-0.00298107
8.669157e-09,-0.00288378
8.769157e-09,-0.00278648
8.869157e-09,-0.00268984
8.969157e-09,-0.00259709
9.069157e-09,-0.00250758
9.169157e-09,-0.00242261
9.269157e-09,-0.00234412
9.369157e-09,-0.00227148
9.469157e-09,-0.00220662
9.569157e-09,-0.00214889
9.669157e-09,-0.00209765
9.769157e-09,-0.00205224
9.869157e-09,-0.00201138
9.969157e-09,-0.00197311
1.006916e-08,-0.00193744
1.016916e-08,-0.00190306
1.026916e-08,-0.00187063
1.036916e-08,-0.00184079
1.046916e-08,-0.0018129
1.056916e-08,-0.0017889
1.066916e-08,-0.00176815
1.076916e-08,-0.00175128
1.086916e-08,-0.00173637
1.096916e-08,-0.00172404
1.106916e-08,-0.00171302
1.116916e-08,-0.00170134
1.126916e-08,-0.00168772
1.136916e-08,-0.0016728
1.146916e-08,-0.00165529
1.156916e-08,-0.00163713
1.166916e-08,-0.00161961
1.176916e-08,-0.00160535
1.186916e-08,-0.00159691
1.196916e-08,-0.00159497
1.206916e-08,-0.0016008
1.216916e-08,-0.00161443
1.226916e-08,-0.00163518
1.236916e-08,-0.00166048
1.246916e-08,-0.00168772
1.256916e-08,-0.00171496
1.266916e-08,-0.00173896
1.276916e-08,-0.00175712
1.286916e-08,-0.0017675
1.296916e-08,-0.00177074
1.306916e-08,-0.0017675
1.316916e-08,-0.00175972
1.326916e-08,-0.00174869
1.336916e-08,-0.00173637
1.346916e-08,-0.00172534
1.356916e-08,-0.00171496
1.366916e-08,-0.00170653
1.376916e-08,-0.00170004
1.386916e-08,-0.00169291
1.396916e-08,-0.00168318
1.406916e-08,-0.00167086
1.416916e-08,-0.00165464
1.426916e-08,-0.00163453
1.436916e-08,-0.00161118
1.446916e-08,-0.00158524
1.456916e-08,-0.0015567
1.466916e-08,-0.00152751
1.476916e-08,-0.00149767
1.486916e-08,-0.00146849
1.496916e-08,-0.0014393
1.506916e-08,-0.00140946
1.516916e-08,-0.00137898
1.526916e-08,-0.00134525
1.536916e-08,-0.00130893
1.546916e-08,-0.00127131
1.556916e-08,-0.00123239
1.566916e-08,-0.00119347
1.576916e-08,-0.0011565
1.586916e-08,-0.00112407
1.596916e-08,-0.00109618
1.606916e-08,-0.00107542
1.616916e-08,-0.0010631
1.626916e-08,-0.00105791
1.636916e-08,-0.00105856
1.646916e-08,-0.0010631
1.656916e-08,-0.00106959
1.666916e-08,-0.00107542
1.676916e-08,-0.00107867
1.686916e-08,-0.00107931
1.696916e-08,-0.00107542
1.706916e-08,-0.00106894
1.716916e-08,-0.0010605
1.726916e-08,-0.00105078
1.736916e-08,-0.00104169
1.746916e-08,-0.00103391
1.756916e-08,-0.00102807
1.766916e-08,-0.00102353
1.776916e-08,-0.00101899
1.786916e-08,-0.00101316
1.796916e-08,-0.00100537
1.806916e-08,-0.000993696
1.816916e-08,-0.000977481
1.826916e-08,-0.000956725
1.836916e-08,-0.000931429
1.846916e-08,-0.000904187
1.856916e-08,-0.000876296
1.866916e-08,-0.000850351
1.876916e-08,-0.00082765
1.886916e-08,-0.00080884
1.896916e-08,-0.000795219
1.906916e-08,-0.000785489
1.916916e-08,-0.000779003
1.926916e-08,-0.000774463
1.936916e-08,-0.000770571
1.946916e-08,-0.000765382
1.956916e-08,-0.000760193
1.966916e-08,-0.000753707
1.976916e-08,-0.000746572
1.986916e-08,-0.000739437
1.996916e-08,-0.0007336
2.006916e-08,-0.000729059
2.016916e-08,-0.000725816
2.026916e-08,-0.00072387
2.036916e-08,-0.000723222
2.046916e-08,-0.000721276
2.056916e-08,-0.000717384
2.066916e-08,-0.000710249
2.076916e-08,-0.000699872
2.086916e-08,-0.000685602
2.096916e-08,-0.000668738
2.106916e-08,-0.000651225
2.116916e-08,-0.000633712
2.126916e-08,-0.000618145
2.136916e-08,-0.000605822
2.146916e-08,-0.000596741
2.156916e-08,-0.000590903
2.166916e-08,-0.000587012
2.176916e-08,-0.00058312
2.186916e-08,-0.000579228
2.196916e-08,-0.000572742
2.206916e-08,-0.000563661
2.216916e-08,-0.000551338
2.226916e-08,-0.000536419
2.236916e-08,-0.000520204
2.246916e-08,-0.000503988
2.256916e-08,-0.00048907
2.266916e-08,-0.000476746
2.276916e-08,-0.000467666
2.286916e-08,-0.000462477
2.296916e-08,-0.000460531
2.306916e-08,-0.000461179
2.316916e-08,-0.000463125
2.326916e-08,-0.000464422
2.336916e-08,-0.000463774
2.346916e-08,-0.000461179
2.356916e-08,-0.000457936
2.366916e-08,-0.000454693
2.376916e-08,-0.000452747
2.386916e-08,-0.000454693
2.396916e-08,-0.000461179
2.406916e-08,-0.000472854
2.416916e-08,-0.000490367
2.426916e-08,-0.000513718
2.436916e-08,-0.000541608
2.446916e-08,-0.000571445
2.456916e-08,-0.000601281
2.466916e-08,-0.000628523
2.476916e-08,-0.000651874
2.486916e-08,-0.000669386
2.496916e-08,-0.000682359
2.506916e-08,-0.000690142
2.516916e-08,-0.000693385
2.526916e-08,-0.000693385
2.536916e-08,-0.000692088
2.546916e-08,-0.000691439
2.556916e-08,-0.000691439
2.566916e-08,-0.000692737
2.576916e-08,-0.000695331
2.586916e-08,-0.000697926
2.596916e-08,-0.000699872
2.606916e-08,-0.000701169
2.616916e-08,-0.000703115
2.626916e-08,-0.000704412
2.636916e-08,-0.000705709
2.646916e-08,-0.000707655
2.656916e-08,-0.000711547
2.666916e-08,-0.000717384
2.676916e-08,-0.000725168
2.686916e-08,-0.0007336
2.696916e-08,-0.00074268
2.706916e-08,-0.000751113
2.716916e-08,-0.000756301
2.726916e-08,-0.000755653
2.736916e-08,-0.000749815
2.746916e-08,-0.000737491
2.756916e-08,-0.000718682
2.766916e-08,-0.000694683
2.776916e-08,-0.000666143
2.786916e-08,-0.000636307
2.796916e-08,-0.00060647
2.806916e-08,-0.000577931
2.816916e-08,-0.000551338
2.826916e-08,-0.00052669
2.836916e-08,-0.000504637
2.846916e-08,-0.000482584
2.856916e-08,-0.000461179
2.866916e-08,-0.000439775
2.876916e-08,-0.00041837
2.886916e-08,-0.000395669
2.896916e-08,-0.000372967
2.906916e-08,-0.000350914
2.916916e-08,-0.000330158
2.926916e-08,-0.000312645
2.936916e-08,-0.000299024
2.946916e-08,-0.000289944
2.956916e-08,-0.000285403
2.966916e-08,-0.000284755
2.976916e-08,-0.0002867
2.986916e-08,-0.000289944
2.996916e-08,-0.000293835
3.006916e-08,-0.000297727
3.016916e-08,-0.000299673
3.026916e-08,-0.00030097
3.036916e-08,-0.000299673
3.046916e-08,-0.00029643
3.056916e-08,-0.000291889
3.066916e-08,-0.000285403
3.076916e-08,-0.00027762
3.086916e-08,-0.000267891
3.096916e-08,-0.000256215
3.106916e-08,-0.000242594
3.116916e-08,-0.000227027
3.126916e-08,-0.000209515
3.136916e-08,-0.000190056
3.146916e-08,-0.000169949
3.156916e-08,-0.000151139
3.166916e-08,-0.000134275
3.176916e-08,-0.0001226
3.186916e-08,-0.000117411
3.196916e-08,-0.000118059
3.206916e-08,-0.000125843
3.216916e-08,-0.000138815
3.226916e-08,-0.000155679
3.236916e-08,-0.000175138
3.246916e-08,-0.000193948
3.256916e-08,-0.000210163
3.266916e-08,-0.000222487
3.276916e-08,-0.000230271
3.286916e-08,-0.000232216
3.296916e-08,-0.000228973
3.306916e-08,-0.000222487
3.316916e-08,-0.000214704
3.326916e-08,-0.00020692
3.336916e-08,-0.000201731
3.346916e-08,-0.000199785
3.356916e-08,-0.000201731
3.366916e-08,-0.000206272
3.376916e-08,-0.000212758
3.386916e-08,-0.000220541
3.396916e-08,-0.000226379
3.406916e-08,-0.000229622
3.416916e-08,-0.000230271
3.426916e-08,-0.000229622
3.436916e-08,-0.000227027
3.446916e-08,-0.00022573
3.456916e-08,-0.00022573
3.466916e-08,-0.000230919
3.476916e-08,-0.000241297
3.486916e-08,-0.000257513
3.496916e-08,-0.000278917
3.506916e-08,-0.000303565
3.516916e-08,-0.000330807
3.526916e-08,-0.000356751
3.536916e-08,-0.00038075
3.546916e-08,-0.000400858
3.556916e-08,-0.000417722
3.566916e-08,-0.000430694
3.576916e-08,-0.000442369
3.586916e-08,-0.000454044
3.596916e-08,-0.000466368
3.606916e-08,-0.000482584
3.616916e-08,-0.000502042
3.626916e-08,-0.000524744
3.636916e-08,-0.000548094
3.646916e-08,-0.000569499
3.656916e-08,-0.000587012
3.666916e-08,-0.000598687
3.676916e-08,-0.000603227
3.686916e-08,-0.000599335
3.696916e-08,-0.000588309
3.706916e-08,-0.000570147
3.716916e-08,-0.000549392
3.726916e-08,-0.00052669
3.736916e-08,-0.000505285
3.746916e-08,-0.000487124
3.756916e-08,-0.000472206
3.766916e-08,-0.000461828
3.776916e-08,-0.000454044
3.786916e-08,-0.00044691
3.796916e-08,-0.00043718
3.806916e-08,-0.000422911
3.816916e-08,-0.000402803
3.826916e-08,-0.000375561
3.836916e-08,-0.00034313
3.846916e-08,-0.00030551
3.856916e-08,-0.000266593
3.866916e-08,-0.000227676
3.876916e-08,-0.000190705
3.886916e-08,-0.000158274
3.896916e-08,-0.000131032
3.906916e-08,-0.000109627
3.916916e-08,-9.34117e-05
3.926916e-08,-8.17365e-05
3.936916e-08,-7.26558e-05
3.946916e-08,-6.5521e-05
3.956916e-08,-5.77376e-05
3.966916e-08,-4.86569e-05
3.976916e-08,-3.76303e-05
3.986916e-08,-2.53066e-05
3.996916e-08,-1.10369e-05
4.006916e-08,3.88134e-06
4.016916e-08,1.87996e-05
4.026916e-08,3.30692e-05
4.036916e-08,4.66903e-05
4.046916e-08,5.96627e-05
4.056916e-08,7.00406e-05
4.066916e-08,7.7824e-05
4.076916e-08,8.23644e-05
4.086916e-08,8.23644e-05
4.096916e-08,7.7824e-05
4.106916e-08,6.67975e-05
4.116916e-08,4.92848e-05
4.126916e-08,2.59344e-05
4.136916e-08,-3.25348e-06
4.146916e-08,-3.69817e-05
4.156916e-08,-7.33045e-05
4.166916e-08,-0.000108979
4.176916e-08,-0.000142707
4.186916e-08,-0.000171895
4.196916e-08,-0.000195245
4.206916e-08,-0.000210812
4.216916e-08,-0.000219893
4.226916e-08,-0.000223784
4.236916e-08,-0.000223784
4.246916e-08,-0.000223136
4.256916e-08,-0.000225082
4.266916e-08,-0.000230271
4.276916e-08,-0.00024
4.286916e-08,-0.000254269
4.296916e-08,-0.000273079
4.306916e-08,-0.000295133
4.316916e-08,-0.000317834
4.326916e-08,-0.00033859
4.336916e-08,-0.000356103
4.346916e-08,-0.000368427
4.356916e-08,-0.000374913
4.366916e-08,-0.000374913
4.376916e-08,-0.000370372
4.386916e-08,-0.000362589
4.396916e-08,-0.00035286
4.406916e-08,-0.00034313
4.416916e-08,-0.000333401
4.426916e-08,-0.000324969
4.436916e-08,-0.000318483
4.446916e-08,-0.000313294
4.456916e-08,-0.000308754
4.466916e-08,-0.000304213
4.476916e-08,-0.000298376
4.486916e-08,-0.000292538
4.496916e-08,-0.000284755
4.506916e-08,-0.000276323
4.516916e-08,-0.000267242
4.526916e-08,-0.000257513
4.536916e-08,-0.000247783
4.546916e-08,-0.000238703
4.556916e-08,-0.000231568
4.566916e-08,-0.000225082
4.576916e-08,-0.000219893
4.586916e-08,-0.000217298
4.596916e-08,-0.000215352
4.606916e-08,-0.000216001
4.616916e-08,-0.000219244
4.626916e-08,-0.00022573
4.636916e-08,-0.000234811
4.646916e-08,-0.000246486
4.656916e-08,-0.000259458
4.666916e-08,-0.000274377
4.676916e-08,-0.000289295
4.686916e-08,-0.000302916
4.696916e-08,-0.000313294
4.706916e-08,-0.000319131
4.716916e-08,-0.000319131
4.726916e-08,-0.000312645
4.736916e-08,-0.000299024
4.746916e-08,-0.000278917
4.756916e-08,-0.000254269
4.766916e-08,-0.000226379
4.776916e-08,-0.000196542
4.786916e-08,-0.000168652
4.796916e-08,-0.000144653
4.806916e-08,-0.000125194
4.816916e-08,-0.000111573
4.826916e-08,-0.00010379
4.836916e-08,-0.000101195
4.846916e-08,-0.000103141
4.856916e-08,-0.00010833
4.866916e-08,-0.000116113
4.876916e-08,-0.000125843
4.886916e-08,-0.000134923
4.896916e-08,-0.000144653
4.906916e-08,-0.000155031
4.916916e-08,-0.000166706
4.926916e-08,-0.00017903
4.936916e-08,-0.000193299
4.946916e-08,-0.000209515
4.956916e-08,-0.000226379
4.966916e-08,-0.000243243
4.976916e-08,-0.000257513
4.986916e-08,-0.000269188
4.996916e-08,-0.000276323
5.006916e-08,-0.000278268
5.016916e-08,-0.000274377
5.026916e-08,-0.000265296
5.036916e-08,-0.000252324
5.046916e-08,-0.000238054
5.056916e-08,-0.000223784
5.066916e-08,-0.000212758
5.076916e-08,-0.000205623
5.086916e-08,-0.000203028
5.096916e-08,-0.000204326
5.106916e-08,-0.000210163
5.116916e-08,-0.000217947
5.126916e-08,-0.000225082
5.136916e-08,-0.000230919
5.146916e-08,-0.000233514
5.156916e-08,-0.000231568
5.166916e-08,-0.00022573
5.176916e-08,-0.00021665
5.186916e-08,-0.000206272
5.196916e-08,-0.000195894
5.206916e-08,-0.000186813
5.216916e-08,-0.000179678
5.226916e-08,-0.000175138
5.236916e-08,-0.000173841
5.246916e-08,-0.000173192
5.256916e-08,-0.000171895
5.266916e-08,-0.000168003
5.276916e-08,-0.000159571
5.286916e-08,-0.000145301
5.296916e-08,-0.000125843
5.306916e-08,-0.000101195
5.316916e-08,-7.33045e-05
5.326916e-08,-4.28193e-05
5.336916e-08,-1.16855e-05
5.346916e-08,1.62051e-05
5.356916e-08,3.95555e-05
5.366916e-08,5.83654e-05
5.376916e-08,7.13378e-05
5.386916e-08,7.84727e-05
5.396916e-08,7.97699e-05
5.406916e-08,7.65268e-05
5.416916e-08,7.00406e-05
5.426916e-08,6.03113e-05
5.436916e-08,4.86361e-05
5.446916e-08,3.50151e-05
5.456916e-08,2.00968e-05
5.466916e-08,4.52996e-06
5.476916e-08,-1.16855e-05
5.486916e-08,-2.72524e-05
5.496916e-08,-4.15221e-05
5.506916e-08,-5.38459e-05
5.516916e-08,-6.22779e-05
5.526916e-08,-6.61696e-05
5.536916e-08,-6.61696e-05
5.546916e-08,-6.16293e-05
5.556916e-08,-5.31972e-05
5.566916e-08,-4.08734e-05
5.576916e-08,-2.7901e-05
5.586916e-08,-1.49286e-05
5.596916e-08,-5.19934e-06
5.606916e-08,6.38242e-07
5.616916e-08,6.38242e-07
5.626916e-08,-5.84796e-06
5.636916e-08,-1.75231e-05
5.646916e-08,-3.43872e-05
5.656916e-08,-5.44945e-05
5.666916e-08,-7.58989e-05
5.676916e-08,-9.60062e-05
5.686916e-08,-0.000113519
5.696916e-08,-0.000127789
5.706916e-08,-0.000138166
5.716916e-08,-0.000144653
5.726916e-08,-0.000146599
5.736916e-08,-0.000145301
5.746916e-08,-0.000142058
5.756916e-08,-0.000137518
5.766916e-08,-0.000131032
5.776916e-08,-0.000123248
5.786916e-08,-0.000114816
5.796916e-08,-0.000105735
5.806916e-08,-9.47089e-05
5.816916e-08,-8.30338e-05
5.826916e-08,-7.20072e-05
5.836916e-08,-6.16293e-05
5.846916e-08,-5.19e-05
5.856916e-08,-4.54138e-05
5.866916e-08,-4.21707e-05
5.876916e-08,-4.21707e-05
5.886916e-08,-4.60624e-05
5.896916e-08,-5.31972e-05
5.906916e-08,-6.29265e-05
5.916916e-08,-7.46017e-05
5.926916e-08,-8.56282e-05
5.936916e-08,-9.60062e-05
5.946916e-08,-0.000105087
5.956916e-08,-0.000112222
5.966916e-08,-0.000116762
5.976916e-08,-0.000120654
5.986916e-08,-0.000123248
5.996916e-08,-0.000125843
6.006916e-08,-0.000128437
6.016916e-08,-0.000129734
6.026916e-08,-0.000131032
6.036916e-08,-0.000129734
6.046916e-08,-0.000125843
6.056916e-08,-0.000117411
6.066916e-08,-0.000105735
6.076916e-08,-8.88713e-05
6.086916e-08,-6.74669e-05
6.096916e-08,-4.28193e-05
6.106916e-08,-1.75231e-05
6.116916e-08,7.77306e-06
6.126916e-08,2.98261e-05
6.136916e-08,4.73389e-05
6.146916e-08,5.90141e-05
6.156916e-08,6.29058e-05
6.166916e-08,6.03113e-05
6.176916e-08,5.12306e-05
6.186916e-08,3.56637e-05
6.196916e-08,1.68537e-05
6.206916e-08,-3.9021e-06
6.216916e-08,-2.53066e-05
6.226916e-08,-4.60624e-05
6.236916e-08,-6.42238e-05
6.246916e-08,-7.9142e-05
6.256916e-08,-9.08172e-05
6.266916e-08,-9.98979e-05
6.276916e-08,-0.000105087
6.286916e-08,-0.000107681
6.296916e-08,-0.000106384
6.306916e-08,-0.000102492
6.316916e-08,-9.66548e-05
6.326916e-08,-8.75741e-05
6.336916e-08,-7.71962e-05
6.346916e-08,-6.5521e-05
6.356916e-08,-5.31972e-05
6.366916e-08,-4.15221e-05
6.376916e-08,-3.24414e-05
6.386916e-08,-2.59552e-05
6.396916e-08,-2.40093e-05
6.406916e-08,-2.59552e-05
6.416916e-08,-3.37386e-05
6.426916e-08,-4.60624e-05
6.436916e-08,-6.29265e-05
6.446916e-08,-8.30338e-05
6.456916e-08,-0.000104438
6.466916e-08,-0.000125843
6.476916e-08,-0.00014595
6.486916e-08,-0.000163463
6.496916e-08,-0.000176435
6.506916e-08,-0.000186813
6.516916e-08,-0.000193948
6.526916e-08,-0.00019784
6.536916e-08,-0.000200434
6.546916e-08,-0.000201731
6.556916e-08,-0.00020238
6.566916e-08,-0.000203028
6.576916e-08,-0.000203028
6.586916e-08,-0.00020238
6.596916e-08,-0.000200434
6.606916e-08,-0.000195894
6.616916e-08,-0.00018811
6.626916e-08,-0.000177084
6.636916e-08,-0.000164111
6.646916e-08,-0.000148544
6.656916e-08,-0.000132978
6.666916e-08,-0.000117411
6.676916e-08,-0.000103141
6.686916e-08,-9.08172e-05
6.696916e-08,-8.10879e-05
6.706916e-08,-7.33045e-05
6.716916e-08,-6.74669e-05
6.726916e-08,-6.16293e-05
6.736916e-08,-5.57917e-05
6.746916e-08,-4.93055e-05
6.756916e-08,-4.08734e-05
6.766916e-08,-3.11441e-05
6.776916e-08,-2.07662e-05
6.786916e-08,-9.09106e-06
6.796916e-08,1.93548e-06
6.806916e-08,1.16648e-05
6.816916e-08,1.8151e-05
6.826916e-08,2.13941e-05
6.836916e-08,2.07455e-05
6.846916e-08,1.68537e-05
6.856916e-08,1.03675e-05
6.866916e-08,2.5841e-06
6.876916e-08,-6.49658e-06
6.886916e-08,-1.49286e-05
6.896916e-08,-2.33607e-05
6.906916e-08,-3.04955e-05
6.916916e-08,-3.63331e-05
6.926916e-08,-4.02248e-05
6.936916e-08,-4.34679e-05
6.946916e-08,-4.41165e-05
6.956916e-08,-4.41165e-05
6.966916e-08,-4.08734e-05
6.976916e-08,-3.56845e-05
6.986916e-08,-2.72524e-05
6.996916e-08,-1.75231e-05
7.006916e-08,-5.84796e-06
7.016916e-08,7.12444e-06
7.026916e-08,1.87996e-05
7.036916e-08,2.78803e-05
7.046916e-08,3.37179e-05
7.056916e-08,3.43665e-05
7.066916e-08,2.91775e-05
7.076916e-08,1.87996e-05
7.086916e-08,3.23272e-06
7.096916e-08,-1.49286e-05
7.106916e-08,-3.56845e-05
7.116916e-08,-5.57917e-05
7.126916e-08,-7.33045e-05
7.136916e-08,-8.62769e-05
7.146916e-08,-9.40603e-05
7.156916e-08,-9.66548e-05
7.166916e-08,-9.34117e-05
7.176916e-08,-8.62769e-05
7.186916e-08,-7.65476e-05
7.196916e-08,-6.48724e-05
7.206916e-08,-5.44945e-05
7.216916e-08,-4.60624e-05
7.226916e-08,-4.08734e-05
7.236916e-08,-3.8279e-05
7.246916e-08,-3.8279e-05
7.256916e-08,-4.02248e-05
7.266916e-08,-4.21707e-05
7.276916e-08,-4.28193e-05
7.286916e-08,-4.08734e-05
7.296916e-08,-3.69817e-05
7.306916e-08,-3.04955e-05
7.316916e-08,-2.14148e-05
7.326916e-08,-1.16855e-05
7.336916e-08,-1.95624e-06
7.346916e-08,6.47582e-06
7.356916e-08,1.36106e-05
7.366916e-08,1.8151e-05
7.376916e-08,1.94482e-05
7.386916e-08,1.75024e-05
7.396916e-08,1.36106e-05
7.406916e-08,8.42168e-06
7.416916e-08,2.5841e-06
7.426916e-08,-3.9021e-06
7.436916e-08,-9.09106e-06
7.446916e-08,-1.36314e-05
7.456916e-08,-1.68745e-05
7.466916e-08,-1.9469e-05
7.476916e-08,-2.20635e-05
7.486916e-08,-2.40093e-05
7.496916e-08,-2.53066e-05
7.506916e-08,-2.66038e-05
7.516916e-08,-2.7901e-05
7.526916e-08,-2.91983e-05
7.536916e-08,-2.91983e-05
7.546916e-08,-2.98469e-05
7.556916e-08,-2.91983e-05
7.566916e-08,-2.85497e-05
7.576916e-08,-2.72524e-05
7.586916e-08,-2.53066e-05
7.596916e-08,-2.20635e-05
7.606916e-08,-1.75231e-05
7.616916e-08,-1.10369e-05
7.626916e-08,-3.9021e-06
7.636916e-08,5.17858e-06
7.646916e-08,1.68537e-05
7.656916e-08,3.1772e-05
7.666916e-08,4.92848e-05
7.676916e-08,6.9392e-05
7.686916e-08,9.01478e-05
7.696916e-08,0.000111552
7.706916e-08,0.00013166
7.716916e-08,0.000149821
7.726916e-08,0.000163442
