LECROYWaveRunner‘N,20113,Waveform
Segments,1,SegmentSize,2002
Segment,TrigTime,TimeSinceSegment1
#1,28-Sep-2018 13:20:31,0                 
Time,Ampl
-1.228869e-07,8.43102e-05
-1.227869e-07,8.56075e-05
-1.226869e-07,8.49589e-05
-1.225869e-07,8.36616e-05
-1.224869e-07,8.23644e-05
-1.223869e-07,8.17158e-05
-1.222869e-07,8.10671e-05
-1.221869e-07,8.10671e-05
-1.220869e-07,8.10671e-05
-1.219869e-07,8.10671e-05
-1.218869e-07,8.04185e-05
-1.217869e-07,7.84727e-05
-1.216869e-07,7.45809e-05
-1.215869e-07,6.87434e-05
-1.214869e-07,6.09599e-05
-1.213869e-07,5.12306e-05
-1.212869e-07,4.02041e-05
-1.211869e-07,2.72317e-05
-1.210869e-07,1.36106e-05
-1.209869e-07,-1.03779e-08
-1.208869e-07,-1.36314e-05
-1.207869e-07,-2.72524e-05
-1.206869e-07,-3.95762e-05
-1.205869e-07,-4.99541e-05
-1.204869e-07,-5.96834e-05
-1.203869e-07,-6.81155e-05
-1.202869e-07,-7.58989e-05
-1.201869e-07,-8.23851e-05
-1.200869e-07,-8.69255e-05
-1.199869e-07,-9.08172e-05
-1.198869e-07,-9.21144e-05
-1.197869e-07,-9.08172e-05
-1.196869e-07,-8.62769e-05
-1.195869e-07,-7.78448e-05
-1.194869e-07,-6.48724e-05
-1.193869e-07,-4.86569e-05
-1.192869e-07,-2.85497e-05
-1.191869e-07,-6.49658e-06
-1.190869e-07,1.62051e-05
-1.189869e-07,3.82582e-05
-1.188869e-07,5.83654e-05
-1.187869e-07,7.52296e-05
-1.186869e-07,8.75533e-05
-1.185869e-07,9.59854e-05
-1.184869e-07,0.000100526
-1.183869e-07,0.000101174
-1.182869e-07,9.98771e-05
-1.181869e-07,9.85799e-05
-1.180869e-07,9.72826e-05
-1.179869e-07,9.6634e-05
-1.178869e-07,9.72826e-05
-1.177869e-07,9.92285e-05
-1.176869e-07,0.000102472
-1.175869e-07,0.000105066
-1.174869e-07,0.000106363
-1.173869e-07,0.000106363
-1.172869e-07,0.000103769
-1.171869e-07,9.79313e-05
-1.170869e-07,8.94992e-05
-1.169869e-07,7.97699e-05
-1.168869e-07,6.87434e-05
-1.167869e-07,5.77168e-05
-1.166869e-07,4.79875e-05
-1.165869e-07,4.08527e-05
-1.164869e-07,3.76096e-05
-1.163869e-07,3.82582e-05
-1.162869e-07,4.21499e-05
-1.161869e-07,4.92848e-05
-1.160869e-07,5.90141e-05
-1.159869e-07,6.9392e-05
-1.158869e-07,8.04185e-05
-1.157869e-07,9.07964e-05
-1.156869e-07,9.98771e-05
-1.155869e-07,0.000107661
-1.154869e-07,0.000113498
-1.153869e-07,0.00011739
-1.152869e-07,0.000120633
-1.151869e-07,0.000123227
-1.150869e-07,0.000126471
-1.149869e-07,0.000130362
-1.148869e-07,0.000134903
-1.147869e-07,0.000141389
-1.146869e-07,0.000148524
-1.145869e-07,0.000157604
-1.144869e-07,0.000166685
-1.143869e-07,0.000175766
-1.142869e-07,0.000183549
-1.141869e-07,0.000190035
-1.140869e-07,0.000193927
-1.139869e-07,0.000195224
-1.138869e-07,0.000193927
-1.137869e-07,0.000189387
-1.136869e-07,0.000182901
-1.135869e-07,0.00017382
-1.134869e-07,0.000162793
-1.133869e-07,0.000151118
-1.132869e-07,0.000139443
-1.131869e-07,0.000128416
-1.130869e-07,0.000118687
-1.129869e-07,0.000109606
-1.128869e-07,0.000103769
-1.127869e-07,0.000100526
-1.126869e-07,9.98771e-05
-1.125869e-07,0.000102472
-1.124869e-07,0.000107012
-1.123869e-07,0.000112201
-1.122869e-07,0.000116741
-1.121869e-07,0.000119984
-1.120869e-07,0.000121282
-1.119869e-07,0.000118687
-1.118869e-07,0.000113498
-1.117869e-07,0.000104417
-1.116869e-07,9.33909e-05
-1.115869e-07,7.97699e-05
-1.114869e-07,6.61489e-05
-1.113869e-07,5.38251e-05
-1.112869e-07,4.47444e-05
-1.111869e-07,3.89068e-05
-1.110869e-07,3.63124e-05
-1.109869e-07,3.89068e-05
-1.108869e-07,4.60417e-05
-1.107869e-07,5.51223e-05
-1.106869e-07,6.61489e-05
-1.105869e-07,7.65268e-05
-1.104869e-07,8.43102e-05
-1.103869e-07,8.88506e-05
-1.102869e-07,8.88506e-05
-1.101869e-07,8.49589e-05
-1.100869e-07,7.58782e-05
-1.099869e-07,6.35544e-05
-1.098869e-07,4.86361e-05
-1.097869e-07,3.43665e-05
-1.096869e-07,2.13941e-05
-1.095869e-07,1.16648e-05
-1.094869e-07,6.47582e-06
-1.093869e-07,6.47582e-06
-1.092869e-07,1.23134e-05
-1.091869e-07,2.26913e-05
-1.090869e-07,3.6961e-05
-1.089869e-07,5.5771e-05
-1.088869e-07,7.58782e-05
-1.087869e-07,9.72826e-05
-1.086869e-07,0.000118038
-1.085869e-07,0.000137497
-1.084869e-07,0.00015501
-1.083869e-07,0.000169279
-1.082869e-07,0.000181603
-1.081869e-07,0.000190035
-1.080869e-07,0.000196522
-1.079869e-07,0.000200413
-1.078869e-07,0.000202359
-1.077869e-07,0.000202359
-1.076869e-07,0.000200413
-1.075869e-07,0.000195873
-1.074869e-07,0.000189387
-1.073869e-07,0.000181603
-1.072869e-07,0.000171225
-1.071869e-07,0.000158253
-1.070869e-07,0.000143335
-1.069869e-07,0.000126471
-1.068869e-07,0.000108958
-1.067869e-07,8.94992e-05
-1.066869e-07,7.06892e-05
-1.065869e-07,5.18792e-05
-1.064869e-07,3.50151e-05
-1.063869e-07,2.00968e-05
-1.062869e-07,7.12444e-06
-1.061869e-07,-2.60486e-06
-1.060869e-07,-9.09106e-06
-1.059869e-07,-1.23342e-05
-1.058869e-07,-1.36314e-05
-1.057869e-07,-1.29828e-05
-1.056869e-07,-1.10369e-05
-1.055869e-07,-9.09106e-06
-1.054869e-07,-6.49658e-06
-1.053869e-07,-3.9021e-06
-1.052869e-07,-1.95624e-06
-1.051869e-07,-6.58998e-07
-1.050869e-07,1.28686e-06
-1.049869e-07,3.88134e-06
-1.048869e-07,7.77306e-06
-1.047869e-07,1.16648e-05
-1.046869e-07,1.75024e-05
-1.045869e-07,2.52858e-05
-1.044869e-07,3.37179e-05
-1.043869e-07,4.40958e-05
-1.042869e-07,5.38251e-05
-1.041869e-07,6.35544e-05
-1.040869e-07,7.32837e-05
-1.039869e-07,8.17158e-05
-1.038869e-07,8.8202e-05
-1.037869e-07,9.33909e-05
-1.036869e-07,9.6634e-05
-1.035869e-07,9.79313e-05
-1.034869e-07,9.85799e-05
-1.033869e-07,9.85799e-05
-1.032869e-07,9.79313e-05
-1.031869e-07,9.79313e-05
-1.030869e-07,9.85799e-05
-1.029869e-07,9.98771e-05
-1.028869e-07,0.000101823
-1.027869e-07,0.000103769
-1.026869e-07,0.000105066
-1.025869e-07,0.000107012
-1.024869e-07,0.000107661
-1.023869e-07,0.000107661
-1.022869e-07,0.000105715
-1.021869e-07,0.00010312
-1.020869e-07,0.000100526
-1.019869e-07,9.85799e-05
-1.018869e-07,9.72826e-05
-1.017869e-07,9.6634e-05
-1.016869e-07,9.79313e-05
-1.015869e-07,0.000100526
-1.014869e-07,0.000105715
-1.013869e-07,0.000111552
-1.012869e-07,0.000118038
-1.011869e-07,0.000123876
-1.010869e-07,0.000127768
-1.009869e-07,0.000129065
-1.008869e-07,0.000127119
-1.007869e-07,0.000119984
-1.006869e-07,0.000107661
-1.005869e-07,9.20937e-05
-1.004869e-07,7.45809e-05
-1.003869e-07,5.77168e-05
-1.002869e-07,4.21499e-05
-1.001869e-07,2.98261e-05
-1.000869e-07,2.13941e-05
-9.998687e-08,1.8151e-05
-9.988687e-08,2.00968e-05
-9.978687e-08,2.52858e-05
-9.968687e-08,3.43665e-05
-9.958687e-08,4.47444e-05
-9.948687e-08,5.5771e-05
-9.938687e-08,6.48516e-05
-9.928687e-08,7.13378e-05
-9.918687e-08,7.39323e-05
-9.908687e-08,7.26351e-05
-9.898687e-08,6.74461e-05
-9.888687e-08,5.96627e-05
-9.878687e-08,4.92848e-05
-9.868687e-08,3.76096e-05
-9.858687e-08,2.59344e-05
-9.848687e-08,1.62051e-05
-9.838687e-08,8.42168e-06
-9.828687e-08,3.88134e-06
-9.818687e-08,2.5841e-06
-9.808687e-08,5.17858e-06
-9.798687e-08,1.16648e-05
-9.788687e-08,2.13941e-05
-9.778687e-08,3.37179e-05
-9.768687e-08,4.73389e-05
-9.758687e-08,6.16085e-05
-9.748687e-08,7.52296e-05
-9.738687e-08,8.88506e-05
-9.728687e-08,9.98771e-05
-9.718687e-08,0.000108958
-9.708687e-08,0.000114147
-9.698687e-08,0.000115444
-9.688687e-08,0.000113498
-9.678687e-08,0.000107012
-9.668687e-08,9.6634e-05
-9.658687e-08,8.43102e-05
-9.648687e-08,6.9392e-05
-9.638687e-08,5.31765e-05
-9.628687e-08,3.63124e-05
-9.618687e-08,2.07455e-05
-9.608687e-08,5.17858e-06
-9.598687e-08,-8.44244e-06
-9.588687e-08,-2.07662e-05
-9.578687e-08,-3.04955e-05
-9.568687e-08,-3.8279e-05
-9.558687e-08,-4.34679e-05
-9.548687e-08,-4.54138e-05
-9.538687e-08,-4.41165e-05
-9.528687e-08,-3.95762e-05
-9.518687e-08,-3.17928e-05
-9.508687e-08,-2.14148e-05
-9.498687e-08,-9.09106e-06
-9.488687e-08,5.8272e-06
-9.478687e-08,2.00968e-05
-9.468687e-08,3.43665e-05
-9.458687e-08,4.73389e-05
-9.448687e-08,5.83654e-05
-9.438687e-08,6.55003e-05
-9.428687e-08,7.00406e-05
-9.418687e-08,7.06892e-05
-9.408687e-08,6.74461e-05
-9.398687e-08,6.03113e-05
-9.388687e-08,5.12306e-05
-9.378687e-08,4.15013e-05
-9.368687e-08,3.24206e-05
-9.358687e-08,2.39886e-05
-9.348687e-08,1.75024e-05
-9.338687e-08,1.36106e-05
-9.328687e-08,1.03675e-05
-9.318687e-08,9.0703e-06
-9.308687e-08,7.12444e-06
-9.298687e-08,5.17858e-06
-9.288687e-08,1.28686e-06
-9.278687e-08,-5.19934e-06
-9.268687e-08,-1.428e-05
-9.258687e-08,-2.59552e-05
-9.248687e-08,-4.08734e-05
-9.238687e-08,-5.7089e-05
-9.228687e-08,-7.33045e-05
-9.218687e-08,-8.82227e-05
-9.208687e-08,-0.000100547
-9.198687e-08,-0.000109627
-9.188687e-08,-0.000114168
-9.178687e-08,-0.00011287
-9.168687e-08,-0.000107033
-9.158687e-08,-9.53575e-05
-9.148687e-08,-7.9142e-05
-9.138687e-08,-5.77376e-05
-9.128687e-08,-3.309e-05
-9.118687e-08,-5.84796e-06
-9.108687e-08,2.26913e-05
-9.098687e-08,5.0582e-05
-9.088687e-08,7.58782e-05
-9.078687e-08,9.72826e-05
-9.068687e-08,0.000114147
-9.058687e-08,0.000125173
-9.048687e-08,0.000130362
-9.038687e-08,0.000130362
-9.028687e-08,0.000125173
-9.018687e-08,0.00011739
-9.008687e-08,0.000107012
-8.998687e-08,9.59854e-05
-8.988687e-08,8.56075e-05
-8.978687e-08,7.71754e-05
-8.968687e-08,7.06892e-05
-8.958687e-08,6.55003e-05
-8.948687e-08,6.16085e-05
-8.938687e-08,5.83654e-05
-8.928687e-08,5.38251e-05
-8.918687e-08,4.73389e-05
-8.908687e-08,3.95555e-05
-8.898687e-08,2.98261e-05
-8.888687e-08,1.94482e-05
-8.878687e-08,9.0703e-06
-8.868687e-08,-6.58998e-07
-8.858687e-08,-7.79382e-06
-8.848687e-08,-1.10369e-05
-8.838687e-08,-1.03883e-05
-8.828687e-08,-5.19934e-06
-8.818687e-08,4.52996e-06
-8.808687e-08,1.75024e-05
-8.798687e-08,3.1772e-05
-8.788687e-08,4.73389e-05
-8.778687e-08,6.16085e-05
-8.768687e-08,7.39323e-05
-8.758687e-08,8.3013e-05
-8.748687e-08,8.8202e-05
-8.738687e-08,8.94992e-05
-8.728687e-08,8.62561e-05
-8.718687e-08,8.04185e-05
-8.708687e-08,7.26351e-05
-8.698687e-08,6.48516e-05
-8.688687e-08,5.77168e-05
-8.678687e-08,5.25279e-05
-8.668687e-08,4.92848e-05
-8.658687e-08,4.92848e-05
-8.648687e-08,5.25279e-05
-8.638687e-08,5.77168e-05
-8.628687e-08,6.55003e-05
-8.618687e-08,7.45809e-05
-8.608687e-08,8.43102e-05
-8.598687e-08,9.33909e-05
-8.588687e-08,0.000102472
-8.578687e-08,0.000110255
-8.568687e-08,0.000116093
-8.558687e-08,0.000119984
-8.548687e-08,0.00012193
-8.538687e-08,0.00012193
-8.528687e-08,0.000120633
-8.518687e-08,0.000118038
-8.508687e-08,0.000113498
-8.498687e-08,0.000108309
-8.488687e-08,0.000102472
-8.478687e-08,9.6634e-05
-8.468687e-08,9.01478e-05
-8.458687e-08,8.36616e-05
-8.448687e-08,7.65268e-05
-8.438687e-08,6.87434e-05
-8.428687e-08,6.09599e-05
-8.418687e-08,5.25279e-05
-8.408687e-08,4.27986e-05
-8.398687e-08,3.30692e-05
-8.388687e-08,2.26913e-05
-8.378687e-08,1.10162e-05
-8.368687e-08,-1.30762e-06
-8.358687e-08,-1.55773e-05
-8.348687e-08,-3.04955e-05
-8.338687e-08,-4.47652e-05
-8.328687e-08,-5.83862e-05
-8.318687e-08,-6.94127e-05
-8.308687e-08,-7.78448e-05
-8.298687e-08,-8.17365e-05
-8.288687e-08,-8.10879e-05
-8.278687e-08,-7.46017e-05
-8.268687e-08,-6.29265e-05
-8.258687e-08,-4.6711e-05
-8.248687e-08,-2.59552e-05
-8.238687e-08,-2.60486e-06
-8.228687e-08,2.26913e-05
-8.218687e-08,4.86361e-05
-8.208687e-08,7.39323e-05
-8.198687e-08,9.79313e-05
-8.188687e-08,0.000119336
-8.178687e-08,0.000138146
-8.168687e-08,0.000154361
-8.158687e-08,0.000168631
-8.148687e-08,0.000179657
-8.138687e-08,0.000188738
-8.128687e-08,0.000196522
-8.118687e-08,0.000202359
-8.108687e-08,0.000207548
-8.098687e-08,0.000212088
-8.088687e-08,0.000216629
-8.078687e-08,0.000221169
-8.068687e-08,0.000223764
-8.058687e-08,0.000225709
-8.048687e-08,0.000225061
-8.038687e-08,0.000221818
-8.028687e-08,0.000214683
-8.018687e-08,0.000204305
-8.008687e-08,0.000189387
-7.998687e-08,0.000171225
-7.988687e-08,0.000149821
-7.978687e-08,0.000127119
-7.968687e-08,0.00010312
-7.958687e-08,8.10671e-05
-7.948687e-08,6.09599e-05
-7.938687e-08,4.47444e-05
-7.928687e-08,3.37179e-05
-7.918687e-08,2.85289e-05
-7.908687e-08,2.91775e-05
-7.898687e-08,3.50151e-05
-7.888687e-08,4.40958e-05
-7.878687e-08,5.5771e-05
-7.868687e-08,6.67975e-05
-7.858687e-08,7.65268e-05
-7.848687e-08,8.23644e-05
-7.838687e-08,8.23644e-05
-7.828687e-08,7.71754e-05
-7.818687e-08,6.67975e-05
-7.808687e-08,5.18792e-05
-7.798687e-08,3.30692e-05
-7.788687e-08,1.2962e-05
-7.778687e-08,-6.49658e-06
-7.768687e-08,-2.27121e-05
-7.758687e-08,-3.50359e-05
-7.748687e-08,-4.08734e-05
-7.738687e-08,-4.02248e-05
-7.728687e-08,-3.309e-05
-7.718687e-08,-2.07662e-05
-7.708687e-08,-2.60486e-06
-7.698687e-08,1.8151e-05
-7.688687e-08,4.15013e-05
-7.678687e-08,6.48516e-05
-7.668687e-08,8.8202e-05
-7.658687e-08,0.000110255
-7.648687e-08,0.000131011
-7.638687e-08,0.000149821
-7.628687e-08,0.000166685
-7.618687e-08,0.000181603
-7.608687e-08,0.000193278
-7.598687e-08,0.000202359
-7.588687e-08,0.000208845
-7.578687e-08,0.00021144
-7.568687e-08,0.000210143
-7.558687e-08,0.000204954
-7.548687e-08,0.00019717
-7.538687e-08,0.000186792
-7.528687e-08,0.000175117
-7.518687e-08,0.000163442
-7.508687e-08,0.000152415
-7.498687e-08,0.000143983
-7.488687e-08,0.000137497
-7.478687e-08,0.000134254
-7.468687e-08,0.000134254
-7.458687e-08,0.000136848
-7.448687e-08,0.000141389
-7.438687e-08,0.000145929
-7.428687e-08,0.000151118
-7.418687e-08,0.00015501
-7.408687e-08,0.000158253
-7.398687e-08,0.000158902
-7.388687e-08,0.000158253
-7.378687e-08,0.000156307
-7.368687e-08,0.000152415
-7.358687e-08,0.000147875
-7.348687e-08,0.000143983
-7.338687e-08,0.000139443
-7.328687e-08,0.000135551
-7.318687e-08,0.000132308
-7.308687e-08,0.000129065
-7.298687e-08,0.000127768
-7.288687e-08,0.000127119
-7.278687e-08,0.000128416
-7.268687e-08,0.000130362
-7.258687e-08,0.000133605
-7.248687e-08,0.000138146
-7.238687e-08,0.000142686
-7.228687e-08,0.000147226
-7.218687e-08,0.000151767
-7.208687e-08,0.000154361
-7.198687e-08,0.000153713
-7.188687e-08,0.000150469
-7.178687e-08,0.000143983
-7.168687e-08,0.000134903
-7.158687e-08,0.000123876
-7.148687e-08,0.000112201
-7.138687e-08,0.000100526
-7.128687e-08,9.01478e-05
-7.118687e-08,8.3013e-05
-7.108687e-08,7.97699e-05
-7.098687e-08,8.10671e-05
-7.088687e-08,8.69047e-05
-7.078687e-08,9.6634e-05
-7.068687e-08,0.000108958
-7.058687e-08,0.000123227
-7.048687e-08,0.000138146
-7.038687e-08,0.000151767
-7.028687e-08,0.000161496
-7.018687e-08,0.000167982
-7.008687e-08,0.000169279
-6.998687e-08,0.000164091
-6.988687e-08,0.000153713
-6.978687e-08,0.000136848
-6.968687e-08,0.000116093
-6.958687e-08,9.07964e-05
-6.948687e-08,6.35544e-05
-6.938687e-08,3.50151e-05
-6.928687e-08,7.77306e-06
-6.918687e-08,-1.68745e-05
-6.908687e-08,-3.69817e-05
-6.898687e-08,-5.19e-05
-6.888687e-08,-6.03321e-05
-6.878687e-08,-6.16293e-05
-6.868687e-08,-5.57917e-05
-6.858687e-08,-4.28193e-05
-6.848687e-08,-2.46579e-05
-6.838687e-08,-1.95624e-06
-6.828687e-08,2.39886e-05
-6.818687e-08,5.12306e-05
-6.808687e-08,7.7824e-05
-6.798687e-08,0.000101823
-6.788687e-08,0.000122579
-6.778687e-08,0.000137497
-6.768687e-08,0.000147226
-6.758687e-08,0.000150469
-6.748687e-08,0.000149172
-6.738687e-08,0.000143335
-6.728687e-08,0.000134903
-6.718687e-08,0.000125173
-6.708687e-08,0.000115444
-6.698687e-08,0.000107661
-6.688687e-08,0.000101823
-6.678687e-08,9.72826e-05
-6.668687e-08,9.46882e-05
-6.658687e-08,9.27423e-05
-6.648687e-08,9.14451e-05
-6.638687e-08,8.94992e-05
-6.628687e-08,8.69047e-05
-6.618687e-08,8.3013e-05
-6.608687e-08,7.7824e-05
-6.598687e-08,7.13378e-05
-6.588687e-08,6.55003e-05
-6.578687e-08,6.03113e-05
-6.568687e-08,5.64196e-05
-6.558687e-08,5.44737e-05
-6.548687e-08,5.31765e-05
-6.538687e-08,5.38251e-05
-6.528687e-08,5.51223e-05
-6.518687e-08,5.44737e-05
-6.508687e-08,5.25279e-05
-6.498687e-08,4.79875e-05
-6.488687e-08,4.15013e-05
-6.478687e-08,3.24206e-05
-6.468687e-08,2.07455e-05
-6.458687e-08,9.71892e-06
-6.448687e-08,-1.03779e-08
-6.438687e-08,-7.1452e-06
-6.428687e-08,-1.03883e-05
-6.418687e-08,-8.44244e-06
-6.408687e-08,-1.30762e-06
-6.398687e-08,1.16648e-05
-6.388687e-08,2.85289e-05
-6.378687e-08,4.92848e-05
-6.368687e-08,7.13378e-05
-6.358687e-08,9.27423e-05
-6.348687e-08,0.00011285
-6.338687e-08,0.000130362
-6.328687e-08,0.000143335
-6.318687e-08,0.000151767
-6.308687e-08,0.000155658
-6.298687e-08,0.000155658
-6.288687e-08,0.000151767
-6.278687e-08,0.000145281
-6.268687e-08,0.000136848
-6.258687e-08,0.000127768
-6.248687e-08,0.000118038
-6.238687e-08,0.000109606
-6.228687e-08,0.000102472
-6.218687e-08,9.72826e-05
-6.208687e-08,9.40395e-05
-6.198687e-08,9.20937e-05
-6.188687e-08,9.27423e-05
-6.178687e-08,9.46882e-05
-6.168687e-08,9.85799e-05
-6.158687e-08,0.000102472
-6.148687e-08,0.000108309
-6.138687e-08,0.000116093
-6.128687e-08,0.000126471
-6.118687e-08,0.000138146
-6.108687e-08,0.000152415
-6.098687e-08,0.000169279
-6.088687e-08,0.000188089
-6.078687e-08,0.000209494
-6.068687e-08,0.000231547
-6.058687e-08,0.000254249
-6.048687e-08,0.000275653
-6.038687e-08,0.000294463
-6.028687e-08,0.000309381
-6.018687e-08,0.000319759
-6.008687e-08,0.000323651
-5.998687e-08,0.000321057
-5.988687e-08,0.000311976
-5.978687e-08,0.000297706
-5.968687e-08,0.000278896
-5.958687e-08,0.000256843
-5.948687e-08,0.000233493
-5.938687e-08,0.000210791
-5.928687e-08,0.000190035
-5.918687e-08,0.000172523
-5.908687e-08,0.000158902
-5.898687e-08,0.000149821
-5.888687e-08,0.000145929
-5.878687e-08,0.000146578
-5.868687e-08,0.000150469
-5.858687e-08,0.000157604
-5.848687e-08,0.000166685
-5.838687e-08,0.000177712
-5.828687e-08,0.000189387
-5.818687e-08,0.000201062
-5.808687e-08,0.000212088
-5.798687e-08,0.000222466
-5.788687e-08,0.000231547
-5.778687e-08,0.00023933
-5.768687e-08,0.000245817
-5.758687e-08,0.000251006
-5.748687e-08,0.000254249
-5.738687e-08,0.000256195
-5.728687e-08,0.000256195
-5.718687e-08,0.000254249
-5.708687e-08,0.000250357
-5.698687e-08,0.000244519
-5.688687e-08,0.000236087
-5.678687e-08,0.000225709
-5.668687e-08,0.000213386
-5.658687e-08,0.000199765
-5.648687e-08,0.000185495
-5.638687e-08,0.000171225
-5.628687e-08,0.000158253
-5.618687e-08,0.000145929
-5.608687e-08,0.000134903
-5.598687e-08,0.000125173
-5.588687e-08,0.000116741
-5.578687e-08,0.000110255
-5.568687e-08,0.000103769
-5.558687e-08,9.72826e-05
-5.548687e-08,9.14451e-05
-5.538687e-08,8.49589e-05
-5.528687e-08,7.7824e-05
-5.518687e-08,7.06892e-05
-5.508687e-08,6.29058e-05
-5.498687e-08,5.51223e-05
-5.488687e-08,4.66903e-05
-5.478687e-08,3.76096e-05
-5.468687e-08,2.91775e-05
-5.458687e-08,2.07455e-05
-5.448687e-08,1.2962e-05
-5.438687e-08,5.8272e-06
-5.428687e-08,-1.95624e-06
-5.418687e-08,-8.44244e-06
-5.408687e-08,-1.36314e-05
-5.398687e-08,-1.75231e-05
-5.388687e-08,-1.81717e-05
-5.378687e-08,-1.49286e-05
-5.368687e-08,-9.09106e-06
-5.358687e-08,6.38242e-07
-5.348687e-08,1.42593e-05
-5.338687e-08,3.24206e-05
-5.328687e-08,5.38251e-05
-5.318687e-08,7.71754e-05
-5.308687e-08,0.000101823
-5.298687e-08,0.000125822
-5.288687e-08,0.000148524
-5.278687e-08,0.000169279
-5.268687e-08,0.000186792
-5.258687e-08,0.000200413
-5.248687e-08,0.000210791
-5.238687e-08,0.000217277
-5.228687e-08,0.000219872
-5.218687e-08,0.000221169
-5.208687e-08,0.00022052
-5.198687e-08,0.000219223
-5.188687e-08,0.000217926
-5.178687e-08,0.00021598
-5.168687e-08,0.000213386
-5.158687e-08,0.000212088
-5.148687e-08,0.000212088
-5.138687e-08,0.000213386
-5.128687e-08,0.000216629
-5.118687e-08,0.000219223
-5.108687e-08,0.000221818
-5.098687e-08,0.000223115
-5.088687e-08,0.000222466
-5.078687e-08,0.000217926
-5.068687e-08,0.000209494
-5.058687e-08,0.000195224
-5.048687e-08,0.000175117
-5.038687e-08,0.000149821
-5.028687e-08,0.000119336
-5.018687e-08,8.69047e-05
-5.008687e-08,5.31765e-05
-4.998687e-08,1.94482e-05
-4.988687e-08,-1.16855e-05
-4.978687e-08,-3.76303e-05
-4.968687e-08,-5.7089e-05
-4.958687e-08,-6.94127e-05
-4.948687e-08,-7.46017e-05
-4.938687e-08,-7.20072e-05
-4.928687e-08,-6.35752e-05
-4.918687e-08,-4.99541e-05
-4.908687e-08,-3.17928e-05
-4.898687e-08,-9.73968e-06
-4.888687e-08,1.42593e-05
-4.878687e-08,3.95555e-05
-4.868687e-08,6.4203e-05
-4.858687e-08,8.75533e-05
-4.848687e-08,0.000109606
-4.838687e-08,0.000129065
-4.828687e-08,0.000145281
-4.818687e-08,0.000158253
-4.808687e-08,0.000167982
-4.798687e-08,0.000173171
-4.788687e-08,0.000175117
-4.778687e-08,0.00017382
-4.768687e-08,0.000168631
-4.758687e-08,0.000160847
-4.748687e-08,0.000151767
-4.738687e-08,0.000142686
-4.728687e-08,0.000134254
-4.718687e-08,0.000126471
-4.708687e-08,0.000119984
-4.698687e-08,0.000115444
-4.688687e-08,0.000111552
-4.678687e-08,0.000108958
-4.668687e-08,0.000106363
-4.658687e-08,0.000105066
-4.648687e-08,0.00010312
-4.638687e-08,9.98771e-05
-4.628687e-08,9.6634e-05
-4.618687e-08,9.40395e-05
-4.608687e-08,9.20937e-05
-4.598687e-08,9.07964e-05
-4.588687e-08,9.07964e-05
-4.578687e-08,9.27423e-05
-4.568687e-08,9.59854e-05
-4.558687e-08,0.000101174
-4.548687e-08,0.000108309
-4.538687e-08,0.000116093
-4.528687e-08,0.000123227
-4.518687e-08,0.000130362
-4.508687e-08,0.000134903
-4.498687e-08,0.000138146
-4.488687e-08,0.000138146
-4.478687e-08,0.000135551
-4.468687e-08,0.000129714
-4.458687e-08,0.00012193
-4.448687e-08,0.000110904
-4.438687e-08,9.85799e-05
-4.428687e-08,8.43102e-05
-4.418687e-08,7.06892e-05
-4.408687e-08,5.77168e-05
-4.398687e-08,4.47444e-05
-4.388687e-08,3.24206e-05
-4.378687e-08,2.07455e-05
-4.368687e-08,1.10162e-05
-4.358687e-08,3.23272e-06
-4.348687e-08,-3.25348e-06
-4.338687e-08,-8.44244e-06
-4.328687e-08,-1.23342e-05
-4.318687e-08,-1.55773e-05
-4.308687e-08,-1.75231e-05
-4.298687e-08,-1.75231e-05
-4.288687e-08,-1.49286e-05
-4.278687e-08,-1.10369e-05
-4.268687e-08,-4.55072e-06
-4.258687e-08,4.52996e-06
-4.248687e-08,1.68537e-05
-4.238687e-08,3.24206e-05
-4.228687e-08,4.99334e-05
-4.218687e-08,7.06892e-05
-4.208687e-08,9.27423e-05
-4.198687e-08,0.000116093
-4.188687e-08,0.000138794
-4.178687e-08,0.000160847
-4.168687e-08,0.000180955
-4.158687e-08,0.00019717
-4.148687e-08,0.000208845
-4.138687e-08,0.00021598
-4.128687e-08,0.000217277
-4.118687e-08,0.000214034
-4.108687e-08,0.000206899
-4.098687e-08,0.000195873
-4.088687e-08,0.000183549
-4.078687e-08,0.000169928
-4.068687e-08,0.000156956
-4.058687e-08,0.000146578
-4.048687e-08,0.000138794
-4.038687e-08,0.000134903
-4.028687e-08,0.000133605
-4.018687e-08,0.000134903
-4.008687e-08,0.000138794
-3.998687e-08,0.000143983
-3.988687e-08,0.000150469
-3.978687e-08,0.000156307
-3.968687e-08,0.000162145
-3.958687e-08,0.000166685
-3.948687e-08,0.000169928
-3.938687e-08,0.000171225
-3.928687e-08,0.000170577
-3.918687e-08,0.000167982
-3.908687e-08,0.000164091
-3.898687e-08,0.00015955
-3.888687e-08,0.000154361
-3.878687e-08,0.000148524
-3.868687e-08,0.000142037
-3.858687e-08,0.000134903
-3.848687e-08,0.000127119
-3.838687e-08,0.000118687
-3.828687e-08,0.000108309
-3.818687e-08,9.6634e-05
-3.808687e-08,8.36616e-05
-3.798687e-08,7.00406e-05
-3.788687e-08,5.5771e-05
-3.778687e-08,4.15013e-05
-3.768687e-08,2.85289e-05
-3.758687e-08,1.75024e-05
-3.748687e-08,1.03675e-05
-3.738687e-08,7.12444e-06
-3.728687e-08,8.42168e-06
-3.718687e-08,1.49079e-05
-3.708687e-08,2.6583e-05
-3.698687e-08,4.21499e-05
-3.688687e-08,6.09599e-05
-3.678687e-08,8.17158e-05
-3.668687e-08,0.000103769
-3.658687e-08,0.000126471
-3.648687e-08,0.000146578
-3.638687e-08,0.000164091
-3.628687e-08,0.000177063
-3.618687e-08,0.000185495
-3.608687e-08,0.000188738
-3.598687e-08,0.000186144
-3.588687e-08,0.000179009
-3.578687e-08,0.000167334
-3.568687e-08,0.000151767
-3.558687e-08,0.000133605
-3.548687e-08,0.00011285
-3.538687e-08,9.14451e-05
-3.528687e-08,6.9392e-05
-3.518687e-08,4.73389e-05
-3.508687e-08,2.72317e-05
-3.498687e-08,8.42168e-06
-3.488687e-08,-8.44244e-06
-3.478687e-08,-2.40093e-05
-3.468687e-08,-3.76303e-05
-3.458687e-08,-4.99541e-05
-3.448687e-08,-6.09807e-05
-3.438687e-08,-7.13586e-05
-3.428687e-08,-8.04393e-05
-3.418687e-08,-8.82227e-05
-3.408687e-08,-9.47089e-05
-3.398687e-08,-0.000100547
-3.388687e-08,-0.000104438
-3.378687e-08,-0.000105735
-3.368687e-08,-0.000105087
-3.358687e-08,-0.000101844
-3.348687e-08,-9.66548e-05
-3.338687e-08,-8.88713e-05
-3.328687e-08,-7.9142e-05
-3.318687e-08,-6.81155e-05
-3.308687e-08,-5.7089e-05
-3.298687e-08,-4.60624e-05
-3.288687e-08,-3.56845e-05
-3.278687e-08,-2.72524e-05
-3.268687e-08,-1.9469e-05
-3.258687e-08,-1.29828e-05
-3.248687e-08,-7.79382e-06
-3.238687e-08,-5.19934e-06
-3.228687e-08,-3.9021e-06
-3.218687e-08,-3.9021e-06
-3.208687e-08,-5.84796e-06
-3.198687e-08,-9.73968e-06
-3.188687e-08,-1.62259e-05
-3.178687e-08,-2.40093e-05
-3.168687e-08,-3.43872e-05
-3.158687e-08,-4.73596e-05
-3.148687e-08,-6.09807e-05
-3.138687e-08,-7.52503e-05
-3.128687e-08,-8.952e-05
-3.118687e-08,-0.000101844
-3.108687e-08,-0.000112222
-3.098687e-08,-0.000118059
-3.088687e-08,-0.000120005
-3.078687e-08,-0.000117411
-3.068687e-08,-0.000110276
-3.058687e-08,-9.98979e-05
-3.048687e-08,-8.56282e-05
-3.038687e-08,-7.071e-05
-3.028687e-08,-5.57917e-05
-3.018687e-08,-4.15221e-05
-3.008687e-08,-2.98469e-05
-2.998687e-08,-2.07662e-05
-2.988687e-08,-1.55773e-05
-2.978687e-08,-1.29828e-05
-2.968687e-08,-1.16855e-05
-2.958687e-08,-1.16855e-05
-2.948687e-08,-1.10369e-05
-2.938687e-08,-8.44244e-06
-2.928687e-08,-3.25348e-06
-2.918687e-08,5.17858e-06
-2.908687e-08,1.62051e-05
-2.898687e-08,2.98261e-05
-2.888687e-08,4.47444e-05
-2.878687e-08,6.03113e-05
-2.868687e-08,7.39323e-05
-2.858687e-08,8.56075e-05
-2.848687e-08,9.40395e-05
-2.838687e-08,9.92285e-05
-2.828687e-08,0.000100526
-2.818687e-08,9.85799e-05
-2.808687e-08,9.46882e-05
-2.798687e-08,8.88506e-05
-2.788687e-08,8.10671e-05
-2.778687e-08,7.32837e-05
-2.768687e-08,6.55003e-05
-2.758687e-08,5.83654e-05
-2.748687e-08,5.25279e-05
-2.738687e-08,4.79875e-05
-2.728687e-08,4.47444e-05
-2.718687e-08,4.34472e-05
-2.708687e-08,4.21499e-05
-2.698687e-08,4.21499e-05
-2.688687e-08,4.21499e-05
-2.678687e-08,4.02041e-05
-2.668687e-08,3.63124e-05
-2.658687e-08,2.98261e-05
-2.648687e-08,2.13941e-05
-2.638687e-08,1.03675e-05
-2.628687e-08,-3.25348e-06
-2.618687e-08,-1.81717e-05
-2.608687e-08,-3.43872e-05
-2.598687e-08,-4.86569e-05
-2.588687e-08,-6.03321e-05
-2.578687e-08,-6.74669e-05
-2.568687e-08,-6.81155e-05
-2.558687e-08,-6.22779e-05
-2.548687e-08,-4.93055e-05
-2.538687e-08,-2.98469e-05
-2.528687e-08,-3.9021e-06
-2.518687e-08,2.46372e-05
-2.508687e-08,5.44737e-05
-2.498687e-08,8.3013e-05
-2.488687e-08,0.000108309
-2.478687e-08,0.000127119
-2.468687e-08,0.000138794
-2.458687e-08,0.000142686
-2.448687e-08,0.000138794
-2.438687e-08,0.000128416
-2.428687e-08,0.000112201
-2.418687e-08,9.33909e-05
-2.408687e-08,7.26351e-05
-2.398687e-08,5.18792e-05
-2.388687e-08,3.24206e-05
-2.378687e-08,1.55565e-05
-2.368687e-08,1.93548e-06
-2.358687e-08,-8.44244e-06
-2.348687e-08,-1.62259e-05
-2.338687e-08,-2.01176e-05
-2.328687e-08,-2.07662e-05
-2.318687e-08,-2.01176e-05
-2.308687e-08,-1.81717e-05
-2.298687e-08,-1.49286e-05
-2.288687e-08,-1.16855e-05
-2.278687e-08,-1.03883e-05
-2.268687e-08,-1.03883e-05
-2.258687e-08,-1.29828e-05
-2.248687e-08,-1.75231e-05
-2.238687e-08,-2.53066e-05
-2.228687e-08,-3.63331e-05
-2.218687e-08,-4.99541e-05
-2.208687e-08,-6.5521e-05
-2.198687e-08,-8.04393e-05
-2.188687e-08,-9.47089e-05
-2.178687e-08,-0.000107033
-2.168687e-08,-0.000116762
-2.158687e-08,-0.000123248
-2.148687e-08,-0.000127789
-2.138687e-08,-0.000128437
-2.128687e-08,-0.00012714
-2.118687e-08,-0.000124545
-2.108687e-08,-0.000121302
-2.098687e-08,-0.000119356
-2.088687e-08,-0.000120005
-2.078687e-08,-0.0001226
-2.068687e-08,-0.000127789
-2.058687e-08,-0.000134923
-2.048687e-08,-0.000142707
-2.038687e-08,-0.00015049
-2.028687e-08,-0.000156976
-2.018687e-08,-0.000160868
-2.008687e-08,-0.000161517
-1.998687e-08,-0.000156976
-1.988687e-08,-0.000148544
-1.978687e-08,-0.000136221
-1.968687e-08,-0.000118708
-1.958687e-08,-9.7952e-05
-1.948687e-08,-7.39531e-05
-1.938687e-08,-4.73596e-05
-1.928687e-08,-2.07662e-05
-1.918687e-08,5.17858e-06
-1.908687e-08,2.91775e-05
-1.898687e-08,5.12306e-05
-1.888687e-08,7.06892e-05
-1.878687e-08,8.62561e-05
-1.868687e-08,9.72826e-05
-1.858687e-08,0.000104417
-1.848687e-08,0.000106363
-1.838687e-08,0.000105066
-1.828687e-08,0.000100526
-1.818687e-08,9.46882e-05
-1.808687e-08,8.69047e-05
-1.798687e-08,7.84727e-05
-1.788687e-08,6.87434e-05
-1.778687e-08,6.03113e-05
-1.768687e-08,5.25279e-05
-1.758687e-08,4.60417e-05
-1.748687e-08,4.02041e-05
-1.738687e-08,3.56637e-05
-1.728687e-08,3.1772e-05
-1.718687e-08,2.91775e-05
-1.708687e-08,2.72317e-05
-1.698687e-08,2.59344e-05
-1.688687e-08,2.52858e-05
-1.678687e-08,2.52858e-05
-1.668687e-08,2.52858e-05
-1.658687e-08,2.6583e-05
-1.648687e-08,2.91775e-05
-1.638687e-08,3.24206e-05
-1.628687e-08,3.56637e-05
-1.618687e-08,3.95555e-05
-1.608687e-08,4.27986e-05
-1.598687e-08,4.5393e-05
-1.588687e-08,4.73389e-05
-1.578687e-08,4.79875e-05
-1.568687e-08,4.5393e-05
-1.558687e-08,3.95555e-05
-1.548687e-08,3.04748e-05
-1.538687e-08,1.94482e-05
-1.528687e-08,6.47582e-06
-1.518687e-08,-6.49658e-06
-1.508687e-08,-1.88204e-05
-1.498687e-08,-2.91983e-05
-1.488687e-08,-3.63331e-05
-1.478687e-08,-3.95762e-05
-1.468687e-08,-3.89276e-05
-1.458687e-08,-3.309e-05
-1.448687e-08,-2.40093e-05
-1.438687e-08,-1.16855e-05
-1.428687e-08,2.5841e-06
-1.418687e-08,1.75024e-05
-1.408687e-08,3.24206e-05
-1.398687e-08,4.60417e-05
-1.388687e-08,5.83654e-05
-1.378687e-08,6.9392e-05
-1.368687e-08,7.91213e-05
-1.358687e-08,8.75533e-05
-1.348687e-08,9.46882e-05
-1.338687e-08,0.00010312
-1.328687e-08,0.000112201
-1.318687e-08,0.000122579
-1.308687e-08,0.000132957
-1.298687e-08,0.000144632
-1.288687e-08,0.000155658
-1.278687e-08,0.000166036
-1.268687e-08,0.000174468
-1.258687e-08,0.000180306
-1.248687e-08,0.000183549
-1.238687e-08,0.000182252
-1.228687e-08,0.000177712
-1.218687e-08,0.000169928
-1.208687e-08,0.000158902
-1.198687e-08,0.000145281
-1.188687e-08,0.000129714
-1.178687e-08,0.00011285
-1.168687e-08,9.53368e-05
-1.158687e-08,7.65268e-05
-1.148687e-08,5.70682e-05
-1.138687e-08,3.89068e-05
-1.128687e-08,2.07455e-05
-1.118687e-08,4.52996e-06
-1.108687e-08,-1.03883e-05
-1.098687e-08,-2.27121e-05
-1.088687e-08,-3.17928e-05
-1.078687e-08,-3.69817e-05
-1.068687e-08,-3.63331e-05
-1.058687e-08,-3.11441e-05
-1.048687e-08,-2.01176e-05
-1.038687e-08,-5.19934e-06
-1.028687e-08,1.36106e-05
-1.018687e-08,3.43665e-05
-1.008687e-08,5.5771e-05
-9.986866e-09,7.52296e-05
-9.886866e-09,9.14451e-05
-9.786866e-09,0.000102472
-9.686866e-09,0.000107661
-9.586866e-09,0.000106363
-9.486866e-09,9.85799e-05
-9.386866e-09,8.56075e-05
-9.286866e-09,6.87434e-05
-9.186866e-09,4.79875e-05
-9.086866e-09,2.6583e-05
-8.986866e-09,5.17858e-06
-8.886866e-09,-1.36314e-05
-8.786866e-09,-2.98469e-05
-8.686866e-09,-4.28193e-05
-8.586866e-09,-5.19e-05
-8.486866e-09,-5.77376e-05
-8.386866e-09,-5.90348e-05
-8.286866e-09,-5.77376e-05
-8.186866e-09,-5.25486e-05
-8.086866e-09,-4.41165e-05
-7.986866e-09,-3.43872e-05
-7.886866e-09,-2.20635e-05
-7.786866e-09,-7.79382e-06
-7.686866e-09,7.77306e-06
-7.586866e-09,2.39886e-05
-7.486866e-09,4.02041e-05
-7.386866e-09,5.70682e-05
-7.286866e-09,7.26351e-05
-7.186866e-09,8.69047e-05
-7.086866e-09,9.85799e-05
-6.986866e-09,0.000108309
-6.886866e-09,0.000114795
-6.786866e-09,0.000118038
-6.686866e-09,0.00011739
-6.586866e-09,0.000113498
-6.486866e-09,0.000106363
-6.386866e-09,9.53368e-05
-6.286866e-09,8.23644e-05
-6.186866e-09,6.74461e-05
-6.086866e-09,5.25279e-05
-5.986866e-09,3.89068e-05
-5.886866e-09,2.85289e-05
-5.786866e-09,2.20427e-05
-5.686866e-09,2.07455e-05
-5.586866e-09,2.52858e-05
-5.486866e-09,3.56637e-05
-5.386866e-09,5.18792e-05
-5.286866e-09,7.19865e-05
-5.186866e-09,9.27423e-05
-5.086866e-09,0.00011285
-4.986866e-09,0.000131011
-4.886866e-09,0.000144632
-4.786866e-09,0.000153064
-4.686866e-09,0.000155658
-4.586866e-09,0.000152415
-4.486866e-09,0.000144632
-4.386866e-09,0.000132308
-4.286866e-09,0.000118038
-4.186866e-09,0.00010312
-4.086866e-09,8.8202e-05
-3.986866e-09,7.58782e-05
-3.886866e-09,6.67975e-05
-3.786866e-09,6.16085e-05
-3.686866e-09,5.83654e-05
-3.586866e-09,5.90141e-05
-3.486866e-09,6.16085e-05
-3.386866e-09,6.67975e-05
-3.286866e-09,7.39323e-05
-3.186866e-09,8.23644e-05
-3.086866e-09,9.27423e-05
-2.986866e-09,0.000105066
-2.886866e-09,0.000118038
-2.786866e-09,0.000130362
-2.686866e-09,0.000140092
-2.586866e-09,0.000146578
-2.486866e-09,0.000147875
-2.386866e-09,0.000142037
-2.286866e-09,0.000126471
-2.186866e-09,0.000100526
-2.086866e-09,6.29058e-05
-1.986866e-09,1.36106e-05
-1.886866e-09,-4.60624e-05
-1.786866e-09,-0.000114816
-1.686866e-09,-0.000190705
-1.586866e-09,-0.000271782
-1.486866e-09,-0.000354157
-1.386866e-09,-0.000435883
-1.286866e-09,-0.000516312
-1.186866e-09,-0.000594795
-1.086866e-09,-0.000673278
-9.868658e-10,-0.00075241
-8.868658e-10,-0.000835433
-7.868658e-10,-0.000924294
-6.868658e-10,-0.00102288
-5.868658e-10,-0.0011325
-4.868658e-10,-0.00125574
-3.868658e-10,-0.00139325
-2.868658e-10,-0.00154437
-1.868658e-10,-0.00170912
-8.686583e-11,-0.00188555
1.313417e-11,-0.00207105
1.131342e-10,-0.00226369
2.131342e-10,-0.00246282
3.131342e-10,-0.00266454
4.131342e-10,-0.00286951
5.131342e-10,-0.00307447
6.131342e-10,-0.00327879
7.131342e-10,-0.0034818
8.131342e-10,-0.00368158
9.131342e-10,-0.00387616
1.013134e-09,-0.00406426
1.113134e-09,-0.00424199
1.213134e-09,-0.00440738
1.313134e-09,-0.00455981
1.413134e-09,-0.00469667
1.513134e-09,-0.00481666
1.613134e-09,-0.00491915
1.713134e-09,-0.00500411
1.813134e-09,-0.00507157
1.913134e-09,-0.00512411
2.013134e-09,-0.00516238
2.113134e-09,-0.00518832
2.213134e-09,-0.00520324
2.313134e-09,-0.00520843
2.413134e-09,-0.00520713
2.513134e-09,-0.00519935
2.613134e-09,-0.00518573
2.713134e-09,-0.00516886
2.813134e-09,-0.00514746
2.913134e-09,-0.00512346
3.013134e-09,-0.00509622
3.113134e-09,-0.00506573
3.213134e-09,-0.00503201
3.313134e-09,-0.00499374
3.413134e-09,-0.00495093
3.513134e-09,-0.00490293
3.613134e-09,-0.00484845
3.713134e-09,-0.00478748
3.813134e-09,-0.00472067
3.913134e-09,-0.00464932
4.013134e-09,-0.00457408
4.113134e-09,-0.00449689
4.213134e-09,-0.00442036
4.313134e-09,-0.00434577
4.413134e-09,-0.00427571
4.513134e-09,-0.00421085
4.613134e-09,-0.00415053
4.713134e-09,-0.00409475
4.813134e-09,-0.00404481
4.913134e-09,-0.00400005
5.013134e-09,-0.00395854
5.113134e-09,-0.00391897
5.213134e-09,-0.00388006
5.313134e-09,-0.00384114
5.413134e-09,-0.00380157
5.513134e-09,-0.00376071
5.613134e-09,-0.00371855
5.713134e-09,-0.00367509
5.813134e-09,-0.00362969
5.913134e-09,-0.00358429
6.013134e-09,-0.00353758
6.113134e-09,-0.00349024
6.213134e-09,-0.00344224
6.313134e-09,-0.00339424
6.413134e-09,-0.00334624
6.513134e-09,-0.00329824
6.613134e-09,-0.0032496
6.713134e-09,-0.0032003
6.813134e-09,-0.00315101
6.913134e-09,-0.00309977
7.013134e-09,-0.00304658
7.113134e-09,-0.00299015
7.213134e-09,-0.00293112
7.313134e-09,-0.00286951
7.413134e-09,-0.00280464
7.513134e-09,-0.00273654
7.613134e-09,-0.00266584
7.713134e-09,-0.00259319
7.813134e-09,-0.0025186
7.913134e-09,-0.00244336
8.013134e-09,-0.00236942
8.113134e-09,-0.00229613
8.213134e-09,-0.00222543
8.313134e-09,-0.00215797
8.413134e-09,-0.00209311
8.513134e-09,-0.00203149
8.613134e-09,-0.00197246
8.713134e-09,-0.00191539
8.813134e-09,-0.0018609
8.913134e-09,-0.00180836
9.013134e-09,-0.00175777
9.113134e-09,-0.00170848
9.213134e-09,-0.00165983
9.313134e-09,-0.00161378
9.413134e-09,-0.00156902
9.513134e-09,-0.00152621
9.613134e-09,-0.00148535
9.713134e-09,-0.00144708
9.813134e-09,-0.00141076
9.913134e-09,-0.00137638
1.001313e-08,-0.00134525
1.011313e-08,-0.00131606
1.021313e-08,-0.00128947
1.031313e-08,-0.00126547
1.041313e-08,-0.00124471
1.051313e-08,-0.00122655
1.061313e-08,-0.00121098
1.071313e-08,-0.00119866
1.081313e-08,-0.00118893
1.091313e-08,-0.00118115
1.101313e-08,-0.00117596
1.111313e-08,-0.00117272
1.121313e-08,-0.00117207
1.131313e-08,-0.00117401
1.141313e-08,-0.0011779
1.151313e-08,-0.00118504
1.161313e-08,-0.00119477
1.171313e-08,-0.00120644
1.181313e-08,-0.00121942
1.191313e-08,-0.00123433
1.201313e-08,-0.0012499
1.211313e-08,-0.00126612
1.221313e-08,-0.00128233
1.231313e-08,-0.0012979
1.241313e-08,-0.00131347
1.251313e-08,-0.00132774
1.261313e-08,-0.00134006
1.271313e-08,-0.00135044
1.281313e-08,-0.00135887
1.291313e-08,-0.00136536
1.301313e-08,-0.00136795
1.311313e-08,-0.00136795
1.321313e-08,-0.00136406
1.331313e-08,-0.00135628
1.341313e-08,-0.0013446
1.351313e-08,-0.00132838
1.361313e-08,-0.00130828
1.371313e-08,-0.00128493
1.381313e-08,-0.00125704
1.391313e-08,-0.00122655
1.401313e-08,-0.00119347
1.411313e-08,-0.00115974
1.421313e-08,-0.00112537
1.431313e-08,-0.00109164
1.441313e-08,-0.00105921
1.451313e-08,-0.00102807
1.461313e-08,-0.000998237
1.471313e-08,-0.000970995
1.481313e-08,-0.000945699
1.491313e-08,-0.000922348
1.501313e-08,-0.000900295
1.511313e-08,-0.000880837
1.521313e-08,-0.000863972
1.531313e-08,-0.000849703
1.541313e-08,-0.000838028
1.551313e-08,-0.000829596
1.561313e-08,-0.000822461
1.571313e-08,-0.00081792
1.581313e-08,-0.000814029
1.591313e-08,-0.000810137
1.601313e-08,-0.000805597
1.611313e-08,-0.000799759
1.621313e-08,-0.000791976
1.631313e-08,-0.000781598
1.641313e-08,-0.000769274
1.651313e-08,-0.000754356
1.661313e-08,-0.00073814
1.671313e-08,-0.000719979
1.681313e-08,-0.000701169
1.691313e-08,-0.00068171
1.701313e-08,-0.000662252
1.711313e-08,-0.00064409
1.721313e-08,-0.000627875
1.731313e-08,-0.000613605
1.741313e-08,-0.000600633
1.751313e-08,-0.000590255
1.761313e-08,-0.000582471
1.771313e-08,-0.000577282
1.781313e-08,-0.000574688
1.791313e-08,-0.000574688
1.801313e-08,-0.000577282
1.811313e-08,-0.000582471
1.821313e-08,-0.00058766
1.831313e-08,-0.000592849
1.841313e-08,-0.000596741
1.851313e-08,-0.000599335
1.861313e-08,-0.000598687
1.871313e-08,-0.000595444
1.881313e-08,-0.000589606
1.891313e-08,-0.000581823
1.901313e-08,-0.000572742
1.911313e-08,-0.000563013
1.921313e-08,-0.000553283
1.931313e-08,-0.000544203
1.941313e-08,-0.000536419
1.951313e-08,-0.000529933
1.961313e-08,-0.000525393
1.971313e-08,-0.000520852
1.981313e-08,-0.000516961
1.991313e-08,-0.000511772
2.001313e-08,-0.000506583
2.011313e-08,-0.000499448
2.021313e-08,-0.000491016
2.031313e-08,-0.000482584
2.041313e-08,-0.000473503
2.051313e-08,-0.000464422
2.061313e-08,-0.00045599
2.071313e-08,-0.000448207
2.081313e-08,-0.000442369
2.091313e-08,-0.00043718
2.101313e-08,-0.000433289
2.111313e-08,-0.000430694
2.121313e-08,-0.000428748
2.131313e-08,-0.000426154
2.141313e-08,-0.000424208
2.151313e-08,-0.000422262
2.161313e-08,-0.000420316
2.171313e-08,-0.00041837
2.181313e-08,-0.000416425
2.191313e-08,-0.000416425
2.201313e-08,-0.000416425
2.211313e-08,-0.000417073
2.221313e-08,-0.000417722
2.231313e-08,-0.000417073
2.241313e-08,-0.000415127
2.251313e-08,-0.000410587
2.261313e-08,-0.000404101
2.271313e-08,-0.000394371
2.281313e-08,-0.000381399
2.291313e-08,-0.000367129
2.301313e-08,-0.000350914
2.311313e-08,-0.00033405
2.321313e-08,-0.000319131
2.331313e-08,-0.00030551
2.341313e-08,-0.000295781
2.351313e-08,-0.000289295
2.361313e-08,-0.0002867
2.371313e-08,-0.000288646
2.381313e-08,-0.000293835
2.391313e-08,-0.000302916
2.401313e-08,-0.000315888
2.411313e-08,-0.000330807
2.421313e-08,-0.000346374
2.431313e-08,-0.000363238
2.441313e-08,-0.00038075
2.451313e-08,-0.000398912
2.461313e-08,-0.000416425
2.471313e-08,-0.000433937
2.481313e-08,-0.000452099
2.491313e-08,-0.000469611
2.501313e-08,-0.000485827
2.511313e-08,-0.000500745
2.521313e-08,-0.000513069
2.531313e-08,-0.000522798
2.541313e-08,-0.000528636
2.551313e-08,-0.00053123
2.561313e-08,-0.000530582
2.571313e-08,-0.000527987
2.581313e-08,-0.000523447
2.591313e-08,-0.000518258
2.601313e-08,-0.000514366
2.611313e-08,-0.000510474
2.621313e-08,-0.00050788
2.631313e-08,-0.000507231
2.641313e-08,-0.000506583
2.651313e-08,-0.000507231
2.661313e-08,-0.000506583
2.671313e-08,-0.000503988
2.681313e-08,-0.000500097
2.691313e-08,-0.000492962
2.701313e-08,-0.000483232
2.711313e-08,-0.000470909
2.721313e-08,-0.000456639
2.731313e-08,-0.000440423
2.741313e-08,-0.000423559
2.751313e-08,-0.000406047
2.761313e-08,-0.000387885
2.771313e-08,-0.000369724
2.781313e-08,-0.000351563
2.791313e-08,-0.000335347
2.801313e-08,-0.00031978
2.811313e-08,-0.000306159
2.821313e-08,-0.000293835
2.831313e-08,-0.000283457
2.841313e-08,-0.000276971
2.851313e-08,-0.000274377
2.861313e-08,-0.000275674
2.871313e-08,-0.000281512
2.881313e-08,-0.000291241
2.891313e-08,-0.000304213
2.901313e-08,-0.000319131
2.911313e-08,-0.000335347
2.921313e-08,-0.000350914
2.931313e-08,-0.000364535
2.941313e-08,-0.000375561
2.951313e-08,-0.000383345
2.961313e-08,-0.000387237
2.971313e-08,-0.000389182
2.981313e-08,-0.000387885
2.991313e-08,-0.000385291
3.001313e-08,-0.000381399
3.011313e-08,-0.000374913
3.021313e-08,-0.000366481
3.031313e-08,-0.000356103
3.041313e-08,-0.000343779
3.051313e-08,-0.000328212
3.061313e-08,-0.000309402
3.071313e-08,-0.000288646
3.081313e-08,-0.000265945
3.091313e-08,-0.000242594
3.101313e-08,-0.000219244
3.111313e-08,-0.00019784
3.121313e-08,-0.000179678
3.131313e-08,-0.000165409
3.141313e-08,-0.000155679
3.151313e-08,-0.000151139
3.161313e-08,-0.000151787
3.171313e-08,-0.000156328
3.181313e-08,-0.00016476
3.191313e-08,-0.000175786
3.201313e-08,-0.000188759
3.211313e-08,-0.000203028
3.221313e-08,-0.000217298
3.231313e-08,-0.000230271
3.241313e-08,-0.000241946
3.251313e-08,-0.000251026
3.261313e-08,-0.000257513
3.271313e-08,-0.000260756
3.281313e-08,-0.000261404
3.291313e-08,-0.000258161
3.301313e-08,-0.000251675
3.311313e-08,-0.000242594
3.321313e-08,-0.000231568
3.331313e-08,-0.000220541
3.341313e-08,-0.000209515
3.351313e-08,-0.000201083
3.361313e-08,-0.000194596
3.371313e-08,-0.000192651
3.381313e-08,-0.000195245
3.391313e-08,-0.000201731
3.401313e-08,-0.000212109
3.411313e-08,-0.000224433
3.421313e-08,-0.000237405
3.431313e-08,-0.000249729
3.441313e-08,-0.000260756
3.451313e-08,-0.000269188
3.461313e-08,-0.000275674
3.471313e-08,-0.000279566
3.481313e-08,-0.00028216
3.491313e-08,-0.000283457
3.501313e-08,-0.000285403
3.511313e-08,-0.000288646
3.521313e-08,-0.000295133
3.531313e-08,-0.000304862
3.541313e-08,-0.000316537
3.551313e-08,-0.000330807
3.561313e-08,-0.000346374
3.571313e-08,-0.000361292
3.581313e-08,-0.000374264
3.591313e-08,-0.000384642
3.601313e-08,-0.00039048
3.611313e-08,-0.00039048
3.621313e-08,-0.000385291
3.631313e-08,-0.000374913
3.641313e-08,-0.000360643
3.651313e-08,-0.000342482
3.661313e-08,-0.000321726
3.671313e-08,-0.000299024
3.681313e-08,-0.000275674
3.691313e-08,-0.000253621
3.701313e-08,-0.000232216
3.711313e-08,-0.000212758
3.721313e-08,-0.000194596
3.731313e-08,-0.000178381
3.741313e-08,-0.000164111
3.751313e-08,-0.000152436
3.761313e-08,-0.000143355
3.771313e-08,-0.000136221
3.781313e-08,-0.00013168
3.791313e-08,-0.000129086
3.801313e-08,-0.00012714
3.811313e-08,-0.000126491
3.821313e-08,-0.000125843
3.831313e-08,-0.000124545
3.841313e-08,-0.000121951
3.851313e-08,-0.000116762
3.861313e-08,-0.00010833
3.871313e-08,-9.73034e-05
3.881313e-08,-8.49796e-05
3.891313e-08,-7.071e-05
3.901313e-08,-5.57917e-05
3.911313e-08,-4.08734e-05
3.921313e-08,-2.59552e-05
3.931313e-08,-1.23342e-05
3.941313e-08,-1.30762e-06
3.951313e-08,7.12444e-06
3.961313e-08,1.2962e-05
3.971313e-08,1.62051e-05
3.981313e-08,1.8151e-05
3.991313e-08,1.8151e-05
4.001313e-08,1.68537e-05
4.011313e-08,1.55565e-05
4.021313e-08,1.36106e-05
4.031313e-08,1.2962e-05
4.041313e-08,1.16648e-05
4.051313e-08,1.16648e-05
4.061313e-08,1.16648e-05
4.071313e-08,1.23134e-05
4.081313e-08,1.23134e-05
4.091313e-08,1.10162e-05
4.101313e-08,8.42168e-06
4.111313e-08,3.23272e-06
4.121313e-08,-6.49658e-06
4.131313e-08,-2.01176e-05
4.141313e-08,-3.8279e-05
4.151313e-08,-5.96834e-05
4.161313e-08,-8.4331e-05
4.171313e-08,-0.000110276
4.181313e-08,-0.000136869
4.191313e-08,-0.000163463
4.201313e-08,-0.000187462
4.211313e-08,-0.000208217
4.221313e-08,-0.000223784
4.231313e-08,-0.000234162
4.241313e-08,-0.000238703
4.251313e-08,-0.000238703
4.261313e-08,-0.000233514
4.271313e-08,-0.000225082
4.281313e-08,-0.000214704
4.291313e-08,-0.000204974
4.301313e-08,-0.000195245
4.311313e-08,-0.000187462
4.321313e-08,-0.000182273
4.331313e-08,-0.000179678
4.341313e-08,-0.000179678
4.351313e-08,-0.000182273
4.361313e-08,-0.00018811
4.371313e-08,-0.000195245
4.381313e-08,-0.000203028
4.391313e-08,-0.000210163
4.401313e-08,-0.000217298
4.411313e-08,-0.000223784
4.421313e-08,-0.000228973
4.431313e-08,-0.000234162
4.441313e-08,-0.000240648
4.451313e-08,-0.000247135
4.461313e-08,-0.000254918
4.471313e-08,-0.000263999
4.481313e-08,-0.000275025
4.491313e-08,-0.0002867
4.501313e-08,-0.000298376
4.511313e-08,-0.000308754
4.521313e-08,-0.000317186
4.531313e-08,-0.000322375
4.541313e-08,-0.000321726
4.551313e-08,-0.00031524
4.561313e-08,-0.000304213
4.571313e-08,-0.000287998
4.581313e-08,-0.000268539
4.591313e-08,-0.000247135
4.601313e-08,-0.00022573
4.611313e-08,-0.00020692
4.621313e-08,-0.000192651
4.631313e-08,-0.000182273
4.641313e-08,-0.000178381
4.651313e-08,-0.00017903
4.661313e-08,-0.000182921
4.671313e-08,-0.000188759
4.681313e-08,-0.000195245
4.691313e-08,-0.000200434
4.701313e-08,-0.00020238
4.711313e-08,-0.000199785
4.721313e-08,-0.000192651
4.731313e-08,-0.000179678
4.741313e-08,-0.000161517
4.751313e-08,-0.000139464
4.761313e-08,-0.000114168
4.771313e-08,-8.82227e-05
4.781313e-08,-6.16293e-05
4.791313e-08,-3.56845e-05
4.801313e-08,-1.16855e-05
4.811313e-08,7.77306e-06
4.821313e-08,2.20427e-05
4.831313e-08,2.98261e-05
4.841313e-08,3.24206e-05
4.851313e-08,2.91775e-05
4.861313e-08,2.20427e-05
4.871313e-08,1.03675e-05
4.881313e-08,-3.25348e-06
4.891313e-08,-1.81717e-05
4.901313e-08,-3.11441e-05
4.911313e-08,-4.21707e-05
4.921313e-08,-4.99541e-05
4.931313e-08,-5.51431e-05
4.941313e-08,-5.7089e-05
4.951313e-08,-5.77376e-05
4.961313e-08,-5.83862e-05
4.971313e-08,-5.90348e-05
4.981313e-08,-6.03321e-05
4.991313e-08,-6.42238e-05
5.001313e-08,-7.13586e-05
5.011313e-08,-8.04393e-05
5.021313e-08,-9.08172e-05
5.031313e-08,-0.000101195
5.041313e-08,-0.000111573
5.051313e-08,-0.000119356
5.061313e-08,-0.000123897
5.071313e-08,-0.000124545
5.081313e-08,-0.000121951
5.091313e-08,-0.000115465
5.101313e-08,-0.000106384
5.111313e-08,-9.47089e-05
5.121313e-08,-8.30338e-05
5.131313e-08,-7.13586e-05
5.141313e-08,-5.96834e-05
5.151313e-08,-4.86569e-05
5.161313e-08,-3.8279e-05
5.171313e-08,-2.7901e-05
5.181313e-08,-1.75231e-05
5.191313e-08,-5.84796e-06
5.201313e-08,7.12444e-06
5.211313e-08,2.13941e-05
5.221313e-08,3.76096e-05
5.231313e-08,5.44737e-05
5.241313e-08,7.13378e-05
5.251313e-08,8.69047e-05
5.261313e-08,0.000101823
5.271313e-08,0.000114147
5.281313e-08,0.000123227
5.291313e-08,0.000128416
5.301313e-08,0.000129065
5.311313e-08,0.000125173
5.321313e-08,0.000114795
5.331313e-08,9.85799e-05
5.341313e-08,7.71754e-05
5.351313e-08,5.31765e-05
5.361313e-08,2.6583e-05
5.371313e-08,-6.58998e-07
5.381313e-08,-2.66038e-05
5.391313e-08,-4.99541e-05
5.401313e-08,-6.87641e-05
5.411313e-08,-8.30338e-05
5.421313e-08,-8.952e-05
5.431313e-08,-9.01686e-05
5.441313e-08,-8.56282e-05
5.451313e-08,-7.58989e-05
5.461313e-08,-6.35752e-05
5.471313e-08,-5.06027e-05
5.481313e-08,-3.8279e-05
5.491313e-08,-2.91983e-05
5.501313e-08,-2.53066e-05
5.511313e-08,-2.72524e-05
5.521313e-08,-3.63331e-05
5.531313e-08,-5.19e-05
5.541313e-08,-7.13586e-05
5.551313e-08,-9.34117e-05
5.561313e-08,-0.000116762
5.571313e-08,-0.000138815
5.581313e-08,-0.000156328
5.591313e-08,-0.000167354
5.601313e-08,-0.000170597
5.611313e-08,-0.000166057
5.621313e-08,-0.000154382
5.631313e-08,-0.000138166
5.641313e-08,-0.000118708
5.651313e-08,-9.7952e-05
5.661313e-08,-7.58989e-05
5.671313e-08,-5.44945e-05
5.681313e-08,-3.56845e-05
5.691313e-08,-2.01176e-05
5.701313e-08,-7.1452e-06
5.711313e-08,3.23272e-06
5.721313e-08,1.23134e-05
5.731313e-08,2.00968e-05
5.741313e-08,2.78803e-05
5.751313e-08,3.56637e-05
5.761313e-08,4.47444e-05
5.771313e-08,5.38251e-05
5.781313e-08,6.48516e-05
5.791313e-08,7.65268e-05
5.801313e-08,8.88506e-05
5.811313e-08,0.000100526
5.821313e-08,0.000112201
5.831313e-08,0.000122579
5.841313e-08,0.00013166
5.851313e-08,0.000138794
5.861313e-08,0.000143335
5.871313e-08,0.000145929
5.881313e-08,0.000145281
5.891313e-08,0.000143335
5.901313e-08,0.000140092
5.911313e-08,0.0001362
5.921313e-08,0.000132308
5.931313e-08,0.000128416
5.941313e-08,0.000125822
5.951313e-08,0.000125173
5.961313e-08,0.000127119
5.971313e-08,0.00013166
5.981313e-08,0.000138794
5.991313e-08,0.000147226
6.001313e-08,0.000155658
6.011313e-08,0.000162145
6.021313e-08,0.000166036
6.031313e-08,0.000164739
6.041313e-08,0.000158253
6.051313e-08,0.000144632
6.061313e-08,0.000125173
6.071313e-08,0.000100526
6.081313e-08,7.19865e-05
6.091313e-08,4.08527e-05
6.101313e-08,1.03675e-05
6.111313e-08,-1.81717e-05
6.121313e-08,-4.34679e-05
6.131313e-08,-6.35752e-05
6.141313e-08,-7.78448e-05
6.151313e-08,-8.69255e-05
6.161313e-08,-9.08172e-05
6.171313e-08,-9.01686e-05
6.181313e-08,-8.49796e-05
6.191313e-08,-7.65476e-05
6.201313e-08,-6.5521e-05
6.211313e-08,-5.25486e-05
6.221313e-08,-3.89276e-05
6.231313e-08,-2.40093e-05
6.241313e-08,-8.44244e-06
6.251313e-08,7.12444e-06
6.261313e-08,2.33399e-05
6.271313e-08,3.89068e-05
6.281313e-08,5.31765e-05
6.291313e-08,6.67975e-05
6.301313e-08,7.7824e-05
6.311313e-08,8.56075e-05
6.321313e-08,9.01478e-05
6.331313e-08,9.14451e-05
6.341313e-08,8.8202e-05
6.351313e-08,8.23644e-05
6.361313e-08,7.45809e-05
6.371313e-08,6.55003e-05
6.381313e-08,5.70682e-05
6.391313e-08,4.92848e-05
6.401313e-08,4.21499e-05
6.411313e-08,3.6961e-05
6.421313e-08,3.37179e-05
6.431313e-08,3.11234e-05
6.441313e-08,2.91775e-05
6.451313e-08,2.6583e-05
6.461313e-08,2.20427e-05
6.471313e-08,1.55565e-05
6.481313e-08,5.8272e-06
6.491313e-08,-5.84796e-06
6.501313e-08,-1.9469e-05
6.511313e-08,-3.43872e-05
6.521313e-08,-4.93055e-05
6.531313e-08,-6.42238e-05
6.541313e-08,-7.78448e-05
6.551313e-08,-8.88713e-05
6.561313e-08,-9.73034e-05
6.571313e-08,-0.000101844
6.581313e-08,-0.000101844
6.591313e-08,-9.92493e-05
6.601313e-08,-9.34117e-05
6.611313e-08,-8.49796e-05
6.621313e-08,-7.39531e-05
6.631313e-08,-6.16293e-05
6.641313e-08,-4.93055e-05
6.651313e-08,-3.63331e-05
6.661313e-08,-2.40093e-05
6.671313e-08,-1.16855e-05
6.681313e-08,-1.30762e-06
6.691313e-08,7.77306e-06
6.701313e-08,1.49079e-05
6.711313e-08,2.00968e-05
6.721313e-08,2.39886e-05
6.731313e-08,2.59344e-05
6.741313e-08,2.78803e-05
6.751313e-08,3.04748e-05
6.761313e-08,3.30692e-05
6.771313e-08,3.6961e-05
6.781313e-08,4.15013e-05
6.791313e-08,4.79875e-05
6.801313e-08,5.51223e-05
6.811313e-08,6.22572e-05
6.821313e-08,7.06892e-05
6.831313e-08,7.84727e-05
6.841313e-08,8.49589e-05
6.851313e-08,9.01478e-05
6.861313e-08,9.33909e-05
6.871313e-08,9.46882e-05
6.881313e-08,9.46882e-05
6.891313e-08,9.20937e-05
6.901313e-08,8.88506e-05
6.911313e-08,8.36616e-05
6.921313e-08,7.84727e-05
6.931313e-08,7.19865e-05
6.941313e-08,6.55003e-05
6.951313e-08,5.96627e-05
6.961313e-08,5.31765e-05
6.971313e-08,4.66903e-05
6.981313e-08,4.02041e-05
6.991313e-08,3.43665e-05
7.001313e-08,2.78803e-05
7.011313e-08,2.13941e-05
7.021313e-08,1.55565e-05
7.031313e-08,1.10162e-05
7.041313e-08,7.12444e-06
7.051313e-08,5.17858e-06
7.061313e-08,4.52996e-06
7.071313e-08,5.17858e-06
7.081313e-08,6.47582e-06
7.091313e-08,8.42168e-06
7.101313e-08,1.10162e-05
7.111313e-08,1.36106e-05
7.121313e-08,1.68537e-05
7.131313e-08,1.94482e-05
7.141313e-08,2.20427e-05
7.151313e-08,2.46372e-05
7.161313e-08,2.78803e-05
7.171313e-08,3.1772e-05
7.181313e-08,3.56637e-05
7.191313e-08,3.89068e-05
7.201313e-08,4.27986e-05
7.211313e-08,4.73389e-05
7.221313e-08,5.12306e-05
7.231313e-08,5.44737e-05
7.241313e-08,5.77168e-05
7.251313e-08,6.16085e-05
7.261313e-08,6.55003e-05
7.271313e-08,6.9392e-05
7.281313e-08,7.45809e-05
7.291313e-08,8.04185e-05
7.301313e-08,8.56075e-05
7.311313e-08,8.94992e-05
7.321313e-08,9.01478e-05
7.331313e-08,8.75533e-05
7.341313e-08,8.10671e-05
7.351313e-08,7.06892e-05
7.361313e-08,5.44737e-05
7.371313e-08,3.43665e-05
7.381313e-08,1.16648e-05
7.391313e-08,-1.29828e-05
7.401313e-08,-3.69817e-05
7.411313e-08,-5.83862e-05
7.421313e-08,-7.46017e-05
7.431313e-08,-8.56282e-05
7.441313e-08,-9.01686e-05
7.451313e-08,-8.82227e-05
7.461313e-08,-7.9142e-05
7.471313e-08,-6.5521e-05
7.481313e-08,-4.80083e-05
7.491313e-08,-2.7901e-05
7.501313e-08,-8.44244e-06
7.511313e-08,8.42168e-06
7.521313e-08,2.20427e-05
7.531313e-08,3.11234e-05
7.541313e-08,3.50151e-05
7.551313e-08,3.30692e-05
7.561313e-08,2.59344e-05
7.571313e-08,1.62051e-05
7.581313e-08,4.52996e-06
7.591313e-08,-6.49658e-06
7.601313e-08,-1.62259e-05
7.611313e-08,-2.33607e-05
7.621313e-08,-2.46579e-05
7.631313e-08,-2.01176e-05
7.641313e-08,-9.09106e-06
7.651313e-08,7.77306e-06
7.661313e-08,3.04748e-05
7.671313e-08,5.77168e-05
7.681313e-08,8.69047e-05
7.691313e-08,0.000116093
7.701313e-08,0.000144632
7.711313e-08,0.000169928
7.721313e-08,0.000190035
