LECROYWaveRunner‘N,20113,Waveform
Segments,1,SegmentSize,2002
Segment,TrigTime,TimeSinceSegment1
#1,28-Sep-2018 13:21:16,0                 
Time,Ampl
-1.228557e-07,-7.13586e-05
-1.227557e-07,-5.31972e-05
-1.226557e-07,-3.89276e-05
-1.225557e-07,-2.98469e-05
-1.224557e-07,-2.53066e-05
-1.223557e-07,-2.46579e-05
-1.222557e-07,-2.72524e-05
-1.221557e-07,-3.11441e-05
-1.220557e-07,-3.56845e-05
-1.219557e-07,-4.02248e-05
-1.218557e-07,-4.47652e-05
-1.217557e-07,-4.99541e-05
-1.216557e-07,-5.51431e-05
-1.215557e-07,-6.22779e-05
-1.214557e-07,-7.071e-05
-1.213557e-07,-7.97907e-05
-1.212557e-07,-8.75741e-05
-1.211557e-07,-9.47089e-05
-1.210557e-07,-9.98979e-05
-1.209557e-07,-0.000101195
-1.208557e-07,-9.60062e-05
-1.207557e-07,-8.49796e-05
-1.206557e-07,-6.81155e-05
-1.205557e-07,-4.6711e-05
-1.204557e-07,-2.33607e-05
-1.203557e-07,-6.58998e-07
-1.202557e-07,1.75024e-05
-1.201557e-07,2.98261e-05
-1.200557e-07,3.37179e-05
-1.199557e-07,2.91775e-05
-1.198557e-07,1.62051e-05
-1.197557e-07,-4.55072e-06
-1.196557e-07,-3.11441e-05
-1.195557e-07,-6.22779e-05
-1.194557e-07,-9.60062e-05
-1.193557e-07,-0.000129734
-1.192557e-07,-0.00016022
-1.191557e-07,-0.00018811
-1.190557e-07,-0.000212109
-1.189557e-07,-0.000232216
-1.188557e-07,-0.000247135
-1.187557e-07,-0.00025881
-1.186557e-07,-0.000265945
-1.185557e-07,-0.000267891
-1.184557e-07,-0.000264647
-1.183557e-07,-0.000255567
-1.182557e-07,-0.000241297
-1.181557e-07,-0.000221838
-1.180557e-07,-0.000198488
-1.179557e-07,-0.000173192
-1.178557e-07,-0.000148544
-1.177557e-07,-0.000125194
-1.176557e-07,-0.000105087
-1.175557e-07,-9.14658e-05
-1.174557e-07,-8.49796e-05
-1.173557e-07,-8.56282e-05
-1.172557e-07,-9.21144e-05
-1.171557e-07,-0.000103141
-1.170557e-07,-0.000116113
-1.169557e-07,-0.000129086
-1.168557e-07,-0.000139464
-1.167557e-07,-0.000144653
-1.166557e-07,-0.000144653
-1.165557e-07,-0.000138166
-1.164557e-07,-0.000125843
-1.163557e-07,-0.000109627
-1.162557e-07,-9.08172e-05
-1.161557e-07,-7.20072e-05
-1.160557e-07,-5.38459e-05
-1.159557e-07,-3.76303e-05
-1.158557e-07,-2.40093e-05
-1.157557e-07,-1.23342e-05
-1.156557e-07,-3.25348e-06
-1.155557e-07,2.5841e-06
-1.154557e-07,7.12444e-06
-1.153557e-07,9.0703e-06
-1.152557e-07,9.0703e-06
-1.151557e-07,5.8272e-06
-1.150557e-07,-2.60486e-06
-1.149557e-07,-1.75231e-05
-1.148557e-07,-3.89276e-05
-1.147557e-07,-6.74669e-05
-1.146557e-07,-0.000101195
-1.145557e-07,-0.000137518
-1.144557e-07,-0.000174489
-1.143557e-07,-0.000208866
-1.142557e-07,-0.000236108
-1.141557e-07,-0.000254918
-1.140557e-07,-0.000262702
-1.139557e-07,-0.000259458
-1.138557e-07,-0.000246486
-1.137557e-07,-0.00022573
-1.136557e-07,-0.000201083
-1.135557e-07,-0.000175786
-1.134557e-07,-0.000152436
-1.133557e-07,-0.000134275
-1.132557e-07,-0.0001226
-1.131557e-07,-0.000117411
-1.130557e-07,-0.000119356
-1.129557e-07,-0.000125194
-1.128557e-07,-0.000132978
-1.127557e-07,-0.000140761
-1.126557e-07,-0.000147247
-1.125557e-07,-0.00015049
-1.124557e-07,-0.000149842
-1.123557e-07,-0.000147247
-1.122557e-07,-0.000143355
-1.121557e-07,-0.000137518
-1.120557e-07,-0.000131032
-1.119557e-07,-0.000123897
-1.118557e-07,-0.000116762
-1.117557e-07,-0.000108979
-1.116557e-07,-9.92493e-05
-1.115557e-07,-8.75741e-05
-1.114557e-07,-7.39531e-05
-1.113557e-07,-5.77376e-05
-1.112557e-07,-4.02248e-05
-1.111557e-07,-2.40093e-05
-1.110557e-07,-1.03883e-05
-1.109557e-07,-1.30762e-06
-1.108557e-07,1.93548e-06
-1.107557e-07,-1.30762e-06
-1.106557e-07,-1.23342e-05
-1.105557e-07,-2.91983e-05
-1.104557e-07,-5.06027e-05
-1.103557e-07,-7.46017e-05
-1.102557e-07,-9.86006e-05
-1.101557e-07,-0.000119356
-1.100557e-07,-0.000135572
-1.099557e-07,-0.00014595
-1.098557e-07,-0.000151139
-1.097557e-07,-0.00015049
-1.096557e-07,-0.000145301
-1.095557e-07,-0.000135572
-1.094557e-07,-0.0001226
-1.093557e-07,-0.00010833
-1.092557e-07,-9.27631e-05
-1.091557e-07,-7.71962e-05
-1.090557e-07,-6.03321e-05
-1.089557e-07,-4.34679e-05
-1.088557e-07,-2.46579e-05
-1.087557e-07,-5.84796e-06
-1.086557e-07,1.23134e-05
-1.085557e-07,2.98261e-05
-1.084557e-07,4.5393e-05
-1.083557e-07,5.83654e-05
-1.082557e-07,6.74461e-05
-1.081557e-07,7.13378e-05
-1.080557e-07,7.00406e-05
-1.079557e-07,6.48516e-05
-1.078557e-07,5.51223e-05
-1.077557e-07,4.40958e-05
-1.076557e-07,3.37179e-05
-1.075557e-07,2.52858e-05
-1.074557e-07,1.94482e-05
-1.073557e-07,1.75024e-05
-1.072557e-07,1.94482e-05
-1.071557e-07,2.33399e-05
-1.070557e-07,2.91775e-05
-1.069557e-07,3.43665e-05
-1.068557e-07,3.76096e-05
-1.067557e-07,3.76096e-05
-1.066557e-07,3.37179e-05
-1.065557e-07,2.59344e-05
-1.064557e-07,1.68537e-05
-1.063557e-07,8.42168e-06
-1.062557e-07,1.28686e-06
-1.061557e-07,-1.30762e-06
-1.060557e-07,1.28686e-06
-1.059557e-07,9.71892e-06
-1.058557e-07,2.26913e-05
-1.057557e-07,3.89068e-05
-1.056557e-07,5.64196e-05
-1.055557e-07,7.13378e-05
-1.054557e-07,8.10671e-05
-1.053557e-07,8.43102e-05
-1.052557e-07,7.97699e-05
-1.051557e-07,6.67975e-05
-1.050557e-07,4.73389e-05
-1.049557e-07,2.33399e-05
-1.048557e-07,-2.60486e-06
-1.047557e-07,-2.7901e-05
-1.046557e-07,-4.99541e-05
-1.045557e-07,-6.61696e-05
-1.044557e-07,-7.58989e-05
-1.043557e-07,-7.84934e-05
-1.042557e-07,-7.52503e-05
-1.041557e-07,-6.81155e-05
-1.040557e-07,-5.83862e-05
-1.039557e-07,-4.73596e-05
-1.038557e-07,-3.69817e-05
-1.037557e-07,-2.7901e-05
-1.036557e-07,-2.14148e-05
-1.035557e-07,-1.68745e-05
-1.034557e-07,-1.55773e-05
-1.033557e-07,-1.55773e-05
-1.032557e-07,-1.68745e-05
-1.031557e-07,-1.88204e-05
-1.030557e-07,-2.14148e-05
-1.029557e-07,-2.46579e-05
-1.028557e-07,-2.7901e-05
-1.027557e-07,-3.04955e-05
-1.026557e-07,-3.24414e-05
-1.025557e-07,-3.24414e-05
-1.024557e-07,-2.98469e-05
-1.023557e-07,-2.27121e-05
-1.022557e-07,-1.10369e-05
-1.021557e-07,5.17858e-06
-1.020557e-07,2.59344e-05
-1.019557e-07,5.0582e-05
-1.018557e-07,7.7824e-05
-1.017557e-07,0.000105715
-1.016557e-07,0.000132308
-1.015557e-07,0.000155658
-1.014557e-07,0.000174468
-1.013557e-07,0.000187441
-1.012557e-07,0.000194576
-1.011557e-07,0.000196522
-1.010557e-07,0.000193927
-1.009557e-07,0.000188089
-1.008557e-07,0.000181603
-1.007557e-07,0.000175766
-1.006557e-07,0.000169928
-1.005557e-07,0.000165388
-1.004557e-07,0.000160199
-1.003557e-07,0.00015501
-1.002557e-07,0.000147875
-1.001557e-07,0.000137497
-1.000557e-07,0.000122579
-9.995566e-08,0.00010312
-9.985566e-08,7.84727e-05
-9.975566e-08,5.12306e-05
-9.965566e-08,2.26913e-05
-9.955566e-08,-5.19934e-06
-9.945566e-08,-3.11441e-05
-9.935566e-08,-5.25486e-05
-9.925566e-08,-6.81155e-05
-9.915566e-08,-7.71962e-05
-9.905566e-08,-8.04393e-05
-9.895566e-08,-7.84934e-05
-9.885566e-08,-7.26558e-05
-9.875566e-08,-6.42238e-05
-9.865566e-08,-5.38459e-05
-9.855566e-08,-4.21707e-05
-9.845566e-08,-3.04955e-05
-9.835566e-08,-1.88204e-05
-9.825566e-08,-8.44244e-06
-9.815566e-08,1.93548e-06
-9.805566e-08,1.16648e-05
-9.795566e-08,2.00968e-05
-9.785566e-08,2.72317e-05
-9.775566e-08,3.1772e-05
-9.765566e-08,3.24206e-05
-9.755566e-08,2.85289e-05
-9.745566e-08,1.94482e-05
-9.735566e-08,5.17858e-06
-9.725566e-08,-1.23342e-05
-9.715566e-08,-3.17928e-05
-9.705566e-08,-5.19e-05
-9.695566e-08,-6.94127e-05
-9.685566e-08,-8.23851e-05
-9.675566e-08,-8.75741e-05
-9.665566e-08,-8.4331e-05
-9.655566e-08,-7.26558e-05
-9.645566e-08,-5.31972e-05
-9.635566e-08,-2.7901e-05
-9.625566e-08,1.28686e-06
-9.615566e-08,3.24206e-05
-9.605566e-08,6.29058e-05
-9.595566e-08,9.14451e-05
-9.585566e-08,0.000116093
-9.575566e-08,0.0001362
-9.565566e-08,0.000151767
-9.555566e-08,0.000165388
-9.545566e-08,0.000176414
-9.535566e-08,0.000186792
-9.525566e-08,0.000195873
-9.515566e-08,0.000204305
-9.505566e-08,0.000212088
-9.495566e-08,0.000217926
-9.485566e-08,0.000221818
-9.475566e-08,0.000222466
-9.465566e-08,0.000219872
-9.455566e-08,0.000212088
-9.445566e-08,0.000200413
-9.435566e-08,0.000185495
-9.425566e-08,0.000167334
-9.415566e-08,0.000147226
-9.405566e-08,0.000125822
-9.395566e-08,0.00010312
-9.385566e-08,8.04185e-05
-9.375566e-08,5.83654e-05
-9.365566e-08,3.63124e-05
-9.355566e-08,1.49079e-05
-9.345566e-08,-6.49658e-06
-9.335566e-08,-2.7901e-05
-9.325566e-08,-4.80083e-05
-9.315566e-08,-6.5521e-05
-9.305566e-08,-8.04393e-05
-9.295566e-08,-9.01686e-05
-9.285566e-08,-9.40603e-05
-9.275566e-08,-9.14658e-05
-9.265566e-08,-8.36824e-05
-9.255566e-08,-7.13586e-05
-9.245566e-08,-5.51431e-05
-9.235566e-08,-3.69817e-05
-9.225566e-08,-2.01176e-05
-9.215566e-08,-5.19934e-06
-9.205566e-08,5.8272e-06
-9.195566e-08,1.10162e-05
-9.185566e-08,1.10162e-05
-9.175566e-08,6.47582e-06
-9.165566e-08,-1.30762e-06
-9.155566e-08,-1.10369e-05
-9.145566e-08,-2.07662e-05
-9.135566e-08,-2.91983e-05
-9.125566e-08,-3.50359e-05
-9.115566e-08,-3.95762e-05
-9.105566e-08,-4.28193e-05
-9.095566e-08,-4.60624e-05
-9.085566e-08,-5.06027e-05
-9.075566e-08,-5.64403e-05
-9.065566e-08,-6.42238e-05
-9.055566e-08,-7.46017e-05
-9.045566e-08,-8.56282e-05
-9.035566e-08,-9.73034e-05
-9.025566e-08,-0.000107681
-9.015566e-08,-0.000115465
-9.005566e-08,-0.000120654
-8.995566e-08,-0.000123248
-8.985566e-08,-0.0001226
-8.975566e-08,-0.000119356
-8.965566e-08,-0.000116113
-8.955566e-08,-0.00011287
-8.945566e-08,-0.000110924
-8.935566e-08,-0.000111573
-8.925566e-08,-0.000114168
-8.915566e-08,-0.000118059
-8.905566e-08,-0.000123248
-8.895566e-08,-0.000127789
-8.885566e-08,-0.000132329
-8.875566e-08,-0.000135572
-8.865566e-08,-0.000138166
-8.855566e-08,-0.000140761
-8.845566e-08,-0.000143355
-8.835566e-08,-0.000147896
-8.825566e-08,-0.000155031
-8.815566e-08,-0.00016476
-8.805566e-08,-0.000175786
-8.795566e-08,-0.00018811
-8.785566e-08,-0.000199785
-8.775566e-08,-0.000208217
-8.765566e-08,-0.000210812
-8.755566e-08,-0.000206272
-8.745566e-08,-0.000193299
-8.735566e-08,-0.000171895
-8.725566e-08,-0.000143355
-8.715566e-08,-0.000110924
-8.705566e-08,-7.71962e-05
-8.695566e-08,-4.54138e-05
-8.685566e-08,-1.9469e-05
-8.675566e-08,-6.58998e-07
-8.665566e-08,9.0703e-06
-8.655566e-08,9.71892e-06
-8.645566e-08,2.5841e-06
-8.635566e-08,-1.03883e-05
-8.625566e-08,-2.72524e-05
-8.615566e-08,-4.54138e-05
-8.605566e-08,-6.09807e-05
-8.595566e-08,-7.39531e-05
-8.585566e-08,-8.30338e-05
-8.575566e-08,-8.75741e-05
-8.565566e-08,-8.69255e-05
-8.555566e-08,-8.36824e-05
-8.545566e-08,-7.9142e-05
-8.535566e-08,-7.46017e-05
-8.525566e-08,-7.071e-05
-8.515566e-08,-6.74669e-05
-8.505566e-08,-6.61696e-05
-8.495566e-08,-6.5521e-05
-8.485566e-08,-6.48724e-05
-8.475566e-08,-6.42238e-05
-8.465566e-08,-6.22779e-05
-8.455566e-08,-5.90348e-05
-8.445566e-08,-5.38459e-05
-8.435566e-08,-4.6711e-05
-8.425566e-08,-3.89276e-05
-8.415566e-08,-3.17928e-05
-8.405566e-08,-2.46579e-05
-8.395566e-08,-1.75231e-05
-8.385566e-08,-1.16855e-05
-8.375566e-08,-5.84796e-06
-8.365566e-08,6.38242e-07
-8.355566e-08,8.42168e-06
-8.345566e-08,1.75024e-05
-8.335566e-08,2.91775e-05
-8.325566e-08,4.27986e-05
-8.315566e-08,5.64196e-05
-8.305566e-08,6.9392e-05
-8.295566e-08,7.97699e-05
-8.285566e-08,8.69047e-05
-8.275566e-08,9.01478e-05
-8.265566e-08,8.88506e-05
-8.255566e-08,8.3013e-05
-8.245566e-08,7.45809e-05
-8.235566e-08,6.35544e-05
-8.225566e-08,5.25279e-05
-8.215566e-08,4.15013e-05
-8.205566e-08,3.1772e-05
-8.195566e-08,2.46372e-05
-8.185566e-08,1.8151e-05
-8.175566e-08,1.2962e-05
-8.165566e-08,7.77306e-06
-8.155566e-08,1.93548e-06
-8.145566e-08,-5.19934e-06
-8.135566e-08,-1.428e-05
-8.125566e-08,-2.33607e-05
-8.115566e-08,-3.24414e-05
-8.105566e-08,-4.08734e-05
-8.095566e-08,-4.6711e-05
-8.085566e-08,-4.93055e-05
-8.075566e-08,-4.80083e-05
-8.065566e-08,-4.34679e-05
-8.055566e-08,-3.63331e-05
-8.045566e-08,-2.7901e-05
-8.035566e-08,-2.01176e-05
-8.025566e-08,-1.36314e-05
-8.015566e-08,-1.03883e-05
-8.005566e-08,-1.10369e-05
-7.995566e-08,-1.49286e-05
-7.985566e-08,-2.27121e-05
-7.975566e-08,-3.17928e-05
-7.965566e-08,-4.15221e-05
-7.955566e-08,-4.99541e-05
-7.945566e-08,-5.64403e-05
-7.935566e-08,-6.09807e-05
-7.925566e-08,-6.42238e-05
-7.915566e-08,-6.68183e-05
-7.905566e-08,-7.00614e-05
-7.895566e-08,-7.46017e-05
-7.885566e-08,-8.17365e-05
-7.875566e-08,-9.14658e-05
-7.865566e-08,-0.00010379
-7.855566e-08,-0.000116762
-7.845566e-08,-0.000129086
-7.835566e-08,-0.000140112
-7.825566e-08,-0.000147896
-7.815566e-08,-0.000151139
-7.805566e-08,-0.000149193
-7.795566e-08,-0.000143355
-7.785566e-08,-0.000133626
-7.775566e-08,-0.0001226
-7.765566e-08,-0.000111573
-7.755566e-08,-0.000101195
-7.745566e-08,-9.47089e-05
-7.735566e-08,-9.14658e-05
-7.725566e-08,-9.14658e-05
-7.715566e-08,-9.40603e-05
-7.705566e-08,-9.86006e-05
-7.695566e-08,-0.00010379
-7.685566e-08,-0.000108979
-7.675566e-08,-0.00011287
-7.665566e-08,-0.000115465
-7.655566e-08,-0.000116113
-7.645566e-08,-0.000116113
-7.635566e-08,-0.000116113
-7.625566e-08,-0.000118059
-7.615566e-08,-0.000121951
-7.605566e-08,-0.000127789
-7.595566e-08,-0.000134923
-7.585566e-08,-0.000144004
-7.575566e-08,-0.000151787
-7.565566e-08,-0.000156328
-7.555566e-08,-0.000156976
-7.545566e-08,-0.000151787
-7.535566e-08,-0.000140761
-7.525566e-08,-0.000123248
-7.515566e-08,-0.000100547
-7.505566e-08,-7.39531e-05
-7.495566e-08,-4.6711e-05
-7.485566e-08,-2.07662e-05
-7.475566e-08,1.93548e-06
-7.465566e-08,1.94482e-05
-7.455566e-08,3.04748e-05
-7.445566e-08,3.56637e-05
-7.435566e-08,3.43665e-05
-7.425566e-08,2.72317e-05
-7.415566e-08,1.68537e-05
-7.405566e-08,3.23272e-06
-7.395566e-08,-1.10369e-05
-7.385566e-08,-2.53066e-05
-7.375566e-08,-3.95762e-05
-7.365566e-08,-5.25486e-05
-7.355566e-08,-6.42238e-05
-7.345566e-08,-7.52503e-05
-7.335566e-08,-8.49796e-05
-7.325566e-08,-9.21144e-05
-7.315566e-08,-9.73034e-05
-7.305566e-08,-0.000100547
-7.295566e-08,-0.000101844
-7.285566e-08,-0.000101844
-7.275566e-08,-9.98979e-05
-7.265566e-08,-9.73034e-05
-7.255566e-08,-9.47089e-05
-7.245566e-08,-9.27631e-05
-7.235566e-08,-9.14658e-05
-7.225566e-08,-9.21144e-05
-7.215566e-08,-9.34117e-05
-7.205566e-08,-9.53575e-05
-7.195566e-08,-9.60062e-05
-7.185566e-08,-9.47089e-05
-7.175566e-08,-9.08172e-05
-7.165566e-08,-8.30338e-05
-7.155566e-08,-7.13586e-05
-7.145566e-08,-5.64403e-05
-7.135566e-08,-3.95762e-05
-7.125566e-08,-2.14148e-05
-7.115566e-08,-3.9021e-06
-7.105566e-08,1.03675e-05
-7.095566e-08,2.07455e-05
-7.085566e-08,2.59344e-05
-7.075566e-08,2.6583e-05
-7.065566e-08,2.20427e-05
-7.055566e-08,1.2962e-05
-7.045566e-08,6.38242e-07
-7.035566e-08,-1.36314e-05
-7.025566e-08,-2.91983e-05
-7.015566e-08,-4.41165e-05
-7.005566e-08,-5.90348e-05
-6.995566e-08,-7.20072e-05
-6.985566e-08,-8.4331e-05
-6.975566e-08,-9.47089e-05
-6.965566e-08,-0.000103141
-6.955566e-08,-0.000108979
-6.945566e-08,-0.000112222
-6.935566e-08,-0.000111573
-6.925566e-08,-0.000107033
-6.915566e-08,-9.66548e-05
-6.905566e-08,-8.23851e-05
-6.895566e-08,-6.48724e-05
-6.885566e-08,-4.41165e-05
-6.875566e-08,-2.14148e-05
-6.865566e-08,6.38242e-07
-6.855566e-08,2.00968e-05
-6.845566e-08,3.63124e-05
-6.835566e-08,4.73389e-05
-6.825566e-08,5.18792e-05
-6.815566e-08,4.86361e-05
-6.805566e-08,4.02041e-05
-6.795566e-08,2.6583e-05
-6.785566e-08,9.0703e-06
-6.775566e-08,-1.03883e-05
-6.765566e-08,-2.91983e-05
-6.755566e-08,-4.41165e-05
-6.745566e-08,-5.51431e-05
-6.735566e-08,-6.09807e-05
-6.725566e-08,-6.16293e-05
-6.715566e-08,-5.7089e-05
-6.705566e-08,-4.73596e-05
-6.695566e-08,-3.43872e-05
-6.685566e-08,-1.81717e-05
-6.675566e-08,-1.30762e-06
-6.665566e-08,1.49079e-05
-6.655566e-08,3.04748e-05
-6.645566e-08,4.40958e-05
-6.635566e-08,5.51223e-05
-6.625566e-08,6.35544e-05
-6.615566e-08,6.87434e-05
-6.605566e-08,6.9392e-05
-6.595566e-08,6.55003e-05
-6.585566e-08,5.83654e-05
-6.575566e-08,4.66903e-05
-6.565566e-08,3.24206e-05
-6.555566e-08,1.75024e-05
-6.545566e-08,1.93548e-06
-6.535566e-08,-1.29828e-05
-6.525566e-08,-2.40093e-05
-6.515566e-08,-3.04955e-05
-6.505566e-08,-3.17928e-05
-6.495566e-08,-2.7901e-05
-6.485566e-08,-1.88204e-05
-6.475566e-08,-5.19934e-06
-6.465566e-08,1.03675e-05
-6.455566e-08,2.78803e-05
-6.445566e-08,4.40958e-05
-6.435566e-08,5.70682e-05
-6.425566e-08,6.4203e-05
-6.415566e-08,6.55003e-05
-6.405566e-08,5.96627e-05
-6.395566e-08,4.73389e-05
-6.385566e-08,2.85289e-05
-6.375566e-08,5.17858e-06
-6.365566e-08,-2.20635e-05
-6.355566e-08,-5.06027e-05
-6.345566e-08,-7.9142e-05
-6.335566e-08,-0.000107033
-6.325566e-08,-0.000132978
-6.315566e-08,-0.000155679
-6.305566e-08,-0.000174489
-6.295566e-08,-0.000188759
-6.285566e-08,-0.000197191
-6.275566e-08,-0.000199785
-6.265566e-08,-0.000196542
-6.255566e-08,-0.000186164
-6.245566e-08,-0.000168652
-6.235566e-08,-0.00014595
-6.225566e-08,-0.000118708
-6.215566e-08,-8.82227e-05
-6.205566e-08,-5.57917e-05
-6.195566e-08,-2.40093e-05
-6.185566e-08,4.52996e-06
-6.175566e-08,2.98261e-05
-6.165566e-08,4.99334e-05
-6.155566e-08,6.4203e-05
-6.145566e-08,7.32837e-05
-6.135566e-08,7.71754e-05
-6.125566e-08,7.65268e-05
-6.115566e-08,7.26351e-05
-6.105566e-08,6.74461e-05
-6.095566e-08,6.09599e-05
-6.085566e-08,5.44737e-05
-6.075566e-08,4.79875e-05
-6.065566e-08,4.08527e-05
-6.055566e-08,3.50151e-05
-6.045566e-08,2.85289e-05
-6.035566e-08,2.26913e-05
-6.025566e-08,1.49079e-05
-6.015566e-08,7.12444e-06
-6.005566e-08,-1.95624e-06
-5.995566e-08,-1.16855e-05
-5.985566e-08,-2.14148e-05
-5.975566e-08,-3.17928e-05
-5.965566e-08,-4.21707e-05
-5.955566e-08,-5.12514e-05
-5.945566e-08,-6.09807e-05
-5.935566e-08,-7.00614e-05
-5.925566e-08,-7.9142e-05
-5.915566e-08,-8.75741e-05
-5.905566e-08,-9.53575e-05
-5.895566e-08,-0.000102492
-5.885566e-08,-0.000107681
-5.875566e-08,-0.000111573
-5.865566e-08,-0.000111573
-5.855566e-08,-0.00010833
-5.845566e-08,-0.000101195
-5.835566e-08,-9.14658e-05
-5.825566e-08,-8.10879e-05
-5.815566e-08,-6.94127e-05
-5.805566e-08,-5.90348e-05
-5.795566e-08,-5.12514e-05
-5.785566e-08,-4.80083e-05
-5.775566e-08,-5.12514e-05
-5.765566e-08,-6.03321e-05
-5.755566e-08,-7.65476e-05
-5.745566e-08,-9.7952e-05
-5.735566e-08,-0.000123897
-5.725566e-08,-0.000151787
-5.715566e-08,-0.000178381
-5.705566e-08,-0.000203028
-5.695566e-08,-0.000223784
-5.685566e-08,-0.000238703
-5.675566e-08,-0.000248432
-5.665566e-08,-0.000251675
-5.655566e-08,-0.000250378
-5.645566e-08,-0.000245189
-5.635566e-08,-0.000236757
-5.625566e-08,-0.000226379
-5.615566e-08,-0.000214055
-5.605566e-08,-0.000201083
-5.595566e-08,-0.000187462
-5.585566e-08,-0.000171895
-5.575566e-08,-0.000155031
-5.565566e-08,-0.000136221
-5.555566e-08,-0.000116113
-5.545566e-08,-9.40603e-05
-5.535566e-08,-7.20072e-05
-5.525566e-08,-4.99541e-05
-5.515566e-08,-2.85497e-05
-5.505566e-08,-8.44244e-06
-5.495566e-08,7.77306e-06
-5.485566e-08,2.07455e-05
-5.475566e-08,3.11234e-05
-5.465566e-08,3.6961e-05
-5.455566e-08,3.95555e-05
-5.445566e-08,3.82582e-05
-5.435566e-08,3.37179e-05
-5.425566e-08,2.52858e-05
-5.415566e-08,1.42593e-05
-5.405566e-08,-1.03779e-08
-5.395566e-08,-1.68745e-05
-5.385566e-08,-3.50359e-05
-5.375566e-08,-5.51431e-05
-5.365566e-08,-7.52503e-05
-5.355566e-08,-9.40603e-05
-5.345566e-08,-0.000111573
-5.335566e-08,-0.000124545
-5.325566e-08,-0.000132329
-5.315566e-08,-0.000134275
-5.305566e-08,-0.000130383
-5.295566e-08,-0.000120654
-5.285566e-08,-0.000105735
-5.275566e-08,-8.69255e-05
-5.265566e-08,-6.5521e-05
-5.255566e-08,-4.28193e-05
-5.245566e-08,-2.14148e-05
-5.235566e-08,-2.60486e-06
-5.225566e-08,1.36106e-05
-5.215566e-08,2.59344e-05
-5.205566e-08,3.56637e-05
-5.195566e-08,4.15013e-05
-5.185566e-08,4.40958e-05
-5.175566e-08,4.34472e-05
-5.165566e-08,3.95555e-05
-5.155566e-08,3.24206e-05
-5.145566e-08,2.20427e-05
-5.135566e-08,9.0703e-06
-5.125566e-08,-5.84796e-06
-5.115566e-08,-2.27121e-05
-5.105566e-08,-4.02248e-05
-5.095566e-08,-5.77376e-05
-5.085566e-08,-7.33045e-05
-5.075566e-08,-8.56282e-05
-5.065566e-08,-9.27631e-05
-5.055566e-08,-9.40603e-05
-5.045566e-08,-8.88713e-05
-5.035566e-08,-7.9142e-05
-5.025566e-08,-6.48724e-05
-5.015566e-08,-4.80083e-05
-5.005566e-08,-3.17928e-05
-4.995566e-08,-1.75231e-05
-4.985566e-08,-9.09106e-06
-4.975566e-08,-7.79382e-06
-4.965566e-08,-1.36314e-05
-4.955566e-08,-2.7901e-05
-4.945566e-08,-4.80083e-05
-4.935566e-08,-7.26558e-05
-4.925566e-08,-9.98979e-05
-4.915566e-08,-0.00012714
-4.905566e-08,-0.000152436
-4.895566e-08,-0.000174489
-4.885566e-08,-0.000191353
-4.875566e-08,-0.000205623
-4.865566e-08,-0.00021665
-4.855566e-08,-0.000226379
-4.845566e-08,-0.000234162
-4.835566e-08,-0.000241946
-4.825566e-08,-0.000248432
-4.815566e-08,-0.000252972
-4.805566e-08,-0.000255567
-4.795566e-08,-0.000254918
-4.785566e-08,-0.000249729
-4.775566e-08,-0.00024
-4.765566e-08,-0.00022573
-4.755566e-08,-0.000207569
-4.745566e-08,-0.000186813
-4.735566e-08,-0.000166706
-4.725566e-08,-0.000148544
-4.715566e-08,-0.000133626
-4.705566e-08,-0.000124545
-4.695566e-08,-0.000121302
-4.685566e-08,-0.000123897
-4.675566e-08,-0.000132329
-4.665566e-08,-0.000144004
-4.655566e-08,-0.000157625
-4.645566e-08,-0.000170597
-4.635566e-08,-0.000182921
-4.625566e-08,-0.000192651
-4.615566e-08,-0.000199785
-4.605566e-08,-0.000203028
-4.595566e-08,-0.000203028
-4.585566e-08,-0.000199785
-4.575566e-08,-0.000193948
-4.565566e-08,-0.000185516
-4.555566e-08,-0.000175786
-4.545566e-08,-0.000164111
-4.535566e-08,-0.00015049
-4.525566e-08,-0.000134923
-4.515566e-08,-0.000118708
-4.505566e-08,-0.000102492
-4.495566e-08,-8.75741e-05
-4.485566e-08,-7.52503e-05
-4.475566e-08,-6.68183e-05
-4.465566e-08,-6.29265e-05
-4.455566e-08,-6.42238e-05
-4.445566e-08,-6.94127e-05
-4.435566e-08,-7.78448e-05
-4.425566e-08,-8.75741e-05
-4.415566e-08,-9.53575e-05
-4.405566e-08,-9.98979e-05
-4.395566e-08,-9.92493e-05
-4.385566e-08,-9.27631e-05
-4.375566e-08,-7.97907e-05
-4.365566e-08,-6.22779e-05
-4.355566e-08,-4.08734e-05
-4.345566e-08,-2.01176e-05
-4.335566e-08,-1.30762e-06
-4.325566e-08,1.23134e-05
-4.315566e-08,1.94482e-05
-4.305566e-08,1.87996e-05
-4.295566e-08,9.71892e-06
-4.285566e-08,-5.84796e-06
-4.275566e-08,-2.59552e-05
-4.265566e-08,-4.80083e-05
-4.255566e-08,-7.00614e-05
-4.245566e-08,-8.952e-05
-4.235566e-08,-0.000104438
-4.225566e-08,-0.000114168
-4.215566e-08,-0.000118059
-4.205566e-08,-0.000116762
-4.195566e-08,-0.000110924
-4.185566e-08,-0.000101844
-4.175566e-08,-9.01686e-05
-4.165566e-08,-7.71962e-05
-4.155566e-08,-6.29265e-05
-4.145566e-08,-4.73596e-05
-4.135566e-08,-3.11441e-05
-4.125566e-08,-1.36314e-05
-4.115566e-08,3.88134e-06
-4.105566e-08,2.00968e-05
-4.095566e-08,3.56637e-05
-4.085566e-08,4.79875e-05
-4.075566e-08,5.70682e-05
-4.065566e-08,6.16085e-05
-4.055566e-08,6.09599e-05
-4.045566e-08,5.5771e-05
-4.035566e-08,4.66903e-05
-4.025566e-08,3.56637e-05
-4.015566e-08,2.59344e-05
-4.005566e-08,1.94482e-05
-3.995566e-08,1.8151e-05
-3.985566e-08,2.13941e-05
-3.975566e-08,3.04748e-05
-3.965566e-08,4.5393e-05
-3.955566e-08,6.35544e-05
-3.945566e-08,8.23644e-05
-3.935566e-08,9.85799e-05
-3.925566e-08,0.000110904
-3.915566e-08,0.00011739
-3.905566e-08,0.000116741
-3.895566e-08,0.000109606
-3.885566e-08,9.6634e-05
-3.875566e-08,8.10671e-05
-3.865566e-08,6.35544e-05
-3.855566e-08,4.66903e-05
-3.845566e-08,3.37179e-05
-3.835566e-08,2.59344e-05
-3.825566e-08,2.33399e-05
-3.815566e-08,2.59344e-05
-3.805566e-08,3.30692e-05
-3.795566e-08,4.34472e-05
-3.785566e-08,5.5771e-05
-3.775566e-08,6.87434e-05
-3.765566e-08,8.10671e-05
-3.755566e-08,9.20937e-05
-3.745566e-08,9.92285e-05
-3.735566e-08,0.000102472
-3.725566e-08,0.000101174
-3.715566e-08,9.53368e-05
-3.705566e-08,8.3013e-05
-3.695566e-08,6.4203e-05
-3.685566e-08,3.82582e-05
-3.675566e-08,6.47582e-06
-3.665566e-08,-3.17928e-05
-3.655566e-08,-7.46017e-05
-3.645566e-08,-0.000119356
-3.635566e-08,-0.000164111
-3.625566e-08,-0.000205623
-3.615566e-08,-0.000241946
-3.605566e-08,-0.000269188
-3.595566e-08,-0.000286052
-3.585566e-08,-0.000291889
-3.575566e-08,-0.000287998
-3.565566e-08,-0.000273728
-3.555566e-08,-0.000252324
-3.545566e-08,-0.000227027
-3.535566e-08,-0.000199137
-3.525566e-08,-0.000172543
-3.515566e-08,-0.000149193
-3.505566e-08,-0.000130383
-3.495566e-08,-0.000114816
-3.485566e-08,-0.000101844
-3.475566e-08,-9.08172e-05
-3.465566e-08,-7.9142e-05
-3.455566e-08,-6.68183e-05
-3.445566e-08,-5.19e-05
-3.435566e-08,-3.37386e-05
-3.425566e-08,-1.55773e-05
-3.415566e-08,1.93548e-06
-3.405566e-08,1.62051e-05
-3.395566e-08,2.52858e-05
-3.385566e-08,2.6583e-05
-3.375566e-08,2.00968e-05
-3.365566e-08,5.8272e-06
-3.355566e-08,-1.55773e-05
-3.345566e-08,-4.21707e-05
-3.335566e-08,-7.071e-05
-3.325566e-08,-9.73034e-05
-3.315566e-08,-0.000119356
-3.305566e-08,-0.000134923
-3.295566e-08,-0.000142707
-3.285566e-08,-0.000142707
-3.275566e-08,-0.000136221
-3.265566e-08,-0.000126491
-3.255566e-08,-0.000114168
-3.245566e-08,-0.000101195
-3.235566e-08,-8.952e-05
-3.225566e-08,-7.97907e-05
-3.215566e-08,-7.20072e-05
-3.205566e-08,-6.5521e-05
-3.195566e-08,-5.90348e-05
-3.185566e-08,-5.12514e-05
-3.175566e-08,-4.15221e-05
-3.165566e-08,-2.98469e-05
-3.155566e-08,-1.55773e-05
-3.145566e-08,6.38242e-07
-3.135566e-08,1.75024e-05
-3.125566e-08,3.30692e-05
-3.115566e-08,4.60417e-05
-3.105566e-08,5.51223e-05
-3.095566e-08,5.90141e-05
-3.085566e-08,5.90141e-05
-3.075566e-08,5.44737e-05
-3.065566e-08,4.66903e-05
-3.055566e-08,3.6961e-05
-3.045566e-08,2.52858e-05
-3.035566e-08,1.42593e-05
-3.025566e-08,2.5841e-06
-3.015566e-08,-8.44244e-06
-3.005566e-08,-1.88204e-05
-2.995566e-08,-2.91983e-05
-2.985566e-08,-4.02248e-05
-2.975566e-08,-5.12514e-05
-2.965566e-08,-6.09807e-05
-2.955566e-08,-6.87641e-05
-2.945566e-08,-7.46017e-05
-2.935566e-08,-7.71962e-05
-2.925566e-08,-7.58989e-05
-2.915566e-08,-7.00614e-05
-2.905566e-08,-5.96834e-05
-2.895566e-08,-4.47652e-05
-2.885566e-08,-2.7901e-05
-2.875566e-08,-1.10369e-05
-2.865566e-08,3.88134e-06
-2.855566e-08,1.49079e-05
-2.845566e-08,2.20427e-05
-2.835566e-08,2.26913e-05
-2.825566e-08,1.8151e-05
-2.815566e-08,7.77306e-06
-2.805566e-08,-5.19934e-06
-2.795566e-08,-2.01176e-05
-2.785566e-08,-3.63331e-05
-2.775566e-08,-5.19e-05
-2.765566e-08,-6.61696e-05
-2.755566e-08,-7.97907e-05
-2.745566e-08,-9.27631e-05
-2.735566e-08,-0.000106384
-2.725566e-08,-0.000121302
-2.715566e-08,-0.000138166
-2.705566e-08,-0.000156976
-2.695566e-08,-0.000178381
-2.685566e-08,-0.000200434
-2.675566e-08,-0.000221838
-2.665566e-08,-0.000240648
-2.655566e-08,-0.000254269
-2.645566e-08,-0.000261404
-2.635566e-08,-0.000261404
-2.625566e-08,-0.000253621
-2.615566e-08,-0.000238703
-2.605566e-08,-0.000218595
-2.595566e-08,-0.000195245
-2.585566e-08,-0.000171246
-2.575566e-08,-0.000147896
-2.565566e-08,-0.000126491
-2.555566e-08,-0.00010833
-2.545566e-08,-9.21144e-05
-2.535566e-08,-7.78448e-05
-2.525566e-08,-6.48724e-05
-2.515566e-08,-5.19e-05
-2.505566e-08,-3.8279e-05
-2.495566e-08,-2.53066e-05
-2.485566e-08,-1.36314e-05
-2.475566e-08,-3.9021e-06
-2.465566e-08,1.28686e-06
-2.455566e-08,1.93548e-06
-2.445566e-08,-3.25348e-06
-2.435566e-08,-1.49286e-05
-2.425566e-08,-3.24414e-05
-2.415566e-08,-5.31972e-05
-2.405566e-08,-7.58989e-05
-2.395566e-08,-9.73034e-05
-2.385566e-08,-0.000116113
-2.375566e-08,-0.000130383
-2.365566e-08,-0.000137518
-2.355566e-08,-0.000138815
-2.345566e-08,-0.000133626
-2.335566e-08,-0.000124545
-2.325566e-08,-0.000111573
-2.315566e-08,-9.66548e-05
-2.305566e-08,-8.04393e-05
-2.295566e-08,-6.42238e-05
-2.285566e-08,-4.73596e-05
-2.275566e-08,-2.98469e-05
-2.265566e-08,-1.10369e-05
-2.255566e-08,7.77306e-06
-2.245566e-08,2.6583e-05
-2.235566e-08,4.47444e-05
-2.225566e-08,5.96627e-05
-2.215566e-08,7.13378e-05
-2.205566e-08,7.71754e-05
-2.195566e-08,7.52296e-05
-2.185566e-08,6.61489e-05
-2.175566e-08,4.86361e-05
-2.165566e-08,2.52858e-05
-2.155566e-08,-1.30762e-06
-2.145566e-08,-2.91983e-05
-2.135566e-08,-5.51431e-05
-2.125566e-08,-7.58989e-05
-2.115566e-08,-8.952e-05
-2.105566e-08,-9.60062e-05
-2.095566e-08,-9.60062e-05
-2.085566e-08,-8.952e-05
-2.075566e-08,-7.84934e-05
-2.065566e-08,-6.61696e-05
-2.055566e-08,-5.44945e-05
-2.045566e-08,-4.54138e-05
-2.035566e-08,-4.02248e-05
-2.025566e-08,-3.8279e-05
-2.015566e-08,-3.95762e-05
-2.005566e-08,-4.28193e-05
-1.995566e-08,-4.73596e-05
-1.985566e-08,-5.06027e-05
-1.975566e-08,-5.19e-05
-1.965566e-08,-5.06027e-05
-1.955566e-08,-4.80083e-05
-1.945566e-08,-4.60624e-05
-1.935566e-08,-4.54138e-05
-1.925566e-08,-4.73596e-05
-1.915566e-08,-5.31972e-05
-1.905566e-08,-6.35752e-05
-1.895566e-08,-7.84934e-05
-1.885566e-08,-9.60062e-05
-1.875566e-08,-0.000114168
-1.865566e-08,-0.000131032
-1.855566e-08,-0.000144653
-1.845566e-08,-0.000153733
-1.835566e-08,-0.000157625
-1.825566e-08,-0.000156976
-1.815566e-08,-0.000151787
-1.805566e-08,-0.000144004
-1.795566e-08,-0.000134923
-1.785566e-08,-0.000125843
-1.775566e-08,-0.000116113
-1.765566e-08,-0.000107033
-1.755566e-08,-9.66548e-05
-1.745566e-08,-8.49796e-05
-1.735566e-08,-7.13586e-05
-1.725566e-08,-5.44945e-05
-1.715566e-08,-3.43872e-05
-1.705566e-08,-1.29828e-05
-1.695566e-08,9.71892e-06
-1.685566e-08,2.98261e-05
-1.675566e-08,4.60417e-05
-1.665566e-08,5.38251e-05
-1.655566e-08,5.31765e-05
-1.645566e-08,4.40958e-05
-1.635566e-08,2.78803e-05
-1.625566e-08,6.47582e-06
-1.615566e-08,-1.68745e-05
-1.605566e-08,-3.8279e-05
-1.595566e-08,-5.44945e-05
-1.585566e-08,-6.29265e-05
-1.575566e-08,-6.09807e-05
-1.565566e-08,-4.86569e-05
-1.555566e-08,-2.91983e-05
-1.545566e-08,-3.25348e-06
-1.535566e-08,2.39886e-05
-1.525566e-08,5.12306e-05
-1.515566e-08,7.39323e-05
-1.505566e-08,8.94992e-05
-1.495566e-08,9.85799e-05
-1.485566e-08,0.000101174
-1.475566e-08,9.79313e-05
-1.465566e-08,9.01478e-05
-1.455566e-08,8.17158e-05
-1.445566e-08,7.26351e-05
-1.435566e-08,6.4203e-05
-1.425566e-08,5.51223e-05
-1.415566e-08,4.40958e-05
-1.405566e-08,3.1772e-05
-1.395566e-08,1.62051e-05
-1.385566e-08,-3.25348e-06
-1.375566e-08,-2.53066e-05
-1.365566e-08,-4.93055e-05
-1.355566e-08,-7.46017e-05
-1.345566e-08,-9.7952e-05
-1.335566e-08,-0.000116762
-1.325566e-08,-0.000129086
-1.315566e-08,-0.000133626
-1.305566e-08,-0.00013168
-1.295566e-08,-0.000123248
-1.285566e-08,-0.000109627
-1.275566e-08,-9.34117e-05
-1.265566e-08,-7.84934e-05
-1.255566e-08,-6.74669e-05
-1.245566e-08,-6.16293e-05
-1.235566e-08,-6.22779e-05
-1.225566e-08,-6.94127e-05
-1.215566e-08,-8.23851e-05
-1.205566e-08,-9.7952e-05
-1.195566e-08,-0.000116113
-1.185566e-08,-0.000133626
-1.175566e-08,-0.000149193
-1.165566e-08,-0.000162165
-1.155566e-08,-0.000171895
-1.145566e-08,-0.00017903
-1.135566e-08,-0.000184219
-1.125566e-08,-0.000186813
-1.115566e-08,-0.000188759
-1.105566e-08,-0.000190705
-1.095566e-08,-0.000192002
-1.085566e-08,-0.000191353
-1.075566e-08,-0.000188759
-1.065566e-08,-0.000182921
-1.055566e-08,-0.000173841
-1.045566e-08,-0.000160868
-1.035566e-08,-0.000145301
-1.025566e-08,-0.000127789
-1.015566e-08,-0.000111573
-1.005566e-08,-9.73034e-05
-9.955661e-09,-8.82227e-05
-9.855661e-09,-8.49796e-05
-9.755661e-09,-8.75741e-05
-9.655661e-09,-9.47089e-05
-9.555661e-09,-0.000106384
-9.455661e-09,-0.000119356
-9.355661e-09,-0.000132978
-9.255661e-09,-0.000142707
-9.155661e-09,-0.000147247
-9.055661e-09,-0.00014595
-8.955661e-09,-0.000138815
-8.855661e-09,-0.000125843
-8.755661e-09,-0.000109627
-8.655661e-09,-9.21144e-05
-8.555661e-09,-7.58989e-05
-8.455661e-09,-6.22779e-05
-8.355661e-09,-5.31972e-05
-8.255661e-09,-4.86569e-05
-8.155661e-09,-4.93055e-05
-8.055661e-09,-5.31972e-05
-7.955661e-09,-5.90348e-05
-7.855661e-09,-6.61696e-05
-7.755661e-09,-7.33045e-05
-7.655661e-09,-8.04393e-05
-7.555661e-09,-8.56282e-05
-7.455661e-09,-9.08172e-05
-7.355661e-09,-9.47089e-05
-7.255661e-09,-9.7952e-05
-7.155661e-09,-0.000101195
-7.055661e-09,-0.000104438
-6.955661e-09,-0.000107681
-6.855661e-09,-0.000109627
-6.755661e-09,-0.000110276
-6.655661e-09,-0.000107033
-6.555661e-09,-0.000100547
-6.455661e-09,-9.01686e-05
-6.355661e-09,-7.58989e-05
-6.255661e-09,-5.96834e-05
-6.155661e-09,-4.21707e-05
-6.055661e-09,-2.59552e-05
-5.955661e-09,-1.23342e-05
-5.855661e-09,-1.95624e-06
-5.755661e-09,4.52996e-06
-5.655661e-09,7.12444e-06
-5.555661e-09,7.12444e-06
-5.455661e-09,4.52996e-06
-5.355661e-09,1.93548e-06
-5.255661e-09,1.28686e-06
-5.155661e-09,1.28686e-06
-5.055661e-09,3.88134e-06
-4.955661e-09,7.77306e-06
-4.855661e-09,1.23134e-05
-4.755661e-09,1.55565e-05
-4.655661e-09,1.36106e-05
-4.555661e-09,6.47582e-06
-4.455661e-09,-6.49658e-06
-4.355661e-09,-2.53066e-05
-4.255661e-09,-4.93055e-05
-4.155661e-09,-7.65476e-05
-4.055661e-09,-0.000103141
-3.955661e-09,-0.00012714
-3.855661e-09,-0.000147896
-3.755661e-09,-0.000161517
-3.655661e-09,-0.000168003
-3.555661e-09,-0.000166706
-3.455661e-09,-0.000158922
-3.355661e-09,-0.00014595
-3.255661e-09,-0.000127789
-3.155661e-09,-0.00010833
-3.055661e-09,-8.88713e-05
-2.955661e-09,-7.13586e-05
-2.855661e-09,-5.57917e-05
-2.755661e-09,-4.34679e-05
-2.655661e-09,-3.37386e-05
-2.555661e-09,-2.7901e-05
-2.455661e-09,-2.40093e-05
-2.355661e-09,-2.46579e-05
-2.255661e-09,-2.98469e-05
-2.155661e-09,-4.08734e-05
-2.055661e-09,-5.83862e-05
-1.955661e-09,-8.17365e-05
-1.855661e-09,-0.00011287
-1.755661e-09,-0.000149842
-1.655661e-09,-0.000192002
-1.555661e-09,-0.000238054
-1.455661e-09,-0.000286052
-1.355661e-09,-0.000336644
-1.255661e-09,-0.000387237
-1.155661e-09,-0.000439126
-1.055661e-09,-0.000492962
-9.556612e-10,-0.000551338
-8.556612e-10,-0.000614902
-7.556612e-10,-0.000687548
-6.556612e-10,-0.000770571
-5.556612e-10,-0.00086527
-4.556612e-10,-0.000971643
-3.556612e-10,-0.00109034
-2.556612e-10,-0.00122006
-1.556612e-10,-0.00135757
-5.566119e-11,-0.00150157
4.433881e-11,-0.0016514
1.443388e-10,-0.00180707
2.443388e-10,-0.00196792
3.443388e-10,-0.00213527
4.443388e-10,-0.0023104
5.443388e-10,-0.0024946
6.443388e-10,-0.00268789
7.443388e-10,-0.00289221
8.443388e-10,-0.0031056
9.443388e-10,-0.00332678
1.044339e-09,-0.00355315
1.144339e-09,-0.00378211
1.244339e-09,-0.00400848
1.344339e-09,-0.00422901
1.444339e-09,-0.00444176
1.544339e-09,-0.00464478
1.644339e-09,-0.00484001
1.744339e-09,-0.00502876
1.844339e-09,-0.00521362
1.944339e-09,-0.00539783
2.044339e-09,-0.00558593
2.144339e-09,-0.00577922
2.244339e-09,-0.00597834
2.344339e-09,-0.00618331
2.444339e-09,-0.00639216
2.544339e-09,-0.00660167
2.644339e-09,-0.00680793
2.744339e-09,-0.00700641
2.844339e-09,-0.00719321
2.944339e-09,-0.00736509
3.044339e-09,-0.00751882
3.144339e-09,-0.00765503
3.244339e-09,-0.00777372
3.344339e-09,-0.0078762
3.444339e-09,-0.00796377
3.544339e-09,-0.00803771
3.644339e-09,-0.00809868
3.744339e-09,-0.00814603
3.844339e-09,-0.00817976
3.944339e-09,-0.00819987
4.044339e-09,-0.0082057
4.144339e-09,-0.00819727
4.244339e-09,-0.00817457
4.344339e-09,-0.00813825
4.444339e-09,-0.0080909
4.544339e-09,-0.00803447
4.644339e-09,-0.00797155
4.744339e-09,-0.00790474
4.844339e-09,-0.00783729
4.944339e-09,-0.00776853
5.044339e-09,-0.00769978
5.144339e-09,-0.00762908
5.244339e-09,-0.00755514
5.344339e-09,-0.00747536
5.444339e-09,-0.00738909
5.544339e-09,-0.00729634
5.644339e-09,-0.0071971
5.744339e-09,-0.00709332
5.844339e-09,-0.00698695
5.944339e-09,-0.00688317
6.044339e-09,-0.00678328
6.144339e-09,-0.00668988
6.244339e-09,-0.00660556
6.344339e-09,-0.00652902
6.444339e-09,-0.00645962
6.544339e-09,-0.00639476
6.644339e-09,-0.00633184
6.744339e-09,-0.00626633
6.844339e-09,-0.00619498
6.944339e-09,-0.0061152
7.044339e-09,-0.00602699
7.144339e-09,-0.00593164
7.244339e-09,-0.00583046
7.344339e-09,-0.00572538
7.444339e-09,-0.0056203
7.544339e-09,-0.00551652
7.644339e-09,-0.00541664
7.744339e-09,-0.00532129
7.844339e-09,-0.00523113
7.944339e-09,-0.00514487
8.044339e-09,-0.00506119
8.144339e-09,-0.00498076
8.244339e-09,-0.00490098
8.344339e-09,-0.0048212
8.444339e-09,-0.00474207
8.544339e-09,-0.00466294
8.644339e-09,-0.00458446
8.744339e-09,-0.00450662
8.844339e-09,-0.00442944
8.944339e-09,-0.0043529
9.044339e-09,-0.00427571
9.144339e-09,-0.00419658
9.244339e-09,-0.00411356
9.344339e-09,-0.00402664
9.444339e-09,-0.00393519
9.544339e-09,-0.00383919
9.644339e-09,-0.00373995
9.744339e-09,-0.00364007
9.844339e-09,-0.00354083
9.944339e-09,-0.00344418
1.004434e-08,-0.00335338
1.014434e-08,-0.0032697
1.024434e-08,-0.00319382
1.034434e-08,-0.00312377
1.044434e-08,-0.00306085
1.054434e-08,-0.00300247
1.064434e-08,-0.00294734
1.074434e-08,-0.0028935
1.084434e-08,-0.00284032
1.094434e-08,-0.00278583
1.104434e-08,-0.002732
1.114434e-08,-0.00267816
1.124434e-08,-0.00262627
1.134434e-08,-0.00257698
1.144434e-08,-0.00253157
1.154434e-08,-0.00249071
1.164434e-08,-0.00245374
1.174434e-08,-0.00242066
1.184434e-08,-0.00239147
1.194434e-08,-0.00236423
1.204434e-08,-0.00233829
1.214434e-08,-0.00231429
1.224434e-08,-0.00229094
1.234434e-08,-0.00226953
1.244434e-08,-0.00225137
1.254434e-08,-0.00223645
1.264434e-08,-0.00222737
1.274434e-08,-0.00222348
1.284434e-08,-0.00222543
1.294434e-08,-0.00223191
1.304434e-08,-0.00224294
1.314434e-08,-0.00225461
1.324434e-08,-0.00226564
1.334434e-08,-0.00227342
1.344434e-08,-0.00227667
1.354434e-08,-0.00227407
1.364434e-08,-0.00226694
1.374434e-08,-0.00225656
1.384434e-08,-0.00224488
1.394434e-08,-0.00223386
1.404434e-08,-0.00222543
1.414434e-08,-0.00222218
1.424434e-08,-0.00222283
1.434434e-08,-0.00222737
1.444434e-08,-0.00223386
1.454434e-08,-0.00224034
1.464434e-08,-0.00224424
1.474434e-08,-0.00224229
1.484434e-08,-0.00223321
1.494434e-08,-0.00221635
1.504434e-08,-0.0021917
1.514434e-08,-0.00216056
1.524434e-08,-0.00212424
1.534434e-08,-0.00208662
1.544434e-08,-0.00204835
1.554434e-08,-0.00201138
1.564434e-08,-0.00197636
1.574434e-08,-0.00194133
1.584434e-08,-0.00190566
1.594434e-08,-0.00186739
1.604434e-08,-0.00182588
1.614434e-08,-0.00177982
1.624434e-08,-0.00173053
1.634434e-08,-0.00167929
1.644434e-08,-0.00162805
1.654434e-08,-0.00158005
1.664434e-08,-0.00153789
1.674434e-08,-0.00150416
1.684434e-08,-0.00148081
1.694434e-08,-0.00146849
1.704434e-08,-0.00146589
1.714434e-08,-0.00146978
1.724434e-08,-0.00147757
1.734434e-08,-0.00148535
1.744434e-08,-0.00148924
1.754434e-08,-0.00148665
1.764434e-08,-0.00147692
1.774434e-08,-0.00145941
1.784434e-08,-0.00143541
1.794434e-08,-0.00140752
1.804434e-08,-0.00137833
1.814434e-08,-0.00135109
1.824434e-08,-0.00132644
1.834434e-08,-0.00130568
1.844434e-08,-0.00128817
1.854434e-08,-0.00127325
1.864434e-08,-0.00126093
1.874434e-08,-0.0012486
1.884434e-08,-0.00123628
1.894434e-08,-0.00122201
1.904434e-08,-0.00120644
1.914434e-08,-0.00119088
1.924434e-08,-0.00117596
1.934434e-08,-0.00116493
1.944434e-08,-0.00115845
1.954434e-08,-0.0011565
1.964434e-08,-0.00115909
1.974434e-08,-0.00116428
1.984434e-08,-0.00117012
1.994434e-08,-0.00117466
2.004434e-08,-0.00117466
2.014434e-08,-0.00116882
2.024434e-08,-0.0011565
2.034434e-08,-0.00113769
2.044434e-08,-0.00111369
2.054434e-08,-0.0010871
2.064434e-08,-0.0010605
2.074434e-08,-0.00103586
2.084434e-08,-0.00101575
2.094434e-08,-0.00100148
2.104434e-08,-0.000993048
2.114434e-08,-0.000990453
2.124434e-08,-0.000991751
2.134434e-08,-0.000994345
2.144434e-08,-0.000995642
2.154434e-08,-0.000993696
2.164434e-08,-0.000987859
2.174434e-08,-0.000976832
2.184434e-08,-0.000962563
2.194434e-08,-0.00094505
2.204434e-08,-0.000926889
2.214434e-08,-0.000909376
2.224434e-08,-0.00089316
2.234434e-08,-0.000878242
2.244434e-08,-0.000864621
2.254434e-08,-0.000851
2.264434e-08,-0.00083673
2.274434e-08,-0.000818569
2.284434e-08,-0.000797165
2.294434e-08,-0.000770571
2.304434e-08,-0.000740086
2.314434e-08,-0.000706358
2.324434e-08,-0.000671332
2.334434e-08,-0.000636955
2.344434e-08,-0.000605173
2.354434e-08,-0.00057858
2.364434e-08,-0.000558472
2.374434e-08,-0.000546149
2.384434e-08,-0.000540311
2.394434e-08,-0.000540311
2.404434e-08,-0.000546149
2.414434e-08,-0.000556526
2.424434e-08,-0.000570796
2.434434e-08,-0.000587012
2.444434e-08,-0.000605822
2.454434e-08,-0.000625929
2.464434e-08,-0.000647333
2.474434e-08,-0.000669386
2.484434e-08,-0.000692737
2.494434e-08,-0.000717384
2.504434e-08,-0.000742032
2.514434e-08,-0.000766031
2.524434e-08,-0.000788732
2.534434e-08,-0.000810137
2.544434e-08,-0.000828947
2.554434e-08,-0.000845162
2.564434e-08,-0.000858783
2.574434e-08,-0.00086981
2.584434e-08,-0.000878242
2.594434e-08,-0.000885377
2.604434e-08,-0.000891214
2.614434e-08,-0.000895755
2.624434e-08,-0.000900944
2.634434e-08,-0.000904835
2.644434e-08,-0.000908079
2.654434e-08,-0.000911322
2.664434e-08,-0.000913916
2.674434e-08,-0.000915862
2.684434e-08,-0.000917159
2.694434e-08,-0.000919105
2.704434e-08,-0.000920402
2.714434e-08,-0.000922348
2.724434e-08,-0.000923645
2.734434e-08,-0.00092624
2.744434e-08,-0.000928186
2.754434e-08,-0.000929483
2.764434e-08,-0.000926889
2.774434e-08,-0.000921051
2.784434e-08,-0.000910024
2.794434e-08,-0.000893809
2.804434e-08,-0.000871756
2.814434e-08,-0.000844514
2.824434e-08,-0.000812731
2.834434e-08,-0.000778355
2.844434e-08,-0.000743329
2.854434e-08,-0.000708952
2.864434e-08,-0.000677818
2.874434e-08,-0.000649928
2.884434e-08,-0.000625929
2.894434e-08,-0.000607119
2.904434e-08,-0.000590903
2.914434e-08,-0.000577282
2.924434e-08,-0.00056431
2.934434e-08,-0.000552635
2.944434e-08,-0.000540311
2.954434e-08,-0.000527339
2.964434e-08,-0.000513718
2.974434e-08,-0.000501394
2.984434e-08,-0.000491016
2.994434e-08,-0.000483881
3.004434e-08,-0.000481287
3.014434e-08,-0.000483232
3.024434e-08,-0.000489719
3.034434e-08,-0.000498151
3.044434e-08,-0.000508529
3.054434e-08,-0.000517609
3.064434e-08,-0.000524744
3.074434e-08,-0.000527339
3.084434e-08,-0.000524744
3.094434e-08,-0.000516961
3.104434e-08,-0.000504637
3.114434e-08,-0.00048907
3.124434e-08,-0.000470909
3.134434e-08,-0.000452747
3.144434e-08,-0.000436532
3.154434e-08,-0.000422262
3.164434e-08,-0.000411236
3.174434e-08,-0.000404749
3.184434e-08,-0.000400858
3.194434e-08,-0.00039956
3.204434e-08,-0.00039956
3.214434e-08,-0.000400209
3.224434e-08,-0.000400858
3.234434e-08,-0.000401506
3.244434e-08,-0.000401506
3.254434e-08,-0.000400858
3.264434e-08,-0.000400858
3.274434e-08,-0.000400858
3.284434e-08,-0.00039956
3.294434e-08,-0.000398263
3.304434e-08,-0.000396966
3.314434e-08,-0.000393723
3.324434e-08,-0.00039048
3.334434e-08,-0.000385291
3.344434e-08,-0.000379453
3.354434e-08,-0.000372318
3.364434e-08,-0.000364535
3.374434e-08,-0.0003574
3.384434e-08,-0.000351563
3.394434e-08,-0.000348968
3.404434e-08,-0.000348968
3.414434e-08,-0.000353508
3.424434e-08,-0.000361292
3.434434e-08,-0.00037167
3.444434e-08,-0.000383345
3.454434e-08,-0.000396317
3.464434e-08,-0.000409938
3.474434e-08,-0.000423559
3.484434e-08,-0.000436532
3.494434e-08,-0.000448207
3.504434e-08,-0.000459233
3.514434e-08,-0.000469611
3.524434e-08,-0.000479989
3.534434e-08,-0.000490367
3.544434e-08,-0.000500097
3.554434e-08,-0.000509177
3.564434e-08,-0.000516312
3.574434e-08,-0.000521501
3.584434e-08,-0.000523447
3.594434e-08,-0.000520852
3.604434e-08,-0.000515015
3.614434e-08,-0.000504637
3.624434e-08,-0.000491664
3.634434e-08,-0.000477395
3.644434e-08,-0.000465071
3.654434e-08,-0.00045599
3.664434e-08,-0.000452747
3.674434e-08,-0.000456639
3.684434e-08,-0.000468963
3.694434e-08,-0.00048907
3.704434e-08,-0.000516312
3.714434e-08,-0.000548094
3.724434e-08,-0.000581174
3.734434e-08,-0.000612956
3.744434e-08,-0.000640198
3.754434e-08,-0.000659657
3.764434e-08,-0.000671332
3.774434e-08,-0.000674575
3.784434e-08,-0.000670035
3.794434e-08,-0.000657711
3.804434e-08,-0.000640198
3.814434e-08,-0.000618794
3.824434e-08,-0.000596092
3.834434e-08,-0.000572093
3.844434e-08,-0.000548743
3.854434e-08,-0.000525393
3.864434e-08,-0.00050334
3.874434e-08,-0.000480638
3.884434e-08,-0.000457936
3.894434e-08,-0.000436532
3.904434e-08,-0.000414479
3.914434e-08,-0.000393074
3.924434e-08,-0.000372967
3.934434e-08,-0.000354806
3.944434e-08,-0.000339887
3.954434e-08,-0.000327564
3.964434e-08,-0.000318483
3.974434e-08,-0.000311997
3.984434e-08,-0.000308105
3.994434e-08,-0.00030551
4.004434e-08,-0.000302916
4.014434e-08,-0.00030097
4.024434e-08,-0.000299024
4.034434e-08,-0.000295781
4.044434e-08,-0.000292538
4.054434e-08,-0.000290592
4.064434e-08,-0.000289944
4.074434e-08,-0.000290592
4.084434e-08,-0.000293835
4.094434e-08,-0.000299673
4.104434e-08,-0.000308105
4.114434e-08,-0.000317186
4.124434e-08,-0.000326915
4.134434e-08,-0.000337293
4.144434e-08,-0.000346374
4.154434e-08,-0.00035286
4.164434e-08,-0.000358049
4.174434e-08,-0.00036194
4.184434e-08,-0.000365832
4.194434e-08,-0.000369724
4.204434e-08,-0.000375561
4.214434e-08,-0.000383345
4.224434e-08,-0.000394371
4.234434e-08,-0.000407344
4.244434e-08,-0.000423559
4.254434e-08,-0.000441721
4.264434e-08,-0.000461179
4.274434e-08,-0.000479341
4.284434e-08,-0.000495556
4.294434e-08,-0.00050788
4.304434e-08,-0.000516961
4.314434e-08,-0.000520852
4.324434e-08,-0.000520852
4.334434e-08,-0.000517609
4.344434e-08,-0.00051242
4.354434e-08,-0.000506583
4.364434e-08,-0.000500097
4.374434e-08,-0.000495556
4.384434e-08,-0.000492313
4.394434e-08,-0.000491016
4.404434e-08,-0.000491016
4.414434e-08,-0.000492313
4.424434e-08,-0.000494259
4.434434e-08,-0.000494259
4.444434e-08,-0.000492962
4.454434e-08,-0.000489719
4.464434e-08,-0.000482584
4.474434e-08,-0.000471557
4.484434e-08,-0.00045599
4.494434e-08,-0.000437829
4.504434e-08,-0.000416425
4.514434e-08,-0.000393074
4.524434e-08,-0.000367129
4.534434e-08,-0.000341185
4.544434e-08,-0.00031524
4.554434e-08,-0.000291889
4.564434e-08,-0.000272431
4.574434e-08,-0.000256864
4.584434e-08,-0.000247783
4.594434e-08,-0.000245189
4.604434e-08,-0.000249081
4.614434e-08,-0.00025881
4.624434e-08,-0.000273728
4.634434e-08,-0.000291889
4.644434e-08,-0.000311997
4.654434e-08,-0.000332104
4.664434e-08,-0.000350914
4.674434e-08,-0.000365832
4.684434e-08,-0.000375561
4.694434e-08,-0.000381399
4.704434e-08,-0.000382696
4.714434e-08,-0.000379453
4.724434e-08,-0.000373616
4.734434e-08,-0.000366481
4.744434e-08,-0.000359346
4.754434e-08,-0.000353508
4.764434e-08,-0.000348968
4.774434e-08,-0.000346374
4.784434e-08,-0.000345725
4.794434e-08,-0.000345725
4.804434e-08,-0.000346374
4.814434e-08,-0.000348319
4.824434e-08,-0.000350265
4.834434e-08,-0.00035286
4.844434e-08,-0.000355454
4.854434e-08,-0.000358049
4.864434e-08,-0.000361292
4.874434e-08,-0.000363238
4.884434e-08,-0.000365184
4.894434e-08,-0.000367778
4.904434e-08,-0.000369075
4.914434e-08,-0.000369724
4.924434e-08,-0.000369075
4.934434e-08,-0.000367778
4.944434e-08,-0.000365832
4.954434e-08,-0.000363886
4.964434e-08,-0.000363238
4.974434e-08,-0.000363886
4.984434e-08,-0.000366481
4.994434e-08,-0.000371021
5.004434e-08,-0.000377507
5.014434e-08,-0.000385939
5.024434e-08,-0.000395669
5.034434e-08,-0.000404749
5.044434e-08,-0.000411884
5.054434e-08,-0.000416425
5.064434e-08,-0.000417722
5.074434e-08,-0.00041383
5.084434e-08,-0.000406047
5.094434e-08,-0.00039502
5.104434e-08,-0.00038075
5.114434e-08,-0.000364535
5.124434e-08,-0.000347022
5.134434e-08,-0.000329509
5.144434e-08,-0.000313294
5.154434e-08,-0.000297727
5.164434e-08,-0.000284106
5.174434e-08,-0.000271782
5.184434e-08,-0.000262053
5.194434e-08,-0.000253621
5.204434e-08,-0.000247135
5.214434e-08,-0.000241946
5.224434e-08,-0.000238703
5.234434e-08,-0.000238703
5.244434e-08,-0.000241946
5.254434e-08,-0.000249081
5.264434e-08,-0.000261404
5.274434e-08,-0.00027762
5.284434e-08,-0.000297727
5.294434e-08,-0.000320429
5.304434e-08,-0.00034313
5.314434e-08,-0.000363886
5.324434e-08,-0.00038075
5.334434e-08,-0.000393074
5.344434e-08,-0.000397615
5.354434e-08,-0.00039502
5.364434e-08,-0.000384642
5.374434e-08,-0.000368427
5.384434e-08,-0.000346374
5.394434e-08,-0.00031978
5.404434e-08,-0.000291241
5.414434e-08,-0.00026335
5.424434e-08,-0.000238054
5.434434e-08,-0.000216001
5.444434e-08,-0.000199137
5.454434e-08,-0.000187462
5.464434e-08,-0.000182273
5.474434e-08,-0.000182273
5.484434e-08,-0.00018811
5.494434e-08,-0.000199785
5.504434e-08,-0.000216001
5.514434e-08,-0.000236757
5.524434e-08,-0.000260107
5.534434e-08,-0.0002867
5.544434e-08,-0.000313294
5.554434e-08,-0.000339887
5.564434e-08,-0.000365184
5.574434e-08,-0.000389182
5.584434e-08,-0.000409938
5.594434e-08,-0.000427451
5.604434e-08,-0.000441721
5.614434e-08,-0.000452747
5.624434e-08,-0.000460531
5.634434e-08,-0.000467017
5.644434e-08,-0.000471557
5.654434e-08,-0.0004748
5.664434e-08,-0.000478043
5.674434e-08,-0.000481287
5.684434e-08,-0.000483232
5.694434e-08,-0.000485178
5.704434e-08,-0.000485827
5.714434e-08,-0.000485178
5.724434e-08,-0.000481935
5.734434e-08,-0.000477395
5.744434e-08,-0.000470909
5.754434e-08,-0.000461179
5.764434e-08,-0.000449504
5.774434e-08,-0.000436532
5.784434e-08,-0.000420965
5.794434e-08,-0.000403452
5.804434e-08,-0.000383994
5.814434e-08,-0.000362589
5.824434e-08,-0.000339239
5.834434e-08,-0.000314591
5.844434e-08,-0.000289295
5.854434e-08,-0.00026335
5.864434e-08,-0.000238054
5.874434e-08,-0.000213406
5.884434e-08,-0.000192002
5.894434e-08,-0.000173841
5.904434e-08,-0.000158922
5.914434e-08,-0.000147896
5.924434e-08,-0.000140761
5.934434e-08,-0.000136869
5.944434e-08,-0.000135572
5.954434e-08,-0.000134275
5.964434e-08,-0.000132978
5.974434e-08,-0.000131032
5.984434e-08,-0.000126491
5.994434e-08,-0.000118708
6.004434e-08,-0.00010833
6.014434e-08,-9.60062e-05
6.024434e-08,-8.23851e-05
6.034434e-08,-6.87641e-05
6.044434e-08,-5.7089e-05
6.054434e-08,-4.73596e-05
6.064434e-08,-4.15221e-05
6.074434e-08,-3.89276e-05
6.084434e-08,-3.95762e-05
6.094434e-08,-4.34679e-05
6.104434e-08,-4.93055e-05
6.114434e-08,-5.64403e-05
6.124434e-08,-6.42238e-05
6.134434e-08,-7.26558e-05
6.144434e-08,-7.97907e-05
6.154434e-08,-8.56282e-05
6.164434e-08,-9.01686e-05
6.174434e-08,-9.47089e-05
6.184434e-08,-9.86006e-05
6.194434e-08,-0.000103141
6.204434e-08,-0.000107681
6.214434e-08,-0.000113519
6.224434e-08,-0.000119356
6.234434e-08,-0.00012714
6.244434e-08,-0.000134923
6.254434e-08,-0.000144004
6.264434e-08,-0.000152436
6.274434e-08,-0.000161517
6.284434e-08,-0.000170597
6.294434e-08,-0.000180975
6.304434e-08,-0.000192002
6.314434e-08,-0.000201731
6.324434e-08,-0.000210812
6.334434e-08,-0.000217947
6.344434e-08,-0.000223136
6.354434e-08,-0.000224433
6.364434e-08,-0.000221838
6.374434e-08,-0.000214704
6.384434e-08,-0.000203677
6.394434e-08,-0.000188759
6.404434e-08,-0.000170597
6.414434e-08,-0.000151787
6.424434e-08,-0.000134923
6.434434e-08,-0.000120654
6.444434e-08,-0.000111573
6.454434e-08,-0.000109627
6.464434e-08,-0.000114168
6.474434e-08,-0.000124545
6.484434e-08,-0.00014141
6.494434e-08,-0.000162814
6.504434e-08,-0.000186813
6.514434e-08,-0.000210812
6.524434e-08,-0.000234162
6.534434e-08,-0.000254918
6.544434e-08,-0.000271134
6.554434e-08,-0.000281512
6.564434e-08,-0.0002867
6.574434e-08,-0.000286052
6.584434e-08,-0.000280863
6.594434e-08,-0.000271134
6.604434e-08,-0.00025881
6.614434e-08,-0.00024454
6.624434e-08,-0.000229622
6.634434e-08,-0.000214704
6.644434e-08,-0.000201731
6.654434e-08,-0.000191353
6.664434e-08,-0.00018357
6.674434e-08,-0.000178381
6.684434e-08,-0.000175786
6.694434e-08,-0.000176435
6.704434e-08,-0.000177732
6.714434e-08,-0.000179678
6.724434e-08,-0.000179678
6.734434e-08,-0.000178381
6.744434e-08,-0.000175138
6.754434e-08,-0.000168652
6.764434e-08,-0.000159571
6.774434e-08,-0.000149842
6.784434e-08,-0.000138815
6.794434e-08,-0.000128437
6.804434e-08,-0.000119356
6.814434e-08,-0.000114168
6.824434e-08,-0.000113519
6.834434e-08,-0.000117411
6.844434e-08,-0.000125194
6.854434e-08,-0.000135572
6.864434e-08,-0.000147896
6.874434e-08,-0.000159571
6.884434e-08,-0.000170597
6.894434e-08,-0.00017903
6.904434e-08,-0.00018357
6.914434e-08,-0.00018357
6.924434e-08,-0.000178381
6.934434e-08,-0.000169949
6.944434e-08,-0.000157625
6.954434e-08,-0.000143355
6.964434e-08,-0.000127789
6.974434e-08,-0.000112222
6.984434e-08,-9.7952e-05
6.994434e-08,-8.4331e-05
7.004434e-08,-7.33045e-05
7.014434e-08,-6.42238e-05
7.024434e-08,-5.7089e-05
7.034434e-08,-5.19e-05
7.044434e-08,-4.6711e-05
7.054434e-08,-4.34679e-05
7.064434e-08,-4.21707e-05
7.074434e-08,-4.21707e-05
7.084434e-08,-4.34679e-05
7.094434e-08,-4.60624e-05
7.104434e-08,-4.93055e-05
7.114434e-08,-5.31972e-05
7.124434e-08,-5.83862e-05
7.134434e-08,-6.42238e-05
7.144434e-08,-7.00614e-05
7.154434e-08,-7.52503e-05
7.164434e-08,-8.04393e-05
7.174434e-08,-8.49796e-05
7.184434e-08,-8.88713e-05
7.194434e-08,-9.27631e-05
7.204434e-08,-9.7952e-05
7.214434e-08,-0.000104438
7.224434e-08,-0.000112222
7.234434e-08,-0.000120654
7.244434e-08,-0.000130383
7.254434e-08,-0.000142707
7.264434e-08,-0.000156328
7.274434e-08,-0.000171895
7.284434e-08,-0.000188759
7.294434e-08,-0.000207569
7.304434e-08,-0.000228325
7.314434e-08,-0.000250378
7.324434e-08,-0.000275025
7.334434e-08,-0.000300322
7.344434e-08,-0.000326266
7.354434e-08,-0.000350914
7.364434e-08,-0.000373616
7.374434e-08,-0.000393723
7.384434e-08,-0.00040929
7.394434e-08,-0.000420316
7.404434e-08,-0.000425505
7.414434e-08,-0.000424857
7.424434e-08,-0.000417722
7.434434e-08,-0.000405398
7.444434e-08,-0.000388534
7.454434e-08,-0.000369075
7.464434e-08,-0.000347671
7.474434e-08,-0.000324969
7.484434e-08,-0.000302916
7.494434e-08,-0.000280863
7.504434e-08,-0.000260756
7.514434e-08,-0.000242594
7.524434e-08,-0.000226379
7.534434e-08,-0.000211461
7.544434e-08,-0.000199137
7.554434e-08,-0.00018811
7.564434e-08,-0.000178381
7.574434e-08,-0.000170597
7.584434e-08,-0.000163463
7.594434e-08,-0.000156328
7.604434e-08,-0.000149193
7.614434e-08,-0.000142058
7.624434e-08,-0.000134923
7.634434e-08,-0.000128437
7.644434e-08,-0.000121951
7.654434e-08,-0.000117411
7.664434e-08,-0.000114816
7.674434e-08,-0.000113519
7.684434e-08,-0.000115465
7.694434e-08,-0.000119356
7.704434e-08,-0.000125843
7.714434e-08,-0.000133626
7.724434e-08,-0.000142058
