LECROYWaveRunner‘N,20113,Waveform
Segments,1,SegmentSize,2002
Segment,TrigTime,TimeSinceSegment1
#1,28-Sep-2018 13:21:08,0                 
Time,Ampl
-1.2282e-07,6.80947e-05
-1.2272e-07,4.73389e-05
-1.2262e-07,2.78803e-05
-1.2252e-07,1.10162e-05
-1.2242e-07,-1.30762e-06
-1.2232e-07,-7.79382e-06
-1.2222e-07,-8.44244e-06
-1.2212e-07,-4.55072e-06
-1.2202e-07,1.93548e-06
-1.2192e-07,8.42168e-06
-1.2182e-07,1.36106e-05
-1.2172e-07,1.55565e-05
-1.2162e-07,1.2962e-05
-1.2152e-07,5.17858e-06
-1.2142e-07,-5.19934e-06
-1.2132e-07,-1.81717e-05
-1.2122e-07,-3.11441e-05
-1.2112e-07,-4.15221e-05
-1.2102e-07,-4.73596e-05
-1.2092e-07,-4.73596e-05
-1.2082e-07,-4.28193e-05
-1.2072e-07,-3.309e-05
-1.2062e-07,-2.01176e-05
-1.2052e-07,-5.19934e-06
-1.2042e-07,9.0703e-06
-1.2032e-07,2.20427e-05
-1.2022e-07,3.30692e-05
-1.2012e-07,4.21499e-05
-1.2002e-07,4.92848e-05
-1.1992e-07,5.5771e-05
-1.1982e-07,6.29058e-05
-1.1972e-07,7.19865e-05
-1.1962e-07,8.3013e-05
-1.1952e-07,9.6634e-05
-1.1942e-07,0.000111552
-1.1932e-07,0.000127768
-1.1922e-07,0.000143335
-1.1912e-07,0.000156307
-1.1902e-07,0.000167334
-1.1892e-07,0.00017382
-1.1882e-07,0.000177063
-1.1872e-07,0.000177063
-1.1862e-07,0.000176414
-1.1852e-07,0.000175117
-1.1842e-07,0.000174468
-1.1832e-07,0.000175117
-1.1822e-07,0.000177063
-1.1812e-07,0.000179009
-1.1802e-07,0.000179009
-1.1792e-07,0.000177063
-1.1782e-07,0.000172523
-1.1772e-07,0.000164091
-1.1762e-07,0.000151767
-1.1752e-07,0.000138146
-1.1742e-07,0.000124525
-1.1732e-07,0.000113498
-1.1722e-07,0.000105715
-1.1712e-07,0.000103769
-1.1702e-07,0.000108309
-1.1692e-07,0.000118687
-1.1682e-07,0.000132957
-1.1672e-07,0.000149821
-1.1662e-07,0.000166685
-1.1652e-07,0.000179009
-1.1642e-07,0.000186144
-1.1632e-07,0.000186144
-1.1622e-07,0.000179009
-1.1612e-07,0.000166685
-1.1602e-07,0.000150469
-1.1592e-07,0.000133605
-1.1582e-07,0.000118687
-1.1572e-07,0.000108958
-1.1562e-07,0.000105066
-1.1552e-07,0.000108309
-1.1542e-07,0.00011739
-1.1532e-07,0.00013166
-1.1522e-07,0.000147226
-1.1512e-07,0.000161496
-1.1502e-07,0.000172523
-1.1492e-07,0.000179657
-1.1482e-07,0.000180955
-1.1472e-07,0.000177712
-1.1462e-07,0.000172523
-1.1452e-07,0.000166036
-1.1442e-07,0.000160847
-1.1432e-07,0.000158902
-1.1422e-07,0.000160847
-1.1412e-07,0.000167334
-1.1402e-07,0.000176414
-1.1392e-07,0.000186144
-1.1382e-07,0.000195224
-1.1372e-07,0.000200413
-1.1362e-07,0.00020171
-1.1352e-07,0.000198467
-1.1342e-07,0.000190035
-1.1332e-07,0.000177712
-1.1322e-07,0.000163442
-1.1312e-07,0.000149821
-1.1302e-07,0.000138146
-1.1292e-07,0.00013166
-1.1282e-07,0.000129065
-1.1272e-07,0.00013166
-1.1262e-07,0.000137497
-1.1252e-07,0.000145281
-1.1242e-07,0.000153064
-1.1232e-07,0.000158253
-1.1222e-07,0.00015955
-1.1212e-07,0.000155658
-1.1202e-07,0.000146578
-1.1192e-07,0.000132308
-1.1182e-07,0.000115444
-1.1172e-07,9.72826e-05
-1.1162e-07,7.97699e-05
-1.1152e-07,6.48516e-05
-1.1142e-07,5.38251e-05
-1.1132e-07,4.66903e-05
-1.1122e-07,4.27986e-05
-1.1112e-07,4.34472e-05
-1.1102e-07,4.60417e-05
-1.1092e-07,5.0582e-05
-1.1082e-07,5.44737e-05
-1.1072e-07,5.90141e-05
-1.1062e-07,6.22572e-05
-1.1052e-07,6.48516e-05
-1.1042e-07,6.80947e-05
-1.1032e-07,7.13378e-05
-1.1022e-07,7.52296e-05
-1.1012e-07,7.91213e-05
-1.1002e-07,8.3013e-05
-1.0992e-07,8.69047e-05
-1.0982e-07,8.94992e-05
-1.0972e-07,9.01478e-05
-1.0962e-07,8.8202e-05
-1.0952e-07,8.43102e-05
-1.0942e-07,7.84727e-05
-1.0932e-07,7.00406e-05
-1.0922e-07,5.96627e-05
-1.0912e-07,4.92848e-05
-1.0902e-07,3.76096e-05
-1.0892e-07,2.6583e-05
-1.0882e-07,1.55565e-05
-1.0872e-07,4.52996e-06
-1.0862e-07,-6.49658e-06
-1.0852e-07,-1.75231e-05
-1.0842e-07,-2.7901e-05
-1.0832e-07,-3.89276e-05
-1.0822e-07,-4.86569e-05
-1.0812e-07,-5.77376e-05
-1.0802e-07,-6.42238e-05
-1.0792e-07,-6.68183e-05
-1.0782e-07,-6.42238e-05
-1.0772e-07,-5.57917e-05
-1.0762e-07,-4.28193e-05
-1.0752e-07,-2.40093e-05
-1.0742e-07,-6.58998e-07
-1.0732e-07,2.46372e-05
-1.0722e-07,5.0582e-05
-1.0712e-07,7.45809e-05
-1.0702e-07,9.59854e-05
-1.0692e-07,0.000111552
-1.0682e-07,0.00012193
-1.0672e-07,0.000125173
-1.0662e-07,0.000123227
-1.0652e-07,0.000116741
-1.0642e-07,0.000107012
-1.0632e-07,9.6634e-05
-1.0622e-07,8.62561e-05
-1.0612e-07,7.71754e-05
-1.0602e-07,6.87434e-05
-1.0592e-07,6.22572e-05
-1.0582e-07,5.70682e-05
-1.0572e-07,5.18792e-05
-1.0562e-07,4.79875e-05
-1.0552e-07,4.40958e-05
-1.0542e-07,4.08527e-05
-1.0532e-07,3.76096e-05
-1.0522e-07,3.50151e-05
-1.0512e-07,3.37179e-05
-1.0502e-07,3.50151e-05
-1.0492e-07,3.89068e-05
-1.0482e-07,4.60417e-05
-1.0472e-07,5.51223e-05
-1.0462e-07,6.67975e-05
-1.0452e-07,7.91213e-05
-1.0442e-07,9.01478e-05
-1.0432e-07,9.85799e-05
-1.0422e-07,0.00010312
-1.0412e-07,0.00010312
-1.0402e-07,9.92285e-05
-1.0392e-07,9.07964e-05
-1.0382e-07,8.04185e-05
-1.0372e-07,6.9392e-05
-1.0362e-07,5.90141e-05
-1.0352e-07,5.0582e-05
-1.0342e-07,4.5393e-05
-1.0332e-07,4.34472e-05
-1.0322e-07,4.40958e-05
-1.0312e-07,4.79875e-05
-1.0302e-07,5.31765e-05
-1.0292e-07,5.77168e-05
-1.0282e-07,5.96627e-05
-1.0272e-07,5.90141e-05
-1.0262e-07,5.51223e-05
-1.0252e-07,5.0582e-05
-1.0242e-07,4.47444e-05
-1.0232e-07,3.89068e-05
-1.0222e-07,3.50151e-05
-1.0212e-07,3.30692e-05
-1.0202e-07,3.37179e-05
-1.0192e-07,3.76096e-05
-1.0182e-07,4.34472e-05
-1.0172e-07,5.18792e-05
-1.0162e-07,6.09599e-05
-1.0152e-07,6.80947e-05
-1.0142e-07,7.32837e-05
-1.0132e-07,7.52296e-05
-1.0122e-07,7.39323e-05
-1.0112e-07,7.00406e-05
-1.0102e-07,6.29058e-05
-1.0092e-07,5.38251e-05
-1.0082e-07,4.40958e-05
-1.0072e-07,3.43665e-05
-1.0062e-07,2.6583e-05
-1.0052e-07,2.07455e-05
-1.0042e-07,1.75024e-05
-1.0032e-07,1.62051e-05
-1.0022e-07,1.62051e-05
-1.0012e-07,1.8151e-05
-1.0002e-07,2.07455e-05
-9.991996e-08,2.46372e-05
-9.981996e-08,2.78803e-05
-9.971996e-08,3.11234e-05
-9.961996e-08,3.43665e-05
-9.951996e-08,3.63124e-05
-9.941996e-08,3.82582e-05
-9.931996e-08,4.02041e-05
-9.921996e-08,4.21499e-05
-9.911996e-08,4.40958e-05
-9.901996e-08,4.60417e-05
-9.891996e-08,4.79875e-05
-9.881996e-08,5.12306e-05
-9.871996e-08,5.44737e-05
-9.861996e-08,5.83654e-05
-9.851996e-08,6.22572e-05
-9.841996e-08,6.61489e-05
-9.831996e-08,6.9392e-05
-9.821996e-08,7.32837e-05
-9.811996e-08,7.52296e-05
-9.801996e-08,7.52296e-05
-9.791996e-08,7.32837e-05
-9.781996e-08,6.80947e-05
-9.771996e-08,6.03113e-05
-9.761996e-08,4.86361e-05
-9.751996e-08,3.43665e-05
-9.741996e-08,1.8151e-05
-9.731996e-08,1.28686e-06
-9.721996e-08,-1.49286e-05
-9.711996e-08,-2.85497e-05
-9.701996e-08,-3.76303e-05
-9.691996e-08,-4.15221e-05
-9.681996e-08,-4.02248e-05
-9.671996e-08,-3.17928e-05
-9.661996e-08,-1.75231e-05
-9.651996e-08,1.93548e-06
-9.641996e-08,2.39886e-05
-9.631996e-08,4.73389e-05
-9.621996e-08,6.9392e-05
-9.611996e-08,8.8202e-05
-9.601996e-08,0.000101174
-9.591996e-08,0.000108958
-9.581996e-08,0.000110255
-9.571996e-08,0.000105715
-9.561996e-08,9.53368e-05
-9.551996e-08,8.10671e-05
-9.541996e-08,6.48516e-05
-9.531996e-08,4.73389e-05
-9.521996e-08,3.04748e-05
-9.511996e-08,1.55565e-05
-9.501996e-08,2.5841e-06
-9.491996e-08,-7.79382e-06
-9.481996e-08,-1.62259e-05
-9.471996e-08,-2.14148e-05
-9.461996e-08,-2.40093e-05
-9.451996e-08,-2.46579e-05
-9.441996e-08,-2.40093e-05
-9.431996e-08,-2.27121e-05
-9.421996e-08,-2.01176e-05
-9.411996e-08,-1.75231e-05
-9.401996e-08,-1.55773e-05
-9.391996e-08,-1.428e-05
-9.381996e-08,-1.428e-05
-9.371996e-08,-1.428e-05
-9.361996e-08,-1.428e-05
-9.351996e-08,-1.36314e-05
-9.341996e-08,-1.23342e-05
-9.331996e-08,-9.73968e-06
-9.321996e-08,-5.84796e-06
-9.311996e-08,6.38242e-07
-9.301996e-08,9.0703e-06
-9.291996e-08,2.00968e-05
-9.281996e-08,3.24206e-05
-9.271996e-08,4.47444e-05
-9.261996e-08,5.70682e-05
-9.251996e-08,6.80947e-05
-9.241996e-08,7.71754e-05
-9.231996e-08,8.36616e-05
-9.221996e-08,8.62561e-05
-9.211996e-08,8.56075e-05
-9.201996e-08,8.04185e-05
-9.191996e-08,7.13378e-05
-9.181996e-08,5.96627e-05
-9.171996e-08,4.5393e-05
-9.161996e-08,2.91775e-05
-9.151996e-08,1.23134e-05
-9.141996e-08,-5.19934e-06
-9.131996e-08,-2.20635e-05
-9.121996e-08,-3.76303e-05
-9.111996e-08,-5.19e-05
-9.101996e-08,-6.42238e-05
-9.091996e-08,-7.52503e-05
-9.081996e-08,-8.4331e-05
-9.071996e-08,-9.08172e-05
-9.061996e-08,-9.40603e-05
-9.051996e-08,-9.40603e-05
-9.041996e-08,-9.14658e-05
-9.031996e-08,-8.56282e-05
-9.021996e-08,-7.58989e-05
-9.011996e-08,-6.22779e-05
-9.001996e-08,-4.54138e-05
-8.991996e-08,-2.46579e-05
-8.981996e-08,6.38242e-07
-8.971996e-08,2.85289e-05
-8.961996e-08,5.90141e-05
-8.951996e-08,9.01478e-05
-8.941996e-08,0.00012193
-8.931996e-08,0.000151118
-8.921996e-08,0.000177712
-8.911996e-08,0.000199765
-8.901996e-08,0.00021598
-8.891996e-08,0.000227007
-8.881996e-08,0.000231547
-8.871996e-08,0.000230898
-8.861996e-08,0.000225709
-8.851996e-08,0.000217277
-8.841996e-08,0.000206251
-8.831996e-08,0.000193927
-8.821996e-08,0.000180955
-8.811996e-08,0.000168631
-8.801996e-08,0.000156956
-8.791996e-08,0.000145929
-8.781996e-08,0.0001362
-8.771996e-08,0.000127119
-8.761996e-08,0.000118687
-8.751996e-08,0.000112201
-8.741996e-08,0.000107012
-8.731996e-08,0.000103769
-8.721996e-08,0.000101174
-8.711996e-08,9.92285e-05
-8.701996e-08,9.92285e-05
-8.691996e-08,9.98771e-05
-8.681996e-08,0.000101823
-8.671996e-08,0.000104417
-8.661996e-08,0.000108309
-8.651996e-08,0.000112201
-8.641996e-08,0.000115444
-8.631996e-08,0.000118038
-8.621996e-08,0.000119984
-8.611996e-08,0.000120633
-8.601996e-08,0.000120633
-8.591996e-08,0.000118687
-8.581996e-08,0.000116093
-8.571996e-08,0.000111552
-8.561996e-08,0.000105066
-8.551996e-08,9.6634e-05
-8.541996e-08,8.8202e-05
-8.531996e-08,7.84727e-05
-8.521996e-08,6.67975e-05
-8.511996e-08,5.51223e-05
-8.501996e-08,4.47444e-05
-8.491996e-08,3.56637e-05
-8.481996e-08,2.91775e-05
-8.471996e-08,2.52858e-05
-8.461996e-08,2.6583e-05
-8.451996e-08,3.1772e-05
-8.441996e-08,4.27986e-05
-8.431996e-08,5.83654e-05
-8.421996e-08,7.71754e-05
-8.411996e-08,9.92285e-05
-8.401996e-08,0.000120633
-8.391996e-08,0.00014074
-8.381996e-08,0.000156956
-8.371996e-08,0.000167982
-8.361996e-08,0.000172523
-8.351996e-08,0.000170577
-8.341996e-08,0.000162793
-8.331996e-08,0.000147875
-8.321996e-08,0.000127768
-8.311996e-08,0.000105066
-8.301996e-08,8.17158e-05
-8.291996e-08,6.03113e-05
-8.281996e-08,4.15013e-05
-8.271996e-08,2.72317e-05
-8.261996e-08,1.68537e-05
-8.251996e-08,1.10162e-05
-8.241996e-08,7.77306e-06
-8.231996e-08,7.12444e-06
-8.221996e-08,7.77306e-06
-8.211996e-08,7.12444e-06
-8.201996e-08,5.17858e-06
-8.191996e-08,1.28686e-06
-8.181996e-08,-5.19934e-06
-8.171996e-08,-1.29828e-05
-8.161996e-08,-2.20635e-05
-8.151996e-08,-3.11441e-05
-8.141996e-08,-4.02248e-05
-8.131996e-08,-4.80083e-05
-8.121996e-08,-5.44945e-05
-8.111996e-08,-5.77376e-05
-8.101996e-08,-5.83862e-05
-8.091996e-08,-5.57917e-05
-8.081996e-08,-5.12514e-05
-8.071996e-08,-4.28193e-05
-8.061996e-08,-3.04955e-05
-8.051996e-08,-1.49286e-05
-8.041996e-08,5.17858e-06
-8.031996e-08,2.85289e-05
-8.021996e-08,5.44737e-05
-8.011996e-08,8.23644e-05
-8.001996e-08,0.000110255
-7.991996e-08,0.000136848
-7.981996e-08,0.00015955
-7.971996e-08,0.00017836
-7.961996e-08,0.000190035
-7.951996e-08,0.000194576
-7.941996e-08,0.000191333
-7.931996e-08,0.000180955
-7.921996e-08,0.000164739
-7.911996e-08,0.000144632
-7.901996e-08,0.000123227
-7.891996e-08,0.00010312
-7.881996e-08,8.56075e-05
-7.871996e-08,7.32837e-05
-7.861996e-08,6.67975e-05
-7.851996e-08,6.61489e-05
-7.841996e-08,7.13378e-05
-7.831996e-08,8.04185e-05
-7.821996e-08,9.27423e-05
-7.811996e-08,0.000107012
-7.801996e-08,0.00012193
-7.791996e-08,0.0001362
-7.781996e-08,0.000149821
-7.771996e-08,0.000162793
-7.761996e-08,0.00017382
-7.751996e-08,0.000184846
-7.741996e-08,0.000195224
-7.731996e-08,0.000205602
-7.721996e-08,0.000215332
-7.711996e-08,0.000223764
-7.701996e-08,0.000231547
-7.691996e-08,0.000236736
-7.681996e-08,0.00023933
-7.671996e-08,0.000238682
-7.661996e-08,0.000235439
-7.651996e-08,0.00023025
-7.641996e-08,0.000223115
-7.631996e-08,0.000214683
-7.621996e-08,0.000205602
-7.611996e-08,0.000197819
-7.601996e-08,0.000190684
-7.591996e-08,0.000183549
-7.581996e-08,0.000175117
-7.571996e-08,0.000165388
-7.561996e-08,0.000153713
-7.551996e-08,0.000137497
-7.541996e-08,0.000118038
-7.531996e-08,9.59854e-05
-7.521996e-08,7.13378e-05
-7.511996e-08,4.60417e-05
-7.501996e-08,2.13941e-05
-7.491996e-08,6.38242e-07
-7.481996e-08,-1.62259e-05
-7.471996e-08,-2.66038e-05
-7.461996e-08,-3.11441e-05
-7.451996e-08,-2.98469e-05
-7.441996e-08,-2.53066e-05
-7.431996e-08,-1.9469e-05
-7.421996e-08,-1.36314e-05
-7.411996e-08,-9.73968e-06
-7.401996e-08,-1.03883e-05
-7.391996e-08,-1.49286e-05
-7.381996e-08,-2.33607e-05
-7.371996e-08,-3.37386e-05
-7.361996e-08,-4.47652e-05
-7.351996e-08,-5.44945e-05
-7.341996e-08,-6.16293e-05
-7.331996e-08,-6.48724e-05
-7.321996e-08,-6.35752e-05
-7.311996e-08,-5.77376e-05
-7.301996e-08,-4.86569e-05
-7.291996e-08,-3.69817e-05
-7.281996e-08,-2.46579e-05
-7.271996e-08,-1.428e-05
-7.261996e-08,-5.84796e-06
-7.251996e-08,-1.03779e-08
-7.241996e-08,1.93548e-06
-7.231996e-08,1.28686e-06
-7.221996e-08,-6.58998e-07
-7.211996e-08,-3.25348e-06
-7.201996e-08,-6.49658e-06
-7.191996e-08,-8.44244e-06
-7.181996e-08,-9.09106e-06
-7.171996e-08,-8.44244e-06
-7.161996e-08,-5.84796e-06
-7.151996e-08,-1.95624e-06
-7.141996e-08,2.5841e-06
-7.131996e-08,9.0703e-06
-7.121996e-08,1.62051e-05
-7.111996e-08,2.33399e-05
-7.101996e-08,3.11234e-05
-7.091996e-08,3.82582e-05
-7.081996e-08,4.40958e-05
-7.071996e-08,4.73389e-05
-7.061996e-08,4.86361e-05
-7.051996e-08,4.60417e-05
-7.041996e-08,4.02041e-05
-7.031996e-08,3.04748e-05
-7.021996e-08,1.75024e-05
-7.011996e-08,2.5841e-06
-7.001996e-08,-1.23342e-05
-6.991996e-08,-2.59552e-05
-6.981996e-08,-3.50359e-05
-6.971996e-08,-3.76303e-05
-6.961996e-08,-3.37386e-05
-6.951996e-08,-2.27121e-05
-6.941996e-08,-5.84796e-06
-6.931996e-08,1.49079e-05
-6.921996e-08,3.82582e-05
-6.911996e-08,6.09599e-05
-6.901996e-08,8.17158e-05
-6.891996e-08,9.72826e-05
-6.881996e-08,0.000105715
-6.871996e-08,0.000107661
-6.861996e-08,0.00010312
-6.851996e-08,9.33909e-05
-6.841996e-08,7.97699e-05
-6.831996e-08,6.4203e-05
-6.821996e-08,4.92848e-05
-6.811996e-08,3.63124e-05
-6.801996e-08,2.52858e-05
-6.791996e-08,1.75024e-05
-6.781996e-08,1.10162e-05
-6.771996e-08,5.8272e-06
-6.761996e-08,6.38242e-07
-6.751996e-08,-6.49658e-06
-6.741996e-08,-1.49286e-05
-6.731996e-08,-2.66038e-05
-6.721996e-08,-3.89276e-05
-6.711996e-08,-5.19e-05
-6.701996e-08,-6.42238e-05
-6.691996e-08,-7.52503e-05
-6.681996e-08,-8.17365e-05
-6.671996e-08,-8.36824e-05
-6.661996e-08,-7.84934e-05
-6.651996e-08,-6.74669e-05
-6.641996e-08,-5.12514e-05
-6.631996e-08,-3.11441e-05
-6.621996e-08,-8.44244e-06
-6.611996e-08,1.55565e-05
-6.601996e-08,4.02041e-05
-6.591996e-08,6.35544e-05
-6.581996e-08,8.56075e-05
-6.571996e-08,0.000105066
-6.561996e-08,0.00012193
-6.551996e-08,0.000136848
-6.541996e-08,0.000150469
-6.531996e-08,0.000162793
-6.521996e-08,0.000174468
-6.511996e-08,0.000184846
-6.501996e-08,0.000193927
-6.491996e-08,0.00020171
-6.481996e-08,0.000207548
-6.471996e-08,0.000210791
-6.461996e-08,0.000212088
-6.451996e-08,0.000212088
-6.441996e-08,0.000210143
-6.431996e-08,0.000206899
-6.421996e-08,0.000204954
-6.411996e-08,0.000203656
-6.401996e-08,0.000203008
-6.391996e-08,0.000203008
-6.381996e-08,0.000203656
-6.371996e-08,0.000203008
-6.361996e-08,0.000201062
-6.351996e-08,0.000196522
-6.341996e-08,0.000190035
-6.331996e-08,0.000179657
-6.321996e-08,0.000165388
-6.311996e-08,0.000148524
-6.301996e-08,0.000131011
-6.291996e-08,0.000113498
-6.281996e-08,9.6634e-05
-6.271996e-08,8.17158e-05
-6.261996e-08,6.87434e-05
-6.251996e-08,5.77168e-05
-6.241996e-08,4.86361e-05
-6.231996e-08,4.02041e-05
-6.221996e-08,3.24206e-05
-6.211996e-08,2.39886e-05
-6.201996e-08,1.55565e-05
-6.191996e-08,5.8272e-06
-6.181996e-08,-1.95624e-06
-6.171996e-08,-8.44244e-06
-6.161996e-08,-1.03883e-05
-6.151996e-08,-7.79382e-06
-6.141996e-08,1.28686e-06
-6.131996e-08,1.62051e-05
-6.121996e-08,3.63124e-05
-6.111996e-08,5.83654e-05
-6.101996e-08,8.17158e-05
-6.091996e-08,0.000101174
-6.081996e-08,0.000114795
-6.071996e-08,0.000119336
-6.061996e-08,0.000113498
-6.051996e-08,9.79313e-05
-6.041996e-08,7.32837e-05
-6.031996e-08,4.21499e-05
-6.021996e-08,7.12444e-06
-6.011996e-08,-2.85497e-05
-6.001996e-08,-6.22779e-05
-5.991996e-08,-9.14658e-05
-5.981996e-08,-0.00011287
-5.971996e-08,-0.000127789
-5.961996e-08,-0.000136221
-5.951996e-08,-0.000138815
-5.941996e-08,-0.000137518
-5.931996e-08,-0.000132329
-5.921996e-08,-0.000125194
-5.911996e-08,-0.000116762
-5.901996e-08,-0.000105735
-5.891996e-08,-9.34117e-05
-5.881996e-08,-7.78448e-05
-5.871996e-08,-5.90348e-05
-5.861996e-08,-3.76303e-05
-5.851996e-08,-1.29828e-05
-5.841996e-08,1.42593e-05
-5.831996e-08,4.08527e-05
-5.821996e-08,6.67975e-05
-5.811996e-08,8.88506e-05
-5.801996e-08,0.000105715
-5.791996e-08,0.000115444
-5.781996e-08,0.000118687
-5.771996e-08,0.000115444
-5.761996e-08,0.000105715
-5.751996e-08,9.14451e-05
-5.741996e-08,7.39323e-05
-5.731996e-08,5.51223e-05
-5.721996e-08,3.63124e-05
-5.711996e-08,1.75024e-05
-5.701996e-08,1.28686e-06
-5.691996e-08,-1.29828e-05
-5.681996e-08,-2.46579e-05
-5.671996e-08,-3.309e-05
-5.661996e-08,-3.8279e-05
-5.651996e-08,-4.08734e-05
-5.641996e-08,-3.89276e-05
-5.631996e-08,-3.24414e-05
-5.621996e-08,-2.20635e-05
-5.611996e-08,-7.1452e-06
-5.601996e-08,1.03675e-05
-5.591996e-08,3.11234e-05
-5.581996e-08,5.18792e-05
-5.571996e-08,7.13378e-05
-5.561996e-08,8.75533e-05
-5.551996e-08,9.85799e-05
-5.541996e-08,0.00010312
-5.531996e-08,0.000100526
-5.521996e-08,9.14451e-05
-5.511996e-08,7.71754e-05
-5.501996e-08,5.90141e-05
-5.491996e-08,3.82582e-05
-5.481996e-08,1.68537e-05
-5.471996e-08,-3.25348e-06
-5.461996e-08,-2.07662e-05
-5.451996e-08,-3.69817e-05
-5.441996e-08,-5.06027e-05
-5.431996e-08,-6.29265e-05
-5.421996e-08,-7.52503e-05
-5.411996e-08,-8.69255e-05
-5.401996e-08,-9.92493e-05
-5.391996e-08,-0.000110276
-5.381996e-08,-0.000119356
-5.371996e-08,-0.000124545
-5.361996e-08,-0.0001226
-5.351996e-08,-0.000112222
-5.341996e-08,-9.27631e-05
-5.331996e-08,-6.35752e-05
-5.321996e-08,-2.59552e-05
-5.311996e-08,1.94482e-05
-5.301996e-08,6.80947e-05
-5.291996e-08,0.000115444
-5.281996e-08,0.000158902
-5.271996e-08,0.000194576
-5.261996e-08,0.000219872
-5.251996e-08,0.000232196
-5.241996e-08,0.000232844
-5.231996e-08,0.000221818
-5.221996e-08,0.000202359
-5.211996e-08,0.000179009
-5.201996e-08,0.000153713
-5.191996e-08,0.000131011
-5.181996e-08,0.00011285
-5.171996e-08,9.92285e-05
-5.161996e-08,9.14451e-05
-5.151996e-08,8.8202e-05
-5.141996e-08,8.8202e-05
-5.131996e-08,9.07964e-05
-5.121996e-08,9.40395e-05
-5.111996e-08,9.6634e-05
-5.101996e-08,9.92285e-05
-5.091996e-08,0.000100526
-5.081996e-08,0.00010312
-5.071996e-08,0.000105066
-5.061996e-08,0.000107661
-5.051996e-08,0.000110255
-5.041996e-08,0.000112201
-5.031996e-08,0.000112201
-5.021996e-08,0.000109606
-5.011996e-08,0.000104417
-5.001996e-08,9.59854e-05
-4.991996e-08,8.43102e-05
-4.981996e-08,7.06892e-05
-4.971996e-08,5.70682e-05
-4.961996e-08,4.40958e-05
-4.951996e-08,3.56637e-05
-4.941996e-08,3.24206e-05
-4.931996e-08,3.56637e-05
-4.921996e-08,4.40958e-05
-4.911996e-08,5.77168e-05
-4.901996e-08,7.39323e-05
-4.891996e-08,9.14451e-05
-4.881996e-08,0.000107661
-4.871996e-08,0.000119984
-4.861996e-08,0.000127768
-4.851996e-08,0.000130362
-4.841996e-08,0.000127119
-4.831996e-08,0.000119336
-4.821996e-08,0.000109606
-4.811996e-08,9.98771e-05
-4.801996e-08,9.07964e-05
-4.791996e-08,8.43102e-05
-4.781996e-08,7.97699e-05
-4.771996e-08,7.84727e-05
-4.761996e-08,7.7824e-05
-4.751996e-08,7.7824e-05
-4.741996e-08,7.58782e-05
-4.731996e-08,7.32837e-05
-4.721996e-08,6.80947e-05
-4.711996e-08,6.16085e-05
-4.701996e-08,5.44737e-05
-4.691996e-08,4.92848e-05
-4.681996e-08,4.73389e-05
-4.671996e-08,4.86361e-05
-4.661996e-08,5.44737e-05
-4.651996e-08,6.48516e-05
-4.641996e-08,7.71754e-05
-4.631996e-08,9.14451e-05
-4.621996e-08,0.000104417
-4.611996e-08,0.000114795
-4.601996e-08,0.000119984
-4.591996e-08,0.000120633
-4.581996e-08,0.000116093
-4.571996e-08,0.000108309
-4.561996e-08,9.79313e-05
-4.551996e-08,8.69047e-05
-4.541996e-08,7.84727e-05
-4.531996e-08,7.32837e-05
-4.521996e-08,7.19865e-05
-4.511996e-08,7.58782e-05
-4.501996e-08,8.36616e-05
-4.491996e-08,9.33909e-05
-4.481996e-08,0.00010312
-4.471996e-08,0.000109606
-4.461996e-08,0.000112201
-4.451996e-08,0.000109606
-4.441996e-08,0.000100526
-4.431996e-08,8.69047e-05
-4.421996e-08,6.87434e-05
-4.411996e-08,4.92848e-05
-4.401996e-08,2.91775e-05
-4.391996e-08,9.71892e-06
-4.381996e-08,-7.1452e-06
-4.371996e-08,-2.01176e-05
-4.361996e-08,-3.04955e-05
-4.351996e-08,-3.89276e-05
-4.341996e-08,-4.47652e-05
-4.331996e-08,-4.93055e-05
-4.321996e-08,-5.31972e-05
-4.311996e-08,-5.64403e-05
-4.301996e-08,-5.83862e-05
-4.291996e-08,-5.90348e-05
-4.281996e-08,-5.7089e-05
-4.271996e-08,-5.06027e-05
-4.261996e-08,-3.95762e-05
-4.251996e-08,-2.46579e-05
-4.241996e-08,-5.84796e-06
-4.231996e-08,1.42593e-05
-4.221996e-08,3.63124e-05
-4.211996e-08,5.70682e-05
-4.201996e-08,7.45809e-05
-4.191996e-08,8.88506e-05
-4.181996e-08,9.92285e-05
-4.171996e-08,0.000105715
-4.161996e-08,0.000109606
-4.151996e-08,0.000110904
-4.141996e-08,0.000112201
-4.131996e-08,0.000114795
-4.121996e-08,0.000118687
-4.111996e-08,0.000123876
-4.101996e-08,0.000131011
-4.091996e-08,0.000137497
-4.081996e-08,0.000142686
-4.071996e-08,0.000143983
-4.061996e-08,0.000140092
-4.051996e-08,0.000130362
-4.041996e-08,0.000115444
-4.031996e-08,9.6634e-05
-4.021996e-08,7.58782e-05
-4.011996e-08,5.5771e-05
-4.001996e-08,3.6961e-05
-3.991996e-08,2.33399e-05
-3.981996e-08,1.62051e-05
-3.971996e-08,1.62051e-05
-3.961996e-08,2.26913e-05
-3.951996e-08,3.43665e-05
-3.941996e-08,5.12306e-05
-3.931996e-08,7.06892e-05
-3.921996e-08,9.20937e-05
-3.911996e-08,0.000114147
-3.901996e-08,0.0001362
-3.891996e-08,0.000157604
-3.881996e-08,0.000177712
-3.871996e-08,0.000196522
-3.861996e-08,0.000214683
-3.851996e-08,0.00023025
-3.841996e-08,0.000243222
-3.831996e-08,0.000250357
-3.821996e-08,0.000250357
-3.811996e-08,0.000241925
-3.801996e-08,0.000223764
-3.791996e-08,0.00019717
-3.781996e-08,0.000162793
-3.771996e-08,0.00012193
-3.761996e-08,7.91213e-05
-3.751996e-08,3.6961e-05
-3.741996e-08,-6.58998e-07
-3.731996e-08,-3.04955e-05
-3.721996e-08,-4.99541e-05
-3.711996e-08,-5.83862e-05
-3.701996e-08,-5.64403e-05
-3.691996e-08,-4.47652e-05
-3.681996e-08,-2.66038e-05
-3.671996e-08,-5.84796e-06
-3.661996e-08,1.42593e-05
-3.651996e-08,3.04748e-05
-3.641996e-08,4.15013e-05
-3.631996e-08,4.5393e-05
-3.621996e-08,4.40958e-05
-3.611996e-08,3.82582e-05
-3.601996e-08,2.91775e-05
-3.591996e-08,1.94482e-05
-3.581996e-08,1.10162e-05
-3.571996e-08,5.17858e-06
-3.561996e-08,2.5841e-06
-3.551996e-08,3.88134e-06
-3.541996e-08,8.42168e-06
-3.531996e-08,1.62051e-05
-3.521996e-08,2.46372e-05
-3.511996e-08,3.37179e-05
-3.501996e-08,4.21499e-05
-3.491996e-08,5.0582e-05
-3.481996e-08,5.70682e-05
-3.471996e-08,6.29058e-05
-3.461996e-08,6.80947e-05
-3.451996e-08,7.26351e-05
-3.441996e-08,7.71754e-05
-3.431996e-08,8.04185e-05
-3.421996e-08,8.23644e-05
-3.411996e-08,8.36616e-05
-3.401996e-08,8.17158e-05
-3.391996e-08,7.91213e-05
-3.381996e-08,7.52296e-05
-3.371996e-08,6.9392e-05
-3.361996e-08,6.35544e-05
-3.351996e-08,5.83654e-05
-3.341996e-08,5.51223e-05
-3.331996e-08,5.51223e-05
-3.321996e-08,5.83654e-05
-3.311996e-08,6.48516e-05
-3.301996e-08,7.45809e-05
-3.291996e-08,8.62561e-05
-3.281996e-08,9.79313e-05
-3.271996e-08,0.000108309
-3.261996e-08,0.000116741
-3.251996e-08,0.000123227
-3.241996e-08,0.000126471
-3.231996e-08,0.000127119
-3.221996e-08,0.000125173
-3.211996e-08,0.00012193
-3.201996e-08,0.00011739
-3.191996e-08,0.000112201
-3.181996e-08,0.000106363
-3.171996e-08,9.98771e-05
-3.161996e-08,9.14451e-05
-3.151996e-08,8.10671e-05
-3.141996e-08,6.74461e-05
-3.131996e-08,4.99334e-05
-3.121996e-08,2.91775e-05
-3.111996e-08,5.17858e-06
-3.101996e-08,-2.01176e-05
-3.091996e-08,-4.41165e-05
-3.081996e-08,-6.5521e-05
-3.071996e-08,-8.23851e-05
-3.061996e-08,-9.14658e-05
-3.051996e-08,-9.34117e-05
-3.041996e-08,-8.82227e-05
-3.031996e-08,-7.65476e-05
-3.021996e-08,-5.90348e-05
-3.011996e-08,-3.8279e-05
-3.001996e-08,-1.68745e-05
-2.991996e-08,3.23272e-06
-2.981996e-08,2.00968e-05
-2.971996e-08,3.30692e-05
-2.961996e-08,4.08527e-05
-2.951996e-08,4.40958e-05
-2.941996e-08,4.40958e-05
-2.931996e-08,4.08527e-05
-2.921996e-08,3.63124e-05
-2.911996e-08,3.11234e-05
-2.901996e-08,2.52858e-05
-2.891996e-08,1.94482e-05
-2.881996e-08,1.16648e-05
-2.871996e-08,1.93548e-06
-2.861996e-08,-9.09106e-06
-2.851996e-08,-2.27121e-05
-2.841996e-08,-3.76303e-05
-2.831996e-08,-5.44945e-05
-2.821996e-08,-7.071e-05
-2.811996e-08,-8.69255e-05
-2.801996e-08,-0.000101844
-2.791996e-08,-0.000114816
-2.781996e-08,-0.000124545
-2.771996e-08,-0.000129734
-2.761996e-08,-0.000132329
-2.751996e-08,-0.000130383
-2.741996e-08,-0.000124545
-2.731996e-08,-0.000115465
-2.721996e-08,-0.000103141
-2.711996e-08,-8.75741e-05
-2.701996e-08,-6.81155e-05
-2.691996e-08,-4.41165e-05
-2.681996e-08,-1.55773e-05
-2.671996e-08,1.8151e-05
-2.661996e-08,5.5771e-05
-2.651996e-08,9.72826e-05
-2.641996e-08,0.000140092
-2.631996e-08,0.000182252
-2.621996e-08,0.000221169
-2.611996e-08,0.000255546
-2.601996e-08,0.000281491
-2.591996e-08,0.000298355
-2.581996e-08,0.000304841
-2.571996e-08,0.000300949
-2.561996e-08,0.000287328
-2.551996e-08,0.000266573
-2.541996e-08,0.000239979
-2.531996e-08,0.000210791
-2.521996e-08,0.000180955
-2.511996e-08,0.000151767
-2.501996e-08,0.000125173
-2.491996e-08,0.000101823
-2.481996e-08,8.23644e-05
-2.471996e-08,6.48516e-05
-2.461996e-08,4.99334e-05
-2.451996e-08,3.6961e-05
-2.441996e-08,2.59344e-05
-2.431996e-08,1.62051e-05
-2.421996e-08,9.0703e-06
-2.411996e-08,5.17858e-06
-2.401996e-08,4.52996e-06
-2.391996e-08,8.42168e-06
-2.381996e-08,1.8151e-05
-2.371996e-08,3.24206e-05
-2.361996e-08,5.12306e-05
-2.351996e-08,7.19865e-05
-2.341996e-08,9.27423e-05
-2.331996e-08,0.000112201
-2.321996e-08,0.000127768
-2.311996e-08,0.000137497
-2.301996e-08,0.000141389
-2.291996e-08,0.000138794
-2.281996e-08,0.000131011
-2.271996e-08,0.000118038
-2.261996e-08,0.00010312
-2.251996e-08,8.75533e-05
-2.241996e-08,7.39323e-05
-2.231996e-08,6.29058e-05
-2.221996e-08,5.64196e-05
-2.211996e-08,5.38251e-05
-2.201996e-08,5.44737e-05
-2.191996e-08,5.70682e-05
-2.181996e-08,6.22572e-05
-2.171996e-08,6.74461e-05
-2.161996e-08,7.19865e-05
-2.151996e-08,7.45809e-05
-2.141996e-08,7.58782e-05
-2.131996e-08,7.65268e-05
-2.121996e-08,7.52296e-05
-2.111996e-08,7.45809e-05
-2.101996e-08,7.39323e-05
-2.091996e-08,7.52296e-05
-2.081996e-08,7.71754e-05
-2.071996e-08,8.04185e-05
-2.061996e-08,8.56075e-05
-2.051996e-08,9.14451e-05
-2.041996e-08,9.6634e-05
-2.031996e-08,0.000101823
-2.021996e-08,0.000105715
-2.011996e-08,0.000109606
-2.001996e-08,0.000111552
-1.991996e-08,0.000112201
-1.981996e-08,0.000111552
-1.971996e-08,0.000109606
-1.961996e-08,0.000105715
-1.951996e-08,9.98771e-05
-1.941996e-08,9.33909e-05
-1.931996e-08,8.62561e-05
-1.921996e-08,7.7824e-05
-1.911996e-08,6.87434e-05
-1.901996e-08,6.03113e-05
-1.891996e-08,5.38251e-05
-1.881996e-08,4.99334e-05
-1.871996e-08,4.99334e-05
-1.861996e-08,5.44737e-05
-1.851996e-08,6.4203e-05
-1.841996e-08,7.7824e-05
-1.831996e-08,9.53368e-05
-1.821996e-08,0.000114795
-1.811996e-08,0.000134903
-1.801996e-08,0.000153064
-1.791996e-08,0.000168631
-1.781996e-08,0.000180306
-1.771996e-08,0.000187441
-1.761996e-08,0.000190035
-1.751996e-08,0.000188089
-1.741996e-08,0.000182252
-1.731996e-08,0.000175117
-1.721996e-08,0.000165388
-1.711996e-08,0.000155658
-1.701996e-08,0.000146578
-1.691996e-08,0.000138146
-1.681996e-08,0.000130362
-1.671996e-08,0.000122579
-1.661996e-08,0.000115444
-1.651996e-08,0.000107012
-1.641996e-08,9.85799e-05
-1.631996e-08,8.94992e-05
-1.621996e-08,8.04185e-05
-1.611996e-08,7.19865e-05
-1.601996e-08,6.55003e-05
-1.591996e-08,6.03113e-05
-1.581996e-08,5.77168e-05
-1.571996e-08,5.70682e-05
-1.561996e-08,5.90141e-05
-1.551996e-08,6.16085e-05
-1.541996e-08,6.61489e-05
-1.531996e-08,7.06892e-05
-1.521996e-08,7.39323e-05
-1.511996e-08,7.58782e-05
-1.501996e-08,7.65268e-05
-1.491996e-08,7.58782e-05
-1.481996e-08,7.45809e-05
-1.471996e-08,7.45809e-05
-1.461996e-08,7.71754e-05
-1.451996e-08,8.3013e-05
-1.441996e-08,9.33909e-05
-1.431996e-08,0.000107661
-1.421996e-08,0.000126471
-1.411996e-08,0.000149172
-1.401996e-08,0.000172523
-1.391996e-08,0.000196522
-1.381996e-08,0.000217926
-1.371996e-08,0.000235439
-1.361996e-08,0.000247763
-1.351996e-08,0.000254897
-1.341996e-08,0.000255546
-1.331996e-08,0.000251006
-1.321996e-08,0.000240628
-1.311996e-08,0.000227007
-1.301996e-08,0.000210791
-1.291996e-08,0.000193927
-1.281996e-08,0.000177063
-1.271996e-08,0.000160847
-1.261996e-08,0.000147226
-1.251996e-08,0.000135551
-1.241996e-08,0.000125173
-1.231996e-08,0.000116741
-1.221996e-08,0.000109606
-1.211996e-08,0.000102472
-1.201996e-08,9.53368e-05
-1.191996e-08,8.8202e-05
-1.181996e-08,8.17158e-05
-1.171996e-08,7.58782e-05
-1.161996e-08,7.06892e-05
-1.151996e-08,6.74461e-05
-1.141996e-08,6.55003e-05
-1.131996e-08,6.61489e-05
-1.121996e-08,6.80947e-05
-1.111996e-08,7.19865e-05
-1.101996e-08,7.7824e-05
-1.091996e-08,8.49589e-05
-1.081996e-08,9.20937e-05
-1.071996e-08,9.92285e-05
-1.061996e-08,0.000106363
-1.051996e-08,0.000111552
-1.041996e-08,0.000114147
-1.031996e-08,0.000114795
-1.021996e-08,0.000113498
-1.011996e-08,0.000109606
-1.001996e-08,0.000104417
-9.919957e-09,9.85799e-05
-9.819957e-09,9.20937e-05
-9.719957e-09,8.56075e-05
-9.619957e-09,7.97699e-05
-9.519957e-09,7.52296e-05
-9.419957e-09,7.32837e-05
-9.319957e-09,7.52296e-05
-9.219957e-09,7.91213e-05
-9.119957e-09,8.56075e-05
-9.019957e-09,9.46882e-05
-8.919957e-09,0.000105715
-8.819957e-09,0.000116093
-8.719957e-09,0.000125822
-8.619957e-09,0.000133605
-8.519957e-09,0.000138146
-8.419957e-09,0.000137497
-8.319957e-09,0.000132308
-8.219957e-09,0.00012193
-8.119957e-09,0.000107661
-8.019957e-09,9.01478e-05
-7.919957e-09,7.06892e-05
-7.819957e-09,5.25279e-05
-7.719957e-09,3.6961e-05
-7.619957e-09,2.52858e-05
-7.519957e-09,1.87996e-05
-7.419957e-09,1.94482e-05
-7.319957e-09,2.6583e-05
-7.219957e-09,3.89068e-05
-7.119957e-09,5.44737e-05
-7.019957e-09,7.13378e-05
-6.919957e-09,8.8202e-05
-6.819957e-09,0.000101174
-6.719957e-09,0.000110255
-6.619957e-09,0.000113498
-6.519957e-09,0.000110904
-6.419957e-09,0.000102472
-6.319957e-09,8.88506e-05
-6.219957e-09,7.26351e-05
-6.119957e-09,5.5771e-05
-6.019957e-09,3.82582e-05
-5.919957e-09,2.26913e-05
-5.819957e-09,9.0703e-06
-5.719957e-09,-1.95624e-06
-5.619957e-09,-1.03883e-05
-5.519957e-09,-1.75231e-05
-5.419957e-09,-2.33607e-05
-5.319957e-09,-2.85497e-05
-5.219957e-09,-3.43872e-05
-5.119957e-09,-4.02248e-05
-5.019957e-09,-4.54138e-05
-4.919957e-09,-4.93055e-05
-4.819957e-09,-4.99541e-05
-4.719957e-09,-4.80083e-05
-4.619957e-09,-4.28193e-05
-4.519957e-09,-3.50359e-05
-4.419957e-09,-2.40093e-05
-4.319957e-09,-1.03883e-05
-4.219957e-09,5.8272e-06
-4.119957e-09,2.26913e-05
-4.019957e-09,3.95555e-05
-3.919957e-09,5.51223e-05
-3.819957e-09,6.9392e-05
-3.719957e-09,7.97699e-05
-3.619957e-09,8.56075e-05
-3.519957e-09,8.75533e-05
-3.419957e-09,8.56075e-05
-3.319957e-09,7.84727e-05
-3.219957e-09,6.61489e-05
-3.119957e-09,5.0582e-05
-3.019957e-09,3.11234e-05
-2.919957e-09,7.12444e-06
-2.819957e-09,-2.01176e-05
-2.719957e-09,-5.12514e-05
-2.619957e-09,-8.56282e-05
-2.519957e-09,-0.000121951
-2.419957e-09,-0.000161517
-2.319957e-09,-0.000203677
-2.219957e-09,-0.000247783
-2.119957e-09,-0.000294484
-2.019957e-09,-0.000343779
-1.919957e-09,-0.000395669
-1.819957e-09,-0.000449504
-1.719957e-09,-0.000505934
-1.619957e-09,-0.00056431
-1.519957e-09,-0.00062528
-1.419957e-09,-0.00068625
-1.319957e-09,-0.000749167
-1.219957e-09,-0.00081338
-1.119957e-09,-0.000878891
-1.019957e-09,-0.000946347
-9.199573e-10,-0.00101575
-8.199573e-10,-0.00108839
-7.199573e-10,-0.00116688
-6.199573e-10,-0.0012512
-5.199573e-10,-0.00134395
-4.199573e-10,-0.00144514
-3.199573e-10,-0.00155605
-2.199573e-10,-0.00167604
-1.199573e-10,-0.00180382
-1.995727e-11,-0.00193809
8.004273e-11,-0.00207754
1.800427e-10,-0.00221829
2.800427e-10,-0.00235839
3.800427e-10,-0.0024959
4.800427e-10,-0.00262822
5.800427e-10,-0.00275405
6.800427e-10,-0.00287145
7.800427e-10,-0.00298042
8.800427e-10,-0.0030816
9.800427e-10,-0.00317501
1.080043e-09,-0.00326322
1.180043e-09,-0.00334559
1.280043e-09,-0.00342602
1.380043e-09,-0.00350451
1.480043e-09,-0.00358169
1.580043e-09,-0.00365888
1.680043e-09,-0.00373541
1.780043e-09,-0.00381065
1.880043e-09,-0.0038846
1.980043e-09,-0.00395659
2.080043e-09,-0.004026
2.180043e-09,-0.0040928
2.280043e-09,-0.00415702
2.380043e-09,-0.00421799
2.480043e-09,-0.00427636
2.580043e-09,-0.0043315
2.680043e-09,-0.00438339
2.780043e-09,-0.00443073
2.880043e-09,-0.00447354
2.980043e-09,-0.00450857
3.080043e-09,-0.00453516
3.180043e-09,-0.00455203
3.280043e-09,-0.00455786
3.380043e-09,-0.00455138
3.480043e-09,-0.00453257
3.580043e-09,-0.00450338
3.680043e-09,-0.00446511
3.780043e-09,-0.00441841
3.880043e-09,-0.00436717
3.980043e-09,-0.00431333
4.080043e-09,-0.00425885
4.180043e-09,-0.00420437
4.280043e-09,-0.00415313
4.380043e-09,-0.00410383
4.480043e-09,-0.00405843
4.580043e-09,-0.00401562
4.680043e-09,-0.0039754
4.780043e-09,-0.00393713
4.880043e-09,-0.00390016
4.980043e-09,-0.00386384
5.080043e-09,-0.00382752
5.180043e-09,-0.00379184
5.280043e-09,-0.00375552
5.380043e-09,-0.0037192
5.480043e-09,-0.00368158
5.580043e-09,-0.00364266
5.680043e-09,-0.00360245
5.780043e-09,-0.00355899
5.880043e-09,-0.00351229
5.980043e-09,-0.00346299
6.080043e-09,-0.00340981
6.180043e-09,-0.00335338
6.280043e-09,-0.003295
6.380043e-09,-0.00323662
6.480043e-09,-0.0031789
6.580043e-09,-0.00312247
6.680043e-09,-0.00306798
6.780043e-09,-0.0030148
6.880043e-09,-0.00296291
6.980043e-09,-0.00291102
7.080043e-09,-0.00285848
7.180043e-09,-0.0028027
7.280043e-09,-0.00274367
7.380043e-09,-0.00268011
7.480043e-09,-0.00261265
7.580043e-09,-0.0025426
7.680043e-09,-0.0024706
7.780043e-09,-0.00239731
7.880043e-09,-0.00232531
7.980043e-09,-0.00225656
8.080043e-09,-0.0021917
8.180043e-09,-0.00213138
8.280043e-09,-0.00207495
8.380043e-09,-0.00202306
8.480043e-09,-0.00197506
8.580043e-09,-0.00192966
8.680043e-09,-0.0018849
8.780043e-09,-0.00184079
8.880043e-09,-0.00179734
8.980043e-09,-0.00175453
9.080043e-09,-0.00171302
9.180043e-09,-0.00167345
9.280043e-09,-0.00163648
9.380043e-09,-0.0016034
9.480043e-09,-0.00157486
9.580043e-09,-0.00155021
9.680043e-09,-0.00152751
9.780043e-09,-0.00150611
9.880043e-09,-0.0014847
9.980043e-09,-0.00146265
1.008004e-08,-0.001438
1.018004e-08,-0.00140946
1.028004e-08,-0.00137703
1.038004e-08,-0.00134201
1.048004e-08,-0.00130568
1.058004e-08,-0.00126936
1.068004e-08,-0.00123433
1.078004e-08,-0.0012019
1.088004e-08,-0.00117336
1.098004e-08,-0.00114872
1.108004e-08,-0.00112796
1.118004e-08,-0.00111045
1.128004e-08,-0.00109488
1.138004e-08,-0.00108126
1.148004e-08,-0.00106894
1.158004e-08,-0.00105791
1.168004e-08,-0.00104688
1.178004e-08,-0.00103651
1.188004e-08,-0.00102807
1.198004e-08,-0.00102224
1.208004e-08,-0.00101899
1.218004e-08,-0.00101899
1.228004e-08,-0.00102224
1.238004e-08,-0.00102872
1.248004e-08,-0.0010378
1.258004e-08,-0.00104753
1.268004e-08,-0.00105596
1.278004e-08,-0.0010618
1.288004e-08,-0.00106375
1.298004e-08,-0.0010618
1.308004e-08,-0.00105661
1.318004e-08,-0.00104883
1.328004e-08,-0.0010378
1.338004e-08,-0.00102548
1.348004e-08,-0.0010138
1.358004e-08,-0.00100278
1.368004e-08,-0.000993696
1.378004e-08,-0.000985913
1.388004e-08,-0.000980075
1.398004e-08,-0.000974886
1.408004e-08,-0.000970346
1.418004e-08,-0.000965157
1.428004e-08,-0.00095932
1.438004e-08,-0.000952185
1.448004e-08,-0.000944401
1.458004e-08,-0.000935969
1.468004e-08,-0.000926889
1.478004e-08,-0.000918457
1.488004e-08,-0.000910673
1.498004e-08,-0.00090289
1.508004e-08,-0.000895106
1.518004e-08,-0.000887323
1.528004e-08,-0.000877593
1.538004e-08,-0.000866567
1.548004e-08,-0.000854892
1.558004e-08,-0.000841919
1.568004e-08,-0.00082765
1.578004e-08,-0.000812083
1.588004e-08,-0.000795867
1.598004e-08,-0.000781598
1.608004e-08,-0.000769274
1.618004e-08,-0.000759545
1.628004e-08,-0.00075241
1.638004e-08,-0.000748518
1.648004e-08,-0.000747221
1.658004e-08,-0.000748518
1.668004e-08,-0.000750464
1.678004e-08,-0.000753707
1.688004e-08,-0.00075695
1.698004e-08,-0.000758896
1.708004e-08,-0.000759545
1.718004e-08,-0.000758896
1.728004e-08,-0.000756301
1.738004e-08,-0.000751761
1.748004e-08,-0.000746572
1.758004e-08,-0.000740735
1.768004e-08,-0.0007336
1.778004e-08,-0.00072387
1.788004e-08,-0.000712844
1.798004e-08,-0.000699223
1.808004e-08,-0.000684305
1.818004e-08,-0.000666143
1.828004e-08,-0.000646036
1.838004e-08,-0.000625929
1.848004e-08,-0.000605822
1.858004e-08,-0.000586363
1.868004e-08,-0.00056885
1.878004e-08,-0.000554581
1.888004e-08,-0.000542257
1.898004e-08,-0.000531879
1.908004e-08,-0.000522798
1.918004e-08,-0.000515663
1.928004e-08,-0.00050788
1.938004e-08,-0.000500097
1.948004e-08,-0.000491016
1.958004e-08,-0.000480638
1.968004e-08,-0.000468963
1.978004e-08,-0.000455342
1.988004e-08,-0.000439775
1.998004e-08,-0.000424857
2.008004e-08,-0.00040929
2.018004e-08,-0.000393074
2.028004e-08,-0.000376859
2.038004e-08,-0.000359995
2.048004e-08,-0.00034313
2.058004e-08,-0.000325618
2.068004e-08,-0.000307456
2.078004e-08,-0.000289295
2.088004e-08,-0.000271782
2.098004e-08,-0.000254918
2.108004e-08,-0.00024
2.118004e-08,-0.000229622
2.128004e-08,-0.000223136
2.138004e-08,-0.000222487
2.148004e-08,-0.000227676
2.158004e-08,-0.000238054
2.168004e-08,-0.000252972
2.178004e-08,-0.000270485
2.188004e-08,-0.000287998
2.198004e-08,-0.000304862
2.208004e-08,-0.000319131
2.218004e-08,-0.000327564
2.228004e-08,-0.000330807
2.238004e-08,-0.000328861
2.248004e-08,-0.000321726
2.258004e-08,-0.000311348
2.268004e-08,-0.000299024
2.278004e-08,-0.0002867
2.288004e-08,-0.000275674
2.298004e-08,-0.000265945
2.308004e-08,-0.000258161
2.318004e-08,-0.000252972
2.328004e-08,-0.000249729
2.338004e-08,-0.000247783
2.348004e-08,-0.000246486
2.358004e-08,-0.000245837
2.368004e-08,-0.000245189
2.378004e-08,-0.000243892
2.388004e-08,-0.000243892
2.398004e-08,-0.000245189
2.408004e-08,-0.000249081
2.418004e-08,-0.000254918
2.428004e-08,-0.00026335
2.438004e-08,-0.000273728
2.448004e-08,-0.0002867
2.458004e-08,-0.000300322
2.468004e-08,-0.000314591
2.478004e-08,-0.000328212
2.488004e-08,-0.000340536
2.498004e-08,-0.000350914
2.508004e-08,-0.000359346
2.518004e-08,-0.000365184
2.528004e-08,-0.000368427
2.538004e-08,-0.000371021
2.548004e-08,-0.000372318
2.558004e-08,-0.000374913
2.568004e-08,-0.000376859
2.578004e-08,-0.000379453
2.588004e-08,-0.000382696
2.598004e-08,-0.000385939
2.608004e-08,-0.000388534
2.618004e-08,-0.000389182
2.628004e-08,-0.000388534
2.638004e-08,-0.000386588
2.648004e-08,-0.000382696
2.658004e-08,-0.000378156
2.668004e-08,-0.000372967
2.678004e-08,-0.000368427
2.688004e-08,-0.000364535
2.698004e-08,-0.000361292
2.708004e-08,-0.000359346
2.718004e-08,-0.000358697
2.728004e-08,-0.000358049
2.738004e-08,-0.000356751
2.748004e-08,-0.000356103
2.758004e-08,-0.000354806
2.768004e-08,-0.000352211
2.778004e-08,-0.000348968
2.788004e-08,-0.000345725
2.798004e-08,-0.000344428
2.808004e-08,-0.000343779
2.818004e-08,-0.000345076
2.828004e-08,-0.000347671
2.838004e-08,-0.000352211
2.848004e-08,-0.0003574
2.858004e-08,-0.000362589
2.868004e-08,-0.000366481
2.878004e-08,-0.000367778
2.888004e-08,-0.000365184
2.898004e-08,-0.000356751
2.908004e-08,-0.000342482
2.918004e-08,-0.000323023
2.928004e-08,-0.000299024
2.938004e-08,-0.000271782
2.948004e-08,-0.000243243
2.958004e-08,-0.000216001
2.968004e-08,-0.000191353
2.978004e-08,-0.000171246
2.988004e-08,-0.000157625
2.998004e-08,-0.00015049
3.008004e-08,-0.000148544
3.018004e-08,-0.000151139
3.028004e-08,-0.000156976
3.038004e-08,-0.00016476
3.048004e-08,-0.000172543
3.058004e-08,-0.000180327
3.068004e-08,-0.000187462
3.078004e-08,-0.000192651
3.088004e-08,-0.000195245
3.098004e-08,-0.000196542
3.108004e-08,-0.000195894
3.118004e-08,-0.000193299
3.128004e-08,-0.000189407
3.138004e-08,-0.000184219
3.148004e-08,-0.000178381
3.158004e-08,-0.000171895
3.168004e-08,-0.000165409
3.178004e-08,-0.000159571
3.188004e-08,-0.000155031
3.198004e-08,-0.000153085
3.208004e-08,-0.000153085
3.218004e-08,-0.000156328
3.228004e-08,-0.000163463
3.238004e-08,-0.000173192
3.248004e-08,-0.000186164
3.258004e-08,-0.000200434
3.268004e-08,-0.000215352
3.278004e-08,-0.000229622
3.288004e-08,-0.000241946
3.298004e-08,-0.000251675
3.308004e-08,-0.000257513
3.318004e-08,-0.000260756
3.328004e-08,-0.000260107
3.338004e-08,-0.000257513
3.348004e-08,-0.000252972
3.358004e-08,-0.000247783
3.368004e-08,-0.000242594
3.378004e-08,-0.000238054
3.388004e-08,-0.000233514
3.398004e-08,-0.000228973
3.408004e-08,-0.000223784
3.418004e-08,-0.000217298
3.428004e-08,-0.000208866
3.438004e-08,-0.000198488
3.448004e-08,-0.000186813
3.458004e-08,-0.000173192
3.468004e-08,-0.00016022
3.478004e-08,-0.000149193
3.488004e-08,-0.000140761
3.498004e-08,-0.000136221
3.508004e-08,-0.000136869
3.518004e-08,-0.000142058
3.528004e-08,-0.000151787
3.538004e-08,-0.000165409
3.548004e-08,-0.000180327
3.558004e-08,-0.000195245
3.568004e-08,-0.000208217
3.578004e-08,-0.000217298
3.588004e-08,-0.000221838
3.598004e-08,-0.00022119
3.608004e-08,-0.000214055
3.618004e-08,-0.000201731
3.628004e-08,-0.000184867
3.638004e-08,-0.000165409
3.648004e-08,-0.000143355
3.658004e-08,-0.000121302
3.668004e-08,-9.98979e-05
3.678004e-08,-8.10879e-05
3.688004e-08,-6.61696e-05
3.698004e-08,-5.44945e-05
3.708004e-08,-4.6711e-05
3.718004e-08,-4.28193e-05
3.728004e-08,-4.41165e-05
3.738004e-08,-4.73596e-05
3.748004e-08,-5.31972e-05
3.758004e-08,-6.09807e-05
3.768004e-08,-6.87641e-05
3.778004e-08,-7.58989e-05
3.788004e-08,-8.17365e-05
3.798004e-08,-8.4331e-05
3.808004e-08,-8.23851e-05
3.818004e-08,-7.58989e-05
3.828004e-08,-6.5521e-05
3.838004e-08,-5.31972e-05
3.848004e-08,-3.8279e-05
3.858004e-08,-2.33607e-05
3.868004e-08,-1.10369e-05
3.878004e-08,-3.25348e-06
3.888004e-08,-1.95624e-06
3.898004e-08,-7.79382e-06
3.908004e-08,-2.20635e-05
3.918004e-08,-4.28193e-05
3.928004e-08,-6.87641e-05
3.938004e-08,-9.86006e-05
3.948004e-08,-0.000128437
3.958004e-08,-0.000156328
3.968004e-08,-0.000179678
3.978004e-08,-0.000195245
3.988004e-08,-0.000203028
3.998004e-08,-0.00020238
4.008004e-08,-0.000195245
4.018004e-08,-0.000182273
4.028004e-08,-0.000166706
4.038004e-08,-0.000149842
4.048004e-08,-0.000132978
4.058004e-08,-0.000118059
4.068004e-08,-0.000106384
4.078004e-08,-9.92493e-05
4.088004e-08,-9.53575e-05
4.098004e-08,-9.47089e-05
4.108004e-08,-9.47089e-05
4.118004e-08,-9.60062e-05
4.128004e-08,-9.7952e-05
4.138004e-08,-9.98979e-05
4.148004e-08,-0.000101844
4.158004e-08,-0.000104438
4.168004e-08,-0.00010833
4.178004e-08,-0.000114816
4.188004e-08,-0.000125194
4.198004e-08,-0.000140112
4.208004e-08,-0.000158922
4.218004e-08,-0.000180327
4.228004e-08,-0.000204326
4.238004e-08,-0.000229622
4.248004e-08,-0.000254269
4.258004e-08,-0.000276323
4.268004e-08,-0.000295133
4.278004e-08,-0.000310699
4.288004e-08,-0.000320429
4.298004e-08,-0.000325618
4.308004e-08,-0.000325618
4.318004e-08,-0.000321726
4.328004e-08,-0.00031524
4.338004e-08,-0.00030551
4.348004e-08,-0.000293187
4.358004e-08,-0.000279566
4.368004e-08,-0.000263999
4.378004e-08,-0.000247135
4.388004e-08,-0.000227676
4.398004e-08,-0.000207569
4.408004e-08,-0.000185516
4.418004e-08,-0.000162165
4.428004e-08,-0.000138815
4.438004e-08,-0.000116113
4.448004e-08,-9.47089e-05
4.458004e-08,-7.46017e-05
4.468004e-08,-5.51431e-05
4.478004e-08,-3.89276e-05
4.488004e-08,-2.40093e-05
4.498004e-08,-1.10369e-05
4.508004e-08,1.28686e-06
4.518004e-08,1.23134e-05
4.528004e-08,2.20427e-05
4.538004e-08,3.04748e-05
4.548004e-08,3.6961e-05
4.558004e-08,3.95555e-05
4.568004e-08,3.95555e-05
4.578004e-08,3.6961e-05
4.588004e-08,3.1772e-05
4.598004e-08,2.39886e-05
4.608004e-08,1.49079e-05
4.618004e-08,5.8272e-06
4.628004e-08,-1.95624e-06
4.638004e-08,-8.44244e-06
4.648004e-08,-1.16855e-05
4.658004e-08,-1.10369e-05
4.668004e-08,-6.49658e-06
4.678004e-08,-6.58998e-07
4.688004e-08,6.47582e-06
4.698004e-08,1.2962e-05
4.708004e-08,1.8151e-05
4.718004e-08,2.07455e-05
4.728004e-08,1.87996e-05
4.738004e-08,1.36106e-05
4.748004e-08,3.88134e-06
4.758004e-08,-9.73968e-06
4.768004e-08,-2.46579e-05
4.778004e-08,-4.08734e-05
4.788004e-08,-5.57917e-05
4.798004e-08,-7.071e-05
4.808004e-08,-8.23851e-05
4.818004e-08,-9.08172e-05
4.828004e-08,-9.60062e-05
4.838004e-08,-9.92493e-05
4.848004e-08,-9.98979e-05
4.858004e-08,-9.7952e-05
4.868004e-08,-9.47089e-05
4.878004e-08,-9.08172e-05
4.888004e-08,-8.56282e-05
4.898004e-08,-7.9142e-05
4.908004e-08,-7.071e-05
4.918004e-08,-6.03321e-05
4.928004e-08,-4.86569e-05
4.938004e-08,-3.50359e-05
4.948004e-08,-2.07662e-05
4.958004e-08,-5.19934e-06
4.968004e-08,1.03675e-05
4.978004e-08,2.59344e-05
4.988004e-08,3.95555e-05
4.998004e-08,5.0582e-05
5.008004e-08,5.83654e-05
5.018004e-08,6.35544e-05
5.028004e-08,6.55003e-05
5.038004e-08,6.4203e-05
5.048004e-08,6.03113e-05
5.058004e-08,5.51223e-05
5.068004e-08,4.79875e-05
5.078004e-08,4.02041e-05
5.088004e-08,3.11234e-05
5.098004e-08,2.20427e-05
5.108004e-08,1.2962e-05
5.118004e-08,4.52996e-06
5.128004e-08,-3.9021e-06
5.138004e-08,-1.16855e-05
5.148004e-08,-1.88204e-05
5.158004e-08,-2.53066e-05
5.168004e-08,-2.98469e-05
5.178004e-08,-3.17928e-05
5.188004e-08,-3.11441e-05
5.198004e-08,-2.7901e-05
5.208004e-08,-2.14148e-05
5.218004e-08,-1.16855e-05
5.228004e-08,-1.03779e-08
5.238004e-08,1.23134e-05
5.248004e-08,2.46372e-05
5.258004e-08,3.50151e-05
5.268004e-08,4.27986e-05
5.278004e-08,4.66903e-05
5.288004e-08,4.73389e-05
5.298004e-08,4.60417e-05
5.308004e-08,4.15013e-05
5.318004e-08,3.56637e-05
5.328004e-08,2.91775e-05
5.338004e-08,2.33399e-05
5.348004e-08,1.8151e-05
5.358004e-08,1.42593e-05
5.368004e-08,1.10162e-05
5.378004e-08,8.42168e-06
5.388004e-08,5.8272e-06
5.398004e-08,1.28686e-06
5.408004e-08,-3.9021e-06
5.418004e-08,-1.03883e-05
5.428004e-08,-1.75231e-05
5.438004e-08,-2.53066e-05
5.448004e-08,-3.37386e-05
5.458004e-08,-4.15221e-05
5.468004e-08,-4.80083e-05
5.478004e-08,-5.38459e-05
5.488004e-08,-5.77376e-05
5.498004e-08,-5.96834e-05
5.508004e-08,-5.96834e-05
5.518004e-08,-5.90348e-05
5.528004e-08,-5.7089e-05
5.538004e-08,-5.19e-05
5.548004e-08,-4.54138e-05
5.558004e-08,-3.69817e-05
5.568004e-08,-2.66038e-05
5.578004e-08,-1.49286e-05
5.588004e-08,-1.95624e-06
5.598004e-08,1.10162e-05
5.608004e-08,2.33399e-05
5.618004e-08,3.37179e-05
5.628004e-08,4.08527e-05
5.638004e-08,4.40958e-05
5.648004e-08,4.27986e-05
5.658004e-08,3.76096e-05
5.668004e-08,2.91775e-05
5.678004e-08,1.94482e-05
5.688004e-08,9.0703e-06
5.698004e-08,1.28686e-06
5.708004e-08,-3.25348e-06
5.718004e-08,-2.60486e-06
5.728004e-08,4.52996e-06
5.738004e-08,1.68537e-05
5.748004e-08,3.37179e-05
5.758004e-08,5.18792e-05
5.768004e-08,6.80947e-05
5.778004e-08,8.04185e-05
5.788004e-08,8.56075e-05
5.798004e-08,8.17158e-05
5.808004e-08,6.80947e-05
5.818004e-08,4.5393e-05
5.828004e-08,1.49079e-05
5.838004e-08,-2.20635e-05
5.848004e-08,-6.09807e-05
5.858004e-08,-9.86006e-05
5.868004e-08,-0.000132978
5.878004e-08,-0.00016022
5.888004e-08,-0.000179678
5.898004e-08,-0.000190705
5.908004e-08,-0.000193299
5.918004e-08,-0.000190056
5.928004e-08,-0.000180975
5.938004e-08,-0.000169949
5.948004e-08,-0.000157625
5.958004e-08,-0.00014595
5.968004e-08,-0.000135572
5.978004e-08,-0.000126491
5.988004e-08,-0.000118708
5.998004e-08,-0.000112222
6.008004e-08,-0.000105735
6.018004e-08,-9.86006e-05
6.028004e-08,-9.08172e-05
6.038004e-08,-8.30338e-05
6.048004e-08,-7.46017e-05
6.058004e-08,-6.68183e-05
6.068004e-08,-6.09807e-05
6.078004e-08,-5.83862e-05
6.088004e-08,-5.90348e-05
6.098004e-08,-6.29265e-05
6.108004e-08,-6.94127e-05
6.118004e-08,-7.78448e-05
6.128004e-08,-8.62769e-05
6.138004e-08,-9.40603e-05
6.148004e-08,-9.98979e-05
6.158004e-08,-0.00010379
6.168004e-08,-0.000105087
6.178004e-08,-0.000104438
6.188004e-08,-0.000102492
6.198004e-08,-9.98979e-05
6.208004e-08,-9.7952e-05
6.218004e-08,-9.66548e-05
6.228004e-08,-9.53575e-05
6.238004e-08,-9.60062e-05
6.248004e-08,-9.66548e-05
6.258004e-08,-9.60062e-05
6.268004e-08,-9.34117e-05
6.278004e-08,-8.82227e-05
6.288004e-08,-7.97907e-05
6.298004e-08,-6.61696e-05
6.308004e-08,-4.93055e-05
6.318004e-08,-2.91983e-05
6.328004e-08,-7.1452e-06
6.338004e-08,1.68537e-05
6.348004e-08,4.02041e-05
6.358004e-08,6.29058e-05
6.368004e-08,8.43102e-05
6.378004e-08,0.00010312
6.388004e-08,0.000120633
6.398004e-08,0.0001362
6.408004e-08,0.000149172
6.418004e-08,0.000161496
6.428004e-08,0.000170577
6.438004e-08,0.000176414
6.448004e-08,0.000179009
6.458004e-08,0.000177063
6.468004e-08,0.000169928
6.478004e-08,0.000157604
6.488004e-08,0.000140092
6.498004e-08,0.000119336
6.508004e-08,9.59854e-05
6.518004e-08,7.32837e-05
6.528004e-08,5.25279e-05
6.538004e-08,3.56637e-05
6.548004e-08,2.33399e-05
6.558004e-08,1.55565e-05
6.568004e-08,1.16648e-05
6.578004e-08,1.10162e-05
6.588004e-08,1.16648e-05
6.598004e-08,1.10162e-05
6.608004e-08,8.42168e-06
6.618004e-08,3.23272e-06
6.628004e-08,-5.84796e-06
6.638004e-08,-1.81717e-05
6.648004e-08,-3.24414e-05
6.658004e-08,-4.60624e-05
6.668004e-08,-5.77376e-05
6.678004e-08,-6.68183e-05
6.688004e-08,-7.13586e-05
6.698004e-08,-7.13586e-05
6.708004e-08,-6.68183e-05
6.718004e-08,-5.96834e-05
6.728004e-08,-5.12514e-05
6.738004e-08,-4.28193e-05
6.748004e-08,-3.69817e-05
6.758004e-08,-3.43872e-05
6.768004e-08,-3.50359e-05
6.778004e-08,-3.8279e-05
6.788004e-08,-4.28193e-05
6.798004e-08,-4.6711e-05
6.808004e-08,-4.99541e-05
6.818004e-08,-4.86569e-05
6.828004e-08,-4.41165e-05
6.838004e-08,-3.43872e-05
6.848004e-08,-2.07662e-05
6.858004e-08,-3.9021e-06
6.868004e-08,1.42593e-05
6.878004e-08,3.1772e-05
6.888004e-08,4.66903e-05
6.898004e-08,5.96627e-05
6.908004e-08,6.9392e-05
6.918004e-08,7.58782e-05
6.928004e-08,7.97699e-05
6.938004e-08,8.17158e-05
6.948004e-08,8.23644e-05
6.958004e-08,8.17158e-05
6.968004e-08,7.97699e-05
6.978004e-08,7.71754e-05
6.988004e-08,7.19865e-05
6.998004e-08,6.35544e-05
7.008004e-08,5.18792e-05
7.018004e-08,3.6961e-05
7.028004e-08,1.94482e-05
7.038004e-08,6.38242e-07
7.048004e-08,-1.81717e-05
7.058004e-08,-3.50359e-05
7.068004e-08,-4.73596e-05
7.078004e-08,-5.57917e-05
7.088004e-08,-5.77376e-05
7.098004e-08,-5.31972e-05
7.108004e-08,-4.41165e-05
7.118004e-08,-3.24414e-05
7.128004e-08,-1.9469e-05
7.138004e-08,-7.1452e-06
7.148004e-08,3.23272e-06
7.158004e-08,1.03675e-05
7.168004e-08,1.55565e-05
7.178004e-08,1.94482e-05
7.188004e-08,2.33399e-05
7.198004e-08,2.85289e-05
7.208004e-08,3.82582e-05
7.218004e-08,5.44737e-05
7.228004e-08,7.58782e-05
7.238004e-08,0.000101174
7.248004e-08,0.000128416
7.258004e-08,0.000155658
7.268004e-08,0.00017836
7.278004e-08,0.000193278
7.288004e-08,0.000198467
7.298004e-08,0.00019263
7.308004e-08,0.000176414
7.318004e-08,0.000151118
7.328004e-08,0.000119336
7.338004e-08,8.43102e-05
7.348004e-08,5.0582e-05
7.358004e-08,2.00968e-05
7.368004e-08,-3.9021e-06
7.378004e-08,-2.07662e-05
7.388004e-08,-2.98469e-05
7.398004e-08,-3.37386e-05
7.408004e-08,-3.309e-05
7.418004e-08,-2.91983e-05
7.428004e-08,-2.53066e-05
7.438004e-08,-2.14148e-05
7.448004e-08,-1.9469e-05
7.458004e-08,-1.81717e-05
7.468004e-08,-1.68745e-05
7.478004e-08,-1.62259e-05
7.488004e-08,-1.428e-05
7.498004e-08,-1.10369e-05
7.508004e-08,-6.49658e-06
7.518004e-08,-1.95624e-06
7.528004e-08,1.93548e-06
7.538004e-08,4.52996e-06
7.548004e-08,4.52996e-06
7.558004e-08,6.38242e-07
7.568004e-08,-6.49658e-06
7.578004e-08,-1.62259e-05
7.588004e-08,-2.66038e-05
7.598004e-08,-3.63331e-05
7.608004e-08,-4.34679e-05
7.618004e-08,-4.60624e-05
7.628004e-08,-4.34679e-05
7.638004e-08,-3.63331e-05
7.648004e-08,-2.46579e-05
7.658004e-08,-9.73968e-06
7.668004e-08,5.17858e-06
7.678004e-08,1.8151e-05
7.688004e-08,2.78803e-05
7.698004e-08,3.1772e-05
7.708004e-08,3.04748e-05
7.718004e-08,2.39886e-05
7.728004e-08,1.36106e-05
