LECROYWaveRunner‘N,20113,Waveform
Segments,1,SegmentSize,2002
Segment,TrigTime,TimeSinceSegment1
#1,28-Sep-2018 13:21:12,0                 
Time,Ampl
-1.228105e-07,0.000319759
-1.227105e-07,0.000313922
-1.226105e-07,0.000308733
-1.225105e-07,0.000304192
-1.224105e-07,0.000300301
-1.223105e-07,0.000297058
-1.222105e-07,0.000293166
-1.221105e-07,0.000288626
-1.220105e-07,0.000282139
-1.219105e-07,0.000273059
-1.218105e-07,0.000261384
-1.217105e-07,0.000245817
-1.216105e-07,0.000227655
-1.215105e-07,0.000209494
-1.214105e-07,0.000191981
-1.213105e-07,0.000177063
-1.212105e-07,0.000166036
-1.211105e-07,0.000158902
-1.210105e-07,0.000156956
-1.209105e-07,0.000160199
-1.208105e-07,0.000166685
-1.207105e-07,0.000177063
-1.206105e-07,0.000186792
-1.205105e-07,0.000195873
-1.204105e-07,0.000201062
-1.203105e-07,0.000203008
-1.202105e-07,0.000200413
-1.201105e-07,0.00019263
-1.200105e-07,0.000181603
-1.199105e-07,0.000167982
-1.198105e-07,0.000153064
-1.197105e-07,0.000138146
-1.196105e-07,0.000125173
-1.195105e-07,0.000114147
-1.194105e-07,0.000105715
-1.193105e-07,9.85799e-05
-1.192105e-07,9.33909e-05
-1.191105e-07,9.01478e-05
-1.190105e-07,8.94992e-05
-1.189105e-07,8.94992e-05
-1.188105e-07,9.14451e-05
-1.187105e-07,9.40395e-05
-1.186105e-07,9.92285e-05
-1.185105e-07,0.000107012
-1.184105e-07,0.00011739
-1.183105e-07,0.000131011
-1.182105e-07,0.000145281
-1.181105e-07,0.000160199
-1.180105e-07,0.000173171
-1.179105e-07,0.000184198
-1.178105e-07,0.000191333
-1.177105e-07,0.000194576
-1.176105e-07,0.00019263
-1.175105e-07,0.000186144
-1.174105e-07,0.000175766
-1.173105e-07,0.000162793
-1.172105e-07,0.000149821
-1.171105e-07,0.000136848
-1.170105e-07,0.000126471
-1.169105e-07,0.000119336
-1.168105e-07,0.000114795
-1.167105e-07,0.000114147
-1.166105e-07,0.000115444
-1.165105e-07,0.000119336
-1.164105e-07,0.000123227
-1.163105e-07,0.000127768
-1.162105e-07,0.000131011
-1.161105e-07,0.000133605
-1.160105e-07,0.000136848
-1.159105e-07,0.000139443
-1.158105e-07,0.000142686
-1.157105e-07,0.000145281
-1.156105e-07,0.000147226
-1.155105e-07,0.000149172
-1.154105e-07,0.000149172
-1.153105e-07,0.000147226
-1.152105e-07,0.000142686
-1.151105e-07,0.000134903
-1.150105e-07,0.000123227
-1.149105e-07,0.000107661
-1.148105e-07,9.01478e-05
-1.147105e-07,7.13378e-05
-1.146105e-07,5.25279e-05
-1.145105e-07,3.6961e-05
-1.144105e-07,2.39886e-05
-1.143105e-07,1.55565e-05
-1.142105e-07,1.23134e-05
-1.141105e-07,1.2962e-05
-1.140105e-07,1.68537e-05
-1.139105e-07,2.26913e-05
-1.138105e-07,2.72317e-05
-1.137105e-07,2.98261e-05
-1.136105e-07,2.91775e-05
-1.135105e-07,2.39886e-05
-1.134105e-07,1.36106e-05
-1.133105e-07,-6.58998e-07
-1.132105e-07,-1.9469e-05
-1.131105e-07,-4.02248e-05
-1.130105e-07,-6.16293e-05
-1.129105e-07,-8.30338e-05
-1.128105e-07,-0.000101844
-1.127105e-07,-0.000116762
-1.126105e-07,-0.000128437
-1.125105e-07,-0.000134923
-1.124105e-07,-0.000136869
-1.123105e-07,-0.000133626
-1.122105e-07,-0.000124545
-1.121105e-07,-0.000110276
-1.120105e-07,-8.952e-05
-1.119105e-07,-6.35752e-05
-1.118105e-07,-3.37386e-05
-1.117105e-07,-6.58998e-07
-1.116105e-07,3.43665e-05
-1.115105e-07,7.00406e-05
-1.114105e-07,0.000102472
-1.113105e-07,0.000130362
-1.112105e-07,0.000152415
-1.111105e-07,0.000167334
-1.110105e-07,0.000175117
-1.109105e-07,0.000174468
-1.108105e-07,0.000167982
-1.107105e-07,0.000156956
-1.106105e-07,0.000143335
-1.105105e-07,0.000129714
-1.104105e-07,0.000118038
-1.103105e-07,0.000109606
-1.102105e-07,0.000105715
-1.101105e-07,0.000105066
-1.100105e-07,0.000107661
-1.099105e-07,0.000110904
-1.098105e-07,0.000114147
-1.097105e-07,0.000116741
-1.096105e-07,0.000116741
-1.095105e-07,0.000114795
-1.094105e-07,0.000110904
-1.093105e-07,0.000105715
-1.092105e-07,9.98771e-05
-1.091105e-07,9.53368e-05
-1.090105e-07,9.27423e-05
-1.089105e-07,9.01478e-05
-1.088105e-07,8.94992e-05
-1.087105e-07,8.94992e-05
-1.086105e-07,9.01478e-05
-1.085105e-07,9.01478e-05
-1.084105e-07,9.14451e-05
-1.083105e-07,9.27423e-05
-1.082105e-07,9.59854e-05
-1.081105e-07,0.000101174
-1.080105e-07,0.000110904
-1.079105e-07,0.000124525
-1.078105e-07,0.000142686
-1.077105e-07,0.000164091
-1.076105e-07,0.000186792
-1.075105e-07,0.000208845
-1.074105e-07,0.000227655
-1.073105e-07,0.000240628
-1.072105e-07,0.000245168
-1.071105e-07,0.000239979
-1.070105e-07,0.000225061
-1.069105e-07,0.00020171
-1.068105e-07,0.000170577
-1.067105e-07,0.0001362
-1.066105e-07,0.000101823
-1.065105e-07,7.00406e-05
-1.064105e-07,4.47444e-05
-1.063105e-07,2.78803e-05
-1.062105e-07,1.94482e-05
-1.061105e-07,2.00968e-05
-1.060105e-07,2.85289e-05
-1.059105e-07,4.34472e-05
-1.058105e-07,6.22572e-05
-1.057105e-07,8.3013e-05
-1.056105e-07,0.00010312
-1.055105e-07,0.000121282
-1.054105e-07,0.0001362
-1.053105e-07,0.000147226
-1.052105e-07,0.000154361
-1.051105e-07,0.000157604
-1.050105e-07,0.000155658
-1.049105e-07,0.000149821
-1.048105e-07,0.000139443
-1.047105e-07,0.000125173
-1.046105e-07,0.000107012
-1.045105e-07,8.56075e-05
-1.044105e-07,6.29058e-05
-1.043105e-07,3.89068e-05
-1.042105e-07,1.49079e-05
-1.041105e-07,-7.1452e-06
-1.040105e-07,-2.66038e-05
-1.039105e-07,-4.08734e-05
-1.038105e-07,-5.06027e-05
-1.037105e-07,-5.51431e-05
-1.036105e-07,-5.51431e-05
-1.035105e-07,-5.06027e-05
-1.034105e-07,-4.34679e-05
-1.033105e-07,-3.43872e-05
-1.032105e-07,-2.59552e-05
-1.031105e-07,-1.88204e-05
-1.030105e-07,-1.428e-05
-1.029105e-07,-1.23342e-05
-1.028105e-07,-1.10369e-05
-1.027105e-07,-1.03883e-05
-1.026105e-07,-9.73968e-06
-1.025105e-07,-6.49658e-06
-1.024105e-07,-1.30762e-06
-1.023105e-07,7.77306e-06
-1.022105e-07,2.07455e-05
-1.021105e-07,3.63124e-05
-1.020105e-07,5.44737e-05
-1.019105e-07,7.39323e-05
-1.018105e-07,9.14451e-05
-1.017105e-07,0.000106363
-1.016105e-07,0.000116741
-1.015105e-07,0.000122579
-1.014105e-07,0.000123876
-1.013105e-07,0.000121282
-1.012105e-07,0.000115444
-1.011105e-07,0.000108309
-1.010105e-07,0.000100526
-1.009105e-07,9.40395e-05
-1.008105e-07,8.94992e-05
-1.007105e-07,8.69047e-05
-1.006105e-07,8.62561e-05
-1.005105e-07,8.69047e-05
-1.004105e-07,8.88506e-05
-1.003105e-07,9.14451e-05
-1.002105e-07,9.53368e-05
-1.001105e-07,9.92285e-05
-1.000105e-07,0.000102472
-9.991052e-08,0.000106363
-9.981052e-08,0.000110904
-9.971052e-08,0.000115444
-9.961052e-08,0.000119984
-9.951052e-08,0.000124525
-9.941052e-08,0.000127768
-9.931052e-08,0.000129065
-9.921052e-08,0.000127119
-9.911052e-08,0.00012193
-9.901052e-08,0.00011285
-9.891052e-08,9.98771e-05
-9.881052e-08,8.36616e-05
-9.871052e-08,6.55003e-05
-9.861052e-08,4.73389e-05
-9.851052e-08,2.91775e-05
-9.841052e-08,1.2962e-05
-9.831052e-08,-1.03779e-08
-9.821052e-08,-9.73968e-06
-9.811052e-08,-1.68745e-05
-9.801052e-08,-2.27121e-05
-9.791052e-08,-2.72524e-05
-9.781052e-08,-3.11441e-05
-9.771052e-08,-3.56845e-05
-9.761052e-08,-4.21707e-05
-9.751052e-08,-4.86569e-05
-9.741052e-08,-5.57917e-05
-9.731052e-08,-6.16293e-05
-9.721052e-08,-6.48724e-05
-9.711052e-08,-6.35752e-05
-9.701052e-08,-5.51431e-05
-9.691052e-08,-4.08734e-05
-9.681052e-08,-2.07662e-05
-9.671052e-08,5.17858e-06
-9.661052e-08,3.50151e-05
-9.651052e-08,6.55003e-05
-9.641052e-08,9.40395e-05
-9.631052e-08,0.000119984
-9.621052e-08,0.000139443
-9.611052e-08,0.000151767
-9.601052e-08,0.000156956
-9.591052e-08,0.000156956
-9.581052e-08,0.000151118
-9.571052e-08,0.000141389
-9.561052e-08,0.000129065
-9.551052e-08,0.000116093
-9.541052e-08,0.000104417
-9.531052e-08,9.40395e-05
-9.521052e-08,8.49589e-05
-9.511052e-08,7.84727e-05
-9.501052e-08,7.39323e-05
-9.491052e-08,7.06892e-05
-9.481052e-08,7.00406e-05
-9.471052e-08,7.19865e-05
-9.461052e-08,7.7824e-05
-9.451052e-08,8.62561e-05
-9.441052e-08,9.85799e-05
-9.431052e-08,0.000113498
-9.421052e-08,0.000130362
-9.411052e-08,0.000148524
-9.401052e-08,0.000166036
-9.391052e-08,0.000182901
-9.381052e-08,0.000196522
-9.371052e-08,0.000206251
-9.361052e-08,0.00021144
-9.351052e-08,0.000213386
-9.341052e-08,0.00021144
-9.331052e-08,0.000206899
-9.321052e-08,0.000201062
-9.311052e-08,0.000195224
-9.301052e-08,0.000191333
-9.291052e-08,0.000188738
-9.281052e-08,0.000188089
-9.271052e-08,0.000188738
-9.261052e-08,0.000190035
-9.251052e-08,0.000189387
-9.241052e-08,0.000186792
-9.231052e-08,0.000180955
-9.221052e-08,0.000171874
-9.211052e-08,0.000158902
-9.201052e-08,0.000143983
-9.191052e-08,0.000127768
-9.181052e-08,0.000112201
-9.171052e-08,9.85799e-05
-9.161052e-08,8.75533e-05
-9.151052e-08,7.84727e-05
-9.141052e-08,7.26351e-05
-9.131052e-08,6.87434e-05
-9.121052e-08,6.61489e-05
-9.111052e-08,6.48516e-05
-9.101052e-08,6.35544e-05
-9.091052e-08,6.4203e-05
-9.081052e-08,6.67975e-05
-9.071052e-08,7.32837e-05
-9.061052e-08,8.3013e-05
-9.051052e-08,9.85799e-05
-9.041052e-08,0.000119336
-9.031052e-08,0.000145929
-9.021052e-08,0.000176414
-9.011052e-08,0.000210143
-9.001052e-08,0.000243222
-8.991052e-08,0.000275653
-8.981052e-08,0.000303544
-8.971052e-08,0.000325597
-8.961052e-08,0.000341812
-8.951052e-08,0.000350893
-8.941052e-08,0.000354136
-8.931052e-08,0.000352839
-8.921052e-08,0.000348299
-8.911052e-08,0.000341812
-8.901052e-08,0.000335326
-8.891052e-08,0.000328191
-8.881052e-08,0.000321057
-8.871052e-08,0.000313273
-8.861052e-08,0.000304192
-8.851052e-08,0.00029122
-8.841052e-08,0.000274356
-8.831052e-08,0.000252951
-8.821052e-08,0.000227007
-8.811052e-08,0.00019717
-8.801052e-08,0.000165388
-8.791052e-08,0.000135551
-8.781052e-08,0.000109606
-8.771052e-08,8.88506e-05
-8.761052e-08,7.58782e-05
-8.751052e-08,7.13378e-05
-8.741052e-08,7.52296e-05
-8.731052e-08,8.49589e-05
-8.721052e-08,0.000100526
-8.711052e-08,0.000119336
-8.701052e-08,0.000138146
-8.691052e-08,0.000155658
-8.681052e-08,0.000169279
-8.671052e-08,0.000179009
-8.661052e-08,0.000184198
-8.651052e-08,0.000185495
-8.641052e-08,0.000184846
-8.631052e-08,0.000183549
-8.621052e-08,0.000182252
-8.611052e-08,0.000181603
-8.601052e-08,0.000182901
-8.591052e-08,0.000186792
-8.581052e-08,0.00019263
-8.571052e-08,0.000201062
-8.561052e-08,0.000209494
-8.551052e-08,0.000219223
-8.541052e-08,0.000228304
-8.531052e-08,0.000238033
-8.521052e-08,0.000247114
-8.511052e-08,0.000256843
-8.501052e-08,0.000265924
-8.491052e-08,0.000273707
-8.481052e-08,0.000279545
-8.471052e-08,0.000282788
-8.461052e-08,0.000282139
-8.451052e-08,0.000277599
-8.441052e-08,0.00026787
-8.431052e-08,0.0002536
-8.421052e-08,0.000234141
-8.411052e-08,0.00021144
-8.401052e-08,0.000188089
-8.391052e-08,0.000166685
-8.381052e-08,0.000148524
-8.371052e-08,0.000135551
-8.361052e-08,0.000129714
-8.351052e-08,0.000130362
-8.341052e-08,0.000138146
-8.331052e-08,0.000150469
-8.321052e-08,0.000166685
-8.311052e-08,0.000182901
-8.301052e-08,0.00019717
-8.291052e-08,0.000206899
-8.281052e-08,0.000212088
-8.271052e-08,0.000212737
-8.261052e-08,0.000208197
-8.251052e-08,0.000200413
-8.241052e-08,0.000190684
-8.231052e-08,0.000180306
-8.221052e-08,0.000170577
-8.211052e-08,0.000162793
-8.201052e-08,0.000157604
-8.191052e-08,0.00015501
-8.181052e-08,0.000153713
-8.171052e-08,0.000152415
-8.161052e-08,0.000151118
-8.151052e-08,0.000148524
-8.141052e-08,0.000145281
-8.131052e-08,0.000140092
-8.121052e-08,0.000134254
-8.111052e-08,0.000127768
-8.101052e-08,0.00012193
-8.091052e-08,0.00011739
-8.081052e-08,0.000115444
-8.071052e-08,0.000114795
-8.061052e-08,0.000115444
-8.051052e-08,0.00011739
-8.041052e-08,0.000119336
-8.031052e-08,0.000121282
-8.021052e-08,0.00012193
-8.011052e-08,0.00012193
-8.001052e-08,0.000119984
-7.991052e-08,0.00011739
-7.981052e-08,0.00011285
-7.971052e-08,0.000106363
-7.961052e-08,9.85799e-05
-7.951052e-08,8.88506e-05
-7.941052e-08,7.65268e-05
-7.931052e-08,6.03113e-05
-7.921052e-08,4.15013e-05
-7.911052e-08,1.87996e-05
-7.901052e-08,-7.1452e-06
-7.891052e-08,-3.43872e-05
-7.881052e-08,-6.29265e-05
-7.871052e-08,-9.08172e-05
-7.861052e-08,-0.000115465
-7.851052e-08,-0.000136221
-7.841052e-08,-0.000151139
-7.831052e-08,-0.000158922
-7.821052e-08,-0.000158922
-7.811052e-08,-0.000151787
-7.801052e-08,-0.000138815
-7.791052e-08,-0.000120654
-7.781052e-08,-9.86006e-05
-7.771052e-08,-7.46017e-05
-7.761052e-08,-5.06027e-05
-7.751052e-08,-2.59552e-05
-7.741052e-08,-1.95624e-06
-7.731052e-08,2.20427e-05
-7.721052e-08,4.47444e-05
-7.711052e-08,6.80947e-05
-7.701052e-08,9.07964e-05
-7.691052e-08,0.000114147
-7.681052e-08,0.000136848
-7.671052e-08,0.000158902
-7.661052e-08,0.00017836
-7.651052e-08,0.000194576
-7.641052e-08,0.000205602
-7.631052e-08,0.00021144
-7.621052e-08,0.000210143
-7.611052e-08,0.000203656
-7.601052e-08,0.000191981
-7.591052e-08,0.000176414
-7.581052e-08,0.000158902
-7.571052e-08,0.00014074
-7.561052e-08,0.000122579
-7.551052e-08,0.000107012
-7.541052e-08,9.33909e-05
-7.531052e-08,8.23644e-05
-7.521052e-08,7.32837e-05
-7.511052e-08,6.67975e-05
-7.501052e-08,6.29058e-05
-7.491052e-08,6.03113e-05
-7.481052e-08,5.90141e-05
-7.471052e-08,6.03113e-05
-7.461052e-08,6.35544e-05
-7.451052e-08,6.87434e-05
-7.441052e-08,7.65268e-05
-7.431052e-08,8.62561e-05
-7.421052e-08,9.72826e-05
-7.411052e-08,0.000108958
-7.401052e-08,0.000120633
-7.391052e-08,0.000130362
-7.381052e-08,0.000137497
-7.371052e-08,0.000140092
-7.361052e-08,0.000139443
-7.351052e-08,0.000135551
-7.341052e-08,0.000129065
-7.331052e-08,0.000120633
-7.321052e-08,0.000112201
-7.311052e-08,0.000105066
-7.301052e-08,0.000100526
-7.291052e-08,9.92285e-05
-7.281052e-08,0.000101174
-7.271052e-08,0.000105715
-7.261052e-08,0.00011285
-7.251052e-08,0.000121282
-7.241052e-08,0.000129714
-7.231052e-08,0.000136848
-7.221052e-08,0.000142686
-7.211052e-08,0.000147226
-7.201052e-08,0.000150469
-7.191052e-08,0.000153064
-7.181052e-08,0.00015501
-7.171052e-08,0.000156956
-7.161052e-08,0.000160199
-7.151052e-08,0.000164091
-7.141052e-08,0.000167982
-7.131052e-08,0.000171874
-7.121052e-08,0.000173171
-7.111052e-08,0.000172523
-7.101052e-08,0.000169928
-7.091052e-08,0.000164739
-7.081052e-08,0.000156956
-7.071052e-08,0.000149172
-7.061052e-08,0.00014074
-7.051052e-08,0.000134254
-7.041052e-08,0.000128416
-7.031052e-08,0.000125173
-7.021052e-08,0.000123227
-7.011052e-08,0.000122579
-7.001052e-08,0.00012193
-6.991052e-08,0.000120633
-6.981052e-08,0.00011739
-6.971052e-08,0.000110904
-6.961052e-08,0.000102472
-6.951052e-08,9.20937e-05
-6.941052e-08,8.17158e-05
-6.931052e-08,7.13378e-05
-6.921052e-08,6.29058e-05
-6.911052e-08,5.77168e-05
-6.901052e-08,5.90141e-05
-6.891052e-08,6.55003e-05
-6.881052e-08,7.7824e-05
-6.871052e-08,9.40395e-05
-6.861052e-08,0.00011285
-6.851052e-08,0.000132957
-6.841052e-08,0.000151767
-6.831052e-08,0.000168631
-6.821052e-08,0.000180955
-6.811052e-08,0.000189387
-6.801052e-08,0.000193927
-6.791052e-08,0.000196522
-6.781052e-08,0.00019717
-6.771052e-08,0.000197819
-6.761052e-08,0.000199116
-6.751052e-08,0.000202359
-6.741052e-08,0.000206251
-6.731052e-08,0.000209494
-6.721052e-08,0.000212737
-6.711052e-08,0.000214034
-6.701052e-08,0.000212737
-6.691052e-08,0.000206899
-6.681052e-08,0.000197819
-6.671052e-08,0.000186144
-6.661052e-08,0.00017382
-6.651052e-08,0.000162145
-6.641052e-08,0.000152415
-6.631052e-08,0.000147226
-6.621052e-08,0.000145281
-6.611052e-08,0.000147875
-6.601052e-08,0.000154361
-6.591052e-08,0.000164091
-6.581052e-08,0.000174468
-6.571052e-08,0.000184198
-6.561052e-08,0.000191981
-6.551052e-08,0.000195873
-6.541052e-08,0.000196522
-6.531052e-08,0.00019263
-6.521052e-08,0.000186792
-6.511052e-08,0.00017836
-6.501052e-08,0.000169928
-6.491052e-08,0.000160847
-6.481052e-08,0.000153713
-6.471052e-08,0.000149172
-6.461052e-08,0.000145929
-6.451052e-08,0.000144632
-6.441052e-08,0.000143983
-6.431052e-08,0.000142686
-6.421052e-08,0.000140092
-6.411052e-08,0.0001362
-6.401052e-08,0.000131011
-6.391052e-08,0.000125822
-6.381052e-08,0.000119984
-6.371052e-08,0.000116093
-6.361052e-08,0.00011285
-6.351052e-08,0.000112201
-6.341052e-08,0.000113498
-6.331052e-08,0.000116093
-6.321052e-08,0.000120633
-6.311052e-08,0.000125822
-6.301052e-08,0.000131011
-6.291052e-08,0.0001362
-6.281052e-08,0.000140092
-6.271052e-08,0.000145281
-6.261052e-08,0.000150469
-6.251052e-08,0.000156956
-6.241052e-08,0.000164739
-6.231052e-08,0.000176414
-6.221052e-08,0.000190684
-6.211052e-08,0.000208197
-6.201052e-08,0.000227655
-6.191052e-08,0.000247763
-6.181052e-08,0.000267221
-6.171052e-08,0.000284085
-6.161052e-08,0.000296409
-6.151052e-08,0.000303544
-6.141052e-08,0.000304192
-6.131052e-08,0.000297706
-6.121052e-08,0.000284085
-6.111052e-08,0.000264627
-6.101052e-08,0.000241276
-6.091052e-08,0.000215332
-6.081052e-08,0.000190035
-6.071052e-08,0.000166036
-6.061052e-08,0.000145929
-6.051052e-08,0.000129714
-6.041052e-08,0.00011739
-6.031052e-08,0.000110255
-6.021052e-08,0.000106363
-6.011052e-08,0.000105066
-6.001052e-08,0.000105715
-5.991052e-08,0.000107661
-5.981052e-08,0.000110904
-5.971052e-08,0.000114795
-5.961052e-08,0.000119336
-5.951052e-08,0.000124525
-5.941052e-08,0.000130362
-5.931052e-08,0.000138146
-5.921052e-08,0.000146578
-5.911052e-08,0.000156307
-5.901052e-08,0.000167334
-5.891052e-08,0.00017836
-5.881052e-08,0.000188738
-5.871052e-08,0.000198467
-5.861052e-08,0.000206251
-5.851052e-08,0.00021144
-5.841052e-08,0.000214683
-5.831052e-08,0.000215332
-5.821052e-08,0.000214034
-5.811052e-08,0.000209494
-5.801052e-08,0.000203656
-5.791052e-08,0.00019717
-5.781052e-08,0.000190684
-5.771052e-08,0.000184198
-5.761052e-08,0.000179009
-5.751052e-08,0.000175117
-5.741052e-08,0.000172523
-5.731052e-08,0.000171225
-5.721052e-08,0.000170577
-5.711052e-08,0.000169928
-5.701052e-08,0.000169279
-5.691052e-08,0.000168631
-5.681052e-08,0.000166036
-5.671052e-08,0.000162145
-5.661052e-08,0.000156307
-5.651052e-08,0.000147875
-5.641052e-08,0.000137497
-5.631052e-08,0.000125822
-5.621052e-08,0.000114795
-5.611052e-08,0.000104417
-5.601052e-08,9.59854e-05
-5.591052e-08,9.27423e-05
-5.581052e-08,9.46882e-05
-5.571052e-08,0.00010312
-5.561052e-08,0.00011739
-5.551052e-08,0.000136848
-5.541052e-08,0.000160199
-5.531052e-08,0.000184198
-5.521052e-08,0.000206899
-5.511052e-08,0.000227007
-5.501052e-08,0.000241925
-5.491052e-08,0.00024906
-5.481052e-08,0.00024906
-5.471052e-08,0.000241276
-5.461052e-08,0.000227655
-5.451052e-08,0.000208845
-5.441052e-08,0.000186144
-5.431052e-08,0.000162145
-5.421052e-08,0.000138146
-5.411052e-08,0.000114147
-5.401052e-08,9.27423e-05
-5.391052e-08,7.39323e-05
-5.381052e-08,5.83654e-05
-5.371052e-08,4.47444e-05
-5.361052e-08,3.24206e-05
-5.351052e-08,2.20427e-05
-5.341052e-08,1.49079e-05
-5.331052e-08,9.71892e-06
-5.321052e-08,7.77306e-06
-5.311052e-08,9.0703e-06
-5.301052e-08,1.36106e-05
-5.291052e-08,2.13941e-05
-5.281052e-08,3.11234e-05
-5.271052e-08,4.34472e-05
-5.261052e-08,5.77168e-05
-5.251052e-08,7.13378e-05
-5.241052e-08,8.43102e-05
-5.231052e-08,9.46882e-05
-5.221052e-08,0.000102472
-5.211052e-08,0.000106363
-5.201052e-08,0.000106363
-5.191052e-08,0.000103769
-5.181052e-08,9.85799e-05
-5.171052e-08,9.27423e-05
-5.161052e-08,8.62561e-05
-5.151052e-08,8.17158e-05
-5.141052e-08,7.84727e-05
-5.131052e-08,7.71754e-05
-5.121052e-08,7.65268e-05
-5.111052e-08,7.7824e-05
-5.101052e-08,8.10671e-05
-5.091052e-08,8.43102e-05
-5.081052e-08,8.75533e-05
-5.071052e-08,9.07964e-05
-5.061052e-08,9.27423e-05
-5.051052e-08,9.27423e-05
-5.041052e-08,9.07964e-05
-5.031052e-08,8.8202e-05
-5.021052e-08,8.43102e-05
-5.011052e-08,7.97699e-05
-5.001052e-08,7.52296e-05
-4.991052e-08,7.19865e-05
-4.981052e-08,6.87434e-05
-4.971052e-08,6.74461e-05
-4.961052e-08,6.80947e-05
-4.951052e-08,7.06892e-05
-4.941052e-08,7.58782e-05
-4.931052e-08,8.3013e-05
-4.921052e-08,9.14451e-05
-4.911052e-08,0.000101823
-4.901052e-08,0.00011285
-4.891052e-08,0.000124525
-4.881052e-08,0.000135551
-4.871052e-08,0.000145281
-4.861052e-08,0.000153713
-4.851052e-08,0.00015955
-4.841052e-08,0.000162793
-4.831052e-08,0.000164091
-4.821052e-08,0.000164091
-4.811052e-08,0.000161496
-4.801052e-08,0.000158253
-4.791052e-08,0.000155658
-4.781052e-08,0.000153713
-4.771052e-08,0.000153064
-4.761052e-08,0.00015501
-4.751052e-08,0.00015955
-4.741052e-08,0.000166685
-4.731052e-08,0.000176414
-4.721052e-08,0.000188738
-4.711052e-08,0.000203008
-4.701052e-08,0.000219223
-4.691052e-08,0.000235439
-4.681052e-08,0.000251654
-4.671052e-08,0.00026787
-4.661052e-08,0.000282139
-4.651052e-08,0.000293815
-4.641052e-08,0.000301598
-4.631052e-08,0.00030549
-4.621052e-08,0.000304192
-4.611052e-08,0.000297058
-4.601052e-08,0.000284734
-4.591052e-08,0.000268518
-4.581052e-08,0.000247763
-4.571052e-08,0.000224412
-4.561052e-08,0.000199765
-4.551052e-08,0.000177063
-4.541052e-08,0.000156956
-4.531052e-08,0.00014074
-4.521052e-08,0.000131011
-4.511052e-08,0.000127119
-4.501052e-08,0.000129065
-4.491052e-08,0.000137497
-4.481052e-08,0.000151118
-4.471052e-08,0.000168631
-4.461052e-08,0.000187441
-4.451052e-08,0.000206899
-4.441052e-08,0.000225709
-4.431052e-08,0.000241925
-4.421052e-08,0.000256195
-4.411052e-08,0.000267221
-4.401052e-08,0.000274356
-4.391052e-08,0.000278896
-4.381052e-08,0.000279545
-4.371052e-08,0.00027695
-4.361052e-08,0.000270464
-4.351052e-08,0.000261384
-4.341052e-08,0.000249708
-4.331052e-08,0.000235439
-4.321052e-08,0.000218575
-4.311052e-08,0.000200413
-4.301052e-08,0.000181603
-4.291052e-08,0.000162793
-4.281052e-08,0.000145281
-4.271052e-08,0.000130362
-4.261052e-08,0.000118038
-4.251052e-08,0.000108309
-4.241052e-08,0.000102472
-4.231052e-08,9.92285e-05
-4.221052e-08,9.92285e-05
-4.211052e-08,0.000101823
-4.201052e-08,0.000107012
-4.191052e-08,0.000114795
-4.181052e-08,0.000123876
-4.171052e-08,0.000134903
-4.161052e-08,0.000147226
-4.151052e-08,0.000160199
-4.141052e-08,0.000174468
-4.131052e-08,0.000187441
-4.121052e-08,0.000200413
-4.111052e-08,0.000212088
-4.101052e-08,0.000221169
-4.091052e-08,0.000226358
-4.081052e-08,0.000228953
-4.071052e-08,0.000227655
-4.061052e-08,0.000222466
-4.051052e-08,0.000214683
-4.041052e-08,0.000204954
-4.031052e-08,0.000194576
-4.021052e-08,0.000184198
-4.011052e-08,0.000174468
-4.001052e-08,0.000166036
-3.991052e-08,0.000160847
-3.981052e-08,0.000156956
-3.971052e-08,0.00015501
-3.961052e-08,0.000154361
-3.951052e-08,0.000153713
-3.941052e-08,0.000153064
-3.931052e-08,0.000151118
-3.921052e-08,0.000147875
-3.911052e-08,0.000143335
-3.901052e-08,0.000137497
-3.891052e-08,0.00013166
-3.881052e-08,0.000127119
-3.871052e-08,0.000123876
-3.861052e-08,0.00012193
-3.851052e-08,0.000122579
-3.841052e-08,0.000125173
-3.831052e-08,0.000131011
-3.821052e-08,0.000137497
-3.811052e-08,0.000145281
-3.801052e-08,0.000153064
-3.791052e-08,0.000160199
-3.781052e-08,0.000166036
-3.771052e-08,0.000169279
-3.761052e-08,0.000169279
-3.751052e-08,0.000165388
-3.741052e-08,0.000158253
-3.731052e-08,0.000148524
-3.721052e-08,0.000135551
-3.711052e-08,0.00012193
-3.701052e-08,0.000107012
-3.691052e-08,9.20937e-05
-3.681052e-08,7.97699e-05
-3.671052e-08,7.13378e-05
-3.661052e-08,6.74461e-05
-3.651052e-08,6.80947e-05
-3.641052e-08,7.52296e-05
-3.631052e-08,8.8202e-05
-3.621052e-08,0.000108309
-3.611052e-08,0.000133605
-3.601052e-08,0.000162793
-3.591052e-08,0.000195873
-3.581052e-08,0.000229601
-3.571052e-08,0.000262681
-3.561052e-08,0.000292517
-3.551052e-08,0.000318462
-3.541052e-08,0.000338569
-3.531052e-08,0.00035219
-3.521052e-08,0.000359325
-3.511052e-08,0.000360622
-3.501052e-08,0.000357379
-3.491052e-08,0.000350245
-3.481052e-08,0.000342461
-3.471052e-08,0.000335326
-3.461052e-08,0.000330137
-3.451052e-08,0.000326894
-3.441052e-08,0.000326894
-3.431052e-08,0.000330137
-3.421052e-08,0.000337272
-3.411052e-08,0.000345704
-3.401052e-08,0.000354785
-3.391052e-08,0.000363866
-3.381052e-08,0.000371649
-3.371052e-08,0.000376838
-3.361052e-08,0.000379432
-3.351052e-08,0.000378135
-3.341052e-08,0.000372946
-3.331052e-08,0.000363217
-3.321052e-08,0.000350245
-3.311052e-08,0.000334029
-3.301052e-08,0.000313922
-3.291052e-08,0.00029122
-3.281052e-08,0.000266573
-3.271052e-08,0.000239979
-3.261052e-08,0.000213386
-3.251052e-08,0.000186792
-3.241052e-08,0.000161496
-3.231052e-08,0.000138794
-3.221052e-08,0.000121282
-3.211052e-08,0.000107661
-3.201052e-08,9.85799e-05
-3.191052e-08,9.59854e-05
-3.181052e-08,9.85799e-05
-3.171052e-08,0.000104417
-3.161052e-08,0.000113498
-3.151052e-08,0.000123876
-3.141052e-08,0.0001362
-3.131052e-08,0.000147875
-3.121052e-08,0.00015955
-3.111052e-08,0.000171225
-3.101052e-08,0.000182252
-3.091052e-08,0.000193278
-3.081052e-08,0.000204305
-3.071052e-08,0.000216629
-3.061052e-08,0.000228953
-3.051052e-08,0.000240628
-3.041052e-08,0.000252303
-3.031052e-08,0.000263329
-3.021052e-08,0.000273059
-3.011052e-08,0.000279545
-3.001052e-08,0.000282139
-2.991052e-08,0.000282788
-2.981052e-08,0.000280194
-2.971052e-08,0.000274356
-2.961052e-08,0.000265924
-2.951052e-08,0.000254897
-2.941052e-08,0.000241276
-2.931052e-08,0.000225061
-2.921052e-08,0.000206899
-2.911052e-08,0.000188089
-2.901052e-08,0.000167982
-2.891052e-08,0.000147875
-2.881052e-08,0.000127768
-2.871052e-08,0.000110255
-2.861052e-08,9.46882e-05
-2.851052e-08,8.23644e-05
-2.841052e-08,7.39323e-05
-2.831052e-08,7.06892e-05
-2.821052e-08,7.13378e-05
-2.811052e-08,7.52296e-05
-2.801052e-08,8.3013e-05
-2.791052e-08,9.27423e-05
-2.781052e-08,0.000102472
-2.771052e-08,0.000110904
-2.761052e-08,0.00011739
-2.751052e-08,0.00012193
-2.741052e-08,0.000125173
-2.731052e-08,0.000127768
-2.721052e-08,0.000129065
-2.711052e-08,0.000131011
-2.701052e-08,0.000132957
-2.691052e-08,0.0001362
-2.681052e-08,0.000141389
-2.671052e-08,0.000148524
-2.661052e-08,0.000156956
-2.651052e-08,0.000166685
-2.641052e-08,0.000176414
-2.631052e-08,0.000185495
-2.621052e-08,0.00019263
-2.611052e-08,0.000197819
-2.601052e-08,0.000200413
-2.591052e-08,0.000200413
-2.581052e-08,0.000197819
-2.571052e-08,0.000193278
-2.561052e-08,0.000188089
-2.551052e-08,0.000182901
-2.541052e-08,0.00017836
-2.531052e-08,0.000175766
-2.521052e-08,0.000175117
-2.511052e-08,0.000177712
-2.501052e-08,0.000182901
-2.491052e-08,0.000191981
-2.481052e-08,0.000202359
-2.471052e-08,0.000215332
-2.461052e-08,0.000227655
-2.451052e-08,0.000238682
-2.441052e-08,0.000247763
-2.431052e-08,0.000254249
-2.421052e-08,0.000256843
-2.411052e-08,0.000254897
-2.401052e-08,0.000247763
-2.391052e-08,0.000237385
-2.381052e-08,0.000223764
-2.371052e-08,0.000206899
-2.361052e-08,0.000190035
-2.351052e-08,0.000173171
-2.341052e-08,0.000158902
-2.331052e-08,0.000147875
-2.321052e-08,0.000141389
-2.311052e-08,0.000140092
-2.301052e-08,0.000143983
-2.291052e-08,0.000152415
-2.281052e-08,0.000165388
-2.271052e-08,0.000181603
-2.261052e-08,0.000198467
-2.251052e-08,0.000214683
-2.241052e-08,0.000229601
-2.231052e-08,0.000241925
-2.221052e-08,0.000249708
-2.211052e-08,0.000252951
-2.201052e-08,0.000251006
-2.191052e-08,0.000245168
-2.181052e-08,0.000236087
-2.171052e-08,0.000223764
-2.161052e-08,0.000210791
-2.151052e-08,0.000197819
-2.141052e-08,0.000185495
-2.131052e-08,0.000175117
-2.121052e-08,0.000164739
-2.111052e-08,0.00015501
-2.101052e-08,0.000144632
-2.091052e-08,0.000133605
-2.081052e-08,0.000119984
-2.071052e-08,0.000105715
-2.061052e-08,8.94992e-05
-2.051052e-08,7.19865e-05
-2.041052e-08,5.51223e-05
-2.031052e-08,4.02041e-05
-2.021052e-08,2.91775e-05
-2.011052e-08,2.33399e-05
-2.001052e-08,2.33399e-05
-1.991052e-08,3.04748e-05
-1.981052e-08,4.5393e-05
-1.971052e-08,6.67975e-05
-1.961052e-08,9.46882e-05
-1.951052e-08,0.000127768
-1.941052e-08,0.000163442
-1.931052e-08,0.000199116
-1.921052e-08,0.000233493
-1.911052e-08,0.000266573
-1.901052e-08,0.000296409
-1.891052e-08,0.000321705
-1.881052e-08,0.000341812
-1.871052e-08,0.000356731
-1.861052e-08,0.000364514
-1.851052e-08,0.00036646
-1.841052e-08,0.000362568
-1.831052e-08,0.000353488
-1.821052e-08,0.000339867
-1.811052e-08,0.000322354
-1.801052e-08,0.000302247
-1.791052e-08,0.000282139
-1.781052e-08,0.000262032
-1.771052e-08,0.000243871
-1.761052e-08,0.000228304
-1.751052e-08,0.000214683
-1.741052e-08,0.000203656
-1.731052e-08,0.000194576
-1.721052e-08,0.000186792
-1.711052e-08,0.000179657
-1.701052e-08,0.000171225
-1.691052e-08,0.00015955
-1.681052e-08,0.000145929
-1.671052e-08,0.000129065
-1.661052e-08,0.000110904
-1.651052e-08,9.20937e-05
-1.641052e-08,7.32837e-05
-1.631052e-08,5.64196e-05
-1.621052e-08,4.08527e-05
-1.611052e-08,2.78803e-05
-1.601052e-08,1.68537e-05
-1.591052e-08,7.77306e-06
-1.581052e-08,-1.95624e-06
-1.571052e-08,-1.29828e-05
-1.561052e-08,-2.59552e-05
-1.551052e-08,-4.21707e-05
-1.541052e-08,-6.09807e-05
-1.531052e-08,-8.17365e-05
-1.521052e-08,-0.000103141
-1.511052e-08,-0.000121951
-1.501052e-08,-0.000137518
-1.491052e-08,-0.000147896
-1.481052e-08,-0.000151787
-1.471052e-08,-0.000147896
-1.461052e-08,-0.000138166
-1.451052e-08,-0.000123248
-1.441052e-08,-0.000106384
-1.431052e-08,-8.82227e-05
-1.421052e-08,-7.071e-05
-1.411052e-08,-5.44945e-05
-1.401052e-08,-4.02248e-05
-1.391052e-08,-2.7901e-05
-1.381052e-08,-1.55773e-05
-1.371052e-08,-3.9021e-06
-1.361052e-08,9.0703e-06
-1.351052e-08,2.39886e-05
-1.341052e-08,4.15013e-05
-1.331052e-08,6.03113e-05
-1.321052e-08,8.04185e-05
-1.311052e-08,0.000101174
-1.301052e-08,0.000120633
-1.291052e-08,0.000137497
-1.281052e-08,0.000151118
-1.271052e-08,0.000160847
-1.261052e-08,0.000167982
-1.251052e-08,0.000171874
-1.241052e-08,0.000173171
-1.231052e-08,0.00017382
-1.221052e-08,0.00017382
-1.211052e-08,0.000173171
-1.201052e-08,0.000171225
-1.191052e-08,0.000167982
-1.181052e-08,0.000162145
-1.171052e-08,0.000153713
-1.161052e-08,0.000141389
-1.151052e-08,0.000127119
-1.141052e-08,0.000110255
-1.131052e-08,9.20937e-05
-1.121052e-08,7.58782e-05
-1.111052e-08,6.22572e-05
-1.101052e-08,5.38251e-05
-1.091052e-08,5.18792e-05
-1.081052e-08,5.64196e-05
-1.071052e-08,6.80947e-05
-1.061052e-08,8.56075e-05
-1.051052e-08,0.000107012
-1.041052e-08,0.000129714
-1.031052e-08,0.000153064
-1.021052e-08,0.000175117
-1.011052e-08,0.000193278
-1.001052e-08,0.000208197
-9.910523e-09,0.000219872
-9.810523e-09,0.000228304
-9.710523e-09,0.000233493
-9.610523e-09,0.000236087
-9.510523e-09,0.000237385
-9.410523e-09,0.000237385
-9.310523e-09,0.000236736
-9.210523e-09,0.000236087
-9.110523e-09,0.000234141
-9.010523e-09,0.000231547
-8.910523e-09,0.000227007
-8.810523e-09,0.00022052
-8.710523e-09,0.000214034
-8.610523e-09,0.000206899
-8.510523e-09,0.000199765
-8.410523e-09,0.000194576
-8.310523e-09,0.000190684
-8.210523e-09,0.000189387
-8.110523e-09,0.000188738
-8.010523e-09,0.000190684
-7.910523e-09,0.000193927
-7.810523e-09,0.00019717
-7.710523e-09,0.000200413
-7.610523e-09,0.00020171
-7.510523e-09,0.000200413
-7.410523e-09,0.00019717
-7.310523e-09,0.000190035
-7.210523e-09,0.000180306
-7.110523e-09,0.000168631
-7.010523e-09,0.000155658
-6.910523e-09,0.000143335
-6.810523e-09,0.000132957
-6.710523e-09,0.000125173
-6.610523e-09,0.000121282
-6.510523e-09,0.000120633
-6.410523e-09,0.000123227
-6.310523e-09,0.000129065
-6.210523e-09,0.000136848
-6.110523e-09,0.000146578
-6.010523e-09,0.000156307
-5.910523e-09,0.000166036
-5.810523e-09,0.00017382
-5.710523e-09,0.000179657
-5.610523e-09,0.000182901
-5.510523e-09,0.000182901
-5.410523e-09,0.000180306
-5.310523e-09,0.000173171
-5.210523e-09,0.000162145
-5.110523e-09,0.000146578
-5.010523e-09,0.000128416
-4.910523e-09,0.000107012
-4.810523e-09,8.43102e-05
-4.710523e-09,6.16085e-05
-4.610523e-09,3.95555e-05
-4.510523e-09,2.00968e-05
-4.410523e-09,3.88134e-06
-4.310523e-09,-7.79382e-06
-4.210523e-09,-1.55773e-05
-4.110523e-09,-2.01176e-05
-4.010523e-09,-2.20635e-05
-3.910523e-09,-2.33607e-05
-3.810523e-09,-2.59552e-05
-3.710523e-09,-3.17928e-05
-3.610523e-09,-4.21707e-05
-3.510523e-09,-5.83862e-05
-3.410523e-09,-7.97907e-05
-3.310523e-09,-0.000107033
-3.210523e-09,-0.000138166
-3.110523e-09,-0.000172543
-3.010523e-09,-0.000208866
-2.910523e-09,-0.00024454
-2.810523e-09,-0.000280863
-2.710523e-09,-0.000317186
-2.610523e-09,-0.000354157
-2.510523e-09,-0.000393723
-2.410523e-09,-0.000436532
-2.310523e-09,-0.00048453
-2.210523e-09,-0.000539014
-2.110523e-09,-0.000599984
-2.010523e-09,-0.000666792
-1.910523e-09,-0.000736194
-1.810523e-09,-0.000806894
-1.710523e-09,-0.00087435
-1.610523e-09,-0.000937915
-1.510523e-09,-0.000994345
-1.410523e-09,-0.00104364
-1.310523e-09,-0.0010845
-1.210523e-09,-0.00111823
-1.110523e-09,-0.00114677
-1.010523e-09,-0.00117207
-9.105233e-10,-0.00119607
-8.105233e-10,-0.00121877
-7.105233e-10,-0.00124147
-6.105233e-10,-0.00126287
-5.105233e-10,-0.00128233
-4.105233e-10,-0.0012979
-3.105233e-10,-0.00130633
-2.105233e-10,-0.00130568
-1.105233e-10,-0.00129466
-1.052331e-11,-0.0012726
8.947669e-11,-0.00124017
1.894767e-10,-0.00120061
2.894767e-10,-0.00115585
3.894767e-10,-0.00110915
4.894767e-10,-0.0010644
5.894767e-10,-0.00102418
6.894767e-10,-0.000989805
7.894767e-10,-0.000963211
8.894767e-10,-0.000944401
9.894767e-10,-0.000932726
1.089477e-09,-0.00092624
1.189477e-09,-0.000924294
1.289477e-09,-0.000924943
1.389477e-09,-0.000927537
1.489477e-09,-0.000932078
1.589477e-09,-0.000935969
1.689477e-09,-0.000939212
1.789477e-09,-0.000941807
1.889477e-09,-0.000944401
1.989477e-09,-0.000945699
2.089477e-09,-0.000945699
2.189477e-09,-0.000943104
2.289477e-09,-0.000937915
2.389477e-09,-0.000927537
2.489477e-09,-0.000913268
2.589477e-09,-0.000895755
2.689477e-09,-0.00087435
2.789477e-09,-0.000851
2.889477e-09,-0.000827001
2.989477e-09,-0.000804948
3.089477e-09,-0.000785489
3.189477e-09,-0.000769274
3.289477e-09,-0.000757599
3.389477e-09,-0.000749815
3.489477e-09,-0.000745275
3.589477e-09,-0.000742032
3.689477e-09,-0.000738789
3.789477e-09,-0.000734897
3.889477e-09,-0.000728411
3.989477e-09,-0.000718682
4.089477e-09,-0.000706358
4.189477e-09,-0.000690791
4.289477e-09,-0.000674575
4.389477e-09,-0.00065836
4.489477e-09,-0.000643442
4.589477e-09,-0.000630469
4.689477e-09,-0.000620091
4.789477e-09,-0.000611659
4.889477e-09,-0.000603876
4.989477e-09,-0.000596741
5.089477e-09,-0.000588309
5.189477e-09,-0.00057858
5.289477e-09,-0.000565607
5.389477e-09,-0.000549392
5.489477e-09,-0.00053123
5.589477e-09,-0.000511123
5.689477e-09,-0.000489719
5.789477e-09,-0.000468314
5.889477e-09,-0.000448207
5.989477e-09,-0.000430046
6.089477e-09,-0.000414479
6.189477e-09,-0.000401506
6.289477e-09,-0.000391128
6.389477e-09,-0.000382696
6.489477e-09,-0.000374913
6.589477e-09,-0.000367778
6.689477e-09,-0.000360643
6.789477e-09,-0.000353508
6.889477e-09,-0.000345076
6.989477e-09,-0.000336644
7.089477e-09,-0.000328212
7.189477e-09,-0.000318483
7.289477e-09,-0.000308754
7.389477e-09,-0.000298376
7.489477e-09,-0.0002867
7.589477e-09,-0.000274377
7.689477e-09,-0.000260107
7.789477e-09,-0.000245189
7.889477e-09,-0.000229622
7.989477e-09,-0.000213406
8.089477e-09,-0.00019784
8.189477e-09,-0.000185516
8.289477e-09,-0.000176435
8.389477e-09,-0.000171895
8.489477e-09,-0.000172543
8.589477e-09,-0.000177732
8.689477e-09,-0.000187462
8.789477e-09,-0.000200434
8.889477e-09,-0.000214055
8.989477e-09,-0.000227676
9.089477e-09,-0.000239351
9.189477e-09,-0.000246486
9.289477e-09,-0.000249729
9.389477e-09,-0.000247783
9.489477e-09,-0.000241297
9.589477e-09,-0.000231568
9.689477e-09,-0.000218595
9.789477e-09,-0.000204326
9.889477e-09,-0.000190056
9.989477e-09,-0.000177084
1.008948e-08,-0.00016476
1.018948e-08,-0.000155031
1.028948e-08,-0.000147247
1.038948e-08,-0.00014141
1.048948e-08,-0.000138166
1.058948e-08,-0.000136869
1.068948e-08,-0.000138815
1.078948e-08,-0.000143355
1.088948e-08,-0.000149842
1.098948e-08,-0.000158274
1.108948e-08,-0.000168003
1.118948e-08,-0.000178381
1.128948e-08,-0.00018811
1.138948e-08,-0.000197191
1.148948e-08,-0.000203677
1.158948e-08,-0.000207569
1.168948e-08,-0.000207569
1.178948e-08,-0.000204974
1.188948e-08,-0.000199137
1.198948e-08,-0.000192651
1.208948e-08,-0.000184867
1.218948e-08,-0.000177732
1.228948e-08,-0.000173192
1.238948e-08,-0.000171246
1.248948e-08,-0.000172543
1.258948e-08,-0.000177084
1.268948e-08,-0.000184219
1.278948e-08,-0.000192651
1.288948e-08,-0.000200434
1.298948e-08,-0.000206272
1.308948e-08,-0.000210163
1.318948e-08,-0.000209515
1.328948e-08,-0.000204974
1.338948e-08,-0.000195245
1.348948e-08,-0.000181624
1.358948e-08,-0.000164111
1.368948e-08,-0.000143355
1.378948e-08,-0.000120654
1.388948e-08,-9.66548e-05
1.398948e-08,-7.13586e-05
1.408948e-08,-4.60624e-05
1.418948e-08,-2.14148e-05
1.428948e-08,-1.03779e-08
1.438948e-08,1.75024e-05
1.448948e-08,3.04748e-05
1.458948e-08,3.6961e-05
1.468948e-08,3.50151e-05
1.478948e-08,2.46372e-05
1.488948e-08,6.47582e-06
1.498948e-08,-1.88204e-05
1.508948e-08,-5.06027e-05
1.518948e-08,-8.56282e-05
1.528948e-08,-0.000121951
1.538948e-08,-0.000155679
1.548948e-08,-0.000184219
1.558948e-08,-0.000205623
1.568948e-08,-0.000218595
1.578948e-08,-0.000222487
1.588948e-08,-0.00021665
1.598948e-08,-0.000203677
1.608948e-08,-0.000184219
1.618948e-08,-0.000160868
1.628948e-08,-0.000138166
1.638948e-08,-0.000116762
1.648948e-08,-9.7952e-05
1.658948e-08,-8.36824e-05
1.668948e-08,-7.33045e-05
1.678948e-08,-6.74669e-05
1.688948e-08,-6.35752e-05
1.698948e-08,-6.09807e-05
1.708948e-08,-5.90348e-05
1.718948e-08,-5.64403e-05
1.728948e-08,-5.31972e-05
1.738948e-08,-4.73596e-05
1.748948e-08,-4.15221e-05
1.758948e-08,-3.56845e-05
1.768948e-08,-2.98469e-05
1.778948e-08,-2.59552e-05
1.788948e-08,-2.33607e-05
1.798948e-08,-2.14148e-05
1.808948e-08,-2.01176e-05
1.818948e-08,-1.68745e-05
1.828948e-08,-1.23342e-05
1.838948e-08,-3.9021e-06
1.848948e-08,9.0703e-06
1.858948e-08,2.59344e-05
1.868948e-08,4.73389e-05
1.878948e-08,7.13378e-05
1.888948e-08,9.6634e-05
1.898948e-08,0.000120633
1.908948e-08,0.000142037
1.918948e-08,0.000158902
1.928948e-08,0.000169279
1.938948e-08,0.000173171
1.948948e-08,0.000169928
1.958948e-08,0.000160847
1.968948e-08,0.000147226
1.978948e-08,0.000132308
1.988948e-08,0.00011739
1.998948e-08,0.000103769
2.008948e-08,9.27423e-05
2.018948e-08,8.56075e-05
2.028948e-08,8.04185e-05
2.038948e-08,7.84727e-05
2.048948e-08,7.84727e-05
2.058948e-08,7.97699e-05
2.068948e-08,8.04185e-05
2.078948e-08,7.97699e-05
2.088948e-08,7.7824e-05
2.098948e-08,7.52296e-05
2.108948e-08,7.13378e-05
2.118948e-08,6.74461e-05
2.128948e-08,6.48516e-05
2.138948e-08,6.4203e-05
2.148948e-08,6.55003e-05
2.158948e-08,6.80947e-05
2.168948e-08,7.26351e-05
2.178948e-08,7.71754e-05
2.188948e-08,8.10671e-05
2.198948e-08,8.36616e-05
2.208948e-08,8.43102e-05
2.218948e-08,8.17158e-05
2.228948e-08,7.52296e-05
2.238948e-08,6.55003e-05
2.248948e-08,5.12306e-05
2.258948e-08,3.37179e-05
2.268948e-08,1.23134e-05
2.278948e-08,-1.16855e-05
2.288948e-08,-3.69817e-05
2.298948e-08,-6.22779e-05
2.308948e-08,-8.62769e-05
2.318948e-08,-0.000107681
2.328948e-08,-0.000124545
2.338948e-08,-0.000136869
2.348948e-08,-0.000142058
2.358948e-08,-0.000140761
2.368948e-08,-0.00013168
2.378948e-08,-0.000116762
2.388948e-08,-9.7952e-05
2.398948e-08,-7.52503e-05
2.408948e-08,-5.25486e-05
2.418948e-08,-3.04955e-05
2.428948e-08,-1.10369e-05
2.438948e-08,3.88134e-06
2.448948e-08,1.42593e-05
2.458948e-08,1.87996e-05
2.468948e-08,1.94482e-05
2.478948e-08,1.62051e-05
2.488948e-08,1.2962e-05
2.498948e-08,1.03675e-05
2.508948e-08,1.03675e-05
2.518948e-08,1.36106e-05
2.528948e-08,2.20427e-05
2.538948e-08,3.43665e-05
2.548948e-08,5.12306e-05
2.558948e-08,7.06892e-05
2.568948e-08,9.14451e-05
2.578948e-08,0.000111552
2.588948e-08,0.000129065
2.598948e-08,0.000143983
2.608948e-08,0.000154361
2.618948e-08,0.000161496
2.628948e-08,0.000164739
2.638948e-08,0.000164739
2.648948e-08,0.000161496
2.658948e-08,0.00015501
2.668948e-08,0.000146578
2.678948e-08,0.0001362
2.688948e-08,0.000124525
2.698948e-08,0.000111552
2.708948e-08,9.59854e-05
2.718948e-08,8.04185e-05
2.728948e-08,6.48516e-05
2.738948e-08,5.12306e-05
2.748948e-08,4.02041e-05
2.758948e-08,3.1772e-05
2.768948e-08,2.78803e-05
2.778948e-08,2.98261e-05
2.788948e-08,3.6961e-05
2.798948e-08,4.92848e-05
2.808948e-08,6.55003e-05
2.818948e-08,8.49589e-05
2.828948e-08,0.000105715
2.838948e-08,0.000124525
2.848948e-08,0.000142037
2.858948e-08,0.00015501
2.868948e-08,0.000165388
2.878948e-08,0.000171225
2.888948e-08,0.000175117
2.898948e-08,0.000177063
2.908948e-08,0.000177712
2.918948e-08,0.000179657
2.928948e-08,0.000181603
2.938948e-08,0.000184846
2.948948e-08,0.000187441
2.958948e-08,0.000188738
2.968948e-08,0.000186792
2.978948e-08,0.000180306
2.988948e-08,0.000168631
2.998948e-08,0.000152415
3.008948e-08,0.000131011
3.018948e-08,0.000106363
3.028948e-08,8.04185e-05
3.038948e-08,5.51223e-05
3.048948e-08,3.37179e-05
3.058948e-08,1.8151e-05
3.068948e-08,9.0703e-06
3.078948e-08,7.77306e-06
3.088948e-08,1.16648e-05
3.098948e-08,1.94482e-05
3.108948e-08,3.04748e-05
3.118948e-08,4.15013e-05
3.128948e-08,4.99334e-05
3.138948e-08,5.44737e-05
3.148948e-08,5.31765e-05
3.158948e-08,4.73389e-05
3.168948e-08,3.6961e-05
3.178948e-08,2.26913e-05
3.188948e-08,5.8272e-06
3.198948e-08,-1.29828e-05
3.208948e-08,-3.11441e-05
3.218948e-08,-4.86569e-05
3.228948e-08,-6.48724e-05
3.238948e-08,-7.97907e-05
3.248948e-08,-9.27631e-05
3.258948e-08,-0.00010379
3.268948e-08,-0.000113519
3.278948e-08,-0.000120654
3.288948e-08,-0.000125194
3.298948e-08,-0.000124545
3.308948e-08,-0.000119356
3.318948e-08,-0.000109627
3.328948e-08,-9.60062e-05
3.338948e-08,-7.84934e-05
3.348948e-08,-5.96834e-05
3.358948e-08,-3.95762e-05
3.368948e-08,-2.07662e-05
3.378948e-08,-3.9021e-06
3.388948e-08,7.77306e-06
3.398948e-08,1.49079e-05
3.408948e-08,1.87996e-05
3.418948e-08,1.87996e-05
3.428948e-08,1.68537e-05
3.438948e-08,1.36106e-05
3.448948e-08,1.10162e-05
3.458948e-08,1.03675e-05
3.468948e-08,1.23134e-05
3.478948e-08,1.8151e-05
3.488948e-08,2.6583e-05
3.498948e-08,3.6961e-05
3.508948e-08,4.99334e-05
3.518948e-08,6.35544e-05
3.528948e-08,7.7824e-05
3.538948e-08,9.27423e-05
3.548948e-08,0.000108309
3.558948e-08,0.000123876
3.568948e-08,0.00014074
3.578948e-08,0.000157604
3.588948e-08,0.000175117
3.598948e-08,0.000193278
3.608948e-08,0.000210791
3.618948e-08,0.000227007
3.628948e-08,0.000239979
3.638948e-08,0.00024906
3.648948e-08,0.0002536
3.658948e-08,0.000252303
3.668948e-08,0.000246465
3.678948e-08,0.000236087
3.688948e-08,0.000222466
3.698948e-08,0.000206899
3.708948e-08,0.000190684
3.718948e-08,0.000175766
3.728948e-08,0.000163442
3.738948e-08,0.000154361
3.748948e-08,0.000147226
3.758948e-08,0.000143335
3.768948e-08,0.000141389
3.778948e-08,0.00014074
3.788948e-08,0.00014074
3.798948e-08,0.00014074
3.808948e-08,0.00014074
3.818948e-08,0.000139443
3.828948e-08,0.000137497
3.838948e-08,0.000133605
3.848948e-08,0.000129065
3.858948e-08,0.000122579
3.868948e-08,0.000114147
3.878948e-08,0.000102472
3.888948e-08,8.75533e-05
3.898948e-08,6.87434e-05
3.908948e-08,4.73389e-05
3.918948e-08,2.33399e-05
3.928948e-08,-2.60486e-06
3.938948e-08,-2.85497e-05
3.948948e-08,-5.38459e-05
3.958948e-08,-7.39531e-05
3.968948e-08,-8.82227e-05
3.978948e-08,-9.60062e-05
3.988948e-08,-9.53575e-05
3.998948e-08,-8.75741e-05
4.008948e-08,-7.26558e-05
4.018948e-08,-5.25486e-05
4.028948e-08,-2.91983e-05
4.038948e-08,-5.84796e-06
4.048948e-08,1.42593e-05
4.058948e-08,2.98261e-05
4.068948e-08,3.82582e-05
4.078948e-08,3.89068e-05
4.088948e-08,3.24206e-05
4.098948e-08,1.94482e-05
4.108948e-08,1.28686e-06
4.118948e-08,-1.81717e-05
4.128948e-08,-3.76303e-05
4.138948e-08,-5.51431e-05
4.148948e-08,-6.94127e-05
4.158948e-08,-7.9142e-05
4.168948e-08,-8.36824e-05
4.178948e-08,-8.4331e-05
4.188948e-08,-8.23851e-05
4.198948e-08,-7.84934e-05
4.208948e-08,-7.39531e-05
4.218948e-08,-6.94127e-05
4.228948e-08,-6.48724e-05
4.238948e-08,-6.03321e-05
4.248948e-08,-5.51431e-05
4.258948e-08,-4.93055e-05
4.268948e-08,-4.15221e-05
4.278948e-08,-3.11441e-05
4.288948e-08,-1.81717e-05
4.298948e-08,-3.9021e-06
4.308948e-08,1.03675e-05
4.318948e-08,2.39886e-05
4.328948e-08,3.6961e-05
4.338948e-08,4.66903e-05
4.348948e-08,5.38251e-05
4.358948e-08,5.77168e-05
4.368948e-08,6.03113e-05
4.378948e-08,6.16085e-05
4.388948e-08,6.29058e-05
4.398948e-08,6.48516e-05
4.408948e-08,6.9392e-05
4.418948e-08,7.71754e-05
4.428948e-08,8.8202e-05
4.438948e-08,0.000100526
4.448948e-08,0.000114795
4.458948e-08,0.000128416
4.468948e-08,0.00014074
4.478948e-08,0.000151118
4.488948e-08,0.000158253
4.498948e-08,0.000160847
4.508948e-08,0.00015955
4.518948e-08,0.000154361
4.528948e-08,0.000146578
4.538948e-08,0.0001362
4.548948e-08,0.000125173
4.558948e-08,0.000113498
4.568948e-08,0.000101823
4.578948e-08,9.01478e-05
4.588948e-08,7.7824e-05
4.598948e-08,6.55003e-05
4.608948e-08,5.38251e-05
4.618948e-08,4.21499e-05
4.628948e-08,3.04748e-05
4.638948e-08,2.00968e-05
4.648948e-08,1.10162e-05
4.658948e-08,4.52996e-06
4.668948e-08,6.38242e-07
4.678948e-08,-1.30762e-06
4.688948e-08,-1.03779e-08
4.698948e-08,3.23272e-06
4.708948e-08,8.42168e-06
4.718948e-08,1.49079e-05
4.728948e-08,2.26913e-05
4.738948e-08,3.11234e-05
4.748948e-08,3.95555e-05
4.758948e-08,4.73389e-05
4.768948e-08,5.38251e-05
4.778948e-08,5.96627e-05
4.788948e-08,6.35544e-05
4.798948e-08,6.55003e-05
4.808948e-08,6.55003e-05
4.818948e-08,6.4203e-05
4.828948e-08,6.09599e-05
4.838948e-08,5.5771e-05
4.848948e-08,5.0582e-05
4.858948e-08,4.47444e-05
4.868948e-08,3.89068e-05
4.878948e-08,3.30692e-05
4.888948e-08,2.85289e-05
4.898948e-08,2.59344e-05
4.908948e-08,2.52858e-05
4.918948e-08,2.72317e-05
4.928948e-08,3.1772e-05
4.938948e-08,3.89068e-05
4.948948e-08,4.86361e-05
4.958948e-08,5.96627e-05
4.968948e-08,7.32837e-05
4.978948e-08,9.01478e-05
4.988948e-08,0.000108958
4.998948e-08,0.000127768
5.008948e-08,0.000147226
5.018948e-08,0.000165388
5.028948e-08,0.000182901
5.038948e-08,0.000197819
5.048948e-08,0.000210143
5.058948e-08,0.000218575
5.068948e-08,0.000222466
5.078948e-08,0.000221818
5.088948e-08,0.000216629
5.098948e-08,0.000207548
5.108948e-08,0.000194576
5.118948e-08,0.00017836
5.128948e-08,0.000158902
5.138948e-08,0.000138146
5.148948e-08,0.00011739
5.158948e-08,9.6634e-05
5.168948e-08,7.84727e-05
5.178948e-08,6.35544e-05
5.188948e-08,5.12306e-05
5.198948e-08,4.21499e-05
5.208948e-08,3.82582e-05
5.218948e-08,3.89068e-05
5.228948e-08,4.34472e-05
5.238948e-08,5.12306e-05
5.248948e-08,6.09599e-05
5.258948e-08,7.13378e-05
5.268948e-08,8.04185e-05
5.278948e-08,8.75533e-05
5.288948e-08,9.14451e-05
5.298948e-08,9.20937e-05
5.308948e-08,8.8202e-05
5.318948e-08,8.04185e-05
5.328948e-08,6.87434e-05
5.338948e-08,5.5771e-05
5.348948e-08,4.02041e-05
5.358948e-08,2.39886e-05
5.368948e-08,7.77306e-06
5.378948e-08,-7.1452e-06
5.388948e-08,-2.01176e-05
5.398948e-08,-3.11441e-05
5.408948e-08,-3.89276e-05
5.418948e-08,-4.41165e-05
5.428948e-08,-4.54138e-05
5.438948e-08,-4.34679e-05
5.448948e-08,-3.8279e-05
5.458948e-08,-2.91983e-05
5.468948e-08,-1.81717e-05
5.478948e-08,-4.55072e-06
5.488948e-08,1.03675e-05
5.498948e-08,2.52858e-05
5.508948e-08,3.89068e-05
5.518948e-08,4.99334e-05
5.528948e-08,5.90141e-05
5.538948e-08,6.61489e-05
5.548948e-08,7.00406e-05
5.558948e-08,7.13378e-05
5.568948e-08,7.19865e-05
5.578948e-08,7.13378e-05
5.588948e-08,6.9392e-05
5.598948e-08,6.87434e-05
5.608948e-08,6.87434e-05
5.618948e-08,7.06892e-05
5.628948e-08,7.39323e-05
5.638948e-08,7.84727e-05
5.648948e-08,8.36616e-05
5.658948e-08,8.94992e-05
5.668948e-08,9.46882e-05
5.678948e-08,9.98771e-05
5.688948e-08,0.00010312
5.698948e-08,0.000104417
5.708948e-08,0.00010312
5.718948e-08,9.85799e-05
5.728948e-08,9.07964e-05
5.738948e-08,8.17158e-05
5.748948e-08,7.00406e-05
5.758948e-08,5.77168e-05
5.768948e-08,4.40958e-05
5.778948e-08,3.1772e-05
5.788948e-08,2.00968e-05
5.798948e-08,1.03675e-05
5.808948e-08,3.23272e-06
5.818948e-08,-1.30762e-06
5.828948e-08,-3.25348e-06
5.838948e-08,-3.25348e-06
5.848948e-08,-6.58998e-07
5.858948e-08,3.23272e-06
5.868948e-08,8.42168e-06
5.878948e-08,1.36106e-05
5.888948e-08,1.8151e-05
5.898948e-08,2.20427e-05
5.908948e-08,2.59344e-05
5.918948e-08,2.85289e-05
5.928948e-08,3.04748e-05
5.938948e-08,3.30692e-05
5.948948e-08,3.56637e-05
5.958948e-08,3.76096e-05
5.968948e-08,3.82582e-05
5.978948e-08,3.76096e-05
5.988948e-08,3.56637e-05
5.998948e-08,3.30692e-05
6.008948e-08,2.98261e-05
6.018948e-08,2.72317e-05
6.028948e-08,2.52858e-05
6.038948e-08,2.46372e-05
6.048948e-08,2.72317e-05
6.058948e-08,3.43665e-05
6.068948e-08,4.60417e-05
6.078948e-08,6.16085e-05
6.088948e-08,8.10671e-05
6.098948e-08,0.000102472
6.108948e-08,0.000125822
6.118948e-08,0.000148524
6.128948e-08,0.000169928
6.138948e-08,0.000188089
6.148948e-08,0.000202359
6.158948e-08,0.000210143
6.168948e-08,0.000213386
6.178948e-08,0.000210791
6.188948e-08,0.000203008
6.198948e-08,0.000191981
6.208948e-08,0.000177712
6.218948e-08,0.000162145
6.228948e-08,0.000146578
6.238948e-08,0.00013166
6.248948e-08,0.000118038
6.258948e-08,0.000107012
6.268948e-08,9.79313e-05
6.278948e-08,9.07964e-05
6.288948e-08,8.69047e-05
6.298948e-08,8.56075e-05
6.308948e-08,8.62561e-05
6.318948e-08,8.88506e-05
6.328948e-08,9.20937e-05
6.338948e-08,9.53368e-05
6.348948e-08,9.72826e-05
6.358948e-08,9.72826e-05
6.368948e-08,9.59854e-05
6.378948e-08,9.20937e-05
6.388948e-08,8.62561e-05
6.398948e-08,7.84727e-05
6.408948e-08,6.9392e-05
6.418948e-08,6.09599e-05
6.428948e-08,5.31765e-05
6.438948e-08,4.66903e-05
6.448948e-08,4.34472e-05
6.458948e-08,4.34472e-05
6.468948e-08,4.66903e-05
6.478948e-08,5.31765e-05
6.488948e-08,6.35544e-05
6.498948e-08,7.65268e-05
6.508948e-08,8.94992e-05
6.518948e-08,0.000103769
6.528948e-08,0.000116741
6.538948e-08,0.000129714
6.548948e-08,0.000140092
6.558948e-08,0.000147875
6.568948e-08,0.000154361
6.578948e-08,0.000158902
6.588948e-08,0.000162145
6.598948e-08,0.000164091
6.608948e-08,0.000166036
6.618948e-08,0.000167334
6.628948e-08,0.000168631
6.638948e-08,0.000169279
6.648948e-08,0.000170577
6.658948e-08,0.000172523
6.668948e-08,0.000174468
6.678948e-08,0.000175766
6.688948e-08,0.00017836
6.698948e-08,0.000180955
6.708948e-08,0.000182901
6.718948e-08,0.000184198
6.728948e-08,0.000184198
6.738948e-08,0.000182252
6.748948e-08,0.000177063
6.758948e-08,0.000167334
6.768948e-08,0.000154361
6.778948e-08,0.000137497
6.788948e-08,0.00011739
6.798948e-08,9.53368e-05
6.808948e-08,7.26351e-05
6.818948e-08,4.99334e-05
6.828948e-08,3.04748e-05
6.838948e-08,1.49079e-05
6.848948e-08,5.17858e-06
6.858948e-08,1.28686e-06
6.868948e-08,2.5841e-06
6.878948e-08,9.0703e-06
6.888948e-08,1.94482e-05
6.898948e-08,3.1772e-05
6.908948e-08,4.47444e-05
6.918948e-08,5.70682e-05
6.928948e-08,6.61489e-05
6.938948e-08,7.19865e-05
6.948948e-08,7.45809e-05
6.958948e-08,7.32837e-05
6.968948e-08,6.87434e-05
6.978948e-08,6.09599e-05
6.988948e-08,5.18792e-05
6.998948e-08,4.15013e-05
7.008948e-08,3.04748e-05
7.018948e-08,1.87996e-05
7.028948e-08,7.12444e-06
7.038948e-08,-4.55072e-06
7.048948e-08,-1.62259e-05
7.058948e-08,-2.72524e-05
7.068948e-08,-3.69817e-05
7.078948e-08,-4.41165e-05
7.088948e-08,-4.80083e-05
7.098948e-08,-4.80083e-05
7.108948e-08,-4.28193e-05
7.118948e-08,-3.17928e-05
7.128948e-08,-1.62259e-05
7.138948e-08,4.52996e-06
7.148948e-08,2.85289e-05
7.158948e-08,5.44737e-05
7.168948e-08,8.10671e-05
7.178948e-08,0.000105715
7.188948e-08,0.000127119
7.198948e-08,0.000143983
7.208948e-08,0.00015501
7.218948e-08,0.000160199
7.228948e-08,0.000158902
7.238948e-08,0.000152415
7.248948e-08,0.000142686
7.258948e-08,0.000130362
7.268948e-08,0.00011739
7.278948e-08,0.00010312
7.288948e-08,9.07964e-05
7.298948e-08,7.91213e-05
7.308948e-08,6.9392e-05
7.318948e-08,6.09599e-05
7.328948e-08,5.38251e-05
7.338948e-08,4.79875e-05
7.348948e-08,4.40958e-05
7.358948e-08,4.21499e-05
7.368948e-08,4.21499e-05
7.378948e-08,4.40958e-05
7.388948e-08,4.86361e-05
7.398948e-08,5.5771e-05
7.408948e-08,6.4203e-05
7.418948e-08,7.45809e-05
7.428948e-08,8.49589e-05
7.438948e-08,9.40395e-05
7.448948e-08,0.000101823
7.458948e-08,0.000107012
7.468948e-08,0.000108309
7.478948e-08,0.000107012
7.488948e-08,0.000102472
7.498948e-08,9.6634e-05
7.508948e-08,8.88506e-05
7.518948e-08,8.17158e-05
7.528948e-08,7.52296e-05
7.538948e-08,7.13378e-05
7.548948e-08,6.9392e-05
7.558948e-08,7.00406e-05
7.568948e-08,7.19865e-05
7.578948e-08,7.52296e-05
7.588948e-08,8.04185e-05
7.598948e-08,8.62561e-05
7.608948e-08,9.27423e-05
7.618948e-08,9.92285e-05
7.628948e-08,0.000105066
7.638948e-08,0.000111552
7.648948e-08,0.000118687
7.658948e-08,0.000127768
7.668948e-08,0.000138146
7.678948e-08,0.000148524
7.688948e-08,0.000158902
7.698948e-08,0.000168631
7.708948e-08,0.000175766
7.718948e-08,0.000179657
7.728948e-08,0.000180955
