LECROYWaveRunner‘N,20113,Waveform
Segments,1,SegmentSize,2002
Segment,TrigTime,TimeSinceSegment1
#1,28-Sep-2018 13:20:38,0                 
Time,Ampl
-1.228898e-07,0.000149172
-1.227898e-07,0.000151118
-1.226898e-07,0.000145281
-1.225898e-07,0.000132957
-1.224898e-07,0.000114147
-1.223898e-07,9.07964e-05
-1.222898e-07,6.61489e-05
-1.221898e-07,4.27986e-05
-1.220898e-07,2.13941e-05
-1.219898e-07,3.88134e-06
-1.218898e-07,-7.79382e-06
-1.217898e-07,-1.36314e-05
-1.216898e-07,-1.36314e-05
-1.215898e-07,-8.44244e-06
-1.214898e-07,6.38242e-07
-1.213898e-07,1.36106e-05
-1.212898e-07,2.78803e-05
-1.211898e-07,4.21499e-05
-1.210898e-07,5.5771e-05
-1.209898e-07,6.67975e-05
-1.208898e-07,7.52296e-05
-1.207898e-07,7.97699e-05
-1.206898e-07,7.97699e-05
-1.205898e-07,7.58782e-05
-1.204898e-07,6.67975e-05
-1.203898e-07,5.31765e-05
-1.202898e-07,3.56637e-05
-1.201898e-07,1.42593e-05
-1.200898e-07,-9.09106e-06
-1.199898e-07,-3.37386e-05
-1.198898e-07,-5.7089e-05
-1.197898e-07,-7.71962e-05
-1.196898e-07,-9.34117e-05
-1.195898e-07,-0.000105087
-1.194898e-07,-0.000110276
-1.193898e-07,-0.000108979
-1.192898e-07,-0.000101195
-1.191898e-07,-8.82227e-05
-1.190898e-07,-7.13586e-05
-1.189898e-07,-5.19e-05
-1.188898e-07,-3.04955e-05
-1.187898e-07,-1.03883e-05
-1.186898e-07,9.0703e-06
-1.185898e-07,2.52858e-05
-1.184898e-07,3.95555e-05
-1.183898e-07,5.0582e-05
-1.182898e-07,5.96627e-05
-1.181898e-07,6.80947e-05
-1.180898e-07,7.52296e-05
-1.179898e-07,8.10671e-05
-1.178898e-07,8.62561e-05
-1.177898e-07,9.07964e-05
-1.176898e-07,9.40395e-05
-1.175898e-07,9.59854e-05
-1.174898e-07,9.6634e-05
-1.173898e-07,9.53368e-05
-1.172898e-07,9.27423e-05
-1.171898e-07,8.88506e-05
-1.170898e-07,8.43102e-05
-1.169898e-07,8.10671e-05
-1.168898e-07,7.97699e-05
-1.167898e-07,8.10671e-05
-1.166898e-07,8.49589e-05
-1.165898e-07,9.20937e-05
-1.164898e-07,0.000101174
-1.163898e-07,0.000109606
-1.162898e-07,0.000118038
-1.161898e-07,0.000123876
-1.160898e-07,0.000126471
-1.159898e-07,0.000125173
-1.158898e-07,0.000119336
-1.157898e-07,0.000111552
-1.156898e-07,0.000101174
-1.155898e-07,8.94992e-05
-1.154898e-07,7.65268e-05
-1.153898e-07,6.48516e-05
-1.152898e-07,5.51223e-05
-1.151898e-07,4.73389e-05
-1.150898e-07,4.08527e-05
-1.149898e-07,3.6961e-05
-1.148898e-07,3.43665e-05
-1.147898e-07,3.1772e-05
-1.146898e-07,2.85289e-05
-1.145898e-07,2.59344e-05
-1.144898e-07,2.26913e-05
-1.143898e-07,2.07455e-05
-1.142898e-07,1.87996e-05
-1.141898e-07,1.87996e-05
-1.140898e-07,2.00968e-05
-1.139898e-07,2.20427e-05
-1.138898e-07,2.46372e-05
-1.137898e-07,2.85289e-05
-1.136898e-07,3.24206e-05
-1.135898e-07,3.50151e-05
-1.134898e-07,3.50151e-05
-1.133898e-07,3.30692e-05
-1.132898e-07,2.98261e-05
-1.131898e-07,2.46372e-05
-1.130898e-07,1.8151e-05
-1.129898e-07,1.23134e-05
-1.128898e-07,7.77306e-06
-1.127898e-07,4.52996e-06
-1.126898e-07,3.88134e-06
-1.125898e-07,5.8272e-06
-1.124898e-07,9.0703e-06
-1.123898e-07,1.16648e-05
-1.122898e-07,1.2962e-05
-1.121898e-07,1.2962e-05
-1.120898e-07,1.03675e-05
-1.119898e-07,5.17858e-06
-1.118898e-07,-2.60486e-06
-1.117898e-07,-1.03883e-05
-1.116898e-07,-1.88204e-05
-1.115898e-07,-2.59552e-05
-1.114898e-07,-3.11441e-05
-1.113898e-07,-3.17928e-05
-1.112898e-07,-2.85497e-05
-1.111898e-07,-2.14148e-05
-1.110898e-07,-1.10369e-05
-1.109898e-07,1.93548e-06
-1.108898e-07,1.49079e-05
-1.107898e-07,2.6583e-05
-1.106898e-07,3.63124e-05
-1.105898e-07,4.34472e-05
-1.104898e-07,4.79875e-05
-1.103898e-07,4.86361e-05
-1.102898e-07,4.79875e-05
-1.101898e-07,4.66903e-05
-1.100898e-07,4.73389e-05
-1.099898e-07,4.99334e-05
-1.098898e-07,5.64196e-05
-1.097898e-07,6.74461e-05
-1.096898e-07,8.23644e-05
-1.095898e-07,9.98771e-05
-1.094898e-07,0.000118687
-1.093898e-07,0.000137497
-1.092898e-07,0.00015501
-1.091898e-07,0.000168631
-1.090898e-07,0.00017836
-1.089898e-07,0.000182901
-1.088898e-07,0.000182901
-1.087898e-07,0.00017836
-1.086898e-07,0.000169928
-1.085898e-07,0.00015955
-1.084898e-07,0.000147226
-1.083898e-07,0.000132957
-1.082898e-07,0.000116741
-1.081898e-07,0.000101174
-1.080898e-07,8.69047e-05
-1.079898e-07,7.32837e-05
-1.078898e-07,6.22572e-05
-1.077898e-07,5.31765e-05
-1.076898e-07,4.79875e-05
-1.075898e-07,4.73389e-05
-1.074898e-07,5.12306e-05
-1.073898e-07,5.96627e-05
-1.072898e-07,7.26351e-05
-1.071898e-07,8.8202e-05
-1.070898e-07,0.000105066
-1.069898e-07,0.00012193
-1.068898e-07,0.000136848
-1.067898e-07,0.000149172
-1.066898e-07,0.000156956
-1.065898e-07,0.000161496
-1.064898e-07,0.000161496
-1.063898e-07,0.000157604
-1.062898e-07,0.000151767
-1.061898e-07,0.000144632
-1.060898e-07,0.000137497
-1.059898e-07,0.000130362
-1.058898e-07,0.000122579
-1.057898e-07,0.000114795
-1.056898e-07,0.000105715
-1.055898e-07,9.46882e-05
-1.054898e-07,8.17158e-05
-1.053898e-07,6.61489e-05
-1.052898e-07,4.92848e-05
-1.051898e-07,3.1772e-05
-1.050898e-07,1.62051e-05
-1.049898e-07,3.88134e-06
-1.048898e-07,-3.9021e-06
-1.047898e-07,-5.84796e-06
-1.046898e-07,-1.95624e-06
-1.045898e-07,7.77306e-06
-1.044898e-07,2.20427e-05
-1.043898e-07,3.95555e-05
-1.042898e-07,5.77168e-05
-1.041898e-07,7.58782e-05
-1.040898e-07,9.14451e-05
-1.039898e-07,0.000103769
-1.038898e-07,0.000112201
-1.037898e-07,0.000118687
-1.036898e-07,0.000123227
-1.035898e-07,0.000128416
-1.034898e-07,0.000134903
-1.033898e-07,0.000143983
-1.032898e-07,0.000155658
-1.031898e-07,0.000170577
-1.030898e-07,0.000186792
-1.029898e-07,0.000204954
-1.028898e-07,0.000222466
-1.027898e-07,0.000238033
-1.026898e-07,0.000250357
-1.025898e-07,0.000258789
-1.024898e-07,0.000262681
-1.023898e-07,0.000262681
-1.022898e-07,0.000259438
-1.021898e-07,0.000254249
-1.020898e-07,0.000247763
-1.019898e-07,0.000241276
-1.018898e-07,0.000234141
-1.017898e-07,0.000227655
-1.016898e-07,0.000219872
-1.015898e-07,0.000210791
-1.014898e-07,0.000199765
-1.013898e-07,0.000184846
-1.012898e-07,0.000167982
-1.011898e-07,0.000147875
-1.010898e-07,0.000126471
-1.009898e-07,0.000104417
-1.008898e-07,8.3013e-05
-1.007898e-07,6.35544e-05
-1.006898e-07,4.79875e-05
-1.005898e-07,3.56637e-05
-1.004898e-07,2.78803e-05
-1.003898e-07,2.33399e-05
-1.002898e-07,2.13941e-05
-1.001898e-07,2.13941e-05
-1.000898e-07,2.07455e-05
-9.998977e-08,1.94482e-05
-9.988977e-08,1.68537e-05
-9.978977e-08,1.23134e-05
-9.968977e-08,7.12444e-06
-9.958977e-08,1.28686e-06
-9.948977e-08,-2.60486e-06
-9.938977e-08,-3.25348e-06
-9.928977e-08,-6.58998e-07
-9.918977e-08,5.17858e-06
-9.908977e-08,1.49079e-05
-9.898977e-08,2.85289e-05
-9.888977e-08,4.47444e-05
-9.878977e-08,6.16085e-05
-9.868977e-08,7.71754e-05
-9.858977e-08,9.14451e-05
-9.848977e-08,0.000102472
-9.838977e-08,0.000110904
-9.828977e-08,0.00011739
-9.818977e-08,0.000122579
-9.808977e-08,0.000127119
-9.798977e-08,0.000132308
-9.788977e-08,0.000137497
-9.778977e-08,0.000143983
-9.768977e-08,0.000150469
-9.758977e-08,0.000155658
-9.748977e-08,0.00015955
-9.738977e-08,0.000160199
-9.728977e-08,0.000158253
-9.718977e-08,0.000152415
-9.708977e-08,0.000143983
-9.698977e-08,0.000134903
-9.688977e-08,0.000126471
-9.678977e-08,0.000119336
-9.668977e-08,0.000115444
-9.658977e-08,0.000116741
-9.648977e-08,0.000122579
-9.638977e-08,0.000132957
-9.628977e-08,0.000145281
-9.618977e-08,0.00015955
-9.608977e-08,0.00017382
-9.598977e-08,0.000185495
-9.588977e-08,0.000193278
-9.578977e-08,0.000196522
-9.568977e-08,0.000195224
-9.558977e-08,0.000190035
-9.548977e-08,0.000181603
-9.538977e-08,0.000171874
-9.528977e-08,0.000161496
-9.518977e-08,0.000152415
-9.508977e-08,0.000143983
-9.498977e-08,0.000138146
-9.488977e-08,0.000132957
-9.478977e-08,0.000127768
-9.468977e-08,0.000122579
-9.458977e-08,0.000116741
-9.448977e-08,0.000109606
-9.438977e-08,0.000100526
-9.428977e-08,9.07964e-05
-9.418977e-08,8.10671e-05
-9.408977e-08,7.32837e-05
-9.398977e-08,6.67975e-05
-9.388977e-08,6.29058e-05
-9.378977e-08,6.35544e-05
-9.368977e-08,6.9392e-05
-9.358977e-08,7.97699e-05
-9.348977e-08,9.40395e-05
-9.338977e-08,0.000111552
-9.328977e-08,0.00013166
-9.318977e-08,0.000153064
-9.308977e-08,0.000175766
-9.298977e-08,0.000197819
-9.288977e-08,0.000219872
-9.278977e-08,0.00023933
-9.268977e-08,0.000256843
-9.258977e-08,0.000271113
-9.248977e-08,0.000281491
-9.238977e-08,0.000287977
-9.228977e-08,0.000288626
-9.218977e-08,0.000285382
-9.208977e-08,0.00027695
-9.198977e-08,0.000263329
-9.188977e-08,0.000246465
-9.178977e-08,0.000226358
-9.168977e-08,0.000205602
-9.158977e-08,0.000185495
-9.148977e-08,0.000167982
-9.138977e-08,0.000153713
-9.128977e-08,0.000142037
-9.118977e-08,0.000132957
-9.108977e-08,0.000126471
-9.098977e-08,0.000120633
-9.088977e-08,0.000114795
-9.078977e-08,0.000107661
-9.068977e-08,9.92285e-05
-9.058977e-08,8.88506e-05
-9.048977e-08,7.7824e-05
-9.038977e-08,6.61489e-05
-9.028977e-08,5.64196e-05
-9.018977e-08,4.86361e-05
-9.008977e-08,4.5393e-05
-8.998977e-08,4.73389e-05
-8.988977e-08,5.44737e-05
-8.978977e-08,6.67975e-05
-8.968977e-08,8.3013e-05
-8.958977e-08,0.000101174
-8.948977e-08,0.000119984
-8.938977e-08,0.000137497
-8.928977e-08,0.000153064
-8.918977e-08,0.000165388
-8.908977e-08,0.00017382
-8.898977e-08,0.000179657
-8.888977e-08,0.000182252
-8.878977e-08,0.000182901
-8.868977e-08,0.000182901
-8.858977e-08,0.000182901
-8.848977e-08,0.000183549
-8.838977e-08,0.000184846
-8.828977e-08,0.000186792
-8.818977e-08,0.000189387
-8.808977e-08,0.000191981
-8.798977e-08,0.000193927
-8.788977e-08,0.000195224
-8.778977e-08,0.000195873
-8.768977e-08,0.00019717
-8.758977e-08,0.000198467
-8.748977e-08,0.000200413
-8.738977e-08,0.000203008
-8.728977e-08,0.000206251
-8.718977e-08,0.000209494
-8.708977e-08,0.000210791
-8.698977e-08,0.00021144
-8.688977e-08,0.000210143
-8.678977e-08,0.000206899
-8.668977e-08,0.000200413
-8.658977e-08,0.000191981
-8.648977e-08,0.000181603
-8.638977e-08,0.000170577
-8.628977e-08,0.000160847
-8.618977e-08,0.000153713
-8.608977e-08,0.000149821
-8.598977e-08,0.000149821
-8.588977e-08,0.000154361
-8.578977e-08,0.000162793
-8.568977e-08,0.00017382
-8.558977e-08,0.000186144
-8.548977e-08,0.000198467
-8.538977e-08,0.000207548
-8.528977e-08,0.000212737
-8.518977e-08,0.000212088
-8.508977e-08,0.000205602
-8.498977e-08,0.00019263
-8.488977e-08,0.000175117
-8.478977e-08,0.000153713
-8.468977e-08,0.000130362
-8.458977e-08,0.000107012
-8.448977e-08,8.43102e-05
-8.438977e-08,6.48516e-05
-8.428977e-08,4.92848e-05
-8.418977e-08,3.82582e-05
-8.408977e-08,3.04748e-05
-8.398977e-08,2.59344e-05
-8.388977e-08,2.52858e-05
-8.378977e-08,2.6583e-05
-8.368977e-08,3.04748e-05
-8.358977e-08,3.50151e-05
-8.348977e-08,4.08527e-05
-8.338977e-08,4.73389e-05
-8.328977e-08,5.44737e-05
-8.318977e-08,6.09599e-05
-8.308977e-08,6.74461e-05
-8.298977e-08,7.39323e-05
-8.288977e-08,7.91213e-05
-8.278977e-08,8.3013e-05
-8.268977e-08,8.56075e-05
-8.258977e-08,8.69047e-05
-8.248977e-08,8.69047e-05
-8.238977e-08,8.56075e-05
-8.228977e-08,8.36616e-05
-8.218977e-08,8.23644e-05
-8.208977e-08,8.10671e-05
-8.198977e-08,8.10671e-05
-8.188977e-08,8.17158e-05
-8.178977e-08,8.43102e-05
-8.168977e-08,8.8202e-05
-8.158977e-08,9.27423e-05
-8.148977e-08,9.79313e-05
-8.138977e-08,0.000103769
-8.128977e-08,0.000108958
-8.118977e-08,0.000113498
-8.108977e-08,0.000118038
-8.098977e-08,0.000122579
-8.088977e-08,0.000127119
-8.078977e-08,0.00013166
-8.068977e-08,0.000136848
-8.058977e-08,0.000142686
-8.048977e-08,0.000148524
-8.038977e-08,0.000153713
-8.028977e-08,0.000158253
-8.018977e-08,0.000162145
-8.008977e-08,0.000164739
-7.998977e-08,0.000164739
-7.988977e-08,0.000164091
-7.978977e-08,0.000161496
-7.968977e-08,0.000158253
-7.958977e-08,0.000154361
-7.948977e-08,0.000149821
-7.938977e-08,0.000146578
-7.928977e-08,0.000142037
-7.918977e-08,0.000136848
-7.908977e-08,0.000129714
-7.898977e-08,0.000120633
-7.888977e-08,0.000108309
-7.878977e-08,9.33909e-05
-7.868977e-08,7.52296e-05
-7.858977e-08,5.5771e-05
-7.848977e-08,3.43665e-05
-7.838977e-08,1.36106e-05
-7.828977e-08,-5.84796e-06
-7.818977e-08,-2.20635e-05
-7.808977e-08,-3.309e-05
-7.798977e-08,-3.89276e-05
-7.788977e-08,-3.95762e-05
-7.778977e-08,-3.43872e-05
-7.768977e-08,-2.46579e-05
-7.758977e-08,-1.10369e-05
-7.748977e-08,3.88134e-06
-7.738977e-08,2.00968e-05
-7.728977e-08,3.63124e-05
-7.718977e-08,5.12306e-05
-7.708977e-08,6.4203e-05
-7.698977e-08,7.65268e-05
-7.688977e-08,8.69047e-05
-7.678977e-08,9.6634e-05
-7.668977e-08,0.000105715
-7.658977e-08,0.000115444
-7.648977e-08,0.000125822
-7.638977e-08,0.000136848
-7.628977e-08,0.000147875
-7.618977e-08,0.00015955
-7.608977e-08,0.000169279
-7.598977e-08,0.000177712
-7.588977e-08,0.000182901
-7.578977e-08,0.000185495
-7.568977e-08,0.000184846
-7.558977e-08,0.000180955
-7.548977e-08,0.000173171
-7.538977e-08,0.000162145
-7.528977e-08,0.000147875
-7.518977e-08,0.000130362
-7.508977e-08,0.000110904
-7.498977e-08,8.94992e-05
-7.488977e-08,6.74461e-05
-7.478977e-08,4.5393e-05
-7.468977e-08,2.46372e-05
-7.458977e-08,5.8272e-06
-7.448977e-08,-9.09106e-06
-7.438977e-08,-2.07662e-05
-7.428977e-08,-2.72524e-05
-7.418977e-08,-2.7901e-05
-7.408977e-08,-2.33607e-05
-7.398977e-08,-1.49286e-05
-7.388977e-08,-1.95624e-06
-7.378977e-08,1.36106e-05
-7.368977e-08,2.98261e-05
-7.358977e-08,4.60417e-05
-7.348977e-08,6.03113e-05
-7.338977e-08,7.26351e-05
-7.328977e-08,8.3013e-05
-7.318977e-08,9.14451e-05
-7.308977e-08,9.92285e-05
-7.298977e-08,0.000107661
-7.288977e-08,0.000116741
-7.278977e-08,0.000127768
-7.268977e-08,0.00014074
-7.258977e-08,0.000158253
-7.248977e-08,0.000177712
-7.238977e-08,0.000198467
-7.228977e-08,0.000219872
-7.218977e-08,0.00023933
-7.208977e-08,0.000255546
-7.198977e-08,0.000267221
-7.188977e-08,0.000274356
-7.178977e-08,0.000275653
-7.168977e-08,0.000271761
-7.158977e-08,0.000262032
-7.148977e-08,0.000247114
-7.138977e-08,0.000227655
-7.128977e-08,0.000203656
-7.118977e-08,0.000175766
-7.108977e-08,0.000143335
-7.098977e-08,0.000108309
-7.088977e-08,7.06892e-05
-7.078977e-08,3.1772e-05
-7.068977e-08,-7.1452e-06
-7.058977e-08,-4.34679e-05
-7.048977e-08,-7.71962e-05
-7.038977e-08,-0.000107681
-7.028977e-08,-0.000132978
-7.018977e-08,-0.000151787
-7.008977e-08,-0.000164111
-6.998977e-08,-0.000170597
-6.988977e-08,-0.000171895
-6.978977e-08,-0.000168652
-6.968977e-08,-0.000162165
-6.958977e-08,-0.000154382
-6.948977e-08,-0.000145301
-6.938977e-08,-0.000136221
-6.928977e-08,-0.00012714
-6.918977e-08,-0.000118059
-6.908977e-08,-0.000110276
-6.898977e-08,-0.000101195
-6.888977e-08,-9.21144e-05
-6.878977e-08,-8.23851e-05
-6.868977e-08,-7.33045e-05
-6.858977e-08,-6.29265e-05
-6.848977e-08,-5.19e-05
-6.838977e-08,-4.15221e-05
-6.828977e-08,-3.17928e-05
-6.818977e-08,-2.07662e-05
-6.808977e-08,-9.73968e-06
-6.798977e-08,2.5841e-06
-6.788977e-08,1.55565e-05
-6.778977e-08,3.11234e-05
-6.768977e-08,4.92848e-05
-6.758977e-08,7.00406e-05
-6.748977e-08,9.27423e-05
-6.738977e-08,0.000116741
-6.728977e-08,0.000140092
-6.718977e-08,0.000160847
-6.708977e-08,0.000177063
-6.698977e-08,0.000188089
-6.688977e-08,0.00019263
-6.678977e-08,0.000190684
-6.668977e-08,0.000182901
-6.658977e-08,0.000171225
-6.648977e-08,0.000156307
-6.638977e-08,0.000140092
-6.628977e-08,0.000123876
-6.618977e-08,0.000110255
-6.608977e-08,0.000100526
-6.598977e-08,9.46882e-05
-6.588977e-08,9.33909e-05
-6.578977e-08,9.59854e-05
-6.568977e-08,0.000100526
-6.558977e-08,0.000107012
-6.548977e-08,0.00011285
-6.538977e-08,0.000116741
-6.528977e-08,0.000118038
-6.518977e-08,0.00011739
-6.508977e-08,0.000114147
-6.498977e-08,0.000110255
-6.488977e-08,0.000105066
-6.478977e-08,9.92285e-05
-6.468977e-08,9.33909e-05
-6.458977e-08,8.8202e-05
-6.448977e-08,8.36616e-05
-6.438977e-08,8.04185e-05
-6.428977e-08,7.65268e-05
-6.418977e-08,7.32837e-05
-6.408977e-08,6.9392e-05
-6.398977e-08,6.55003e-05
-6.388977e-08,6.09599e-05
-6.378977e-08,5.77168e-05
-6.368977e-08,5.51223e-05
-6.358977e-08,5.44737e-05
-6.348977e-08,5.64196e-05
-6.338977e-08,6.03113e-05
-6.328977e-08,6.61489e-05
-6.318977e-08,7.32837e-05
-6.308977e-08,8.10671e-05
-6.298977e-08,8.88506e-05
-6.288977e-08,9.59854e-05
-6.278977e-08,0.000101174
-6.268977e-08,0.000105715
-6.258977e-08,0.000108958
-6.248977e-08,0.000110904
-6.238977e-08,0.000112201
-6.228977e-08,0.000114147
-6.218977e-08,0.000116741
-6.208977e-08,0.000121282
-6.198977e-08,0.000126471
-6.188977e-08,0.000132957
-6.178977e-08,0.000140092
-6.168977e-08,0.000147226
-6.158977e-08,0.000152415
-6.148977e-08,0.000156307
-6.138977e-08,0.000158253
-6.128977e-08,0.000157604
-6.118977e-08,0.00015501
-6.108977e-08,0.000151118
-6.098977e-08,0.000146578
-6.088977e-08,0.000142037
-6.078977e-08,0.000138794
-6.068977e-08,0.000136848
-6.058977e-08,0.000137497
-6.048977e-08,0.000140092
-6.038977e-08,0.000143983
-6.028977e-08,0.000148524
-6.018977e-08,0.00015501
-6.008977e-08,0.000162793
-5.998977e-08,0.000171225
-5.988977e-08,0.000179009
-5.978977e-08,0.000188089
-5.968977e-08,0.000197819
-5.958977e-08,0.000206899
-5.948977e-08,0.00021598
-5.938977e-08,0.000223115
-5.928977e-08,0.000228304
-5.918977e-08,0.000228953
-5.908977e-08,0.000225709
-5.898977e-08,0.000217277
-5.888977e-08,0.000203656
-5.878977e-08,0.000184198
-5.868977e-08,0.000161496
-5.858977e-08,0.000136848
-5.848977e-08,0.000111552
-5.838977e-08,8.75533e-05
-5.828977e-08,6.67975e-05
-5.818977e-08,5.12306e-05
-5.808977e-08,4.15013e-05
-5.798977e-08,3.6961e-05
-5.788977e-08,3.82582e-05
-5.778977e-08,4.47444e-05
-5.768977e-08,5.51223e-05
-5.758977e-08,6.80947e-05
-5.748977e-08,8.23644e-05
-5.738977e-08,9.6634e-05
-5.728977e-08,0.000109606
-5.718977e-08,0.00012193
-5.708977e-08,0.000132957
-5.698977e-08,0.000143983
-5.688977e-08,0.000153713
-5.678977e-08,0.000163442
-5.668977e-08,0.000172523
-5.658977e-08,0.000180955
-5.648977e-08,0.000188089
-5.638977e-08,0.000191981
-5.628977e-08,0.000191981
-5.618977e-08,0.000188738
-5.608977e-08,0.000180955
-5.598977e-08,0.000168631
-5.588977e-08,0.000152415
-5.578977e-08,0.000132308
-5.568977e-08,0.000110904
-5.558977e-08,8.94992e-05
-5.548977e-08,7.00406e-05
-5.538977e-08,5.44737e-05
-5.528977e-08,4.21499e-05
-5.518977e-08,3.43665e-05
-5.508977e-08,3.11234e-05
-5.498977e-08,3.24206e-05
-5.488977e-08,3.76096e-05
-5.478977e-08,4.60417e-05
-5.468977e-08,5.64196e-05
-5.458977e-08,6.87434e-05
-5.448977e-08,8.3013e-05
-5.438977e-08,9.85799e-05
-5.428977e-08,0.000113498
-5.418977e-08,0.000128416
-5.408977e-08,0.000142037
-5.398977e-08,0.00015501
-5.388977e-08,0.000166036
-5.378977e-08,0.000175117
-5.368977e-08,0.000182252
-5.358977e-08,0.000186144
-5.348977e-08,0.000187441
-5.338977e-08,0.000185495
-5.328977e-08,0.000180955
-5.318977e-08,0.000175117
-5.308977e-08,0.000168631
-5.298977e-08,0.000162793
-5.288977e-08,0.000157604
-5.278977e-08,0.000153713
-5.268977e-08,0.000150469
-5.258977e-08,0.000149172
-5.248977e-08,0.000148524
-5.238977e-08,0.000147226
-5.228977e-08,0.000145281
-5.218977e-08,0.000141389
-5.208977e-08,0.0001362
-5.198977e-08,0.000129065
-5.188977e-08,0.000120633
-5.178977e-08,0.000112201
-5.168977e-08,0.000103769
-5.158977e-08,9.72826e-05
-5.148977e-08,9.20937e-05
-5.138977e-08,8.88506e-05
-5.128977e-08,8.62561e-05
-5.118977e-08,8.43102e-05
-5.108977e-08,8.10671e-05
-5.098977e-08,7.52296e-05
-5.088977e-08,6.74461e-05
-5.078977e-08,5.64196e-05
-5.068977e-08,4.27986e-05
-5.058977e-08,2.78803e-05
-5.048977e-08,1.2962e-05
-5.038977e-08,-6.58998e-07
-5.028977e-08,-1.16855e-05
-5.018977e-08,-1.88204e-05
-5.008977e-08,-2.07662e-05
-4.998977e-08,-1.75231e-05
-4.988977e-08,-9.73968e-06
-4.978977e-08,3.23272e-06
-4.968977e-08,1.87996e-05
-4.958977e-08,3.6961e-05
-4.948977e-08,5.51223e-05
-4.938977e-08,7.39323e-05
-4.928977e-08,9.27423e-05
-4.918977e-08,0.000110255
-4.908977e-08,0.000127768
-4.898977e-08,0.000143983
-4.888977e-08,0.000158253
-4.878977e-08,0.000171874
-4.868977e-08,0.000184198
-4.858977e-08,0.000194576
-4.848977e-08,0.000203656
-4.838977e-08,0.000210791
-4.828977e-08,0.000216629
-4.818977e-08,0.000221818
-4.808977e-08,0.000227655
-4.798977e-08,0.000233493
-4.788977e-08,0.000241925
-4.778977e-08,0.000251654
-4.768977e-08,0.000263978
-4.758977e-08,0.00027695
-4.748977e-08,0.000288626
-4.738977e-08,0.000297706
-4.728977e-08,0.000301598
-4.718977e-08,0.000298355
-4.708977e-08,0.000287328
-4.698977e-08,0.00026787
-4.688977e-08,0.000240628
-4.678977e-08,0.000207548
-4.668977e-08,0.000170577
-4.658977e-08,0.000133605
-4.648977e-08,9.92285e-05
-4.638977e-08,6.87434e-05
-4.628977e-08,4.60417e-05
-4.618977e-08,3.1772e-05
-4.608977e-08,2.59344e-05
-4.598977e-08,2.6583e-05
-4.588977e-08,3.30692e-05
-4.578977e-08,4.27986e-05
-4.568977e-08,5.31765e-05
-4.558977e-08,6.22572e-05
-4.548977e-08,7.00406e-05
-4.538977e-08,7.52296e-05
-4.528977e-08,7.91213e-05
-4.518977e-08,8.17158e-05
-4.508977e-08,8.56075e-05
-4.498977e-08,9.20937e-05
-4.488977e-08,0.000101823
-4.478977e-08,0.000114795
-4.468977e-08,0.000131011
-4.458977e-08,0.000150469
-4.448977e-08,0.000171225
-4.438977e-08,0.000191333
-4.428977e-08,0.000209494
-4.418977e-08,0.000225709
-4.408977e-08,0.000237385
-4.398977e-08,0.000243871
-4.388977e-08,0.000245168
-4.378977e-08,0.000242574
-4.368977e-08,0.000236736
-4.358977e-08,0.000227007
-4.348977e-08,0.000214683
-4.338977e-08,0.00020171
-4.328977e-08,0.000186144
-4.318977e-08,0.000169928
-4.308977e-08,0.000153064
-4.298977e-08,0.000135551
-4.288977e-08,0.000119984
-4.278977e-08,0.000105715
-4.268977e-08,9.40395e-05
-4.258977e-08,8.62561e-05
-4.248977e-08,8.36616e-05
-4.238977e-08,8.56075e-05
-4.228977e-08,9.14451e-05
-4.218977e-08,0.000102472
-4.208977e-08,0.000115444
-4.198977e-08,0.000130362
-4.188977e-08,0.000145929
-4.178977e-08,0.00015955
-4.168977e-08,0.000169279
-4.158977e-08,0.00017382
-4.148977e-08,0.000173171
-4.138977e-08,0.000167982
-4.128977e-08,0.00015955
-4.118977e-08,0.000148524
-4.108977e-08,0.000138146
-4.098977e-08,0.000129065
-4.088977e-08,0.00012193
-4.078977e-08,0.000118038
-4.068977e-08,0.000116093
-4.058977e-08,0.000116741
-4.048977e-08,0.00011739
-4.038977e-08,0.000118038
-4.028977e-08,0.000116741
-4.018977e-08,0.000114147
-4.008977e-08,0.000108958
-3.998977e-08,0.000102472
-3.988977e-08,9.53368e-05
-3.978977e-08,8.8202e-05
-3.968977e-08,8.3013e-05
-3.958977e-08,8.10671e-05
-3.948977e-08,8.3013e-05
-3.938977e-08,8.94992e-05
-3.928977e-08,9.92285e-05
-3.918977e-08,0.000110255
-3.908977e-08,0.000121282
-3.898977e-08,0.000132308
-3.888977e-08,0.00014074
-3.878977e-08,0.000146578
-3.868977e-08,0.000149172
-3.858977e-08,0.000148524
-3.848977e-08,0.000145281
-3.838977e-08,0.00014074
-3.828977e-08,0.000135551
-3.818977e-08,0.000130362
-3.808977e-08,0.000126471
-3.798977e-08,0.000123227
-3.788977e-08,0.000121282
-3.778977e-08,0.000118687
-3.768977e-08,0.000115444
-3.758977e-08,0.000110255
-3.748977e-08,0.000102472
-3.738977e-08,9.14451e-05
-3.728977e-08,7.7824e-05
-3.718977e-08,6.03113e-05
-3.708977e-08,4.08527e-05
-3.698977e-08,2.07455e-05
-3.688977e-08,-1.03779e-08
-3.678977e-08,-2.01176e-05
-3.668977e-08,-3.76303e-05
-3.658977e-08,-5.25486e-05
-3.648977e-08,-6.35752e-05
-3.638977e-08,-7.00614e-05
-3.628977e-08,-7.071e-05
-3.618977e-08,-6.5521e-05
-3.608977e-08,-5.44945e-05
-3.598977e-08,-3.76303e-05
-3.588977e-08,-1.49286e-05
-3.578977e-08,1.2962e-05
-3.568977e-08,4.5393e-05
-3.558977e-08,8.10671e-05
-3.548977e-08,0.00011739
-3.538977e-08,0.000153713
-3.528977e-08,0.000186792
-3.518977e-08,0.000214034
-3.508977e-08,0.000234141
-3.498977e-08,0.000244519
-3.488977e-08,0.000245168
-3.478977e-08,0.000235439
-3.468977e-08,0.000216629
-3.458977e-08,0.000190035
-3.448977e-08,0.000158253
-3.438977e-08,0.000123876
-3.428977e-08,8.88506e-05
-3.418977e-08,5.70682e-05
-3.408977e-08,3.04748e-05
-3.398977e-08,1.10162e-05
-3.388977e-08,-6.58998e-07
-3.378977e-08,-5.19934e-06
-3.368977e-08,-1.95624e-06
-3.358977e-08,7.12444e-06
-3.348977e-08,2.20427e-05
-3.338977e-08,4.15013e-05
-3.328977e-08,6.29058e-05
-3.318977e-08,8.56075e-05
-3.308977e-08,0.000108958
-3.298977e-08,0.000131011
-3.288977e-08,0.000151767
-3.278977e-08,0.000169928
-3.268977e-08,0.000184198
-3.258977e-08,0.000194576
-3.248977e-08,0.000199765
-3.238977e-08,0.000199116
-3.228977e-08,0.00019263
-3.218977e-08,0.000180955
-3.208977e-08,0.000163442
-3.198977e-08,0.00014074
-3.188977e-08,0.000115444
-3.178977e-08,8.8202e-05
-3.168977e-08,6.29058e-05
-3.158977e-08,3.95555e-05
-3.148977e-08,2.07455e-05
-3.138977e-08,7.12444e-06
-3.128977e-08,-1.03779e-08
-3.118977e-08,-1.30762e-06
-3.108977e-08,3.88134e-06
-3.098977e-08,1.55565e-05
-3.088977e-08,3.1772e-05
-3.078977e-08,5.18792e-05
-3.068977e-08,7.52296e-05
-3.058977e-08,0.000101823
-3.048977e-08,0.000129714
-3.038977e-08,0.00015955
-3.028977e-08,0.000189387
-3.018977e-08,0.000218575
-3.008977e-08,0.000246465
-2.998977e-08,0.000270464
-2.988977e-08,0.000288626
-2.978977e-08,0.000300949
-2.968977e-08,0.000306787
-2.958977e-08,0.000304192
-2.948977e-08,0.000295112
-2.938977e-08,0.000279545
-2.928977e-08,0.000260735
-2.918977e-08,0.00023933
-2.908977e-08,0.000217277
-2.898977e-08,0.000196522
-2.888977e-08,0.00017836
-2.878977e-08,0.000162793
-2.868977e-08,0.000151118
-2.858977e-08,0.000142037
-2.848977e-08,0.0001362
-2.838977e-08,0.000131011
-2.828977e-08,0.000126471
-2.818977e-08,0.000121282
-2.808977e-08,0.000116093
-2.798977e-08,0.000110255
-2.788977e-08,0.000105066
-2.778977e-08,9.98771e-05
-2.768977e-08,9.46882e-05
-2.758977e-08,9.01478e-05
-2.748977e-08,8.56075e-05
-2.738977e-08,8.10671e-05
-2.728977e-08,7.71754e-05
-2.718977e-08,7.13378e-05
-2.708977e-08,6.48516e-05
-2.698977e-08,5.77168e-05
-2.688977e-08,4.99334e-05
-2.678977e-08,4.21499e-05
-2.668977e-08,3.50151e-05
-2.658977e-08,3.04748e-05
-2.648977e-08,2.91775e-05
-2.638977e-08,3.1772e-05
-2.628977e-08,3.89068e-05
-2.618977e-08,4.99334e-05
-2.608977e-08,6.55003e-05
-2.598977e-08,8.36616e-05
-2.588977e-08,0.000102472
-2.578977e-08,0.000120633
-2.568977e-08,0.000137497
-2.558977e-08,0.000150469
-2.548977e-08,0.000160847
-2.538977e-08,0.000168631
-2.528977e-08,0.00017382
-2.518977e-08,0.000177712
-2.508977e-08,0.000181603
-2.498977e-08,0.000185495
-2.488977e-08,0.000191333
-2.478977e-08,0.000198467
-2.468977e-08,0.000207548
-2.458977e-08,0.000217926
-2.448977e-08,0.000229601
-2.438977e-08,0.000242574
-2.428977e-08,0.000255546
-2.418977e-08,0.000269167
-2.408977e-08,0.000282788
-2.398977e-08,0.000297058
-2.388977e-08,0.00031003
-2.378977e-08,0.000323002
-2.368977e-08,0.000335326
-2.358977e-08,0.000346353
-2.348977e-08,0.000354785
-2.338977e-08,0.000360622
-2.328977e-08,0.000363217
-2.318977e-08,0.000360622
-2.308977e-08,0.000353488
-2.298977e-08,0.000340515
-2.288977e-08,0.000323651
-2.278977e-08,0.000302895
-2.268977e-08,0.000280194
-2.258977e-08,0.000256843
-2.248977e-08,0.00023479
-2.238977e-08,0.000214034
-2.228977e-08,0.000195873
-2.218977e-08,0.000182252
-2.208977e-08,0.000172523
-2.198977e-08,0.000166036
-2.188977e-08,0.000160847
-2.178977e-08,0.000155658
-2.168977e-08,0.000150469
-2.158977e-08,0.000143983
-2.148977e-08,0.000134903
-2.138977e-08,0.000123876
-2.128977e-08,0.000110255
-2.118977e-08,9.59854e-05
-2.108977e-08,8.17158e-05
-2.098977e-08,6.80947e-05
-2.088977e-08,5.64196e-05
-2.078977e-08,4.66903e-05
-2.068977e-08,3.82582e-05
-2.058977e-08,3.1772e-05
-2.048977e-08,2.6583e-05
-2.038977e-08,2.20427e-05
-2.028977e-08,1.68537e-05
-2.018977e-08,1.2962e-05
-2.008977e-08,9.0703e-06
-1.998977e-08,5.17858e-06
-1.988977e-08,2.5841e-06
-1.978977e-08,1.93548e-06
-1.968977e-08,3.23272e-06
-1.958977e-08,7.12444e-06
-1.948977e-08,1.36106e-05
-1.938977e-08,2.13941e-05
-1.928977e-08,2.98261e-05
-1.918977e-08,3.82582e-05
-1.908977e-08,4.60417e-05
-1.898977e-08,5.25279e-05
-1.888977e-08,5.77168e-05
-1.878977e-08,6.16085e-05
-1.868977e-08,6.48516e-05
-1.858977e-08,6.9392e-05
-1.848977e-08,7.65268e-05
-1.838977e-08,8.69047e-05
-1.828977e-08,0.000101174
-1.818977e-08,0.000119984
-1.808977e-08,0.000142037
-1.798977e-08,0.000166036
-1.788977e-08,0.000191333
-1.778977e-08,0.000214683
-1.768977e-08,0.00023479
-1.758977e-08,0.000250357
-1.748977e-08,0.000258789
-1.738977e-08,0.000260735
-1.728977e-08,0.000256843
-1.718977e-08,0.000247114
-1.708977e-08,0.00023479
-1.698977e-08,0.00022052
-1.688977e-08,0.000206251
-1.678977e-08,0.00019263
-1.668977e-08,0.000181603
-1.658977e-08,0.000173171
-1.648977e-08,0.000166685
-1.638977e-08,0.000162793
-1.628977e-08,0.00015955
-1.618977e-08,0.000156956
-1.608977e-08,0.00015501
-1.598977e-08,0.000153064
-1.588977e-08,0.000150469
-1.578977e-08,0.000147875
-1.568977e-08,0.000145929
-1.558977e-08,0.000143335
-1.548977e-08,0.000141389
-1.538977e-08,0.000140092
-1.528977e-08,0.000138794
-1.518977e-08,0.000136848
-1.508977e-08,0.000134254
-1.498977e-08,0.000131011
-1.488977e-08,0.000127119
-1.478977e-08,0.00012193
-1.468977e-08,0.000116741
-1.458977e-08,0.000112201
-1.448977e-08,0.000108958
-1.438977e-08,0.000107661
-1.428977e-08,0.000108958
-1.418977e-08,0.00011285
-1.408977e-08,0.000118687
-1.398977e-08,0.000127119
-1.388977e-08,0.000136848
-1.378977e-08,0.000147875
-1.368977e-08,0.000158902
-1.358977e-08,0.000169928
-1.348977e-08,0.000179009
-1.338977e-08,0.000186792
-1.328977e-08,0.000194576
-1.318977e-08,0.000201062
-1.308977e-08,0.000206251
-1.298977e-08,0.000210791
-1.288977e-08,0.000214034
-1.278977e-08,0.000215332
-1.268977e-08,0.000213386
-1.258977e-08,0.000208845
-1.248977e-08,0.000201062
-1.238977e-08,0.000188738
-1.228977e-08,0.000171225
-1.218977e-08,0.000151118
-1.208977e-08,0.000129065
-1.198977e-08,0.000107012
-1.188977e-08,8.69047e-05
-1.178977e-08,7.00406e-05
-1.168977e-08,5.83654e-05
-1.158977e-08,5.18792e-05
-1.148977e-08,5.12306e-05
-1.138977e-08,5.70682e-05
-1.128977e-08,6.74461e-05
-1.118977e-08,7.91213e-05
-1.108977e-08,9.14451e-05
-1.098977e-08,0.000101823
-1.088977e-08,0.000110255
-1.078977e-08,0.000115444
-1.068977e-08,0.000118038
-1.058977e-08,0.000118687
-1.048977e-08,0.000118038
-1.038977e-08,0.000118038
-1.028977e-08,0.000119984
-1.018977e-08,0.000124525
-1.008977e-08,0.000132308
-9.989769e-09,0.000142686
-9.889769e-09,0.000154361
-9.789769e-09,0.000166685
-9.689769e-09,0.00017836
-9.589769e-09,0.000188089
-9.489769e-09,0.000195224
-9.389769e-09,0.000199116
-9.289769e-09,0.000201062
-9.189769e-09,0.000201062
-9.089769e-09,0.000200413
-8.989769e-09,0.000202359
-8.889769e-09,0.000206899
-8.789769e-09,0.000214683
-8.689769e-09,0.000225709
-8.589769e-09,0.000238682
-8.489769e-09,0.000252303
-8.389769e-09,0.000265924
-8.289769e-09,0.00027695
-8.189769e-09,0.000284734
-8.089769e-09,0.000287977
-7.989769e-09,0.000286031
-7.889769e-09,0.000280194
-7.789769e-09,0.000270464
-7.689769e-09,0.000258789
-7.589769e-09,0.000247114
-7.489769e-09,0.000236736
-7.389769e-09,0.00023025
-7.289769e-09,0.000227007
-7.189769e-09,0.000226358
-7.089769e-09,0.000228304
-6.989769e-09,0.00023025
-6.889769e-09,0.000231547
-6.789769e-09,0.000230898
-6.689769e-09,0.000226358
-6.589769e-09,0.000218575
-6.489769e-09,0.000207548
-6.389769e-09,0.00019263
-6.289769e-09,0.000175117
-6.189769e-09,0.000155658
-6.089769e-09,0.0001362
-5.989769e-09,0.00011739
-5.889769e-09,9.98771e-05
-5.789769e-09,8.36616e-05
-5.689769e-09,6.87434e-05
-5.589769e-09,5.44737e-05
-5.489769e-09,4.15013e-05
-5.389769e-09,2.91775e-05
-5.289769e-09,1.8151e-05
-5.189769e-09,8.42168e-06
-5.089769e-09,1.93548e-06
-4.989769e-09,-6.58998e-07
-4.889769e-09,-1.03779e-08
-4.789769e-09,3.23272e-06
-4.689769e-09,9.71892e-06
-4.589769e-09,1.94482e-05
-4.489769e-09,2.91775e-05
-4.389769e-09,3.89068e-05
-4.289769e-09,4.66903e-05
-4.189769e-09,5.25279e-05
-4.089769e-09,5.5771e-05
-3.989769e-09,5.64196e-05
-3.889769e-09,5.44737e-05
-3.789769e-09,5.12306e-05
-3.689769e-09,4.79875e-05
-3.589769e-09,4.5393e-05
-3.489769e-09,4.47444e-05
-3.389769e-09,4.60417e-05
-3.289769e-09,4.92848e-05
-3.189769e-09,5.25279e-05
-3.089769e-09,5.51223e-05
-2.989769e-09,5.64196e-05
-2.889769e-09,5.5771e-05
-2.789769e-09,5.12306e-05
-2.689769e-09,4.40958e-05
-2.589769e-09,3.43665e-05
-2.489769e-09,2.33399e-05
-2.389769e-09,1.10162e-05
-2.289769e-09,-1.30762e-06
-2.189769e-09,-1.29828e-05
-2.089769e-09,-2.40093e-05
-1.989769e-09,-3.63331e-05
-1.889769e-09,-4.99541e-05
-1.789769e-09,-6.74669e-05
-1.689769e-09,-9.08172e-05
-1.589769e-09,-0.000121951
-1.489769e-09,-0.000162165
-1.389769e-09,-0.000212109
-1.289769e-09,-0.000273728
-1.189769e-09,-0.000346374
-1.089769e-09,-0.000430046
-9.897686e-10,-0.000524744
-8.897686e-10,-0.000629821
-7.897686e-10,-0.000744626
-6.897686e-10,-0.00086981
-5.897686e-10,-0.00100472
-4.897686e-10,-0.00114872
-3.897686e-10,-0.00130309
-2.897686e-10,-0.00146784
-1.897686e-10,-0.00164232
-8.976859e-11,-0.00182782
1.023141e-11,-0.00202306
1.102314e-10,-0.00222672
2.102314e-10,-0.00243947
3.102314e-10,-0.00266
4.102314e-10,-0.00288832
5.102314e-10,-0.00312182
6.102314e-10,-0.00336051
7.102314e-10,-0.0036018
8.102314e-10,-0.00384633
9.102314e-10,-0.00409215
1.010231e-09,-0.00433798
1.110231e-09,-0.00458121
1.210231e-09,-0.00481991
1.310231e-09,-0.00505211
1.410231e-09,-0.00527524
1.510231e-09,-0.00548734
1.610231e-09,-0.00568646
1.710231e-09,-0.00587197
1.810231e-09,-0.00604191
1.910231e-09,-0.00619758
2.010231e-09,-0.00633898
2.110231e-09,-0.0064674
2.210231e-09,-0.00658415
2.310231e-09,-0.00669053
2.410231e-09,-0.00678652
2.510231e-09,-0.00687279
2.610231e-09,-0.00694803
2.710231e-09,-0.00701095
2.810231e-09,-0.00706219
2.910231e-09,-0.00710046
3.010231e-09,-0.00712316
3.110231e-09,-0.00712964
3.210231e-09,-0.00711927
3.310231e-09,-0.00709462
3.410231e-09,-0.00705505
3.510231e-09,-0.00700251
3.610231e-09,-0.0069396
3.710231e-09,-0.00686695
3.810231e-09,-0.00678652
3.910231e-09,-0.00669961
4.010231e-09,-0.0066075
4.110231e-09,-0.00651216
4.210231e-09,-0.00641422
4.310231e-09,-0.00631498
4.410231e-09,-0.00621444
4.510231e-09,-0.0061139
4.610231e-09,-0.00601467
4.710231e-09,-0.00591802
4.810231e-09,-0.00582592
4.910231e-09,-0.005739
5.010231e-09,-0.00565857
5.110231e-09,-0.00558398
5.210231e-09,-0.00551523
5.310231e-09,-0.00545166
5.410231e-09,-0.00539199
5.510231e-09,-0.00533426
5.610231e-09,-0.00527783
5.710231e-09,-0.0052227
5.810231e-09,-0.00516822
5.910231e-09,-0.00511438
6.010231e-09,-0.00506314
6.110231e-09,-0.00501514
6.210231e-09,-0.00497104
6.310231e-09,-0.00493082
6.410231e-09,-0.00489515
6.510231e-09,-0.00486272
6.610231e-09,-0.00483288
6.710231e-09,-0.00480434
6.810231e-09,-0.00477385
6.910231e-09,-0.00474013
7.010231e-09,-0.00470056
7.110231e-09,-0.00465516
7.210231e-09,-0.00460262
7.310231e-09,-0.0045423
7.410231e-09,-0.00447549
7.510231e-09,-0.00440155
7.610231e-09,-0.00432112
7.710231e-09,-0.0042368
7.810231e-09,-0.00414729
7.910231e-09,-0.00405453
8.010231e-09,-0.00395854
8.110231e-09,-0.0038606
8.210231e-09,-0.00376201
8.310231e-09,-0.00366407
8.410231e-09,-0.00356677
8.510231e-09,-0.00347143
8.610231e-09,-0.00337997
8.710231e-09,-0.00329176
8.810231e-09,-0.00320744
8.910231e-09,-0.00312766
9.010231e-09,-0.00305047
9.110231e-09,-0.00297588
9.210231e-09,-0.00290388
9.310231e-09,-0.00283253
9.410231e-09,-0.00276183
9.510231e-09,-0.00269114
9.610231e-09,-0.00261979
9.710231e-09,-0.00254974
9.810231e-09,-0.00248033
9.910231e-09,-0.00241353
1.001023e-08,-0.00234996
1.011023e-08,-0.00229094
1.021023e-08,-0.0022371
1.031023e-08,-0.00218975
1.041023e-08,-0.00214759
1.051023e-08,-0.00211257
1.061023e-08,-0.00208273
1.071023e-08,-0.00205873
1.081023e-08,-0.00203992
1.091023e-08,-0.00202565
1.101023e-08,-0.00201398
1.111023e-08,-0.00200619
1.121023e-08,-0.00200165
1.131023e-08,-0.00200035
1.141023e-08,-0.00200165
1.151023e-08,-0.00200684
1.161023e-08,-0.00201592
1.171023e-08,-0.00202954
1.181023e-08,-0.0020477
1.191023e-08,-0.00207041
1.201023e-08,-0.002097
1.211023e-08,-0.00212748
1.221023e-08,-0.00215927
1.231023e-08,-0.0021917
1.241023e-08,-0.00222348
1.251023e-08,-0.00225267
1.261023e-08,-0.00227796
1.271023e-08,-0.00229677
1.281023e-08,-0.00230845
1.291023e-08,-0.00231104
1.301023e-08,-0.00230456
1.311023e-08,-0.00228899
1.321023e-08,-0.00226434
1.331023e-08,-0.00223256
1.341023e-08,-0.00219429
1.351023e-08,-0.00215278
1.361023e-08,-0.00210803
1.371023e-08,-0.00206262
1.381023e-08,-0.00201722
1.391023e-08,-0.00197311
1.401023e-08,-0.00193095
1.411023e-08,-0.00189009
1.421023e-08,-0.00184988
1.431023e-08,-0.00181096
1.441023e-08,-0.00177269
1.451023e-08,-0.00173377
1.461023e-08,-0.00169421
1.471023e-08,-0.00165464
1.481023e-08,-0.00161443
1.491023e-08,-0.00157421
1.501023e-08,-0.00153465
1.511023e-08,-0.00149767
1.521023e-08,-0.00146395
1.531023e-08,-0.00143346
1.541023e-08,-0.00140816
1.551023e-08,-0.00138806
1.561023e-08,-0.00137314
1.571023e-08,-0.00136341
1.581023e-08,-0.00135822
1.591023e-08,-0.00135628
1.601023e-08,-0.00135563
1.611023e-08,-0.00135498
1.621023e-08,-0.00135109
1.631023e-08,-0.00134395
1.641023e-08,-0.00133228
1.651023e-08,-0.00131476
1.661023e-08,-0.00129206
1.671023e-08,-0.00126482
1.681023e-08,-0.00123433
1.691023e-08,-0.00120125
1.701023e-08,-0.00116818
1.711023e-08,-0.00113834
1.721023e-08,-0.00111239
1.731023e-08,-0.00109164
1.741023e-08,-0.00107607
1.751023e-08,-0.00106699
1.761023e-08,-0.00106375
1.771023e-08,-0.00106375
1.781023e-08,-0.00106634
1.791023e-08,-0.00107023
1.801023e-08,-0.00107348
1.811023e-08,-0.00107413
1.821023e-08,-0.00107153
1.831023e-08,-0.00106699
1.841023e-08,-0.00105986
1.851023e-08,-0.00105078
1.861023e-08,-0.00104105
1.871023e-08,-0.00103132
1.881023e-08,-0.00102224
1.891023e-08,-0.00101445
1.901023e-08,-0.00100667
1.911023e-08,-0.000998885
1.921023e-08,-0.000989805
1.931023e-08,-0.000978778
1.941023e-08,-0.000964509
1.951023e-08,-0.000946996
1.961023e-08,-0.000925591
1.971023e-08,-0.000899647
1.981023e-08,-0.00086981
1.991023e-08,-0.000837379
2.001023e-08,-0.000802354
2.011023e-08,-0.000766679
2.021023e-08,-0.000732303
2.031023e-08,-0.000699223
2.041023e-08,-0.000670035
2.051023e-08,-0.000645387
2.061023e-08,-0.00062528
2.071023e-08,-0.000611659
2.081023e-08,-0.000603876
2.091023e-08,-0.000601281
2.101023e-08,-0.000603227
2.111023e-08,-0.000608416
2.121023e-08,-0.000614902
2.131023e-08,-0.000622037
2.141023e-08,-0.000627226
2.151023e-08,-0.000629172
2.161023e-08,-0.000627875
2.171023e-08,-0.000622686
2.181023e-08,-0.000613605
2.191023e-08,-0.000602578
2.201023e-08,-0.000589606
2.211023e-08,-0.000577282
2.221023e-08,-0.000564959
2.231023e-08,-0.000554581
2.241023e-08,-0.000546797
2.251023e-08,-0.00054096
2.261023e-08,-0.000537068
2.271023e-08,-0.000533825
2.281023e-08,-0.000530582
2.291023e-08,-0.000526041
2.301023e-08,-0.000520204
2.311023e-08,-0.00051242
2.321023e-08,-0.000504637
2.331023e-08,-0.000496205
2.341023e-08,-0.000488421
2.351023e-08,-0.000481935
2.361023e-08,-0.000478043
2.371023e-08,-0.000477395
2.381023e-08,-0.000478692
2.391023e-08,-0.000481935
2.401023e-08,-0.000486475
2.411023e-08,-0.000491016
2.421023e-08,-0.000495556
2.431023e-08,-0.000498151
2.441023e-08,-0.000498799
2.451023e-08,-0.000496853
2.461023e-08,-0.000494259
2.471023e-08,-0.000490367
2.481023e-08,-0.000487773
2.491023e-08,-0.000486475
2.501023e-08,-0.000488421
2.511023e-08,-0.00049361
2.521023e-08,-0.00050334
2.531023e-08,-0.000517609
2.541023e-08,-0.000535771
2.551023e-08,-0.000557175
2.561023e-08,-0.000581174
2.571023e-08,-0.000607119
2.581023e-08,-0.000634361
2.591023e-08,-0.000660306
2.601023e-08,-0.000684953
2.611023e-08,-0.000707006
2.621023e-08,-0.000725816
2.631023e-08,-0.000740735
2.641023e-08,-0.00075241
2.651023e-08,-0.000758896
2.661023e-08,-0.000760842
2.671023e-08,-0.000758896
2.681023e-08,-0.00075241
2.691023e-08,-0.000742032
2.701023e-08,-0.000727114
2.711023e-08,-0.000709601
2.721023e-08,-0.000689494
2.731023e-08,-0.000668089
2.741023e-08,-0.000645387
2.751023e-08,-0.000623334
2.761023e-08,-0.000601281
2.771023e-08,-0.000581174
2.781023e-08,-0.000562364
2.791023e-08,-0.000546797
2.801023e-08,-0.000533825
2.811023e-08,-0.000524744
2.821023e-08,-0.000517609
2.831023e-08,-0.000513069
2.841023e-08,-0.000509826
2.851023e-08,-0.000507231
2.861023e-08,-0.000505285
2.871023e-08,-0.00050334
2.881023e-08,-0.000499448
2.891023e-08,-0.000494259
2.901023e-08,-0.000485827
2.911023e-08,-0.0004748
2.921023e-08,-0.000462477
2.931023e-08,-0.000448207
2.941023e-08,-0.000431991
2.951023e-08,-0.000414479
2.961023e-08,-0.000396317
2.971023e-08,-0.000378156
2.981023e-08,-0.000358697
2.991023e-08,-0.000339887
3.001023e-08,-0.000321077
3.011023e-08,-0.000301619
3.021023e-08,-0.000280863
3.031023e-08,-0.000260107
3.041023e-08,-0.000238703
3.051023e-08,-0.000217947
3.061023e-08,-0.000198488
3.071023e-08,-0.000180327
3.081023e-08,-0.000164111
3.091023e-08,-0.000151787
3.101023e-08,-0.000143355
3.111023e-08,-0.000139464
3.121023e-08,-0.000140761
3.131023e-08,-0.00014595
3.141023e-08,-0.000154382
3.151023e-08,-0.000165409
3.161023e-08,-0.000177732
3.171023e-08,-0.000190056
3.181023e-08,-0.000200434
3.191023e-08,-0.000208866
3.201023e-08,-0.000214055
3.211023e-08,-0.000216001
3.221023e-08,-0.000216001
3.231023e-08,-0.000213406
3.241023e-08,-0.000210163
3.251023e-08,-0.00020692
3.261023e-08,-0.000204974
3.271023e-08,-0.000204326
3.281023e-08,-0.000206272
3.291023e-08,-0.000209515
3.301023e-08,-0.000215352
3.311023e-08,-0.000223136
3.321023e-08,-0.000232216
3.331023e-08,-0.000241946
3.341023e-08,-0.000251675
3.351023e-08,-0.000262053
3.361023e-08,-0.000273079
3.371023e-08,-0.000285403
3.381023e-08,-0.000298376
3.391023e-08,-0.000311997
3.401023e-08,-0.000326915
3.411023e-08,-0.000342482
3.421023e-08,-0.000358697
3.431023e-08,-0.000374913
3.441023e-08,-0.000391777
3.451023e-08,-0.000408641
3.461023e-08,-0.000424208
3.471023e-08,-0.000439126
3.481023e-08,-0.000452747
3.491023e-08,-0.000464422
3.501023e-08,-0.000474152
3.511023e-08,-0.000481935
3.521023e-08,-0.000488421
3.531023e-08,-0.000491016
3.541023e-08,-0.000490367
3.551023e-08,-0.000485827
3.561023e-08,-0.000478043
3.571023e-08,-0.000467666
3.581023e-08,-0.000453396
3.591023e-08,-0.000437829
3.601023e-08,-0.000422262
3.611023e-08,-0.000407344
3.621023e-08,-0.00039502
3.631023e-08,-0.000386588
3.641023e-08,-0.000383345
3.651023e-08,-0.000385291
3.661023e-08,-0.000391128
3.671023e-08,-0.000402803
3.681023e-08,-0.000417722
3.691023e-08,-0.000435883
3.701023e-08,-0.000454693
3.711023e-08,-0.000472206
3.721023e-08,-0.000488421
3.731023e-08,-0.000500745
3.741023e-08,-0.000509177
3.751023e-08,-0.000514366
3.761023e-08,-0.000516312
3.771023e-08,-0.000515015
3.781023e-08,-0.000510474
3.791023e-08,-0.000504637
3.801023e-08,-0.000497502
3.811023e-08,-0.00048907
3.821023e-08,-0.000479341
3.831023e-08,-0.000467666
3.841023e-08,-0.000454044
3.851023e-08,-0.000437829
3.861023e-08,-0.000417722
3.871023e-08,-0.000396317
3.881023e-08,-0.000372967
3.891023e-08,-0.000348319
3.901023e-08,-0.000323023
3.911023e-08,-0.000298376
3.921023e-08,-0.000275025
3.931023e-08,-0.000254269
3.941023e-08,-0.000236108
3.951023e-08,-0.000220541
3.961023e-08,-0.000207569
3.971023e-08,-0.000195894
3.981023e-08,-0.000185516
3.991023e-08,-0.000175786
4.001023e-08,-0.000167354
4.011023e-08,-0.000159571
4.021023e-08,-0.000153085
4.031023e-08,-0.000147247
4.041023e-08,-0.000144004
4.051023e-08,-0.000143355
4.061023e-08,-0.000144653
4.071023e-08,-0.000149193
4.081023e-08,-0.000156976
4.091023e-08,-0.000166057
4.101023e-08,-0.000176435
4.111023e-08,-0.000186813
4.121023e-08,-0.000196542
4.131023e-08,-0.000204974
4.141023e-08,-0.000211461
4.151023e-08,-0.000214704
4.161023e-08,-0.000216001
4.171023e-08,-0.000214704
4.181023e-08,-0.000211461
4.191023e-08,-0.000207569
4.201023e-08,-0.000204326
4.211023e-08,-0.000201083
4.221023e-08,-0.000197191
4.231023e-08,-0.000193299
4.241023e-08,-0.000190056
4.251023e-08,-0.000187462
4.261023e-08,-0.000184219
4.271023e-08,-0.000181624
4.281023e-08,-0.000179678
4.291023e-08,-0.000179678
4.301023e-08,-0.000182273
4.311023e-08,-0.00018811
4.321023e-08,-0.00019784
4.331023e-08,-0.000210812
4.341023e-08,-0.000227027
4.351023e-08,-0.000245837
4.361023e-08,-0.000266593
4.371023e-08,-0.000287349
4.381023e-08,-0.000306159
4.391023e-08,-0.000322375
4.401023e-08,-0.00033405
4.411023e-08,-0.000341185
4.421023e-08,-0.000342482
4.431023e-08,-0.000339887
4.441023e-08,-0.000333401
4.451023e-08,-0.000324969
4.461023e-08,-0.000314591
4.471023e-08,-0.000303565
4.481023e-08,-0.000293187
4.491023e-08,-0.000284106
4.501023e-08,-0.000275674
4.511023e-08,-0.000268539
4.521023e-08,-0.000262053
4.531023e-08,-0.000256215
4.541023e-08,-0.000250378
4.551023e-08,-0.000243892
4.561023e-08,-0.000238703
4.571023e-08,-0.000233514
4.581023e-08,-0.000228325
4.591023e-08,-0.00022573
4.601023e-08,-0.000225082
4.611023e-08,-0.000227676
4.621023e-08,-0.000232865
4.631023e-08,-0.000239351
4.641023e-08,-0.000247135
4.651023e-08,-0.000254918
4.661023e-08,-0.000261404
4.671023e-08,-0.000266593
4.681023e-08,-0.000270485
4.691023e-08,-0.000272431
4.701023e-08,-0.000271782
4.711023e-08,-0.000269836
4.721023e-08,-0.000265945
4.731023e-08,-0.000261404
4.741023e-08,-0.000256215
4.751023e-08,-0.000251026
4.761023e-08,-0.000246486
4.771023e-08,-0.000241946
4.781023e-08,-0.000236757
4.791023e-08,-0.000231568
4.801023e-08,-0.000226379
4.811023e-08,-0.00022119
4.821023e-08,-0.000216001
4.831023e-08,-0.000210812
4.841023e-08,-0.000206272
4.851023e-08,-0.00020238
4.861023e-08,-0.000200434
4.871023e-08,-0.000199785
4.881023e-08,-0.000201083
4.891023e-08,-0.000205623
4.901023e-08,-0.000212109
4.911023e-08,-0.000220541
4.921023e-08,-0.000231568
4.931023e-08,-0.000245837
4.941023e-08,-0.000262702
4.951023e-08,-0.000281512
4.961023e-08,-0.000302916
4.971023e-08,-0.000325618
4.981023e-08,-0.000347671
4.991023e-08,-0.000369724
5.001023e-08,-0.000389831
5.011023e-08,-0.000406695
5.021023e-08,-0.00041837
5.031023e-08,-0.000424857
5.041023e-08,-0.000424208
5.051023e-08,-0.000417722
5.061023e-08,-0.000404101
5.071023e-08,-0.000385939
5.081023e-08,-0.000363886
5.091023e-08,-0.000339239
5.101023e-08,-0.000313943
5.111023e-08,-0.000287998
5.121023e-08,-0.000263999
5.131023e-08,-0.000241297
5.141023e-08,-0.000219893
5.151023e-08,-0.000200434
5.161023e-08,-0.000180975
5.171023e-08,-0.000162165
5.181023e-08,-0.000142707
5.191023e-08,-0.0001226
5.201023e-08,-0.000102492
5.211023e-08,-8.23851e-05
5.221023e-08,-6.29265e-05
5.231023e-08,-4.54138e-05
5.241023e-08,-3.11441e-05
5.251023e-08,-2.20635e-05
5.261023e-08,-1.75231e-05
5.271023e-08,-1.9469e-05
5.281023e-08,-2.72524e-05
5.291023e-08,-4.08734e-05
5.301023e-08,-5.83862e-05
5.311023e-08,-7.9142e-05
5.321023e-08,-0.000100547
5.331023e-08,-0.0001226
5.341023e-08,-0.000142058
5.351023e-08,-0.00016022
5.361023e-08,-0.000175786
5.371023e-08,-0.000188759
5.381023e-08,-0.000199785
5.391023e-08,-0.000209515
5.401023e-08,-0.000219893
5.411023e-08,-0.000229622
5.421023e-08,-0.000238703
5.431023e-08,-0.000247135
5.441023e-08,-0.000255567
5.451023e-08,-0.000261404
5.461023e-08,-0.000264647
5.471023e-08,-0.000264647
5.481023e-08,-0.000262053
5.491023e-08,-0.000254918
5.501023e-08,-0.000243892
5.511023e-08,-0.000230919
5.521023e-08,-0.00021665
5.531023e-08,-0.000203028
5.541023e-08,-0.000190705
5.551023e-08,-0.000182921
5.561023e-08,-0.00017903
5.571023e-08,-0.000179678
5.581023e-08,-0.000184219
5.591023e-08,-0.000193948
5.601023e-08,-0.000208217
5.611023e-08,-0.000224433
5.621023e-08,-0.000241946
5.631023e-08,-0.000258161
5.641023e-08,-0.000273728
5.651023e-08,-0.000284755
5.661023e-08,-0.000291241
5.671023e-08,-0.000292538
5.681023e-08,-0.000287998
5.691023e-08,-0.000278268
5.701023e-08,-0.000262053
5.711023e-08,-0.000241946
5.721023e-08,-0.000218595
5.731023e-08,-0.000192002
5.741023e-08,-0.000163463
5.751023e-08,-0.000135572
5.761023e-08,-0.000108979
5.771023e-08,-8.49796e-05
5.781023e-08,-6.35752e-05
5.791023e-08,-4.6711e-05
5.801023e-08,-3.309e-05
5.811023e-08,-2.27121e-05
5.821023e-08,-1.428e-05
5.831023e-08,-6.49658e-06
5.841023e-08,1.28686e-06
5.851023e-08,9.71892e-06
5.861023e-08,2.07455e-05
5.871023e-08,3.30692e-05
5.881023e-08,4.66903e-05
5.891023e-08,6.16085e-05
5.901023e-08,7.52296e-05
5.911023e-08,8.62561e-05
5.921023e-08,9.33909e-05
5.931023e-08,9.46882e-05
5.941023e-08,9.07964e-05
5.951023e-08,8.17158e-05
5.961023e-08,6.80947e-05
5.971023e-08,5.18792e-05
5.981023e-08,3.50151e-05
5.991023e-08,2.00968e-05
6.001023e-08,8.42168e-06
6.011023e-08,1.28686e-06
6.021023e-08,-1.30762e-06
6.031023e-08,6.38242e-07
6.041023e-08,6.47582e-06
6.051023e-08,1.42593e-05
6.061023e-08,2.26913e-05
6.071023e-08,2.98261e-05
6.081023e-08,3.50151e-05
6.091023e-08,3.76096e-05
6.101023e-08,3.6961e-05
6.111023e-08,3.43665e-05
6.121023e-08,2.91775e-05
6.131023e-08,2.33399e-05
6.141023e-08,1.75024e-05
6.151023e-08,1.10162e-05
6.161023e-08,5.17858e-06
6.171023e-08,-6.58998e-07
6.181023e-08,-6.49658e-06
6.191023e-08,-1.36314e-05
6.201023e-08,-2.27121e-05
6.211023e-08,-3.43872e-05
6.221023e-08,-4.73596e-05
6.231023e-08,-6.22779e-05
6.241023e-08,-7.78448e-05
6.251023e-08,-9.27631e-05
6.261023e-08,-0.000106384
6.271023e-08,-0.000116762
6.281023e-08,-0.000125194
6.291023e-08,-0.000130383
6.301023e-08,-0.000133626
6.311023e-08,-0.000134923
6.321023e-08,-0.000134923
6.331023e-08,-0.000134275
6.341023e-08,-0.000132978
6.351023e-08,-0.000131032
6.361023e-08,-0.000127789
6.371023e-08,-0.000123248
6.381023e-08,-0.000115465
6.391023e-08,-0.00010379
6.401023e-08,-8.88713e-05
6.411023e-08,-6.87641e-05
6.421023e-08,-4.54138e-05
6.431023e-08,-1.9469e-05
6.441023e-08,5.17858e-06
6.451023e-08,2.72317e-05
6.461023e-08,4.5393e-05
6.471023e-08,5.77168e-05
6.481023e-08,6.29058e-05
6.491023e-08,6.03113e-05
6.501023e-08,5.12306e-05
6.511023e-08,3.50151e-05
6.521023e-08,1.36106e-05
6.531023e-08,-1.23342e-05
6.541023e-08,-4.02248e-05
6.551023e-08,-6.87641e-05
6.561023e-08,-9.66548e-05
6.571023e-08,-0.0001226
6.581023e-08,-0.000146599
6.591023e-08,-0.000167354
6.601023e-08,-0.000185516
6.611023e-08,-0.000199785
6.621023e-08,-0.000210163
6.631023e-08,-0.000214055
6.641023e-08,-0.000212758
6.651023e-08,-0.000204974
6.661023e-08,-0.000190705
6.671023e-08,-0.000169949
6.681023e-08,-0.000144004
6.691023e-08,-0.000114168
6.701023e-08,-8.23851e-05
6.711023e-08,-5.06027e-05
6.721023e-08,-2.20635e-05
6.731023e-08,1.93548e-06
6.741023e-08,2.00968e-05
6.751023e-08,3.11234e-05
6.761023e-08,3.43665e-05
6.771023e-08,3.04748e-05
6.781023e-08,2.26913e-05
6.791023e-08,1.16648e-05
6.801023e-08,-6.58998e-07
6.811023e-08,-1.16855e-05
6.821023e-08,-2.01176e-05
6.831023e-08,-2.53066e-05
6.841023e-08,-2.7901e-05
6.851023e-08,-2.66038e-05
6.861023e-08,-2.33607e-05
6.871023e-08,-1.75231e-05
6.881023e-08,-1.03883e-05
6.891023e-08,-2.60486e-06
6.901023e-08,6.47582e-06
6.911023e-08,1.62051e-05
6.921023e-08,2.6583e-05
6.931023e-08,3.89068e-05
6.941023e-08,5.31765e-05
6.951023e-08,6.87434e-05
6.961023e-08,8.49589e-05
6.971023e-08,9.98771e-05
6.981023e-08,0.000114147
6.991023e-08,0.000126471
7.001023e-08,0.000134903
7.011023e-08,0.000139443
7.021023e-08,0.000139443
7.031023e-08,0.000134903
7.041023e-08,0.000126471
7.051023e-08,0.000114147
7.061023e-08,0.000101174
7.071023e-08,8.69047e-05
7.081023e-08,7.26351e-05
7.091023e-08,5.83654e-05
7.101023e-08,4.60417e-05
7.111023e-08,3.43665e-05
7.121023e-08,2.20427e-05
7.131023e-08,1.03675e-05
7.141023e-08,-1.95624e-06
7.151023e-08,-1.55773e-05
7.161023e-08,-2.98469e-05
7.171023e-08,-4.47652e-05
7.181023e-08,-5.83862e-05
7.191023e-08,-7.071e-05
7.201023e-08,-8.10879e-05
7.211023e-08,-8.952e-05
7.221023e-08,-9.60062e-05
7.231023e-08,-9.98979e-05
7.241023e-08,-0.000103141
7.251023e-08,-0.000104438
7.261023e-08,-0.000105735
7.271023e-08,-0.000107033
7.281023e-08,-0.000110276
7.291023e-08,-0.000114168
7.301023e-08,-0.000119356
7.311023e-08,-0.000123897
7.321023e-08,-0.00012714
7.331023e-08,-0.000129734
7.341023e-08,-0.000129734
7.351023e-08,-0.00012714
7.361023e-08,-0.0001226
7.371023e-08,-0.000116113
7.381023e-08,-0.000107681
7.391023e-08,-9.86006e-05
7.401023e-08,-8.952e-05
7.411023e-08,-8.17365e-05
7.421023e-08,-7.46017e-05
7.431023e-08,-6.94127e-05
7.441023e-08,-6.5521e-05
7.451023e-08,-6.22779e-05
7.461023e-08,-5.83862e-05
7.471023e-08,-5.19e-05
7.481023e-08,-4.34679e-05
7.491023e-08,-3.17928e-05
7.501023e-08,-1.75231e-05
7.511023e-08,-1.03779e-08
7.521023e-08,1.8151e-05
7.531023e-08,3.63124e-05
7.541023e-08,5.25279e-05
7.551023e-08,6.55003e-05
7.561023e-08,7.45809e-05
7.571023e-08,7.97699e-05
7.581023e-08,8.10671e-05
7.591023e-08,7.84727e-05
7.601023e-08,7.32837e-05
7.611023e-08,6.67975e-05
7.621023e-08,5.96627e-05
7.631023e-08,5.18792e-05
7.641023e-08,4.40958e-05
7.651023e-08,3.63124e-05
7.661023e-08,2.85289e-05
7.671023e-08,1.94482e-05
7.681023e-08,9.0703e-06
7.691023e-08,-3.9021e-06
7.701023e-08,-1.9469e-05
7.711023e-08,-3.56845e-05
7.721023e-08,-5.25486e-05
