LECROYWaveRunner‘N,20113,Waveform
Segments,1,SegmentSize,2002
Segment,TrigTime,TimeSinceSegment1
#1,28-Sep-2018 13:20:17,0                 
Time,Ampl
-1.228515e-07,-4.41165e-05
-1.227515e-07,-5.83862e-05
-1.226515e-07,-7.46017e-05
-1.225515e-07,-9.14658e-05
-1.224515e-07,-0.00010833
-1.223515e-07,-0.000123897
-1.222515e-07,-0.000135572
-1.221515e-07,-0.000142058
-1.220515e-07,-0.000142707
-1.219515e-07,-0.000138166
-1.218515e-07,-0.000128437
-1.217515e-07,-0.000116113
-1.216515e-07,-0.000103141
-1.215515e-07,-9.34117e-05
-1.214515e-07,-8.69255e-05
-1.213515e-07,-8.49796e-05
-1.212515e-07,-8.82227e-05
-1.211515e-07,-9.53575e-05
-1.210515e-07,-0.000106384
-1.209515e-07,-0.000116762
-1.208515e-07,-0.000125194
-1.207515e-07,-0.000129734
-1.206515e-07,-0.000127789
-1.205515e-07,-0.000120654
-1.204515e-07,-0.000108979
-1.203515e-07,-9.53575e-05
-1.202515e-07,-8.04393e-05
-1.201515e-07,-6.61696e-05
-1.200515e-07,-5.44945e-05
-1.199515e-07,-4.6711e-05
-1.198515e-07,-4.15221e-05
-1.197515e-07,-3.8279e-05
-1.196515e-07,-3.50359e-05
-1.195515e-07,-3.11441e-05
-1.194515e-07,-2.40093e-05
-1.193515e-07,-1.36314e-05
-1.192515e-07,-6.58998e-07
-1.191515e-07,1.2962e-05
-1.190515e-07,2.72317e-05
-1.189515e-07,3.82582e-05
-1.188515e-07,4.47444e-05
-1.187515e-07,4.34472e-05
-1.186515e-07,3.43665e-05
-1.185515e-07,1.8151e-05
-1.184515e-07,-3.9021e-06
-1.183515e-07,-2.91983e-05
-1.182515e-07,-5.38459e-05
-1.181515e-07,-7.52503e-05
-1.180515e-07,-9.01686e-05
-1.179515e-07,-9.7952e-05
-1.178515e-07,-9.73034e-05
-1.177515e-07,-8.952e-05
-1.176515e-07,-7.71962e-05
-1.175515e-07,-6.29265e-05
-1.174515e-07,-4.93055e-05
-1.173515e-07,-3.95762e-05
-1.172515e-07,-3.50359e-05
-1.171515e-07,-3.69817e-05
-1.170515e-07,-4.28193e-05
-1.169515e-07,-5.19e-05
-1.168515e-07,-6.09807e-05
-1.167515e-07,-6.81155e-05
-1.166515e-07,-7.00614e-05
-1.165515e-07,-6.5521e-05
-1.164515e-07,-5.38459e-05
-1.163515e-07,-3.69817e-05
-1.162515e-07,-1.62259e-05
-1.161515e-07,6.47582e-06
-1.160515e-07,2.85289e-05
-1.159515e-07,4.73389e-05
-1.158515e-07,6.29058e-05
-1.157515e-07,7.39323e-05
-1.156515e-07,8.10671e-05
-1.155515e-07,8.43102e-05
-1.154515e-07,8.49589e-05
-1.153515e-07,8.43102e-05
-1.152515e-07,8.3013e-05
-1.151515e-07,8.04185e-05
-1.150515e-07,7.7824e-05
-1.149515e-07,7.45809e-05
-1.148515e-07,7.00406e-05
-1.147515e-07,6.22572e-05
-1.146515e-07,5.18792e-05
-1.145515e-07,4.02041e-05
-1.144515e-07,2.72317e-05
-1.143515e-07,1.62051e-05
-1.142515e-07,7.77306e-06
-1.141515e-07,5.17858e-06
-1.140515e-07,9.0703e-06
-1.139515e-07,1.94482e-05
-1.138515e-07,3.56637e-05
-1.137515e-07,5.5771e-05
-1.136515e-07,7.7824e-05
-1.135515e-07,9.72826e-05
-1.134515e-07,0.000111552
-1.133515e-07,0.000118687
-1.132515e-07,0.000116741
-1.131515e-07,0.000105066
-1.130515e-07,8.49589e-05
-1.129515e-07,5.90141e-05
-1.128515e-07,2.91775e-05
-1.127515e-07,-1.03779e-08
-1.126515e-07,-2.66038e-05
-1.125515e-07,-4.73596e-05
-1.124515e-07,-6.09807e-05
-1.123515e-07,-6.74669e-05
-1.122515e-07,-6.87641e-05
-1.121515e-07,-6.42238e-05
-1.120515e-07,-5.7089e-05
-1.119515e-07,-4.73596e-05
-1.118515e-07,-3.76303e-05
-1.117515e-07,-2.85497e-05
-1.116515e-07,-2.07662e-05
-1.115515e-07,-1.428e-05
-1.114515e-07,-7.79382e-06
-1.113515e-07,-1.95624e-06
-1.112515e-07,3.88134e-06
-1.111515e-07,9.71892e-06
-1.110515e-07,1.49079e-05
-1.109515e-07,1.8151e-05
-1.108515e-07,1.8151e-05
-1.107515e-07,1.36106e-05
-1.106515e-07,3.88134e-06
-1.105515e-07,-9.73968e-06
-1.104515e-07,-2.7901e-05
-1.103515e-07,-4.80083e-05
-1.102515e-07,-6.74669e-05
-1.101515e-07,-8.30338e-05
-1.100515e-07,-9.34117e-05
-1.099515e-07,-9.73034e-05
-1.098515e-07,-9.34117e-05
-1.097515e-07,-8.23851e-05
-1.096515e-07,-6.61696e-05
-1.095515e-07,-4.73596e-05
-1.094515e-07,-2.7901e-05
-1.093515e-07,-1.03883e-05
-1.092515e-07,1.93548e-06
-1.091515e-07,7.77306e-06
-1.090515e-07,7.77306e-06
-1.089515e-07,1.28686e-06
-1.088515e-07,-9.73968e-06
-1.087515e-07,-2.40093e-05
-1.086515e-07,-4.02248e-05
-1.085515e-07,-5.64403e-05
-1.084515e-07,-7.26558e-05
-1.083515e-07,-8.69255e-05
-1.082515e-07,-0.000100547
-1.081515e-07,-0.000113519
-1.080515e-07,-0.000125843
-1.079515e-07,-0.000138815
-1.078515e-07,-0.00015049
-1.077515e-07,-0.000160868
-1.076515e-07,-0.000168652
-1.075515e-07,-0.000172543
-1.074515e-07,-0.000169949
-1.073515e-07,-0.000159571
-1.072515e-07,-0.000142058
-1.071515e-07,-0.000116762
-1.070515e-07,-8.56282e-05
-1.069515e-07,-5.06027e-05
-1.068515e-07,-1.49286e-05
-1.067515e-07,1.75024e-05
-1.066515e-07,4.40958e-05
-1.065515e-07,6.22572e-05
-1.064515e-07,7.13378e-05
-1.063515e-07,7.13378e-05
-1.062515e-07,6.22572e-05
-1.061515e-07,4.73389e-05
-1.060515e-07,2.85289e-05
-1.059515e-07,9.0703e-06
-1.058515e-07,-1.03883e-05
-1.057515e-07,-2.66038e-05
-1.056515e-07,-4.08734e-05
-1.055515e-07,-5.19e-05
-1.054515e-07,-6.09807e-05
-1.053515e-07,-6.81155e-05
-1.052515e-07,-7.52503e-05
-1.051515e-07,-8.36824e-05
-1.050515e-07,-9.27631e-05
-1.049515e-07,-0.000103141
-1.048515e-07,-0.000113519
-1.047515e-07,-0.000123248
-1.046515e-07,-0.000129734
-1.045515e-07,-0.000133626
-1.044515e-07,-0.000132978
-1.043515e-07,-0.000129086
-1.042515e-07,-0.000121302
-1.041515e-07,-0.000111573
-1.040515e-07,-0.000100547
-1.039515e-07,-9.08172e-05
-1.038515e-07,-8.30338e-05
-1.037515e-07,-7.71962e-05
-1.036515e-07,-7.39531e-05
-1.035515e-07,-7.071e-05
-1.034515e-07,-6.74669e-05
-1.033515e-07,-6.22779e-05
-1.032515e-07,-5.38459e-05
-1.031515e-07,-4.08734e-05
-1.030515e-07,-2.33607e-05
-1.029515e-07,-1.03779e-08
-1.028515e-07,2.52858e-05
-1.027515e-07,5.25279e-05
-1.026515e-07,7.7824e-05
-1.025515e-07,9.98771e-05
-1.024515e-07,0.000116093
-1.023515e-07,0.000125822
-1.022515e-07,0.000129065
-1.021515e-07,0.000126471
-1.020515e-07,0.000119336
-1.019515e-07,0.000107661
-1.018515e-07,9.46882e-05
-1.017515e-07,8.10671e-05
-1.016515e-07,6.67975e-05
-1.015515e-07,5.25279e-05
-1.014515e-07,3.89068e-05
-1.013515e-07,2.52858e-05
-1.012515e-07,9.71892e-06
-1.011515e-07,-5.84796e-06
-1.010515e-07,-2.27121e-05
-1.009515e-07,-3.89276e-05
-1.008515e-07,-5.44945e-05
-1.007515e-07,-6.81155e-05
-1.006515e-07,-7.84934e-05
-1.005515e-07,-8.4331e-05
-1.004515e-07,-8.49796e-05
-1.003515e-07,-8.23851e-05
-1.002515e-07,-7.65476e-05
-1.001515e-07,-6.81155e-05
-1.000515e-07,-6.03321e-05
-9.995145e-08,-5.38459e-05
-9.985145e-08,-5.12514e-05
-9.975145e-08,-5.19e-05
-9.965145e-08,-5.57917e-05
-9.955145e-08,-6.35752e-05
-9.945145e-08,-7.20072e-05
-9.935145e-08,-8.10879e-05
-9.925145e-08,-8.82227e-05
-9.915145e-08,-9.27631e-05
-9.905145e-08,-9.34117e-05
-9.895145e-08,-9.08172e-05
-9.885145e-08,-8.56282e-05
-9.875145e-08,-7.9142e-05
-9.865145e-08,-7.20072e-05
-9.855145e-08,-6.48724e-05
-9.845145e-08,-5.90348e-05
-9.835145e-08,-5.38459e-05
-9.825145e-08,-4.99541e-05
-9.815145e-08,-4.54138e-05
-9.805145e-08,-4.02248e-05
-9.795145e-08,-3.37386e-05
-9.785145e-08,-2.46579e-05
-9.775145e-08,-1.29828e-05
-9.765145e-08,-1.03779e-08
-9.755145e-08,1.36106e-05
-9.745145e-08,2.6583e-05
-9.735145e-08,3.56637e-05
-9.725145e-08,4.21499e-05
-9.715145e-08,4.40958e-05
-9.705145e-08,4.21499e-05
-9.695145e-08,3.76096e-05
-9.685145e-08,3.24206e-05
-9.675145e-08,2.72317e-05
-9.665145e-08,2.52858e-05
-9.655145e-08,2.72317e-05
-9.645145e-08,3.50151e-05
-9.635145e-08,4.73389e-05
-9.625145e-08,6.29058e-05
-9.615145e-08,8.17158e-05
-9.605145e-08,0.000100526
-9.595145e-08,0.00011739
-9.585145e-08,0.00013166
-9.575145e-08,0.00014074
-9.565145e-08,0.000145929
-9.555145e-08,0.000146578
-9.545145e-08,0.000143983
-9.535145e-08,0.000141389
-9.525145e-08,0.000139443
-9.515145e-08,0.00014074
-9.505145e-08,0.000145281
-9.495145e-08,0.000154361
-9.485145e-08,0.000166036
-9.475145e-08,0.000180306
-9.465145e-08,0.000193927
-9.455145e-08,0.000206251
-9.445145e-08,0.000214683
-9.435145e-08,0.000217277
-9.425145e-08,0.000214034
-9.415145e-08,0.000204954
-9.405145e-08,0.000190684
-9.395145e-08,0.00017382
-9.385145e-08,0.00015501
-9.375145e-08,0.000137497
-9.365145e-08,0.000120633
-9.355145e-08,0.000105066
-9.345145e-08,9.14451e-05
-9.335145e-08,7.97699e-05
-9.325145e-08,6.87434e-05
-9.315145e-08,5.83654e-05
-9.305145e-08,4.66903e-05
-9.295145e-08,3.50151e-05
-9.285145e-08,2.33399e-05
-9.275145e-08,1.03675e-05
-9.265145e-08,-2.60486e-06
-9.255145e-08,-1.49286e-05
-9.245145e-08,-2.72524e-05
-9.235145e-08,-3.95762e-05
-9.225145e-08,-5.19e-05
-9.215145e-08,-6.42238e-05
-9.205145e-08,-7.78448e-05
-9.195145e-08,-9.21144e-05
-9.185145e-08,-0.000106384
-9.175145e-08,-0.000120654
-9.165145e-08,-0.000134275
-9.155145e-08,-0.000146599
-9.145145e-08,-0.000156328
-9.135145e-08,-0.000162814
-9.125145e-08,-0.000164111
-9.115145e-08,-0.000160868
-9.105145e-08,-0.000154382
-9.095145e-08,-0.000143355
-9.085145e-08,-0.000129734
-9.075145e-08,-0.000116113
-9.065145e-08,-0.000102492
-9.055145e-08,-9.08172e-05
-9.045145e-08,-8.23851e-05
-9.035145e-08,-7.78448e-05
-9.025145e-08,-7.58989e-05
-9.015145e-08,-7.65476e-05
-9.005145e-08,-7.78448e-05
-8.995145e-08,-7.9142e-05
-8.985145e-08,-7.84934e-05
-8.975145e-08,-7.58989e-05
-8.965145e-08,-7.13586e-05
-8.955145e-08,-6.48724e-05
-8.945145e-08,-5.64403e-05
-8.935145e-08,-4.60624e-05
-8.925145e-08,-3.43872e-05
-8.915145e-08,-2.20635e-05
-8.905145e-08,-7.79382e-06
-8.895145e-08,7.77306e-06
-8.885145e-08,2.59344e-05
-8.875145e-08,4.5393e-05
-8.865145e-08,6.67975e-05
-8.855145e-08,9.07964e-05
-8.845145e-08,0.000114795
-8.835145e-08,0.000136848
-8.825145e-08,0.000155658
-8.815145e-08,0.000170577
-8.805145e-08,0.000179657
-8.795145e-08,0.000180306
-8.785145e-08,0.00017382
-8.775145e-08,0.000160199
-8.765145e-08,0.000138794
-8.755145e-08,0.00011285
-8.745145e-08,8.36616e-05
-8.735145e-08,5.38251e-05
-8.725145e-08,2.52858e-05
-8.715145e-08,-6.58998e-07
-8.705145e-08,-2.33607e-05
-8.695145e-08,-4.08734e-05
-8.685145e-08,-5.57917e-05
-8.675145e-08,-6.74669e-05
-8.665145e-08,-7.78448e-05
-8.655145e-08,-8.75741e-05
-8.645145e-08,-9.73034e-05
-8.635145e-08,-0.000107681
-8.625145e-08,-0.000118708
-8.615145e-08,-0.000129734
-8.605145e-08,-0.000139464
-8.595145e-08,-0.000147896
-8.585145e-08,-0.000151787
-8.575145e-08,-0.000151139
-8.565145e-08,-0.000145301
-8.555145e-08,-0.000134923
-8.545145e-08,-0.000119356
-8.535145e-08,-0.000100547
-8.525145e-08,-7.9142e-05
-8.515145e-08,-5.77376e-05
-8.505145e-08,-3.63331e-05
-8.495145e-08,-1.62259e-05
-8.485145e-08,1.28686e-06
-8.475145e-08,1.55565e-05
-8.465145e-08,2.72317e-05
-8.455145e-08,3.63124e-05
-8.445145e-08,4.27986e-05
-8.435145e-08,4.66903e-05
-8.425145e-08,4.92848e-05
-8.415145e-08,5.18792e-05
-8.405145e-08,5.38251e-05
-8.395145e-08,5.51223e-05
-8.385145e-08,5.70682e-05
-8.375145e-08,5.83654e-05
-8.365145e-08,5.96627e-05
-8.355145e-08,6.03113e-05
-8.345145e-08,6.03113e-05
-8.335145e-08,5.96627e-05
-8.325145e-08,5.77168e-05
-8.315145e-08,5.38251e-05
-8.305145e-08,4.92848e-05
-8.295145e-08,4.40958e-05
-8.285145e-08,3.82582e-05
-8.275145e-08,3.1772e-05
-8.265145e-08,2.46372e-05
-8.255145e-08,1.68537e-05
-8.245145e-08,1.03675e-05
-8.235145e-08,4.52996e-06
-8.225145e-08,-6.58998e-07
-8.215145e-08,-3.9021e-06
-8.205145e-08,-5.19934e-06
-8.195145e-08,-3.9021e-06
-8.185145e-08,-1.03779e-08
-8.175145e-08,5.8272e-06
-8.165145e-08,1.36106e-05
-8.155145e-08,2.20427e-05
-8.145145e-08,2.91775e-05
-8.135145e-08,3.43665e-05
-8.125145e-08,3.63124e-05
-8.115145e-08,3.43665e-05
-8.105145e-08,2.78803e-05
-8.095145e-08,1.8151e-05
-8.085145e-08,5.8272e-06
-8.075145e-08,-9.09106e-06
-8.065145e-08,-2.33607e-05
-8.055145e-08,-3.43872e-05
-8.045145e-08,-4.21707e-05
-8.035145e-08,-4.47652e-05
-8.025145e-08,-4.21707e-05
-8.015145e-08,-3.309e-05
-8.005145e-08,-1.9469e-05
-7.995145e-08,-1.95624e-06
-7.985145e-08,1.75024e-05
-7.975145e-08,3.76096e-05
-7.965145e-08,5.38251e-05
-7.955145e-08,6.67975e-05
-7.945145e-08,7.45809e-05
-7.935145e-08,7.71754e-05
-7.925145e-08,7.58782e-05
-7.915145e-08,7.00406e-05
-7.905145e-08,6.22572e-05
-7.895145e-08,5.38251e-05
-7.885145e-08,4.60417e-05
-7.875145e-08,4.02041e-05
-7.865145e-08,3.63124e-05
-7.855145e-08,3.56637e-05
-7.845145e-08,3.6961e-05
-7.835145e-08,3.95555e-05
-7.825145e-08,4.34472e-05
-7.815145e-08,4.73389e-05
-7.805145e-08,5.0582e-05
-7.795145e-08,5.18792e-05
-7.785145e-08,5.12306e-05
-7.775145e-08,4.99334e-05
-7.765145e-08,4.79875e-05
-7.755145e-08,4.5393e-05
-7.745145e-08,4.34472e-05
-7.735145e-08,4.15013e-05
-7.725145e-08,4.08527e-05
-7.715145e-08,4.02041e-05
-7.705145e-08,4.02041e-05
-7.695145e-08,4.02041e-05
-7.685145e-08,4.02041e-05
-7.675145e-08,3.95555e-05
-7.665145e-08,3.76096e-05
-7.655145e-08,3.37179e-05
-7.645145e-08,2.72317e-05
-7.635145e-08,1.75024e-05
-7.625145e-08,5.8272e-06
-7.615145e-08,-8.44244e-06
-7.605145e-08,-2.40093e-05
-7.595145e-08,-4.08734e-05
-7.585145e-08,-5.83862e-05
-7.575145e-08,-7.46017e-05
-7.565145e-08,-8.88713e-05
-7.555145e-08,-0.000101195
-7.545145e-08,-0.000108979
-7.535145e-08,-0.000112222
-7.525145e-08,-0.000108979
-7.515145e-08,-9.86006e-05
-7.505145e-08,-8.30338e-05
-7.495145e-08,-6.22779e-05
-7.485145e-08,-3.76303e-05
-7.475145e-08,-1.10369e-05
-7.465145e-08,1.62051e-05
-7.455145e-08,4.34472e-05
-7.445145e-08,6.80947e-05
-7.435145e-08,8.94992e-05
-7.425145e-08,0.000106363
-7.415145e-08,0.000118687
-7.405145e-08,0.000127119
-7.395145e-08,0.00013166
-7.385145e-08,0.000133605
-7.375145e-08,0.000134903
-7.365145e-08,0.000135551
-7.355145e-08,0.0001362
-7.345145e-08,0.0001362
-7.335145e-08,0.0001362
-7.325145e-08,0.000134903
-7.315145e-08,0.00013166
-7.305145e-08,0.000125822
-7.295145e-08,0.000116741
-7.285145e-08,0.000105066
-7.275145e-08,9.07964e-05
-7.265145e-08,7.39323e-05
-7.255145e-08,5.51223e-05
-7.245145e-08,3.50151e-05
-7.235145e-08,1.55565e-05
-7.225145e-08,-2.60486e-06
-7.215145e-08,-1.81717e-05
-7.205145e-08,-3.17928e-05
-7.195145e-08,-4.21707e-05
-7.185145e-08,-5.12514e-05
-7.175145e-08,-5.77376e-05
-7.165145e-08,-6.22779e-05
-7.155145e-08,-6.61696e-05
-7.145145e-08,-6.87641e-05
-7.135145e-08,-7.071e-05
-7.125145e-08,-7.20072e-05
-7.115145e-08,-7.26558e-05
-7.105145e-08,-7.26558e-05
-7.095145e-08,-7.13586e-05
-7.085145e-08,-6.87641e-05
-7.075145e-08,-6.61696e-05
-7.065145e-08,-6.35752e-05
-7.055145e-08,-6.16293e-05
-7.045145e-08,-5.90348e-05
-7.035145e-08,-5.83862e-05
-7.025145e-08,-5.83862e-05
-7.015145e-08,-5.90348e-05
-7.005145e-08,-6.03321e-05
-6.995145e-08,-6.16293e-05
-6.985145e-08,-6.29265e-05
-6.975145e-08,-6.22779e-05
-6.965145e-08,-6.03321e-05
-6.955145e-08,-5.77376e-05
-6.945145e-08,-5.31972e-05
-6.935145e-08,-4.80083e-05
-6.925145e-08,-4.28193e-05
-6.915145e-08,-3.76303e-05
-6.905145e-08,-3.309e-05
-6.895145e-08,-2.91983e-05
-6.885145e-08,-2.66038e-05
-6.875145e-08,-2.46579e-05
-6.865145e-08,-2.33607e-05
-6.855145e-08,-2.07662e-05
-6.845145e-08,-1.62259e-05
-6.835145e-08,-9.09106e-06
-6.825145e-08,1.28686e-06
-6.815145e-08,1.49079e-05
-6.805145e-08,3.1772e-05
-6.795145e-08,4.99334e-05
-6.785145e-08,6.9392e-05
-6.775145e-08,8.69047e-05
-6.765145e-08,0.000101823
-6.755145e-08,0.000112201
-6.745145e-08,0.000115444
-6.735145e-08,0.00011285
-6.725145e-08,0.000103769
-6.715145e-08,8.94992e-05
-6.705145e-08,7.00406e-05
-6.695145e-08,4.92848e-05
-6.685145e-08,2.72317e-05
-6.675145e-08,5.8272e-06
-6.665145e-08,-1.23342e-05
-6.655145e-08,-2.66038e-05
-6.645145e-08,-3.56845e-05
-6.635145e-08,-4.15221e-05
-6.625145e-08,-4.34679e-05
-6.615145e-08,-4.28193e-05
-6.605145e-08,-3.95762e-05
-6.595145e-08,-3.56845e-05
-6.585145e-08,-3.11441e-05
-6.575145e-08,-2.59552e-05
-6.565145e-08,-2.14148e-05
-6.555145e-08,-1.68745e-05
-6.545145e-08,-1.16855e-05
-6.535145e-08,-7.1452e-06
-6.525145e-08,-1.95624e-06
-6.515145e-08,2.5841e-06
-6.505145e-08,6.47582e-06
-6.495145e-08,9.71892e-06
-6.485145e-08,1.16648e-05
-6.475145e-08,1.16648e-05
-6.465145e-08,9.71892e-06
-6.455145e-08,6.47582e-06
-6.445145e-08,6.38242e-07
-6.435145e-08,-7.1452e-06
-6.425145e-08,-1.68745e-05
-6.415145e-08,-2.85497e-05
-6.405145e-08,-4.21707e-05
-6.395145e-08,-5.7089e-05
-6.385145e-08,-7.39531e-05
-6.375145e-08,-9.21144e-05
-6.365145e-08,-0.000110924
-6.355145e-08,-0.000130383
-6.345145e-08,-0.000148544
-6.335145e-08,-0.00016476
-6.325145e-08,-0.000178381
-6.315145e-08,-0.000187462
-6.305145e-08,-0.000190705
-6.295145e-08,-0.000187462
-6.285145e-08,-0.000177732
-6.275145e-08,-0.000163463
-6.265145e-08,-0.000143355
-6.255145e-08,-0.000119356
-6.245145e-08,-9.27631e-05
-6.235145e-08,-6.61696e-05
-6.225145e-08,-4.08734e-05
-6.215145e-08,-1.68745e-05
-6.205145e-08,3.88134e-06
-6.195145e-08,1.94482e-05
-6.185145e-08,3.11234e-05
-6.175145e-08,3.89068e-05
-6.165145e-08,4.40958e-05
-6.155145e-08,4.79875e-05
-6.145145e-08,5.18792e-05
-6.135145e-08,5.77168e-05
-6.125145e-08,6.48516e-05
-6.115145e-08,7.32837e-05
-6.105145e-08,8.43102e-05
-6.095145e-08,9.72826e-05
-6.085145e-08,0.000112201
-6.075145e-08,0.000127119
-6.065145e-08,0.000142037
-6.055145e-08,0.000155658
-6.045145e-08,0.000167982
-6.035145e-08,0.000179009
-6.025145e-08,0.000188089
-6.015145e-08,0.000196522
-6.005145e-08,0.000204305
-5.995145e-08,0.000212088
-5.985145e-08,0.000218575
-5.975145e-08,0.000225709
-5.965145e-08,0.000232196
-5.955145e-08,0.000238033
-5.945145e-08,0.000241925
-5.935145e-08,0.000243871
-5.925145e-08,0.000242574
-5.915145e-08,0.000237385
-5.905145e-08,0.000228953
-5.895145e-08,0.000216629
-5.885145e-08,0.00020171
-5.875145e-08,0.000184198
-5.865145e-08,0.000164739
-5.855145e-08,0.000145281
-5.845145e-08,0.000128416
-5.835145e-08,0.00011285
-5.825145e-08,0.000100526
-5.815145e-08,8.94992e-05
-5.805145e-08,8.17158e-05
-5.795145e-08,7.58782e-05
-5.785145e-08,7.13378e-05
-5.775145e-08,6.80947e-05
-5.765145e-08,6.61489e-05
-5.755145e-08,6.35544e-05
-5.745145e-08,6.16085e-05
-5.735145e-08,6.03113e-05
-5.725145e-08,5.96627e-05
-5.715145e-08,6.03113e-05
-5.705145e-08,6.22572e-05
-5.695145e-08,6.55003e-05
-5.685145e-08,6.87434e-05
-5.675145e-08,7.13378e-05
-5.665145e-08,7.32837e-05
-5.655145e-08,7.39323e-05
-5.645145e-08,7.19865e-05
-5.635145e-08,6.74461e-05
-5.625145e-08,5.96627e-05
-5.615145e-08,4.92848e-05
-5.605145e-08,3.6961e-05
-5.595145e-08,2.33399e-05
-5.585145e-08,9.0703e-06
-5.575145e-08,-6.49658e-06
-5.565145e-08,-2.14148e-05
-5.555145e-08,-3.56845e-05
-5.545145e-08,-4.93055e-05
-5.535145e-08,-6.09807e-05
-5.525145e-08,-7.13586e-05
-5.515145e-08,-7.97907e-05
-5.505145e-08,-8.69255e-05
-5.495145e-08,-9.14658e-05
-5.485145e-08,-9.34117e-05
-5.475145e-08,-9.21144e-05
-5.465145e-08,-8.82227e-05
-5.455145e-08,-8.04393e-05
-5.445145e-08,-7.00614e-05
-5.435145e-08,-5.64403e-05
-5.425145e-08,-4.08734e-05
-5.415145e-08,-2.40093e-05
-5.405145e-08,-6.49658e-06
-5.395145e-08,9.0703e-06
-5.385145e-08,2.33399e-05
-5.375145e-08,3.43665e-05
-5.365145e-08,4.21499e-05
-5.355145e-08,4.66903e-05
-5.345145e-08,4.86361e-05
-5.335145e-08,4.86361e-05
-5.325145e-08,4.66903e-05
-5.315145e-08,4.21499e-05
-5.305145e-08,3.63124e-05
-5.295145e-08,2.91775e-05
-5.285145e-08,1.94482e-05
-5.275145e-08,7.12444e-06
-5.265145e-08,-8.44244e-06
-5.255145e-08,-2.59552e-05
-5.245145e-08,-4.60624e-05
-5.235145e-08,-6.74669e-05
-5.225145e-08,-8.82227e-05
-5.215145e-08,-0.000105087
-5.205145e-08,-0.000116113
-5.195145e-08,-0.000119356
-5.185145e-08,-0.000114168
-5.175145e-08,-9.92493e-05
-5.165145e-08,-7.58989e-05
-5.155145e-08,-4.47652e-05
-5.145145e-08,-9.09106e-06
-5.135145e-08,2.98261e-05
-5.125145e-08,6.87434e-05
-5.115145e-08,0.000105715
-5.105145e-08,0.000138794
-5.095145e-08,0.000166685
-5.085145e-08,0.000188738
-5.075145e-08,0.000204954
-5.065145e-08,0.000215332
-5.055145e-08,0.000221169
-5.045145e-08,0.000222466
-5.035145e-08,0.00022052
-5.025145e-08,0.000214683
-5.015145e-08,0.000206251
-5.005145e-08,0.000193927
-4.995145e-08,0.000177712
-4.985145e-08,0.000158253
-4.975145e-08,0.000135551
-4.965145e-08,0.000110904
-4.955145e-08,8.49589e-05
-4.945145e-08,6.03113e-05
-4.935145e-08,3.82582e-05
-4.925145e-08,2.07455e-05
-4.915145e-08,8.42168e-06
-4.905145e-08,1.93548e-06
-4.895145e-08,1.93548e-06
-4.885145e-08,8.42168e-06
-4.875145e-08,1.87996e-05
-4.865145e-08,3.1772e-05
-4.855145e-08,4.5393e-05
-4.845145e-08,5.77168e-05
-4.835145e-08,6.67975e-05
-4.825145e-08,7.19865e-05
-4.815145e-08,7.19865e-05
-4.805145e-08,6.74461e-05
-4.795145e-08,5.83654e-05
-4.785145e-08,4.5393e-05
-4.775145e-08,2.91775e-05
-4.765145e-08,1.03675e-05
-4.755145e-08,-1.10369e-05
-4.745145e-08,-3.24414e-05
-4.735145e-08,-5.38459e-05
-4.725145e-08,-7.46017e-05
-4.715145e-08,-9.34117e-05
-4.705145e-08,-0.000110924
-4.695145e-08,-0.000124545
-4.685145e-08,-0.000134275
-4.675145e-08,-0.000140112
-4.665145e-08,-0.000140761
-4.655145e-08,-0.000136869
-4.645145e-08,-0.000127789
-4.635145e-08,-0.000114816
-4.625145e-08,-9.73034e-05
-4.615145e-08,-7.71962e-05
-4.605145e-08,-5.57917e-05
-4.595145e-08,-3.43872e-05
-4.585145e-08,-1.49286e-05
-4.575145e-08,2.5841e-06
-4.565145e-08,1.62051e-05
-4.555145e-08,2.59344e-05
-4.545145e-08,3.1772e-05
-4.535145e-08,3.50151e-05
-4.525145e-08,3.56637e-05
-4.515145e-08,3.56637e-05
-4.505145e-08,3.6961e-05
-4.495145e-08,4.15013e-05
-4.485145e-08,4.86361e-05
-4.475145e-08,6.03113e-05
-4.465145e-08,7.52296e-05
-4.455145e-08,9.27423e-05
-4.445145e-08,0.000111552
-4.435145e-08,0.00013166
-4.425145e-08,0.000151118
-4.415145e-08,0.000167982
-4.405145e-08,0.000181603
-4.395145e-08,0.000191333
-4.385145e-08,0.00019717
-4.375145e-08,0.000199765
-4.365145e-08,0.00019717
-4.355145e-08,0.000190684
-4.345145e-08,0.000180955
-4.335145e-08,0.000166036
-4.325145e-08,0.000147875
-4.315145e-08,0.000124525
-4.305145e-08,9.72826e-05
-4.295145e-08,6.74461e-05
-4.285145e-08,3.43665e-05
-4.275145e-08,-6.58998e-07
-4.265145e-08,-3.43872e-05
-4.255145e-08,-6.61696e-05
-4.245145e-08,-9.34117e-05
-4.235145e-08,-0.000115465
-4.225145e-08,-0.000131032
-4.215145e-08,-0.000140112
-4.205145e-08,-0.000142058
-4.195145e-08,-0.000138815
-4.185145e-08,-0.000130383
-4.175145e-08,-0.000118059
-4.165145e-08,-0.000105087
-4.155145e-08,-9.21144e-05
-4.145145e-08,-8.04393e-05
-4.135145e-08,-6.94127e-05
-4.125145e-08,-6.03321e-05
-4.115145e-08,-5.31972e-05
-4.105145e-08,-4.73596e-05
-4.095145e-08,-4.34679e-05
-4.085145e-08,-3.95762e-05
-4.075145e-08,-3.76303e-05
-4.065145e-08,-3.63331e-05
-4.055145e-08,-3.76303e-05
-4.045145e-08,-4.02248e-05
-4.035145e-08,-4.6711e-05
-4.025145e-08,-5.57917e-05
-4.015145e-08,-6.74669e-05
-4.005145e-08,-7.97907e-05
-3.995145e-08,-9.27631e-05
-3.985145e-08,-0.00010379
-3.975145e-08,-0.00011287
-3.965145e-08,-0.000118059
-3.955145e-08,-0.000118708
-3.945145e-08,-0.000114168
-3.935145e-08,-0.000104438
-3.925145e-08,-9.01686e-05
-3.915145e-08,-7.13586e-05
-3.905145e-08,-4.99541e-05
-3.895145e-08,-2.53066e-05
-3.885145e-08,6.38242e-07
-3.875145e-08,2.78803e-05
-3.865145e-08,5.51223e-05
-3.855145e-08,8.17158e-05
-3.845145e-08,0.000107012
-3.835145e-08,0.000129065
-3.825145e-08,0.000147226
-3.815145e-08,0.000160847
-3.805145e-08,0.000167982
-3.795145e-08,0.000169279
-3.785145e-08,0.000163442
-3.775145e-08,0.000152415
-3.765145e-08,0.0001362
-3.755145e-08,0.000116093
-3.745145e-08,9.53368e-05
-3.735145e-08,7.52296e-05
-3.725145e-08,5.83654e-05
-3.715145e-08,4.5393e-05
-3.705145e-08,3.76096e-05
-3.695145e-08,3.56637e-05
-3.685145e-08,3.89068e-05
-3.675145e-08,4.66903e-05
-3.665145e-08,5.70682e-05
-3.655145e-08,6.87434e-05
-3.645145e-08,7.91213e-05
-3.635145e-08,8.69047e-05
-3.625145e-08,9.07964e-05
-3.615145e-08,9.07964e-05
-3.605145e-08,8.69047e-05
-3.595145e-08,7.84727e-05
-3.585145e-08,6.74461e-05
-3.575145e-08,5.51223e-05
-3.565145e-08,4.21499e-05
-3.555145e-08,2.85289e-05
-3.545145e-08,1.49079e-05
-3.535145e-08,1.28686e-06
-3.525145e-08,-1.23342e-05
-3.515145e-08,-2.66038e-05
-3.505145e-08,-4.15221e-05
-3.495145e-08,-5.57917e-05
-3.485145e-08,-6.94127e-05
-3.475145e-08,-8.36824e-05
-3.465145e-08,-9.60062e-05
-3.455145e-08,-0.000105735
-3.445145e-08,-0.000111573
-3.435145e-08,-0.000113519
-3.425145e-08,-0.00011287
-3.415145e-08,-0.000107681
-3.405145e-08,-9.86006e-05
-3.395145e-08,-8.75741e-05
-3.385145e-08,-7.58989e-05
-3.375145e-08,-6.35752e-05
-3.365145e-08,-5.31972e-05
-3.355145e-08,-4.34679e-05
-3.345145e-08,-3.63331e-05
-3.335145e-08,-2.91983e-05
-3.325145e-08,-2.27121e-05
-3.315145e-08,-1.68745e-05
-3.305145e-08,-1.16855e-05
-3.295145e-08,-6.49658e-06
-3.285145e-08,-1.30762e-06
-3.275145e-08,3.88134e-06
-3.265145e-08,7.12444e-06
-3.255145e-08,9.71892e-06
-3.245145e-08,1.03675e-05
-3.235145e-08,7.12444e-06
-3.225145e-08,1.28686e-06
-3.215145e-08,-6.49658e-06
-3.205145e-08,-1.49286e-05
-3.195145e-08,-2.46579e-05
-3.185145e-08,-3.24414e-05
-3.175145e-08,-3.69817e-05
-3.165145e-08,-3.8279e-05
-3.155145e-08,-3.56845e-05
-3.145145e-08,-2.91983e-05
-3.135145e-08,-2.07662e-05
-3.125145e-08,-1.16855e-05
-3.115145e-08,-3.9021e-06
-3.105145e-08,6.38242e-07
-3.095145e-08,2.5841e-06
-3.085145e-08,6.38242e-07
-3.075145e-08,-5.19934e-06
-3.065145e-08,-1.49286e-05
-3.055145e-08,-2.66038e-05
-3.045145e-08,-3.8279e-05
-3.035145e-08,-4.93055e-05
-3.025145e-08,-5.83862e-05
-3.015145e-08,-6.42238e-05
-3.005145e-08,-6.81155e-05
-2.995145e-08,-7.00614e-05
-2.985145e-08,-7.071e-05
-2.975145e-08,-7.00614e-05
-2.965145e-08,-7.00614e-05
-2.955145e-08,-7.071e-05
-2.945145e-08,-7.26558e-05
-2.935145e-08,-7.52503e-05
-2.925145e-08,-7.78448e-05
-2.915145e-08,-8.04393e-05
-2.905145e-08,-8.23851e-05
-2.895145e-08,-8.23851e-05
-2.885145e-08,-7.97907e-05
-2.875145e-08,-7.58989e-05
-2.865145e-08,-7.071e-05
-2.855145e-08,-6.35752e-05
-2.845145e-08,-5.51431e-05
-2.835145e-08,-4.6711e-05
-2.825145e-08,-3.69817e-05
-2.815145e-08,-2.72524e-05
-2.805145e-08,-1.81717e-05
-2.795145e-08,-9.09106e-06
-2.785145e-08,-1.03779e-08
-2.775145e-08,1.03675e-05
-2.765145e-08,2.07455e-05
-2.755145e-08,3.11234e-05
-2.745145e-08,4.21499e-05
-2.735145e-08,5.25279e-05
-2.725145e-08,6.29058e-05
-2.715145e-08,7.13378e-05
-2.705145e-08,7.84727e-05
-2.695145e-08,8.36616e-05
-2.685145e-08,8.8202e-05
-2.675145e-08,9.14451e-05
-2.665145e-08,9.46882e-05
-2.655145e-08,9.72826e-05
-2.645145e-08,0.000101174
-2.635145e-08,0.000105066
-2.625145e-08,0.000109606
-2.615145e-08,0.000113498
-2.605145e-08,0.000116093
-2.595145e-08,0.000116741
-2.585145e-08,0.000115444
-2.575145e-08,0.000111552
-2.565145e-08,0.000104417
-2.555145e-08,9.40395e-05
-2.545145e-08,8.10671e-05
-2.535145e-08,6.67975e-05
-2.525145e-08,5.18792e-05
-2.515145e-08,3.82582e-05
-2.505145e-08,2.59344e-05
-2.495145e-08,1.55565e-05
-2.485145e-08,8.42168e-06
-2.475145e-08,3.88134e-06
-2.465145e-08,1.28686e-06
-2.455145e-08,6.38242e-07
-2.445145e-08,-1.03779e-08
-2.435145e-08,-6.58998e-07
-2.425145e-08,-3.25348e-06
-2.415145e-08,-6.49658e-06
-2.405145e-08,-1.23342e-05
-2.395145e-08,-1.88204e-05
-2.385145e-08,-2.59552e-05
-2.375145e-08,-3.11441e-05
-2.365145e-08,-3.50359e-05
-2.355145e-08,-3.63331e-05
-2.345145e-08,-3.37386e-05
-2.335145e-08,-2.72524e-05
-2.325145e-08,-1.81717e-05
-2.315145e-08,-6.49658e-06
-2.305145e-08,7.12444e-06
-2.295145e-08,2.26913e-05
-2.285145e-08,3.82582e-05
-2.275145e-08,5.38251e-05
-2.265145e-08,6.87434e-05
-2.255145e-08,8.3013e-05
-2.245145e-08,9.59854e-05
-2.235145e-08,0.000107661
-2.225145e-08,0.000118038
-2.215145e-08,0.000125822
-2.205145e-08,0.000129714
-2.195145e-08,0.000130362
-2.185145e-08,0.000126471
-2.175145e-08,0.000118038
-2.165145e-08,0.000104417
-2.155145e-08,8.8202e-05
-2.145145e-08,6.87434e-05
-2.135145e-08,4.99334e-05
-2.125145e-08,3.1772e-05
-2.115145e-08,1.62051e-05
-2.105145e-08,5.17858e-06
-2.095145e-08,-1.30762e-06
-2.085145e-08,-3.25348e-06
-2.075145e-08,-1.30762e-06
-2.065145e-08,3.88134e-06
-2.055145e-08,1.10162e-05
-2.045145e-08,1.68537e-05
-2.035145e-08,2.13941e-05
-2.025145e-08,2.33399e-05
-2.015145e-08,2.26913e-05
-2.005145e-08,2.00968e-05
-1.995145e-08,1.62051e-05
-1.985145e-08,1.16648e-05
-1.975145e-08,6.47582e-06
-1.965145e-08,3.23272e-06
-1.955145e-08,-1.03779e-08
-1.945145e-08,-2.60486e-06
-1.935145e-08,-5.19934e-06
-1.925145e-08,-7.79382e-06
-1.915145e-08,-1.36314e-05
-1.905145e-08,-2.14148e-05
-1.895145e-08,-3.24414e-05
-1.885145e-08,-4.54138e-05
-1.875145e-08,-6.09807e-05
-1.865145e-08,-7.65476e-05
-1.855145e-08,-9.27631e-05
-1.845145e-08,-0.000106384
-1.835145e-08,-0.000118708
-1.825145e-08,-0.000127789
-1.815145e-08,-0.000133626
-1.805145e-08,-0.000136869
-1.795145e-08,-0.000138166
-1.785145e-08,-0.000136869
-1.775145e-08,-0.000134275
-1.765145e-08,-0.000130383
-1.755145e-08,-0.000125194
-1.745145e-08,-0.000118708
-1.735145e-08,-0.000109627
-1.725145e-08,-9.73034e-05
-1.715145e-08,-8.10879e-05
-1.705145e-08,-6.16293e-05
-1.695145e-08,-3.8279e-05
-1.685145e-08,-1.23342e-05
-1.675145e-08,1.36106e-05
-1.665145e-08,3.89068e-05
-1.655145e-08,6.03113e-05
-1.645145e-08,7.58782e-05
-1.635145e-08,8.36616e-05
-1.625145e-08,8.23644e-05
-1.615145e-08,7.19865e-05
-1.605145e-08,5.31765e-05
-1.595145e-08,2.59344e-05
-1.585145e-08,-6.49658e-06
-1.575145e-08,-4.08734e-05
-1.565145e-08,-7.52503e-05
-1.555145e-08,-0.000107681
-1.545145e-08,-0.000135572
-1.535145e-08,-0.000156328
-1.525145e-08,-0.000170597
-1.515145e-08,-0.000177732
-1.505145e-08,-0.000177732
-1.495145e-08,-0.000171246
-1.485145e-08,-0.000158922
-1.475145e-08,-0.000142058
-1.465145e-08,-0.000120654
-1.455145e-08,-9.60062e-05
-1.445145e-08,-7.00614e-05
-1.435145e-08,-4.28193e-05
-1.425145e-08,-1.68745e-05
-1.415145e-08,7.12444e-06
-1.405145e-08,2.6583e-05
-1.395145e-08,3.95555e-05
-1.385145e-08,4.40958e-05
-1.375145e-08,4.02041e-05
-1.365145e-08,2.6583e-05
-1.355145e-08,3.88134e-06
-1.345145e-08,-2.72524e-05
-1.335145e-08,-6.35752e-05
-1.325145e-08,-0.000103141
-1.315145e-08,-0.000143355
-1.305145e-08,-0.000180975
-1.295145e-08,-0.000214055
-1.285145e-08,-0.000240648
-1.275145e-08,-0.000260756
-1.265145e-08,-0.000273728
-1.255145e-08,-0.000279566
-1.245145e-08,-0.000280214
-1.235145e-08,-0.000275674
-1.225145e-08,-0.000266593
-1.215145e-08,-0.000253621
-1.205145e-08,-0.000236757
-1.195145e-08,-0.000216001
-1.185145e-08,-0.000190705
-1.175145e-08,-0.000161517
-1.165145e-08,-0.000129086
-1.155145e-08,-9.47089e-05
-1.145145e-08,-6.03321e-05
-1.135145e-08,-2.72524e-05
-1.125145e-08,1.93548e-06
-1.115145e-08,2.59344e-05
-1.105145e-08,4.27986e-05
-1.095145e-08,5.25279e-05
-1.085145e-08,5.51223e-05
-1.075145e-08,5.25279e-05
-1.065145e-08,4.5393e-05
-1.055145e-08,3.6961e-05
-1.045145e-08,2.91775e-05
-1.035145e-08,2.33399e-05
-1.025145e-08,2.07455e-05
-1.015145e-08,2.13941e-05
-1.005145e-08,2.46372e-05
-9.951452e-09,2.91775e-05
-9.851452e-09,3.30692e-05
-9.751452e-09,3.56637e-05
-9.651452e-09,3.50151e-05
-9.551452e-09,3.04748e-05
-9.451452e-09,2.33399e-05
-9.351452e-09,1.36106e-05
-9.251452e-09,3.23272e-06
-9.151452e-09,-6.49658e-06
-9.051452e-09,-1.36314e-05
-8.951452e-09,-1.62259e-05
-8.851452e-09,-1.428e-05
-8.751452e-09,-7.79382e-06
-8.651452e-09,2.5841e-06
-8.551452e-09,1.49079e-05
-8.451452e-09,2.85289e-05
-8.351452e-09,4.02041e-05
-8.251452e-09,4.86361e-05
-8.151452e-09,5.25279e-05
-8.051452e-09,5.12306e-05
-7.951452e-09,4.40958e-05
-7.851452e-09,3.30692e-05
-7.751452e-09,1.8151e-05
-7.651452e-09,1.28686e-06
-7.551452e-09,-1.68745e-05
-7.451452e-09,-3.43872e-05
-7.351452e-09,-5.06027e-05
-7.251452e-09,-6.48724e-05
-7.151452e-09,-7.65476e-05
-7.051452e-09,-8.62769e-05
-6.951452e-09,-9.34117e-05
-6.851452e-09,-9.86006e-05
-6.751452e-09,-0.000102492
-6.651452e-09,-0.000105087
-6.551452e-09,-0.000105087
-6.451452e-09,-0.000104438
-6.351452e-09,-0.000101844
-6.251452e-09,-9.86006e-05
-6.151452e-09,-9.40603e-05
-6.051452e-09,-8.75741e-05
-5.951452e-09,-8.10879e-05
-5.851452e-09,-7.26558e-05
-5.751452e-09,-6.35752e-05
-5.651452e-09,-5.31972e-05
-5.551452e-09,-4.28193e-05
-5.451452e-09,-3.24414e-05
-5.351452e-09,-2.07662e-05
-5.251452e-09,-8.44244e-06
-5.151452e-09,2.5841e-06
-5.051452e-09,1.36106e-05
-4.951452e-09,2.26913e-05
-4.851452e-09,3.04748e-05
-4.751452e-09,3.50151e-05
-4.651452e-09,3.6961e-05
-4.551452e-09,3.56637e-05
-4.451452e-09,3.11234e-05
-4.351452e-09,2.46372e-05
-4.251452e-09,1.55565e-05
-4.151452e-09,5.8272e-06
-4.051452e-09,-3.25348e-06
-3.951452e-09,-1.16855e-05
-3.851452e-09,-1.75231e-05
-3.751452e-09,-2.07662e-05
-3.651452e-09,-2.14148e-05
-3.551452e-09,-2.01176e-05
-3.451452e-09,-1.75231e-05
-3.351452e-09,-1.49286e-05
-3.251452e-09,-1.428e-05
-3.151452e-09,-1.62259e-05
-3.051452e-09,-2.27121e-05
-2.951452e-09,-3.309e-05
-2.851452e-09,-4.86569e-05
-2.751452e-09,-6.87641e-05
-2.651452e-09,-9.21144e-05
-2.551452e-09,-0.000118059
-2.451452e-09,-0.000145301
-2.351452e-09,-0.000173841
-2.251452e-09,-0.000203028
-2.151452e-09,-0.000232216
-2.051452e-09,-0.000261404
-1.951452e-09,-0.000292538
-1.851452e-09,-0.000325618
-1.751452e-09,-0.000361292
-1.651452e-09,-0.000401506
-1.551452e-09,-0.000446261
-1.451452e-09,-0.000496205
-1.351452e-09,-0.000550689
-1.251452e-09,-0.000610362
-1.151452e-09,-0.000675224
-1.051452e-09,-0.000744626
-9.514522e-10,-0.000819218
-8.514522e-10,-0.000899647
-7.514522e-10,-0.000986562
-6.514522e-10,-0.00108061
-5.514522e-10,-0.00118244
-4.514522e-10,-0.00129466
-3.514522e-10,-0.00141789
-2.514522e-10,-0.00155216
-1.514522e-10,-0.0016994
-5.145219e-11,-0.00185831
4.854781e-11,-0.00202954
1.485478e-10,-0.00221181
2.485478e-10,-0.00240315
3.485478e-10,-0.00260227
4.485478e-10,-0.00280918
5.485478e-10,-0.00302193
6.485478e-10,-0.00323987
7.485478e-10,-0.00346299
8.485478e-10,-0.00369131
9.485478e-10,-0.00392481
1.048548e-09,-0.00416415
1.148548e-09,-0.00440998
1.248548e-09,-0.00466294
1.348548e-09,-0.00492239
1.448548e-09,-0.00518832
1.548548e-09,-0.00545945
1.648548e-09,-0.00573381
1.748548e-09,-0.00600883
1.848548e-09,-0.00628255
1.948548e-09,-0.00655237
2.048548e-09,-0.00681636
2.148548e-09,-0.00707062
2.248548e-09,-0.0073132
2.348548e-09,-0.00754217
2.448548e-09,-0.00775621
2.548548e-09,-0.00795404
2.648548e-09,-0.008135
2.748548e-09,-0.00829911
2.848548e-09,-0.00844569
2.948548e-09,-0.00857607
3.048548e-09,-0.00868957
3.148548e-09,-0.00878687
3.248548e-09,-0.00886924
3.348548e-09,-0.00893605
3.448548e-09,-0.00898729
3.548548e-09,-0.00902426
3.648548e-09,-0.00904632
3.748548e-09,-0.00905475
3.848548e-09,-0.00905021
3.948548e-09,-0.00903205
4.048548e-09,-0.00900156
4.148548e-09,-0.00896005
4.248548e-09,-0.00890686
4.348548e-09,-0.0088433
4.448548e-09,-0.00876935
4.548548e-09,-0.00868633
4.648548e-09,-0.00859293
4.748548e-09,-0.00849045
4.848548e-09,-0.00837953
4.948548e-09,-0.00826019
5.048548e-09,-0.00813241
5.148548e-09,-0.0079975
5.248548e-09,-0.0078561
5.348548e-09,-0.00770886
5.448548e-09,-0.00755838
5.548548e-09,-0.00740725
5.648548e-09,-0.00725612
5.748548e-09,-0.00710889
5.848548e-09,-0.00696554
5.948548e-09,-0.00682933
6.048548e-09,-0.00669961
6.148548e-09,-0.00657767
6.248548e-09,-0.00646416
6.348548e-09,-0.00635779
6.448548e-09,-0.0062566
6.548548e-09,-0.00615996
6.648548e-09,-0.00606591
6.748548e-09,-0.00597121
6.848548e-09,-0.00587586
6.948548e-09,-0.00577922
7.048548e-09,-0.00567933
7.148548e-09,-0.0055775
7.248548e-09,-0.00547436
7.348548e-09,-0.00536929
7.448548e-09,-0.00526486
7.548548e-09,-0.00516238
7.648548e-09,-0.00506249
7.748548e-09,-0.00496585
7.848548e-09,-0.00487439
7.948548e-09,-0.00478683
8.048548e-09,-0.0047038
8.148548e-09,-0.00462467
8.248548e-09,-0.00454749
8.348548e-09,-0.0044716
8.448548e-09,-0.00439441
8.548548e-09,-0.00431528
8.648548e-09,-0.00423226
8.748548e-09,-0.00414404
8.848548e-09,-0.00405194
8.948548e-09,-0.003954
9.048548e-09,-0.00385152
9.148548e-09,-0.00374514
9.248548e-09,-0.00363617
9.348548e-09,-0.00352656
9.448548e-09,-0.00341889
9.548548e-09,-0.00331511
9.648548e-09,-0.00321652
9.748548e-09,-0.00312441
9.848548e-09,-0.00303944
9.948548e-09,-0.00296291
1.004855e-08,-0.00289415
1.014855e-08,-0.00283189
1.024855e-08,-0.0027761
1.034855e-08,-0.00272357
1.044855e-08,-0.00267297
1.054855e-08,-0.00262368
1.064855e-08,-0.00257438
1.074855e-08,-0.00252314
1.084855e-08,-0.00246996
1.094855e-08,-0.00241417
1.104855e-08,-0.0023558
1.114855e-08,-0.00229613
1.124855e-08,-0.0022371
1.134855e-08,-0.00217937
1.144855e-08,-0.00212619
1.154855e-08,-0.00207884
1.164855e-08,-0.00203927
1.174855e-08,-0.00200749
1.184855e-08,-0.00198609
1.194855e-08,-0.00197441
1.204855e-08,-0.00197246
1.214855e-08,-0.0019796
1.224855e-08,-0.00199387
1.234855e-08,-0.00201527
1.244855e-08,-0.00204122
1.254855e-08,-0.00206911
1.264855e-08,-0.0020983
1.274855e-08,-0.00212748
1.284855e-08,-0.00215538
1.294855e-08,-0.00218067
1.304855e-08,-0.00220272
1.314855e-08,-0.00222218
1.324855e-08,-0.0022384
1.334855e-08,-0.00225137
1.344855e-08,-0.0022611
1.354855e-08,-0.00226629
1.364855e-08,-0.00226824
1.374855e-08,-0.00226629
1.384855e-08,-0.00225915
1.394855e-08,-0.00224878
1.404855e-08,-0.00223451
1.414855e-08,-0.00221764
1.424855e-08,-0.00219818
1.434855e-08,-0.00217873
1.444855e-08,-0.00215862
1.454855e-08,-0.00213981
1.464855e-08,-0.002121
1.474855e-08,-0.00210413
1.484855e-08,-0.00208792
1.494855e-08,-0.0020717
1.504855e-08,-0.00205419
1.514855e-08,-0.00203603
1.524855e-08,-0.00201527
1.534855e-08,-0.00199127
1.544855e-08,-0.00196403
1.554855e-08,-0.00193355
1.564855e-08,-0.00189917
1.574855e-08,-0.0018622
1.584855e-08,-0.00182198
1.594855e-08,-0.00177918
1.604855e-08,-0.00173507
1.614855e-08,-0.00169096
1.624855e-08,-0.00164751
1.634855e-08,-0.00160664
1.644855e-08,-0.00156837
1.654855e-08,-0.00153529
1.664855e-08,-0.0015074
1.674855e-08,-0.0014847
1.684855e-08,-0.00146849
1.694855e-08,-0.00145681
1.704855e-08,-0.00144968
1.714855e-08,-0.00144578
1.724855e-08,-0.00144449
1.734855e-08,-0.00144319
1.744855e-08,-0.00144124
1.754855e-08,-0.00143606
1.764855e-08,-0.00142762
1.774855e-08,-0.00141465
1.784855e-08,-0.00139779
1.794855e-08,-0.00137768
1.804855e-08,-0.00135628
1.814855e-08,-0.00133487
1.824855e-08,-0.00131411
1.834855e-08,-0.0012966
1.844855e-08,-0.00128168
1.854855e-08,-0.00127001
1.864855e-08,-0.00126093
1.874855e-08,-0.00125314
1.884855e-08,-0.00124666
1.894855e-08,-0.00123887
1.904855e-08,-0.00123044
1.914855e-08,-0.00121877
1.924855e-08,-0.0012045
1.934855e-08,-0.00118569
1.944855e-08,-0.00116363
1.954855e-08,-0.00113834
1.964855e-08,-0.00111045
1.974855e-08,-0.00108126
1.984855e-08,-0.00105078
1.994855e-08,-0.00101834
2.004855e-08,-0.000986562
2.014855e-08,-0.000955428
2.024855e-08,-0.00092624
2.034855e-08,-0.000898998
2.044855e-08,-0.000873702
2.054855e-08,-0.000851649
2.064855e-08,-0.000832839
2.074855e-08,-0.000818569
2.084855e-08,-0.000808191
2.094855e-08,-0.000801705
2.104855e-08,-0.000797813
2.114855e-08,-0.000797165
2.124855e-08,-0.000798462
2.134855e-08,-0.000800408
2.144855e-08,-0.000802354
2.154855e-08,-0.000801705
2.164855e-08,-0.00079911
2.174855e-08,-0.000793273
2.184855e-08,-0.000783544
2.194855e-08,-0.00077122
2.204855e-08,-0.000757599
2.214855e-08,-0.000743329
2.224855e-08,-0.000729059
2.234855e-08,-0.000717384
2.244855e-08,-0.000708304
2.254855e-08,-0.000703115
2.264855e-08,-0.000701817
2.274855e-08,-0.000703763
2.284855e-08,-0.000707655
2.294855e-08,-0.000711547
2.304855e-08,-0.000714141
2.314855e-08,-0.00071479
2.324855e-08,-0.000712844
2.334855e-08,-0.000707655
2.344855e-08,-0.000699223
2.354855e-08,-0.000688196
2.364855e-08,-0.00067717
2.374855e-08,-0.000668089
2.384855e-08,-0.000663549
2.394855e-08,-0.000664197
2.404855e-08,-0.000671332
2.414855e-08,-0.00068625
2.424855e-08,-0.000708304
2.434855e-08,-0.000735546
2.444855e-08,-0.000766679
2.454855e-08,-0.000799759
2.464855e-08,-0.000830893
2.474855e-08,-0.000859432
2.484855e-08,-0.000882134
2.494855e-08,-0.000898349
2.504855e-08,-0.00090743
2.514855e-08,-0.000910024
2.524855e-08,-0.000906133
2.534855e-08,-0.000897701
2.544855e-08,-0.000886026
2.554855e-08,-0.000873053
2.564855e-08,-0.000860729
2.574855e-08,-0.000849054
2.584855e-08,-0.000839325
2.594855e-08,-0.000831541
2.604855e-08,-0.000826352
2.614855e-08,-0.000823109
2.624855e-08,-0.000821163
2.634855e-08,-0.000821163
2.644855e-08,-0.000821812
2.654855e-08,-0.000823758
2.664855e-08,-0.000825704
2.674855e-08,-0.00082765
2.684855e-08,-0.000830893
2.694855e-08,-0.000834136
2.704855e-08,-0.00083673
2.714855e-08,-0.000839325
2.724855e-08,-0.000840622
2.734855e-08,-0.000838676
2.744855e-08,-0.000834136
2.754855e-08,-0.000826352
2.764855e-08,-0.000815326
2.774855e-08,-0.000801056
2.784855e-08,-0.000783544
2.794855e-08,-0.000765382
2.804855e-08,-0.000746572
2.814855e-08,-0.000729059
2.824855e-08,-0.000713493
2.834855e-08,-0.00070052
2.844855e-08,-0.000692737
2.854855e-08,-0.000688845
2.864855e-08,-0.000689494
2.874855e-08,-0.000692737
2.884855e-08,-0.000699223
2.894855e-08,-0.00070506
2.904855e-08,-0.000710249
2.914855e-08,-0.000713493
2.924855e-08,-0.00071479
2.934855e-08,-0.000712195
2.944855e-08,-0.000707655
2.954855e-08,-0.00070052
2.964855e-08,-0.000692088
2.974855e-08,-0.000682359
2.984855e-08,-0.000671981
2.994855e-08,-0.000660954
3.004855e-08,-0.000650576
3.014855e-08,-0.000640847
3.024855e-08,-0.000632415
3.034855e-08,-0.00062528
3.044855e-08,-0.000619443
3.054855e-08,-0.000614254
3.064855e-08,-0.000611011
3.074855e-08,-0.000609065
3.084855e-08,-0.000608416
3.094855e-08,-0.000608416
3.104855e-08,-0.000609713
3.114855e-08,-0.000610362
3.124855e-08,-0.000610362
3.134855e-08,-0.000607119
3.144855e-08,-0.000599335
3.154855e-08,-0.000586363
3.164855e-08,-0.000567553
3.174855e-08,-0.000542905
3.184855e-08,-0.00051242
3.194855e-08,-0.000478043
3.204855e-08,-0.000442369
3.214855e-08,-0.000407344
3.224855e-08,-0.000374913
3.234855e-08,-0.000347022
3.244855e-08,-0.000325618
3.254855e-08,-0.000312645
3.264855e-08,-0.000306808
3.274855e-08,-0.000307456
3.284855e-08,-0.000313943
3.294855e-08,-0.000324969
3.304855e-08,-0.000337941
3.314855e-08,-0.000351563
3.324855e-08,-0.000365184
3.334855e-08,-0.00037621
3.344855e-08,-0.000384642
3.354855e-08,-0.000391128
3.364855e-08,-0.000395669
3.374855e-08,-0.000397615
3.384855e-08,-0.000397615
3.394855e-08,-0.000396317
3.404855e-08,-0.000394371
3.414855e-08,-0.000392426
3.424855e-08,-0.000391128
3.434855e-08,-0.000389831
3.444855e-08,-0.000389831
3.454855e-08,-0.000391128
3.464855e-08,-0.00039502
3.474855e-08,-0.000400858
3.484855e-08,-0.000409938
3.494855e-08,-0.000420965
3.504855e-08,-0.000434586
3.514855e-08,-0.000450801
3.524855e-08,-0.000467017
3.534855e-08,-0.000483232
3.544855e-08,-0.000498151
3.554855e-08,-0.000511123
3.564855e-08,-0.000521501
3.574855e-08,-0.000527987
3.584855e-08,-0.00053123
3.594855e-08,-0.000532528
3.604855e-08,-0.000533176
3.614855e-08,-0.000533825
3.624855e-08,-0.000536419
3.634855e-08,-0.00054096
3.644855e-08,-0.000548743
3.654855e-08,-0.000560418
3.664855e-08,-0.000574688
3.674855e-08,-0.000590255
3.684855e-08,-0.000605822
3.694855e-08,-0.000619443
3.704855e-08,-0.000630469
3.714855e-08,-0.000638253
3.724855e-08,-0.000640847
3.734855e-08,-0.00063955
3.744855e-08,-0.000633712
3.754855e-08,-0.000624632
3.764855e-08,-0.000613605
3.774855e-08,-0.00060193
3.784855e-08,-0.000589606
3.794855e-08,-0.000577282
3.804855e-08,-0.000567553
3.814855e-08,-0.00055977
3.824855e-08,-0.000553283
3.834855e-08,-0.000547446
3.844855e-08,-0.000543554
3.854855e-08,-0.000540311
3.864855e-08,-0.000536419
3.874855e-08,-0.00053123
3.884855e-08,-0.000525393
3.894855e-08,-0.000518258
3.904855e-08,-0.000509177
3.914855e-08,-0.000496853
3.924855e-08,-0.000481935
3.934855e-08,-0.000463125
3.944855e-08,-0.000441072
3.954855e-08,-0.000415127
3.964855e-08,-0.000386588
3.974855e-08,-0.000356751
3.984855e-08,-0.000326266
3.994855e-08,-0.000297078
4.004855e-08,-0.000271134
4.014855e-08,-0.000250378
4.024855e-08,-0.000235459
4.034855e-08,-0.000228325
4.044855e-08,-0.000227676
4.054855e-08,-0.000234162
4.064855e-08,-0.000245837
4.074855e-08,-0.000260107
4.084855e-08,-0.000275025
4.094855e-08,-0.000288646
4.104855e-08,-0.000298376
4.114855e-08,-0.000301619
4.124855e-08,-0.000299024
4.134855e-08,-0.000290592
4.144855e-08,-0.000276323
4.154855e-08,-0.000259458
4.164855e-08,-0.000241297
4.174855e-08,-0.000225082
4.184855e-08,-0.000212758
4.194855e-08,-0.00020692
4.204855e-08,-0.000208217
4.214855e-08,-0.000217298
4.224855e-08,-0.000233514
4.234855e-08,-0.000255567
4.244855e-08,-0.000282809
4.254855e-08,-0.000311997
4.264855e-08,-0.000341833
4.274855e-08,-0.000369724
4.284855e-08,-0.00039502
4.294855e-08,-0.000415776
4.304855e-08,-0.000431991
4.314855e-08,-0.000444315
4.324855e-08,-0.000452099
4.334855e-08,-0.000456639
4.344855e-08,-0.000459233
4.354855e-08,-0.000459882
4.364855e-08,-0.000461179
4.374855e-08,-0.000463774
4.384855e-08,-0.000468314
4.394855e-08,-0.000474152
4.404855e-08,-0.000482584
4.414855e-08,-0.00049361
4.424855e-08,-0.000505285
4.434855e-08,-0.000517609
4.444855e-08,-0.00053123
4.454855e-08,-0.000544203
4.464855e-08,-0.000554581
4.474855e-08,-0.000561715
4.484855e-08,-0.000566256
4.494855e-08,-0.000569499
4.504855e-08,-0.000570147
4.514855e-08,-0.000568202
4.524855e-08,-0.000564959
4.534855e-08,-0.000560418
4.544855e-08,-0.000555878
4.554855e-08,-0.000552635
4.564855e-08,-0.000550689
4.574855e-08,-0.00055004
4.584855e-08,-0.00055004
4.594855e-08,-0.000549392
4.604855e-08,-0.000548743
4.614855e-08,-0.000546797
4.624855e-08,-0.000541608
4.634855e-08,-0.000533176
4.644855e-08,-0.000521501
4.654855e-08,-0.000505934
4.664855e-08,-0.000486475
4.674855e-08,-0.000465071
4.684855e-08,-0.000442369
4.694855e-08,-0.000419019
4.704855e-08,-0.000395669
4.714855e-08,-0.000373616
4.724855e-08,-0.000353508
4.734855e-08,-0.000335996
4.744855e-08,-0.000321726
4.754855e-08,-0.000310699
4.764855e-08,-0.000303565
4.774855e-08,-0.000299024
4.784855e-08,-0.000295781
4.794855e-08,-0.000295133
4.804855e-08,-0.00029643
4.814855e-08,-0.000299024
4.824855e-08,-0.000302267
4.834855e-08,-0.00030551
4.844855e-08,-0.000309402
4.854855e-08,-0.000313294
4.864855e-08,-0.000314591
4.874855e-08,-0.00031524
4.884855e-08,-0.000313294
4.894855e-08,-0.000309402
4.904855e-08,-0.000302267
4.914855e-08,-0.000292538
4.924855e-08,-0.000280214
4.934855e-08,-0.000265296
4.944855e-08,-0.000249729
4.954855e-08,-0.000234162
4.964855e-08,-0.000220541
4.974855e-08,-0.000208217
4.984855e-08,-0.000197191
4.994855e-08,-0.000189407
5.004855e-08,-0.000184867
5.014855e-08,-0.00018357
5.024855e-08,-0.000184867
5.034855e-08,-0.00018811
5.044855e-08,-0.000193299
5.054855e-08,-0.000201083
5.064855e-08,-0.000210812
5.074855e-08,-0.000223136
5.084855e-08,-0.000238703
5.094855e-08,-0.000255567
5.104855e-08,-0.000274377
5.114855e-08,-0.000293187
5.124855e-08,-0.000311997
5.134855e-08,-0.000330158
5.144855e-08,-0.000347022
5.154855e-08,-0.00036194
5.164855e-08,-0.000374913
5.174855e-08,-0.000384642
5.184855e-08,-0.000391777
5.194855e-08,-0.000397615
5.204855e-08,-0.000403452
5.214855e-08,-0.000409938
5.224855e-08,-0.000417073
5.234855e-08,-0.000424857
5.244855e-08,-0.000434586
5.254855e-08,-0.000443667
5.264855e-08,-0.00045145
5.274855e-08,-0.00045599
5.284855e-08,-0.00045599
5.294855e-08,-0.000450801
5.304855e-08,-0.000438478
5.314855e-08,-0.000420316
5.324855e-08,-0.000398263
5.334855e-08,-0.000374264
5.344855e-08,-0.000350914
5.354855e-08,-0.000329509
5.364855e-08,-0.000311997
5.374855e-08,-0.000301619
5.384855e-08,-0.000297727
5.394855e-08,-0.000299673
5.404855e-08,-0.000308105
5.414855e-08,-0.00031978
5.424855e-08,-0.000332104
5.434855e-08,-0.000345076
5.444855e-08,-0.000356751
5.454855e-08,-0.000367129
5.464855e-08,-0.000374913
5.474855e-08,-0.000381399
5.484855e-08,-0.000387237
5.494855e-08,-0.000392426
5.504855e-08,-0.000398912
5.514855e-08,-0.000406047
5.524855e-08,-0.000413181
5.534855e-08,-0.000420965
5.544855e-08,-0.000427451
5.554855e-08,-0.000431991
5.564855e-08,-0.000433937
5.574855e-08,-0.000430694
5.584855e-08,-0.000423559
5.594855e-08,-0.000411884
5.604855e-08,-0.000396966
5.614855e-08,-0.00038075
5.624855e-08,-0.000363886
5.634855e-08,-0.000347671
5.644855e-08,-0.000333401
5.654855e-08,-0.000321726
5.664855e-08,-0.000313294
5.674855e-08,-0.000306808
5.684855e-08,-0.000301619
5.694855e-08,-0.000297727
5.704855e-08,-0.000293835
5.714855e-08,-0.000289944
5.724855e-08,-0.000284755
5.734855e-08,-0.000278268
5.744855e-08,-0.000270485
5.754855e-08,-0.000260756
5.764855e-08,-0.000251026
5.774855e-08,-0.000241946
5.784855e-08,-0.000234162
5.794855e-08,-0.000227027
5.804855e-08,-0.000222487
5.814855e-08,-0.000218595
5.824855e-08,-0.00021665
5.834855e-08,-0.000216001
5.844855e-08,-0.00021665
5.854855e-08,-0.000218595
5.864855e-08,-0.000220541
5.874855e-08,-0.000223784
5.884855e-08,-0.000227027
5.894855e-08,-0.000230271
5.904855e-08,-0.000232865
5.914855e-08,-0.000233514
5.924855e-08,-0.000231568
5.934855e-08,-0.000225082
5.944855e-08,-0.000214055
5.954855e-08,-0.000199137
5.964855e-08,-0.000180975
5.974855e-08,-0.000158274
5.984855e-08,-0.000133626
5.994855e-08,-0.00010833
6.004855e-08,-8.49796e-05
6.014855e-08,-6.48724e-05
6.024855e-08,-4.99541e-05
6.034855e-08,-4.08734e-05
6.044855e-08,-3.69817e-05
6.054855e-08,-3.8279e-05
6.064855e-08,-4.34679e-05
6.074855e-08,-4.99541e-05
6.084855e-08,-5.77376e-05
6.094855e-08,-6.29265e-05
6.104855e-08,-6.5521e-05
6.114855e-08,-6.48724e-05
6.124855e-08,-6.09807e-05
6.134855e-08,-5.57917e-05
6.144855e-08,-4.86569e-05
6.154855e-08,-4.34679e-05
6.164855e-08,-4.08734e-05
6.174855e-08,-4.15221e-05
6.184855e-08,-4.6711e-05
6.194855e-08,-5.57917e-05
6.204855e-08,-7.00614e-05
6.214855e-08,-8.62769e-05
6.224855e-08,-0.000102492
6.234855e-08,-0.000117411
6.244855e-08,-0.000129734
6.254855e-08,-0.000138815
6.264855e-08,-0.000143355
6.274855e-08,-0.000143355
6.284855e-08,-0.000139464
6.294855e-08,-0.000132329
6.304855e-08,-0.000121951
6.314855e-08,-0.000109627
6.324855e-08,-9.66548e-05
6.334855e-08,-8.36824e-05
6.344855e-08,-7.00614e-05
6.354855e-08,-5.77376e-05
6.364855e-08,-4.73596e-05
6.374855e-08,-4.02248e-05
6.384855e-08,-3.63331e-05
6.394855e-08,-3.76303e-05
6.404855e-08,-4.47652e-05
6.414855e-08,-5.83862e-05
6.424855e-08,-7.71962e-05
6.434855e-08,-0.000101844
6.444855e-08,-0.000130383
6.454855e-08,-0.000160868
6.464855e-08,-0.000190056
6.474855e-08,-0.000215352
6.484855e-08,-0.000234811
6.494855e-08,-0.000245189
6.504855e-08,-0.000247135
6.514855e-08,-0.000240648
6.524855e-08,-0.000226379
6.534855e-08,-0.000206272
6.544855e-08,-0.000182921
6.554855e-08,-0.00016022
6.564855e-08,-0.00014141
6.574855e-08,-0.00012714
6.584855e-08,-0.000119356
6.594855e-08,-0.000117411
6.604855e-08,-0.000121302
6.614855e-08,-0.000128437
6.624855e-08,-0.000136869
6.634855e-08,-0.000144004
6.644855e-08,-0.000149193
6.654855e-08,-0.000149193
6.664855e-08,-0.000144653
6.674855e-08,-0.000134275
6.684855e-08,-0.000120654
6.694855e-08,-0.000104438
6.704855e-08,-8.62769e-05
6.714855e-08,-6.87641e-05
6.724855e-08,-5.25486e-05
6.734855e-08,-3.89276e-05
6.744855e-08,-2.66038e-05
6.754855e-08,-1.62259e-05
6.764855e-08,-8.44244e-06
6.774855e-08,-1.30762e-06
6.784855e-08,4.52996e-06
6.794855e-08,9.0703e-06
6.804855e-08,1.16648e-05
6.814855e-08,1.2962e-05
6.824855e-08,1.23134e-05
6.834855e-08,9.71892e-06
6.844855e-08,5.17858e-06
6.854855e-08,-6.58998e-07
6.864855e-08,-7.1452e-06
6.874855e-08,-1.36314e-05
6.884855e-08,-1.9469e-05
6.894855e-08,-2.46579e-05
6.904855e-08,-2.7901e-05
6.914855e-08,-2.98469e-05
6.924855e-08,-3.17928e-05
6.934855e-08,-3.43872e-05
6.944855e-08,-3.8279e-05
6.954855e-08,-4.47652e-05
6.964855e-08,-5.51431e-05
6.974855e-08,-7.13586e-05
6.984855e-08,-9.14658e-05
6.994855e-08,-0.000116762
7.004855e-08,-0.000145301
7.014855e-08,-0.000176435
7.024855e-08,-0.000208217
7.034855e-08,-0.000238703
7.044855e-08,-0.000267891
7.054855e-08,-0.000294484
7.064855e-08,-0.000317834
7.074855e-08,-0.000337293
7.084855e-08,-0.000354157
7.094855e-08,-0.000367129
7.104855e-08,-0.00037621
7.114855e-08,-0.000382696
7.124855e-08,-0.000385291
7.134855e-08,-0.000383994
7.144855e-08,-0.000376859
7.154855e-08,-0.000364535
7.164855e-08,-0.000347671
7.174855e-08,-0.000326266
7.184855e-08,-0.000301619
7.194855e-08,-0.000275025
7.204855e-08,-0.000249081
7.214855e-08,-0.00022573
7.224855e-08,-0.00020692
7.234855e-08,-0.000194596
7.244855e-08,-0.000189407
7.254855e-08,-0.000192002
7.264855e-08,-0.000201083
7.274855e-08,-0.000215352
7.284855e-08,-0.000232865
7.294855e-08,-0.000252324
7.304855e-08,-0.000271134
7.314855e-08,-0.000287349
7.324855e-08,-0.000300322
7.334855e-08,-0.000308754
7.344855e-08,-0.000313294
7.354855e-08,-0.000313943
7.364855e-08,-0.000312645
7.374855e-08,-0.000310699
7.384855e-08,-0.000308105
7.394855e-08,-0.000304213
7.404855e-08,-0.000301619
7.414855e-08,-0.000299024
7.424855e-08,-0.000295781
7.434855e-08,-0.000292538
7.444855e-08,-0.000288646
7.454855e-08,-0.000284106
7.464855e-08,-0.00027762
7.474855e-08,-0.000271134
7.484855e-08,-0.000263999
7.494855e-08,-0.000257513
7.504855e-08,-0.000251675
7.514855e-08,-0.000246486
7.524855e-08,-0.000241297
7.534855e-08,-0.000234811
7.544855e-08,-0.000227676
7.554855e-08,-0.000218595
7.564855e-08,-0.00020692
7.574855e-08,-0.000193299
7.584855e-08,-0.000177732
7.594855e-08,-0.000161517
7.604855e-08,-0.000145301
7.614855e-08,-0.000130383
7.624855e-08,-0.000116762
7.634855e-08,-0.000105735
7.644855e-08,-9.66548e-05
7.654855e-08,-8.88713e-05
7.664855e-08,-8.17365e-05
7.674855e-08,-7.39531e-05
7.684855e-08,-6.48724e-05
7.694855e-08,-5.31972e-05
7.704855e-08,-3.76303e-05
7.714855e-08,-1.9469e-05
7.724855e-08,1.28686e-06
