LECROYWaveRunner‘N,20113,Waveform
Segments,1,SegmentSize,2002
Segment,TrigTime,TimeSinceSegment1
#1,28-Sep-2018 13:20:46,0                 
Time,Ampl
-1.228404e-07,7.26351e-05
-1.227404e-07,9.6634e-05
-1.226404e-07,0.000116741
-1.225404e-07,0.000132957
-1.224404e-07,0.000143335
-1.223404e-07,0.000149172
-1.222404e-07,0.000150469
-1.221404e-07,0.000147226
-1.220404e-07,0.00014074
-1.219404e-07,0.000131011
-1.218404e-07,0.000118038
-1.217404e-07,0.000103769
-1.216404e-07,8.75533e-05
-1.215404e-07,7.06892e-05
-1.214404e-07,5.31765e-05
-1.213404e-07,3.56637e-05
-1.212404e-07,1.94482e-05
-1.211404e-07,5.8272e-06
-1.210404e-07,-5.19934e-06
-1.209404e-07,-1.23342e-05
-1.208404e-07,-1.49286e-05
-1.207404e-07,-1.36314e-05
-1.206404e-07,-7.1452e-06
-1.205404e-07,2.5841e-06
-1.204404e-07,1.55565e-05
-1.203404e-07,2.98261e-05
-1.202404e-07,4.5393e-05
-1.201404e-07,6.09599e-05
-1.200404e-07,7.52296e-05
-1.199404e-07,8.88506e-05
-1.198404e-07,0.000100526
-1.197404e-07,0.000110904
-1.196404e-07,0.000118038
-1.195404e-07,0.000123876
-1.194404e-07,0.000127119
-1.193404e-07,0.000128416
-1.192404e-07,0.000127768
-1.191404e-07,0.000123876
-1.190404e-07,0.000119336
-1.189404e-07,0.00011285
-1.188404e-07,0.000104417
-1.187404e-07,9.53368e-05
-1.186404e-07,8.56075e-05
-1.185404e-07,7.65268e-05
-1.184404e-07,6.74461e-05
-1.183404e-07,5.83654e-05
-1.182404e-07,4.99334e-05
-1.181404e-07,4.34472e-05
-1.180404e-07,3.6961e-05
-1.179404e-07,3.11234e-05
-1.178404e-07,2.46372e-05
-1.177404e-07,1.87996e-05
-1.176404e-07,1.16648e-05
-1.175404e-07,4.52996e-06
-1.174404e-07,-2.60486e-06
-1.173404e-07,-9.09106e-06
-1.172404e-07,-1.55773e-05
-1.171404e-07,-2.14148e-05
-1.170404e-07,-2.53066e-05
-1.169404e-07,-2.72524e-05
-1.168404e-07,-2.66038e-05
-1.167404e-07,-2.46579e-05
-1.166404e-07,-2.14148e-05
-1.165404e-07,-1.68745e-05
-1.164404e-07,-1.23342e-05
-1.163404e-07,-9.09106e-06
-1.162404e-07,-7.1452e-06
-1.161404e-07,-7.1452e-06
-1.160404e-07,-7.79382e-06
-1.159404e-07,-9.09106e-06
-1.158404e-07,-1.10369e-05
-1.157404e-07,-1.03883e-05
-1.156404e-07,-7.79382e-06
-1.155404e-07,-2.60486e-06
-1.154404e-07,5.8272e-06
-1.153404e-07,1.8151e-05
-1.152404e-07,3.37179e-05
-1.151404e-07,5.0582e-05
-1.150404e-07,6.9392e-05
-1.149404e-07,8.88506e-05
-1.148404e-07,0.000107661
-1.147404e-07,0.000123876
-1.146404e-07,0.000138146
-1.145404e-07,0.000149172
-1.144404e-07,0.000158253
-1.143404e-07,0.000164739
-1.142404e-07,0.000168631
-1.141404e-07,0.000171874
-1.140404e-07,0.000173171
-1.139404e-07,0.000173171
-1.138404e-07,0.000171225
-1.137404e-07,0.000167982
-1.136404e-07,0.000163442
-1.135404e-07,0.000156956
-1.134404e-07,0.000149172
-1.133404e-07,0.000140092
-1.132404e-07,0.000131011
-1.131404e-07,0.00012193
-1.130404e-07,0.00011285
-1.129404e-07,0.000105715
-1.128404e-07,9.92285e-05
-1.127404e-07,9.27423e-05
-1.126404e-07,8.62561e-05
-1.125404e-07,7.91213e-05
-1.124404e-07,7.19865e-05
-1.123404e-07,6.29058e-05
-1.122404e-07,5.12306e-05
-1.121404e-07,3.82582e-05
-1.120404e-07,2.46372e-05
-1.119404e-07,1.16648e-05
-1.118404e-07,1.28686e-06
-1.117404e-07,-5.84796e-06
-1.116404e-07,-9.09106e-06
-1.115404e-07,-7.79382e-06
-1.114404e-07,-1.95624e-06
-1.113404e-07,7.77306e-06
-1.112404e-07,2.00968e-05
-1.111404e-07,3.43665e-05
-1.110404e-07,4.99334e-05
-1.109404e-07,6.55003e-05
-1.108404e-07,8.23644e-05
-1.107404e-07,9.72826e-05
-1.106404e-07,0.00011285
-1.105404e-07,0.000127768
-1.104404e-07,0.000143983
-1.103404e-07,0.000160847
-1.102404e-07,0.000177063
-1.101404e-07,0.000193278
-1.100404e-07,0.000206899
-1.099404e-07,0.00021598
-1.098404e-07,0.000219872
-1.097404e-07,0.000216629
-1.096404e-07,0.000204954
-1.095404e-07,0.000185495
-1.094404e-07,0.00015955
-1.093404e-07,0.000129714
-1.092404e-07,9.85799e-05
-1.091404e-07,6.74461e-05
-1.090404e-07,4.02041e-05
-1.089404e-07,1.94482e-05
-1.088404e-07,6.47582e-06
-1.087404e-07,1.28686e-06
-1.086404e-07,3.23272e-06
-1.085404e-07,1.23134e-05
-1.084404e-07,2.59344e-05
-1.083404e-07,4.15013e-05
-1.082404e-07,5.77168e-05
-1.081404e-07,7.13378e-05
-1.080404e-07,8.3013e-05
-1.079404e-07,9.27423e-05
-1.078404e-07,9.92285e-05
-1.077404e-07,0.000103769
-1.076404e-07,0.000106363
-1.075404e-07,0.000106363
-1.074404e-07,0.000103769
-1.073404e-07,9.85799e-05
-1.072404e-07,9.01478e-05
-1.071404e-07,7.65268e-05
-1.070404e-07,5.96627e-05
-1.069404e-07,4.02041e-05
-1.068404e-07,1.87996e-05
-1.067404e-07,-3.9021e-06
-1.066404e-07,-2.53066e-05
-1.065404e-07,-4.28193e-05
-1.064404e-07,-5.31972e-05
-1.063404e-07,-5.57917e-05
-1.062404e-07,-4.93055e-05
-1.061404e-07,-3.37386e-05
-1.060404e-07,-1.03883e-05
-1.059404e-07,1.75024e-05
-1.058404e-07,4.66903e-05
-1.057404e-07,7.52296e-05
-1.056404e-07,9.92285e-05
-1.055404e-07,0.00011739
-1.054404e-07,0.000127768
-1.053404e-07,0.00013166
-1.052404e-07,0.000129065
-1.051404e-07,0.000122579
-1.050404e-07,0.000113498
-1.049404e-07,0.000104417
-1.048404e-07,9.72826e-05
-1.047404e-07,9.07964e-05
-1.046404e-07,8.69047e-05
-1.045404e-07,8.56075e-05
-1.044404e-07,8.49589e-05
-1.043404e-07,8.36616e-05
-1.042404e-07,7.91213e-05
-1.041404e-07,7.32837e-05
-1.040404e-07,6.55003e-05
-1.039404e-07,5.64196e-05
-1.038404e-07,4.73389e-05
-1.037404e-07,3.82582e-05
-1.036404e-07,3.1772e-05
-1.035404e-07,2.6583e-05
-1.034404e-07,2.46372e-05
-1.033404e-07,2.33399e-05
-1.032404e-07,2.33399e-05
-1.031404e-07,2.26913e-05
-1.030404e-07,2.07455e-05
-1.029404e-07,1.75024e-05
-1.028404e-07,1.2962e-05
-1.027404e-07,7.77306e-06
-1.026404e-07,2.5841e-06
-1.025404e-07,-1.03779e-08
-1.024404e-07,2.5841e-06
-1.023404e-07,9.71892e-06
-1.022404e-07,2.33399e-05
-1.021404e-07,4.40958e-05
-1.020404e-07,6.9392e-05
-1.019404e-07,9.6634e-05
-1.018404e-07,0.000123876
-1.017404e-07,0.000147226
-1.016404e-07,0.000164739
-1.015404e-07,0.000175117
-1.014404e-07,0.000176414
-1.013404e-07,0.000169279
-1.012404e-07,0.000153713
-1.011404e-07,0.000132957
-1.010404e-07,0.000108958
-1.009404e-07,8.43102e-05
-1.008404e-07,6.16085e-05
-1.007404e-07,4.21499e-05
-1.006404e-07,2.6583e-05
-1.005404e-07,1.55565e-05
-1.004404e-07,7.12444e-06
-1.003404e-07,6.38242e-07
-1.002404e-07,-4.55072e-06
-1.001404e-07,-8.44244e-06
-1.000404e-07,-1.16855e-05
-9.994042e-08,-1.36314e-05
-9.984042e-08,-1.36314e-05
-9.974042e-08,-9.73968e-06
-9.964042e-08,-1.95624e-06
-9.954042e-08,1.03675e-05
-9.944042e-08,2.6583e-05
-9.934042e-08,4.73389e-05
-9.924042e-08,7.06892e-05
-9.914042e-08,9.46882e-05
-9.904042e-08,0.000118038
-9.894042e-08,0.000138146
-9.884042e-08,0.000154361
-9.874042e-08,0.000164739
-9.864042e-08,0.000170577
-9.854042e-08,0.000172523
-9.844042e-08,0.000172523
-9.834042e-08,0.000170577
-9.824042e-08,0.000168631
-9.814042e-08,0.000167334
-9.804042e-08,0.000166036
-9.794042e-08,0.000164739
-9.784042e-08,0.000162145
-9.774042e-08,0.000157604
-9.764042e-08,0.000150469
-9.754042e-08,0.000140092
-9.744042e-08,0.000126471
-9.734042e-08,0.000110904
-9.724042e-08,9.33909e-05
-9.714042e-08,7.65268e-05
-9.704042e-08,6.16085e-05
-9.694042e-08,5.0582e-05
-9.684042e-08,4.47444e-05
-9.674042e-08,4.40958e-05
-9.664042e-08,4.79875e-05
-9.654042e-08,5.38251e-05
-9.644042e-08,6.09599e-05
-9.634042e-08,6.67975e-05
-9.624042e-08,7.00406e-05
-9.614042e-08,7.00406e-05
-9.604042e-08,6.67975e-05
-9.594042e-08,6.09599e-05
-9.584042e-08,5.31765e-05
-9.574042e-08,4.47444e-05
-9.564042e-08,3.76096e-05
-9.554042e-08,3.24206e-05
-9.544042e-08,3.11234e-05
-9.534042e-08,3.30692e-05
-9.524042e-08,3.6961e-05
-9.514042e-08,4.21499e-05
-9.504042e-08,4.73389e-05
-9.494042e-08,5.12306e-05
-9.484042e-08,5.44737e-05
-9.474042e-08,5.51223e-05
-9.464042e-08,5.44737e-05
-9.454042e-08,5.38251e-05
-9.444042e-08,5.38251e-05
-9.434042e-08,5.5771e-05
-9.424042e-08,5.96627e-05
-9.414042e-08,6.67975e-05
-9.404042e-08,7.65268e-05
-9.394042e-08,8.75533e-05
-9.384042e-08,9.98771e-05
-9.374042e-08,0.000112201
-9.364042e-08,0.000122579
-9.354042e-08,0.000131011
-9.344042e-08,0.000136848
-9.334042e-08,0.000140092
-9.324042e-08,0.00014074
-9.314042e-08,0.00014074
-9.304042e-08,0.00014074
-9.294042e-08,0.000141389
-9.284042e-08,0.000143335
-9.274042e-08,0.000145281
-9.264042e-08,0.000146578
-9.254042e-08,0.000145929
-9.244042e-08,0.000142037
-9.234042e-08,0.000132957
-9.224042e-08,0.000119984
-9.214042e-08,0.00010312
-9.204042e-08,8.3013e-05
-9.194042e-08,6.16085e-05
-9.184042e-08,4.21499e-05
-9.174042e-08,2.59344e-05
-9.164042e-08,1.42593e-05
-9.154042e-08,7.77306e-06
-9.144042e-08,6.47582e-06
-9.134042e-08,9.0703e-06
-9.124042e-08,1.36106e-05
-9.114042e-08,1.75024e-05
-9.104042e-08,1.75024e-05
-9.094042e-08,1.36106e-05
-9.084042e-08,3.88134e-06
-9.074042e-08,-1.16855e-05
-9.064042e-08,-3.04955e-05
-9.054042e-08,-5.06027e-05
-9.044042e-08,-6.74669e-05
-9.034042e-08,-7.84934e-05
-9.024042e-08,-8.17365e-05
-9.014042e-08,-7.46017e-05
-9.004042e-08,-5.77376e-05
-8.994042e-08,-3.24414e-05
-8.984042e-08,6.38242e-07
-8.974042e-08,3.6961e-05
-8.964042e-08,7.39323e-05
-8.954042e-08,0.000108309
-8.944042e-08,0.000137497
-8.934042e-08,0.000160847
-8.924042e-08,0.00017836
-8.914042e-08,0.000189387
-8.904042e-08,0.000195873
-8.894042e-08,0.000200413
-8.884042e-08,0.000204305
-8.874042e-08,0.000208197
-8.864042e-08,0.00021144
-8.854042e-08,0.000215332
-8.844042e-08,0.000217926
-8.834042e-08,0.000218575
-8.824042e-08,0.00021598
-8.814042e-08,0.000209494
-8.804042e-08,0.000199116
-8.794042e-08,0.000185495
-8.784042e-08,0.000170577
-8.774042e-08,0.00015501
-8.764042e-08,0.000139443
-8.754042e-08,0.000125173
-8.744042e-08,0.000111552
-8.734042e-08,9.92285e-05
-8.724042e-08,8.69047e-05
-8.714042e-08,7.32837e-05
-8.704042e-08,5.77168e-05
-8.694042e-08,3.89068e-05
-8.684042e-08,1.62051e-05
-8.674042e-08,-9.73968e-06
-8.664042e-08,-3.69817e-05
-8.654042e-08,-6.35752e-05
-8.644042e-08,-8.69255e-05
-8.634042e-08,-0.000105087
-8.624042e-08,-0.000115465
-8.614042e-08,-0.000116762
-8.604042e-08,-0.000108979
-8.594042e-08,-9.40603e-05
-8.584042e-08,-7.33045e-05
-8.574042e-08,-4.86569e-05
-8.564042e-08,-2.46579e-05
-8.554042e-08,-3.9021e-06
-8.544042e-08,1.23134e-05
-8.534042e-08,2.33399e-05
-8.524042e-08,2.91775e-05
-8.514042e-08,2.98261e-05
-8.504042e-08,2.78803e-05
-8.494042e-08,2.52858e-05
-8.484042e-08,2.33399e-05
-8.474042e-08,2.39886e-05
-8.464042e-08,2.85289e-05
-8.454042e-08,3.63124e-05
-8.444042e-08,4.66903e-05
-8.434042e-08,5.70682e-05
-8.424042e-08,6.67975e-05
-8.414042e-08,7.58782e-05
-8.404042e-08,8.36616e-05
-8.394042e-08,8.94992e-05
-8.384042e-08,9.40395e-05
-8.374042e-08,9.85799e-05
-8.364042e-08,0.000105066
-8.354042e-08,0.000114147
-8.344042e-08,0.000125822
-8.334042e-08,0.000140092
-8.324042e-08,0.00015501
-8.314042e-08,0.000170577
-8.304042e-08,0.000182901
-8.294042e-08,0.00019263
-8.284042e-08,0.00019717
-8.274042e-08,0.000195873
-8.264042e-08,0.000190035
-8.254042e-08,0.000179657
-8.244042e-08,0.000168631
-8.234042e-08,0.000157604
-8.224042e-08,0.000150469
-8.214042e-08,0.000147875
-8.204042e-08,0.000151118
-8.194042e-08,0.000158902
-8.184042e-08,0.000170577
-8.174042e-08,0.000184198
-8.164042e-08,0.00019717
-8.154042e-08,0.000207548
-8.144042e-08,0.000213386
-8.134042e-08,0.000212737
-8.124042e-08,0.000206251
-8.114042e-08,0.000194576
-8.104042e-08,0.000180306
-8.094042e-08,0.000164091
-8.084042e-08,0.000147875
-8.074042e-08,0.000132957
-8.064042e-08,0.000120633
-8.054042e-08,0.000111552
-8.044042e-08,0.000105066
-8.034042e-08,9.92285e-05
-8.024042e-08,9.40395e-05
-8.014042e-08,8.69047e-05
-8.004042e-08,7.84727e-05
-7.994042e-08,6.87434e-05
-7.984042e-08,5.83654e-05
-7.974042e-08,4.79875e-05
-7.964042e-08,3.95555e-05
-7.954042e-08,3.24206e-05
-7.944042e-08,2.91775e-05
-7.934042e-08,2.85289e-05
-7.924042e-08,3.11234e-05
-7.914042e-08,3.50151e-05
-7.904042e-08,3.82582e-05
-7.894042e-08,4.08527e-05
-7.884042e-08,4.08527e-05
-7.874042e-08,3.76096e-05
-7.864042e-08,2.98261e-05
-7.854042e-08,1.87996e-05
-7.844042e-08,5.8272e-06
-7.834042e-08,-8.44244e-06
-7.824042e-08,-2.27121e-05
-7.814042e-08,-3.50359e-05
-7.804042e-08,-4.47652e-05
-7.794042e-08,-5.19e-05
-7.784042e-08,-5.64403e-05
-7.774042e-08,-5.96834e-05
-7.764042e-08,-6.16293e-05
-7.754042e-08,-6.5521e-05
-7.744042e-08,-7.071e-05
-7.734042e-08,-7.71962e-05
-7.724042e-08,-8.4331e-05
-7.714042e-08,-9.14658e-05
-7.704042e-08,-9.73034e-05
-7.694042e-08,-9.92493e-05
-7.684042e-08,-9.66548e-05
-7.674042e-08,-8.82227e-05
-7.664042e-08,-7.33045e-05
-7.654042e-08,-5.25486e-05
-7.644042e-08,-2.7901e-05
-7.634042e-08,-1.30762e-06
-7.624042e-08,2.52858e-05
-7.614042e-08,4.92848e-05
-7.604042e-08,6.80947e-05
-7.594042e-08,8.10671e-05
-7.584042e-08,8.8202e-05
-7.574042e-08,8.88506e-05
-7.564042e-08,8.56075e-05
-7.554042e-08,7.91213e-05
-7.544042e-08,7.19865e-05
-7.534042e-08,6.61489e-05
-7.524042e-08,6.35544e-05
-7.514042e-08,6.35544e-05
-7.504042e-08,6.74461e-05
-7.494042e-08,7.58782e-05
-7.484042e-08,8.75533e-05
-7.474042e-08,0.000101823
-7.464042e-08,0.000118038
-7.454042e-08,0.000134903
-7.444042e-08,0.000151767
-7.434042e-08,0.000168631
-7.424042e-08,0.000184198
-7.414042e-08,0.000199116
-7.404042e-08,0.000214034
-7.394042e-08,0.000227007
-7.384042e-08,0.000238033
-7.374042e-08,0.000246465
-7.364042e-08,0.000251654
-7.354042e-08,0.000254249
-7.344042e-08,0.000252951
-7.334042e-08,0.00024906
-7.324042e-08,0.000243222
-7.314042e-08,0.00023479
-7.304042e-08,0.000225709
-7.294042e-08,0.00021598
-7.284042e-08,0.000207548
-7.274042e-08,0.000198467
-7.264042e-08,0.000189387
-7.254042e-08,0.000179009
-7.244042e-08,0.000166036
-7.234042e-08,0.000149821
-7.224042e-08,0.000129714
-7.214042e-08,0.000105715
-7.204042e-08,7.91213e-05
-7.194042e-08,4.99334e-05
-7.184042e-08,2.13941e-05
-7.174042e-08,-3.9021e-06
-7.164042e-08,-2.40093e-05
-7.154042e-08,-3.63331e-05
-7.144042e-08,-4.08734e-05
-7.134042e-08,-3.69817e-05
-7.124042e-08,-2.53066e-05
-7.114042e-08,-7.79382e-06
-7.104042e-08,1.23134e-05
-7.094042e-08,3.30692e-05
-7.084042e-08,5.0582e-05
-7.074042e-08,6.35544e-05
-7.064042e-08,7.00406e-05
-7.054042e-08,7.06892e-05
-7.044042e-08,6.48516e-05
-7.034042e-08,5.51223e-05
-7.024042e-08,4.34472e-05
-7.014042e-08,3.1772e-05
-7.004042e-08,2.26913e-05
-6.994042e-08,1.75024e-05
-6.984042e-08,1.8151e-05
-6.974042e-08,2.39886e-05
-6.964042e-08,3.43665e-05
-6.954042e-08,4.73389e-05
-6.944042e-08,6.22572e-05
-6.934042e-08,7.84727e-05
-6.924042e-08,9.53368e-05
-6.914042e-08,0.000112201
-6.904042e-08,0.000128416
-6.894042e-08,0.000143335
-6.884042e-08,0.000156956
-6.874042e-08,0.000169928
-6.864042e-08,0.000182252
-6.854042e-08,0.000194576
-6.844042e-08,0.000204954
-6.834042e-08,0.000214034
-6.824042e-08,0.000221169
-6.814042e-08,0.000225061
-6.804042e-08,0.000226358
-6.794042e-08,0.000224412
-6.784042e-08,0.000219872
-6.774042e-08,0.000214034
-6.764042e-08,0.000206899
-6.754042e-08,0.000199765
-6.744042e-08,0.000193278
-6.734042e-08,0.000186792
-6.724042e-08,0.000179657
-6.714042e-08,0.000171225
-6.704042e-08,0.000160847
-6.694042e-08,0.000148524
-6.684042e-08,0.000133605
-6.674042e-08,0.00011739
-6.664042e-08,9.98771e-05
-6.654042e-08,8.3013e-05
-6.644042e-08,6.80947e-05
-6.634042e-08,5.70682e-05
-6.624042e-08,5.18792e-05
-6.614042e-08,5.25279e-05
-6.604042e-08,5.90141e-05
-6.594042e-08,7.06892e-05
-6.584042e-08,8.56075e-05
-6.574042e-08,9.98771e-05
-6.564042e-08,0.000112201
-6.554042e-08,0.000118687
-6.544042e-08,0.000118038
-6.534042e-08,0.000110904
-6.524042e-08,9.59854e-05
-6.514042e-08,7.52296e-05
-6.504042e-08,5.18792e-05
-6.494042e-08,2.85289e-05
-6.484042e-08,7.77306e-06
-6.474042e-08,-8.44244e-06
-6.464042e-08,-1.75231e-05
-6.454042e-08,-1.75231e-05
-6.444042e-08,-1.03883e-05
-6.434042e-08,4.52996e-06
-6.424042e-08,2.39886e-05
-6.414042e-08,4.73389e-05
-6.404042e-08,7.13378e-05
-6.394042e-08,9.40395e-05
-6.384042e-08,0.000115444
-6.374042e-08,0.000133605
-6.364042e-08,0.000149172
-6.354042e-08,0.000162793
-6.344042e-08,0.000175117
-6.334042e-08,0.000186144
-6.324042e-08,0.000195873
-6.314042e-08,0.000204305
-6.304042e-08,0.000210791
-6.294042e-08,0.000215332
-6.284042e-08,0.000216629
-6.274042e-08,0.000213386
-6.264042e-08,0.000205602
-6.254042e-08,0.000195224
-6.244042e-08,0.000180306
-6.234042e-08,0.000162793
-6.224042e-08,0.000143983
-6.214042e-08,0.000123227
-6.204042e-08,0.00010312
-6.194042e-08,8.3013e-05
-6.184042e-08,6.48516e-05
-6.174042e-08,4.86361e-05
-6.164042e-08,3.43665e-05
-6.154042e-08,2.13941e-05
-6.144042e-08,1.03675e-05
-6.134042e-08,1.93548e-06
-6.124042e-08,-3.25348e-06
-6.114042e-08,-4.55072e-06
-6.104042e-08,-2.60486e-06
-6.094042e-08,5.17858e-06
-6.084042e-08,1.68537e-05
-6.074042e-08,3.37179e-05
-6.064042e-08,5.51223e-05
-6.054042e-08,7.97699e-05
-6.044042e-08,0.000106363
-6.034042e-08,0.00013166
-6.024042e-08,0.000154361
-6.014042e-08,0.000172523
-6.004042e-08,0.000186144
-5.994042e-08,0.000193278
-5.984042e-08,0.000193927
-5.974042e-08,0.000190684
-5.964042e-08,0.000182901
-5.954042e-08,0.000173171
-5.944042e-08,0.000163442
-5.934042e-08,0.000155658
-5.924042e-08,0.000151118
-5.914042e-08,0.000149821
-5.904042e-08,0.000151767
-5.894042e-08,0.000156307
-5.884042e-08,0.000163442
-5.874042e-08,0.000171874
-5.864042e-08,0.000179657
-5.854042e-08,0.000187441
-5.844042e-08,0.000193278
-5.834042e-08,0.00019717
-5.824042e-08,0.000199765
-5.814042e-08,0.000200413
-5.804042e-08,0.000199116
-5.794042e-08,0.000195873
-5.784042e-08,0.000190684
-5.774042e-08,0.000183549
-5.764042e-08,0.00017382
-5.754042e-08,0.000161496
-5.744042e-08,0.000145929
-5.734042e-08,0.000129065
-5.724042e-08,0.000110255
-5.714042e-08,9.07964e-05
-5.704042e-08,7.19865e-05
-5.694042e-08,5.64196e-05
-5.684042e-08,4.47444e-05
-5.674042e-08,3.76096e-05
-5.664042e-08,3.63124e-05
-5.654042e-08,4.08527e-05
-5.644042e-08,4.99334e-05
-5.634042e-08,6.22572e-05
-5.624042e-08,7.65268e-05
-5.614042e-08,9.14451e-05
-5.604042e-08,0.000105066
-5.594042e-08,0.000115444
-5.584042e-08,0.000123227
-5.574042e-08,0.000127768
-5.564042e-08,0.000129714
-5.554042e-08,0.000129714
-5.544042e-08,0.000129714
-5.534042e-08,0.000128416
-5.524042e-08,0.000127119
-5.514042e-08,0.000125822
-5.504042e-08,0.000124525
-5.494042e-08,0.000122579
-5.484042e-08,0.000120633
-5.474042e-08,0.00011739
-5.464042e-08,0.000113498
-5.454042e-08,0.000108958
-5.444042e-08,0.000104417
-5.434042e-08,0.000101823
-5.424042e-08,0.000101823
-5.414042e-08,0.000106363
-5.404042e-08,0.000116093
-5.394042e-08,0.000130362
-5.384042e-08,0.000150469
-5.374042e-08,0.00017382
-5.364042e-08,0.000199765
-5.354042e-08,0.000225061
-5.344042e-08,0.000247114
-5.334042e-08,0.000265275
-5.324042e-08,0.000277599
-5.314042e-08,0.000282788
-5.304042e-08,0.000280842
-5.294042e-08,0.000271761
-5.284042e-08,0.000256843
-5.274042e-08,0.000237385
-5.264042e-08,0.000213386
-5.254042e-08,0.000187441
-5.244042e-08,0.000160199
-5.234042e-08,0.000131011
-5.224042e-08,0.000101174
-5.214042e-08,7.13378e-05
-5.204042e-08,4.08527e-05
-5.194042e-08,1.03675e-05
-5.184042e-08,-1.9469e-05
-5.174042e-08,-4.6711e-05
-5.164042e-08,-7.00614e-05
-5.154042e-08,-8.75741e-05
-5.144042e-08,-9.86006e-05
-5.134042e-08,-0.000101844
-5.124042e-08,-9.60062e-05
-5.114042e-08,-8.23851e-05
-5.104042e-08,-6.22779e-05
-5.094042e-08,-3.56845e-05
-5.084042e-08,-6.49658e-06
-5.074042e-08,2.46372e-05
-5.064042e-08,5.38251e-05
-5.054042e-08,8.04185e-05
-5.044042e-08,0.000103769
-5.034042e-08,0.000122579
-5.024042e-08,0.000136848
-5.014042e-08,0.000147875
-5.004042e-08,0.00015501
-4.994042e-08,0.000158902
-4.984042e-08,0.000160847
-4.974042e-08,0.000160847
-4.964042e-08,0.000158253
-4.954042e-08,0.000153713
-4.944042e-08,0.000145929
-4.934042e-08,0.000135551
-4.924042e-08,0.000122579
-4.914042e-08,0.000108309
-4.904042e-08,9.40395e-05
-4.894042e-08,8.23644e-05
-4.884042e-08,7.26351e-05
-4.874042e-08,6.74461e-05
-4.864042e-08,6.80947e-05
-4.854042e-08,7.39323e-05
-4.844042e-08,8.43102e-05
-4.834042e-08,9.92285e-05
-4.824042e-08,0.00011739
-4.814042e-08,0.0001362
-4.804042e-08,0.000154361
-4.794042e-08,0.000168631
-4.784042e-08,0.00017836
-4.774042e-08,0.000181603
-4.764042e-08,0.000179009
-4.754042e-08,0.000169928
-4.744042e-08,0.00015501
-4.734042e-08,0.000135551
-4.724042e-08,0.000113498
-4.714042e-08,9.01478e-05
-4.704042e-08,6.74461e-05
-4.694042e-08,4.60417e-05
-4.684042e-08,2.78803e-05
-4.674042e-08,1.36106e-05
-4.664042e-08,3.88134e-06
-4.654042e-08,-6.58998e-07
-4.644042e-08,6.38242e-07
-4.634042e-08,7.12444e-06
-4.624042e-08,1.75024e-05
-4.614042e-08,3.1772e-05
-4.604042e-08,4.86361e-05
-4.594042e-08,6.74461e-05
-4.584042e-08,8.56075e-05
-4.574042e-08,0.000103769
-4.564042e-08,0.000118687
-4.554042e-08,0.000130362
-4.544042e-08,0.000137497
-4.534042e-08,0.00014074
-4.524042e-08,0.000138794
-4.514042e-08,0.000132308
-4.504042e-08,0.000123227
-4.494042e-08,0.000112201
-4.484042e-08,0.000100526
-4.474042e-08,8.88506e-05
-4.464042e-08,7.7824e-05
-4.454042e-08,6.9392e-05
-4.444042e-08,6.16085e-05
-4.434042e-08,5.51223e-05
-4.424042e-08,4.99334e-05
-4.414042e-08,4.60417e-05
-4.404042e-08,4.27986e-05
-4.394042e-08,3.89068e-05
-4.384042e-08,3.50151e-05
-4.374042e-08,2.98261e-05
-4.364042e-08,2.39886e-05
-4.354042e-08,1.8151e-05
-4.344042e-08,1.2962e-05
-4.334042e-08,7.77306e-06
-4.324042e-08,3.23272e-06
-4.314042e-08,-6.58998e-07
-4.304042e-08,-4.55072e-06
-4.294042e-08,-8.44244e-06
-4.284042e-08,-1.36314e-05
-4.274042e-08,-2.07662e-05
-4.264042e-08,-2.91983e-05
-4.254042e-08,-3.95762e-05
-4.244042e-08,-4.99541e-05
-4.234042e-08,-6.03321e-05
-4.224042e-08,-6.87641e-05
-4.214042e-08,-7.26558e-05
-4.204042e-08,-7.20072e-05
-4.194042e-08,-6.48724e-05
-4.184042e-08,-5.19e-05
-4.174042e-08,-3.24414e-05
-4.164042e-08,-7.79382e-06
-4.154042e-08,1.94482e-05
-4.144042e-08,4.66903e-05
-4.134042e-08,7.19865e-05
-4.124042e-08,9.33909e-05
-4.114042e-08,0.000108958
-4.104042e-08,0.000119336
-4.094042e-08,0.000123876
-4.084042e-08,0.000123876
-4.074042e-08,0.000120633
-4.064042e-08,0.000116093
-4.054042e-08,0.000112201
-4.044042e-08,0.000110904
-4.034042e-08,0.00011285
-4.024042e-08,0.00011739
-4.014042e-08,0.000125173
-4.004042e-08,0.000133605
-3.994042e-08,0.000141389
-3.984042e-08,0.000146578
-3.974042e-08,0.000148524
-3.964042e-08,0.000146578
-3.954042e-08,0.000140092
-3.944042e-08,0.000129714
-3.934042e-08,0.000116741
-3.924042e-08,0.000102472
-3.914042e-08,8.8202e-05
-3.904042e-08,7.52296e-05
-3.894042e-08,6.4203e-05
-3.884042e-08,5.5771e-05
-3.874042e-08,4.99334e-05
-3.864042e-08,4.66903e-05
-3.854042e-08,4.5393e-05
-3.844042e-08,4.5393e-05
-3.834042e-08,4.60417e-05
-3.824042e-08,4.79875e-05
-3.814042e-08,5.0582e-05
-3.804042e-08,5.44737e-05
-3.794042e-08,6.03113e-05
-3.784042e-08,6.74461e-05
-3.774042e-08,7.58782e-05
-3.764042e-08,8.56075e-05
-3.754042e-08,9.59854e-05
-3.744042e-08,0.000105715
-3.734042e-08,0.000114795
-3.724042e-08,0.000122579
-3.714042e-08,0.000128416
-3.704042e-08,0.000132308
-3.694042e-08,0.000135551
-3.684042e-08,0.000137497
-3.674042e-08,0.000139443
-3.664042e-08,0.000141389
-3.654042e-08,0.000144632
-3.644042e-08,0.000147875
-3.634042e-08,0.000151118
-3.624042e-08,0.000152415
-3.614042e-08,0.000152415
-3.604042e-08,0.000147226
-3.594042e-08,0.000136848
-3.584042e-08,0.000119984
-3.574042e-08,9.6634e-05
-3.564042e-08,6.87434e-05
-3.554042e-08,3.6961e-05
-3.544042e-08,4.52996e-06
-3.534042e-08,-2.59552e-05
-3.524042e-08,-5.12514e-05
-3.514042e-08,-7.00614e-05
-3.504042e-08,-7.97907e-05
-3.494042e-08,-7.97907e-05
-3.484042e-08,-7.13586e-05
-3.474042e-08,-5.51431e-05
-3.464042e-08,-3.24414e-05
-3.454042e-08,-5.84796e-06
-3.444042e-08,2.20427e-05
-3.434042e-08,4.92848e-05
-3.424042e-08,7.45809e-05
-3.414042e-08,9.72826e-05
-3.404042e-08,0.000116093
-3.394042e-08,0.000131011
-3.384042e-08,0.000143335
-3.374042e-08,0.000153713
-3.364042e-08,0.000162145
-3.354042e-08,0.000168631
-3.344042e-08,0.000173171
-3.334042e-08,0.000175117
-3.324042e-08,0.000175117
-3.314042e-08,0.000171874
-3.304042e-08,0.000165388
-3.294042e-08,0.000156956
-3.284042e-08,0.000145281
-3.274042e-08,0.000132308
-3.264042e-08,0.000118687
-3.254042e-08,0.000107012
-3.244042e-08,9.79313e-05
-3.234042e-08,9.14451e-05
-3.224042e-08,8.8202e-05
-3.214042e-08,8.88506e-05
-3.204042e-08,9.27423e-05
-3.194042e-08,9.72826e-05
-3.184042e-08,0.000101823
-3.174042e-08,0.000105715
-3.164042e-08,0.000107661
-3.154042e-08,0.000106363
-3.144042e-08,0.000102472
-3.134042e-08,9.59854e-05
-3.124042e-08,8.88506e-05
-3.114042e-08,8.04185e-05
-3.104042e-08,7.32837e-05
-3.094042e-08,6.87434e-05
-3.084042e-08,6.80947e-05
-3.074042e-08,7.13378e-05
-3.064042e-08,7.7824e-05
-3.054042e-08,8.8202e-05
-3.044042e-08,0.000101174
-3.034042e-08,0.000114147
-3.024042e-08,0.000127119
-3.014042e-08,0.000139443
-3.004042e-08,0.000150469
-2.994042e-08,0.000158902
-2.984042e-08,0.000164739
-2.974042e-08,0.000168631
-2.964042e-08,0.000170577
-2.954042e-08,0.000170577
-2.944042e-08,0.000169279
-2.934042e-08,0.000167334
-2.924042e-08,0.000163442
-2.914042e-08,0.000158253
-2.904042e-08,0.000151767
-2.894042e-08,0.000144632
-2.884042e-08,0.000136848
-2.874042e-08,0.000128416
-2.864042e-08,0.000121282
-2.854042e-08,0.000114795
-2.844042e-08,0.000109606
-2.834042e-08,0.000105715
-2.824042e-08,0.00010312
-2.814042e-08,0.000100526
-2.804042e-08,9.85799e-05
-2.794042e-08,9.59854e-05
-2.784042e-08,9.27423e-05
-2.774042e-08,8.88506e-05
-2.764042e-08,8.43102e-05
-2.754042e-08,7.97699e-05
-2.744042e-08,7.45809e-05
-2.734042e-08,7.06892e-05
-2.724042e-08,6.80947e-05
-2.714042e-08,6.80947e-05
-2.704042e-08,7.06892e-05
-2.694042e-08,7.65268e-05
-2.684042e-08,8.36616e-05
-2.674042e-08,9.14451e-05
-2.664042e-08,9.92285e-05
-2.654042e-08,0.000105066
-2.644042e-08,0.000108309
-2.634042e-08,0.000108309
-2.624042e-08,0.000103769
-2.614042e-08,9.72826e-05
-2.604042e-08,8.8202e-05
-2.594042e-08,7.7824e-05
-2.584042e-08,6.74461e-05
-2.574042e-08,5.83654e-05
-2.564042e-08,5.25279e-05
-2.554042e-08,4.99334e-05
-2.544042e-08,4.92848e-05
-2.534042e-08,5.18792e-05
-2.524042e-08,5.5771e-05
-2.514042e-08,5.90141e-05
-2.504042e-08,6.22572e-05
-2.494042e-08,6.35544e-05
-2.484042e-08,6.35544e-05
-2.474042e-08,6.16085e-05
-2.464042e-08,5.96627e-05
-2.454042e-08,5.90141e-05
-2.444042e-08,6.09599e-05
-2.434042e-08,6.4203e-05
-2.424042e-08,7.06892e-05
-2.414042e-08,8.04185e-05
-2.404042e-08,9.27423e-05
-2.394042e-08,0.000105066
-2.384042e-08,0.000116741
-2.374042e-08,0.000125822
-2.364042e-08,0.00013166
-2.354042e-08,0.000132957
-2.344042e-08,0.000131011
-2.334042e-08,0.000125173
-2.324042e-08,0.000118038
-2.314042e-08,0.000110255
-2.304042e-08,0.000104417
-2.294042e-08,0.000101823
-2.284042e-08,0.00010312
-2.274042e-08,0.000108958
-2.264042e-08,0.000118038
-2.254042e-08,0.000129714
-2.244042e-08,0.000141389
-2.234042e-08,0.000150469
-2.224042e-08,0.000156307
-2.214042e-08,0.000158253
-2.204042e-08,0.000155658
-2.194042e-08,0.000147875
-2.184042e-08,0.000136848
-2.174042e-08,0.000125173
-2.164042e-08,0.000113498
-2.154042e-08,0.000105066
-2.144042e-08,9.92285e-05
-2.134042e-08,9.72826e-05
-2.124042e-08,9.85799e-05
-2.114042e-08,0.000101174
-2.104042e-08,0.000104417
-2.094042e-08,0.000107012
-2.084042e-08,0.000107661
-2.074042e-08,0.000105066
-2.064042e-08,0.000100526
-2.054042e-08,9.40395e-05
-2.044042e-08,8.69047e-05
-2.034042e-08,7.97699e-05
-2.024042e-08,7.45809e-05
-2.014042e-08,7.13378e-05
-2.004042e-08,6.9392e-05
-1.994042e-08,6.9392e-05
-1.984042e-08,6.9392e-05
-1.974042e-08,6.9392e-05
-1.964042e-08,6.67975e-05
-1.954042e-08,6.22572e-05
-1.944042e-08,5.44737e-05
-1.934042e-08,4.47444e-05
-1.924042e-08,3.37179e-05
-1.914042e-08,2.33399e-05
-1.904042e-08,1.55565e-05
-1.894042e-08,1.03675e-05
-1.884042e-08,1.03675e-05
-1.874042e-08,1.49079e-05
-1.864042e-08,2.39886e-05
-1.854042e-08,3.6961e-05
-1.844042e-08,5.25279e-05
-1.834042e-08,6.74461e-05
-1.824042e-08,8.17158e-05
-1.814042e-08,9.20937e-05
-1.804042e-08,9.92285e-05
-1.794042e-08,0.000102472
-1.784042e-08,0.000102472
-1.774042e-08,0.000100526
-1.764042e-08,9.79313e-05
-1.754042e-08,9.6634e-05
-1.744042e-08,9.6634e-05
-1.734042e-08,9.92285e-05
-1.724042e-08,0.00010312
-1.714042e-08,0.000107661
-1.704042e-08,0.000111552
-1.694042e-08,0.00011285
-1.684042e-08,0.000110904
-1.674042e-08,0.000103769
-1.664042e-08,9.27423e-05
-1.654042e-08,7.7824e-05
-1.644042e-08,6.03113e-05
-1.634042e-08,4.08527e-05
-1.624042e-08,2.20427e-05
-1.614042e-08,5.17858e-06
-1.604042e-08,-7.79382e-06
-1.594042e-08,-1.75231e-05
-1.584042e-08,-2.46579e-05
-1.574042e-08,-2.91983e-05
-1.564042e-08,-3.37386e-05
-1.554042e-08,-3.89276e-05
-1.544042e-08,-4.54138e-05
-1.534042e-08,-5.38459e-05
-1.524042e-08,-6.42238e-05
-1.514042e-08,-7.52503e-05
-1.504042e-08,-8.56282e-05
-1.494042e-08,-9.40603e-05
-1.484042e-08,-9.86006e-05
-1.474042e-08,-9.92493e-05
-1.464042e-08,-9.60062e-05
-1.454042e-08,-8.82227e-05
-1.444042e-08,-7.71962e-05
-1.434042e-08,-6.5521e-05
-1.424042e-08,-5.44945e-05
-1.414042e-08,-4.41165e-05
-1.404042e-08,-3.56845e-05
-1.394042e-08,-3.11441e-05
-1.384042e-08,-2.91983e-05
-1.374042e-08,-2.91983e-05
-1.364042e-08,-2.98469e-05
-1.354042e-08,-2.98469e-05
-1.344042e-08,-2.7901e-05
-1.334042e-08,-2.46579e-05
-1.324042e-08,-1.9469e-05
-1.314042e-08,-1.428e-05
-1.304042e-08,-9.73968e-06
-1.294042e-08,-5.84796e-06
-1.284042e-08,-3.9021e-06
-1.274042e-08,-5.19934e-06
-1.264042e-08,-7.79382e-06
-1.254042e-08,-1.16855e-05
-1.244042e-08,-1.428e-05
-1.234042e-08,-1.428e-05
-1.224042e-08,-1.03883e-05
-1.214042e-08,-6.58998e-07
-1.204042e-08,1.36106e-05
-1.194042e-08,3.24206e-05
-1.184042e-08,5.51223e-05
-1.174042e-08,7.91213e-05
-1.164042e-08,0.000101823
-1.154042e-08,0.00012193
-1.144042e-08,0.000137497
-1.134042e-08,0.000147875
-1.124042e-08,0.000154361
-1.114042e-08,0.000157604
-1.104042e-08,0.000158253
-1.094042e-08,0.00015955
-1.084042e-08,0.000162145
-1.074042e-08,0.000166036
-1.064042e-08,0.000172523
-1.054042e-08,0.000181603
-1.044042e-08,0.000190684
-1.034042e-08,0.000199765
-1.024042e-08,0.000205602
-1.014042e-08,0.000208845
-1.004042e-08,0.000207548
-9.940422e-09,0.000202359
-9.840422e-09,0.000193927
-9.740422e-09,0.000183549
-9.640422e-09,0.000171225
-9.540422e-09,0.00015955
-9.440422e-09,0.000147875
-9.340422e-09,0.000137497
-9.240422e-09,0.000128416
-9.140422e-09,0.000119984
-9.040422e-09,0.000110255
-8.940422e-09,9.79313e-05
-8.840422e-09,8.36616e-05
-8.740422e-09,6.61489e-05
-8.640422e-09,4.60417e-05
-8.540422e-09,2.59344e-05
-8.440422e-09,7.77306e-06
-8.340422e-09,-6.49658e-06
-8.240422e-09,-1.36314e-05
-8.140422e-09,-1.29828e-05
-8.040422e-09,-3.25348e-06
-7.940422e-09,1.49079e-05
-7.840422e-09,3.89068e-05
-7.740422e-09,6.74461e-05
-7.640422e-09,9.6634e-05
-7.540422e-09,0.000122579
-7.440422e-09,0.000142686
-7.340422e-09,0.000155658
-7.240422e-09,0.000158902
-7.140422e-09,0.000153064
-7.040422e-09,0.000138794
-6.940422e-09,0.000119984
-6.840422e-09,9.79313e-05
-6.740422e-09,7.52296e-05
-6.640422e-09,5.51223e-05
-6.540422e-09,3.76096e-05
-6.440422e-09,2.52858e-05
-6.340422e-09,1.68537e-05
-6.240422e-09,1.2962e-05
-6.140422e-09,1.2962e-05
-6.040422e-09,1.55565e-05
-5.940422e-09,2.00968e-05
-5.840422e-09,2.6583e-05
-5.740422e-09,3.50151e-05
-5.640422e-09,4.5393e-05
-5.540422e-09,5.5771e-05
-5.440422e-09,6.80947e-05
-5.340422e-09,8.17158e-05
-5.240422e-09,9.46882e-05
-5.140422e-09,0.000107012
-5.040422e-09,0.00011739
-4.940422e-09,0.000125173
-4.840422e-09,0.000129065
-4.740422e-09,0.000128416
-4.640422e-09,0.000123876
-4.540422e-09,0.000116741
-4.440422e-09,0.000108309
-4.340422e-09,9.98771e-05
-4.240422e-09,9.33909e-05
-4.140422e-09,9.01478e-05
-4.040422e-09,9.01478e-05
-3.940422e-09,9.33909e-05
-3.840422e-09,9.85799e-05
-3.740422e-09,0.000104417
-3.640422e-09,0.000108309
-3.540422e-09,0.000108309
-3.440422e-09,0.000103769
-3.340422e-09,9.27423e-05
-3.240422e-09,7.65268e-05
-3.140422e-09,5.5771e-05
-3.040422e-09,3.1772e-05
-2.940422e-09,6.47582e-06
-2.840422e-09,-1.88204e-05
-2.740422e-09,-4.34679e-05
-2.640422e-09,-6.61696e-05
-2.540422e-09,-8.75741e-05
-2.440422e-09,-0.000107681
-2.340422e-09,-0.000127789
-2.240422e-09,-0.000148544
-2.140422e-09,-0.000171895
-2.040422e-09,-0.00019784
-1.940422e-09,-0.000226379
-1.840422e-09,-0.000256215
-1.740422e-09,-0.000287349
-1.640422e-09,-0.000317834
-1.540422e-09,-0.000348319
-1.440422e-09,-0.00037621
-1.340422e-09,-0.000403452
-1.240422e-09,-0.000430694
-1.140422e-09,-0.000460531
-1.040422e-09,-0.000495556
-9.404217e-10,-0.000538365
-8.404217e-10,-0.000591552
-7.404217e-10,-0.00065836
-6.404217e-10,-0.00073814
-5.404217e-10,-0.000831541
-4.404217e-10,-0.000936618
-3.404217e-10,-0.00105272
-2.404217e-10,-0.00117466
-1.404217e-10,-0.00130049
-4.042171e-11,-0.00142827
5.957829e-11,-0.0015567
1.595783e-10,-0.00168577
2.595783e-10,-0.0018168
3.595783e-10,-0.00195236
4.595783e-10,-0.00209376
5.595783e-10,-0.00224294
6.595783e-10,-0.0023999
7.595783e-10,-0.00256595
8.595783e-10,-0.00273848
9.595783e-10,-0.00291491
1.059578e-09,-0.00309198
1.159578e-09,-0.00326516
1.259578e-09,-0.00343186
1.359578e-09,-0.00358753
1.459578e-09,-0.00373152
1.559578e-09,-0.00386189
1.659578e-09,-0.00397865
1.759578e-09,-0.00408307
1.859578e-09,-0.00417648
1.959578e-09,-0.00426015
2.059578e-09,-0.00433668
2.159578e-09,-0.00440479
2.259578e-09,-0.00446576
2.359578e-09,-0.00451895
2.459578e-09,-0.004565
2.559578e-09,-0.00460197
2.659578e-09,-0.00462921
2.759578e-09,-0.00464737
2.859578e-09,-0.0046584
2.959578e-09,-0.00466294
3.059578e-09,-0.00466099
3.159578e-09,-0.00465516
3.259578e-09,-0.00464543
3.359578e-09,-0.0046331
3.459578e-09,-0.00461689
3.559578e-09,-0.00459548
3.659578e-09,-0.00456694
3.759578e-09,-0.00453127
3.859578e-09,-0.00448587
3.959578e-09,-0.00443203
4.059578e-09,-0.00437171
4.159578e-09,-0.0043062
4.259578e-09,-0.00423809
4.359578e-09,-0.00417194
4.459578e-09,-0.00410967
4.559578e-09,-0.00405324
4.659578e-09,-0.00400329
4.759578e-09,-0.00395984
4.859578e-09,-0.00391962
4.959578e-09,-0.00387876
5.059578e-09,-0.003834
5.159578e-09,-0.00378147
5.259578e-09,-0.00371985
5.359578e-09,-0.0036472
5.459578e-09,-0.00356548
5.559578e-09,-0.00347532
5.659578e-09,-0.00338062
5.759578e-09,-0.00328527
5.859578e-09,-0.00319252
5.959578e-09,-0.00310625
6.059578e-09,-0.00302777
6.159578e-09,-0.00295837
6.259578e-09,-0.0028974
6.359578e-09,-0.00284291
6.459578e-09,-0.00279362
6.559578e-09,-0.00274757
6.659578e-09,-0.00270216
6.759578e-09,-0.00265676
6.859578e-09,-0.00261071
6.959578e-09,-0.00256465
7.059578e-09,-0.0025199
7.159578e-09,-0.00247709
7.259578e-09,-0.00243752
7.359578e-09,-0.0023999
7.459578e-09,-0.00236488
7.559578e-09,-0.0023305
7.659578e-09,-0.00229548
7.759578e-09,-0.00225851
7.859578e-09,-0.00221764
7.959578e-09,-0.00217159
8.059578e-09,-0.002121
8.159578e-09,-0.00206392
8.259578e-09,-0.00200295
8.359578e-09,-0.00194003
8.459578e-09,-0.00187647
8.559578e-09,-0.00181485
8.659578e-09,-0.00175583
8.759578e-09,-0.0016994
8.859578e-09,-0.00164686
8.959578e-09,-0.00159691
9.059578e-09,-0.00154762
9.159578e-09,-0.00149962
9.259578e-09,-0.00145097
9.359578e-09,-0.00140103
9.459578e-09,-0.00135109
9.559578e-09,-0.00130049
9.659578e-09,-0.00125185
9.759578e-09,-0.00120515
9.859578e-09,-0.00116104
9.959578e-09,-0.00112083
1.005958e-08,-0.0010858
1.015958e-08,-0.00105467
1.025958e-08,-0.00102742
1.035958e-08,-0.00100343
1.045958e-08,-0.00098267
1.055958e-08,-0.00096386
1.065958e-08,-0.000947644
1.075958e-08,-0.000934672
1.085958e-08,-0.000924943
1.095958e-08,-0.000918457
1.105958e-08,-0.000915213
1.115958e-08,-0.000916511
1.125958e-08,-0.000921051
1.135958e-08,-0.000928834
1.145958e-08,-0.000938564
1.155958e-08,-0.000948942
1.165958e-08,-0.000958671
1.175958e-08,-0.000966454
1.185958e-08,-0.000971643
1.195958e-08,-0.000974238
1.205958e-08,-0.000975535
1.215958e-08,-0.000975535
1.225958e-08,-0.000976832
1.235958e-08,-0.000980724
1.245958e-08,-0.000988507
1.255958e-08,-0.00100083
1.265958e-08,-0.00101705
1.275958e-08,-0.00103715
1.285958e-08,-0.00105856
1.295958e-08,-0.00107867
1.305958e-08,-0.00109683
1.315958e-08,-0.00111045
1.325958e-08,-0.00111823
1.335958e-08,-0.00111953
1.345958e-08,-0.00111499
1.355958e-08,-0.00110461
1.365958e-08,-0.00109099
1.375958e-08,-0.00107413
1.385958e-08,-0.00105596
1.395958e-08,-0.0010378
1.405958e-08,-0.00102029
1.415958e-08,-0.00100213
1.425958e-08,-0.000982021
1.435958e-08,-0.000959968
1.445958e-08,-0.000935321
1.455958e-08,-0.000908079
1.465958e-08,-0.000876945
1.475958e-08,-0.000843217
1.485958e-08,-0.000808191
1.495958e-08,-0.000774463
1.505958e-08,-0.00074268
1.515958e-08,-0.000715438
1.525958e-08,-0.000695331
1.535958e-08,-0.000683007
1.545958e-08,-0.000678467
1.555958e-08,-0.000680413
1.565958e-08,-0.000688845
1.575958e-08,-0.000699872
1.585958e-08,-0.000712195
1.595958e-08,-0.000723222
1.605958e-08,-0.000731654
1.615958e-08,-0.000736194
1.625958e-08,-0.000734897
1.635958e-08,-0.000729059
1.645958e-08,-0.000719979
1.655958e-08,-0.000707655
1.665958e-08,-0.000692737
1.675958e-08,-0.000675873
1.685958e-08,-0.000657711
1.695958e-08,-0.000637604
1.705958e-08,-0.000616848
1.715958e-08,-0.000595444
1.725958e-08,-0.000572093
1.735958e-08,-0.000548743
1.745958e-08,-0.000524744
1.755958e-08,-0.000501394
1.765958e-08,-0.000479989
1.775958e-08,-0.000461828
1.785958e-08,-0.000448207
1.795958e-08,-0.000439126
1.805958e-08,-0.000435234
1.815958e-08,-0.000435883
1.825958e-08,-0.000440423
1.835958e-08,-0.000448207
1.845958e-08,-0.000459233
1.855958e-08,-0.00047026
1.865958e-08,-0.000481287
1.875958e-08,-0.000491664
1.885958e-08,-0.000500745
1.895958e-08,-0.00050788
1.905958e-08,-0.000513718
1.915958e-08,-0.000519555
1.925958e-08,-0.000525393
1.935958e-08,-0.000529933
1.945958e-08,-0.000533176
1.955958e-08,-0.000534473
1.965958e-08,-0.000533176
1.975958e-08,-0.000528636
1.985958e-08,-0.000518906
1.995958e-08,-0.000504637
2.005958e-08,-0.000487124
2.015958e-08,-0.000466368
2.025958e-08,-0.000444315
2.035958e-08,-0.000422262
2.045958e-08,-0.000402803
2.055958e-08,-0.000386588
2.065958e-08,-0.000374913
2.075958e-08,-0.000368427
2.085958e-08,-0.000365184
2.095958e-08,-0.000365184
2.105958e-08,-0.000365832
2.115958e-08,-0.000365832
2.125958e-08,-0.000363886
2.135958e-08,-0.000358697
2.145958e-08,-0.000349617
2.155958e-08,-0.000337941
2.165958e-08,-0.00032432
2.175958e-08,-0.000310699
2.185958e-08,-0.000298376
2.195958e-08,-0.000289295
2.205958e-08,-0.000284106
2.215958e-08,-0.000283457
2.225958e-08,-0.000286052
2.235958e-08,-0.000289944
2.245958e-08,-0.000295781
2.255958e-08,-0.000299673
2.265958e-08,-0.000299673
2.275958e-08,-0.000294484
2.285958e-08,-0.000284106
2.295958e-08,-0.000267891
2.305958e-08,-0.000247783
2.315958e-08,-0.000225082
2.325958e-08,-0.000203028
2.335958e-08,-0.000182921
2.345958e-08,-0.000166057
2.355958e-08,-0.000155031
2.365958e-08,-0.000149193
2.375958e-08,-0.000149193
2.385958e-08,-0.000153733
2.395958e-08,-0.00016022
2.405958e-08,-0.0001693
2.415958e-08,-0.000178381
2.425958e-08,-0.000186164
2.435958e-08,-0.000193948
2.445958e-08,-0.000201731
2.455958e-08,-0.000209515
2.465958e-08,-0.000218595
2.475958e-08,-0.000227676
2.485958e-08,-0.000239351
2.495958e-08,-0.000251675
2.505958e-08,-0.000265296
2.515958e-08,-0.000278268
2.525958e-08,-0.000289295
2.535958e-08,-0.000299024
2.545958e-08,-0.00030551
2.555958e-08,-0.000308754
2.565958e-08,-0.000309402
2.575958e-08,-0.000308754
2.585958e-08,-0.000307456
2.595958e-08,-0.000308105
2.605958e-08,-0.000311348
2.615958e-08,-0.000317834
2.625958e-08,-0.000327564
2.635958e-08,-0.000341185
2.645958e-08,-0.0003574
2.655958e-08,-0.000374264
2.665958e-08,-0.000389831
2.675958e-08,-0.000401506
2.685958e-08,-0.000407992
2.695958e-08,-0.000408641
2.705958e-08,-0.000402803
2.715958e-08,-0.000391777
2.725958e-08,-0.000375561
2.735958e-08,-0.0003574
2.745958e-08,-0.000337293
2.755958e-08,-0.000317834
2.765958e-08,-0.000301619
2.775958e-08,-0.000288646
2.785958e-08,-0.000280214
2.795958e-08,-0.000275674
2.805958e-08,-0.000276323
2.815958e-08,-0.000279566
2.825958e-08,-0.000284755
2.835958e-08,-0.000291241
2.845958e-08,-0.000297727
2.855958e-08,-0.000304213
2.865958e-08,-0.000307456
2.875958e-08,-0.000308754
2.885958e-08,-0.000307456
2.895958e-08,-0.000302916
2.905958e-08,-0.000293187
2.915958e-08,-0.000280214
2.925958e-08,-0.000262702
2.935958e-08,-0.000242594
2.945958e-08,-0.000220541
2.955958e-08,-0.000197191
2.965958e-08,-0.000173192
2.975958e-08,-0.000151139
2.985958e-08,-0.000131032
2.995958e-08,-0.000114816
3.005958e-08,-0.000103141
3.015958e-08,-9.73034e-05
3.025958e-08,-9.53575e-05
3.035958e-08,-9.73034e-05
3.045958e-08,-0.000102492
3.055958e-08,-0.000107681
3.065958e-08,-0.000110924
3.075958e-08,-0.000110276
3.085958e-08,-0.000105735
3.095958e-08,-9.53575e-05
3.105958e-08,-8.04393e-05
3.115958e-08,-6.16293e-05
3.125958e-08,-4.15221e-05
3.135958e-08,-2.20635e-05
3.145958e-08,-6.49658e-06
3.155958e-08,3.23272e-06
3.165958e-08,5.17858e-06
3.175958e-08,-1.30762e-06
3.185958e-08,-1.62259e-05
3.195958e-08,-3.69817e-05
3.205958e-08,-6.16293e-05
3.215958e-08,-8.69255e-05
3.225958e-08,-0.000109627
3.235958e-08,-0.000127789
3.245958e-08,-0.000139464
3.255958e-08,-0.000144004
3.265958e-08,-0.00014141
3.275958e-08,-0.00013168
3.285958e-08,-0.000117411
3.295958e-08,-0.000100547
3.305958e-08,-8.23851e-05
3.315958e-08,-6.5521e-05
3.325958e-08,-4.99541e-05
3.335958e-08,-3.69817e-05
3.345958e-08,-2.72524e-05
3.355958e-08,-2.01176e-05
3.365958e-08,-1.49286e-05
3.375958e-08,-1.23342e-05
3.385958e-08,-1.16855e-05
3.395958e-08,-1.29828e-05
3.405958e-08,-1.81717e-05
3.415958e-08,-2.66038e-05
3.425958e-08,-3.95762e-05
3.435958e-08,-5.57917e-05
3.445958e-08,-7.65476e-05
3.455958e-08,-0.000100547
3.465958e-08,-0.000125843
3.475958e-08,-0.000151787
3.485958e-08,-0.000175786
3.495958e-08,-0.000196542
3.505958e-08,-0.000213406
3.515958e-08,-0.000225082
3.525958e-08,-0.000233514
3.535958e-08,-0.000239351
3.545958e-08,-0.000243892
3.555958e-08,-0.000247135
3.565958e-08,-0.000250378
3.575958e-08,-0.000255567
3.585958e-08,-0.000262702
3.595958e-08,-0.000271782
3.605958e-08,-0.00028216
3.615958e-08,-0.000293187
3.625958e-08,-0.000304213
3.635958e-08,-0.00031524
3.645958e-08,-0.000325618
3.655958e-08,-0.000335996
3.665958e-08,-0.000346374
3.675958e-08,-0.000358697
3.685958e-08,-0.000372318
3.695958e-08,-0.000388534
3.705958e-08,-0.000407992
3.715958e-08,-0.000428748
3.725958e-08,-0.000450801
3.735958e-08,-0.000472854
3.745958e-08,-0.000492962
3.755958e-08,-0.000509826
3.765958e-08,-0.000522798
3.775958e-08,-0.000529284
3.785958e-08,-0.000529284
3.795958e-08,-0.00052215
3.805958e-08,-0.00050788
3.815958e-08,-0.000487124
3.825958e-08,-0.000461179
3.835958e-08,-0.000430694
3.845958e-08,-0.000396966
3.855958e-08,-0.000360643
3.865958e-08,-0.000323023
3.875958e-08,-0.000284755
3.885958e-08,-0.000245837
3.895958e-08,-0.00020692
3.905958e-08,-0.0001693
3.915958e-08,-0.000133626
3.925958e-08,-0.000101195
3.935958e-08,-7.20072e-05
3.945958e-08,-4.60624e-05
3.955958e-08,-2.46579e-05
3.965958e-08,-9.09106e-06
3.975958e-08,1.28686e-06
3.985958e-08,6.47582e-06
3.995958e-08,7.77306e-06
4.005958e-08,5.17858e-06
4.015958e-08,-1.03779e-08
4.025958e-08,-5.84796e-06
4.035958e-08,-1.23342e-05
4.045958e-08,-1.81717e-05
4.055958e-08,-2.40093e-05
4.065958e-08,-2.85497e-05
4.075958e-08,-3.24414e-05
4.085958e-08,-3.63331e-05
4.095958e-08,-4.02248e-05
4.105958e-08,-4.41165e-05
4.115958e-08,-4.86569e-05
4.125958e-08,-5.31972e-05
4.135958e-08,-5.7089e-05
4.145958e-08,-6.03321e-05
4.155958e-08,-6.16293e-05
4.165958e-08,-6.03321e-05
4.175958e-08,-5.64403e-05
4.185958e-08,-5.06027e-05
4.195958e-08,-4.28193e-05
4.205958e-08,-3.50359e-05
4.215958e-08,-2.85497e-05
4.225958e-08,-2.46579e-05
4.235958e-08,-2.53066e-05
4.245958e-08,-2.91983e-05
4.255958e-08,-3.76303e-05
4.265958e-08,-4.6711e-05
4.275958e-08,-5.64403e-05
4.285958e-08,-6.35752e-05
4.295958e-08,-6.5521e-05
4.305958e-08,-6.16293e-05
4.315958e-08,-5.06027e-05
4.325958e-08,-3.17928e-05
4.335958e-08,-6.49658e-06
4.345958e-08,2.20427e-05
4.355958e-08,5.18792e-05
4.365958e-08,7.84727e-05
4.375958e-08,9.92285e-05
4.385958e-08,0.00011285
4.395958e-08,0.000118687
4.405958e-08,0.00011739
4.415958e-08,0.000110904
4.425958e-08,0.000101823
4.435958e-08,9.20937e-05
4.445958e-08,8.49589e-05
4.455958e-08,8.10671e-05
4.465958e-08,8.23644e-05
4.475958e-08,8.88506e-05
4.485958e-08,9.72826e-05
4.495958e-08,0.000106363
4.505958e-08,0.000114147
4.515958e-08,0.000116741
4.525958e-08,0.000113498
4.535958e-08,0.000101823
4.545958e-08,8.3013e-05
4.555958e-08,5.64196e-05
4.565958e-08,2.46372e-05
4.575958e-08,-9.73968e-06
4.585958e-08,-4.41165e-05
4.595958e-08,-7.71962e-05
4.605958e-08,-0.000107681
4.615958e-08,-0.000135572
4.625958e-08,-0.000158922
4.635958e-08,-0.000177084
4.645958e-08,-0.000191353
4.655958e-08,-0.000201083
4.665958e-08,-0.00020692
4.675958e-08,-0.000209515
4.685958e-08,-0.000208217
4.695958e-08,-0.000204974
4.705958e-08,-0.00019784
4.715958e-08,-0.000188759
4.725958e-08,-0.00017903
4.735958e-08,-0.000168652
4.745958e-08,-0.000158922
4.755958e-08,-0.000151139
4.765958e-08,-0.000146599
4.775958e-08,-0.000146599
4.785958e-08,-0.00015049
4.795958e-08,-0.000158274
4.805958e-08,-0.000167354
4.815958e-08,-0.000177084
4.825958e-08,-0.000186164
4.835958e-08,-0.000192002
4.845958e-08,-0.000194596
4.855958e-08,-0.000193299
4.865958e-08,-0.00018811
4.875958e-08,-0.000180327
4.885958e-08,-0.000171895
4.895958e-08,-0.000163463
4.905958e-08,-0.000158922
4.915958e-08,-0.000158274
4.925958e-08,-0.000163463
4.935958e-08,-0.000175138
4.945958e-08,-0.000190056
4.955958e-08,-0.000208217
4.965958e-08,-0.00022573
4.975958e-08,-0.000241946
4.985958e-08,-0.000254269
4.995958e-08,-0.000260756
5.005958e-08,-0.000262702
5.015958e-08,-0.000259458
5.025958e-08,-0.000252324
5.035958e-08,-0.000243243
5.045958e-08,-0.000232865
5.055958e-08,-0.000223784
5.065958e-08,-0.000216001
5.075958e-08,-0.000210812
5.085958e-08,-0.00020692
5.095958e-08,-0.000203677
5.105958e-08,-0.000199785
5.115958e-08,-0.000193948
5.125958e-08,-0.000185516
5.135958e-08,-0.000172543
5.145958e-08,-0.000156328
5.155958e-08,-0.000138815
5.165958e-08,-0.000121951
5.175958e-08,-0.000106384
5.185958e-08,-9.47089e-05
5.195958e-08,-8.75741e-05
5.205958e-08,-8.62769e-05
5.215958e-08,-8.88713e-05
5.225958e-08,-9.53575e-05
5.235958e-08,-0.00010379
5.245958e-08,-0.000112222
5.255958e-08,-0.000118708
5.265958e-08,-0.000121951
5.275958e-08,-0.000121951
5.285958e-08,-0.000118708
5.295958e-08,-0.000114168
5.305958e-08,-0.000109627
5.315958e-08,-0.000107033
5.325958e-08,-0.000107033
5.335958e-08,-0.000110276
5.345958e-08,-0.000116113
5.355958e-08,-0.000123897
5.365958e-08,-0.000132978
5.375958e-08,-0.000140112
5.385958e-08,-0.000145301
5.395958e-08,-0.000146599
5.405958e-08,-0.00014595
5.415958e-08,-0.000144004
5.425958e-08,-0.000140761
5.435958e-08,-0.000137518
5.445958e-08,-0.000136869
5.455958e-08,-0.000139464
5.465958e-08,-0.000144653
5.475958e-08,-0.000153085
5.485958e-08,-0.000162814
5.495958e-08,-0.000171895
5.505958e-08,-0.000178381
5.515958e-08,-0.000180327
5.525958e-08,-0.000177084
5.535958e-08,-0.000167354
5.545958e-08,-0.000153085
5.555958e-08,-0.000135572
5.565958e-08,-0.000117411
5.575958e-08,-9.98979e-05
5.585958e-08,-8.69255e-05
5.595958e-08,-7.84934e-05
5.605958e-08,-7.71962e-05
5.615958e-08,-8.23851e-05
5.625958e-08,-9.08172e-05
5.635958e-08,-0.000101844
5.645958e-08,-0.000112222
5.655958e-08,-0.000120005
5.665958e-08,-0.000123248
5.675958e-08,-0.000120654
5.685958e-08,-0.000113519
5.695958e-08,-0.000101195
5.705958e-08,-8.62769e-05
5.715958e-08,-7.13586e-05
5.725958e-08,-5.83862e-05
5.735958e-08,-4.86569e-05
5.745958e-08,-4.34679e-05
5.755958e-08,-4.28193e-05
5.765958e-08,-4.60624e-05
5.775958e-08,-5.25486e-05
5.785958e-08,-6.09807e-05
5.795958e-08,-6.94127e-05
5.805958e-08,-7.78448e-05
5.815958e-08,-8.56282e-05
5.825958e-08,-9.14658e-05
5.835958e-08,-9.73034e-05
5.845958e-08,-0.00010379
5.855958e-08,-0.000110924
5.865958e-08,-0.000120005
5.875958e-08,-0.000129734
5.885958e-08,-0.000140761
5.895958e-08,-0.000151787
5.905958e-08,-0.000161517
5.915958e-08,-0.000169949
5.925958e-08,-0.000175786
5.935958e-08,-0.00017903
5.945958e-08,-0.00017903
5.955958e-08,-0.000177084
5.965958e-08,-0.000174489
5.975958e-08,-0.000171895
5.985958e-08,-0.000169949
5.995958e-08,-0.000169949
6.005958e-08,-0.000171246
6.015958e-08,-0.000174489
6.025958e-08,-0.000177084
6.035958e-08,-0.000178381
6.045958e-08,-0.000177084
6.055958e-08,-0.000171895
6.065958e-08,-0.000162165
6.075958e-08,-0.000147896
6.085958e-08,-0.000131032
6.095958e-08,-0.000113519
6.105958e-08,-9.53575e-05
6.115958e-08,-7.84934e-05
6.125958e-08,-6.35752e-05
6.135958e-08,-4.99541e-05
6.145958e-08,-3.76303e-05
6.155958e-08,-2.59552e-05
6.165958e-08,-1.36314e-05
6.175958e-08,-1.03779e-08
6.185958e-08,1.62051e-05
6.195958e-08,3.56637e-05
6.205958e-08,5.70682e-05
6.215958e-08,7.91213e-05
6.225958e-08,9.98771e-05
6.235958e-08,0.000116741
6.245958e-08,0.000128416
6.255958e-08,0.000134254
6.265958e-08,0.000133605
6.275958e-08,0.000128416
6.285958e-08,0.000119336
6.295958e-08,0.000110255
6.305958e-08,0.000102472
6.315958e-08,9.92285e-05
6.325958e-08,9.98771e-05
6.335958e-08,0.000105066
6.345958e-08,0.000114147
6.355958e-08,0.000124525
6.365958e-08,0.000134254
6.375958e-08,0.000140092
6.385958e-08,0.000141389
6.395958e-08,0.0001362
6.405958e-08,0.000123876
6.415958e-08,0.000105066
6.425958e-08,8.17158e-05
6.435958e-08,5.70682e-05
6.445958e-08,3.30692e-05
6.455958e-08,1.23134e-05
6.465958e-08,-4.55072e-06
6.475958e-08,-1.75231e-05
6.485958e-08,-2.7901e-05
6.495958e-08,-3.63331e-05
6.505958e-08,-4.54138e-05
6.515958e-08,-5.64403e-05
6.525958e-08,-7.071e-05
6.535958e-08,-8.82227e-05
6.545958e-08,-0.000106384
6.555958e-08,-0.000124545
6.565958e-08,-0.000140112
6.575958e-08,-0.000149842
6.585958e-08,-0.000151139
6.595958e-08,-0.000143355
6.605958e-08,-0.000126491
6.615958e-08,-0.000101844
6.625958e-08,-7.071e-05
6.635958e-08,-3.69817e-05
6.645958e-08,-3.9021e-06
6.655958e-08,2.6583e-05
6.665958e-08,5.18792e-05
6.675958e-08,7.13378e-05
6.685958e-08,8.56075e-05
6.695958e-08,9.59854e-05
6.705958e-08,0.000105066
6.715958e-08,0.000114147
6.725958e-08,0.000125173
6.735958e-08,0.000138794
6.745958e-08,0.000154361
6.755958e-08,0.000170577
6.765958e-08,0.000184846
6.775958e-08,0.000195873
6.785958e-08,0.000201062
6.795958e-08,0.000197819
6.805958e-08,0.000186144
6.815958e-08,0.000166036
6.825958e-08,0.000140092
6.835958e-08,0.000110255
6.845958e-08,8.04185e-05
6.855958e-08,5.25279e-05
6.865958e-08,2.98261e-05
6.875958e-08,1.2962e-05
6.885958e-08,1.93548e-06
6.895958e-08,-2.60486e-06
6.905958e-08,-4.55072e-06
6.915958e-08,-5.19934e-06
6.925958e-08,-7.79382e-06
6.935958e-08,-1.29828e-05
6.945958e-08,-2.27121e-05
6.955958e-08,-3.56845e-05
6.965958e-08,-5.12514e-05
6.975958e-08,-6.68183e-05
6.985958e-08,-8.04393e-05
6.995958e-08,-9.01686e-05
7.005958e-08,-9.47089e-05
7.015958e-08,-9.34117e-05
7.025958e-08,-8.69255e-05
7.035958e-08,-7.65476e-05
7.045958e-08,-6.5521e-05
7.055958e-08,-5.51431e-05
7.065958e-08,-4.80083e-05
7.075958e-08,-4.54138e-05
7.085958e-08,-4.73596e-05
7.095958e-08,-5.31972e-05
7.105958e-08,-6.22779e-05
7.115958e-08,-7.20072e-05
7.125958e-08,-8.17365e-05
7.135958e-08,-8.82227e-05
7.145958e-08,-9.01686e-05
7.155958e-08,-8.88713e-05
7.165958e-08,-8.4331e-05
7.175958e-08,-7.78448e-05
7.185958e-08,-7.13586e-05
7.195958e-08,-6.68183e-05
7.205958e-08,-6.48724e-05
7.215958e-08,-6.61696e-05
7.225958e-08,-7.071e-05
7.235958e-08,-7.71962e-05
7.245958e-08,-8.30338e-05
7.255958e-08,-8.75741e-05
7.265958e-08,-8.82227e-05
7.275958e-08,-8.4331e-05
7.285958e-08,-7.58989e-05
7.295958e-08,-6.35752e-05
7.305958e-08,-4.80083e-05
7.315958e-08,-3.24414e-05
7.325958e-08,-1.88204e-05
7.335958e-08,-7.79382e-06
7.345958e-08,-6.58998e-07
7.355958e-08,1.28686e-06
7.365958e-08,-1.95624e-06
7.375958e-08,-8.44244e-06
7.385958e-08,-1.81717e-05
7.395958e-08,-2.91983e-05
7.405958e-08,-4.08734e-05
7.415958e-08,-5.25486e-05
7.425958e-08,-6.42238e-05
7.435958e-08,-7.65476e-05
7.445958e-08,-9.08172e-05
7.455958e-08,-0.000105735
7.465958e-08,-0.000121302
7.475958e-08,-0.000136869
7.485958e-08,-0.00015049
7.495958e-08,-0.000158922
7.505958e-08,-0.000160868
7.515958e-08,-0.000153733
7.525958e-08,-0.000136221
7.535958e-08,-0.00010833
7.545958e-08,-7.13586e-05
7.555958e-08,-2.91983e-05
7.565958e-08,1.62051e-05
7.575958e-08,5.90141e-05
7.585958e-08,9.6634e-05
7.595958e-08,0.000123876
7.605958e-08,0.000139443
7.615958e-08,0.000142037
7.625958e-08,0.000134254
7.635958e-08,0.00011739
7.645958e-08,9.72826e-05
7.655958e-08,7.71754e-05
7.665958e-08,6.22572e-05
7.675958e-08,5.31765e-05
7.685958e-08,5.18792e-05
7.695958e-08,5.77168e-05
7.705958e-08,6.9392e-05
7.715958e-08,8.43102e-05
7.725958e-08,9.79313e-05
