LECROYWaveRunner‘N,20113,Waveform
Segments,1,SegmentSize,2002
Segment,TrigTime,TimeSinceSegment1
#1,28-Sep-2018 13:20:05,0                 
Time,Ampl
-1.228948e-07,5.0582e-05
-1.227948e-07,5.0582e-05
-1.226948e-07,5.18792e-05
-1.225948e-07,5.38251e-05
-1.224948e-07,5.51223e-05
-1.223948e-07,5.44737e-05
-1.222948e-07,5.12306e-05
-1.221948e-07,4.34472e-05
-1.220948e-07,3.11234e-05
-1.219948e-07,1.49079e-05
-1.218948e-07,-4.55072e-06
-1.217948e-07,-2.53066e-05
-1.216948e-07,-4.60624e-05
-1.215948e-07,-6.29265e-05
-1.214948e-07,-7.39531e-05
-1.213948e-07,-7.84934e-05
-1.212948e-07,-7.52503e-05
-1.211948e-07,-6.35752e-05
-1.210948e-07,-4.54138e-05
-1.209948e-07,-2.33607e-05
-1.208948e-07,-1.03779e-08
-1.207948e-07,2.26913e-05
-1.206948e-07,4.21499e-05
-1.205948e-07,5.70682e-05
-1.204948e-07,6.61489e-05
-1.203948e-07,6.9392e-05
-1.202948e-07,6.9392e-05
-1.201948e-07,6.74461e-05
-1.200948e-07,6.4203e-05
-1.199948e-07,6.35544e-05
-1.198948e-07,6.48516e-05
-1.197948e-07,6.80947e-05
-1.196948e-07,7.26351e-05
-1.195948e-07,7.65268e-05
-1.194948e-07,7.91213e-05
-1.193948e-07,7.7824e-05
-1.192948e-07,7.06892e-05
-1.191948e-07,5.70682e-05
-1.190948e-07,3.63124e-05
-1.189948e-07,1.03675e-05
-1.188948e-07,-2.01176e-05
-1.187948e-07,-5.31972e-05
-1.186948e-07,-8.62769e-05
-1.185948e-07,-0.000117411
-1.184948e-07,-0.000145301
-1.183948e-07,-0.000168003
-1.182948e-07,-0.00018357
-1.181948e-07,-0.000193299
-1.180948e-07,-0.000197191
-1.179948e-07,-0.000194596
-1.178948e-07,-0.000186813
-1.177948e-07,-0.000173841
-1.176948e-07,-0.000155679
-1.175948e-07,-0.000132329
-1.174948e-07,-0.000105087
-1.173948e-07,-7.39531e-05
-1.172948e-07,-4.02248e-05
-1.171948e-07,-5.19934e-06
-1.170948e-07,2.91775e-05
-1.169948e-07,6.03113e-05
-1.168948e-07,8.62561e-05
-1.167948e-07,0.000103769
-1.166948e-07,0.000111552
-1.165948e-07,0.000109606
-1.164948e-07,9.72826e-05
-1.163948e-07,7.71754e-05
-1.162948e-07,5.12306e-05
-1.161948e-07,2.33399e-05
-1.160948e-07,-5.84796e-06
-1.159948e-07,-3.11441e-05
-1.158948e-07,-5.25486e-05
-1.157948e-07,-6.81155e-05
-1.156948e-07,-7.84934e-05
-1.155948e-07,-8.4331e-05
-1.154948e-07,-8.62769e-05
-1.153948e-07,-8.69255e-05
-1.152948e-07,-8.62769e-05
-1.151948e-07,-8.56282e-05
-1.150948e-07,-8.36824e-05
-1.149948e-07,-8.17365e-05
-1.148948e-07,-7.78448e-05
-1.147948e-07,-7.00614e-05
-1.146948e-07,-5.77376e-05
-1.145948e-07,-4.02248e-05
-1.144948e-07,-1.9469e-05
-1.143948e-07,3.88134e-06
-1.142948e-07,2.78803e-05
-1.141948e-07,4.99334e-05
-1.140948e-07,6.67975e-05
-1.139948e-07,7.65268e-05
-1.138948e-07,7.7824e-05
-1.137948e-07,6.9392e-05
-1.136948e-07,5.18792e-05
-1.135948e-07,2.78803e-05
-1.134948e-07,-1.03779e-08
-1.133948e-07,-2.72524e-05
-1.132948e-07,-5.25486e-05
-1.131948e-07,-7.20072e-05
-1.130948e-07,-8.4331e-05
-1.129948e-07,-8.88713e-05
-1.128948e-07,-8.69255e-05
-1.127948e-07,-7.9142e-05
-1.126948e-07,-6.61696e-05
-1.125948e-07,-4.99541e-05
-1.124948e-07,-3.37386e-05
-1.123948e-07,-1.62259e-05
-1.122948e-07,1.28686e-06
-1.121948e-07,2.07455e-05
-1.120948e-07,4.08527e-05
-1.119948e-07,6.35544e-05
-1.118948e-07,8.88506e-05
-1.117948e-07,0.000116093
-1.116948e-07,0.000143983
-1.115948e-07,0.000170577
-1.114948e-07,0.000193278
-1.113948e-07,0.000210791
-1.112948e-07,0.00022052
-1.111948e-07,0.000221169
-1.110948e-07,0.000214034
-1.109948e-07,0.000198467
-1.108948e-07,0.000176414
-1.107948e-07,0.000151118
-1.106948e-07,0.000124525
-1.105948e-07,9.98771e-05
-1.104948e-07,7.91213e-05
-1.103948e-07,6.29058e-05
-1.102948e-07,5.25279e-05
-1.101948e-07,4.60417e-05
-1.100948e-07,4.21499e-05
-1.099948e-07,3.82582e-05
-1.098948e-07,3.24206e-05
-1.097948e-07,2.33399e-05
-1.096948e-07,9.71892e-06
-1.095948e-07,-6.49658e-06
-1.094948e-07,-2.40093e-05
-1.093948e-07,-4.15221e-05
-1.092948e-07,-5.7089e-05
-1.091948e-07,-6.81155e-05
-1.090948e-07,-7.26558e-05
-1.089948e-07,-7.13586e-05
-1.088948e-07,-6.22779e-05
-1.087948e-07,-4.80083e-05
-1.086948e-07,-2.98469e-05
-1.085948e-07,-1.03883e-05
-1.084948e-07,7.77306e-06
-1.083948e-07,2.20427e-05
-1.082948e-07,3.24206e-05
-1.081948e-07,3.89068e-05
-1.080948e-07,4.08527e-05
-1.079948e-07,3.95555e-05
-1.078948e-07,3.6961e-05
-1.077948e-07,3.37179e-05
-1.076948e-07,3.11234e-05
-1.075948e-07,3.04748e-05
-1.074948e-07,3.1772e-05
-1.073948e-07,3.37179e-05
-1.072948e-07,3.56637e-05
-1.071948e-07,3.76096e-05
-1.070948e-07,3.89068e-05
-1.069948e-07,3.89068e-05
-1.068948e-07,3.63124e-05
-1.067948e-07,3.30692e-05
-1.066948e-07,2.85289e-05
-1.065948e-07,2.39886e-05
-1.064948e-07,2.13941e-05
-1.063948e-07,2.07455e-05
-1.062948e-07,2.20427e-05
-1.061948e-07,2.52858e-05
-1.060948e-07,2.85289e-05
-1.059948e-07,3.11234e-05
-1.058948e-07,3.24206e-05
-1.057948e-07,3.1772e-05
-1.056948e-07,2.85289e-05
-1.055948e-07,2.26913e-05
-1.054948e-07,1.62051e-05
-1.053948e-07,9.0703e-06
-1.052948e-07,3.88134e-06
-1.051948e-07,1.28686e-06
-1.050948e-07,2.5841e-06
-1.049948e-07,8.42168e-06
-1.048948e-07,1.68537e-05
-1.047948e-07,2.72317e-05
-1.046948e-07,3.82582e-05
-1.045948e-07,4.92848e-05
-1.044948e-07,5.70682e-05
-1.043948e-07,6.16085e-05
-1.042948e-07,6.29058e-05
-1.041948e-07,6.09599e-05
-1.040948e-07,5.64196e-05
-1.039948e-07,5.0582e-05
-1.038948e-07,4.60417e-05
-1.037948e-07,4.27986e-05
-1.036948e-07,4.21499e-05
-1.035948e-07,4.34472e-05
-1.034948e-07,4.66903e-05
-1.033948e-07,5.0582e-05
-1.032948e-07,5.44737e-05
-1.031948e-07,5.70682e-05
-1.030948e-07,5.83654e-05
-1.029948e-07,5.77168e-05
-1.028948e-07,5.44737e-05
-1.027948e-07,5.0582e-05
-1.026948e-07,4.73389e-05
-1.025948e-07,4.47444e-05
-1.024948e-07,4.34472e-05
-1.023948e-07,4.34472e-05
-1.022948e-07,4.47444e-05
-1.021948e-07,4.60417e-05
-1.020948e-07,4.73389e-05
-1.019948e-07,4.66903e-05
-1.018948e-07,4.34472e-05
-1.017948e-07,3.82582e-05
-1.016948e-07,3.1772e-05
-1.015948e-07,2.52858e-05
-1.014948e-07,2.20427e-05
-1.013948e-07,2.39886e-05
-1.012948e-07,3.30692e-05
-1.011948e-07,5.0582e-05
-1.010948e-07,7.65268e-05
-1.009948e-07,0.000109606
-1.008948e-07,0.000147226
-1.007948e-07,0.000185495
-1.006948e-07,0.000219872
-1.005948e-07,0.000246465
-1.004948e-07,0.000261384
-1.003948e-07,0.000263329
-1.002948e-07,0.000251006
-1.001948e-07,0.000224412
-1.000948e-07,0.000186144
-9.999485e-08,0.000140092
-9.989485e-08,8.94992e-05
-9.979485e-08,3.95555e-05
-9.969485e-08,-6.49658e-06
-9.959485e-08,-4.47652e-05
-9.949485e-08,-7.46017e-05
-9.939485e-08,-9.47089e-05
-9.929485e-08,-0.000104438
-9.919485e-08,-0.000105735
-9.909485e-08,-9.92493e-05
-9.899485e-08,-8.56282e-05
-9.889485e-08,-6.61696e-05
-9.879485e-08,-4.28193e-05
-9.869485e-08,-1.55773e-05
-9.859485e-08,1.49079e-05
-9.849485e-08,4.79875e-05
-9.839485e-08,8.17158e-05
-9.829485e-08,0.000114795
-9.819485e-08,0.000145281
-9.809485e-08,0.000171225
-9.799485e-08,0.000190035
-9.789485e-08,0.000199765
-9.779485e-08,0.000199765
-9.769485e-08,0.000189387
-9.759485e-08,0.000169928
-9.749485e-08,0.000143335
-9.739485e-08,0.00011285
-9.729485e-08,8.23644e-05
-9.719485e-08,5.5771e-05
-9.709485e-08,3.56637e-05
-9.699485e-08,2.46372e-05
-9.689485e-08,2.39886e-05
-9.679485e-08,3.30692e-05
-9.669485e-08,4.92848e-05
-9.659485e-08,7.13378e-05
-9.649485e-08,9.53368e-05
-9.639485e-08,0.000118038
-9.629485e-08,0.000136848
-9.619485e-08,0.000149821
-9.609485e-08,0.000156956
-9.599485e-08,0.000158253
-9.589485e-08,0.000155658
-9.579485e-08,0.000150469
-9.569485e-08,0.000144632
-9.559485e-08,0.000139443
-9.549485e-08,0.0001362
-9.539485e-08,0.000134254
-9.529485e-08,0.000132308
-9.519485e-08,0.000129714
-9.509485e-08,0.000125822
-9.499485e-08,0.000118038
-9.489485e-08,0.000105715
-9.479485e-08,8.88506e-05
-9.469485e-08,6.87434e-05
-9.459485e-08,4.66903e-05
-9.449485e-08,2.39886e-05
-9.439485e-08,3.88134e-06
-9.429485e-08,-1.29828e-05
-9.419485e-08,-2.53066e-05
-9.409485e-08,-3.37386e-05
-9.399485e-08,-3.76303e-05
-9.389485e-08,-3.89276e-05
-9.379485e-08,-3.95762e-05
-9.369485e-08,-4.15221e-05
-9.359485e-08,-4.54138e-05
-9.349485e-08,-5.25486e-05
-9.339485e-08,-6.16293e-05
-9.329485e-08,-7.20072e-05
-9.319485e-08,-8.10879e-05
-9.309485e-08,-8.75741e-05
-9.299485e-08,-8.952e-05
-9.289485e-08,-8.56282e-05
-9.279485e-08,-7.52503e-05
-9.269485e-08,-5.90348e-05
-9.259485e-08,-3.89276e-05
-9.249485e-08,-1.68745e-05
-9.239485e-08,3.88134e-06
-9.229485e-08,2.33399e-05
-9.219485e-08,3.76096e-05
-9.209485e-08,4.79875e-05
-9.199485e-08,5.31765e-05
-9.189485e-08,5.51223e-05
-9.179485e-08,5.38251e-05
-9.169485e-08,5.0582e-05
-9.159485e-08,4.60417e-05
-9.149485e-08,4.15013e-05
-9.139485e-08,3.56637e-05
-9.129485e-08,2.85289e-05
-9.119485e-08,1.94482e-05
-9.109485e-08,7.77306e-06
-9.099485e-08,-7.1452e-06
-9.089485e-08,-2.59552e-05
-9.079485e-08,-4.60624e-05
-9.069485e-08,-6.68183e-05
-9.059485e-08,-8.56282e-05
-9.049485e-08,-0.000101195
-9.039485e-08,-0.000110924
-9.029485e-08,-0.000114168
-9.019485e-08,-0.000109627
-9.009485e-08,-9.92493e-05
-8.999485e-08,-8.4331e-05
-8.989485e-08,-6.61696e-05
-8.979485e-08,-4.80083e-05
-8.969485e-08,-3.309e-05
-8.959485e-08,-2.14148e-05
-8.949485e-08,-1.428e-05
-8.939485e-08,-1.16855e-05
-8.929485e-08,-1.16855e-05
-8.919485e-08,-1.29828e-05
-8.909485e-08,-1.23342e-05
-8.899485e-08,-9.73968e-06
-8.889485e-08,-3.9021e-06
-8.879485e-08,7.12444e-06
-8.869485e-08,2.20427e-05
-8.859485e-08,3.95555e-05
-8.849485e-08,5.83654e-05
-8.839485e-08,7.52296e-05
-8.829485e-08,8.94992e-05
-8.819485e-08,9.92285e-05
-8.809485e-08,0.00010312
-8.799485e-08,0.000102472
-8.789485e-08,9.85799e-05
-8.779485e-08,9.14451e-05
-8.769485e-08,8.36616e-05
-8.759485e-08,7.71754e-05
-8.749485e-08,7.19865e-05
-8.739485e-08,6.80947e-05
-8.729485e-08,6.61489e-05
-8.719485e-08,6.35544e-05
-8.709485e-08,5.90141e-05
-8.699485e-08,5.18792e-05
-8.689485e-08,4.02041e-05
-8.679485e-08,2.39886e-05
-8.669485e-08,5.17858e-06
-8.659485e-08,-1.55773e-05
-8.649485e-08,-3.63331e-05
-8.639485e-08,-5.38459e-05
-8.629485e-08,-6.61696e-05
-8.619485e-08,-7.13586e-05
-8.609485e-08,-7.00614e-05
-8.599485e-08,-6.22779e-05
-8.589485e-08,-5.06027e-05
-8.579485e-08,-3.89276e-05
-8.569485e-08,-3.04955e-05
-8.559485e-08,-2.7901e-05
-8.549485e-08,-3.37386e-05
-8.539485e-08,-4.80083e-05
-8.529485e-08,-6.94127e-05
-8.519485e-08,-9.60062e-05
-8.509485e-08,-0.000123248
-8.499485e-08,-0.000147247
-8.489485e-08,-0.00016476
-8.479485e-08,-0.000171246
-8.469485e-08,-0.000166057
-8.459485e-08,-0.000149193
-8.449485e-08,-0.000121951
-8.439485e-08,-8.69255e-05
-8.429485e-08,-4.80083e-05
-8.419485e-08,-9.09106e-06
-8.409485e-08,2.78803e-05
-8.399485e-08,5.90141e-05
-8.389485e-08,8.49589e-05
-8.379485e-08,0.000105066
-8.369485e-08,0.000119984
-8.359485e-08,0.000132957
-8.349485e-08,0.000145281
-8.339485e-08,0.000158253
-8.329485e-08,0.000170577
-8.319485e-08,0.000183549
-8.309485e-08,0.000195873
-8.299485e-08,0.000205602
-8.289485e-08,0.000210791
-8.279485e-08,0.00021144
-8.269485e-08,0.000206899
-8.259485e-08,0.000197819
-8.249485e-08,0.000184846
-8.239485e-08,0.000169928
-8.229485e-08,0.000155658
-8.219485e-08,0.000143983
-8.209485e-08,0.000135551
-8.199485e-08,0.000131011
-8.189485e-08,0.000129714
-8.179485e-08,0.000130362
-8.169485e-08,0.00013166
-8.159485e-08,0.000131011
-8.149485e-08,0.000129065
-8.139485e-08,0.000124525
-8.129485e-08,0.000116741
-8.119485e-08,0.000106363
-8.109485e-08,9.59854e-05
-8.099485e-08,8.56075e-05
-8.089485e-08,7.71754e-05
-8.079485e-08,7.06892e-05
-8.069485e-08,6.74461e-05
-8.059485e-08,6.48516e-05
-8.049485e-08,6.35544e-05
-8.039485e-08,6.22572e-05
-8.029485e-08,5.96627e-05
-8.019485e-08,5.51223e-05
-8.009485e-08,4.92848e-05
-7.999485e-08,4.15013e-05
-7.989485e-08,3.30692e-05
-7.979485e-08,2.52858e-05
-7.969485e-08,1.94482e-05
-7.959485e-08,1.62051e-05
-7.949485e-08,1.49079e-05
-7.939485e-08,1.62051e-05
-7.929485e-08,1.68537e-05
-7.919485e-08,1.68537e-05
-7.909485e-08,1.42593e-05
-7.899485e-08,7.77306e-06
-7.889485e-08,-4.55072e-06
-7.879485e-08,-2.20635e-05
-7.869485e-08,-4.47652e-05
-7.859485e-08,-7.071e-05
-7.849485e-08,-9.7952e-05
-7.839485e-08,-0.0001226
-7.829485e-08,-0.000142058
-7.819485e-08,-0.000155679
-7.809485e-08,-0.000162165
-7.799485e-08,-0.000161517
-7.789485e-08,-0.000154382
-7.779485e-08,-0.000142707
-7.769485e-08,-0.000129086
-7.759485e-08,-0.000115465
-7.749485e-08,-0.000103141
-7.739485e-08,-9.34117e-05
-7.729485e-08,-8.69255e-05
-7.719485e-08,-8.17365e-05
-7.709485e-08,-7.65476e-05
-7.699485e-08,-6.94127e-05
-7.689485e-08,-5.90348e-05
-7.679485e-08,-4.34679e-05
-7.669485e-08,-2.14148e-05
-7.659485e-08,5.17858e-06
-7.649485e-08,3.63124e-05
-7.639485e-08,6.9392e-05
-7.629485e-08,0.00010312
-7.619485e-08,0.000133605
-7.609485e-08,0.000160199
-7.599485e-08,0.000182252
-7.589485e-08,0.000199765
-7.579485e-08,0.000213386
-7.569485e-08,0.000223115
-7.559485e-08,0.00023025
-7.549485e-08,0.000235439
-7.539485e-08,0.00023933
-7.529485e-08,0.000241276
-7.519485e-08,0.000241925
-7.509485e-08,0.000240628
-7.499485e-08,0.000235439
-7.489485e-08,0.000225061
-7.479485e-08,0.000208845
-7.469485e-08,0.000186792
-7.459485e-08,0.000160199
-7.449485e-08,0.000131011
-7.439485e-08,0.000100526
-7.429485e-08,7.06892e-05
-7.419485e-08,4.40958e-05
-7.409485e-08,2.07455e-05
-7.399485e-08,2.5841e-06
-7.389485e-08,-1.10369e-05
-7.379485e-08,-2.01176e-05
-7.369485e-08,-2.59552e-05
-7.359485e-08,-2.85497e-05
-7.349485e-08,-2.7901e-05
-7.339485e-08,-2.33607e-05
-7.329485e-08,-1.62259e-05
-7.319485e-08,-5.84796e-06
-7.309485e-08,8.42168e-06
-7.299485e-08,2.52858e-05
-7.289485e-08,4.5393e-05
-7.279485e-08,6.74461e-05
-7.269485e-08,9.01478e-05
-7.259485e-08,0.000110255
-7.249485e-08,0.000125173
-7.239485e-08,0.000133605
-7.229485e-08,0.000132957
-7.219485e-08,0.000123227
-7.209485e-08,0.000104417
-7.199485e-08,7.91213e-05
-7.189485e-08,5.0582e-05
-7.179485e-08,2.07455e-05
-7.169485e-08,-7.1452e-06
-7.159485e-08,-2.91983e-05
-7.149485e-08,-4.34679e-05
-7.139485e-08,-4.93055e-05
-7.129485e-08,-4.73596e-05
-7.119485e-08,-3.89276e-05
-7.109485e-08,-2.72524e-05
-7.099485e-08,-1.428e-05
-7.089485e-08,-1.95624e-06
-7.079485e-08,6.47582e-06
-7.069485e-08,9.0703e-06
-7.059485e-08,6.47582e-06
-7.049485e-08,-6.58998e-07
-7.039485e-08,-9.73968e-06
-7.029485e-08,-1.9469e-05
-7.019485e-08,-2.66038e-05
-7.009485e-08,-3.11441e-05
-6.999485e-08,-3.04955e-05
-6.989485e-08,-2.59552e-05
-6.979485e-08,-1.75231e-05
-6.969485e-08,-7.79382e-06
-6.959485e-08,1.93548e-06
-6.949485e-08,1.03675e-05
-6.939485e-08,1.68537e-05
-6.929485e-08,1.94482e-05
-6.919485e-08,1.87996e-05
-6.909485e-08,1.49079e-05
-6.899485e-08,1.03675e-05
-6.889485e-08,5.17858e-06
-6.879485e-08,1.28686e-06
-6.869485e-08,-1.30762e-06
-6.859485e-08,-3.25348e-06
-6.849485e-08,-5.19934e-06
-6.839485e-08,-7.1452e-06
-6.829485e-08,-1.03883e-05
-6.819485e-08,-1.62259e-05
-6.809485e-08,-2.53066e-05
-6.799485e-08,-3.69817e-05
-6.789485e-08,-5.06027e-05
-6.779485e-08,-6.35752e-05
-6.769485e-08,-7.39531e-05
-6.759485e-08,-7.97907e-05
-6.749485e-08,-7.97907e-05
-6.739485e-08,-7.46017e-05
-6.729485e-08,-6.42238e-05
-6.719485e-08,-4.93055e-05
-6.709485e-08,-3.24414e-05
-6.699485e-08,-1.55773e-05
-6.689485e-08,-1.95624e-06
-6.679485e-08,7.77306e-06
-6.669485e-08,1.16648e-05
-6.659485e-08,1.10162e-05
-6.649485e-08,7.12444e-06
-6.639485e-08,6.38242e-07
-6.629485e-08,-4.55072e-06
-6.619485e-08,-9.09106e-06
-6.609485e-08,-1.03883e-05
-6.599485e-08,-8.44244e-06
-6.589485e-08,-1.95624e-06
-6.579485e-08,6.47582e-06
-6.569485e-08,1.42593e-05
-6.559485e-08,2.07455e-05
-6.549485e-08,2.26913e-05
-6.539485e-08,2.07455e-05
-6.529485e-08,1.49079e-05
-6.519485e-08,6.47582e-06
-6.509485e-08,-1.30762e-06
-6.499485e-08,-7.1452e-06
-6.489485e-08,-8.44244e-06
-6.479485e-08,-3.25348e-06
-6.469485e-08,9.71892e-06
-6.459485e-08,2.85289e-05
-6.449485e-08,5.18792e-05
-6.439485e-08,7.71754e-05
-6.429485e-08,0.000101823
-6.419485e-08,0.00012193
-6.409485e-08,0.000134903
-6.399485e-08,0.00014074
-6.389485e-08,0.000138146
-6.379485e-08,0.000129065
-6.369485e-08,0.000114795
-6.359485e-08,9.92285e-05
-6.349485e-08,8.62561e-05
-6.339485e-08,7.7824e-05
-6.329485e-08,7.65268e-05
-6.319485e-08,8.10671e-05
-6.309485e-08,9.14451e-05
-6.299485e-08,0.000106363
-6.289485e-08,0.000122579
-6.279485e-08,0.000138146
-6.269485e-08,0.000151118
-6.259485e-08,0.000158902
-6.249485e-08,0.000160847
-6.239485e-08,0.000156956
-6.229485e-08,0.000149172
-6.219485e-08,0.000139443
-6.209485e-08,0.000129065
-6.199485e-08,0.00012193
-6.189485e-08,0.000118038
-6.179485e-08,0.000118687
-6.169485e-08,0.000123227
-6.159485e-08,0.000131011
-6.149485e-08,0.00014074
-6.139485e-08,0.000151118
-6.129485e-08,0.000160199
-6.119485e-08,0.000167334
-6.109485e-08,0.000173171
-6.099485e-08,0.000177063
-6.089485e-08,0.000179009
-6.079485e-08,0.000180306
-6.069485e-08,0.000180306
-6.059485e-08,0.000179657
-6.049485e-08,0.000177063
-6.039485e-08,0.000171874
-6.029485e-08,0.000164739
-6.019485e-08,0.000153064
-6.009485e-08,0.000136848
-5.999485e-08,0.000116093
-5.989485e-08,9.27423e-05
-5.979485e-08,6.80947e-05
-5.969485e-08,4.47444e-05
-5.959485e-08,2.52858e-05
-5.949485e-08,1.16648e-05
-5.939485e-08,4.52996e-06
-5.929485e-08,4.52996e-06
-5.919485e-08,1.10162e-05
-5.909485e-08,2.33399e-05
-5.899485e-08,3.76096e-05
-5.889485e-08,5.18792e-05
-5.879485e-08,6.22572e-05
-5.869485e-08,6.74461e-05
-5.859485e-08,6.67975e-05
-5.849485e-08,5.96627e-05
-5.839485e-08,4.73389e-05
-5.829485e-08,3.24206e-05
-5.819485e-08,1.8151e-05
-5.809485e-08,6.47582e-06
-5.799485e-08,-6.58998e-07
-5.789485e-08,-6.58998e-07
-5.779485e-08,5.8272e-06
-5.769485e-08,1.87996e-05
-5.759485e-08,3.56637e-05
-5.749485e-08,5.64196e-05
-5.739485e-08,7.71754e-05
-5.729485e-08,9.53368e-05
-5.719485e-08,0.000110255
-5.709485e-08,0.000120633
-5.699485e-08,0.000125822
-5.689485e-08,0.000126471
-5.679485e-08,0.000123227
-5.669485e-08,0.00011739
-5.659485e-08,0.000109606
-5.649485e-08,0.000101174
-5.639485e-08,9.01478e-05
-5.629485e-08,7.7824e-05
-5.619485e-08,6.29058e-05
-5.609485e-08,4.40958e-05
-5.599485e-08,2.20427e-05
-5.589485e-08,-1.95624e-06
-5.579485e-08,-2.72524e-05
-5.569485e-08,-5.25486e-05
-5.559485e-08,-7.46017e-05
-5.549485e-08,-9.34117e-05
-5.539485e-08,-0.000105087
-5.529485e-08,-0.000110276
-5.519485e-08,-0.000107033
-5.509485e-08,-9.73034e-05
-5.499485e-08,-8.23851e-05
-5.489485e-08,-6.48724e-05
-5.479485e-08,-4.80083e-05
-5.469485e-08,-3.24414e-05
-5.459485e-08,-2.07662e-05
-5.449485e-08,-1.23342e-05
-5.439485e-08,-7.1452e-06
-5.429485e-08,-5.19934e-06
-5.419485e-08,-3.9021e-06
-5.409485e-08,-1.30762e-06
-5.399485e-08,3.88134e-06
-5.389485e-08,1.23134e-05
-5.379485e-08,2.26913e-05
-5.369485e-08,3.43665e-05
-5.359485e-08,4.60417e-05
-5.349485e-08,5.64196e-05
-5.339485e-08,6.4203e-05
-5.329485e-08,6.61489e-05
-5.319485e-08,6.22572e-05
-5.309485e-08,5.25279e-05
-5.299485e-08,3.82582e-05
-5.289485e-08,2.07455e-05
-5.279485e-08,2.5841e-06
-5.269485e-08,-1.36314e-05
-5.259485e-08,-2.59552e-05
-5.249485e-08,-3.37386e-05
-5.239485e-08,-3.63331e-05
-5.229485e-08,-3.43872e-05
-5.219485e-08,-2.7901e-05
-5.209485e-08,-1.9469e-05
-5.199485e-08,-9.09106e-06
-5.189485e-08,1.28686e-06
-5.179485e-08,1.10162e-05
-5.169485e-08,1.94482e-05
-5.159485e-08,2.85289e-05
-5.149485e-08,3.63124e-05
-5.139485e-08,4.47444e-05
-5.129485e-08,5.25279e-05
-5.119485e-08,6.03113e-05
-5.109485e-08,6.67975e-05
-5.099485e-08,7.06892e-05
-5.089485e-08,7.06892e-05
-5.079485e-08,6.67975e-05
-5.069485e-08,5.83654e-05
-5.059485e-08,4.60417e-05
-5.049485e-08,2.98261e-05
-5.039485e-08,1.23134e-05
-5.029485e-08,-4.55072e-06
-5.019485e-08,-1.88204e-05
-5.009485e-08,-2.7901e-05
-4.999485e-08,-3.17928e-05
-4.989485e-08,-2.91983e-05
-4.979485e-08,-2.07662e-05
-4.969485e-08,-9.09106e-06
-4.959485e-08,5.17858e-06
-4.949485e-08,1.94482e-05
-4.939485e-08,3.04748e-05
-4.929485e-08,3.6961e-05
-4.919485e-08,3.76096e-05
-4.909485e-08,3.1772e-05
-4.899485e-08,2.00968e-05
-4.889485e-08,3.88134e-06
-4.879485e-08,-1.428e-05
-4.869485e-08,-3.24414e-05
-4.859485e-08,-4.80083e-05
-4.849485e-08,-6.03321e-05
-4.839485e-08,-6.74669e-05
-4.829485e-08,-6.87641e-05
-4.819485e-08,-6.5521e-05
-4.809485e-08,-5.90348e-05
-4.799485e-08,-4.99541e-05
-4.789485e-08,-4.02248e-05
-4.779485e-08,-3.04955e-05
-4.769485e-08,-2.01176e-05
-4.759485e-08,-1.03883e-05
-4.749485e-08,-6.58998e-07
-4.739485e-08,1.03675e-05
-4.729485e-08,2.20427e-05
-4.719485e-08,3.43665e-05
-4.709485e-08,4.79875e-05
-4.699485e-08,6.09599e-05
-4.689485e-08,7.13378e-05
-4.679485e-08,7.91213e-05
-4.669485e-08,8.17158e-05
-4.659485e-08,7.97699e-05
-4.649485e-08,7.19865e-05
-4.639485e-08,5.96627e-05
-4.629485e-08,4.34472e-05
-4.619485e-08,2.59344e-05
-4.609485e-08,9.0703e-06
-4.599485e-08,-4.55072e-06
-4.589485e-08,-1.29828e-05
-4.579485e-08,-1.49286e-05
-4.569485e-08,-9.73968e-06
-4.559485e-08,1.93548e-06
-4.549485e-08,1.87996e-05
-4.539485e-08,3.95555e-05
-4.529485e-08,6.09599e-05
-4.519485e-08,8.23644e-05
-4.509485e-08,0.000102472
-4.499485e-08,0.000120633
-4.489485e-08,0.000135551
-4.479485e-08,0.000147875
-4.469485e-08,0.000157604
-4.459485e-08,0.000166036
-4.449485e-08,0.000172523
-4.439485e-08,0.000177063
-4.429485e-08,0.00017836
-4.419485e-08,0.000176414
-4.409485e-08,0.000169279
-4.399485e-08,0.000155658
-4.389485e-08,0.000136848
-4.379485e-08,0.000111552
-4.369485e-08,8.23644e-05
-4.359485e-08,5.25279e-05
-4.349485e-08,2.26913e-05
-4.339485e-08,-2.60486e-06
-4.329485e-08,-2.27121e-05
-4.319485e-08,-3.50359e-05
-4.309485e-08,-3.8279e-05
-4.299485e-08,-3.37386e-05
-4.289485e-08,-2.27121e-05
-4.279485e-08,-7.1452e-06
-4.269485e-08,1.03675e-05
-4.259485e-08,2.78803e-05
-4.249485e-08,4.21499e-05
-4.239485e-08,5.25279e-05
-4.229485e-08,5.70682e-05
-4.219485e-08,5.70682e-05
-4.209485e-08,5.25279e-05
-4.199485e-08,4.47444e-05
-4.189485e-08,3.50151e-05
-4.179485e-08,2.52858e-05
-4.169485e-08,1.62051e-05
-4.159485e-08,8.42168e-06
-4.149485e-08,6.38242e-07
-4.139485e-08,-7.1452e-06
-4.129485e-08,-1.62259e-05
-4.119485e-08,-2.66038e-05
-4.109485e-08,-3.76303e-05
-4.099485e-08,-4.99541e-05
-4.089485e-08,-6.29265e-05
-4.079485e-08,-7.46017e-05
-4.069485e-08,-8.17365e-05
-4.059485e-08,-8.36824e-05
-4.049485e-08,-7.78448e-05
-4.039485e-08,-6.42238e-05
-4.029485e-08,-4.28193e-05
-4.019485e-08,-1.36314e-05
-4.009485e-08,2.00968e-05
-3.999485e-08,5.64196e-05
-3.989485e-08,9.27423e-05
-3.979485e-08,0.000125822
-3.969485e-08,0.00015501
-3.959485e-08,0.00017836
-3.949485e-08,0.000195873
-3.939485e-08,0.000209494
-3.929485e-08,0.000218575
-3.919485e-08,0.000225709
-3.909485e-08,0.000230898
-3.899485e-08,0.00023479
-3.889485e-08,0.000238033
-3.879485e-08,0.000238682
-3.869485e-08,0.000236087
-3.859485e-08,0.000228953
-3.849485e-08,0.000214683
-3.839485e-08,0.00019263
-3.829485e-08,0.000163442
-3.819485e-08,0.000127119
-3.809485e-08,8.56075e-05
-3.799485e-08,4.08527e-05
-3.789485e-08,-3.9021e-06
-3.779485e-08,-4.47652e-05
-3.769485e-08,-7.97907e-05
-3.759485e-08,-0.000107681
-3.749485e-08,-0.00012714
-3.739485e-08,-0.000137518
-3.729485e-08,-0.000140761
-3.719485e-08,-0.000138815
-3.709485e-08,-0.000132329
-3.699485e-08,-0.000123248
-3.689485e-08,-0.000113519
-3.679485e-08,-0.000104438
-3.669485e-08,-9.47089e-05
-3.659485e-08,-8.56282e-05
-3.649485e-08,-7.46017e-05
-3.639485e-08,-6.29265e-05
-3.629485e-08,-4.86569e-05
-3.619485e-08,-3.37386e-05
-3.609485e-08,-1.81717e-05
-3.599485e-08,-4.55072e-06
-3.589485e-08,7.12444e-06
-3.579485e-08,1.49079e-05
-3.569485e-08,1.68537e-05
-3.559485e-08,1.36106e-05
-3.549485e-08,5.17858e-06
-3.539485e-08,-7.1452e-06
-3.529485e-08,-2.01176e-05
-3.519485e-08,-3.17928e-05
-3.509485e-08,-3.95762e-05
-3.499485e-08,-4.15221e-05
-3.489485e-08,-3.76303e-05
-3.479485e-08,-2.72524e-05
-3.469485e-08,-1.23342e-05
-3.459485e-08,7.12444e-06
-3.449485e-08,2.72317e-05
-3.439485e-08,4.66903e-05
-3.429485e-08,6.35544e-05
-3.419485e-08,7.71754e-05
-3.409485e-08,8.62561e-05
-3.399485e-08,9.07964e-05
-3.389485e-08,9.27423e-05
-3.379485e-08,9.20937e-05
-3.369485e-08,9.07964e-05
-3.359485e-08,8.88506e-05
-3.349485e-08,8.75533e-05
-3.339485e-08,8.62561e-05
-3.329485e-08,8.43102e-05
-3.319485e-08,7.91213e-05
-3.309485e-08,7.13378e-05
-3.299485e-08,5.90141e-05
-3.289485e-08,4.40958e-05
-3.279485e-08,2.6583e-05
-3.269485e-08,9.71892e-06
-3.259485e-08,-3.9021e-06
-3.249485e-08,-1.23342e-05
-3.239485e-08,-1.23342e-05
-3.229485e-08,-3.25348e-06
-3.219485e-08,1.68537e-05
-3.209485e-08,4.66903e-05
-3.199485e-08,8.36616e-05
-3.189485e-08,0.000126471
-3.179485e-08,0.000169928
-3.169485e-08,0.00021144
-3.159485e-08,0.000247114
-3.149485e-08,0.000275653
-3.139485e-08,0.000295112
-3.129485e-08,0.000304192
-3.119485e-08,0.000304192
-3.109485e-08,0.000296409
-3.099485e-08,0.000282139
-3.089485e-08,0.000263978
-3.079485e-08,0.000241925
-3.069485e-08,0.000217926
-3.059485e-08,0.00019263
-3.049485e-08,0.000167334
-3.039485e-08,0.000142686
-3.029485e-08,0.000119984
-3.019485e-08,9.85799e-05
-3.009485e-08,7.97699e-05
-2.999485e-08,6.4203e-05
-2.989485e-08,5.12306e-05
-2.979485e-08,4.34472e-05
-2.969485e-08,3.82582e-05
-2.959485e-08,3.6961e-05
-2.949485e-08,3.76096e-05
-2.939485e-08,4.08527e-05
-2.929485e-08,4.34472e-05
-2.919485e-08,4.47444e-05
-2.909485e-08,4.40958e-05
-2.899485e-08,4.02041e-05
-2.889485e-08,3.37179e-05
-2.879485e-08,2.52858e-05
-2.869485e-08,1.62051e-05
-2.859485e-08,7.77306e-06
-2.849485e-08,1.93548e-06
-2.839485e-08,-1.30762e-06
-2.829485e-08,6.38242e-07
-2.819485e-08,7.12444e-06
-2.809485e-08,1.75024e-05
-2.799485e-08,3.24206e-05
-2.789485e-08,4.99334e-05
-2.779485e-08,6.80947e-05
-2.769485e-08,8.56075e-05
-2.759485e-08,0.000101174
-2.749485e-08,0.000114147
-2.739485e-08,0.000124525
-2.729485e-08,0.000132308
-2.719485e-08,0.000137497
-2.709485e-08,0.000141389
-2.699485e-08,0.000145281
-2.689485e-08,0.000149172
-2.679485e-08,0.000153064
-2.669485e-08,0.000155658
-2.659485e-08,0.000155658
-2.649485e-08,0.000152415
-2.639485e-08,0.000143335
-2.629485e-08,0.000129714
-2.619485e-08,0.000109606
-2.609485e-08,8.56075e-05
-2.599485e-08,5.77168e-05
-2.589485e-08,2.98261e-05
-2.579485e-08,4.52996e-06
-2.569485e-08,-1.55773e-05
-2.559485e-08,-2.85497e-05
-2.549485e-08,-3.309e-05
-2.539485e-08,-2.98469e-05
-2.529485e-08,-2.01176e-05
-2.519485e-08,-5.84796e-06
-2.509485e-08,9.0703e-06
-2.499485e-08,2.26913e-05
-2.489485e-08,3.24206e-05
-2.479485e-08,3.56637e-05
-2.469485e-08,3.30692e-05
-2.459485e-08,2.46372e-05
-2.449485e-08,1.36106e-05
-2.439485e-08,1.28686e-06
-2.429485e-08,-9.09106e-06
-2.419485e-08,-1.428e-05
-2.409485e-08,-1.29828e-05
-2.399485e-08,-5.19934e-06
-2.389485e-08,9.71892e-06
-2.379485e-08,2.91775e-05
-2.369485e-08,5.18792e-05
-2.359485e-08,7.45809e-05
-2.349485e-08,9.6634e-05
-2.339485e-08,0.000116093
-2.329485e-08,0.00013166
-2.319485e-08,0.000142686
-2.309485e-08,0.000150469
-2.299485e-08,0.000154361
-2.289485e-08,0.000156307
-2.279485e-08,0.000155658
-2.269485e-08,0.000153064
-2.259485e-08,0.000149172
-2.249485e-08,0.000142686
-2.239485e-08,0.000133605
-2.229485e-08,0.00012193
-2.219485e-08,0.000107661
-2.209485e-08,9.01478e-05
-2.199485e-08,7.00406e-05
-2.189485e-08,4.99334e-05
-2.179485e-08,3.04748e-05
-2.169485e-08,1.36106e-05
-2.159485e-08,6.38242e-07
-2.149485e-08,-8.44244e-06
-2.139485e-08,-1.23342e-05
-2.129485e-08,-1.29828e-05
-2.119485e-08,-1.03883e-05
-2.109485e-08,-5.84796e-06
-2.099485e-08,-6.58998e-07
-2.089485e-08,3.88134e-06
-2.079485e-08,7.12444e-06
-2.069485e-08,8.42168e-06
-2.059485e-08,9.0703e-06
-2.049485e-08,8.42168e-06
-2.039485e-08,7.77306e-06
-2.029485e-08,9.0703e-06
-2.019485e-08,1.2962e-05
-2.009485e-08,1.87996e-05
-1.999485e-08,2.72317e-05
-1.989485e-08,3.6961e-05
-1.979485e-08,4.86361e-05
-1.969485e-08,6.03113e-05
-1.959485e-08,7.00406e-05
-1.949485e-08,7.7824e-05
-1.939485e-08,8.23644e-05
-1.929485e-08,8.36616e-05
-1.919485e-08,8.23644e-05
-1.909485e-08,7.84727e-05
-1.899485e-08,7.39323e-05
-1.889485e-08,6.87434e-05
-1.879485e-08,6.4203e-05
-1.869485e-08,6.16085e-05
-1.859485e-08,6.03113e-05
-1.849485e-08,5.96627e-05
-1.839485e-08,6.03113e-05
-1.829485e-08,6.03113e-05
-1.819485e-08,5.90141e-05
-1.809485e-08,5.51223e-05
-1.799485e-08,4.92848e-05
-1.789485e-08,4.27986e-05
-1.779485e-08,3.50151e-05
-1.769485e-08,2.85289e-05
-1.759485e-08,2.33399e-05
-1.749485e-08,2.07455e-05
-1.739485e-08,2.13941e-05
-1.729485e-08,2.46372e-05
-1.719485e-08,2.85289e-05
-1.709485e-08,3.24206e-05
-1.699485e-08,3.37179e-05
-1.689485e-08,3.04748e-05
-1.679485e-08,2.13941e-05
-1.669485e-08,8.42168e-06
-1.659485e-08,-8.44244e-06
-1.649485e-08,-2.59552e-05
-1.639485e-08,-4.08734e-05
-1.629485e-08,-5.12514e-05
-1.619485e-08,-5.38459e-05
-1.609485e-08,-4.73596e-05
-1.599485e-08,-3.11441e-05
-1.589485e-08,-5.84796e-06
-1.579485e-08,2.6583e-05
-1.569485e-08,6.29058e-05
-1.559485e-08,9.85799e-05
-1.549485e-08,0.000131011
-1.539485e-08,0.000156956
-1.529485e-08,0.000175117
-1.519485e-08,0.000183549
-1.509485e-08,0.000184846
-1.499485e-08,0.000179657
-1.489485e-08,0.000170577
-1.479485e-08,0.000158902
-1.469485e-08,0.000147226
-1.459485e-08,0.0001362
-1.449485e-08,0.000125173
-1.439485e-08,0.000112201
-1.429485e-08,9.72826e-05
-1.419485e-08,7.84727e-05
-1.409485e-08,5.38251e-05
-1.399485e-08,2.46372e-05
-1.389485e-08,-9.09106e-06
-1.379485e-08,-4.54138e-05
-1.369485e-08,-8.04393e-05
-1.359485e-08,-0.000112222
-1.349485e-08,-0.000136869
-1.339485e-08,-0.000152436
-1.329485e-08,-0.000158274
-1.319485e-08,-0.000154382
-1.309485e-08,-0.000142058
-1.299485e-08,-0.000124545
-1.289485e-08,-0.000105087
-1.279485e-08,-8.62769e-05
-1.269485e-08,-7.071e-05
-1.259485e-08,-5.96834e-05
-1.249485e-08,-5.38459e-05
-1.239485e-08,-5.25486e-05
-1.229485e-08,-5.38459e-05
-1.219485e-08,-5.64403e-05
-1.209485e-08,-5.77376e-05
-1.199485e-08,-5.57917e-05
-1.189485e-08,-5.12514e-05
-1.179485e-08,-4.28193e-05
-1.169485e-08,-3.24414e-05
-1.159485e-08,-2.20635e-05
-1.149485e-08,-1.29828e-05
-1.139485e-08,-6.49658e-06
-1.129485e-08,-3.25348e-06
-1.119485e-08,-2.60486e-06
-1.109485e-08,-4.55072e-06
-1.099485e-08,-7.1452e-06
-1.089485e-08,-8.44244e-06
-1.079485e-08,-5.84796e-06
-1.069485e-08,6.38242e-07
-1.059485e-08,1.23134e-05
-1.049485e-08,2.85289e-05
-1.039485e-08,4.66903e-05
-1.029485e-08,6.48516e-05
-1.019485e-08,7.97699e-05
-1.009485e-08,9.07964e-05
-9.994848e-09,9.46882e-05
-9.894848e-09,9.20937e-05
-9.794848e-09,8.23644e-05
-9.694848e-09,6.74461e-05
-9.594848e-09,4.92848e-05
-9.494848e-09,3.1772e-05
-9.394848e-09,1.62051e-05
-9.294848e-09,4.52996e-06
-9.194848e-09,-1.95624e-06
-9.094848e-09,-3.25348e-06
-8.994848e-09,-1.30762e-06
-8.894848e-09,3.88134e-06
-8.794848e-09,1.10162e-05
-8.694848e-09,1.75024e-05
-8.594848e-09,2.26913e-05
-8.494848e-09,2.59344e-05
-8.394848e-09,2.78803e-05
-8.294848e-09,2.91775e-05
-8.194848e-09,3.11234e-05
-8.094848e-09,3.30692e-05
-7.994848e-09,3.6961e-05
-7.894848e-09,4.15013e-05
-7.794848e-09,4.66903e-05
-7.694848e-09,5.12306e-05
-7.594848e-09,5.44737e-05
-7.494848e-09,5.44737e-05
-7.394848e-09,5.0582e-05
-7.294848e-09,4.21499e-05
-7.194848e-09,2.98261e-05
-7.094848e-09,1.55565e-05
-6.994848e-09,1.28686e-06
-6.894848e-09,-1.16855e-05
-6.794848e-09,-2.07662e-05
-6.694848e-09,-2.59552e-05
-6.594848e-09,-2.53066e-05
-6.494848e-09,-1.9469e-05
-6.394848e-09,-1.03883e-05
-6.294848e-09,6.38242e-07
-6.194848e-09,1.03675e-05
-6.094848e-09,1.68537e-05
-5.994848e-09,1.75024e-05
-5.894848e-09,1.23134e-05
-5.794848e-09,6.38242e-07
-5.694848e-09,-1.68745e-05
-5.594848e-09,-3.89276e-05
-5.494848e-09,-6.29265e-05
-5.394848e-09,-8.62769e-05
-5.294848e-09,-0.000107033
-5.194848e-09,-0.0001226
-5.094848e-09,-0.000131032
-4.994848e-09,-0.000133626
-4.894848e-09,-0.000129734
-4.794848e-09,-0.000121302
-4.694848e-09,-0.000110276
-4.594848e-09,-9.66548e-05
-4.494848e-09,-8.30338e-05
-4.394848e-09,-7.071e-05
-4.294848e-09,-5.90348e-05
-4.194848e-09,-4.93055e-05
-4.094848e-09,-4.08734e-05
-3.994848e-09,-3.37386e-05
-3.894848e-09,-2.7901e-05
-3.794848e-09,-2.33607e-05
-3.694848e-09,-2.14148e-05
-3.594848e-09,-2.07662e-05
-3.494848e-09,-2.40093e-05
-3.394848e-09,-2.98469e-05
-3.294848e-09,-3.89276e-05
-3.194848e-09,-5.06027e-05
-3.094848e-09,-6.35752e-05
-2.994848e-09,-7.52503e-05
-2.894848e-09,-8.49796e-05
-2.794848e-09,-8.952e-05
-2.694848e-09,-8.952e-05
-2.594848e-09,-8.36824e-05
-2.494848e-09,-7.52503e-05
-2.394848e-09,-6.5521e-05
-2.294848e-09,-5.7089e-05
-2.194848e-09,-5.31972e-05
-2.094848e-09,-5.7089e-05
-1.994848e-09,-7.071e-05
-1.894848e-09,-9.40603e-05
-1.794848e-09,-0.00012714
-1.694848e-09,-0.000168652
-1.594848e-09,-0.000214704
-1.494848e-09,-0.000264647
-1.394848e-09,-0.000315888
-1.294848e-09,-0.000366481
-1.194848e-09,-0.000415776
-1.094848e-09,-0.000465071
-9.948484e-10,-0.000515663
-8.948484e-10,-0.000570796
-7.948484e-10,-0.000632415
-6.948484e-10,-0.000703115
-5.948484e-10,-0.000783544
-4.948484e-10,-0.000874999
-3.948484e-10,-0.000976184
-2.948484e-10,-0.0010845
-1.948484e-10,-0.00119931
-9.484841e-11,-0.00131801
5.151585e-12,-0.00143865
1.051516e-10,-0.00156059
2.051516e-10,-0.00168383
3.051516e-10,-0.00181031
4.051516e-10,-0.00194133
5.051516e-10,-0.00207884
6.051516e-10,-0.00222348
7.051516e-10,-0.00237591
8.051516e-10,-0.00253417
9.051516e-10,-0.00269697
1.005152e-09,-0.00286043
1.105152e-09,-0.00302063
1.205152e-09,-0.00317371
1.305152e-09,-0.00331641
1.405152e-09,-0.00344743
1.505152e-09,-0.00356548
1.605152e-09,-0.0036712
1.705152e-09,-0.00376655
1.805152e-09,-0.00385411
1.905152e-09,-0.00393519
2.005152e-09,-0.00401237
2.105152e-09,-0.00408567
2.205152e-09,-0.00415507
2.305152e-09,-0.00421864
2.405152e-09,-0.00427377
2.505152e-09,-0.00431723
2.605152e-09,-0.00434706
2.705152e-09,-0.00436133
2.805152e-09,-0.00435939
2.905152e-09,-0.00434187
3.005152e-09,-0.00431139
3.105152e-09,-0.00427053
3.205152e-09,-0.00422318
3.305152e-09,-0.00417453
3.405152e-09,-0.00412718
3.505152e-09,-0.00408372
3.605152e-09,-0.00404416
3.705152e-09,-0.00400783
3.805152e-09,-0.00397281
3.905152e-09,-0.00393713
4.005152e-09,-0.00389887
4.105152e-09,-0.00385671
4.205152e-09,-0.00381065
4.305152e-09,-0.00376266
4.405152e-09,-0.00371206
4.505152e-09,-0.00366212
4.605152e-09,-0.00361477
4.705152e-09,-0.00357131
4.805152e-09,-0.0035324
4.905152e-09,-0.00349672
5.005152e-09,-0.00346364
5.105152e-09,-0.00342927
5.205152e-09,-0.003391
5.305152e-09,-0.00334689
5.405152e-09,-0.0032937
5.505152e-09,-0.00323144
5.605152e-09,-0.00316138
5.705152e-09,-0.0030842
5.805152e-09,-0.00300442
5.905152e-09,-0.00292594
6.005152e-09,-0.00285134
6.105152e-09,-0.00278259
6.205152e-09,-0.00272292
6.305152e-09,-0.00267103
6.405152e-09,-0.00262757
6.505152e-09,-0.0025906
6.605152e-09,-0.00255752
6.705152e-09,-0.00252703
6.805152e-09,-0.0024972
6.905152e-09,-0.00246477
7.005152e-09,-0.00242974
7.105152e-09,-0.00239342
7.205152e-09,-0.00235515
7.305152e-09,-0.00231688
7.405152e-09,-0.00227667
7.505152e-09,-0.00223516
7.605152e-09,-0.0021904
7.705152e-09,-0.00214175
7.805152e-09,-0.00208727
7.905152e-09,-0.0020263
8.005152e-09,-0.00195819
8.105152e-09,-0.00188425
8.205152e-09,-0.00180707
8.305152e-09,-0.00172858
8.405152e-09,-0.00165269
8.505152e-09,-0.00158264
8.605152e-09,-0.00152102
8.705152e-09,-0.00147108
8.805152e-09,-0.00143346
8.905152e-09,-0.00140687
9.005152e-09,-0.00139
9.105152e-09,-0.00138027
9.205152e-09,-0.00137314
9.305152e-09,-0.00136536
9.405152e-09,-0.00135303
9.505152e-09,-0.00133487
9.605152e-09,-0.00131087
9.705152e-09,-0.00128039
9.805152e-09,-0.00124601
9.905152e-09,-0.00120969
1.000515e-08,-0.00117336
1.010515e-08,-0.00113899
1.020515e-08,-0.00111045
1.030515e-08,-0.00108645
1.040515e-08,-0.00106764
1.050515e-08,-0.00105207
1.060515e-08,-0.00103845
1.070515e-08,-0.00102613
1.080515e-08,-0.00101316
1.090515e-08,-0.000999534
1.100515e-08,-0.000986562
1.110515e-08,-0.000975535
1.120515e-08,-0.000967103
1.130515e-08,-0.00096386
1.140515e-08,-0.000967103
1.150515e-08,-0.00097813
1.160515e-08,-0.000994994
1.170515e-08,-0.0010177
1.180515e-08,-0.00104429
1.190515e-08,-0.00107153
1.200515e-08,-0.00109553
1.210515e-08,-0.00111434
1.220515e-08,-0.00112666
1.230515e-08,-0.00113056
1.240515e-08,-0.00112537
1.250515e-08,-0.00111239
1.260515e-08,-0.00109423
1.270515e-08,-0.00107153
1.280515e-08,-0.00104753
1.290515e-08,-0.00102224
1.300515e-08,-0.000998237
1.310515e-08,-0.000974886
1.320515e-08,-0.000953482
1.330515e-08,-0.000932078
1.340515e-08,-0.000912619
1.350515e-08,-0.000895106
1.360515e-08,-0.000879539
1.370515e-08,-0.000866567
1.380515e-08,-0.000858135
1.390515e-08,-0.000854243
1.400515e-08,-0.000856189
1.410515e-08,-0.000863972
1.420515e-08,-0.000876945
1.430515e-08,-0.000892512
1.440515e-08,-0.000908727
1.450515e-08,-0.0009217
1.460515e-08,-0.000929483
1.470515e-08,-0.000930132
1.480515e-08,-0.000921051
1.490515e-08,-0.000903538
1.500515e-08,-0.000876945
1.510515e-08,-0.000845811
1.520515e-08,-0.000811434
1.530515e-08,-0.000777706
1.540515e-08,-0.000747221
1.550515e-08,-0.000723222
1.560515e-08,-0.00070506
1.570515e-08,-0.000693385
1.580515e-08,-0.000688196
1.590515e-08,-0.000686899
1.600515e-08,-0.000686899
1.610515e-08,-0.000686899
1.620515e-08,-0.000683656
1.630515e-08,-0.000677818
1.640515e-08,-0.000668738
1.650515e-08,-0.000659008
1.660515e-08,-0.000649279
1.670515e-08,-0.000641496
1.680515e-08,-0.000636955
1.690515e-08,-0.000635658
1.700515e-08,-0.000638253
1.710515e-08,-0.000643442
1.720515e-08,-0.000648631
1.730515e-08,-0.000651874
1.740515e-08,-0.000650576
1.750515e-08,-0.00064409
1.760515e-08,-0.000631766
1.770515e-08,-0.000615551
1.780515e-08,-0.000596741
1.790515e-08,-0.000577931
1.800515e-08,-0.000561067
1.810515e-08,-0.000549392
1.820515e-08,-0.000543554
1.830515e-08,-0.000544851
1.840515e-08,-0.000551338
1.850515e-08,-0.000562364
1.860515e-08,-0.000573391
1.870515e-08,-0.000582471
1.880515e-08,-0.000587012
1.890515e-08,-0.000584417
1.900515e-08,-0.000575336
1.910515e-08,-0.000559121
1.920515e-08,-0.000538365
1.930515e-08,-0.000515663
1.940515e-08,-0.000492962
1.950515e-08,-0.000473503
1.960515e-08,-0.000459882
1.970515e-08,-0.000450801
1.980515e-08,-0.00044691
1.990515e-08,-0.000446261
2.000515e-08,-0.00044691
2.010515e-08,-0.000446261
2.020515e-08,-0.000443018
2.030515e-08,-0.000436532
2.040515e-08,-0.000426154
2.050515e-08,-0.000412533
2.060515e-08,-0.000397615
2.070515e-08,-0.000382696
2.080515e-08,-0.000369075
2.090515e-08,-0.000358697
2.100515e-08,-0.000351563
2.110515e-08,-0.000346374
2.120515e-08,-0.00034313
2.130515e-08,-0.00033859
2.140515e-08,-0.000332753
2.150515e-08,-0.000323672
2.160515e-08,-0.000310699
2.170515e-08,-0.000293835
2.180515e-08,-0.000275674
2.190515e-08,-0.000256864
2.200515e-08,-0.000238703
2.210515e-08,-0.000223136
2.220515e-08,-0.000211461
2.230515e-08,-0.000204974
2.240515e-08,-0.000203028
2.250515e-08,-0.000204326
2.260515e-08,-0.000207569
2.270515e-08,-0.000211461
2.280515e-08,-0.000214055
2.290515e-08,-0.000213406
2.300515e-08,-0.000210812
2.310515e-08,-0.000205623
2.320515e-08,-0.000199137
2.330515e-08,-0.000193299
2.340515e-08,-0.000188759
2.350515e-08,-0.000186813
2.360515e-08,-0.000189407
2.370515e-08,-0.000195245
2.380515e-08,-0.000204326
2.390515e-08,-0.000215352
2.400515e-08,-0.000227027
2.410515e-08,-0.000237405
2.420515e-08,-0.000246486
2.430515e-08,-0.000254269
2.440515e-08,-0.000260756
2.450515e-08,-0.000267891
2.460515e-08,-0.000276323
2.470515e-08,-0.000289295
2.480515e-08,-0.000307456
2.490515e-08,-0.000331455
2.500515e-08,-0.000361292
2.510515e-08,-0.000395669
2.520515e-08,-0.000431991
2.530515e-08,-0.000466368
2.540515e-08,-0.000496853
2.550515e-08,-0.000519555
2.560515e-08,-0.000533176
2.570515e-08,-0.000535771
2.580515e-08,-0.000527987
2.590515e-08,-0.000510474
2.600515e-08,-0.000485827
2.610515e-08,-0.000457288
2.620515e-08,-0.000427451
2.630515e-08,-0.000398912
2.640515e-08,-0.000372967
2.650515e-08,-0.000351563
2.660515e-08,-0.000333401
2.670515e-08,-0.000319131
2.680515e-08,-0.000307456
2.690515e-08,-0.00029643
2.700515e-08,-0.000286052
2.710515e-08,-0.000276323
2.720515e-08,-0.000267242
2.730515e-08,-0.000259458
2.740515e-08,-0.000253621
2.750515e-08,-0.000250378
2.760515e-08,-0.000249081
2.770515e-08,-0.000249729
2.780515e-08,-0.000252972
2.790515e-08,-0.000256864
2.800515e-08,-0.000259458
2.810515e-08,-0.000260756
2.820515e-08,-0.00025881
2.830515e-08,-0.000255567
2.840515e-08,-0.000250378
2.850515e-08,-0.00024454
2.860515e-08,-0.000239351
2.870515e-08,-0.000238054
2.880515e-08,-0.000240648
2.890515e-08,-0.000248432
2.900515e-08,-0.000261404
2.910515e-08,-0.000278268
2.920515e-08,-0.000297078
2.930515e-08,-0.000314591
2.940515e-08,-0.000330158
2.950515e-08,-0.000340536
2.960515e-08,-0.000345725
2.970515e-08,-0.000345076
2.980515e-08,-0.00033859
2.990515e-08,-0.000328212
3.000515e-08,-0.000315888
3.010515e-08,-0.000303565
3.020515e-08,-0.000293187
3.030515e-08,-0.000286052
3.040515e-08,-0.000283457
3.050515e-08,-0.000283457
3.060515e-08,-0.000285403
3.070515e-08,-0.000287349
3.080515e-08,-0.000287998
3.090515e-08,-0.000285403
3.100515e-08,-0.00027762
3.110515e-08,-0.000264647
3.120515e-08,-0.000247135
3.130515e-08,-0.000226379
3.140515e-08,-0.000203677
3.150515e-08,-0.000180327
3.160515e-08,-0.000157625
3.170515e-08,-0.000136869
3.180515e-08,-0.000119356
3.190515e-08,-0.000105087
3.200515e-08,-9.34117e-05
3.210515e-08,-8.4331e-05
3.220515e-08,-7.78448e-05
3.230515e-08,-7.33045e-05
3.240515e-08,-7.071e-05
3.250515e-08,-7.13586e-05
3.260515e-08,-7.52503e-05
3.270515e-08,-8.36824e-05
3.280515e-08,-9.60062e-05
3.290515e-08,-0.000113519
3.300515e-08,-0.000134275
3.310515e-08,-0.000157625
3.320515e-08,-0.000181624
3.330515e-08,-0.000203677
3.340515e-08,-0.000221838
3.350515e-08,-0.000234811
3.360515e-08,-0.000240648
3.370515e-08,-0.00024
3.380515e-08,-0.000234162
3.390515e-08,-0.000225082
3.400515e-08,-0.000214055
3.410515e-08,-0.000203677
3.420515e-08,-0.000197191
3.430515e-08,-0.000195894
3.440515e-08,-0.000199785
3.450515e-08,-0.000208866
3.460515e-08,-0.000221838
3.470515e-08,-0.000236108
3.480515e-08,-0.000249081
3.490515e-08,-0.00025881
3.500515e-08,-0.000263999
3.510515e-08,-0.000263999
3.520515e-08,-0.000259458
3.530515e-08,-0.000251675
3.540515e-08,-0.000243243
3.550515e-08,-0.000235459
3.560515e-08,-0.000230271
3.570515e-08,-0.000229622
3.580515e-08,-0.000233514
3.590515e-08,-0.000240648
3.600515e-08,-0.000249729
3.610515e-08,-0.00025881
3.620515e-08,-0.000265296
3.630515e-08,-0.000268539
3.640515e-08,-0.000266593
3.650515e-08,-0.000260107
3.660515e-08,-0.000249729
3.670515e-08,-0.000238054
3.680515e-08,-0.000227027
3.690515e-08,-0.000217947
3.700515e-08,-0.000213406
3.710515e-08,-0.000213406
3.720515e-08,-0.000218595
3.730515e-08,-0.000226379
3.740515e-08,-0.000234811
3.750515e-08,-0.000243892
3.760515e-08,-0.000249729
3.770515e-08,-0.000252972
3.780515e-08,-0.000251675
3.790515e-08,-0.000245837
3.800515e-08,-0.000236757
3.810515e-08,-0.000225082
3.820515e-08,-0.000213406
3.830515e-08,-0.000203677
3.840515e-08,-0.000196542
3.850515e-08,-0.000192002
3.860515e-08,-0.000189407
3.870515e-08,-0.000189407
3.880515e-08,-0.000188759
3.890515e-08,-0.000187462
3.900515e-08,-0.00018357
3.910515e-08,-0.000177732
3.920515e-08,-0.000168003
3.930515e-08,-0.000156976
3.940515e-08,-0.000144653
3.950515e-08,-0.000133626
3.960515e-08,-0.000125194
3.970515e-08,-0.000120005
3.980515e-08,-0.000119356
3.990515e-08,-0.000121951
4.000515e-08,-0.00012714
4.010515e-08,-0.000132329
4.020515e-08,-0.000136221
4.030515e-08,-0.000137518
4.040515e-08,-0.000132978
4.050515e-08,-0.000123248
4.060515e-08,-0.00010833
4.070515e-08,-9.08172e-05
4.080515e-08,-7.26558e-05
4.090515e-08,-5.51431e-05
4.100515e-08,-3.95762e-05
4.110515e-08,-2.91983e-05
4.120515e-08,-2.33607e-05
4.130515e-08,-2.20635e-05
4.140515e-08,-2.46579e-05
4.150515e-08,-2.98469e-05
4.160515e-08,-3.50359e-05
4.170515e-08,-3.95762e-05
4.180515e-08,-4.21707e-05
4.190515e-08,-4.34679e-05
4.200515e-08,-4.41165e-05
4.210515e-08,-4.47652e-05
4.220515e-08,-4.73596e-05
4.230515e-08,-5.31972e-05
4.240515e-08,-6.29265e-05
4.250515e-08,-7.65476e-05
4.260515e-08,-9.40603e-05
4.270515e-08,-0.000114168
4.280515e-08,-0.000134923
4.290515e-08,-0.000153733
4.300515e-08,-0.000168652
4.310515e-08,-0.00017903
4.320515e-08,-0.000184219
4.330515e-08,-0.000184219
4.340515e-08,-0.000180327
4.350515e-08,-0.000174489
4.360515e-08,-0.000168003
4.370515e-08,-0.000162165
4.380515e-08,-0.000158274
4.390515e-08,-0.000156328
4.400515e-08,-0.000156976
4.410515e-08,-0.000158274
4.420515e-08,-0.00016022
4.430515e-08,-0.000161517
4.440515e-08,-0.000161517
4.450515e-08,-0.000158922
4.460515e-08,-0.000156328
4.470515e-08,-0.000153085
4.480515e-08,-0.000152436
4.490515e-08,-0.000154382
4.500515e-08,-0.00016022
4.510515e-08,-0.000171246
4.520515e-08,-0.00018811
4.530515e-08,-0.000208217
4.540515e-08,-0.000230271
4.550515e-08,-0.000253621
4.560515e-08,-0.000275025
4.570515e-08,-0.000291889
4.580515e-08,-0.000302916
4.590515e-08,-0.000306808
4.600515e-08,-0.000303565
4.610515e-08,-0.000292538
4.620515e-08,-0.000275025
4.630515e-08,-0.000253621
4.640515e-08,-0.000229622
4.650515e-08,-0.000204326
4.660515e-08,-0.00017903
4.670515e-08,-0.000155679
4.680515e-08,-0.000134923
4.690515e-08,-0.000116113
4.700515e-08,-9.86006e-05
4.710515e-08,-8.30338e-05
4.720515e-08,-6.74669e-05
4.730515e-08,-5.31972e-05
4.740515e-08,-3.89276e-05
4.750515e-08,-2.59552e-05
4.760515e-08,-1.428e-05
4.770515e-08,-5.19934e-06
4.780515e-08,-1.03779e-08
4.790515e-08,6.38242e-07
4.800515e-08,-3.25348e-06
4.810515e-08,-1.23342e-05
4.820515e-08,-2.46579e-05
4.830515e-08,-3.95762e-05
4.840515e-08,-5.57917e-05
4.850515e-08,-7.20072e-05
4.860515e-08,-8.75741e-05
4.870515e-08,-0.000101844
4.880515e-08,-0.000113519
4.890515e-08,-0.0001226
4.900515e-08,-0.000129086
4.910515e-08,-0.000134923
4.920515e-08,-0.000140761
4.930515e-08,-0.000146599
4.940515e-08,-0.000152436
4.950515e-08,-0.000158922
4.960515e-08,-0.000165409
4.970515e-08,-0.000171895
4.980515e-08,-0.000178381
4.990515e-08,-0.00018357
5.000515e-08,-0.000188759
5.010515e-08,-0.000193948
5.020515e-08,-0.000199785
5.030515e-08,-0.000207569
5.040515e-08,-0.000217298
5.050515e-08,-0.000227676
5.060515e-08,-0.000239351
5.070515e-08,-0.000249729
5.080515e-08,-0.000257513
5.090515e-08,-0.000261404
5.100515e-08,-0.000259458
5.110515e-08,-0.000249729
5.120515e-08,-0.000232865
5.130515e-08,-0.000208866
5.140515e-08,-0.000180327
5.150515e-08,-0.000149193
5.160515e-08,-0.000119356
5.170515e-08,-9.27631e-05
5.180515e-08,-7.26558e-05
5.190515e-08,-5.96834e-05
5.200515e-08,-5.44945e-05
5.210515e-08,-5.64403e-05
5.220515e-08,-6.35752e-05
5.230515e-08,-7.39531e-05
5.240515e-08,-8.49796e-05
5.250515e-08,-9.40603e-05
5.260515e-08,-9.92493e-05
5.270515e-08,-9.98979e-05
5.280515e-08,-9.60062e-05
5.290515e-08,-8.75741e-05
5.300515e-08,-7.58989e-05
5.310515e-08,-6.29265e-05
5.320515e-08,-4.99541e-05
5.330515e-08,-3.76303e-05
5.340515e-08,-2.72524e-05
5.350515e-08,-1.75231e-05
5.360515e-08,-8.44244e-06
5.370515e-08,-1.03779e-08
5.380515e-08,9.71892e-06
5.390515e-08,2.00968e-05
5.400515e-08,3.1772e-05
5.410515e-08,4.47444e-05
5.420515e-08,5.77168e-05
5.430515e-08,6.87434e-05
5.440515e-08,7.58782e-05
5.450515e-08,7.84727e-05
5.460515e-08,7.52296e-05
5.470515e-08,6.48516e-05
5.480515e-08,4.86361e-05
5.490515e-08,2.72317e-05
5.500515e-08,1.93548e-06
5.510515e-08,-2.59552e-05
5.520515e-08,-5.44945e-05
5.530515e-08,-8.30338e-05
5.540515e-08,-0.000109627
5.550515e-08,-0.000134923
5.560515e-08,-0.000158274
5.570515e-08,-0.000179678
5.580515e-08,-0.000199137
5.590515e-08,-0.000217298
5.600515e-08,-0.000233514
5.610515e-08,-0.000247135
5.620515e-08,-0.00025881
5.630515e-08,-0.000267242
5.640515e-08,-0.000271134
5.650515e-08,-0.000270485
5.660515e-08,-0.000265296
5.670515e-08,-0.000254918
5.680515e-08,-0.000241297
5.690515e-08,-0.000223784
5.700515e-08,-0.000204326
5.710515e-08,-0.000184219
5.720515e-08,-0.000162814
5.730515e-08,-0.000142058
5.740515e-08,-0.000120654
5.750515e-08,-9.92493e-05
5.760515e-08,-7.65476e-05
5.770515e-08,-5.12514e-05
5.780515e-08,-2.53066e-05
5.790515e-08,2.5841e-06
5.800515e-08,3.04748e-05
5.810515e-08,5.77168e-05
5.820515e-08,8.10671e-05
5.830515e-08,9.85799e-05
5.840515e-08,0.000107661
5.850515e-08,0.000106363
5.860515e-08,9.53368e-05
5.870515e-08,7.32837e-05
5.880515e-08,4.27986e-05
5.890515e-08,5.8272e-06
5.900515e-08,-3.37386e-05
5.910515e-08,-7.39531e-05
5.920515e-08,-0.000109627
5.930515e-08,-0.000138815
5.940515e-08,-0.000159571
5.950515e-08,-0.000171246
5.960515e-08,-0.000174489
5.970515e-08,-0.000169949
5.980515e-08,-0.000158922
5.990515e-08,-0.000144653
6.000515e-08,-0.000127789
6.010515e-08,-0.000109627
6.020515e-08,-9.27631e-05
6.030515e-08,-7.65476e-05
6.040515e-08,-6.16293e-05
6.050515e-08,-4.73596e-05
6.060515e-08,-3.37386e-05
6.070515e-08,-2.01176e-05
6.080515e-08,-7.1452e-06
6.090515e-08,5.8272e-06
6.100515e-08,1.75024e-05
6.110515e-08,2.6583e-05
6.120515e-08,3.1772e-05
6.130515e-08,3.30692e-05
6.140515e-08,3.04748e-05
6.150515e-08,2.20427e-05
6.160515e-08,1.03675e-05
6.170515e-08,-3.25348e-06
6.180515e-08,-1.68745e-05
6.190515e-08,-2.98469e-05
6.200515e-08,-4.08734e-05
6.210515e-08,-4.86569e-05
6.220515e-08,-5.31972e-05
6.230515e-08,-5.57917e-05
6.240515e-08,-5.7089e-05
6.250515e-08,-5.83862e-05
6.260515e-08,-6.16293e-05
6.270515e-08,-6.74669e-05
6.280515e-08,-7.52503e-05
6.290515e-08,-8.49796e-05
6.300515e-08,-9.47089e-05
6.310515e-08,-0.000102492
6.320515e-08,-0.000106384
6.330515e-08,-0.00010379
6.340515e-08,-9.47089e-05
6.350515e-08,-7.9142e-05
6.360515e-08,-5.83862e-05
6.370515e-08,-3.37386e-05
6.380515e-08,-9.73968e-06
6.390515e-08,1.10162e-05
6.400515e-08,2.46372e-05
6.410515e-08,2.98261e-05
6.420515e-08,2.52858e-05
6.430515e-08,1.16648e-05
6.440515e-08,-9.09106e-06
6.450515e-08,-3.43872e-05
6.460515e-08,-6.03321e-05
6.470515e-08,-8.49796e-05
6.480515e-08,-0.000104438
6.490515e-08,-0.000118059
6.500515e-08,-0.000123248
6.510515e-08,-0.0001226
6.520515e-08,-0.000117411
6.530515e-08,-0.000109627
6.540515e-08,-0.000101195
6.550515e-08,-9.47089e-05
6.560515e-08,-9.14658e-05
6.570515e-08,-9.21144e-05
6.580515e-08,-9.66548e-05
6.590515e-08,-0.000103141
6.600515e-08,-0.000109627
6.610515e-08,-0.000115465
6.620515e-08,-0.000118708
6.630515e-08,-0.000118708
6.640515e-08,-0.000114168
6.650515e-08,-0.000107033
6.660515e-08,-9.73034e-05
6.670515e-08,-8.56282e-05
6.680515e-08,-7.39531e-05
6.690515e-08,-6.29265e-05
6.700515e-08,-5.31972e-05
6.710515e-08,-4.47652e-05
6.720515e-08,-3.8279e-05
6.730515e-08,-3.24414e-05
6.740515e-08,-2.72524e-05
6.750515e-08,-2.27121e-05
6.760515e-08,-1.88204e-05
6.770515e-08,-1.55773e-05
6.780515e-08,-1.29828e-05
6.790515e-08,-1.16855e-05
6.800515e-08,-1.16855e-05
6.810515e-08,-1.23342e-05
6.820515e-08,-1.36314e-05
6.830515e-08,-1.36314e-05
6.840515e-08,-1.16855e-05
6.850515e-08,-5.84796e-06
6.860515e-08,3.88134e-06
6.870515e-08,1.8151e-05
6.880515e-08,3.6961e-05
6.890515e-08,5.90141e-05
6.900515e-08,8.3013e-05
6.910515e-08,0.000105715
6.920515e-08,0.000125173
6.930515e-08,0.000138794
6.940515e-08,0.000145281
6.950515e-08,0.000142037
6.960515e-08,0.000129714
6.970515e-08,0.000108958
6.980515e-08,8.23644e-05
6.990515e-08,5.18792e-05
7.000515e-08,2.07455e-05
7.010515e-08,-9.73968e-06
7.020515e-08,-3.63331e-05
7.030515e-08,-5.83862e-05
7.040515e-08,-7.65476e-05
7.050515e-08,-9.08172e-05
7.060515e-08,-0.000101844
7.070515e-08,-0.000111573
7.080515e-08,-0.000120005
7.090515e-08,-0.000127789
7.100515e-08,-0.000134275
7.110515e-08,-0.000138166
7.120515e-08,-0.000138815
7.130515e-08,-0.000133626
7.140515e-08,-0.0001226
7.150515e-08,-0.00010379
7.160515e-08,-7.9142e-05
7.170515e-08,-4.93055e-05
7.180515e-08,-1.62259e-05
7.190515e-08,1.62051e-05
7.200515e-08,4.47444e-05
7.210515e-08,6.67975e-05
7.220515e-08,8.04185e-05
7.230515e-08,8.49589e-05
7.240515e-08,8.04185e-05
7.250515e-08,6.74461e-05
7.260515e-08,4.79875e-05
7.270515e-08,2.46372e-05
7.280515e-08,-1.30762e-06
7.290515e-08,-2.66038e-05
7.300515e-08,-4.93055e-05
7.310515e-08,-6.81155e-05
7.320515e-08,-8.36824e-05
7.330515e-08,-9.53575e-05
7.340515e-08,-0.000103141
7.350515e-08,-0.00010833
7.360515e-08,-0.000111573
7.370515e-08,-0.000112222
7.380515e-08,-0.000110924
7.390515e-08,-0.00010833
7.400515e-08,-0.000104438
7.410515e-08,-9.86006e-05
7.420515e-08,-9.08172e-05
7.430515e-08,-8.17365e-05
7.440515e-08,-7.20072e-05
7.450515e-08,-6.22779e-05
7.460515e-08,-5.25486e-05
7.470515e-08,-4.41165e-05
7.480515e-08,-3.69817e-05
7.490515e-08,-3.17928e-05
7.500515e-08,-2.7901e-05
7.510515e-08,-2.66038e-05
7.520515e-08,-2.66038e-05
7.530515e-08,-2.85497e-05
7.540515e-08,-3.17928e-05
7.550515e-08,-3.56845e-05
7.560515e-08,-4.21707e-05
7.570515e-08,-5.06027e-05
7.580515e-08,-6.03321e-05
7.590515e-08,-7.26558e-05
7.600515e-08,-8.69255e-05
7.610515e-08,-0.000103141
7.620515e-08,-0.000119356
7.630515e-08,-0.000134923
7.640515e-08,-0.000147247
7.650515e-08,-0.000154382
7.660515e-08,-0.000153085
7.670515e-08,-0.000142058
7.680515e-08,-0.000120654
7.690515e-08,-8.75741e-05
7.700515e-08,-4.54138e-05
7.710515e-08,3.88134e-06
7.720515e-08,5.70682e-05
