LECROYWaveRunner‘N,20113,Waveform
Segments,1,SegmentSize,2002
Segment,TrigTime,TimeSinceSegment1
#1,28-Sep-2018 13:20:30,0                 
Time,Ampl
-1.228491e-07,5.17858e-06
-1.227491e-07,-1.30762e-06
-1.226491e-07,-5.84796e-06
-1.225491e-07,-7.79382e-06
-1.224491e-07,-7.79382e-06
-1.223491e-07,-7.79382e-06
-1.222491e-07,-8.44244e-06
-1.221491e-07,-1.10369e-05
-1.220491e-07,-1.55773e-05
-1.219491e-07,-2.27121e-05
-1.218491e-07,-3.17928e-05
-1.217491e-07,-4.08734e-05
-1.216491e-07,-4.99541e-05
-1.215491e-07,-5.7089e-05
-1.214491e-07,-6.03321e-05
-1.213491e-07,-6.09807e-05
-1.212491e-07,-5.90348e-05
-1.211491e-07,-5.44945e-05
-1.210491e-07,-4.93055e-05
-1.209491e-07,-4.41165e-05
-1.208491e-07,-4.02248e-05
-1.207491e-07,-3.89276e-05
-1.206491e-07,-4.08734e-05
-1.205491e-07,-4.41165e-05
-1.204491e-07,-4.93055e-05
-1.203491e-07,-5.38459e-05
-1.202491e-07,-5.64403e-05
-1.201491e-07,-5.57917e-05
-1.200491e-07,-5.06027e-05
-1.199491e-07,-4.08734e-05
-1.198491e-07,-2.7901e-05
-1.197491e-07,-1.29828e-05
-1.196491e-07,1.93548e-06
-1.195491e-07,1.55565e-05
-1.194491e-07,2.46372e-05
-1.193491e-07,2.78803e-05
-1.192491e-07,2.59344e-05
-1.191491e-07,1.75024e-05
-1.190491e-07,4.52996e-06
-1.189491e-07,-1.10369e-05
-1.188491e-07,-2.85497e-05
-1.187491e-07,-4.47652e-05
-1.186491e-07,-5.90348e-05
-1.185491e-07,-6.94127e-05
-1.184491e-07,-7.58989e-05
-1.183491e-07,-7.84934e-05
-1.182491e-07,-7.71962e-05
-1.181491e-07,-7.33045e-05
-1.180491e-07,-6.68183e-05
-1.179491e-07,-5.90348e-05
-1.178491e-07,-5.12514e-05
-1.177491e-07,-4.28193e-05
-1.176491e-07,-3.37386e-05
-1.175491e-07,-2.46579e-05
-1.174491e-07,-1.428e-05
-1.173491e-07,-3.9021e-06
-1.172491e-07,7.12444e-06
-1.171491e-07,1.8151e-05
-1.170491e-07,2.85289e-05
-1.169491e-07,3.95555e-05
-1.168491e-07,4.86361e-05
-1.167491e-07,5.5771e-05
-1.166491e-07,6.16085e-05
-1.165491e-07,6.55003e-05
-1.164491e-07,6.74461e-05
-1.163491e-07,6.74461e-05
-1.162491e-07,6.4203e-05
-1.161491e-07,5.83654e-05
-1.160491e-07,4.92848e-05
-1.159491e-07,3.56637e-05
-1.158491e-07,1.75024e-05
-1.157491e-07,-5.84796e-06
-1.156491e-07,-3.43872e-05
-1.155491e-07,-6.94127e-05
-1.154491e-07,-0.000107681
-1.153491e-07,-0.000148544
-1.152491e-07,-0.000189407
-1.151491e-07,-0.000227027
-1.150491e-07,-0.000260107
-1.149491e-07,-0.000284755
-1.148491e-07,-0.00030097
-1.147491e-07,-0.000308105
-1.146491e-07,-0.000304862
-1.145491e-07,-0.000292538
-1.144491e-07,-0.000274377
-1.143491e-07,-0.000251675
-1.142491e-07,-0.000227027
-1.141491e-07,-0.000201731
-1.140491e-07,-0.000177084
-1.139491e-07,-0.000153733
-1.138491e-07,-0.000132329
-1.137491e-07,-0.000111573
-1.136491e-07,-9.08172e-05
-1.135491e-07,-7.00614e-05
-1.134491e-07,-4.73596e-05
-1.133491e-07,-2.27121e-05
-1.132491e-07,2.5841e-06
-1.131491e-07,2.78803e-05
-1.130491e-07,5.12306e-05
-1.129491e-07,7.06892e-05
-1.128491e-07,8.56075e-05
-1.127491e-07,9.53368e-05
-1.126491e-07,9.85799e-05
-1.125491e-07,9.6634e-05
-1.124491e-07,9.01478e-05
-1.123491e-07,8.10671e-05
-1.122491e-07,7.19865e-05
-1.121491e-07,6.35544e-05
-1.120491e-07,5.83654e-05
-1.119491e-07,5.5771e-05
-1.118491e-07,5.64196e-05
-1.117491e-07,5.96627e-05
-1.116491e-07,6.4203e-05
-1.115491e-07,7.06892e-05
-1.114491e-07,7.71754e-05
-1.113491e-07,8.36616e-05
-1.112491e-07,8.94992e-05
-1.111491e-07,9.46882e-05
-1.110491e-07,9.92285e-05
-1.109491e-07,0.00010312
-1.108491e-07,0.000108309
-1.107491e-07,0.000113498
-1.106491e-07,0.000118038
-1.105491e-07,0.000121282
-1.104491e-07,0.000123227
-1.103491e-07,0.000122579
-1.102491e-07,0.000119336
-1.101491e-07,0.00011285
-1.100491e-07,0.000103769
-1.099491e-07,9.14451e-05
-1.098491e-07,7.84727e-05
-1.097491e-07,6.61489e-05
-1.096491e-07,5.5771e-05
-1.095491e-07,4.79875e-05
-1.094491e-07,4.27986e-05
-1.093491e-07,4.08527e-05
-1.092491e-07,4.15013e-05
-1.091491e-07,4.40958e-05
-1.090491e-07,4.73389e-05
-1.089491e-07,4.92848e-05
-1.088491e-07,4.92848e-05
-1.087491e-07,4.73389e-05
-1.086491e-07,4.34472e-05
-1.085491e-07,3.89068e-05
-1.084491e-07,3.50151e-05
-1.083491e-07,3.24206e-05
-1.082491e-07,3.1772e-05
-1.081491e-07,3.37179e-05
-1.080491e-07,3.76096e-05
-1.079491e-07,4.08527e-05
-1.078491e-07,4.34472e-05
-1.077491e-07,4.21499e-05
-1.076491e-07,3.6961e-05
-1.075491e-07,2.6583e-05
-1.074491e-07,1.03675e-05
-1.073491e-07,-9.73968e-06
-1.072491e-07,-3.309e-05
-1.071491e-07,-5.57917e-05
-1.070491e-07,-7.71962e-05
-1.069491e-07,-9.34117e-05
-1.068491e-07,-0.000103141
-1.067491e-07,-0.000105735
-1.066491e-07,-0.000101844
-1.065491e-07,-9.27631e-05
-1.064491e-07,-8.10879e-05
-1.063491e-07,-6.74669e-05
-1.062491e-07,-5.38459e-05
-1.061491e-07,-4.21707e-05
-1.060491e-07,-3.24414e-05
-1.059491e-07,-2.53066e-05
-1.058491e-07,-2.07662e-05
-1.057491e-07,-1.75231e-05
-1.056491e-07,-1.428e-05
-1.055491e-07,-1.03883e-05
-1.054491e-07,-5.84796e-06
-1.053491e-07,6.38242e-07
-1.052491e-07,6.47582e-06
-1.051491e-07,1.23134e-05
-1.050491e-07,1.68537e-05
-1.049491e-07,1.8151e-05
-1.048491e-07,1.68537e-05
-1.047491e-07,1.23134e-05
-1.046491e-07,5.8272e-06
-1.045491e-07,-1.95624e-06
-1.044491e-07,-8.44244e-06
-1.043491e-07,-1.49286e-05
-1.042491e-07,-1.88204e-05
-1.041491e-07,-2.01176e-05
-1.040491e-07,-1.75231e-05
-1.039491e-07,-1.23342e-05
-1.038491e-07,-5.19934e-06
-1.037491e-07,2.5841e-06
-1.036491e-07,1.03675e-05
-1.035491e-07,1.62051e-05
-1.034491e-07,1.94482e-05
-1.033491e-07,2.00968e-05
-1.032491e-07,1.8151e-05
-1.031491e-07,1.55565e-05
-1.030491e-07,1.23134e-05
-1.029491e-07,1.03675e-05
-1.028491e-07,1.10162e-05
-1.027491e-07,1.36106e-05
-1.026491e-07,1.87996e-05
-1.025491e-07,2.6583e-05
-1.024491e-07,3.56637e-05
-1.023491e-07,4.5393e-05
-1.022491e-07,5.44737e-05
-1.021491e-07,6.29058e-05
-1.020491e-07,7.00406e-05
-1.019491e-07,7.52296e-05
-1.018491e-07,7.91213e-05
-1.017491e-07,8.17158e-05
-1.016491e-07,8.43102e-05
-1.015491e-07,8.69047e-05
-1.014491e-07,8.88506e-05
-1.013491e-07,8.88506e-05
-1.012491e-07,8.69047e-05
-1.011491e-07,8.10671e-05
-1.010491e-07,7.06892e-05
-1.009491e-07,5.5771e-05
-1.008491e-07,3.43665e-05
-1.007491e-07,8.42168e-06
-1.006491e-07,-2.27121e-05
-1.005491e-07,-5.51431e-05
-1.004491e-07,-8.82227e-05
-1.003491e-07,-0.000118708
-1.002491e-07,-0.000144653
-1.001491e-07,-0.000164111
-1.000491e-07,-0.000175786
-9.994913e-08,-0.000180327
-9.984913e-08,-0.000177084
-9.974913e-08,-0.000167354
-9.964913e-08,-0.000155031
-9.954913e-08,-0.00014141
-9.944913e-08,-0.000129734
-9.934913e-08,-0.000120654
-9.924913e-08,-0.000116762
-9.914913e-08,-0.000116762
-9.904913e-08,-0.000120654
-9.894913e-08,-0.000126491
-9.884913e-08,-0.000133626
-9.874913e-08,-0.000140112
-9.864913e-08,-0.000144004
-9.854913e-08,-0.000144653
-9.844913e-08,-0.000142058
-9.834913e-08,-0.000136869
-9.824913e-08,-0.000128437
-9.814913e-08,-0.000118059
-9.804913e-08,-0.000106384
-9.794913e-08,-9.34117e-05
-9.784913e-08,-7.97907e-05
-9.774913e-08,-6.5521e-05
-9.764913e-08,-4.99541e-05
-9.754913e-08,-3.309e-05
-9.744913e-08,-1.55773e-05
-9.734913e-08,1.93548e-06
-9.724913e-08,1.94482e-05
-9.714913e-08,3.56637e-05
-9.704913e-08,4.99334e-05
-9.694913e-08,6.22572e-05
-9.684913e-08,7.06892e-05
-9.674913e-08,7.58782e-05
-9.664913e-08,7.65268e-05
-9.654913e-08,7.39323e-05
-9.644913e-08,6.9392e-05
-9.634913e-08,6.16085e-05
-9.624913e-08,5.25279e-05
-9.614913e-08,4.15013e-05
-9.604913e-08,2.91775e-05
-9.594913e-08,1.55565e-05
-9.584913e-08,6.38242e-07
-9.574913e-08,-1.68745e-05
-9.564913e-08,-3.63331e-05
-9.554913e-08,-5.77376e-05
-9.544913e-08,-7.97907e-05
-9.534913e-08,-0.000102492
-9.524913e-08,-0.0001226
-9.514913e-08,-0.000139464
-9.504913e-08,-0.000149842
-9.494913e-08,-0.000152436
-9.484913e-08,-0.000146599
-9.474913e-08,-0.00013168
-9.464913e-08,-0.00010833
-9.454913e-08,-7.84934e-05
-9.444913e-08,-4.47652e-05
-9.434913e-08,-1.16855e-05
-9.424913e-08,1.8151e-05
-9.414913e-08,4.34472e-05
-9.404913e-08,6.16085e-05
-9.394913e-08,7.32837e-05
-9.384913e-08,7.71754e-05
-9.374913e-08,7.52296e-05
-9.364913e-08,6.87434e-05
-9.354913e-08,5.96627e-05
-9.344913e-08,4.99334e-05
-9.334913e-08,4.21499e-05
-9.324913e-08,3.56637e-05
-9.314913e-08,3.11234e-05
-9.304913e-08,2.78803e-05
-9.294913e-08,2.39886e-05
-9.284913e-08,1.87996e-05
-9.274913e-08,1.16648e-05
-9.264913e-08,1.93548e-06
-9.254913e-08,-1.03883e-05
-9.244913e-08,-2.59552e-05
-9.234913e-08,-4.28193e-05
-9.224913e-08,-6.09807e-05
-9.214913e-08,-7.78448e-05
-9.204913e-08,-9.40603e-05
-9.194913e-08,-0.000107681
-9.184913e-08,-0.000118708
-9.174913e-08,-0.000126491
-9.164913e-08,-0.00013168
-9.154913e-08,-0.000133626
-9.144913e-08,-0.000133626
-9.134913e-08,-0.000131032
-9.124913e-08,-0.000126491
-9.114913e-08,-0.000120005
-9.104913e-08,-0.000109627
-9.094913e-08,-9.66548e-05
-9.084913e-08,-8.04393e-05
-9.074913e-08,-6.09807e-05
-9.064913e-08,-3.95762e-05
-9.054913e-08,-1.75231e-05
-9.044913e-08,3.88134e-06
-9.034913e-08,2.33399e-05
-9.024913e-08,3.95555e-05
-9.014913e-08,5.31765e-05
-9.004913e-08,6.35544e-05
-8.994913e-08,6.9392e-05
-8.984913e-08,7.19865e-05
-8.974913e-08,7.26351e-05
-8.964913e-08,7.32837e-05
-8.954913e-08,7.52296e-05
-8.944913e-08,7.84727e-05
-8.934913e-08,8.36616e-05
-8.924913e-08,9.07964e-05
-8.914913e-08,9.85799e-05
-8.904913e-08,0.000105715
-8.894913e-08,0.000110904
-8.884913e-08,0.000113498
-8.874913e-08,0.000113498
-8.864913e-08,0.000109606
-8.854913e-08,0.000101823
-8.844913e-08,9.14451e-05
-8.834913e-08,7.84727e-05
-8.824913e-08,6.61489e-05
-8.814913e-08,5.44737e-05
-8.804913e-08,4.5393e-05
-8.794913e-08,3.82582e-05
-8.784913e-08,3.50151e-05
-8.774913e-08,3.43665e-05
-8.764913e-08,3.6961e-05
-8.754913e-08,4.15013e-05
-8.744913e-08,4.66903e-05
-8.734913e-08,5.25279e-05
-8.724913e-08,5.77168e-05
-8.714913e-08,6.22572e-05
-8.704913e-08,6.67975e-05
-8.694913e-08,7.00406e-05
-8.684913e-08,7.26351e-05
-8.674913e-08,7.26351e-05
-8.664913e-08,7.13378e-05
-8.654913e-08,6.67975e-05
-8.644913e-08,5.90141e-05
-8.634913e-08,4.73389e-05
-8.624913e-08,3.04748e-05
-8.614913e-08,1.10162e-05
-8.604913e-08,-1.23342e-05
-8.594913e-08,-3.76303e-05
-8.584913e-08,-6.29265e-05
-8.574913e-08,-8.56282e-05
-8.564913e-08,-0.000105735
-8.554913e-08,-0.000120654
-8.544913e-08,-0.000131032
-8.534913e-08,-0.000136869
-8.524913e-08,-0.000139464
-8.514913e-08,-0.000140112
-8.504913e-08,-0.000139464
-8.494913e-08,-0.000139464
-8.484913e-08,-0.00014141
-8.474913e-08,-0.00014595
-8.464913e-08,-0.000153085
-8.454913e-08,-0.00016022
-8.444913e-08,-0.000166706
-8.434913e-08,-0.000171246
-8.424913e-08,-0.000172543
-8.414913e-08,-0.0001693
-8.404913e-08,-0.000162814
-8.394913e-08,-0.000152436
-8.384913e-08,-0.000139464
-8.374913e-08,-0.000126491
-8.364913e-08,-0.000114816
-8.354913e-08,-0.000105735
-8.344913e-08,-9.98979e-05
-8.334913e-08,-9.7952e-05
-8.324913e-08,-9.7952e-05
-8.314913e-08,-9.7952e-05
-8.304913e-08,-9.47089e-05
-8.294913e-08,-8.69255e-05
-8.284913e-08,-7.26558e-05
-8.274913e-08,-4.99541e-05
-8.264913e-08,-1.88204e-05
-8.254913e-08,1.94482e-05
-8.244913e-08,6.16085e-05
-8.234913e-08,0.000103769
-8.224913e-08,0.000142037
-8.214913e-08,0.000174468
-8.204913e-08,0.000198467
-8.194913e-08,0.000212088
-8.184913e-08,0.000215332
-8.174913e-08,0.000209494
-8.164913e-08,0.00019717
-8.154913e-08,0.000180955
-8.144913e-08,0.000164739
-8.134913e-08,0.000149821
-8.124913e-08,0.000138146
-8.114913e-08,0.000129714
-8.104913e-08,0.000123876
-8.094913e-08,0.000120633
-8.084913e-08,0.000118038
-8.074913e-08,0.000114795
-8.064913e-08,0.000110904
-8.054913e-08,0.000105066
-8.044913e-08,9.6634e-05
-8.034913e-08,8.69047e-05
-8.024913e-08,7.65268e-05
-8.014913e-08,6.61489e-05
-8.004913e-08,5.64196e-05
-7.994913e-08,4.73389e-05
-7.984913e-08,3.82582e-05
-7.974913e-08,2.91775e-05
-7.964913e-08,1.94482e-05
-7.954913e-08,7.12444e-06
-7.944913e-08,-6.49658e-06
-7.934913e-08,-2.27121e-05
-7.924913e-08,-3.89276e-05
-7.914913e-08,-5.25486e-05
-7.904913e-08,-6.29265e-05
-7.894913e-08,-6.68183e-05
-7.884913e-08,-6.48724e-05
-7.874913e-08,-5.64403e-05
-7.864913e-08,-3.95762e-05
-7.854913e-08,-1.75231e-05
-7.844913e-08,7.12444e-06
-7.834913e-08,3.24206e-05
-7.824913e-08,5.38251e-05
-7.814913e-08,7.00406e-05
-7.804913e-08,7.91213e-05
-7.794913e-08,7.91213e-05
-7.784913e-08,7.19865e-05
-7.774913e-08,5.96627e-05
-7.764913e-08,4.40958e-05
-7.754913e-08,2.78803e-05
-7.744913e-08,1.36106e-05
-7.734913e-08,2.5841e-06
-7.724913e-08,-3.25348e-06
-7.714913e-08,-5.84796e-06
-7.704913e-08,-5.19934e-06
-7.694913e-08,-2.60486e-06
-7.684913e-08,6.38242e-07
-7.674913e-08,3.23272e-06
-7.664913e-08,5.8272e-06
-7.654913e-08,7.77306e-06
-7.644913e-08,1.03675e-05
-7.634913e-08,1.36106e-05
-7.624913e-08,2.00968e-05
-7.614913e-08,3.04748e-05
-7.604913e-08,4.47444e-05
-7.594913e-08,6.22572e-05
-7.584913e-08,8.17158e-05
-7.574913e-08,0.000101174
-7.564913e-08,0.00011739
-7.554913e-08,0.000128416
-7.544913e-08,0.000131011
-7.534913e-08,0.000125822
-7.524913e-08,0.000111552
-7.514913e-08,8.88506e-05
-7.504913e-08,5.96627e-05
-7.494913e-08,2.6583e-05
-7.484913e-08,-7.1452e-06
-7.474913e-08,-3.95762e-05
-7.464913e-08,-6.74669e-05
-7.454913e-08,-8.88713e-05
-7.444913e-08,-0.000103141
-7.434913e-08,-0.000110276
-7.424913e-08,-0.000110924
-7.414913e-08,-0.000105087
-7.404913e-08,-9.47089e-05
-7.394913e-08,-8.04393e-05
-7.384913e-08,-6.42238e-05
-7.374913e-08,-4.6711e-05
-7.364913e-08,-2.7901e-05
-7.354913e-08,-8.44244e-06
-7.344913e-08,1.03675e-05
-7.334913e-08,2.85289e-05
-7.324913e-08,4.5393e-05
-7.314913e-08,5.90141e-05
-7.304913e-08,6.80947e-05
-7.294913e-08,7.26351e-05
-7.284913e-08,7.06892e-05
-7.274913e-08,6.16085e-05
-7.264913e-08,4.5393e-05
-7.254913e-08,2.39886e-05
-7.244913e-08,-2.60486e-06
-7.234913e-08,-3.17928e-05
-7.224913e-08,-6.16293e-05
-7.214913e-08,-8.952e-05
-7.204913e-08,-0.000114816
-7.194913e-08,-0.000134923
-7.184913e-08,-0.00015049
-7.174913e-08,-0.000159571
-7.164913e-08,-0.000163463
-7.154913e-08,-0.000162165
-7.144913e-08,-0.000156328
-7.134913e-08,-0.00014595
-7.124913e-08,-0.00013168
-7.114913e-08,-0.000114168
-7.104913e-08,-9.27631e-05
-7.094913e-08,-6.81155e-05
-7.084913e-08,-4.08734e-05
-7.074913e-08,-1.10369e-05
-7.064913e-08,2.00968e-05
-7.054913e-08,5.0582e-05
-7.044913e-08,7.71754e-05
-7.034913e-08,9.72826e-05
-7.024913e-08,0.000110255
-7.014913e-08,0.000115444
-7.004913e-08,0.000110904
-6.994913e-08,9.72826e-05
-6.984913e-08,7.71754e-05
-6.974913e-08,5.12306e-05
-6.964913e-08,2.39886e-05
-6.954913e-08,-2.60486e-06
-6.944913e-08,-2.59552e-05
-6.934913e-08,-4.41165e-05
-6.924913e-08,-5.57917e-05
-6.914913e-08,-6.22779e-05
-6.904913e-08,-6.29265e-05
-6.894913e-08,-5.96834e-05
-6.884913e-08,-5.51431e-05
-6.874913e-08,-5.12514e-05
-6.864913e-08,-4.86569e-05
-6.854913e-08,-4.86569e-05
-6.844913e-08,-5.12514e-05
-6.834913e-08,-5.57917e-05
-6.824913e-08,-6.16293e-05
-6.814913e-08,-6.61696e-05
-6.804913e-08,-7.00614e-05
-6.794913e-08,-7.20072e-05
-6.784913e-08,-7.26558e-05
-6.774913e-08,-7.00614e-05
-6.764913e-08,-6.68183e-05
-6.754913e-08,-6.29265e-05
-6.744913e-08,-6.09807e-05
-6.734913e-08,-6.03321e-05
-6.724913e-08,-6.22779e-05
-6.714913e-08,-6.48724e-05
-6.704913e-08,-6.81155e-05
-6.694913e-08,-6.94127e-05
-6.684913e-08,-6.81155e-05
-6.674913e-08,-6.22779e-05
-6.664913e-08,-5.19e-05
-6.654913e-08,-3.63331e-05
-6.644913e-08,-1.68745e-05
-6.634913e-08,5.17858e-06
-6.624913e-08,2.78803e-05
-6.614913e-08,4.92848e-05
-6.604913e-08,6.67975e-05
-6.594913e-08,7.84727e-05
-6.584913e-08,8.43102e-05
-6.574913e-08,8.3013e-05
-6.564913e-08,7.65268e-05
-6.554913e-08,6.4203e-05
-6.544913e-08,4.92848e-05
-6.534913e-08,3.30692e-05
-6.524913e-08,1.68537e-05
-6.514913e-08,1.93548e-06
-6.504913e-08,-9.73968e-06
-6.494913e-08,-1.81717e-05
-6.484913e-08,-2.40093e-05
-6.474913e-08,-2.72524e-05
-6.464913e-08,-2.7901e-05
-6.454913e-08,-2.66038e-05
-6.444913e-08,-2.33607e-05
-6.434913e-08,-1.81717e-05
-6.424913e-08,-1.10369e-05
-6.414913e-08,-6.58998e-07
-6.404913e-08,1.2962e-05
-6.394913e-08,3.04748e-05
-6.384913e-08,5.0582e-05
-6.374913e-08,7.32837e-05
-6.364913e-08,9.6634e-05
-6.354913e-08,0.000118687
-6.344913e-08,0.000137497
-6.334913e-08,0.000151767
-6.324913e-08,0.000160199
-6.314913e-08,0.000162145
-6.304913e-08,0.000157604
-6.294913e-08,0.000148524
-6.284913e-08,0.000135551
-6.274913e-08,0.000120633
-6.264913e-08,0.000104417
-6.254913e-08,8.88506e-05
-6.244913e-08,7.45809e-05
-6.234913e-08,6.16085e-05
-6.224913e-08,4.79875e-05
-6.214913e-08,3.50151e-05
-6.204913e-08,2.13941e-05
-6.194913e-08,5.8272e-06
-6.184913e-08,-1.23342e-05
-6.174913e-08,-3.04955e-05
-6.164913e-08,-4.86569e-05
-6.154913e-08,-6.48724e-05
-6.144913e-08,-7.84934e-05
-6.134913e-08,-8.62769e-05
-6.124913e-08,-8.75741e-05
-6.114913e-08,-8.30338e-05
-6.104913e-08,-7.26558e-05
-6.094913e-08,-5.57917e-05
-6.084913e-08,-3.50359e-05
-6.074913e-08,-1.36314e-05
-6.064913e-08,7.77306e-06
-6.054913e-08,2.72317e-05
-6.044913e-08,4.40958e-05
-6.034913e-08,5.70682e-05
-6.024913e-08,6.55003e-05
-6.014913e-08,6.9392e-05
-6.004913e-08,7.00406e-05
-5.994913e-08,6.74461e-05
-5.984913e-08,6.09599e-05
-5.974913e-08,5.18792e-05
-5.964913e-08,3.89068e-05
-5.954913e-08,2.20427e-05
-5.944913e-08,6.38242e-07
-5.934913e-08,-2.33607e-05
-5.924913e-08,-5.06027e-05
-5.914913e-08,-7.97907e-05
-5.904913e-08,-0.000107681
-5.894913e-08,-0.000133626
-5.884913e-08,-0.000155679
-5.874913e-08,-0.000173192
-5.864913e-08,-0.000184867
-5.854913e-08,-0.000190056
-5.844913e-08,-0.000190056
-5.834913e-08,-0.000187462
-5.824913e-08,-0.00018357
-5.814913e-08,-0.000180975
-5.804913e-08,-0.000180975
-5.794913e-08,-0.000185516
-5.784913e-08,-0.000193948
-5.774913e-08,-0.000204974
-5.764913e-08,-0.000218595
-5.754913e-08,-0.000231568
-5.744913e-08,-0.000242594
-5.734913e-08,-0.000249081
-5.724913e-08,-0.000251675
-5.714913e-08,-0.000248432
-5.704913e-08,-0.000240648
-5.694913e-08,-0.000228325
-5.684913e-08,-0.000213406
-5.674913e-08,-0.000197191
-5.664913e-08,-0.000180975
-5.654913e-08,-0.000165409
-5.644913e-08,-0.000151787
-5.634913e-08,-0.000140112
-5.624913e-08,-0.000129734
-5.614913e-08,-0.000118708
-5.604913e-08,-0.000107681
-5.594913e-08,-9.53575e-05
-5.584913e-08,-8.17365e-05
-5.574913e-08,-6.74669e-05
-5.564913e-08,-5.25486e-05
-5.554913e-08,-3.95762e-05
-5.544913e-08,-2.91983e-05
-5.534913e-08,-2.14148e-05
-5.524913e-08,-1.75231e-05
-5.514913e-08,-1.75231e-05
-5.504913e-08,-2.14148e-05
-5.494913e-08,-2.72524e-05
-5.484913e-08,-3.56845e-05
-5.474913e-08,-4.41165e-05
-5.464913e-08,-5.19e-05
-5.454913e-08,-5.7089e-05
-5.444913e-08,-6.03321e-05
-5.434913e-08,-6.09807e-05
-5.424913e-08,-6.09807e-05
-5.414913e-08,-6.03321e-05
-5.404913e-08,-6.03321e-05
-5.394913e-08,-6.42238e-05
-5.384913e-08,-7.071e-05
-5.374913e-08,-7.97907e-05
-5.364913e-08,-9.21144e-05
-5.354913e-08,-0.000105735
-5.344913e-08,-0.000120005
-5.334913e-08,-0.000132329
-5.324913e-08,-0.000142058
-5.314913e-08,-0.000149193
-5.304913e-08,-0.000151139
-5.294913e-08,-0.000147896
-5.284913e-08,-0.000140112
-5.274913e-08,-0.000128437
-5.264913e-08,-0.00011287
-5.254913e-08,-9.40603e-05
-5.244913e-08,-7.33045e-05
-5.234913e-08,-5.19e-05
-5.224913e-08,-2.91983e-05
-5.214913e-08,-5.84796e-06
-5.204913e-08,1.75024e-05
-5.194913e-08,3.95555e-05
-5.184913e-08,6.16085e-05
-5.174913e-08,8.17158e-05
-5.164913e-08,9.92285e-05
-5.154913e-08,0.000113498
-5.144913e-08,0.000123876
-5.134913e-08,0.000129714
-5.124913e-08,0.000131011
-5.114913e-08,0.000126471
-5.104913e-08,0.000116741
-5.094913e-08,0.000103769
-5.084913e-08,8.8202e-05
-5.074913e-08,7.00406e-05
-5.064913e-08,5.18792e-05
-5.054913e-08,3.43665e-05
-5.044913e-08,1.87996e-05
-5.034913e-08,5.17858e-06
-5.024913e-08,-6.49658e-06
-5.014913e-08,-1.62259e-05
-5.004913e-08,-2.46579e-05
-4.994913e-08,-3.37386e-05
-4.984913e-08,-4.34679e-05
-4.974913e-08,-5.38459e-05
-4.964913e-08,-6.48724e-05
-4.954913e-08,-7.65476e-05
-4.944913e-08,-8.82227e-05
-4.934913e-08,-9.86006e-05
-4.924913e-08,-0.000107033
-4.914913e-08,-0.000112222
-4.904913e-08,-0.000114168
-4.894913e-08,-0.000111573
-4.884913e-08,-0.000105087
-4.874913e-08,-9.66548e-05
-4.864913e-08,-8.75741e-05
-4.854913e-08,-7.71962e-05
-4.844913e-08,-6.81155e-05
-4.834913e-08,-6.03321e-05
-4.824913e-08,-5.51431e-05
-4.814913e-08,-5.12514e-05
-4.804913e-08,-4.93055e-05
-4.794913e-08,-4.86569e-05
-4.784913e-08,-4.73596e-05
-4.774913e-08,-4.47652e-05
-4.764913e-08,-3.95762e-05
-4.754913e-08,-3.309e-05
-4.744913e-08,-2.40093e-05
-4.734913e-08,-1.23342e-05
-4.724913e-08,-1.03779e-08
-4.714913e-08,1.36106e-05
-4.704913e-08,2.6583e-05
-4.694913e-08,3.95555e-05
-4.684913e-08,5.12306e-05
-4.674913e-08,6.22572e-05
-4.664913e-08,7.32837e-05
-4.654913e-08,8.43102e-05
-4.644913e-08,9.53368e-05
-4.634913e-08,0.000105715
-4.624913e-08,0.000115444
-4.614913e-08,0.000124525
-4.604913e-08,0.000132308
-4.594913e-08,0.000137497
-4.584913e-08,0.000139443
-4.574913e-08,0.000138146
-4.564913e-08,0.000133605
-4.554913e-08,0.000125822
-4.544913e-08,0.000115444
-4.534913e-08,0.00010312
-4.524913e-08,8.94992e-05
-4.514913e-08,7.58782e-05
-4.504913e-08,6.29058e-05
-4.494913e-08,4.99334e-05
-4.484913e-08,3.76096e-05
-4.474913e-08,2.59344e-05
-4.464913e-08,1.36106e-05
-4.454913e-08,1.28686e-06
-4.444913e-08,-1.16855e-05
-4.434913e-08,-2.53066e-05
-4.424913e-08,-3.89276e-05
-4.414913e-08,-5.06027e-05
-4.404913e-08,-6.16293e-05
-4.394913e-08,-7.20072e-05
-4.384913e-08,-8.04393e-05
-4.374913e-08,-8.82227e-05
-4.364913e-08,-9.53575e-05
-4.354913e-08,-0.000102492
-4.344913e-08,-0.000110276
-4.334913e-08,-0.000120005
-4.324913e-08,-0.00013168
-4.314913e-08,-0.000144653
-4.304913e-08,-0.000158922
-4.294913e-08,-0.000172543
-4.284913e-08,-0.000185516
-4.274913e-08,-0.000194596
-4.264913e-08,-0.000200434
-4.254913e-08,-0.000200434
-4.244913e-08,-0.000195894
-4.234913e-08,-0.000186813
-4.224913e-08,-0.000173192
-4.214913e-08,-0.000158274
-4.204913e-08,-0.000144004
-4.194913e-08,-0.00013168
-4.184913e-08,-0.000121951
-4.174913e-08,-0.000115465
-4.164913e-08,-0.000114168
-4.154913e-08,-0.000116113
-4.144913e-08,-0.000120654
-4.134913e-08,-0.000125843
-4.124913e-08,-0.000129086
-4.114913e-08,-0.000130383
-4.104913e-08,-0.000127789
-4.094913e-08,-0.000121302
-4.084913e-08,-0.000110276
-4.074913e-08,-9.73034e-05
-4.064913e-08,-8.30338e-05
-4.054913e-08,-6.68183e-05
-4.044913e-08,-5.06027e-05
-4.034913e-08,-3.50359e-05
-4.024913e-08,-2.07662e-05
-4.014913e-08,-7.1452e-06
-4.004913e-08,5.17858e-06
-3.994913e-08,1.62051e-05
-3.984913e-08,2.6583e-05
-3.974913e-08,3.56637e-05
-3.964913e-08,4.21499e-05
-3.954913e-08,4.60417e-05
-3.944913e-08,4.60417e-05
-3.934913e-08,4.34472e-05
-3.924913e-08,3.6961e-05
-3.914913e-08,2.6583e-05
-3.904913e-08,1.42593e-05
-3.894913e-08,1.28686e-06
-3.884913e-08,-1.03883e-05
-3.874913e-08,-1.88204e-05
-3.864913e-08,-2.40093e-05
-3.854913e-08,-2.27121e-05
-3.844913e-08,-1.55773e-05
-3.834913e-08,-3.25348e-06
-3.824913e-08,1.23134e-05
-3.814913e-08,2.98261e-05
-3.804913e-08,4.73389e-05
-3.794913e-08,6.29058e-05
-3.784913e-08,7.39323e-05
-3.774913e-08,8.04185e-05
-3.764913e-08,8.10671e-05
-3.754913e-08,7.65268e-05
-3.744913e-08,6.67975e-05
-3.734913e-08,5.5771e-05
-3.724913e-08,4.34472e-05
-3.714913e-08,3.11234e-05
-3.704913e-08,1.87996e-05
-3.694913e-08,9.0703e-06
-3.684913e-08,-1.03779e-08
-3.674913e-08,-7.79382e-06
-3.664913e-08,-1.428e-05
-3.654913e-08,-2.07662e-05
-3.644913e-08,-2.72524e-05
-3.634913e-08,-3.24414e-05
-3.624913e-08,-3.69817e-05
-3.614913e-08,-3.89276e-05
-3.604913e-08,-3.95762e-05
-3.594913e-08,-3.8279e-05
-3.584913e-08,-3.50359e-05
-3.574913e-08,-3.04955e-05
-3.564913e-08,-2.40093e-05
-3.554913e-08,-1.75231e-05
-3.544913e-08,-1.10369e-05
-3.534913e-08,-6.49658e-06
-3.524913e-08,-3.9021e-06
-3.514913e-08,-5.19934e-06
-3.504913e-08,-9.73968e-06
-3.494913e-08,-1.75231e-05
-3.484913e-08,-2.59552e-05
-3.474913e-08,-3.63331e-05
-3.464913e-08,-4.60624e-05
-3.454913e-08,-5.51431e-05
-3.444913e-08,-6.29265e-05
-3.434913e-08,-6.81155e-05
-3.424913e-08,-7.20072e-05
-3.414913e-08,-7.46017e-05
-3.404913e-08,-7.71962e-05
-3.394913e-08,-8.04393e-05
-3.384913e-08,-8.49796e-05
-3.374913e-08,-9.14658e-05
-3.364913e-08,-9.92493e-05
-3.354913e-08,-0.000110276
-3.344913e-08,-0.0001226
-3.334913e-08,-0.000135572
-3.324913e-08,-0.000147247
-3.314913e-08,-0.000155679
-3.304913e-08,-0.000160868
-3.294913e-08,-0.000161517
-3.284913e-08,-0.000157625
-3.274913e-08,-0.000149193
-3.264913e-08,-0.000137518
-3.254913e-08,-0.0001226
-3.244913e-08,-0.000104438
-3.234913e-08,-8.56282e-05
-3.224913e-08,-6.5521e-05
-3.214913e-08,-4.47652e-05
-3.204913e-08,-2.46579e-05
-3.194913e-08,-5.84796e-06
-3.184913e-08,1.23134e-05
-3.174913e-08,2.98261e-05
-3.164913e-08,4.5393e-05
-3.154913e-08,5.83654e-05
-3.144913e-08,6.9392e-05
-3.134913e-08,7.7824e-05
-3.124913e-08,8.3013e-05
-3.114913e-08,8.49589e-05
-3.104913e-08,8.36616e-05
-3.094913e-08,8.04185e-05
-3.084913e-08,7.58782e-05
-3.074913e-08,7.19865e-05
-3.064913e-08,6.87434e-05
-3.054913e-08,6.87434e-05
-3.044913e-08,7.13378e-05
-3.034913e-08,7.71754e-05
-3.024913e-08,8.56075e-05
-3.014913e-08,9.53368e-05
-3.004913e-08,0.000106363
-2.994913e-08,0.000116093
-2.984913e-08,0.000124525
-2.974913e-08,0.000129714
-2.964913e-08,0.000131011
-2.954913e-08,0.000128416
-2.944913e-08,0.00012193
-2.934913e-08,0.00011285
-2.924913e-08,0.000102472
-2.914913e-08,9.14451e-05
-2.904913e-08,8.10671e-05
-2.894913e-08,7.26351e-05
-2.884913e-08,6.74461e-05
-2.874913e-08,6.4203e-05
-2.864913e-08,6.35544e-05
-2.854913e-08,6.48516e-05
-2.844913e-08,6.74461e-05
-2.834913e-08,7.13378e-05
-2.824913e-08,7.52296e-05
-2.814913e-08,7.91213e-05
-2.804913e-08,8.17158e-05
-2.794913e-08,8.43102e-05
-2.784913e-08,8.56075e-05
-2.774913e-08,8.62561e-05
-2.764913e-08,8.62561e-05
-2.754913e-08,8.36616e-05
-2.744913e-08,8.04185e-05
-2.734913e-08,7.58782e-05
-2.724913e-08,6.9392e-05
-2.714913e-08,6.16085e-05
-2.704913e-08,5.18792e-05
-2.694913e-08,4.08527e-05
-2.684913e-08,2.85289e-05
-2.674913e-08,1.62051e-05
-2.664913e-08,3.23272e-06
-2.654913e-08,-8.44244e-06
-2.644913e-08,-1.88204e-05
-2.634913e-08,-2.7901e-05
-2.624913e-08,-3.50359e-05
-2.614913e-08,-4.08734e-05
-2.604913e-08,-4.41165e-05
-2.594913e-08,-4.6711e-05
-2.584913e-08,-4.80083e-05
-2.574913e-08,-4.80083e-05
-2.564913e-08,-4.80083e-05
-2.554913e-08,-4.6711e-05
-2.544913e-08,-4.41165e-05
-2.534913e-08,-3.95762e-05
-2.524913e-08,-3.309e-05
-2.514913e-08,-2.53066e-05
-2.504913e-08,-1.49286e-05
-2.494913e-08,-2.60486e-06
-2.484913e-08,1.03675e-05
-2.474913e-08,2.39886e-05
-2.464913e-08,3.63124e-05
-2.454913e-08,4.66903e-05
-2.444913e-08,5.44737e-05
-2.434913e-08,5.77168e-05
-2.424913e-08,5.77168e-05
-2.414913e-08,5.31765e-05
-2.404913e-08,4.60417e-05
-2.394913e-08,3.63124e-05
-2.384913e-08,2.39886e-05
-2.374913e-08,1.23134e-05
-2.364913e-08,-6.58998e-07
-2.354913e-08,-1.23342e-05
-2.344913e-08,-2.46579e-05
-2.334913e-08,-3.56845e-05
-2.324913e-08,-4.73596e-05
-2.314913e-08,-5.96834e-05
-2.304913e-08,-7.20072e-05
-2.294913e-08,-8.49796e-05
-2.284913e-08,-9.7952e-05
-2.274913e-08,-0.000110276
-2.264913e-08,-0.000120654
-2.254913e-08,-0.000127789
-2.244913e-08,-0.000130383
-2.234913e-08,-0.000128437
-2.224913e-08,-0.000120654
-2.214913e-08,-0.000107033
-2.204913e-08,-8.82227e-05
-2.194913e-08,-6.68183e-05
-2.184913e-08,-4.34679e-05
-2.174913e-08,-2.01176e-05
-2.164913e-08,1.93548e-06
-2.154913e-08,2.07455e-05
-2.144913e-08,3.56637e-05
-2.134913e-08,4.60417e-05
-2.124913e-08,5.25279e-05
-2.114913e-08,5.51223e-05
-2.104913e-08,5.38251e-05
-2.094913e-08,5.0582e-05
-2.084913e-08,4.60417e-05
-2.074913e-08,4.02041e-05
-2.064913e-08,3.30692e-05
-2.054913e-08,2.52858e-05
-2.044913e-08,1.75024e-05
-2.034913e-08,8.42168e-06
-2.024913e-08,-1.30762e-06
-2.014913e-08,-1.10369e-05
-2.004913e-08,-1.9469e-05
-1.994913e-08,-2.66038e-05
-1.984913e-08,-3.11441e-05
-1.974913e-08,-3.24414e-05
-1.964913e-08,-3.04955e-05
-1.954913e-08,-2.59552e-05
-1.944913e-08,-1.88204e-05
-1.934913e-08,-1.10369e-05
-1.924913e-08,-3.9021e-06
-1.914913e-08,6.38242e-07
-1.904913e-08,-1.03779e-08
-1.894913e-08,-5.84796e-06
-1.884913e-08,-1.81717e-05
-1.874913e-08,-3.63331e-05
-1.864913e-08,-5.83862e-05
-1.854913e-08,-8.30338e-05
-1.844913e-08,-0.000107033
-1.834913e-08,-0.000129086
-1.824913e-08,-0.000145301
-1.814913e-08,-0.000155031
-1.804913e-08,-0.000157625
-1.794913e-08,-0.000153085
-1.784913e-08,-0.000142058
-1.774913e-08,-0.000127789
-1.764913e-08,-0.000110924
-1.754913e-08,-9.40603e-05
-1.744913e-08,-7.84934e-05
-1.734913e-08,-6.61696e-05
-1.724913e-08,-5.77376e-05
-1.714913e-08,-5.38459e-05
-1.704913e-08,-5.25486e-05
-1.694913e-08,-5.25486e-05
-1.684913e-08,-5.38459e-05
-1.674913e-08,-5.38459e-05
-1.664913e-08,-5.31972e-05
-1.654913e-08,-5.06027e-05
-1.644913e-08,-4.73596e-05
-1.634913e-08,-4.21707e-05
-1.624913e-08,-3.69817e-05
-1.614913e-08,-3.11441e-05
-1.604913e-08,-2.59552e-05
-1.594913e-08,-2.20635e-05
-1.584913e-08,-2.01176e-05
-1.574913e-08,-1.9469e-05
-1.564913e-08,-2.01176e-05
-1.554913e-08,-2.14148e-05
-1.544913e-08,-2.27121e-05
-1.534913e-08,-2.33607e-05
-1.524913e-08,-2.33607e-05
-1.514913e-08,-2.20635e-05
-1.504913e-08,-2.01176e-05
-1.494913e-08,-1.75231e-05
-1.484913e-08,-1.49286e-05
-1.474913e-08,-1.23342e-05
-1.464913e-08,-1.16855e-05
-1.454913e-08,-1.23342e-05
-1.444913e-08,-1.49286e-05
-1.434913e-08,-2.07662e-05
-1.424913e-08,-2.98469e-05
-1.414913e-08,-4.08734e-05
-1.404913e-08,-5.44945e-05
-1.394913e-08,-7.071e-05
-1.384913e-08,-8.82227e-05
-1.374913e-08,-0.000105087
-1.364913e-08,-0.000120654
-1.354913e-08,-0.000133626
-1.344913e-08,-0.000143355
-1.334913e-08,-0.000149842
-1.324913e-08,-0.000151787
-1.314913e-08,-0.00015049
-1.304913e-08,-0.000146599
-1.294913e-08,-0.000139464
-1.284913e-08,-0.000130383
-1.274913e-08,-0.000120654
-1.264913e-08,-0.000110276
-1.254913e-08,-9.92493e-05
-1.244913e-08,-8.82227e-05
-1.234913e-08,-7.71962e-05
-1.224913e-08,-6.48724e-05
-1.214913e-08,-5.12514e-05
-1.204913e-08,-3.69817e-05
-1.194913e-08,-2.27121e-05
-1.184913e-08,-8.44244e-06
-1.174913e-08,6.47582e-06
-1.164913e-08,2.00968e-05
-1.154913e-08,3.11234e-05
-1.144913e-08,3.89068e-05
-1.134913e-08,4.21499e-05
-1.124913e-08,4.08527e-05
-1.114913e-08,3.43665e-05
-1.104913e-08,2.20427e-05
-1.094913e-08,5.8272e-06
-1.084913e-08,-1.428e-05
-1.074913e-08,-3.69817e-05
-1.064913e-08,-5.96834e-05
-1.054913e-08,-8.17365e-05
-1.044913e-08,-9.98979e-05
-1.034913e-08,-0.000113519
-1.024913e-08,-0.000121302
-1.014913e-08,-0.000123248
-1.004913e-08,-0.000119356
-9.94913e-09,-0.000111573
-9.84913e-09,-0.000100547
-9.74913e-09,-8.62769e-05
-9.64913e-09,-7.00614e-05
-9.54913e-09,-5.38459e-05
-9.44913e-09,-3.8279e-05
-9.34913e-09,-2.27121e-05
-9.24913e-09,-8.44244e-06
-9.14913e-09,4.52996e-06
-9.04913e-09,1.62051e-05
-8.94913e-09,2.72317e-05
-8.84913e-09,3.76096e-05
-8.74913e-09,4.66903e-05
-8.64913e-09,5.44737e-05
-8.54913e-09,6.09599e-05
-8.44913e-09,6.61489e-05
-8.34913e-09,6.87434e-05
-8.24913e-09,6.87434e-05
-8.14913e-09,6.55003e-05
-8.04913e-09,5.90141e-05
-7.94913e-09,4.86361e-05
-7.84913e-09,3.50151e-05
-7.74913e-09,1.8151e-05
-7.64913e-09,-1.95624e-06
-7.54913e-09,-2.53066e-05
-7.44913e-09,-5.06027e-05
-7.34913e-09,-7.71962e-05
-7.24913e-09,-0.000102492
-7.14913e-09,-0.00012714
-7.04913e-09,-0.000149193
-6.94913e-09,-0.000168652
-6.84913e-09,-0.000184219
-6.74913e-09,-0.000195894
-6.64913e-09,-0.000203028
-6.54913e-09,-0.000204974
-6.44913e-09,-0.000203677
-6.34913e-09,-0.000199137
-6.24913e-09,-0.000193299
-6.14913e-09,-0.000185516
-6.04913e-09,-0.000178381
-5.94913e-09,-0.000171246
-5.84913e-09,-0.000166057
-5.74913e-09,-0.000163463
-5.64913e-09,-0.000162814
-5.54913e-09,-0.000164111
-5.44913e-09,-0.000166706
-5.34913e-09,-0.000170597
-5.24913e-09,-0.000174489
-5.14913e-09,-0.00017903
-5.04913e-09,-0.000182273
-4.94913e-09,-0.000184219
-4.84913e-09,-0.000184219
-4.74913e-09,-0.000182273
-4.64913e-09,-0.000178381
-4.54913e-09,-0.000171246
-4.44913e-09,-0.000162165
-4.34913e-09,-0.00015049
-4.24913e-09,-0.000135572
-4.14913e-09,-0.000118059
-4.04913e-09,-9.86006e-05
-3.94913e-09,-7.71962e-05
-3.84913e-09,-5.44945e-05
-3.74913e-09,-3.24414e-05
-3.64913e-09,-1.16855e-05
-3.54913e-09,7.12444e-06
-3.44913e-09,2.39886e-05
-3.34913e-09,3.6961e-05
-3.24913e-09,4.66903e-05
-3.14913e-09,5.18792e-05
-3.04913e-09,5.31765e-05
-2.94913e-09,5.0582e-05
-2.84913e-09,4.47444e-05
-2.74913e-09,3.50151e-05
-2.64913e-09,2.33399e-05
-2.54913e-09,9.0703e-06
-2.44913e-09,-8.44244e-06
-2.34913e-09,-2.7901e-05
-2.24913e-09,-5.06027e-05
-2.14913e-09,-7.52503e-05
-2.04913e-09,-0.000102492
-1.94913e-09,-0.000131032
-1.84913e-09,-0.000162814
-1.74913e-09,-0.000196542
-1.64913e-09,-0.000232865
-1.54913e-09,-0.000270485
-1.44913e-09,-0.000310051
-1.34913e-09,-0.000351563
-1.24913e-09,-0.000396317
-1.14913e-09,-0.000446261
-1.04913e-09,-0.00050334
-9.4913e-10,-0.000568202
-8.4913e-10,-0.000642793
-7.4913e-10,-0.000729708
-6.4913e-10,-0.000830244
-5.4913e-10,-0.000944401
-4.4913e-10,-0.00107348
-3.4913e-10,-0.00121552
-2.4913e-10,-0.00137119
-1.4913e-10,-0.00153854
-4.912998e-11,-0.00171756
5.087002e-11,-0.00190566
1.5087e-10,-0.00210349
2.5087e-10,-0.00230845
3.5087e-10,-0.0025212
4.5087e-10,-0.00273978
5.5087e-10,-0.00296226
6.5087e-10,-0.00318733
7.5087e-10,-0.00341305
8.5087e-10,-0.00363682
9.5087e-10,-0.00385541
1.05087e-09,-0.00406686
1.15087e-09,-0.00426858
1.25087e-09,-0.00445863
1.35087e-09,-0.00463635
1.45087e-09,-0.00480304
1.55087e-09,-0.00495741
1.65087e-09,-0.00509946
1.75087e-09,-0.00523048
1.85087e-09,-0.00535113
1.95087e-09,-0.00546139
2.05087e-09,-0.00556193
2.15087e-09,-0.00565144
2.25087e-09,-0.00572992
2.35087e-09,-0.00579608
2.45087e-09,-0.00584927
2.55087e-09,-0.00588948
2.65087e-09,-0.00591737
2.75087e-09,-0.00593424
2.85087e-09,-0.00594072
2.95087e-09,-0.00593943
3.05087e-09,-0.00593229
3.15087e-09,-0.00591932
3.25087e-09,-0.00590245
3.35087e-09,-0.00588105
3.45087e-09,-0.0058551
3.55087e-09,-0.00582267
3.65087e-09,-0.00578311
3.75087e-09,-0.00573511
3.85087e-09,-0.00567933
3.95087e-09,-0.00561641
4.05087e-09,-0.00554701
4.15087e-09,-0.00547307
4.25087e-09,-0.00539848
4.35087e-09,-0.00532583
4.45087e-09,-0.00525708
4.55087e-09,-0.00519546
4.65087e-09,-0.00513968
4.75087e-09,-0.00509103
4.85087e-09,-0.00504757
4.95087e-09,-0.00500801
5.05087e-09,-0.00497039
5.15087e-09,-0.00493212
5.25087e-09,-0.00489255
5.35087e-09,-0.00485169
5.45087e-09,-0.00480888
5.55087e-09,-0.00476477
5.65087e-09,-0.00472067
5.75087e-09,-0.00467786
5.85087e-09,-0.00463764
5.95087e-09,-0.00460067
6.05087e-09,-0.00456694
6.15087e-09,-0.00453581
6.25087e-09,-0.00450533
6.35087e-09,-0.00447289
6.45087e-09,-0.00443852
6.55087e-09,-0.00440025
6.65087e-09,-0.00435744
6.75087e-09,-0.00431009
6.85087e-09,-0.0042595
6.95087e-09,-0.00420631
7.05087e-09,-0.00415248
7.15087e-09,-0.00409994
7.25087e-09,-0.00405064
7.35087e-09,-0.00400329
7.45087e-09,-0.00395854
7.55087e-09,-0.00391443
7.65087e-09,-0.00386968
7.75087e-09,-0.00382233
7.85087e-09,-0.00376979
7.95087e-09,-0.00371077
8.05087e-09,-0.00364396
8.15087e-09,-0.00357002
8.25087e-09,-0.00349088
8.35087e-09,-0.00340721
8.45087e-09,-0.00332224
8.55087e-09,-0.00323727
8.65087e-09,-0.0031536
8.75087e-09,-0.00307123
8.85087e-09,-0.0029921
8.95087e-09,-0.00291491
9.05087e-09,-0.00283837
9.15087e-09,-0.00276183
9.25087e-09,-0.002684
9.35087e-09,-0.00260357
9.45087e-09,-0.00252055
9.55087e-09,-0.00243688
9.65087e-09,-0.00235515
9.75087e-09,-0.00227667
9.85087e-09,-0.00220467
9.95087e-09,-0.00214046
1.005087e-08,-0.00208597
1.015087e-08,-0.00204252
1.025087e-08,-0.00201008
1.035087e-08,-0.00198609
1.045087e-08,-0.00196857
1.055087e-08,-0.00195625
1.065087e-08,-0.00194652
1.075087e-08,-0.00193809
1.085087e-08,-0.00192901
1.095087e-08,-0.00191928
1.105087e-08,-0.00190695
1.115087e-08,-0.00189333
1.125087e-08,-0.00187841
1.135087e-08,-0.00186285
1.145087e-08,-0.00184858
1.155087e-08,-0.00183496
1.165087e-08,-0.00182263
1.175087e-08,-0.00181226
1.185087e-08,-0.00180382
1.195087e-08,-0.00179799
1.205087e-08,-0.00179604
1.215087e-08,-0.00179863
1.225087e-08,-0.00180577
1.235087e-08,-0.00181615
1.245087e-08,-0.00183171
1.255087e-08,-0.00184988
1.265087e-08,-0.00186998
1.275087e-08,-0.00189009
1.285087e-08,-0.00190825
1.295087e-08,-0.00192187
1.305087e-08,-0.00192836
1.315087e-08,-0.00192706
1.325087e-08,-0.00191668
1.335087e-08,-0.00189787
1.345087e-08,-0.00187258
1.355087e-08,-0.00184144
1.365087e-08,-0.00180771
1.375087e-08,-0.00177399
1.385087e-08,-0.00174091
1.395087e-08,-0.00171107
1.405087e-08,-0.00168448
1.415087e-08,-0.00165918
1.425087e-08,-0.00163324
1.435087e-08,-0.00160599
1.445087e-08,-0.00157551
1.455087e-08,-0.00154048
1.465087e-08,-0.00150092
1.475087e-08,-0.00145746
1.485087e-08,-0.00141141
1.495087e-08,-0.00136536
1.505087e-08,-0.0013219
1.515087e-08,-0.00128298
1.525087e-08,-0.0012512
1.535087e-08,-0.0012259
1.545087e-08,-0.00120709
1.555087e-08,-0.00119412
1.565087e-08,-0.00118504
1.575087e-08,-0.00117661
1.585087e-08,-0.00116753
1.595087e-08,-0.00115715
1.605087e-08,-0.00114418
1.615087e-08,-0.00112926
1.625087e-08,-0.00111304
1.635087e-08,-0.00109812
1.645087e-08,-0.0010871
1.655087e-08,-0.00108126
1.665087e-08,-0.00108191
1.675087e-08,-0.00108904
1.685087e-08,-0.00110137
1.695087e-08,-0.00111758
1.705087e-08,-0.0011338
1.715087e-08,-0.00114677
1.725087e-08,-0.00115326
1.735087e-08,-0.00115131
1.745087e-08,-0.00113964
1.755087e-08,-0.00111758
1.765087e-08,-0.00108839
1.775087e-08,-0.00105402
1.785087e-08,-0.00101575
1.795087e-08,-0.00097813
1.805087e-08,-0.000943753
1.815087e-08,-0.000914565
1.825087e-08,-0.000891214
1.835087e-08,-0.00087435
1.845087e-08,-0.000863324
1.855087e-08,-0.000856189
1.865087e-08,-0.000852946
1.875087e-08,-0.000850351
1.885087e-08,-0.000848406
1.895087e-08,-0.00084646
1.905087e-08,-0.000845162
1.915087e-08,-0.000843217
1.925087e-08,-0.000841271
1.935087e-08,-0.000838676
1.945087e-08,-0.000834785
1.955087e-08,-0.000828947
1.965087e-08,-0.000819866
1.975087e-08,-0.000807542
1.985087e-08,-0.00079003
1.995087e-08,-0.000767977
2.005087e-08,-0.000742032
2.015087e-08,-0.000714141
2.025087e-08,-0.00068625
2.035087e-08,-0.000660306
2.045087e-08,-0.00063955
2.055087e-08,-0.000627226
2.065087e-08,-0.000622686
2.075087e-08,-0.000625929
2.085087e-08,-0.000635658
2.095087e-08,-0.000648631
2.105087e-08,-0.000662252
2.115087e-08,-0.000671981
2.125087e-08,-0.000675224
2.135087e-08,-0.000669386
2.145087e-08,-0.000653171
2.155087e-08,-0.000627875
2.165087e-08,-0.000596092
2.175087e-08,-0.000559121
2.185087e-08,-0.00052215
2.195087e-08,-0.00048907
2.205087e-08,-0.000461828
2.215087e-08,-0.000443018
2.225087e-08,-0.00043264
2.235087e-08,-0.000430046
2.245087e-08,-0.000433937
2.255087e-08,-0.000441721
2.265087e-08,-0.000450801
2.275087e-08,-0.000459882
2.285087e-08,-0.000467666
2.295087e-08,-0.000474152
2.305087e-08,-0.000479989
2.315087e-08,-0.000485827
2.325087e-08,-0.000492962
2.335087e-08,-0.000502042
2.345087e-08,-0.000513718
2.355087e-08,-0.000527339
2.365087e-08,-0.00054096
2.375087e-08,-0.000553283
2.385087e-08,-0.000561715
2.395087e-08,-0.000564959
2.405087e-08,-0.000561067
2.415087e-08,-0.00055004
2.425087e-08,-0.000533825
2.435087e-08,-0.000514366
2.445087e-08,-0.000494908
2.455087e-08,-0.000478692
2.465087e-08,-0.000467666
2.475087e-08,-0.00046572
2.485087e-08,-0.000472854
2.495087e-08,-0.000488421
2.505087e-08,-0.00051242
2.515087e-08,-0.000541608
2.525087e-08,-0.000573391
2.535087e-08,-0.000605173
2.545087e-08,-0.000633712
2.555087e-08,-0.000659008
2.565087e-08,-0.000679764
2.575087e-08,-0.000695331
2.585087e-08,-0.000707655
2.595087e-08,-0.000716736
2.605087e-08,-0.000723222
2.615087e-08,-0.000728411
2.625087e-08,-0.000730357
2.635087e-08,-0.000729059
2.645087e-08,-0.00072387
2.655087e-08,-0.000712844
2.665087e-08,-0.000696628
2.675087e-08,-0.000673927
2.685087e-08,-0.000647333
2.695087e-08,-0.000617497
2.705087e-08,-0.00058766
2.715087e-08,-0.000561067
2.725087e-08,-0.000539662
2.735087e-08,-0.000525393
2.745087e-08,-0.000518906
2.755087e-08,-0.000519555
2.765087e-08,-0.00052669
2.775087e-08,-0.000536419
2.785087e-08,-0.000546149
2.795087e-08,-0.000551986
2.805087e-08,-0.000552635
2.815087e-08,-0.000547446
2.825087e-08,-0.000535771
2.835087e-08,-0.000518906
2.845087e-08,-0.000499448
2.855087e-08,-0.000480638
2.865087e-08,-0.000463774
2.875087e-08,-0.00045145
2.885087e-08,-0.000444315
2.895087e-08,-0.000441721
2.905087e-08,-0.000443018
2.915087e-08,-0.000446261
2.925087e-08,-0.000448856
2.935087e-08,-0.000450153
2.945087e-08,-0.000448856
2.955087e-08,-0.000444315
2.965087e-08,-0.000438478
2.975087e-08,-0.00043264
2.985087e-08,-0.000428748
2.995087e-08,-0.000429397
3.005087e-08,-0.000435234
3.015087e-08,-0.000446261
3.025087e-08,-0.000461179
3.035087e-08,-0.000477395
3.045087e-08,-0.000492962
3.055087e-08,-0.000504637
3.065087e-08,-0.000509826
3.075087e-08,-0.000506583
3.085087e-08,-0.000495556
3.095087e-08,-0.000477395
3.105087e-08,-0.000454693
3.115087e-08,-0.000430694
3.125087e-08,-0.000407992
3.135087e-08,-0.000388534
3.145087e-08,-0.000373616
3.155087e-08,-0.000363886
3.165087e-08,-0.000358049
3.175087e-08,-0.000354157
3.185087e-08,-0.000350265
3.195087e-08,-0.000343779
3.205087e-08,-0.00033405
3.215087e-08,-0.000319131
3.225087e-08,-0.00030097
3.235087e-08,-0.00028216
3.245087e-08,-0.000263999
3.255087e-08,-0.000250378
3.265087e-08,-0.000243243
3.275087e-08,-0.000243892
3.285087e-08,-0.000252324
3.295087e-08,-0.000268539
3.305087e-08,-0.000288646
3.315087e-08,-0.000310699
3.325087e-08,-0.000330807
3.335087e-08,-0.000347022
3.345087e-08,-0.000356103
3.355087e-08,-0.000358697
3.365087e-08,-0.000354806
3.375087e-08,-0.000345725
3.385087e-08,-0.000333401
3.395087e-08,-0.000321077
3.405087e-08,-0.000310699
3.415087e-08,-0.000303565
3.425087e-08,-0.000300322
3.435087e-08,-0.000300322
3.445087e-08,-0.000302916
3.455087e-08,-0.000306808
3.465087e-08,-0.000309402
3.475087e-08,-0.000311997
3.485087e-08,-0.000314591
3.495087e-08,-0.000317834
3.505087e-08,-0.00032432
3.515087e-08,-0.000335347
3.525087e-08,-0.000352211
3.535087e-08,-0.000376859
3.545087e-08,-0.000407992
3.555087e-08,-0.000445612
3.565087e-08,-0.000486475
3.575087e-08,-0.000527339
3.585087e-08,-0.00056431
3.595087e-08,-0.000592849
3.605087e-08,-0.000611011
3.615087e-08,-0.000616848
3.625087e-08,-0.000609713
3.635087e-08,-0.000592201
3.645087e-08,-0.000566256
3.655087e-08,-0.000535122
3.665087e-08,-0.000502691
3.675087e-08,-0.000472206
3.685087e-08,-0.000446261
3.695087e-08,-0.000426154
3.705087e-08,-0.000410587
3.715087e-08,-0.00039956
3.725087e-08,-0.000391128
3.735087e-08,-0.000383345
3.745087e-08,-0.000374264
3.755087e-08,-0.000363886
3.765087e-08,-0.000351563
3.775087e-08,-0.00033859
3.785087e-08,-0.000323672
3.795087e-08,-0.000310051
3.805087e-08,-0.000297727
3.815087e-08,-0.0002867
3.825087e-08,-0.000276971
3.835087e-08,-0.000267242
3.845087e-08,-0.000257513
3.855087e-08,-0.000245189
3.865087e-08,-0.000230271
3.875087e-08,-0.000212758
3.885087e-08,-0.000194596
3.895087e-08,-0.000177084
3.905087e-08,-0.000161517
3.915087e-08,-0.000151787
3.925087e-08,-0.000149193
3.935087e-08,-0.000154382
3.945087e-08,-0.000168003
3.955087e-08,-0.000187462
3.965087e-08,-0.000211461
3.975087e-08,-0.000234811
3.985087e-08,-0.000254269
3.995087e-08,-0.000267242
4.005087e-08,-0.000271782
4.015087e-08,-0.000267242
4.025087e-08,-0.000253621
4.035087e-08,-0.000234811
4.045087e-08,-0.000214704
4.055087e-08,-0.000196542
4.065087e-08,-0.000184219
4.075087e-08,-0.000179678
4.085087e-08,-0.000184867
4.095087e-08,-0.000198488
4.105087e-08,-0.000217298
4.115087e-08,-0.00024
4.125087e-08,-0.000262702
4.135087e-08,-0.00028216
4.145087e-08,-0.00029643
4.155087e-08,-0.000304862
4.165087e-08,-0.000309402
4.175087e-08,-0.000311348
4.185087e-08,-0.000313943
4.195087e-08,-0.00031978
4.205087e-08,-0.000332104
4.215087e-08,-0.000350265
4.225087e-08,-0.000374913
4.235087e-08,-0.000404101
4.245087e-08,-0.000434586
4.255087e-08,-0.000461179
4.265087e-08,-0.000479989
4.275087e-08,-0.000488421
4.285087e-08,-0.00048453
4.295087e-08,-0.000468314
4.305087e-08,-0.000441721
4.315087e-08,-0.000409938
4.325087e-08,-0.00037621
4.335087e-08,-0.000345725
4.345087e-08,-0.000322375
4.355087e-08,-0.000309402
4.365087e-08,-0.000308105
4.375087e-08,-0.000317186
4.385087e-08,-0.000333401
4.395087e-08,-0.000354806
4.405087e-08,-0.000376859
4.415087e-08,-0.000396317
4.425087e-08,-0.000411884
4.435087e-08,-0.000422911
4.445087e-08,-0.000429397
4.455087e-08,-0.00043264
4.465087e-08,-0.000435234
4.475087e-08,-0.000438478
4.485087e-08,-0.000444315
4.495087e-08,-0.00045145
4.505087e-08,-0.000459233
4.515087e-08,-0.000464422
4.525087e-08,-0.000464422
4.535087e-08,-0.00045599
4.545087e-08,-0.000438478
4.555087e-08,-0.000411236
4.565087e-08,-0.000374913
4.575087e-08,-0.000332753
4.585087e-08,-0.000288646
4.595087e-08,-0.000247135
4.605087e-08,-0.000212109
4.615087e-08,-0.00018811
4.625087e-08,-0.000175138
4.635087e-08,-0.000173192
4.645087e-08,-0.000179678
4.655087e-08,-0.000190705
4.665087e-08,-0.000203028
4.675087e-08,-0.000212758
4.685087e-08,-0.000217947
4.695087e-08,-0.000217298
4.705087e-08,-0.000210812
4.715087e-08,-0.000201731
4.725087e-08,-0.000192002
4.735087e-08,-0.000184219
4.745087e-08,-0.000182273
4.755087e-08,-0.000186164
4.765087e-08,-0.000197191
4.775087e-08,-0.000212758
4.785087e-08,-0.000230271
4.795087e-08,-0.000247135
4.805087e-08,-0.000260107
4.815087e-08,-0.000266593
4.825087e-08,-0.000265296
4.835087e-08,-0.000257513
4.845087e-08,-0.000243892
4.855087e-08,-0.000227676
4.865087e-08,-0.000212109
4.875087e-08,-0.000199137
4.885087e-08,-0.000190705
4.895087e-08,-0.00018811
4.905087e-08,-0.000189407
4.915087e-08,-0.000193299
4.925087e-08,-0.00019784
4.935087e-08,-0.000200434
4.945087e-08,-0.000199137
4.955087e-08,-0.000193299
4.965087e-08,-0.000182921
4.975087e-08,-0.000169949
4.985087e-08,-0.000156328
4.995087e-08,-0.000145301
5.005087e-08,-0.000139464
5.015087e-08,-0.000140112
5.025087e-08,-0.000148544
5.035087e-08,-0.000162165
5.045087e-08,-0.000180975
5.055087e-08,-0.00020238
5.065087e-08,-0.000221838
5.075087e-08,-0.000238054
5.085087e-08,-0.000249081
5.095087e-08,-0.000255567
5.105087e-08,-0.000255567
5.115087e-08,-0.000252324
5.125087e-08,-0.000247783
5.135087e-08,-0.000242594
5.145087e-08,-0.00024
5.155087e-08,-0.000238703
5.165087e-08,-0.000239351
5.175087e-08,-0.000239351
5.185087e-08,-0.000236757
5.195087e-08,-0.000229622
5.205087e-08,-0.000216001
5.215087e-08,-0.000195894
5.225087e-08,-0.000168003
5.235087e-08,-0.000134923
5.245087e-08,-9.7952e-05
5.255087e-08,-6.16293e-05
5.265087e-08,-2.85497e-05
5.275087e-08,-2.60486e-06
5.285087e-08,1.36106e-05
5.295087e-08,2.07455e-05
5.305087e-08,1.94482e-05
5.315087e-08,1.03675e-05
5.325087e-08,-3.9021e-06
5.335087e-08,-2.14148e-05
5.345087e-08,-3.89276e-05
5.355087e-08,-5.51431e-05
5.365087e-08,-6.94127e-05
5.375087e-08,-8.23851e-05
5.385087e-08,-9.53575e-05
5.395087e-08,-0.000109627
5.405087e-08,-0.000125843
5.415087e-08,-0.000145301
5.425087e-08,-0.000166057
5.435087e-08,-0.000186813
5.445087e-08,-0.000206272
5.455087e-08,-0.000219893
5.465087e-08,-0.000226379
5.475087e-08,-0.000223136
5.485087e-08,-0.000210812
5.495087e-08,-0.000189407
5.505087e-08,-0.000162165
5.515087e-08,-0.000133626
5.525087e-08,-0.00010833
5.535087e-08,-8.952e-05
5.545087e-08,-7.97907e-05
5.555087e-08,-8.17365e-05
5.565087e-08,-9.47089e-05
5.575087e-08,-0.000117411
5.585087e-08,-0.00014595
5.595087e-08,-0.000175138
5.605087e-08,-0.00020238
5.615087e-08,-0.000222487
5.625087e-08,-0.000234811
5.635087e-08,-0.000238054
5.645087e-08,-0.000232865
5.655087e-08,-0.00022119
5.665087e-08,-0.000204974
5.675087e-08,-0.00018811
5.685087e-08,-0.000173192
5.695087e-08,-0.000161517
5.705087e-08,-0.000152436
5.715087e-08,-0.000146599
5.725087e-08,-0.000140761
5.735087e-08,-0.000133626
5.745087e-08,-0.000123248
5.755087e-08,-0.00010833
5.765087e-08,-8.88713e-05
5.775087e-08,-6.61696e-05
5.785087e-08,-4.21707e-05
5.795087e-08,-2.01176e-05
5.805087e-08,-3.25348e-06
5.815087e-08,5.17858e-06
5.825087e-08,3.23272e-06
5.835087e-08,-9.73968e-06
5.845087e-08,-3.309e-05
5.855087e-08,-6.35752e-05
5.865087e-08,-9.92493e-05
5.875087e-08,-0.000136221
5.885087e-08,-0.000171246
5.895087e-08,-0.000199785
5.905087e-08,-0.000220541
5.915087e-08,-0.000232865
5.925087e-08,-0.000238054
5.935087e-08,-0.000236108
5.945087e-08,-0.000229622
5.955087e-08,-0.000219893
5.965087e-08,-0.000208866
5.975087e-08,-0.000197191
5.985087e-08,-0.000184219
5.995087e-08,-0.000169949
6.005087e-08,-0.000155031
6.015087e-08,-0.000138166
6.025087e-08,-0.000118708
6.035087e-08,-9.92493e-05
6.045087e-08,-7.9142e-05
6.055087e-08,-6.16293e-05
6.065087e-08,-4.73596e-05
6.075087e-08,-3.89276e-05
6.085087e-08,-3.76303e-05
6.095087e-08,-4.34679e-05
6.105087e-08,-5.57917e-05
6.115087e-08,-7.26558e-05
6.125087e-08,-9.21144e-05
6.135087e-08,-0.000109627
6.145087e-08,-0.0001226
6.155087e-08,-0.000129086
6.165087e-08,-0.000129086
6.175087e-08,-0.000121951
6.185087e-08,-0.000109627
6.195087e-08,-9.40603e-05
6.205087e-08,-7.78448e-05
6.215087e-08,-6.42238e-05
6.225087e-08,-5.57917e-05
6.235087e-08,-5.25486e-05
6.245087e-08,-5.57917e-05
6.255087e-08,-6.5521e-05
6.265087e-08,-8.04393e-05
6.275087e-08,-9.86006e-05
6.285087e-08,-0.000118059
6.295087e-08,-0.000136869
6.305087e-08,-0.000155679
6.315087e-08,-0.000173192
6.325087e-08,-0.000190705
6.335087e-08,-0.000208866
6.345087e-08,-0.000226379
6.355087e-08,-0.00024454
6.365087e-08,-0.000262053
6.375087e-08,-0.00027762
6.385087e-08,-0.000289295
6.395087e-08,-0.000294484
6.405087e-08,-0.000293187
6.415087e-08,-0.000285403
6.425087e-08,-0.000270485
6.435087e-08,-0.000251026
6.445087e-08,-0.000228973
6.455087e-08,-0.00020692
6.465087e-08,-0.000188759
6.475087e-08,-0.000176435
6.485087e-08,-0.000171246
6.495087e-08,-0.000173841
6.505087e-08,-0.000184219
6.515087e-08,-0.000200434
6.525087e-08,-0.000218595
6.535087e-08,-0.000236108
6.545087e-08,-0.000249729
6.555087e-08,-0.00025881
6.565087e-08,-0.000262702
6.575087e-08,-0.000262702
6.585087e-08,-0.00025881
6.595087e-08,-0.000252972
6.605087e-08,-0.000249081
6.615087e-08,-0.000247135
6.625087e-08,-0.000249081
6.635087e-08,-0.000252972
6.645087e-08,-0.00025881
6.655087e-08,-0.000263999
6.665087e-08,-0.000267242
6.675087e-08,-0.000265296
6.685087e-08,-0.000258161
6.695087e-08,-0.000243892
6.705087e-08,-0.000223136
6.715087e-08,-0.000198488
6.725087e-08,-0.000173192
6.735087e-08,-0.000149193
6.745087e-08,-0.000129734
6.755087e-08,-0.000117411
6.765087e-08,-0.000112222
6.775087e-08,-0.000114168
6.785087e-08,-0.000121302
6.795087e-08,-0.000130383
6.805087e-08,-0.000138815
6.815087e-08,-0.000144004
6.825087e-08,-0.000144653
6.835087e-08,-0.000139464
6.845087e-08,-0.000128437
6.855087e-08,-0.000114168
6.865087e-08,-9.7952e-05
6.875087e-08,-8.30338e-05
6.885087e-08,-7.39531e-05
6.895087e-08,-7.13586e-05
6.905087e-08,-7.58989e-05
6.915087e-08,-8.75741e-05
6.925087e-08,-0.000104438
6.935087e-08,-0.000124545
6.945087e-08,-0.000145301
6.955087e-08,-0.000163463
6.965087e-08,-0.000178381
6.975087e-08,-0.000188759
6.985087e-08,-0.000194596
6.995087e-08,-0.000197191
7.005087e-08,-0.000198488
7.015087e-08,-0.000199137
7.025087e-08,-0.000201083
7.035087e-08,-0.000205623
7.045087e-08,-0.000212758
7.055087e-08,-0.000222487
7.065087e-08,-0.000232865
7.075087e-08,-0.000242594
7.085087e-08,-0.000251026
7.095087e-08,-0.000255567
7.105087e-08,-0.000254918
7.115087e-08,-0.000250378
7.125087e-08,-0.000242594
7.135087e-08,-0.000232216
7.145087e-08,-0.000220541
7.155087e-08,-0.000208217
7.165087e-08,-0.000196542
7.175087e-08,-0.000184219
7.185087e-08,-0.000170597
7.195087e-08,-0.000156328
7.205087e-08,-0.000139464
7.215087e-08,-0.000120005
7.225087e-08,-9.66548e-05
7.235087e-08,-7.13586e-05
7.245087e-08,-4.54138e-05
7.255087e-08,-2.14148e-05
7.265087e-08,-1.95624e-06
7.275087e-08,9.71892e-06
7.285087e-08,1.10162e-05
7.295087e-08,1.93548e-06
7.305087e-08,-1.75231e-05
7.315087e-08,-4.47652e-05
7.325087e-08,-7.84934e-05
7.335087e-08,-0.000114168
7.345087e-08,-0.000148544
7.355087e-08,-0.000176435
7.365087e-08,-0.000196542
7.375087e-08,-0.000206272
7.385087e-08,-0.00020692
7.395087e-08,-0.000199785
7.405087e-08,-0.00018811
7.415087e-08,-0.000173841
7.425087e-08,-0.000161517
7.435087e-08,-0.000153733
7.445087e-08,-0.000153085
7.455087e-08,-0.00016022
7.465087e-08,-0.000174489
7.475087e-08,-0.000193948
7.485087e-08,-0.00021665
7.495087e-08,-0.000239351
7.505087e-08,-0.000260107
7.515087e-08,-0.00027762
7.525087e-08,-0.000290592
7.535087e-08,-0.000299673
7.545087e-08,-0.000304213
7.555087e-08,-0.00030551
7.565087e-08,-0.000304862
7.575087e-08,-0.000302267
7.585087e-08,-0.000299024
7.595087e-08,-0.000294484
7.605087e-08,-0.000287998
7.615087e-08,-0.000279566
7.625087e-08,-0.000269188
7.635087e-08,-0.000256864
7.645087e-08,-0.000243243
7.655087e-08,-0.000230919
7.665087e-08,-0.000220541
7.675087e-08,-0.000213406
7.685087e-08,-0.000210163
7.695087e-08,-0.000212109
7.705087e-08,-0.00021665
7.715087e-08,-0.000223784
7.725087e-08,-0.000230271
