LECROYWaveRunner‘N,20113,Waveform
Segments,1,SegmentSize,2002
Segment,TrigTime,TimeSinceSegment1
#1,28-Sep-2018 13:20:45,0                 
Time,Ampl
-1.228919e-07,6.67975e-05
-1.227919e-07,7.52296e-05
-1.226919e-07,9.14451e-05
-1.225919e-07,0.000114795
-1.224919e-07,0.000143335
-1.223919e-07,0.00017382
-1.222919e-07,0.00020171
-1.221919e-07,0.000224412
-1.220919e-07,0.00023933
-1.219919e-07,0.000244519
-1.218919e-07,0.000239979
-1.217919e-07,0.000227007
-1.216919e-07,0.000208197
-1.215919e-07,0.000185495
-1.214919e-07,0.000163442
-1.213919e-07,0.000143983
-1.212919e-07,0.000129714
-1.211919e-07,0.000121282
-1.210919e-07,0.000119336
-1.209919e-07,0.00012193
-1.208919e-07,0.000125822
-1.207919e-07,0.000129714
-1.206919e-07,0.00013166
-1.205919e-07,0.000130362
-1.204919e-07,0.000125173
-1.203919e-07,0.000116093
-1.202919e-07,0.000104417
-1.201919e-07,9.14451e-05
-1.200919e-07,7.91213e-05
-1.199919e-07,6.80947e-05
-1.198919e-07,5.96627e-05
-1.197919e-07,5.18792e-05
-1.196919e-07,4.5393e-05
-1.195919e-07,3.82582e-05
-1.194919e-07,3.04748e-05
-1.193919e-07,2.07455e-05
-1.192919e-07,9.0703e-06
-1.191919e-07,-3.9021e-06
-1.190919e-07,-1.75231e-05
-1.189919e-07,-2.91983e-05
-1.188919e-07,-3.76303e-05
-1.187919e-07,-4.28193e-05
-1.186919e-07,-4.21707e-05
-1.185919e-07,-3.8279e-05
-1.184919e-07,-3.24414e-05
-1.183919e-07,-2.53066e-05
-1.182919e-07,-2.01176e-05
-1.181919e-07,-1.81717e-05
-1.180919e-07,-2.07662e-05
-1.179919e-07,-2.85497e-05
-1.178919e-07,-4.08734e-05
-1.177919e-07,-5.64403e-05
-1.176919e-07,-7.26558e-05
-1.175919e-07,-8.62769e-05
-1.174919e-07,-9.47089e-05
-1.173919e-07,-9.66548e-05
-1.172919e-07,-9.21144e-05
-1.171919e-07,-7.97907e-05
-1.170919e-07,-6.16293e-05
-1.169919e-07,-4.02248e-05
-1.168919e-07,-1.88204e-05
-1.167919e-07,-1.03779e-08
-1.166919e-07,1.36106e-05
-1.165919e-07,2.13941e-05
-1.164919e-07,2.26913e-05
-1.163919e-07,1.8151e-05
-1.162919e-07,9.71892e-06
-1.161919e-07,-1.30762e-06
-1.160919e-07,-1.16855e-05
-1.159919e-07,-2.14148e-05
-1.158919e-07,-2.7901e-05
-1.157919e-07,-3.24414e-05
-1.156919e-07,-3.37386e-05
-1.155919e-07,-3.43872e-05
-1.154919e-07,-3.50359e-05
-1.153919e-07,-3.63331e-05
-1.152919e-07,-3.95762e-05
-1.151919e-07,-4.47652e-05
-1.150919e-07,-5.19e-05
-1.149919e-07,-5.90348e-05
-1.148919e-07,-6.5521e-05
-1.147919e-07,-6.94127e-05
-1.146919e-07,-7.071e-05
-1.145919e-07,-6.74669e-05
-1.144919e-07,-6.03321e-05
-1.143919e-07,-4.99541e-05
-1.142919e-07,-3.76303e-05
-1.141919e-07,-2.53066e-05
-1.140919e-07,-1.49286e-05
-1.139919e-07,-7.1452e-06
-1.138919e-07,-2.60486e-06
-1.137919e-07,-3.25348e-06
-1.136919e-07,-7.79382e-06
-1.135919e-07,-1.55773e-05
-1.134919e-07,-2.53066e-05
-1.133919e-07,-3.69817e-05
-1.132919e-07,-4.86569e-05
-1.131919e-07,-5.96834e-05
-1.130919e-07,-6.87641e-05
-1.129919e-07,-7.71962e-05
-1.128919e-07,-8.4331e-05
-1.127919e-07,-9.14658e-05
-1.126919e-07,-9.86006e-05
-1.125919e-07,-0.000105735
-1.124919e-07,-0.00011287
-1.123919e-07,-0.000120005
-1.122919e-07,-0.000126491
-1.121919e-07,-0.00013168
-1.120919e-07,-0.000135572
-1.119919e-07,-0.000138166
-1.118919e-07,-0.000138166
-1.117919e-07,-0.000137518
-1.116919e-07,-0.000136221
-1.115919e-07,-0.000134923
-1.114919e-07,-0.000132978
-1.113919e-07,-0.000130383
-1.112919e-07,-0.000127789
-1.111919e-07,-0.000123248
-1.110919e-07,-0.000116113
-1.109919e-07,-0.000105735
-1.108919e-07,-9.08172e-05
-1.107919e-07,-7.071e-05
-1.106919e-07,-4.6711e-05
-1.105919e-07,-1.9469e-05
-1.104919e-07,8.42168e-06
-1.103919e-07,3.50151e-05
-1.102919e-07,5.83654e-05
-1.101919e-07,7.52296e-05
-1.100919e-07,8.36616e-05
-1.099919e-07,8.43102e-05
-1.098919e-07,7.71754e-05
-1.097919e-07,6.29058e-05
-1.096919e-07,4.27986e-05
-1.095919e-07,2.07455e-05
-1.094919e-07,-6.58998e-07
-1.093919e-07,-2.01176e-05
-1.092919e-07,-3.56845e-05
-1.091919e-07,-4.47652e-05
-1.090919e-07,-4.80083e-05
-1.089919e-07,-4.54138e-05
-1.088919e-07,-3.8279e-05
-1.087919e-07,-2.85497e-05
-1.086919e-07,-1.75231e-05
-1.085919e-07,-8.44244e-06
-1.084919e-07,-1.30762e-06
-1.083919e-07,2.5841e-06
-1.082919e-07,4.52996e-06
-1.081919e-07,3.23272e-06
-1.080919e-07,-1.30762e-06
-1.079919e-07,-6.49658e-06
-1.078919e-07,-1.16855e-05
-1.077919e-07,-1.62259e-05
-1.076919e-07,-2.07662e-05
-1.075919e-07,-2.40093e-05
-1.074919e-07,-2.59552e-05
-1.073919e-07,-2.72524e-05
-1.072919e-07,-2.7901e-05
-1.071919e-07,-2.85497e-05
-1.070919e-07,-2.7901e-05
-1.069919e-07,-2.72524e-05
-1.068919e-07,-2.59552e-05
-1.067919e-07,-2.40093e-05
-1.066919e-07,-1.9469e-05
-1.065919e-07,-1.36314e-05
-1.064919e-07,-5.84796e-06
-1.063919e-07,2.5841e-06
-1.062919e-07,1.23134e-05
-1.061919e-07,2.13941e-05
-1.060919e-07,2.98261e-05
-1.059919e-07,3.56637e-05
-1.058919e-07,3.89068e-05
-1.057919e-07,3.95555e-05
-1.056919e-07,3.56637e-05
-1.055919e-07,2.85289e-05
-1.054919e-07,1.8151e-05
-1.053919e-07,5.17858e-06
-1.052919e-07,-1.10369e-05
-1.051919e-07,-2.85497e-05
-1.050919e-07,-4.73596e-05
-1.049919e-07,-6.68183e-05
-1.048919e-07,-8.62769e-05
-1.047919e-07,-0.000105087
-1.046919e-07,-0.000123248
-1.045919e-07,-0.000139464
-1.044919e-07,-0.000154382
-1.043919e-07,-0.00016476
-1.042919e-07,-0.000171246
-1.041919e-07,-0.000172543
-1.040919e-07,-0.0001693
-1.039919e-07,-0.000160868
-1.038919e-07,-0.000147896
-1.037919e-07,-0.00013168
-1.036919e-07,-0.000114816
-1.035919e-07,-9.73034e-05
-1.034919e-07,-8.23851e-05
-1.033919e-07,-7.071e-05
-1.032919e-07,-6.35752e-05
-1.031919e-07,-6.03321e-05
-1.030919e-07,-6.09807e-05
-1.029919e-07,-6.29265e-05
-1.028919e-07,-6.61696e-05
-1.027919e-07,-6.81155e-05
-1.026919e-07,-6.74669e-05
-1.025919e-07,-6.29265e-05
-1.024919e-07,-5.38459e-05
-1.023919e-07,-4.15221e-05
-1.022919e-07,-2.66038e-05
-1.021919e-07,-1.10369e-05
-1.020919e-07,2.5841e-06
-1.019919e-07,1.36106e-05
-1.018919e-07,1.94482e-05
-1.017919e-07,1.94482e-05
-1.016919e-07,1.23134e-05
-1.015919e-07,-6.58998e-07
-1.014919e-07,-1.88204e-05
-1.013919e-07,-4.02248e-05
-1.012919e-07,-6.42238e-05
-1.011919e-07,-8.82227e-05
-1.010919e-07,-0.000110276
-1.009919e-07,-0.000129734
-1.008919e-07,-0.00014595
-1.007919e-07,-0.000158274
-1.006919e-07,-0.000166706
-1.005919e-07,-0.000170597
-1.004919e-07,-0.000169949
-1.003919e-07,-0.000165409
-1.002919e-07,-0.000158274
-1.001919e-07,-0.000147247
-1.000919e-07,-0.000134923
-9.999195e-08,-0.000120005
-9.989195e-08,-0.000104438
-9.979195e-08,-8.952e-05
-9.969195e-08,-7.52503e-05
-9.959195e-08,-6.29265e-05
-9.949195e-08,-5.19e-05
-9.939195e-08,-4.34679e-05
-9.929195e-08,-3.69817e-05
-9.919195e-08,-3.24414e-05
-9.909195e-08,-2.85497e-05
-9.899195e-08,-2.40093e-05
-9.889195e-08,-1.88204e-05
-9.879195e-08,-1.23342e-05
-9.869195e-08,-3.25348e-06
-9.859195e-08,7.77306e-06
-9.849195e-08,2.07455e-05
-9.839195e-08,3.37179e-05
-9.829195e-08,4.66903e-05
-9.819195e-08,5.77168e-05
-9.809195e-08,6.55003e-05
-9.799195e-08,7.06892e-05
-9.789195e-08,7.26351e-05
-9.779195e-08,7.06892e-05
-9.769195e-08,6.61489e-05
-9.759195e-08,5.96627e-05
-9.749195e-08,5.18792e-05
-9.739195e-08,4.21499e-05
-9.729195e-08,3.24206e-05
-9.719195e-08,2.20427e-05
-9.709195e-08,1.16648e-05
-9.699195e-08,1.93548e-06
-9.689195e-08,-8.44244e-06
-9.679195e-08,-1.88204e-05
-9.669195e-08,-2.85497e-05
-9.659195e-08,-3.76303e-05
-9.649195e-08,-4.54138e-05
-9.639195e-08,-5.06027e-05
-9.629195e-08,-5.25486e-05
-9.619195e-08,-5.12514e-05
-9.609195e-08,-4.54138e-05
-9.599195e-08,-3.56845e-05
-9.589195e-08,-2.33607e-05
-9.579195e-08,-9.73968e-06
-9.569195e-08,3.88134e-06
-9.559195e-08,1.62051e-05
-9.549195e-08,2.59344e-05
-9.539195e-08,3.24206e-05
-9.529195e-08,3.30692e-05
-9.519195e-08,2.85289e-05
-9.509195e-08,2.00968e-05
-9.499195e-08,7.77306e-06
-9.489195e-08,-7.79382e-06
-9.479195e-08,-2.53066e-05
-9.469195e-08,-4.28193e-05
-9.459195e-08,-5.96834e-05
-9.449195e-08,-7.65476e-05
-9.439195e-08,-9.14658e-05
-9.429195e-08,-0.000106384
-9.419195e-08,-0.000120654
-9.409195e-08,-0.000134923
-9.399195e-08,-0.000149842
-9.389195e-08,-0.000164111
-9.379195e-08,-0.000177732
-9.369195e-08,-0.000190056
-9.359195e-08,-0.000199785
-9.349195e-08,-0.000207569
-9.339195e-08,-0.000211461
-9.329195e-08,-0.000211461
-9.319195e-08,-0.000207569
-9.309195e-08,-0.000199785
-9.299195e-08,-0.000189407
-9.289195e-08,-0.000177732
-9.279195e-08,-0.000166706
-9.269195e-08,-0.000156976
-9.259195e-08,-0.000149842
-9.249195e-08,-0.000145301
-9.239195e-08,-0.000144004
-9.229195e-08,-0.000143355
-9.219195e-08,-0.000144004
-9.209195e-08,-0.000144004
-9.199195e-08,-0.00014141
-9.189195e-08,-0.000136221
-9.179195e-08,-0.000128437
-9.169195e-08,-0.000119356
-9.159195e-08,-0.00010833
-9.149195e-08,-9.60062e-05
-9.139195e-08,-8.4331e-05
-9.129195e-08,-7.26558e-05
-9.119195e-08,-6.16293e-05
-9.109195e-08,-5.12514e-05
-9.099195e-08,-4.15221e-05
-9.089195e-08,-3.11441e-05
-9.079195e-08,-1.9469e-05
-9.069195e-08,-5.19934e-06
-9.059195e-08,1.10162e-05
-9.049195e-08,2.85289e-05
-9.039195e-08,4.66903e-05
-9.029195e-08,6.4203e-05
-9.019195e-08,7.97699e-05
-9.009195e-08,9.07964e-05
-8.999195e-08,9.72826e-05
-8.989195e-08,9.85799e-05
-8.979195e-08,9.53368e-05
-8.969195e-08,8.75533e-05
-8.959195e-08,7.7824e-05
-8.949195e-08,6.67975e-05
-8.939195e-08,5.5771e-05
-8.929195e-08,4.5393e-05
-8.919195e-08,3.6961e-05
-8.909195e-08,3.04748e-05
-8.899195e-08,2.52858e-05
-8.889195e-08,2.07455e-05
-8.879195e-08,1.62051e-05
-8.869195e-08,1.16648e-05
-8.859195e-08,4.52996e-06
-8.849195e-08,-4.55072e-06
-8.839195e-08,-1.49286e-05
-8.829195e-08,-2.53066e-05
-8.819195e-08,-3.56845e-05
-8.809195e-08,-4.47652e-05
-8.799195e-08,-5.31972e-05
-8.789195e-08,-5.96834e-05
-8.779195e-08,-6.48724e-05
-8.769195e-08,-7.00614e-05
-8.759195e-08,-7.46017e-05
-8.749195e-08,-7.9142e-05
-8.739195e-08,-8.30338e-05
-8.729195e-08,-8.69255e-05
-8.719195e-08,-8.88713e-05
-8.709195e-08,-8.82227e-05
-8.699195e-08,-8.49796e-05
-8.689195e-08,-7.78448e-05
-8.679195e-08,-6.68183e-05
-8.669195e-08,-5.25486e-05
-8.659195e-08,-3.63331e-05
-8.649195e-08,-1.9469e-05
-8.639195e-08,-4.55072e-06
-8.629195e-08,7.77306e-06
-8.619195e-08,1.42593e-05
-8.609195e-08,1.42593e-05
-8.599195e-08,7.77306e-06
-8.589195e-08,-4.55072e-06
-8.579195e-08,-2.01176e-05
-8.569195e-08,-3.69817e-05
-8.559195e-08,-5.25486e-05
-8.549195e-08,-6.35752e-05
-8.539195e-08,-7.00614e-05
-8.529195e-08,-7.071e-05
-8.519195e-08,-6.42238e-05
-8.509195e-08,-5.12514e-05
-8.499195e-08,-3.24414e-05
-8.489195e-08,-1.10369e-05
-8.479195e-08,1.23134e-05
-8.469195e-08,3.63124e-05
-8.459195e-08,5.77168e-05
-8.449195e-08,7.65268e-05
-8.439195e-08,9.20937e-05
-8.429195e-08,0.000105715
-8.419195e-08,0.000116741
-8.409195e-08,0.000125822
-8.399195e-08,0.000133605
-8.389195e-08,0.000139443
-8.379195e-08,0.000142686
-8.369195e-08,0.000142037
-8.359195e-08,0.000137497
-8.349195e-08,0.000127768
-8.339195e-08,0.000111552
-8.329195e-08,8.88506e-05
-8.319195e-08,6.09599e-05
-8.309195e-08,3.04748e-05
-8.299195e-08,-1.30762e-06
-8.289195e-08,-3.11441e-05
-8.279195e-08,-5.57917e-05
-8.269195e-08,-7.33045e-05
-8.259195e-08,-8.17365e-05
-8.249195e-08,-8.04393e-05
-8.239195e-08,-6.87641e-05
-8.229195e-08,-4.86569e-05
-8.219195e-08,-2.33607e-05
-8.209195e-08,5.8272e-06
-8.199195e-08,3.56637e-05
-8.189195e-08,6.29058e-05
-8.179195e-08,8.69047e-05
-8.169195e-08,0.000104417
-8.159195e-08,0.000116093
-8.149195e-08,0.000119984
-8.139195e-08,0.000118038
-8.129195e-08,0.000110255
-8.119195e-08,9.92285e-05
-8.109195e-08,8.56075e-05
-8.099195e-08,7.06892e-05
-8.089195e-08,5.44737e-05
-8.079195e-08,3.82582e-05
-8.069195e-08,2.26913e-05
-8.059195e-08,7.77306e-06
-8.049195e-08,-5.19934e-06
-8.039195e-08,-1.68745e-05
-8.029195e-08,-2.53066e-05
-8.019195e-08,-3.04955e-05
-8.009195e-08,-3.17928e-05
-7.999195e-08,-2.85497e-05
-7.989195e-08,-2.01176e-05
-7.979195e-08,-6.49658e-06
-7.969195e-08,1.03675e-05
-7.959195e-08,3.04748e-05
-7.949195e-08,5.18792e-05
-7.939195e-08,7.32837e-05
-7.929195e-08,9.33909e-05
-7.919195e-08,0.000112201
-7.909195e-08,0.000128416
-7.899195e-08,0.000142686
-7.889195e-08,0.00015501
-7.879195e-08,0.000166685
-7.869195e-08,0.000177063
-7.859195e-08,0.000186792
-7.849195e-08,0.000195224
-7.839195e-08,0.000201062
-7.829195e-08,0.000204305
-7.819195e-08,0.000203656
-7.809195e-08,0.000197819
-7.799195e-08,0.000186792
-7.789195e-08,0.000170577
-7.779195e-08,0.000149172
-7.769195e-08,0.000123227
-7.759195e-08,9.53368e-05
-7.749195e-08,6.74461e-05
-7.739195e-08,4.21499e-05
-7.729195e-08,2.07455e-05
-7.719195e-08,5.8272e-06
-7.709195e-08,-2.60486e-06
-7.699195e-08,-3.9021e-06
-7.689195e-08,1.28686e-06
-7.679195e-08,1.23134e-05
-7.669195e-08,2.72317e-05
-7.659195e-08,4.34472e-05
-7.649195e-08,6.03113e-05
-7.639195e-08,7.65268e-05
-7.629195e-08,8.94992e-05
-7.619195e-08,9.98771e-05
-7.609195e-08,0.000105715
-7.599195e-08,0.000108309
-7.589195e-08,0.000108309
-7.579195e-08,0.000105066
-7.569195e-08,9.85799e-05
-7.559195e-08,9.07964e-05
-7.549195e-08,8.10671e-05
-7.539195e-08,7.00406e-05
-7.529195e-08,5.77168e-05
-7.519195e-08,4.5393e-05
-7.509195e-08,3.43665e-05
-7.499195e-08,2.59344e-05
-7.489195e-08,1.94482e-05
-7.479195e-08,1.68537e-05
-7.469195e-08,1.75024e-05
-7.459195e-08,2.13941e-05
-7.449195e-08,2.72317e-05
-7.439195e-08,3.30692e-05
-7.429195e-08,3.82582e-05
-7.419195e-08,4.02041e-05
-7.409195e-08,3.63124e-05
-7.399195e-08,2.6583e-05
-7.389195e-08,1.10162e-05
-7.379195e-08,-1.10369e-05
-7.369195e-08,-3.76303e-05
-7.359195e-08,-6.68183e-05
-7.349195e-08,-9.53575e-05
-7.339195e-08,-0.000120654
-7.329195e-08,-0.000140761
-7.319195e-08,-0.000153733
-7.309195e-08,-0.000158922
-7.299195e-08,-0.000156328
-7.289195e-08,-0.000147247
-7.279195e-08,-0.000134923
-7.269195e-08,-0.000119356
-7.259195e-08,-0.00010379
-7.249195e-08,-9.08172e-05
-7.239195e-08,-8.17365e-05
-7.229195e-08,-7.58989e-05
-7.219195e-08,-7.33045e-05
-7.209195e-08,-7.46017e-05
-7.199195e-08,-7.9142e-05
-7.189195e-08,-8.4331e-05
-7.179195e-08,-9.01686e-05
-7.169195e-08,-9.53575e-05
-7.159195e-08,-9.98979e-05
-7.149195e-08,-0.000101844
-7.139195e-08,-0.000101844
-7.129195e-08,-0.000100547
-7.119195e-08,-9.73034e-05
-7.109195e-08,-9.21144e-05
-7.099195e-08,-8.4331e-05
-7.089195e-08,-7.52503e-05
-7.079195e-08,-6.42238e-05
-7.069195e-08,-5.31972e-05
-7.059195e-08,-4.21707e-05
-7.049195e-08,-3.24414e-05
-7.039195e-08,-2.59552e-05
-7.029195e-08,-2.40093e-05
-7.019195e-08,-2.66038e-05
-7.009195e-08,-3.37386e-05
-6.999195e-08,-4.60624e-05
-6.989195e-08,-6.16293e-05
-6.979195e-08,-7.78448e-05
-6.969195e-08,-9.34117e-05
-6.959195e-08,-0.000105087
-6.949195e-08,-0.000110924
-6.939195e-08,-0.000110276
-6.929195e-08,-0.000101195
-6.919195e-08,-8.36824e-05
-6.909195e-08,-5.90348e-05
-6.899195e-08,-2.98469e-05
-6.889195e-08,1.93548e-06
-6.879195e-08,3.43665e-05
-6.869195e-08,6.4203e-05
-6.859195e-08,9.14451e-05
-6.849195e-08,0.000113498
-6.839195e-08,0.00013166
-6.829195e-08,0.000145929
-6.819195e-08,0.000157604
-6.809195e-08,0.000165388
-6.799195e-08,0.000170577
-6.789195e-08,0.000174468
-6.779195e-08,0.000175766
-6.769195e-08,0.00017382
-6.759195e-08,0.000168631
-6.749195e-08,0.000158253
-6.739195e-08,0.000143335
-6.729195e-08,0.000123227
-6.719195e-08,9.92285e-05
-6.709195e-08,7.19865e-05
-6.699195e-08,4.27986e-05
-6.689195e-08,1.36106e-05
-6.679195e-08,-1.36314e-05
-6.669195e-08,-3.63331e-05
-6.659195e-08,-5.31972e-05
-6.649195e-08,-6.42238e-05
-6.639195e-08,-6.94127e-05
-6.629195e-08,-6.74669e-05
-6.619195e-08,-5.96834e-05
-6.609195e-08,-4.80083e-05
-6.599195e-08,-3.309e-05
-6.589195e-08,-1.62259e-05
-6.579195e-08,1.93548e-06
-6.569195e-08,1.94482e-05
-6.559195e-08,3.56637e-05
-6.549195e-08,4.92848e-05
-6.539195e-08,6.09599e-05
-6.529195e-08,6.9392e-05
-6.519195e-08,7.45809e-05
-6.509195e-08,7.71754e-05
-6.499195e-08,7.52296e-05
-6.489195e-08,6.9392e-05
-6.479195e-08,6.09599e-05
-6.469195e-08,4.99334e-05
-6.459195e-08,3.82582e-05
-6.449195e-08,2.59344e-05
-6.439195e-08,1.42593e-05
-6.429195e-08,6.47582e-06
-6.419195e-08,2.5841e-06
-6.409195e-08,3.88134e-06
-6.399195e-08,9.71892e-06
-6.389195e-08,2.13941e-05
-6.379195e-08,3.82582e-05
-6.369195e-08,5.96627e-05
-6.359195e-08,8.43102e-05
-6.349195e-08,0.000110904
-6.339195e-08,0.000138794
-6.329195e-08,0.000166036
-6.319195e-08,0.000191981
-6.309195e-08,0.000216629
-6.299195e-08,0.000237385
-6.289195e-08,0.000254897
-6.279195e-08,0.000268518
-6.269195e-08,0.000277599
-6.259195e-08,0.000281491
-6.249195e-08,0.000280194
-6.239195e-08,0.000273059
-6.229195e-08,0.000261384
-6.219195e-08,0.000245168
-6.209195e-08,0.000225709
-6.199195e-08,0.000204305
-6.189195e-08,0.000182901
-6.179195e-08,0.000161496
-6.169195e-08,0.000143335
-6.159195e-08,0.000129065
-6.149195e-08,0.000118687
-6.139195e-08,0.000113498
-6.129195e-08,0.000112201
-6.119195e-08,0.000114147
-6.109195e-08,0.000118687
-6.099195e-08,0.000123227
-6.089195e-08,0.000125822
-6.079195e-08,0.000125173
-6.069195e-08,0.000121282
-6.059195e-08,0.000112201
-6.049195e-08,9.85799e-05
-6.039195e-08,8.23644e-05
-6.029195e-08,6.35544e-05
-6.019195e-08,4.27986e-05
-6.009195e-08,2.26913e-05
-5.999195e-08,3.23272e-06
-5.989195e-08,-1.36314e-05
-5.979195e-08,-2.91983e-05
-5.969195e-08,-4.28193e-05
-5.959195e-08,-5.44945e-05
-5.949195e-08,-6.48724e-05
-5.939195e-08,-7.39531e-05
-5.929195e-08,-8.17365e-05
-5.919195e-08,-8.82227e-05
-5.909195e-08,-9.34117e-05
-5.899195e-08,-9.66548e-05
-5.889195e-08,-9.92493e-05
-5.879195e-08,-9.98979e-05
-5.869195e-08,-9.98979e-05
-5.859195e-08,-9.86006e-05
-5.849195e-08,-9.7952e-05
-5.839195e-08,-9.73034e-05
-5.829195e-08,-9.7952e-05
-5.819195e-08,-0.000101195
-5.809195e-08,-0.000106384
-5.799195e-08,-0.00011287
-5.789195e-08,-0.000120005
-5.779195e-08,-0.000126491
-5.769195e-08,-0.000132329
-5.759195e-08,-0.000134923
-5.749195e-08,-0.000132978
-5.739195e-08,-0.000126491
-5.729195e-08,-0.000115465
-5.719195e-08,-0.000100547
-5.709195e-08,-8.23851e-05
-5.699195e-08,-6.22779e-05
-5.689195e-08,-4.28193e-05
-5.679195e-08,-2.59552e-05
-5.669195e-08,-1.23342e-05
-5.659195e-08,-3.9021e-06
-5.649195e-08,-1.95624e-06
-5.639195e-08,-4.55072e-06
-5.629195e-08,-1.10369e-05
-5.619195e-08,-2.14148e-05
-5.609195e-08,-3.37386e-05
-5.599195e-08,-4.73596e-05
-5.589195e-08,-6.09807e-05
-5.579195e-08,-7.52503e-05
-5.569195e-08,-8.952e-05
-5.559195e-08,-0.000104438
-5.549195e-08,-0.000118708
-5.539195e-08,-0.000132978
-5.529195e-08,-0.000146599
-5.519195e-08,-0.000158274
-5.509195e-08,-0.000166706
-5.499195e-08,-0.000171895
-5.489195e-08,-0.000173841
-5.479195e-08,-0.000171246
-5.469195e-08,-0.000163463
-5.459195e-08,-0.000152436
-5.449195e-08,-0.000137518
-5.439195e-08,-0.000120654
-5.429195e-08,-0.000102492
-5.419195e-08,-8.49796e-05
-5.409195e-08,-7.071e-05
-5.399195e-08,-5.90348e-05
-5.389195e-08,-5.12514e-05
-5.379195e-08,-4.6711e-05
-5.369195e-08,-4.54138e-05
-5.359195e-08,-4.60624e-05
-5.349195e-08,-4.86569e-05
-5.339195e-08,-5.25486e-05
-5.329195e-08,-5.7089e-05
-5.319195e-08,-6.16293e-05
-5.309195e-08,-6.61696e-05
-5.299195e-08,-7.20072e-05
-5.289195e-08,-7.9142e-05
-5.279195e-08,-8.82227e-05
-5.269195e-08,-9.73034e-05
-5.259195e-08,-0.000107033
-5.249195e-08,-0.000116762
-5.239195e-08,-0.000125843
-5.229195e-08,-0.00013168
-5.219195e-08,-0.000133626
-5.209195e-08,-0.000131032
-5.199195e-08,-0.000123248
-5.189195e-08,-0.000110276
-5.179195e-08,-9.47089e-05
-5.169195e-08,-7.84934e-05
-5.159195e-08,-6.29265e-05
-5.149195e-08,-4.99541e-05
-5.139195e-08,-4.08734e-05
-5.129195e-08,-3.76303e-05
-5.119195e-08,-3.89276e-05
-5.109195e-08,-4.47652e-05
-5.099195e-08,-5.38459e-05
-5.089195e-08,-6.5521e-05
-5.079195e-08,-7.71962e-05
-5.069195e-08,-8.75741e-05
-5.059195e-08,-9.66548e-05
-5.049195e-08,-0.000104438
-5.039195e-08,-0.000110276
-5.029195e-08,-0.000114816
-5.019195e-08,-0.000118708
-5.009195e-08,-0.000123248
-4.999195e-08,-0.000129734
-4.989195e-08,-0.000136869
-4.979195e-08,-0.000145301
-4.969195e-08,-0.000153733
-4.959195e-08,-0.000160868
-4.949195e-08,-0.00016476
-4.939195e-08,-0.000165409
-4.929195e-08,-0.000162814
-4.919195e-08,-0.000155679
-4.909195e-08,-0.000144653
-4.899195e-08,-0.000130383
-4.889195e-08,-0.000114168
-4.879195e-08,-9.73034e-05
-4.869195e-08,-8.10879e-05
-4.859195e-08,-6.68183e-05
-4.849195e-08,-5.44945e-05
-4.839195e-08,-4.54138e-05
-4.829195e-08,-3.8279e-05
-4.819195e-08,-3.17928e-05
-4.809195e-08,-2.59552e-05
-4.799195e-08,-2.01176e-05
-4.789195e-08,-1.29828e-05
-4.779195e-08,-5.19934e-06
-4.769195e-08,4.52996e-06
-4.759195e-08,1.49079e-05
-4.749195e-08,2.52858e-05
-4.739195e-08,3.63124e-05
-4.729195e-08,4.5393e-05
-4.719195e-08,5.44737e-05
-4.709195e-08,6.22572e-05
-4.699195e-08,6.87434e-05
-4.689195e-08,7.52296e-05
-4.679195e-08,8.10671e-05
-4.669195e-08,8.62561e-05
-4.659195e-08,9.01478e-05
-4.649195e-08,9.20937e-05
-4.639195e-08,9.07964e-05
-4.629195e-08,8.56075e-05
-4.619195e-08,7.7824e-05
-4.609195e-08,6.61489e-05
-4.599195e-08,5.12306e-05
-4.589195e-08,3.43665e-05
-4.579195e-08,1.62051e-05
-4.569195e-08,-1.95624e-06
-4.559195e-08,-1.81717e-05
-4.549195e-08,-3.04955e-05
-4.539195e-08,-3.89276e-05
-4.529195e-08,-4.41165e-05
-4.519195e-08,-4.47652e-05
-4.509195e-08,-4.28193e-05
-4.499195e-08,-3.89276e-05
-4.489195e-08,-3.50359e-05
-4.479195e-08,-3.24414e-05
-4.469195e-08,-3.24414e-05
-4.459195e-08,-3.69817e-05
-4.449195e-08,-4.47652e-05
-4.439195e-08,-5.64403e-05
-4.429195e-08,-7.00614e-05
-4.419195e-08,-8.4331e-05
-4.409195e-08,-9.92493e-05
-4.399195e-08,-0.00011287
-4.389195e-08,-0.000124545
-4.379195e-08,-0.00013168
-4.369195e-08,-0.000136221
-4.359195e-08,-0.000137518
-4.349195e-08,-0.000135572
-4.339195e-08,-0.000132978
-4.329195e-08,-0.000129734
-4.319195e-08,-0.00012714
-4.309195e-08,-0.000124545
-4.299195e-08,-0.0001226
-4.289195e-08,-0.000121302
-4.279195e-08,-0.000120005
-4.269195e-08,-0.000118708
-4.259195e-08,-0.000117411
-4.249195e-08,-0.000116113
-4.239195e-08,-0.000114168
-4.229195e-08,-0.000110924
-4.219195e-08,-0.000107681
-4.209195e-08,-0.000104438
-4.199195e-08,-0.000101195
-4.189195e-08,-9.73034e-05
-4.179195e-08,-9.34117e-05
-4.169195e-08,-9.01686e-05
-4.159195e-08,-8.69255e-05
-4.149195e-08,-8.36824e-05
-4.139195e-08,-7.97907e-05
-4.129195e-08,-7.65476e-05
-4.119195e-08,-7.39531e-05
-4.109195e-08,-7.20072e-05
-4.099195e-08,-7.13586e-05
-4.089195e-08,-7.26558e-05
-4.079195e-08,-7.65476e-05
-4.069195e-08,-8.17365e-05
-4.059195e-08,-8.75741e-05
-4.049195e-08,-9.47089e-05
-4.039195e-08,-0.000100547
-4.029195e-08,-0.00010379
-4.019195e-08,-0.000104438
-4.009195e-08,-0.000101195
-3.999195e-08,-9.47089e-05
-3.989195e-08,-8.49796e-05
-3.979195e-08,-7.33045e-05
-3.969195e-08,-6.16293e-05
-3.959195e-08,-5.06027e-05
-3.949195e-08,-4.21707e-05
-3.939195e-08,-3.76303e-05
-3.929195e-08,-3.76303e-05
-3.919195e-08,-4.28193e-05
-3.909195e-08,-5.12514e-05
-3.899195e-08,-6.22779e-05
-3.889195e-08,-7.33045e-05
-3.879195e-08,-8.23851e-05
-3.869195e-08,-8.88713e-05
-3.859195e-08,-9.21144e-05
-3.849195e-08,-9.21144e-05
-3.839195e-08,-8.82227e-05
-3.829195e-08,-8.23851e-05
-3.819195e-08,-7.58989e-05
-3.809195e-08,-7.20072e-05
-3.799195e-08,-7.071e-05
-3.789195e-08,-7.39531e-05
-3.779195e-08,-8.04393e-05
-3.769195e-08,-9.08172e-05
-3.759195e-08,-0.000103141
-3.749195e-08,-0.000115465
-3.739195e-08,-0.000125194
-3.729195e-08,-0.00013168
-3.719195e-08,-0.000132978
-3.709195e-08,-0.000128437
-3.699195e-08,-0.000118708
-3.689195e-08,-0.00010379
-3.679195e-08,-8.4331e-05
-3.669195e-08,-6.16293e-05
-3.659195e-08,-3.69817e-05
-3.649195e-08,-1.16855e-05
-3.639195e-08,1.23134e-05
-3.629195e-08,3.56637e-05
-3.619195e-08,5.5771e-05
-3.609195e-08,7.13378e-05
-3.599195e-08,8.23644e-05
-3.589195e-08,8.88506e-05
-3.579195e-08,9.07964e-05
-3.569195e-08,8.75533e-05
-3.559195e-08,7.91213e-05
-3.549195e-08,6.67975e-05
-3.539195e-08,5.18792e-05
-3.529195e-08,3.50151e-05
-3.519195e-08,1.8151e-05
-3.509195e-08,3.23272e-06
-3.499195e-08,-7.79382e-06
-3.489195e-08,-1.428e-05
-3.479195e-08,-1.55773e-05
-3.469195e-08,-1.23342e-05
-3.459195e-08,-5.84796e-06
-3.449195e-08,2.5841e-06
-3.439195e-08,1.10162e-05
-3.429195e-08,1.8151e-05
-3.419195e-08,2.13941e-05
-3.409195e-08,2.00968e-05
-3.399195e-08,1.42593e-05
-3.389195e-08,4.52996e-06
-3.379195e-08,-7.1452e-06
-3.369195e-08,-2.01176e-05
-3.359195e-08,-3.17928e-05
-3.349195e-08,-4.08734e-05
-3.339195e-08,-4.60624e-05
-3.329195e-08,-4.73596e-05
-3.319195e-08,-4.47652e-05
-3.309195e-08,-3.95762e-05
-3.299195e-08,-3.309e-05
-3.289195e-08,-2.66038e-05
-3.279195e-08,-2.14148e-05
-3.269195e-08,-1.81717e-05
-3.259195e-08,-1.88204e-05
-3.249195e-08,-2.20635e-05
-3.239195e-08,-2.7901e-05
-3.229195e-08,-3.50359e-05
-3.219195e-08,-4.28193e-05
-3.209195e-08,-4.99541e-05
-3.199195e-08,-5.51431e-05
-3.189195e-08,-5.7089e-05
-3.179195e-08,-5.57917e-05
-3.169195e-08,-5.12514e-05
-3.159195e-08,-4.41165e-05
-3.149195e-08,-3.43872e-05
-3.139195e-08,-2.40093e-05
-3.129195e-08,-1.428e-05
-3.119195e-08,-6.49658e-06
-3.109195e-08,6.38242e-07
-3.099195e-08,5.17858e-06
-3.089195e-08,7.12444e-06
-3.079195e-08,7.77306e-06
-3.069195e-08,7.12444e-06
-3.059195e-08,4.52996e-06
-3.049195e-08,6.38242e-07
-3.039195e-08,-5.19934e-06
-3.029195e-08,-1.16855e-05
-3.019195e-08,-2.01176e-05
-3.009195e-08,-2.91983e-05
-2.999195e-08,-3.89276e-05
-2.989195e-08,-4.93055e-05
-2.979195e-08,-5.96834e-05
-2.969195e-08,-6.94127e-05
-2.959195e-08,-7.84934e-05
-2.949195e-08,-8.56282e-05
-2.939195e-08,-9.08172e-05
-2.929195e-08,-9.47089e-05
-2.919195e-08,-9.73034e-05
-2.909195e-08,-9.98979e-05
-2.899195e-08,-0.000103141
-2.889195e-08,-0.00010833
-2.879195e-08,-0.000116762
-2.869195e-08,-0.000127789
-2.859195e-08,-0.000140761
-2.849195e-08,-0.000156328
-2.839195e-08,-0.000172543
-2.829195e-08,-0.000186813
-2.819195e-08,-0.00019784
-2.809195e-08,-0.000204326
-2.799195e-08,-0.000204326
-2.789195e-08,-0.00019784
-2.779195e-08,-0.000184219
-2.769195e-08,-0.000164111
-2.759195e-08,-0.000140112
-2.749195e-08,-0.000112222
-2.739195e-08,-8.4331e-05
-2.729195e-08,-5.77376e-05
-2.719195e-08,-3.309e-05
-2.709195e-08,-1.10369e-05
-2.699195e-08,8.42168e-06
-2.689195e-08,2.39886e-05
-2.679195e-08,3.6961e-05
-2.669195e-08,4.73389e-05
-2.659195e-08,5.44737e-05
-2.649195e-08,5.83654e-05
-2.639195e-08,5.77168e-05
-2.629195e-08,5.31765e-05
-2.619195e-08,4.40958e-05
-2.609195e-08,2.85289e-05
-2.599195e-08,9.0703e-06
-2.589195e-08,-1.36314e-05
-2.579195e-08,-3.63331e-05
-2.569195e-08,-5.7089e-05
-2.559195e-08,-7.26558e-05
-2.549195e-08,-8.17365e-05
-2.539195e-08,-8.17365e-05
-2.529195e-08,-7.33045e-05
-2.519195e-08,-5.64403e-05
-2.509195e-08,-3.24414e-05
-2.499195e-08,-4.55072e-06
-2.489195e-08,2.39886e-05
-2.479195e-08,5.0582e-05
-2.469195e-08,7.39323e-05
-2.459195e-08,9.14451e-05
-2.449195e-08,0.00010312
-2.439195e-08,0.000109606
-2.429195e-08,0.000112201
-2.419195e-08,0.000112201
-2.409195e-08,0.000111552
-2.399195e-08,0.000110255
-2.389195e-08,0.000110904
-2.379195e-08,0.000111552
-2.369195e-08,0.000111552
-2.359195e-08,0.000109606
-2.349195e-08,0.000105715
-2.339195e-08,9.79313e-05
-2.329195e-08,8.62561e-05
-2.319195e-08,7.13378e-05
-2.309195e-08,5.44737e-05
-2.299195e-08,3.56637e-05
-2.289195e-08,1.75024e-05
-2.279195e-08,2.5841e-06
-2.269195e-08,-8.44244e-06
-2.259195e-08,-1.428e-05
-2.249195e-08,-1.428e-05
-2.239195e-08,-9.73968e-06
-2.229195e-08,-1.95624e-06
-2.219195e-08,8.42168e-06
-2.209195e-08,1.94482e-05
-2.199195e-08,2.91775e-05
-2.189195e-08,3.82582e-05
-2.179195e-08,4.5393e-05
-2.169195e-08,4.99334e-05
-2.159195e-08,5.25279e-05
-2.149195e-08,5.38251e-05
-2.139195e-08,5.18792e-05
-2.129195e-08,4.79875e-05
-2.119195e-08,4.02041e-05
-2.109195e-08,2.85289e-05
-2.099195e-08,1.2962e-05
-2.089195e-08,-8.44244e-06
-2.079195e-08,-3.50359e-05
-2.069195e-08,-6.5521e-05
-2.059195e-08,-9.7952e-05
-2.049195e-08,-0.000129734
-2.039195e-08,-0.000158922
-2.029195e-08,-0.000182273
-2.019195e-08,-0.00019784
-2.009195e-08,-0.000204326
-1.999195e-08,-0.000200434
-1.989195e-08,-0.000187462
-1.979195e-08,-0.000167354
-1.969195e-08,-0.000142058
-1.959195e-08,-0.000116113
-1.949195e-08,-9.21144e-05
-1.939195e-08,-7.20072e-05
-1.929195e-08,-5.77376e-05
-1.919195e-08,-5.06027e-05
-1.909195e-08,-4.86569e-05
-1.899195e-08,-5.19e-05
-1.889195e-08,-5.7089e-05
-1.879195e-08,-6.09807e-05
-1.869195e-08,-6.22779e-05
-1.859195e-08,-5.90348e-05
-1.849195e-08,-5.12514e-05
-1.839195e-08,-3.89276e-05
-1.829195e-08,-2.33607e-05
-1.819195e-08,-7.1452e-06
-1.809195e-08,7.77306e-06
-1.799195e-08,1.94482e-05
-1.789195e-08,2.59344e-05
-1.779195e-08,2.59344e-05
-1.769195e-08,1.87996e-05
-1.759195e-08,5.8272e-06
-1.749195e-08,-1.03883e-05
-1.739195e-08,-2.7901e-05
-1.729195e-08,-4.54138e-05
-1.719195e-08,-5.96834e-05
-1.709195e-08,-7.071e-05
-1.699195e-08,-7.71962e-05
-1.689195e-08,-7.9142e-05
-1.679195e-08,-7.58989e-05
-1.669195e-08,-6.87641e-05
-1.659195e-08,-5.90348e-05
-1.649195e-08,-4.6711e-05
-1.639195e-08,-3.309e-05
-1.629195e-08,-1.81717e-05
-1.619195e-08,-1.95624e-06
-1.609195e-08,1.36106e-05
-1.599195e-08,2.85289e-05
-1.589195e-08,4.27986e-05
-1.579195e-08,5.44737e-05
-1.569195e-08,6.35544e-05
-1.559195e-08,6.80947e-05
-1.549195e-08,6.87434e-05
-1.539195e-08,6.35544e-05
-1.529195e-08,5.38251e-05
-1.519195e-08,4.02041e-05
-1.509195e-08,2.33399e-05
-1.499195e-08,5.17858e-06
-1.489195e-08,-1.23342e-05
-1.479195e-08,-2.66038e-05
-1.469195e-08,-3.76303e-05
-1.459195e-08,-4.41165e-05
-1.449195e-08,-4.73596e-05
-1.439195e-08,-4.73596e-05
-1.429195e-08,-4.60624e-05
-1.419195e-08,-4.41165e-05
-1.409195e-08,-4.54138e-05
-1.399195e-08,-4.99541e-05
-1.389195e-08,-5.90348e-05
-1.379195e-08,-7.20072e-05
-1.369195e-08,-8.82227e-05
-1.359195e-08,-0.000106384
-1.349195e-08,-0.000123248
-1.339195e-08,-0.000137518
-1.329195e-08,-0.000147896
-1.319195e-08,-0.000152436
-1.309195e-08,-0.000151139
-1.299195e-08,-0.000144653
-1.289195e-08,-0.000133626
-1.279195e-08,-0.000120654
-1.269195e-08,-0.000105087
-1.259195e-08,-9.01686e-05
-1.249195e-08,-7.52503e-05
-1.239195e-08,-6.09807e-05
-1.229195e-08,-4.60624e-05
-1.219195e-08,-2.98469e-05
-1.209195e-08,-1.16855e-05
-1.199195e-08,8.42168e-06
-1.189195e-08,3.1772e-05
-1.179195e-08,5.70682e-05
-1.169195e-08,8.23644e-05
-1.159195e-08,0.000106363
-1.149195e-08,0.000125822
-1.139195e-08,0.000138794
-1.129195e-08,0.000143983
-1.119195e-08,0.00014074
-1.109195e-08,0.000129065
-1.099195e-08,0.000110904
-1.089195e-08,8.69047e-05
-1.079195e-08,6.03113e-05
-1.069195e-08,3.24206e-05
-1.059195e-08,5.17858e-06
-1.049195e-08,-2.07662e-05
-1.039195e-08,-4.41165e-05
-1.029195e-08,-6.5521e-05
-1.019195e-08,-8.69255e-05
-1.009195e-08,-0.000109627
-9.991946e-09,-0.000132978
-9.891946e-09,-0.000156328
-9.791946e-09,-0.000179678
-9.691946e-09,-0.000200434
-9.591946e-09,-0.000217298
-9.491946e-09,-0.00022573
-9.391946e-09,-0.00022573
-9.291946e-09,-0.000215352
-9.191946e-09,-0.000194596
-9.091946e-09,-0.000166057
-8.991946e-09,-0.000131032
-8.891946e-09,-9.47089e-05
-8.791946e-09,-5.96834e-05
-8.691946e-09,-2.98469e-05
-8.591946e-09,-6.49658e-06
-8.491946e-09,7.77306e-06
-8.391946e-09,1.2962e-05
-8.291946e-09,1.16648e-05
-8.191946e-09,5.8272e-06
-8.091946e-09,-6.58998e-07
-7.991946e-09,-5.19934e-06
-7.891946e-09,-5.84796e-06
-7.791946e-09,-2.60486e-06
-7.691946e-09,5.17858e-06
-7.591946e-09,1.49079e-05
-7.491946e-09,2.59344e-05
-7.391946e-09,3.43665e-05
-7.291946e-09,3.82582e-05
-7.191946e-09,3.56637e-05
-7.091946e-09,2.6583e-05
-6.991946e-09,1.10162e-05
-6.891946e-09,-8.44244e-06
-6.791946e-09,-2.91983e-05
-6.691946e-09,-4.86569e-05
-6.591946e-09,-6.48724e-05
-6.491946e-09,-7.52503e-05
-6.391946e-09,-7.84934e-05
-6.291946e-09,-7.58989e-05
-6.191946e-09,-6.81155e-05
-6.091946e-09,-5.77376e-05
-5.991946e-09,-4.54138e-05
-5.891946e-09,-3.37386e-05
-5.791946e-09,-2.46579e-05
-5.691946e-09,-1.81717e-05
-5.591946e-09,-1.49286e-05
-5.491946e-09,-1.36314e-05
-5.391946e-09,-1.428e-05
-5.291946e-09,-1.49286e-05
-5.191946e-09,-1.49286e-05
-5.091946e-09,-1.23342e-05
-4.991946e-09,-7.1452e-06
-4.891946e-09,-1.03779e-08
-4.791946e-09,8.42168e-06
-4.691946e-09,1.62051e-05
-4.591946e-09,2.33399e-05
-4.491946e-09,2.85289e-05
-4.391946e-09,3.11234e-05
-4.291946e-09,3.1772e-05
-4.191946e-09,2.91775e-05
-4.091946e-09,2.39886e-05
-3.991946e-09,1.62051e-05
-3.891946e-09,7.77306e-06
-3.791946e-09,-1.30762e-06
-3.691946e-09,-1.23342e-05
-3.591946e-09,-2.40093e-05
-3.491946e-09,-3.63331e-05
-3.391946e-09,-4.99541e-05
-3.291946e-09,-6.42238e-05
-3.191946e-09,-7.9142e-05
-3.091946e-09,-9.34117e-05
-2.991946e-09,-0.000105735
-2.891946e-09,-0.000116762
-2.791946e-09,-0.000124545
-2.691946e-09,-0.00012714
-2.591946e-09,-0.000126491
-2.491946e-09,-0.000123248
-2.391946e-09,-0.000118059
-2.291946e-09,-0.000113519
-2.191946e-09,-0.000112222
-2.091946e-09,-0.000116762
-1.991946e-09,-0.000129086
-1.891946e-09,-0.000149193
-1.791946e-09,-0.00017903
-1.691946e-09,-0.000219244
-1.591946e-09,-0.000268539
-1.491946e-09,-0.000325618
-1.391946e-09,-0.000389182
-1.291946e-09,-0.000457288
-1.191946e-09,-0.000528636
-1.091946e-09,-0.000603876
-9.919457e-10,-0.000682359
-8.919457e-10,-0.000766031
-7.919457e-10,-0.000854892
-6.919457e-10,-0.000950888
-5.919457e-10,-0.00105532
-4.919457e-10,-0.00116882
-3.919457e-10,-0.00129336
-2.919457e-10,-0.00142697
-1.919457e-10,-0.00156902
-9.194566e-11,-0.00171885
8.054343e-12,-0.00187387
1.080543e-10,-0.00203279
2.080543e-10,-0.00219429
3.080543e-10,-0.00235839
4.080543e-10,-0.00252249
5.080543e-10,-0.00268724
6.080543e-10,-0.00285199
7.080543e-10,-0.00301609
8.080543e-10,-0.00317955
9.080543e-10,-0.00334105
1.008054e-09,-0.00349867
1.108054e-09,-0.00364915
1.208054e-09,-0.00379055
1.308054e-09,-0.00391962
1.408054e-09,-0.00403702
1.508054e-09,-0.00414015
1.608054e-09,-0.00422966
1.708054e-09,-0.0043062
1.808054e-09,-0.00437171
1.908054e-09,-0.00442749
2.008054e-09,-0.00447549
2.108054e-09,-0.00451765
2.208054e-09,-0.00455462
2.308054e-09,-0.00458575
2.408054e-09,-0.00461105
2.508054e-09,-0.00462921
2.608054e-09,-0.00464024
2.708054e-09,-0.00464348
2.808054e-09,-0.00463894
2.908054e-09,-0.00462792
3.008054e-09,-0.00461105
3.108054e-09,-0.0045903
3.208054e-09,-0.00456694
3.308054e-09,-0.00454295
3.408054e-09,-0.0045183
3.508054e-09,-0.00449235
3.608054e-09,-0.00446381
3.708054e-09,-0.00443009
3.808054e-09,-0.00438987
3.908054e-09,-0.00434058
4.008054e-09,-0.00427961
4.108054e-09,-0.00420631
4.208054e-09,-0.00412264
4.308054e-09,-0.00402924
4.408054e-09,-0.0039313
4.508054e-09,-0.00383076
4.608054e-09,-0.00373282
4.708054e-09,-0.00364072
4.808054e-09,-0.00355704
4.908054e-09,-0.00348245
5.008054e-09,-0.00341759
5.108054e-09,-0.00336051
5.208054e-09,-0.00330862
5.308054e-09,-0.00325933
5.408054e-09,-0.00321133
5.508054e-09,-0.00316268
5.608054e-09,-0.00311339
5.708054e-09,-0.00306344
5.808054e-09,-0.0030148
5.908054e-09,-0.00296939
6.008054e-09,-0.00292853
6.108054e-09,-0.00289415
6.208054e-09,-0.00286561
6.308054e-09,-0.00284226
6.408054e-09,-0.00282151
6.508054e-09,-0.00280075
6.608054e-09,-0.0027774
6.708054e-09,-0.00274951
6.808054e-09,-0.00271384
6.908054e-09,-0.00267103
7.008054e-09,-0.00261979
7.108054e-09,-0.00256206
7.208054e-09,-0.00249914
7.308054e-09,-0.00243363
7.408054e-09,-0.00236812
7.508054e-09,-0.00230391
7.608054e-09,-0.00224229
7.708054e-09,-0.00218327
7.808054e-09,-0.00212619
7.908054e-09,-0.00207105
8.008054e-09,-0.00201527
8.108054e-09,-0.00195625
8.208054e-09,-0.00189463
8.308054e-09,-0.00182977
8.408054e-09,-0.00176101
8.508054e-09,-0.00169161
8.608054e-09,-0.00162221
8.708054e-09,-0.0015554
8.808054e-09,-0.00149184
8.908054e-09,-0.00143216
9.008054e-09,-0.00137768
9.108054e-09,-0.00132903
9.208054e-09,-0.00128428
9.308054e-09,-0.00124277
9.408054e-09,-0.00120385
9.508054e-09,-0.00116818
9.608054e-09,-0.0011351
9.708054e-09,-0.00110526
9.808054e-09,-0.00108061
9.908054e-09,-0.0010631
1.000805e-08,-0.00105337
1.010805e-08,-0.00105142
1.020805e-08,-0.00105791
1.030805e-08,-0.00107153
1.040805e-08,-0.00109099
1.050805e-08,-0.00111304
1.060805e-08,-0.0011351
1.070805e-08,-0.00115391
1.080805e-08,-0.00116818
1.090805e-08,-0.00117596
1.100805e-08,-0.0011792
1.110805e-08,-0.0011779
1.120805e-08,-0.00117336
1.130805e-08,-0.00116688
1.140805e-08,-0.00116104
1.150805e-08,-0.00115715
1.160805e-08,-0.0011565
1.170805e-08,-0.0011578
1.180805e-08,-0.00115974
1.190805e-08,-0.00116234
1.200805e-08,-0.00116234
1.210805e-08,-0.00115974
1.220805e-08,-0.00115326
1.230805e-08,-0.00114353
1.240805e-08,-0.0011325
1.250805e-08,-0.00112018
1.260805e-08,-0.00111045
1.270805e-08,-0.00110396
1.280805e-08,-0.00110266
1.290805e-08,-0.00110656
1.300805e-08,-0.00111629
1.310805e-08,-0.00112926
1.320805e-08,-0.00114288
1.330805e-08,-0.0011552
1.340805e-08,-0.00116428
1.350805e-08,-0.00116818
1.360805e-08,-0.00116558
1.370805e-08,-0.00115585
1.380805e-08,-0.00113964
1.390805e-08,-0.00111953
1.400805e-08,-0.00109683
1.410805e-08,-0.00107218
1.420805e-08,-0.00104753
1.430805e-08,-0.00102353
1.440805e-08,-0.00100018
1.450805e-08,-0.000976184
1.460805e-08,-0.000950888
1.470805e-08,-0.000924943
1.480805e-08,-0.000896403
1.490805e-08,-0.000865918
1.500805e-08,-0.000834136
1.510805e-08,-0.000803002
1.520805e-08,-0.000773814
1.530805e-08,-0.000749815
1.540805e-08,-0.000731654
1.550805e-08,-0.000721925
1.560805e-08,-0.000719979
1.570805e-08,-0.000724519
1.580805e-08,-0.0007336
1.590805e-08,-0.000743978
1.600805e-08,-0.000753707
1.610805e-08,-0.000758896
1.620805e-08,-0.000758247
1.630805e-08,-0.000751113
1.640805e-08,-0.000736843
1.650805e-08,-0.000716736
1.660805e-08,-0.000693385
1.670805e-08,-0.000668738
1.680805e-08,-0.000646036
1.690805e-08,-0.000626577
1.700805e-08,-0.000611659
1.710805e-08,-0.000601281
1.720805e-08,-0.000595444
1.730805e-08,-0.000593498
1.740805e-08,-0.000594146
1.750805e-08,-0.000596092
1.760805e-08,-0.000598687
1.770805e-08,-0.000601281
1.780805e-08,-0.000604524
1.790805e-08,-0.000608416
1.800805e-08,-0.000612956
1.810805e-08,-0.000618794
1.820805e-08,-0.000626577
1.830805e-08,-0.000635658
1.840805e-08,-0.000644739
1.850805e-08,-0.000652522
1.860805e-08,-0.000657711
1.870805e-08,-0.00065836
1.880805e-08,-0.000653171
1.890805e-08,-0.000640198
1.900805e-08,-0.00062074
1.910805e-08,-0.000596741
1.920805e-08,-0.000569499
1.930805e-08,-0.00054096
1.940805e-08,-0.000514366
1.950805e-08,-0.000490367
1.960805e-08,-0.000469611
1.970805e-08,-0.000452747
1.980805e-08,-0.000438478
1.990805e-08,-0.000427451
2.000805e-08,-0.000417722
2.010805e-08,-0.000407344
2.020805e-08,-0.000396966
2.030805e-08,-0.000386588
2.040805e-08,-0.000375561
2.050805e-08,-0.000366481
2.060805e-08,-0.000359995
2.070805e-08,-0.000356751
2.080805e-08,-0.000356751
2.090805e-08,-0.000359346
2.100805e-08,-0.000363886
2.110805e-08,-0.000369075
2.120805e-08,-0.000372318
2.130805e-08,-0.000372967
2.140805e-08,-0.000370372
2.150805e-08,-0.000363886
2.160805e-08,-0.000354806
2.170805e-08,-0.000344428
2.180805e-08,-0.00033405
2.190805e-08,-0.000326266
2.200805e-08,-0.000323023
2.210805e-08,-0.000325618
2.220805e-08,-0.00033405
2.230805e-08,-0.000348319
2.240805e-08,-0.000366481
2.250805e-08,-0.000385291
2.260805e-08,-0.000402803
2.270805e-08,-0.000416425
2.280805e-08,-0.000422911
2.290805e-08,-0.000422262
2.300805e-08,-0.000414479
2.310805e-08,-0.000402155
2.320805e-08,-0.000386588
2.330805e-08,-0.000370372
2.340805e-08,-0.000355454
2.350805e-08,-0.000343779
2.360805e-08,-0.000336644
2.370805e-08,-0.000332104
2.380805e-08,-0.000329509
2.390805e-08,-0.000329509
2.400805e-08,-0.000328212
2.410805e-08,-0.000326266
2.420805e-08,-0.000321726
2.430805e-08,-0.00031524
2.440805e-08,-0.000308105
2.450805e-08,-0.000302267
2.460805e-08,-0.000299024
2.470805e-08,-0.00030097
2.480805e-08,-0.000307456
2.490805e-08,-0.00031978
2.500805e-08,-0.000335347
2.510805e-08,-0.000354157
2.520805e-08,-0.000372318
2.530805e-08,-0.000387885
2.540805e-08,-0.000398912
2.550805e-08,-0.000404749
2.560805e-08,-0.000404101
2.570805e-08,-0.00039956
2.580805e-08,-0.000391777
2.590805e-08,-0.000383345
2.600805e-08,-0.000376859
2.610805e-08,-0.000373616
2.620805e-08,-0.000375561
2.630805e-08,-0.000383345
2.640805e-08,-0.000396317
2.650805e-08,-0.000411884
2.660805e-08,-0.000428748
2.670805e-08,-0.000444315
2.680805e-08,-0.000456639
2.690805e-08,-0.000465071
2.700805e-08,-0.000468963
2.710805e-08,-0.00047026
2.720805e-08,-0.000468963
2.730805e-08,-0.000465071
2.740805e-08,-0.000460531
2.750805e-08,-0.000454044
2.760805e-08,-0.000445612
2.770805e-08,-0.000434586
2.780805e-08,-0.00041837
2.790805e-08,-0.000396317
2.800805e-08,-0.000367778
2.810805e-08,-0.000332104
2.820805e-08,-0.000290592
2.830805e-08,-0.000245189
2.840805e-08,-0.000199785
2.850805e-08,-0.000156328
2.860805e-08,-0.000120654
2.870805e-08,-9.53575e-05
2.880805e-08,-8.17365e-05
2.890805e-08,-8.04393e-05
2.900805e-08,-9.27631e-05
2.910805e-08,-0.000116113
2.920805e-08,-0.000147896
2.930805e-08,-0.000184219
2.940805e-08,-0.00022119
2.950805e-08,-0.000257513
2.960805e-08,-0.000290592
2.970805e-08,-0.00031978
2.980805e-08,-0.000345076
2.990805e-08,-0.000366481
3.000805e-08,-0.000384642
3.010805e-08,-0.00039956
3.020805e-08,-0.000410587
3.030805e-08,-0.000417722
3.040805e-08,-0.00041837
3.050805e-08,-0.000412533
3.060805e-08,-0.000397615
3.070805e-08,-0.00037167
3.080805e-08,-0.000335996
3.090805e-08,-0.000291241
3.100805e-08,-0.00024
3.110805e-08,-0.000186164
3.120805e-08,-0.000134275
3.130805e-08,-8.82227e-05
3.140805e-08,-5.19e-05
3.150805e-08,-2.91983e-05
3.160805e-08,-2.14148e-05
3.170805e-08,-2.72524e-05
3.180805e-08,-4.60624e-05
3.190805e-08,-7.39531e-05
3.200805e-08,-0.000108979
3.210805e-08,-0.000146599
3.220805e-08,-0.000184867
3.230805e-08,-0.00022119
3.240805e-08,-0.000254269
3.250805e-08,-0.000284106
3.260805e-08,-0.000310699
3.270805e-08,-0.000335347
3.280805e-08,-0.000358697
3.290805e-08,-0.000381399
3.300805e-08,-0.000402803
3.310805e-08,-0.000421613
3.320805e-08,-0.000435234
3.330805e-08,-0.000442369
3.340805e-08,-0.000441721
3.350805e-08,-0.000433289
3.360805e-08,-0.000416425
3.370805e-08,-0.000393074
3.380805e-08,-0.000365832
3.390805e-08,-0.000337293
3.400805e-08,-0.000311348
3.410805e-08,-0.000289944
3.420805e-08,-0.000275674
3.430805e-08,-0.000269188
3.440805e-08,-0.000271134
3.450805e-08,-0.000279566
3.460805e-08,-0.000291889
3.470805e-08,-0.000306159
3.480805e-08,-0.000321077
3.490805e-08,-0.00033405
3.500805e-08,-0.000344428
3.510805e-08,-0.000353508
3.520805e-08,-0.000360643
3.530805e-08,-0.000368427
3.540805e-08,-0.000377507
3.550805e-08,-0.000389182
3.560805e-08,-0.000404101
3.570805e-08,-0.000420965
3.580805e-08,-0.000440423
3.590805e-08,-0.000458585
3.600805e-08,-0.000474152
3.610805e-08,-0.00048453
3.620805e-08,-0.000487124
3.630805e-08,-0.000482584
3.640805e-08,-0.000468963
3.650805e-08,-0.000448207
3.660805e-08,-0.000421613
3.670805e-08,-0.000392426
3.680805e-08,-0.00036194
3.690805e-08,-0.000332104
3.700805e-08,-0.000306159
3.710805e-08,-0.000282809
3.720805e-08,-0.00026335
3.730805e-08,-0.000247135
3.740805e-08,-0.000233514
3.750805e-08,-0.000221838
3.760805e-08,-0.000211461
3.770805e-08,-0.000201731
3.780805e-08,-0.000193299
3.790805e-08,-0.000186813
3.800805e-08,-0.000182921
3.810805e-08,-0.000182273
3.820805e-08,-0.000184867
3.830805e-08,-0.000191353
3.840805e-08,-0.000201083
3.850805e-08,-0.000211461
3.860805e-08,-0.000220541
3.870805e-08,-0.000227676
3.880805e-08,-0.000230919
3.890805e-08,-0.000228325
3.900805e-08,-0.000219893
3.910805e-08,-0.000207569
3.920805e-08,-0.000190705
3.930805e-08,-0.000172543
3.940805e-08,-0.000154382
3.950805e-08,-0.000139464
3.960805e-08,-0.00012714
3.970805e-08,-0.000119356
3.980805e-08,-0.000115465
3.990805e-08,-0.000115465
4.000805e-08,-0.000116113
4.010805e-08,-0.000116762
4.020805e-08,-0.000116113
4.030805e-08,-0.000115465
4.040805e-08,-0.00011287
4.050805e-08,-0.000110276
4.060805e-08,-0.000109627
4.070805e-08,-0.000111573
4.080805e-08,-0.000118708
4.090805e-08,-0.000131032
4.100805e-08,-0.000147247
4.110805e-08,-0.000167354
4.120805e-08,-0.000188759
4.130805e-08,-0.000208217
4.140805e-08,-0.000224433
4.150805e-08,-0.000234162
4.160805e-08,-0.000236108
4.170805e-08,-0.000230271
4.180805e-08,-0.000218595
4.190805e-08,-0.00020238
4.200805e-08,-0.000182921
4.210805e-08,-0.000164111
4.220805e-08,-0.000148544
4.230805e-08,-0.000136869
4.240805e-08,-0.000129734
4.250805e-08,-0.000125843
4.260805e-08,-0.000125194
4.270805e-08,-0.000125194
4.280805e-08,-0.000125194
4.290805e-08,-0.000123248
4.300805e-08,-0.000119356
4.310805e-08,-0.000113519
4.320805e-08,-0.000107033
4.330805e-08,-0.000101195
4.340805e-08,-9.66548e-05
4.350805e-08,-9.53575e-05
4.360805e-08,-9.7952e-05
4.370805e-08,-0.000105087
4.380805e-08,-0.000115465
4.390805e-08,-0.000128437
4.400805e-08,-0.00014141
4.410805e-08,-0.000154382
4.420805e-08,-0.000166706
4.430805e-08,-0.000177732
4.440805e-08,-0.000188759
4.450805e-08,-0.000198488
4.460805e-08,-0.000210163
4.470805e-08,-0.000223136
4.480805e-08,-0.000239351
4.490805e-08,-0.000257513
4.500805e-08,-0.00027762
4.510805e-08,-0.000297727
4.520805e-08,-0.000316537
4.530805e-08,-0.000332104
4.540805e-08,-0.000341833
4.550805e-08,-0.000345725
4.560805e-08,-0.000342482
4.570805e-08,-0.00033405
4.580805e-08,-0.000321077
4.590805e-08,-0.000306159
4.600805e-08,-0.000291889
4.610805e-08,-0.000280214
4.620805e-08,-0.000272431
4.630805e-08,-0.000270485
4.640805e-08,-0.000272431
4.650805e-08,-0.000278268
4.660805e-08,-0.000284755
4.670805e-08,-0.000291889
4.680805e-08,-0.000297078
4.690805e-08,-0.000298376
4.700805e-08,-0.000294484
4.710805e-08,-0.0002867
4.720805e-08,-0.000274377
4.730805e-08,-0.000260107
4.740805e-08,-0.00024454
4.750805e-08,-0.000229622
4.760805e-08,-0.000217298
4.770805e-08,-0.000207569
4.780805e-08,-0.000199785
4.790805e-08,-0.000194596
4.800805e-08,-0.000191353
4.810805e-08,-0.00018811
4.820805e-08,-0.000184219
4.830805e-08,-0.000179678
4.840805e-08,-0.000175138
4.850805e-08,-0.000169949
4.860805e-08,-0.00016476
4.870805e-08,-0.000160868
4.880805e-08,-0.000158274
4.890805e-08,-0.000157625
4.900805e-08,-0.000157625
4.910805e-08,-0.000158922
4.920805e-08,-0.000159571
4.930805e-08,-0.000158274
4.940805e-08,-0.000155031
4.950805e-08,-0.000148544
4.960805e-08,-0.000140112
4.970805e-08,-0.000130383
4.980805e-08,-0.000120005
4.990805e-08,-0.000110924
5.000805e-08,-0.000104438
5.010805e-08,-0.000101844
5.020805e-08,-0.00010379
5.030805e-08,-0.000108979
5.040805e-08,-0.000118059
5.050805e-08,-0.000127789
5.060805e-08,-0.000136869
5.070805e-08,-0.000144004
5.080805e-08,-0.000147247
5.090805e-08,-0.00014595
5.100805e-08,-0.00014141
5.110805e-08,-0.000132978
5.120805e-08,-0.000123248
5.130805e-08,-0.000112222
5.140805e-08,-0.000101844
5.150805e-08,-9.40603e-05
5.160805e-08,-8.75741e-05
5.170805e-08,-8.17365e-05
5.180805e-08,-7.58989e-05
5.190805e-08,-6.81155e-05
5.200805e-08,-5.77376e-05
5.210805e-08,-4.34679e-05
5.220805e-08,-2.46579e-05
5.230805e-08,-1.30762e-06
5.240805e-08,2.46372e-05
5.250805e-08,5.0582e-05
5.260805e-08,7.39323e-05
5.270805e-08,9.27423e-05
5.280805e-08,0.000103769
5.290805e-08,0.000107661
5.300805e-08,0.000103769
5.310805e-08,9.33909e-05
5.320805e-08,7.84727e-05
5.330805e-08,6.16085e-05
5.340805e-08,4.40958e-05
5.350805e-08,2.85289e-05
5.360805e-08,1.62051e-05
5.370805e-08,7.77306e-06
5.380805e-08,1.93548e-06
5.390805e-08,-2.60486e-06
5.400805e-08,-7.1452e-06
5.410805e-08,-1.428e-05
5.420805e-08,-2.40093e-05
5.430805e-08,-3.76303e-05
5.440805e-08,-5.57917e-05
5.450805e-08,-7.58989e-05
5.460805e-08,-9.7952e-05
5.470805e-08,-0.000119356
5.480805e-08,-0.000137518
5.490805e-08,-0.000151787
5.500805e-08,-0.000161517
5.510805e-08,-0.000168003
5.520805e-08,-0.000172543
5.530805e-08,-0.000175138
5.540805e-08,-0.000177732
5.550805e-08,-0.00018357
5.560805e-08,-0.000192002
5.570805e-08,-0.000203677
5.580805e-08,-0.000219244
5.590805e-08,-0.000236757
5.600805e-08,-0.000254918
5.610805e-08,-0.000271134
5.620805e-08,-0.000285403
5.630805e-08,-0.000295781
5.640805e-08,-0.000301619
5.650805e-08,-0.000303565
5.660805e-08,-0.000302267
5.670805e-08,-0.000297727
5.680805e-08,-0.000291889
5.690805e-08,-0.000284755
5.700805e-08,-0.000276323
5.710805e-08,-0.000265945
5.720805e-08,-0.000253621
5.730805e-08,-0.000238054
5.740805e-08,-0.000218595
5.750805e-08,-0.000197191
5.760805e-08,-0.000173841
5.770805e-08,-0.000149193
5.780805e-08,-0.000126491
5.790805e-08,-0.000106384
5.800805e-08,-9.14658e-05
5.810805e-08,-8.23851e-05
5.820805e-08,-7.97907e-05
5.830805e-08,-8.30338e-05
5.840805e-08,-9.01686e-05
5.850805e-08,-9.86006e-05
5.860805e-08,-0.000105735
5.870805e-08,-0.000108979
5.880805e-08,-0.000106384
5.890805e-08,-9.66548e-05
5.900805e-08,-8.10879e-05
5.910805e-08,-6.03321e-05
5.920805e-08,-3.8279e-05
5.930805e-08,-1.75231e-05
5.940805e-08,-1.03779e-08
5.950805e-08,1.03675e-05
5.960805e-08,1.36106e-05
5.970805e-08,8.42168e-06
5.980805e-08,-3.25348e-06
5.990805e-08,-2.01176e-05
6.000805e-08,-3.95762e-05
6.010805e-08,-5.96834e-05
6.020805e-08,-7.78448e-05
6.030805e-08,-9.21144e-05
6.040805e-08,-0.000102492
6.050805e-08,-0.00010833
6.060805e-08,-0.000110924
6.070805e-08,-0.000110276
6.080805e-08,-0.00010833
6.090805e-08,-0.000106384
6.100805e-08,-0.000105087
6.110805e-08,-0.000103141
6.120805e-08,-0.000101844
6.130805e-08,-9.92493e-05
6.140805e-08,-9.60062e-05
6.150805e-08,-9.21144e-05
6.160805e-08,-8.62769e-05
6.170805e-08,-7.9142e-05
6.180805e-08,-7.20072e-05
6.190805e-08,-6.48724e-05
6.200805e-08,-5.90348e-05
6.210805e-08,-5.44945e-05
6.220805e-08,-5.25486e-05
6.230805e-08,-5.25486e-05
6.240805e-08,-5.38459e-05
6.250805e-08,-5.57917e-05
6.260805e-08,-5.77376e-05
6.270805e-08,-5.83862e-05
6.280805e-08,-5.77376e-05
6.290805e-08,-5.38459e-05
6.300805e-08,-4.80083e-05
6.310805e-08,-4.08734e-05
6.320805e-08,-3.309e-05
6.330805e-08,-2.59552e-05
6.340805e-08,-2.07662e-05
6.350805e-08,-1.88204e-05
6.360805e-08,-1.88204e-05
6.370805e-08,-2.07662e-05
6.380805e-08,-2.46579e-05
6.390805e-08,-2.85497e-05
6.400805e-08,-3.24414e-05
6.410805e-08,-3.43872e-05
6.420805e-08,-3.50359e-05
6.430805e-08,-3.43872e-05
6.440805e-08,-3.309e-05
6.450805e-08,-3.11441e-05
6.460805e-08,-2.98469e-05
6.470805e-08,-3.04955e-05
6.480805e-08,-3.309e-05
6.490805e-08,-3.8279e-05
6.500805e-08,-4.60624e-05
6.510805e-08,-5.44945e-05
6.520805e-08,-6.29265e-05
6.530805e-08,-6.94127e-05
6.540805e-08,-7.39531e-05
6.550805e-08,-7.52503e-05
6.560805e-08,-7.39531e-05
6.570805e-08,-6.94127e-05
6.580805e-08,-6.35752e-05
6.590805e-08,-5.83862e-05
6.600805e-08,-5.44945e-05
6.610805e-08,-5.38459e-05
6.620805e-08,-5.7089e-05
6.630805e-08,-6.48724e-05
6.640805e-08,-7.58989e-05
6.650805e-08,-9.08172e-05
6.660805e-08,-0.000106384
6.670805e-08,-0.0001226
6.680805e-08,-0.000136869
6.690805e-08,-0.000148544
6.700805e-08,-0.000156328
6.710805e-08,-0.000161517
6.720805e-08,-0.000164111
6.730805e-08,-0.000166057
6.740805e-08,-0.000168003
6.750805e-08,-0.000171246
6.760805e-08,-0.000176435
6.770805e-08,-0.000182273
6.780805e-08,-0.000188759
6.790805e-08,-0.000194596
6.800805e-08,-0.000197191
6.810805e-08,-0.000194596
6.820805e-08,-0.000186164
6.830805e-08,-0.000169949
6.840805e-08,-0.000147896
6.850805e-08,-0.000120654
6.860805e-08,-8.952e-05
6.870805e-08,-5.77376e-05
6.880805e-08,-2.7901e-05
6.890805e-08,-1.30762e-06
6.900805e-08,1.94482e-05
6.910805e-08,3.37179e-05
6.920805e-08,4.15013e-05
6.930805e-08,4.40958e-05
6.940805e-08,4.21499e-05
6.950805e-08,3.6961e-05
6.960805e-08,3.04748e-05
6.970805e-08,2.33399e-05
6.980805e-08,1.55565e-05
6.990805e-08,7.12444e-06
7.000805e-08,-1.30762e-06
7.010805e-08,-1.03883e-05
7.020805e-08,-2.07662e-05
7.030805e-08,-3.17928e-05
7.040805e-08,-4.34679e-05
7.050805e-08,-5.51431e-05
7.060805e-08,-6.48724e-05
7.070805e-08,-7.33045e-05
7.080805e-08,-7.78448e-05
7.090805e-08,-7.9142e-05
7.100805e-08,-7.58989e-05
7.110805e-08,-6.94127e-05
7.120805e-08,-6.03321e-05
7.130805e-08,-4.93055e-05
7.140805e-08,-3.89276e-05
7.150805e-08,-3.04955e-05
7.160805e-08,-2.66038e-05
7.170805e-08,-2.72524e-05
7.180805e-08,-3.24414e-05
7.190805e-08,-4.15221e-05
7.200805e-08,-5.31972e-05
7.210805e-08,-6.61696e-05
7.220805e-08,-7.9142e-05
7.230805e-08,-9.08172e-05
7.240805e-08,-0.000100547
7.250805e-08,-0.000106384
7.260805e-08,-0.000109627
7.270805e-08,-0.000110276
7.280805e-08,-0.00010833
7.290805e-08,-0.000105087
7.300805e-08,-9.98979e-05
7.310805e-08,-9.34117e-05
7.320805e-08,-8.49796e-05
7.330805e-08,-7.46017e-05
7.340805e-08,-6.09807e-05
7.350805e-08,-4.60624e-05
7.360805e-08,-2.85497e-05
7.370805e-08,-9.73968e-06
7.380805e-08,9.71892e-06
7.390805e-08,2.78803e-05
7.400805e-08,4.40958e-05
7.410805e-08,5.90141e-05
7.420805e-08,7.13378e-05
7.430805e-08,8.10671e-05
7.440805e-08,8.88506e-05
7.450805e-08,9.53368e-05
7.460805e-08,0.000101174
7.470805e-08,0.000107661
7.480805e-08,0.000115444
7.490805e-08,0.000123876
7.500805e-08,0.000132957
7.510805e-08,0.000140092
7.520805e-08,0.000144632
7.530805e-08,0.000145929
7.540805e-08,0.00014074
7.550805e-08,0.000128416
7.560805e-08,0.000108958
7.570805e-08,8.36616e-05
7.580805e-08,5.44737e-05
7.590805e-08,2.20427e-05
7.600805e-08,-9.73968e-06
7.610805e-08,-3.8279e-05
7.620805e-08,-6.22779e-05
7.630805e-08,-7.97907e-05
7.640805e-08,-9.14658e-05
7.650805e-08,-9.60062e-05
7.660805e-08,-9.60062e-05
7.670805e-08,-9.21144e-05
7.680805e-08,-8.56282e-05
7.690805e-08,-7.78448e-05
7.700805e-08,-6.94127e-05
7.710805e-08,-6.03321e-05
7.720805e-08,-4.93055e-05
