LECROYWaveRunner‘N,20113,Waveform
Segments,1,SegmentSize,2002
Segment,TrigTime,TimeSinceSegment1
#1,28-Sep-2018 13:21:04,0                 
Time,Ampl
-1.228532e-07,-5.84796e-06
-1.227532e-07,-2.53066e-05
-1.226532e-07,-4.21707e-05
-1.225532e-07,-5.64403e-05
-1.224532e-07,-6.68183e-05
-1.223532e-07,-7.33045e-05
-1.222532e-07,-7.65476e-05
-1.221532e-07,-7.78448e-05
-1.220532e-07,-7.78448e-05
-1.219532e-07,-7.71962e-05
-1.218532e-07,-7.78448e-05
-1.217532e-07,-8.04393e-05
-1.216532e-07,-8.49796e-05
-1.215532e-07,-9.21144e-05
-1.214532e-07,-9.98979e-05
-1.213532e-07,-0.00010833
-1.212532e-07,-0.000116113
-1.211532e-07,-0.000121302
-1.210532e-07,-0.000123897
-1.209532e-07,-0.0001226
-1.208532e-07,-0.000117411
-1.207532e-07,-0.000109627
-1.206532e-07,-9.98979e-05
-1.205532e-07,-8.82227e-05
-1.204532e-07,-7.65476e-05
-1.203532e-07,-6.61696e-05
-1.202532e-07,-5.7089e-05
-1.201532e-07,-4.99541e-05
-1.200532e-07,-4.41165e-05
-1.199532e-07,-3.89276e-05
-1.198532e-07,-3.37386e-05
-1.197532e-07,-2.66038e-05
-1.196532e-07,-1.81717e-05
-1.195532e-07,-7.79382e-06
-1.194532e-07,5.17858e-06
-1.193532e-07,2.20427e-05
-1.192532e-07,4.21499e-05
-1.191532e-07,6.35544e-05
-1.190532e-07,8.56075e-05
-1.189532e-07,0.000108958
-1.188532e-07,0.000132308
-1.187532e-07,0.000154361
-1.186532e-07,0.000174468
-1.185532e-07,0.000193927
-1.184532e-07,0.000210791
-1.183532e-07,0.000226358
-1.182532e-07,0.00023933
-1.181532e-07,0.000250357
-1.180532e-07,0.00025814
-1.179532e-07,0.000263329
-1.178532e-07,0.000264627
-1.177532e-07,0.000262032
-1.176532e-07,0.000256195
-1.175532e-07,0.000246465
-1.174532e-07,0.00023479
-1.173532e-07,0.000221169
-1.172532e-07,0.000207548
-1.171532e-07,0.000194576
-1.170532e-07,0.000182901
-1.169532e-07,0.000174468
-1.168532e-07,0.000169928
-1.167532e-07,0.000167982
-1.166532e-07,0.000168631
-1.165532e-07,0.000169928
-1.164532e-07,0.000171874
-1.163532e-07,0.000173171
-1.162532e-07,0.000172523
-1.161532e-07,0.000168631
-1.160532e-07,0.000162793
-1.159532e-07,0.000153713
-1.158532e-07,0.000142686
-1.157532e-07,0.000129714
-1.156532e-07,0.000116741
-1.155532e-07,0.000103769
-1.154532e-07,9.07964e-05
-1.153532e-07,7.91213e-05
-1.152532e-07,6.80947e-05
-1.151532e-07,5.77168e-05
-1.150532e-07,4.86361e-05
-1.149532e-07,4.08527e-05
-1.148532e-07,3.37179e-05
-1.147532e-07,2.72317e-05
-1.146532e-07,2.07455e-05
-1.145532e-07,1.55565e-05
-1.144532e-07,1.23134e-05
-1.143532e-07,9.0703e-06
-1.142532e-07,5.8272e-06
-1.141532e-07,2.5841e-06
-1.140532e-07,-1.95624e-06
-1.139532e-07,-8.44244e-06
-1.138532e-07,-1.62259e-05
-1.137532e-07,-2.66038e-05
-1.136532e-07,-3.8279e-05
-1.135532e-07,-5.25486e-05
-1.134532e-07,-6.74669e-05
-1.133532e-07,-8.10879e-05
-1.132532e-07,-9.34117e-05
-1.131532e-07,-0.000102492
-1.130532e-07,-0.000106384
-1.129532e-07,-0.000105735
-1.128532e-07,-9.92493e-05
-1.127532e-07,-8.82227e-05
-1.126532e-07,-7.26558e-05
-1.125532e-07,-5.38459e-05
-1.124532e-07,-3.37386e-05
-1.123532e-07,-1.49286e-05
-1.122532e-07,6.38242e-07
-1.121532e-07,1.16648e-05
-1.120532e-07,1.75024e-05
-1.119532e-07,1.75024e-05
-1.118532e-07,1.23134e-05
-1.117532e-07,1.93548e-06
-1.116532e-07,-1.29828e-05
-1.115532e-07,-2.98469e-05
-1.114532e-07,-4.6711e-05
-1.113532e-07,-6.22779e-05
-1.112532e-07,-7.58989e-05
-1.111532e-07,-8.62769e-05
-1.110532e-07,-9.34117e-05
-1.109532e-07,-9.53575e-05
-1.108532e-07,-9.34117e-05
-1.107532e-07,-8.69255e-05
-1.106532e-07,-7.65476e-05
-1.105532e-07,-6.29265e-05
-1.104532e-07,-4.6711e-05
-1.103532e-07,-2.85497e-05
-1.102532e-07,-9.09106e-06
-1.101532e-07,1.16648e-05
-1.100532e-07,3.24206e-05
-1.099532e-07,5.12306e-05
-1.098532e-07,6.80947e-05
-1.097532e-07,8.17158e-05
-1.096532e-07,9.14451e-05
-1.095532e-07,9.72826e-05
-1.094532e-07,9.92285e-05
-1.093532e-07,9.72826e-05
-1.092532e-07,9.20937e-05
-1.091532e-07,8.3013e-05
-1.090532e-07,7.19865e-05
-1.089532e-07,5.83654e-05
-1.088532e-07,4.27986e-05
-1.087532e-07,2.46372e-05
-1.086532e-07,5.17858e-06
-1.085532e-07,-1.55773e-05
-1.084532e-07,-3.8279e-05
-1.083532e-07,-6.29265e-05
-1.082532e-07,-8.82227e-05
-1.081532e-07,-0.000113519
-1.080532e-07,-0.000137518
-1.079532e-07,-0.000158922
-1.078532e-07,-0.000174489
-1.077532e-07,-0.000182273
-1.076532e-07,-0.000181624
-1.075532e-07,-0.000173192
-1.074532e-07,-0.000156976
-1.073532e-07,-0.000133626
-1.072532e-07,-0.000105735
-1.071532e-07,-7.52503e-05
-1.070532e-07,-4.47652e-05
-1.069532e-07,-1.62259e-05
-1.068532e-07,7.77306e-06
-1.067532e-07,2.52858e-05
-1.066532e-07,3.63124e-05
-1.065532e-07,3.95555e-05
-1.064532e-07,3.76096e-05
-1.063532e-07,2.98261e-05
-1.062532e-07,1.8151e-05
-1.061532e-07,5.17858e-06
-1.060532e-07,-9.73968e-06
-1.059532e-07,-2.46579e-05
-1.058532e-07,-3.89276e-05
-1.057532e-07,-5.12514e-05
-1.056532e-07,-6.09807e-05
-1.055532e-07,-6.87641e-05
-1.054532e-07,-7.20072e-05
-1.053532e-07,-7.071e-05
-1.052532e-07,-6.48724e-05
-1.051532e-07,-5.51431e-05
-1.050532e-07,-4.15221e-05
-1.049532e-07,-2.46579e-05
-1.048532e-07,-5.19934e-06
-1.047532e-07,1.55565e-05
-1.046532e-07,3.6961e-05
-1.045532e-07,5.83654e-05
-1.044532e-07,7.71754e-05
-1.043532e-07,9.40395e-05
-1.042532e-07,0.000107661
-1.041532e-07,0.000118687
-1.040532e-07,0.000126471
-1.039532e-07,0.00013166
-1.038532e-07,0.000134903
-1.037532e-07,0.000137497
-1.036532e-07,0.000138794
-1.035532e-07,0.000138146
-1.034532e-07,0.0001362
-1.033532e-07,0.000132308
-1.032532e-07,0.000125822
-1.031532e-07,0.000116741
-1.030532e-07,0.000104417
-1.029532e-07,9.01478e-05
-1.028532e-07,7.39323e-05
-1.027532e-07,5.5771e-05
-1.026532e-07,3.76096e-05
-1.025532e-07,2.00968e-05
-1.024532e-07,5.17858e-06
-1.023532e-07,-7.79382e-06
-1.022532e-07,-1.75231e-05
-1.021532e-07,-2.46579e-05
-1.020532e-07,-2.98469e-05
-1.019532e-07,-3.43872e-05
-1.018532e-07,-3.76303e-05
-1.017532e-07,-4.02248e-05
-1.016532e-07,-4.28193e-05
-1.015532e-07,-4.54138e-05
-1.014532e-07,-4.86569e-05
-1.013532e-07,-5.06027e-05
-1.012532e-07,-5.12514e-05
-1.011532e-07,-5.12514e-05
-1.010532e-07,-4.93055e-05
-1.009532e-07,-4.60624e-05
-1.008532e-07,-4.02248e-05
-1.007532e-07,-3.309e-05
-1.006532e-07,-2.46579e-05
-1.005532e-07,-1.55773e-05
-1.004532e-07,-5.19934e-06
-1.003532e-07,4.52996e-06
-1.002532e-07,1.49079e-05
-1.001532e-07,2.52858e-05
-1.000532e-07,3.6961e-05
-9.995319e-08,4.79875e-05
-9.985319e-08,5.83654e-05
-9.975319e-08,6.80947e-05
-9.965319e-08,7.65268e-05
-9.955319e-08,8.23644e-05
-9.945319e-08,8.56075e-05
-9.935319e-08,8.62561e-05
-9.925319e-08,8.23644e-05
-9.915319e-08,7.45809e-05
-9.905319e-08,6.35544e-05
-9.895319e-08,4.99334e-05
-9.885319e-08,3.56637e-05
-9.875319e-08,2.20427e-05
-9.865319e-08,1.10162e-05
-9.855319e-08,3.88134e-06
-9.845319e-08,6.38242e-07
-9.835319e-08,2.5841e-06
-9.825319e-08,8.42168e-06
-9.815319e-08,1.87996e-05
-9.805319e-08,3.11234e-05
-9.795319e-08,4.5393e-05
-9.785319e-08,5.90141e-05
-9.775319e-08,7.26351e-05
-9.765319e-08,8.43102e-05
-9.755319e-08,9.46882e-05
-9.745319e-08,0.00010312
-9.735319e-08,0.000110904
-9.725319e-08,0.000118687
-9.715319e-08,0.000127768
-9.705319e-08,0.000137497
-9.695319e-08,0.000149172
-9.685319e-08,0.000161496
-9.675319e-08,0.000173171
-9.665319e-08,0.000182901
-9.655319e-08,0.000190035
-9.645319e-08,0.000191981
-9.635319e-08,0.000187441
-9.625319e-08,0.000177063
-9.615319e-08,0.00015955
-9.605319e-08,0.0001362
-9.595319e-08,0.000108309
-9.585319e-08,7.84727e-05
-9.575319e-08,4.92848e-05
-9.565319e-08,2.26913e-05
-9.555319e-08,6.38242e-07
-9.545319e-08,-1.62259e-05
-9.535319e-08,-2.66038e-05
-9.525319e-08,-3.17928e-05
-9.515319e-08,-3.24414e-05
-9.505319e-08,-2.85497e-05
-9.495319e-08,-2.27121e-05
-9.485319e-08,-1.55773e-05
-9.475319e-08,-9.09106e-06
-9.465319e-08,-3.25348e-06
-9.455319e-08,1.93548e-06
-9.445319e-08,7.77306e-06
-9.435319e-08,1.42593e-05
-9.425319e-08,2.13941e-05
-9.415319e-08,2.91775e-05
-9.405319e-08,3.76096e-05
-9.395319e-08,4.73389e-05
-9.385319e-08,5.64196e-05
-9.375319e-08,6.48516e-05
-9.365319e-08,7.13378e-05
-9.355319e-08,7.45809e-05
-9.345319e-08,7.52296e-05
-9.335319e-08,7.32837e-05
-9.325319e-08,6.9392e-05
-9.315319e-08,6.35544e-05
-9.305319e-08,5.70682e-05
-9.295319e-08,5.12306e-05
-9.285319e-08,4.66903e-05
-9.275319e-08,4.27986e-05
-9.265319e-08,4.08527e-05
-9.255319e-08,4.02041e-05
-9.245319e-08,3.95555e-05
-9.235319e-08,3.82582e-05
-9.225319e-08,3.56637e-05
-9.215319e-08,3.1772e-05
-9.205319e-08,2.6583e-05
-9.195319e-08,2.00968e-05
-9.185319e-08,1.2962e-05
-9.175319e-08,5.17858e-06
-9.165319e-08,-1.95624e-06
-9.155319e-08,-9.09106e-06
-9.145319e-08,-1.428e-05
-9.135319e-08,-1.75231e-05
-9.125319e-08,-1.9469e-05
-9.115319e-08,-2.01176e-05
-9.105319e-08,-1.9469e-05
-9.095319e-08,-1.68745e-05
-9.085319e-08,-1.23342e-05
-9.075319e-08,-6.49658e-06
-9.065319e-08,1.28686e-06
-9.055319e-08,1.03675e-05
-9.045319e-08,2.13941e-05
-9.035319e-08,3.30692e-05
-9.025319e-08,4.47444e-05
-9.015319e-08,5.64196e-05
-9.005319e-08,6.67975e-05
-8.995319e-08,7.45809e-05
-8.985319e-08,8.04185e-05
-8.975319e-08,8.3013e-05
-8.965319e-08,8.3013e-05
-8.955319e-08,8.10671e-05
-8.945319e-08,7.7824e-05
-8.935319e-08,7.39323e-05
-8.925319e-08,7.00406e-05
-8.915319e-08,6.67975e-05
-8.905319e-08,6.4203e-05
-8.895319e-08,6.29058e-05
-8.885319e-08,6.22572e-05
-8.875319e-08,6.16085e-05
-8.865319e-08,5.96627e-05
-8.855319e-08,5.64196e-05
-8.845319e-08,5.0582e-05
-8.835319e-08,4.27986e-05
-8.825319e-08,3.24206e-05
-8.815319e-08,2.13941e-05
-8.805319e-08,1.03675e-05
-8.795319e-08,6.38242e-07
-8.785319e-08,-6.49658e-06
-8.775319e-08,-9.09106e-06
-8.765319e-08,-7.79382e-06
-8.755319e-08,-1.95624e-06
-8.745319e-08,7.77306e-06
-8.735319e-08,2.07455e-05
-8.725319e-08,3.56637e-05
-8.715319e-08,5.12306e-05
-8.705319e-08,6.55003e-05
-8.695319e-08,7.7824e-05
-8.685319e-08,8.75533e-05
-8.675319e-08,9.40395e-05
-8.665319e-08,9.72826e-05
-8.655319e-08,9.79313e-05
-8.645319e-08,9.72826e-05
-8.635319e-08,9.46882e-05
-8.625319e-08,9.20937e-05
-8.615319e-08,8.94992e-05
-8.605319e-08,8.69047e-05
-8.595319e-08,8.36616e-05
-8.585319e-08,8.04185e-05
-8.575319e-08,7.65268e-05
-8.565319e-08,7.19865e-05
-8.555319e-08,6.55003e-05
-8.545319e-08,5.77168e-05
-8.535319e-08,4.92848e-05
-8.525319e-08,4.02041e-05
-8.515319e-08,3.11234e-05
-8.505319e-08,2.39886e-05
-8.495319e-08,1.87996e-05
-8.485319e-08,1.62051e-05
-8.475319e-08,1.49079e-05
-8.465319e-08,1.55565e-05
-8.455319e-08,1.68537e-05
-8.445319e-08,1.75024e-05
-8.435319e-08,1.62051e-05
-8.425319e-08,1.2962e-05
-8.415319e-08,7.77306e-06
-8.405319e-08,6.38242e-07
-8.395319e-08,-8.44244e-06
-8.385319e-08,-1.75231e-05
-8.375319e-08,-2.72524e-05
-8.365319e-08,-3.69817e-05
-8.355319e-08,-4.6711e-05
-8.345319e-08,-5.57917e-05
-8.335319e-08,-6.35752e-05
-8.325319e-08,-7.00614e-05
-8.315319e-08,-7.58989e-05
-8.305319e-08,-8.17365e-05
-8.295319e-08,-8.75741e-05
-8.285319e-08,-9.27631e-05
-8.275319e-08,-9.66548e-05
-8.265319e-08,-9.7952e-05
-8.255319e-08,-9.73034e-05
-8.245319e-08,-9.34117e-05
-8.235319e-08,-8.62769e-05
-8.225319e-08,-7.65476e-05
-8.215319e-08,-6.35752e-05
-8.205319e-08,-4.86569e-05
-8.195319e-08,-3.37386e-05
-8.185319e-08,-1.9469e-05
-8.175319e-08,-7.79382e-06
-8.165319e-08,1.28686e-06
-8.155319e-08,7.12444e-06
-8.145319e-08,9.71892e-06
-8.135319e-08,9.71892e-06
-8.125319e-08,9.71892e-06
-8.115319e-08,1.03675e-05
-8.105319e-08,1.2962e-05
-8.095319e-08,2.00968e-05
-8.085319e-08,3.1772e-05
-8.075319e-08,4.66903e-05
-8.065319e-08,6.4203e-05
-8.055319e-08,8.23644e-05
-8.045319e-08,9.98771e-05
-8.035319e-08,0.000114147
-8.025319e-08,0.000123227
-8.015319e-08,0.000127119
-8.005319e-08,0.000124525
-7.995319e-08,0.000115444
-7.985319e-08,0.000101174
-7.975319e-08,8.36616e-05
-7.965319e-08,6.4203e-05
-7.955319e-08,4.47444e-05
-7.945319e-08,2.6583e-05
-7.935319e-08,1.10162e-05
-7.925319e-08,-1.03779e-08
-7.915319e-08,-7.1452e-06
-7.905319e-08,-9.73968e-06
-7.895319e-08,-7.79382e-06
-7.885319e-08,-2.60486e-06
-7.875319e-08,4.52996e-06
-7.865319e-08,1.36106e-05
-7.855319e-08,2.33399e-05
-7.845319e-08,3.37179e-05
-7.835319e-08,4.34472e-05
-7.825319e-08,5.25279e-05
-7.815319e-08,5.96627e-05
-7.805319e-08,6.61489e-05
-7.795319e-08,7.06892e-05
-7.785319e-08,7.32837e-05
-7.775319e-08,7.45809e-05
-7.765319e-08,7.45809e-05
-7.755319e-08,7.39323e-05
-7.745319e-08,7.26351e-05
-7.735319e-08,7.19865e-05
-7.725319e-08,7.13378e-05
-7.715319e-08,7.19865e-05
-7.705319e-08,7.39323e-05
-7.695319e-08,7.7824e-05
-7.685319e-08,8.10671e-05
-7.675319e-08,8.43102e-05
-7.665319e-08,8.69047e-05
-7.655319e-08,8.69047e-05
-7.645319e-08,8.56075e-05
-7.635319e-08,8.04185e-05
-7.625319e-08,7.19865e-05
-7.615319e-08,6.03113e-05
-7.605319e-08,4.60417e-05
-7.595319e-08,3.04748e-05
-7.585319e-08,1.42593e-05
-7.575319e-08,6.38242e-07
-7.565319e-08,-1.16855e-05
-7.555319e-08,-2.01176e-05
-7.545319e-08,-2.59552e-05
-7.535319e-08,-2.66038e-05
-7.525319e-08,-2.33607e-05
-7.515319e-08,-1.81717e-05
-7.505319e-08,-1.16855e-05
-7.495319e-08,-3.9021e-06
-7.485319e-08,4.52996e-06
-7.475319e-08,1.2962e-05
-7.465319e-08,2.07455e-05
-7.455319e-08,2.85289e-05
-7.445319e-08,3.76096e-05
-7.435319e-08,4.66903e-05
-7.425319e-08,5.70682e-05
-7.415319e-08,7.00406e-05
-7.405319e-08,8.56075e-05
-7.395319e-08,0.000102472
-7.385319e-08,0.000119336
-7.375319e-08,0.000135551
-7.365319e-08,0.000149821
-7.355319e-08,0.000160199
-7.345319e-08,0.000165388
-7.335319e-08,0.000165388
-7.325319e-08,0.000160199
-7.315319e-08,0.000148524
-7.305319e-08,0.000132308
-7.295319e-08,0.00011285
-7.285319e-08,9.14451e-05
-7.275319e-08,6.9392e-05
-7.265319e-08,4.86361e-05
-7.255319e-08,3.04748e-05
-7.245319e-08,1.62051e-05
-7.235319e-08,5.17858e-06
-7.225319e-08,-1.30762e-06
-7.215319e-08,-4.55072e-06
-7.205319e-08,-3.9021e-06
-7.195319e-08,-1.03779e-08
-7.185319e-08,6.47582e-06
-7.175319e-08,1.55565e-05
-7.165319e-08,2.6583e-05
-7.155319e-08,3.82582e-05
-7.145319e-08,4.99334e-05
-7.135319e-08,6.09599e-05
-7.125319e-08,7.00406e-05
-7.115319e-08,7.58782e-05
-7.105319e-08,7.71754e-05
-7.095319e-08,7.45809e-05
-7.085319e-08,6.55003e-05
-7.075319e-08,5.12306e-05
-7.065319e-08,3.24206e-05
-7.055319e-08,9.71892e-06
-7.045319e-08,-1.55773e-05
-7.035319e-08,-4.28193e-05
-7.025319e-08,-7.00614e-05
-7.015319e-08,-9.53575e-05
-7.005319e-08,-0.000118708
-6.995319e-08,-0.000138815
-6.985319e-08,-0.000153733
-6.975319e-08,-0.000162814
-6.965319e-08,-0.000165409
-6.955319e-08,-0.000160868
-6.945319e-08,-0.000149842
-6.935319e-08,-0.00013168
-6.925319e-08,-0.00010833
-6.915319e-08,-8.04393e-05
-6.905319e-08,-4.93055e-05
-6.895319e-08,-1.75231e-05
-6.885319e-08,1.42593e-05
-6.875319e-08,4.27986e-05
-6.865319e-08,6.74461e-05
-6.855319e-08,8.62561e-05
-6.845319e-08,9.85799e-05
-6.835319e-08,0.00010312
-6.825319e-08,0.000101174
-6.815319e-08,9.40395e-05
-6.805319e-08,8.23644e-05
-6.795319e-08,6.74461e-05
-6.785319e-08,5.0582e-05
-6.775319e-08,3.56637e-05
-6.765319e-08,2.26913e-05
-6.755319e-08,1.2962e-05
-6.745319e-08,7.12444e-06
-6.735319e-08,7.12444e-06
-6.725319e-08,1.23134e-05
-6.715319e-08,2.20427e-05
-6.705319e-08,3.50151e-05
-6.695319e-08,4.99334e-05
-6.685319e-08,6.61489e-05
-6.675319e-08,8.17158e-05
-6.665319e-08,9.6634e-05
-6.655319e-08,0.000108958
-6.645319e-08,0.000119984
-6.635319e-08,0.000127768
-6.625319e-08,0.000132308
-6.615319e-08,0.000134254
-6.605319e-08,0.000134254
-6.595319e-08,0.000132308
-6.585319e-08,0.000129065
-6.575319e-08,0.000124525
-6.565319e-08,0.000118038
-6.555319e-08,0.000110255
-6.545319e-08,0.000100526
-6.535319e-08,8.94992e-05
-6.525319e-08,7.71754e-05
-6.515319e-08,6.29058e-05
-6.505319e-08,4.66903e-05
-6.495319e-08,2.98261e-05
-6.485319e-08,1.2962e-05
-6.475319e-08,-2.60486e-06
-6.465319e-08,-1.62259e-05
-6.455319e-08,-2.59552e-05
-6.445319e-08,-3.309e-05
-6.435319e-08,-3.63331e-05
-6.425319e-08,-3.63331e-05
-6.415319e-08,-3.24414e-05
-6.405319e-08,-2.59552e-05
-6.395319e-08,-1.81717e-05
-6.385319e-08,-1.03883e-05
-6.375319e-08,-2.60486e-06
-6.365319e-08,4.52996e-06
-6.355319e-08,1.10162e-05
-6.345319e-08,1.62051e-05
-6.335319e-08,2.20427e-05
-6.325319e-08,2.78803e-05
-6.315319e-08,3.43665e-05
-6.305319e-08,4.02041e-05
-6.295319e-08,4.60417e-05
-6.285319e-08,5.12306e-05
-6.275319e-08,5.5771e-05
-6.265319e-08,5.90141e-05
-6.255319e-08,5.96627e-05
-6.245319e-08,5.90141e-05
-6.235319e-08,5.64196e-05
-6.225319e-08,5.38251e-05
-6.215319e-08,5.18792e-05
-6.205319e-08,5.0582e-05
-6.195319e-08,5.12306e-05
-6.185319e-08,5.38251e-05
-6.175319e-08,6.03113e-05
-6.165319e-08,6.87434e-05
-6.155319e-08,7.97699e-05
-6.145319e-08,9.20937e-05
-6.135319e-08,0.000104417
-6.125319e-08,0.000116741
-6.115319e-08,0.000127119
-6.105319e-08,0.000134903
-6.095319e-08,0.000139443
-6.085319e-08,0.000142037
-6.075319e-08,0.000141389
-6.065319e-08,0.000138794
-6.055319e-08,0.000132957
-6.045319e-08,0.000125822
-6.035319e-08,0.000116093
-6.025319e-08,0.000105715
-6.015319e-08,9.46882e-05
-6.005319e-08,8.23644e-05
-5.995319e-08,6.87434e-05
-5.985319e-08,5.44737e-05
-5.975319e-08,4.08527e-05
-5.965319e-08,2.72317e-05
-5.955319e-08,1.55565e-05
-5.945319e-08,7.77306e-06
-5.935319e-08,5.17858e-06
-5.925319e-08,7.77306e-06
-5.915319e-08,1.62051e-05
-5.905319e-08,2.98261e-05
-5.895319e-08,4.73389e-05
-5.885319e-08,6.67975e-05
-5.875319e-08,8.62561e-05
-5.865319e-08,0.000102472
-5.855319e-08,0.000114795
-5.845319e-08,0.000119984
-5.835319e-08,0.000118687
-5.825319e-08,0.000110255
-5.815319e-08,9.72826e-05
-5.805319e-08,7.97699e-05
-5.795319e-08,5.96627e-05
-5.785319e-08,3.95555e-05
-5.775319e-08,2.20427e-05
-5.765319e-08,7.77306e-06
-5.755319e-08,-1.95624e-06
-5.745319e-08,-7.79382e-06
-5.735319e-08,-8.44244e-06
-5.725319e-08,-6.49658e-06
-5.715319e-08,-1.95624e-06
-5.705319e-08,3.23272e-06
-5.695319e-08,9.0703e-06
-5.685319e-08,1.42593e-05
-5.675319e-08,1.87996e-05
-5.665319e-08,2.26913e-05
-5.655319e-08,2.59344e-05
-5.645319e-08,2.78803e-05
-5.635319e-08,2.91775e-05
-5.625319e-08,3.11234e-05
-5.615319e-08,3.24206e-05
-5.605319e-08,3.43665e-05
-5.595319e-08,3.50151e-05
-5.585319e-08,3.43665e-05
-5.575319e-08,3.30692e-05
-5.565319e-08,3.11234e-05
-5.555319e-08,2.72317e-05
-5.545319e-08,2.26913e-05
-5.535319e-08,1.87996e-05
-5.525319e-08,1.62051e-05
-5.515319e-08,1.55565e-05
-5.505319e-08,1.75024e-05
-5.495319e-08,2.33399e-05
-5.485319e-08,3.24206e-05
-5.475319e-08,4.47444e-05
-5.465319e-08,6.03113e-05
-5.455319e-08,7.7824e-05
-5.445319e-08,9.72826e-05
-5.435319e-08,0.000116741
-5.425319e-08,0.000134903
-5.415319e-08,0.000151767
-5.405319e-08,0.000165388
-5.395319e-08,0.00017382
-5.385319e-08,0.000177712
-5.375319e-08,0.000176414
-5.365319e-08,0.000169928
-5.355319e-08,0.00015955
-5.345319e-08,0.000144632
-5.335319e-08,0.000127119
-5.325319e-08,0.000108958
-5.315319e-08,9.01478e-05
-5.305319e-08,7.26351e-05
-5.295319e-08,5.70682e-05
-5.285319e-08,4.47444e-05
-5.275319e-08,3.50151e-05
-5.265319e-08,2.78803e-05
-5.255319e-08,2.33399e-05
-5.245319e-08,2.20427e-05
-5.235319e-08,2.20427e-05
-5.225319e-08,2.39886e-05
-5.215319e-08,2.72317e-05
-5.205319e-08,2.98261e-05
-5.195319e-08,3.30692e-05
-5.185319e-08,3.50151e-05
-5.175319e-08,3.6961e-05
-5.165319e-08,3.82582e-05
-5.155319e-08,3.89068e-05
-5.145319e-08,3.95555e-05
-5.135319e-08,4.08527e-05
-5.125319e-08,4.34472e-05
-5.115319e-08,4.66903e-05
-5.105319e-08,5.25279e-05
-5.095319e-08,6.03113e-05
-5.085319e-08,7.06892e-05
-5.075319e-08,8.17158e-05
-5.065319e-08,9.40395e-05
-5.055319e-08,0.000106363
-5.045319e-08,0.000116741
-5.035319e-08,0.000125173
-5.025319e-08,0.000129714
-5.015319e-08,0.000131011
-5.005319e-08,0.000129065
-4.995319e-08,0.000123227
-4.985319e-08,0.000114795
-4.975319e-08,0.000104417
-4.965319e-08,9.33909e-05
-4.955319e-08,8.36616e-05
-4.945319e-08,7.45809e-05
-4.935319e-08,6.80947e-05
-4.925319e-08,6.4203e-05
-4.915319e-08,6.16085e-05
-4.905319e-08,6.03113e-05
-4.895319e-08,6.03113e-05
-4.885319e-08,5.96627e-05
-4.875319e-08,5.83654e-05
-4.865319e-08,5.64196e-05
-4.855319e-08,5.25279e-05
-4.845319e-08,4.73389e-05
-4.835319e-08,4.02041e-05
-4.825319e-08,3.30692e-05
-4.815319e-08,2.52858e-05
-4.805319e-08,1.8151e-05
-4.795319e-08,1.10162e-05
-4.785319e-08,3.88134e-06
-4.775319e-08,-1.30762e-06
-4.765319e-08,-5.84796e-06
-4.755319e-08,-9.09106e-06
-4.745319e-08,-1.23342e-05
-4.735319e-08,-1.36314e-05
-4.725319e-08,-1.428e-05
-4.715319e-08,-1.29828e-05
-4.705319e-08,-9.73968e-06
-4.695319e-08,-3.9021e-06
-4.685319e-08,5.8272e-06
-4.675319e-08,1.8151e-05
-4.665319e-08,3.30692e-05
-4.655319e-08,4.99334e-05
-4.645319e-08,6.87434e-05
-4.635319e-08,8.8202e-05
-4.625319e-08,0.000107661
-4.615319e-08,0.000125822
-4.605319e-08,0.000141389
-4.595319e-08,0.000153713
-4.585319e-08,0.000162793
-4.575319e-08,0.000168631
-4.565319e-08,0.000171874
-4.555319e-08,0.000173171
-4.545319e-08,0.000171225
-4.535319e-08,0.000167334
-4.525319e-08,0.000160847
-4.515319e-08,0.000152415
-4.505319e-08,0.00014074
-4.495319e-08,0.000125822
-4.485319e-08,0.000108309
-4.475319e-08,8.69047e-05
-4.465319e-08,6.29058e-05
-4.455319e-08,3.63124e-05
-4.445319e-08,9.0703e-06
-4.435319e-08,-1.75231e-05
-4.425319e-08,-4.08734e-05
-4.415319e-08,-5.96834e-05
-4.405319e-08,-7.33045e-05
-4.395319e-08,-8.10879e-05
-4.385319e-08,-8.23851e-05
-4.375319e-08,-7.65476e-05
-4.365319e-08,-6.42238e-05
-4.355319e-08,-4.80083e-05
-4.345319e-08,-2.7901e-05
-4.335319e-08,-5.84796e-06
-4.325319e-08,1.75024e-05
-4.315319e-08,4.08527e-05
-4.305319e-08,6.4203e-05
-4.295319e-08,8.62561e-05
-4.285319e-08,0.000107012
-4.275319e-08,0.000126471
-4.265319e-08,0.000143983
-4.255319e-08,0.000158253
-4.245319e-08,0.000168631
-4.235319e-08,0.000175117
-4.225319e-08,0.000175766
-4.215319e-08,0.000169928
-4.205319e-08,0.000158902
-4.195319e-08,0.000143335
-4.185319e-08,0.000123876
-4.175319e-08,0.000101823
-4.165319e-08,7.97699e-05
-4.155319e-08,5.90141e-05
-4.145319e-08,4.08527e-05
-4.135319e-08,2.72317e-05
-4.125319e-08,1.8151e-05
-4.115319e-08,1.2962e-05
-4.105319e-08,1.10162e-05
-4.095319e-08,1.16648e-05
-4.085319e-08,1.36106e-05
-4.075319e-08,1.62051e-05
-4.065319e-08,1.68537e-05
-4.055319e-08,1.68537e-05
-4.045319e-08,1.49079e-05
-4.035319e-08,1.16648e-05
-4.025319e-08,8.42168e-06
-4.015319e-08,5.8272e-06
-4.005319e-08,3.23272e-06
-3.995319e-08,1.28686e-06
-3.985319e-08,-6.58998e-07
-3.975319e-08,-2.60486e-06
-3.965319e-08,-5.19934e-06
-3.955319e-08,-9.09106e-06
-3.945319e-08,-1.428e-05
-3.935319e-08,-2.01176e-05
-3.925319e-08,-2.7901e-05
-3.915319e-08,-3.56845e-05
-3.905319e-08,-4.34679e-05
-3.895319e-08,-4.93055e-05
-3.885319e-08,-5.25486e-05
-3.875319e-08,-5.31972e-05
-3.865319e-08,-5.12514e-05
-3.855319e-08,-4.6711e-05
-3.845319e-08,-3.95762e-05
-3.835319e-08,-3.24414e-05
-3.825319e-08,-2.53066e-05
-3.815319e-08,-1.9469e-05
-3.805319e-08,-1.68745e-05
-3.795319e-08,-1.68745e-05
-3.785319e-08,-2.07662e-05
-3.775319e-08,-2.66038e-05
-3.765319e-08,-3.43872e-05
-3.755319e-08,-4.34679e-05
-3.745319e-08,-5.19e-05
-3.735319e-08,-5.83862e-05
-3.725319e-08,-6.29265e-05
-3.715319e-08,-6.42238e-05
-3.705319e-08,-6.22779e-05
-3.695319e-08,-5.77376e-05
-3.685319e-08,-5.19e-05
-3.675319e-08,-4.54138e-05
-3.665319e-08,-3.89276e-05
-3.655319e-08,-3.24414e-05
-3.645319e-08,-2.66038e-05
-3.635319e-08,-2.20635e-05
-3.625319e-08,-1.88204e-05
-3.615319e-08,-1.62259e-05
-3.605319e-08,-1.55773e-05
-3.595319e-08,-1.62259e-05
-3.585319e-08,-1.88204e-05
-3.575319e-08,-2.20635e-05
-3.565319e-08,-2.59552e-05
-3.555319e-08,-3.17928e-05
-3.545319e-08,-3.8279e-05
-3.535319e-08,-4.54138e-05
-3.525319e-08,-5.38459e-05
-3.515319e-08,-6.16293e-05
-3.505319e-08,-6.87641e-05
-3.495319e-08,-7.33045e-05
-3.485319e-08,-7.65476e-05
-3.475319e-08,-7.78448e-05
-3.465319e-08,-7.65476e-05
-3.455319e-08,-7.20072e-05
-3.445319e-08,-6.48724e-05
-3.435319e-08,-5.57917e-05
-3.425319e-08,-4.28193e-05
-3.415319e-08,-2.72524e-05
-3.405319e-08,-8.44244e-06
-3.395319e-08,1.23134e-05
-3.385319e-08,3.43665e-05
-3.375319e-08,5.77168e-05
-3.365319e-08,8.10671e-05
-3.355319e-08,0.000102472
-3.345319e-08,0.00012193
-3.335319e-08,0.000138794
-3.325319e-08,0.000152415
-3.315319e-08,0.000161496
-3.305319e-08,0.000165388
-3.295319e-08,0.000164091
-3.285319e-08,0.000156956
-3.275319e-08,0.000144632
-3.265319e-08,0.000128416
-3.255319e-08,0.000109606
-3.245319e-08,8.94992e-05
-3.235319e-08,6.87434e-05
-3.225319e-08,4.66903e-05
-3.215319e-08,2.52858e-05
-3.205319e-08,3.23272e-06
-3.195319e-08,-2.01176e-05
-3.185319e-08,-4.34679e-05
-3.175319e-08,-6.68183e-05
-3.165319e-08,-9.08172e-05
-3.155319e-08,-0.000114816
-3.145319e-08,-0.000138166
-3.135319e-08,-0.000159571
-3.125319e-08,-0.000177084
-3.115319e-08,-0.000189407
-3.105319e-08,-0.000194596
-3.095319e-08,-0.000192651
-3.085319e-08,-0.000181624
-3.075319e-08,-0.000163463
-3.065319e-08,-0.000138166
-3.055319e-08,-0.000107681
-3.045319e-08,-7.52503e-05
-3.035319e-08,-4.28193e-05
-3.025319e-08,-1.29828e-05
-3.015319e-08,1.23134e-05
-3.005319e-08,3.11234e-05
-2.995319e-08,4.27986e-05
-2.985319e-08,4.66903e-05
-2.975319e-08,4.47444e-05
-2.965319e-08,3.82582e-05
-2.955319e-08,2.91775e-05
-2.945319e-08,2.07455e-05
-2.935319e-08,1.55565e-05
-2.925319e-08,1.49079e-05
-2.915319e-08,1.87996e-05
-2.905319e-08,2.85289e-05
-2.895319e-08,4.34472e-05
-2.885319e-08,6.22572e-05
-2.875319e-08,8.36616e-05
-2.865319e-08,0.000105066
-2.855319e-08,0.000125173
-2.845319e-08,0.000141389
-2.835319e-08,0.000151118
-2.825319e-08,0.00015501
-2.815319e-08,0.000152415
-2.805319e-08,0.000143983
-2.795319e-08,0.000129714
-2.785319e-08,0.000110904
-2.775319e-08,8.94992e-05
-2.765319e-08,6.74461e-05
-2.755319e-08,4.47444e-05
-2.745319e-08,2.46372e-05
-2.735319e-08,6.47582e-06
-2.725319e-08,-7.79382e-06
-2.715319e-08,-1.88204e-05
-2.705319e-08,-2.66038e-05
-2.695319e-08,-3.11441e-05
-2.685319e-08,-3.309e-05
-2.675319e-08,-3.43872e-05
-2.665319e-08,-3.56845e-05
-2.655319e-08,-3.76303e-05
-2.645319e-08,-4.28193e-05
-2.635319e-08,-5.06027e-05
-2.625319e-08,-6.16293e-05
-2.615319e-08,-7.58989e-05
-2.605319e-08,-9.34117e-05
-2.595319e-08,-0.00011287
-2.585319e-08,-0.000132329
-2.575319e-08,-0.000149193
-2.565319e-08,-0.000161517
-2.555319e-08,-0.000168652
-2.545319e-08,-0.0001693
-2.535319e-08,-0.000163463
-2.525319e-08,-0.000151787
-2.515319e-08,-0.000136221
-2.505319e-08,-0.000118059
-2.495319e-08,-9.92493e-05
-2.485319e-08,-8.10879e-05
-2.475319e-08,-6.5521e-05
-2.465319e-08,-5.31972e-05
-2.455319e-08,-4.54138e-05
-2.445319e-08,-4.08734e-05
-2.435319e-08,-3.95762e-05
-2.425319e-08,-3.95762e-05
-2.415319e-08,-4.08734e-05
-2.405319e-08,-4.02248e-05
-2.395319e-08,-3.89276e-05
-2.385319e-08,-3.63331e-05
-2.375319e-08,-3.24414e-05
-2.365319e-08,-2.7901e-05
-2.355319e-08,-2.40093e-05
-2.345319e-08,-2.07662e-05
-2.335319e-08,-1.9469e-05
-2.325319e-08,-2.01176e-05
-2.315319e-08,-2.27121e-05
-2.305319e-08,-2.72524e-05
-2.295319e-08,-3.11441e-05
-2.285319e-08,-3.43872e-05
-2.275319e-08,-3.63331e-05
-2.265319e-08,-3.56845e-05
-2.255319e-08,-3.24414e-05
-2.245319e-08,-2.66038e-05
-2.235319e-08,-1.9469e-05
-2.225319e-08,-1.10369e-05
-2.215319e-08,-3.25348e-06
-2.205319e-08,3.88134e-06
-2.195319e-08,9.71892e-06
-2.185319e-08,1.36106e-05
-2.175319e-08,1.62051e-05
-2.165319e-08,1.87996e-05
-2.155319e-08,2.20427e-05
-2.145319e-08,2.6583e-05
-2.135319e-08,3.30692e-05
-2.125319e-08,4.08527e-05
-2.115319e-08,5.0582e-05
-2.105319e-08,6.16085e-05
-2.095319e-08,7.39323e-05
-2.085319e-08,8.56075e-05
-2.075319e-08,9.59854e-05
-2.065319e-08,0.000105066
-2.055319e-08,0.00011285
-2.045319e-08,0.000119336
-2.035319e-08,0.000124525
-2.025319e-08,0.000128416
-2.015319e-08,0.000132308
-2.005319e-08,0.0001362
-1.995319e-08,0.000141389
-1.985319e-08,0.000147226
-1.975319e-08,0.000154361
-1.965319e-08,0.000161496
-1.955319e-08,0.000168631
-1.945319e-08,0.000173171
-1.935319e-08,0.000175117
-1.925319e-08,0.000173171
-1.915319e-08,0.000166685
-1.905319e-08,0.000155658
-1.895319e-08,0.000140092
-1.885319e-08,0.00012193
-1.875319e-08,0.000101174
-1.865319e-08,8.04185e-05
-1.855319e-08,6.03113e-05
-1.845319e-08,4.27986e-05
-1.835319e-08,2.78803e-05
-1.825319e-08,1.68537e-05
-1.815319e-08,1.03675e-05
-1.805319e-08,8.42168e-06
-1.795319e-08,1.03675e-05
-1.785319e-08,1.55565e-05
-1.775319e-08,2.20427e-05
-1.765319e-08,2.91775e-05
-1.755319e-08,3.50151e-05
-1.745319e-08,4.02041e-05
-1.735319e-08,4.27986e-05
-1.725319e-08,4.15013e-05
-1.715319e-08,3.6961e-05
-1.705319e-08,2.78803e-05
-1.695319e-08,1.49079e-05
-1.685319e-08,-1.30762e-06
-1.675319e-08,-2.07662e-05
-1.665319e-08,-4.15221e-05
-1.655319e-08,-6.35752e-05
-1.645319e-08,-8.56282e-05
-1.635319e-08,-0.000107033
-1.625319e-08,-0.00012714
-1.615319e-08,-0.000144004
-1.605319e-08,-0.000158274
-1.595319e-08,-0.000168652
-1.585319e-08,-0.000175786
-1.575319e-08,-0.000179678
-1.565319e-08,-0.000179678
-1.555319e-08,-0.000177084
-1.545319e-08,-0.000172543
-1.535319e-08,-0.000166706
-1.525319e-08,-0.000158922
-1.515319e-08,-0.000149842
-1.505319e-08,-0.000138815
-1.495319e-08,-0.000125843
-1.485319e-08,-0.000110276
-1.475319e-08,-9.34117e-05
-1.465319e-08,-7.46017e-05
-1.455319e-08,-5.44945e-05
-1.445319e-08,-3.50359e-05
-1.435319e-08,-1.68745e-05
-1.425319e-08,-6.58998e-07
-1.415319e-08,1.16648e-05
-1.405319e-08,2.00968e-05
-1.395319e-08,2.39886e-05
-1.385319e-08,2.33399e-05
-1.375319e-08,1.94482e-05
-1.365319e-08,1.16648e-05
-1.355319e-08,1.93548e-06
-1.345319e-08,-9.09106e-06
-1.335319e-08,-2.01176e-05
-1.325319e-08,-3.04955e-05
-1.315319e-08,-4.08734e-05
-1.305319e-08,-4.93055e-05
-1.295319e-08,-5.7089e-05
-1.285319e-08,-6.29265e-05
-1.275319e-08,-6.74669e-05
-1.265319e-08,-7.00614e-05
-1.255319e-08,-7.071e-05
-1.245319e-08,-6.94127e-05
-1.235319e-08,-6.5521e-05
-1.225319e-08,-6.03321e-05
-1.215319e-08,-5.25486e-05
-1.205319e-08,-4.21707e-05
-1.195319e-08,-2.98469e-05
-1.185319e-08,-1.68745e-05
-1.175319e-08,-4.55072e-06
-1.165319e-08,5.8272e-06
-1.155319e-08,1.42593e-05
-1.145319e-08,1.87996e-05
-1.135319e-08,2.07455e-05
-1.125319e-08,2.00968e-05
-1.115319e-08,1.68537e-05
-1.105319e-08,1.23134e-05
-1.095319e-08,7.77306e-06
-1.085319e-08,3.23272e-06
-1.075319e-08,-1.30762e-06
-1.065319e-08,-5.84796e-06
-1.055319e-08,-1.03883e-05
-1.045319e-08,-1.49286e-05
-1.035319e-08,-2.07662e-05
-1.025319e-08,-2.7901e-05
-1.015319e-08,-3.63331e-05
-1.005319e-08,-4.6711e-05
-9.953194e-09,-5.83862e-05
-9.853194e-09,-7.071e-05
-9.753194e-09,-8.23851e-05
-9.653194e-09,-9.21144e-05
-9.553194e-09,-9.98979e-05
-9.453194e-09,-0.000104438
-9.353194e-09,-0.000106384
-9.253194e-09,-0.000105087
-9.153194e-09,-0.000101195
-9.053194e-09,-9.53575e-05
-8.953194e-09,-8.69255e-05
-8.853194e-09,-7.71962e-05
-8.753194e-09,-6.5521e-05
-8.653194e-09,-5.19e-05
-8.553194e-09,-3.56845e-05
-8.453194e-09,-1.62259e-05
-8.353194e-09,5.17858e-06
-8.253194e-09,2.85289e-05
-8.153194e-09,5.51223e-05
-8.053194e-09,8.23644e-05
-7.953194e-09,0.000110255
-7.853194e-09,0.0001362
-7.753194e-09,0.000158902
-7.653194e-09,0.000175766
-7.553194e-09,0.000185495
-7.453194e-09,0.000188089
-7.353194e-09,0.000184198
-7.253194e-09,0.000175766
-7.153194e-09,0.000162793
-7.053194e-09,0.000147875
-6.953194e-09,0.000132957
-6.853194e-09,0.000119984
-6.753194e-09,0.000108309
-6.653194e-09,9.85799e-05
-6.553194e-09,9.07964e-05
-6.453194e-09,8.43102e-05
-6.353194e-09,7.84727e-05
-6.253194e-09,7.26351e-05
-6.153194e-09,6.74461e-05
-6.053194e-09,6.35544e-05
-5.953194e-09,6.16085e-05
-5.853194e-09,6.35544e-05
-5.753194e-09,7.00406e-05
-5.653194e-09,8.23644e-05
-5.553194e-09,9.98771e-05
-5.453194e-09,0.000121282
-5.353194e-09,0.000145929
-5.253194e-09,0.000170577
-5.153194e-09,0.000191981
-5.053194e-09,0.000207548
-4.953194e-09,0.000214034
-4.853194e-09,0.000210791
-4.753194e-09,0.000196522
-4.653194e-09,0.000172523
-4.553194e-09,0.000141389
-4.453194e-09,0.000105715
-4.353194e-09,6.87434e-05
-4.253194e-09,3.30692e-05
-4.153194e-09,1.93548e-06
-4.053194e-09,-2.27121e-05
-3.953194e-09,-4.08734e-05
-3.853194e-09,-5.25486e-05
-3.753194e-09,-5.96834e-05
-3.653194e-09,-6.48724e-05
-3.553194e-09,-7.00614e-05
-3.453194e-09,-7.78448e-05
-3.353194e-09,-8.82227e-05
-3.253194e-09,-0.000102492
-3.153194e-09,-0.000121302
-3.053194e-09,-0.000142058
-2.953194e-09,-0.000162814
-2.853194e-09,-0.000182921
-2.753194e-09,-0.000201083
-2.653194e-09,-0.00021665
-2.553194e-09,-0.000227676
-2.453194e-09,-0.000236757
-2.353194e-09,-0.000245189
-2.253194e-09,-0.000252972
-2.153194e-09,-0.000261404
-2.053194e-09,-0.000271782
-1.953194e-09,-0.000284755
-1.853194e-09,-0.000301619
-1.753194e-09,-0.000321077
-1.653194e-09,-0.000343779
-1.553194e-09,-0.000370372
-1.453194e-09,-0.000400209
-1.353194e-09,-0.00043264
-1.253194e-09,-0.000469611
-1.153194e-09,-0.00051242
-1.053194e-09,-0.000562364
-9.531938e-10,-0.00062074
-8.531938e-10,-0.000688845
-7.531938e-10,-0.000767977
-6.531938e-10,-0.000858783
-5.531938e-10,-0.000961265
-4.531938e-10,-0.00107607
-3.531938e-10,-0.00120061
-2.531938e-10,-0.00133422
-1.531938e-10,-0.00147368
-5.319384e-11,-0.00161832
4.680616e-11,-0.0017675
1.468062e-10,-0.00191928
2.468062e-10,-0.00207365
3.468062e-10,-0.00223062
4.468062e-10,-0.00238888
5.468062e-10,-0.00254779
6.468062e-10,-0.002708
7.468062e-10,-0.00286886
8.468062e-10,-0.00302907
9.468062e-10,-0.00318603
1.046806e-09,-0.00333781
1.146806e-09,-0.0034844
1.246806e-09,-0.00362255
1.346806e-09,-0.00375163
1.446806e-09,-0.00387033
1.546806e-09,-0.00397865
1.646806e-09,-0.00407594
1.746806e-09,-0.00416285
1.846806e-09,-0.00423939
1.946806e-09,-0.00430685
2.046806e-09,-0.00436652
2.146806e-09,-0.00441646
2.246806e-09,-0.00445733
2.346806e-09,-0.00448911
2.446806e-09,-0.00451181
2.546806e-09,-0.00452608
2.646806e-09,-0.00453127
2.746806e-09,-0.00452932
2.846806e-09,-0.00452154
2.946806e-09,-0.00450792
3.046806e-09,-0.00449041
3.146806e-09,-0.0044703
3.246806e-09,-0.0044476
3.346806e-09,-0.00442425
3.446806e-09,-0.0043996
3.546806e-09,-0.00437366
3.646806e-09,-0.00434512
3.746806e-09,-0.00431333
3.846806e-09,-0.00427701
3.946806e-09,-0.0042368
4.046806e-09,-0.00419204
4.146806e-09,-0.0041434
4.246806e-09,-0.00409151
4.346806e-09,-0.00403702
4.446806e-09,-0.00398124
4.546806e-09,-0.00392416
4.646806e-09,-0.00386708
4.746806e-09,-0.00380936
4.846806e-09,-0.00375163
4.946806e-09,-0.00369455
5.046806e-09,-0.00363747
5.146806e-09,-0.00358039
5.246806e-09,-0.00352332
5.346806e-09,-0.00346753
5.446806e-09,-0.0034124
5.546806e-09,-0.00335857
5.646806e-09,-0.00330797
5.746806e-09,-0.00326127
5.846806e-09,-0.00321846
5.946806e-09,-0.00318084
6.046806e-09,-0.00314712
6.146806e-09,-0.00311728
6.246806e-09,-0.00308874
6.346806e-09,-0.00306085
6.446806e-09,-0.00303036
6.546806e-09,-0.00299664
6.646806e-09,-0.00295837
6.746806e-09,-0.00291491
6.846806e-09,-0.00286561
6.946806e-09,-0.00281178
7.046806e-09,-0.00275405
7.146806e-09,-0.00269503
7.246806e-09,-0.00263535
7.346806e-09,-0.00257828
7.446806e-09,-0.00252379
7.546806e-09,-0.0024732
7.646806e-09,-0.00242715
7.746806e-09,-0.00238369
7.846806e-09,-0.00234347
7.946806e-09,-0.00230391
8.046806e-09,-0.00226369
8.146806e-09,-0.00222218
8.246806e-09,-0.00217678
8.346806e-09,-0.00212748
8.446806e-09,-0.0020743
8.546806e-09,-0.00201592
8.646806e-09,-0.0019543
8.746806e-09,-0.00189139
8.846806e-09,-0.00182782
8.946806e-09,-0.00176555
9.046806e-09,-0.00170653
9.146806e-09,-0.0016514
9.246806e-09,-0.0016008
9.346806e-09,-0.00155605
9.446806e-09,-0.00151648
9.546806e-09,-0.00148211
9.646806e-09,-0.00145162
9.746806e-09,-0.00142503
9.846806e-09,-0.00140103
9.946806e-09,-0.00137963
1.004681e-08,-0.00135952
1.014681e-08,-0.00133941
1.024681e-08,-0.0013193
1.034681e-08,-0.0012992
1.044681e-08,-0.00127909
1.054681e-08,-0.00125833
1.064681e-08,-0.00123758
1.074681e-08,-0.00121812
1.084681e-08,-0.00119996
1.094681e-08,-0.00118504
1.104681e-08,-0.00117401
1.114681e-08,-0.00116688
1.124681e-08,-0.00116558
1.134681e-08,-0.00117012
1.144681e-08,-0.00117985
1.154681e-08,-0.00119412
1.164681e-08,-0.00121163
1.174681e-08,-0.00123044
1.184681e-08,-0.0012486
1.194681e-08,-0.00126482
1.204681e-08,-0.00127779
1.214681e-08,-0.00128493
1.224681e-08,-0.00128687
1.234681e-08,-0.00128428
1.244681e-08,-0.00127844
1.254681e-08,-0.00126936
1.264681e-08,-0.00125833
1.274681e-08,-0.00124796
1.284681e-08,-0.00123952
1.294681e-08,-0.00123433
1.304681e-08,-0.00123109
1.314681e-08,-0.00123174
1.324681e-08,-0.00123563
1.334681e-08,-0.00124147
1.344681e-08,-0.00124796
1.354681e-08,-0.00125379
1.364681e-08,-0.00125898
1.374681e-08,-0.00126093
1.384681e-08,-0.00125898
1.394681e-08,-0.00125185
1.404681e-08,-0.00123952
1.414681e-08,-0.00122071
1.424681e-08,-0.00119542
1.434681e-08,-0.00116428
1.444681e-08,-0.00112666
1.454681e-08,-0.0010845
1.464681e-08,-0.00103845
1.474681e-08,-0.000991102
1.484681e-08,-0.000944401
1.494681e-08,-0.000900295
1.504681e-08,-0.000861378
1.514681e-08,-0.00082765
1.524681e-08,-0.000801705
1.534681e-08,-0.000783544
1.544681e-08,-0.000771868
1.554681e-08,-0.000767328
1.564681e-08,-0.000768625
1.574681e-08,-0.000772517
1.584681e-08,-0.000778355
1.594681e-08,-0.000784192
1.604681e-08,-0.000788732
1.614681e-08,-0.000790678
1.624681e-08,-0.000790678
1.634681e-08,-0.000788084
1.644681e-08,-0.000783544
1.654681e-08,-0.000777057
1.664681e-08,-0.000769922
1.674681e-08,-0.000762139
1.684681e-08,-0.000753707
1.694681e-08,-0.000744626
1.704681e-08,-0.000734248
1.714681e-08,-0.000721925
1.724681e-08,-0.000708304
1.734681e-08,-0.000692737
1.744681e-08,-0.000674575
1.754681e-08,-0.000655117
1.764681e-08,-0.000633712
1.774681e-08,-0.000611659
1.784681e-08,-0.000589606
1.794681e-08,-0.000568202
1.804681e-08,-0.000548743
1.814681e-08,-0.00053123
1.824681e-08,-0.000515663
1.834681e-08,-0.00050334
1.844681e-08,-0.00049361
1.854681e-08,-0.000487124
1.864681e-08,-0.000482584
1.874681e-08,-0.000479989
1.884681e-08,-0.000479341
1.894681e-08,-0.000479989
1.904681e-08,-0.000481935
1.914681e-08,-0.000485827
1.924681e-08,-0.000491016
1.934681e-08,-0.000497502
1.944681e-08,-0.000503988
1.954681e-08,-0.000511772
1.964681e-08,-0.000520204
1.974681e-08,-0.000529933
1.984681e-08,-0.000539014
1.994681e-08,-0.000547446
2.004681e-08,-0.000554581
2.014681e-08,-0.00055977
2.024681e-08,-0.000561715
2.034681e-08,-0.000561067
2.044681e-08,-0.000557175
2.054681e-08,-0.000548743
2.064681e-08,-0.000536419
2.074681e-08,-0.000520852
2.084681e-08,-0.000501394
2.094681e-08,-0.000480638
2.104681e-08,-0.000457288
2.114681e-08,-0.000433289
2.124681e-08,-0.000409938
2.134681e-08,-0.000387237
2.144681e-08,-0.000367129
2.154681e-08,-0.000349617
2.164681e-08,-0.000334698
2.174681e-08,-0.000323023
2.184681e-08,-0.000313294
2.194681e-08,-0.00030551
2.204681e-08,-0.00030097
2.214681e-08,-0.000298376
2.224681e-08,-0.00029643
2.234681e-08,-0.000295133
2.244681e-08,-0.000293835
2.254681e-08,-0.000291889
2.264681e-08,-0.000289295
2.274681e-08,-0.000286052
2.284681e-08,-0.000282809
2.294681e-08,-0.000280214
2.304681e-08,-0.000278268
2.314681e-08,-0.00027762
2.324681e-08,-0.00027762
2.334681e-08,-0.000279566
2.344681e-08,-0.000281512
2.354681e-08,-0.000283457
2.364681e-08,-0.000286052
2.374681e-08,-0.000287998
2.384681e-08,-0.000289295
2.394681e-08,-0.000289944
2.404681e-08,-0.000290592
2.414681e-08,-0.000291889
2.424681e-08,-0.000294484
2.434681e-08,-0.000299673
2.444681e-08,-0.000309402
2.454681e-08,-0.000323023
2.464681e-08,-0.000339887
2.474681e-08,-0.000358697
2.484681e-08,-0.000380102
2.494681e-08,-0.000400858
2.504681e-08,-0.000420316
2.514681e-08,-0.000435883
2.524681e-08,-0.000448207
2.534681e-08,-0.000455342
2.544681e-08,-0.000457288
2.554681e-08,-0.000454693
2.564681e-08,-0.000447558
2.574681e-08,-0.000438478
2.584681e-08,-0.000427451
2.594681e-08,-0.000416425
2.604681e-08,-0.000406695
2.614681e-08,-0.000397615
2.624681e-08,-0.000391128
2.634681e-08,-0.000385939
2.644681e-08,-0.000382696
2.654681e-08,-0.000381399
2.664681e-08,-0.000379453
2.674681e-08,-0.000378156
2.684681e-08,-0.00037621
2.694681e-08,-0.000374913
2.704681e-08,-0.00037167
2.714681e-08,-0.000368427
2.724681e-08,-0.000363238
2.734681e-08,-0.0003574
2.744681e-08,-0.000350265
2.754681e-08,-0.000341185
2.764681e-08,-0.000331455
2.774681e-08,-0.000321077
2.784681e-08,-0.000310699
2.794681e-08,-0.00030097
2.804681e-08,-0.000293835
2.814681e-08,-0.000289295
2.824681e-08,-0.000289295
2.834681e-08,-0.000293835
2.844681e-08,-0.000302916
2.854681e-08,-0.000315888
2.864681e-08,-0.000331455
2.874681e-08,-0.000349617
2.884681e-08,-0.000368427
2.894681e-08,-0.000385939
2.904681e-08,-0.000401506
2.914681e-08,-0.00041383
2.924681e-08,-0.000422262
2.934681e-08,-0.000426802
2.944681e-08,-0.0004281
2.954681e-08,-0.0004281
2.964681e-08,-0.000426802
2.974681e-08,-0.000424208
2.984681e-08,-0.000422262
2.994681e-08,-0.000420316
3.004681e-08,-0.000419668
3.014681e-08,-0.000420316
3.024681e-08,-0.000420965
3.034681e-08,-0.000421613
3.044681e-08,-0.000422262
3.054681e-08,-0.000422262
3.064681e-08,-0.000420316
3.074681e-08,-0.000417722
3.084681e-08,-0.00041383
3.094681e-08,-0.000408641
3.104681e-08,-0.000401506
3.114681e-08,-0.000393723
3.124681e-08,-0.000384642
3.134681e-08,-0.000373616
3.144681e-08,-0.000361292
3.154681e-08,-0.000347022
3.164681e-08,-0.000330807
3.174681e-08,-0.000313943
3.184681e-08,-0.000295781
3.194681e-08,-0.00027762
3.204681e-08,-0.000262053
3.214681e-08,-0.000249729
3.224681e-08,-0.000241946
3.234681e-08,-0.00024
3.244681e-08,-0.000245837
3.254681e-08,-0.00025881
3.264681e-08,-0.000279566
3.274681e-08,-0.000306159
3.284681e-08,-0.000337293
3.294681e-08,-0.000369724
3.304681e-08,-0.000400858
3.314681e-08,-0.0004281
3.324681e-08,-0.000448207
3.334681e-08,-0.000459882
3.344681e-08,-0.000461828
3.354681e-08,-0.000453396
3.364681e-08,-0.000435883
3.374681e-08,-0.00040929
3.384681e-08,-0.000377507
3.394681e-08,-0.000343779
3.404681e-08,-0.000310051
3.414681e-08,-0.000279566
3.424681e-08,-0.000253621
3.434681e-08,-0.000234811
3.444681e-08,-0.000223136
3.454681e-08,-0.000219244
3.464681e-08,-0.000223136
3.474681e-08,-0.000233514
3.484681e-08,-0.000249729
3.494681e-08,-0.000269836
3.504681e-08,-0.000293835
3.514681e-08,-0.00031978
3.524681e-08,-0.000347671
3.534681e-08,-0.000376859
3.544681e-08,-0.000406695
3.554681e-08,-0.00043718
3.564681e-08,-0.000467017
3.574681e-08,-0.000495556
3.584681e-08,-0.00052215
3.594681e-08,-0.0005455
3.604681e-08,-0.000564959
3.614681e-08,-0.000579228
3.624681e-08,-0.000587012
3.634681e-08,-0.00058766
3.644681e-08,-0.000582471
3.654681e-08,-0.000571445
3.664681e-08,-0.000553932
3.674681e-08,-0.000532528
3.684681e-08,-0.00050788
3.694681e-08,-0.000481287
3.704681e-08,-0.000454044
3.714681e-08,-0.000427451
3.724681e-08,-0.000402803
3.734681e-08,-0.000380102
3.744681e-08,-0.000359346
3.754681e-08,-0.000341185
3.764681e-08,-0.000326266
3.774681e-08,-0.00031524
3.784681e-08,-0.000306159
3.794681e-08,-0.00030097
3.804681e-08,-0.000297727
3.814681e-08,-0.00029643
3.824681e-08,-0.00029643
3.834681e-08,-0.000297727
3.844681e-08,-0.000299024
3.854681e-08,-0.000300322
3.864681e-08,-0.000300322
3.874681e-08,-0.000299673
3.884681e-08,-0.000297727
3.894681e-08,-0.000293835
3.904681e-08,-0.000287998
3.914681e-08,-0.000281512
3.924681e-08,-0.000273728
3.934681e-08,-0.000265296
3.944681e-08,-0.000255567
3.954681e-08,-0.000243892
3.964681e-08,-0.000230919
3.974681e-08,-0.00021665
3.984681e-08,-0.000201731
3.994681e-08,-0.000184867
4.004681e-08,-0.000168652
4.014681e-08,-0.000154382
4.024681e-08,-0.000142058
4.034681e-08,-0.000132329
4.044681e-08,-0.000125843
4.054681e-08,-0.000125194
4.064681e-08,-0.000129734
4.074681e-08,-0.000140112
4.084681e-08,-0.000155679
4.094681e-08,-0.000177084
4.104681e-08,-0.000201731
4.114681e-08,-0.000228973
4.124681e-08,-0.000256864
4.134681e-08,-0.000284106
4.144681e-08,-0.000307456
4.154681e-08,-0.000326266
4.164681e-08,-0.000339239
4.174681e-08,-0.000345076
4.184681e-08,-0.000344428
4.194681e-08,-0.000337293
4.204681e-08,-0.00032432
4.214681e-08,-0.000308105
4.224681e-08,-0.000289295
4.234681e-08,-0.000269836
4.244681e-08,-0.000252324
4.254681e-08,-0.000238703
4.264681e-08,-0.000228973
4.274681e-08,-0.000225082
4.284681e-08,-0.00022573
4.294681e-08,-0.000230271
4.304681e-08,-0.000238703
4.314681e-08,-0.000249081
4.324681e-08,-0.000260107
4.334681e-08,-0.000270485
4.344681e-08,-0.000280214
4.354681e-08,-0.000287998
4.364681e-08,-0.000294484
4.374681e-08,-0.000299024
4.384681e-08,-0.000301619
4.394681e-08,-0.000304213
4.404681e-08,-0.000306159
4.414681e-08,-0.000306808
4.424681e-08,-0.000306159
4.434681e-08,-0.000303565
4.444681e-08,-0.000298376
4.454681e-08,-0.000289295
4.464681e-08,-0.000275025
4.474681e-08,-0.000256215
4.484681e-08,-0.000232865
4.494681e-08,-0.000206272
4.504681e-08,-0.000177084
4.514681e-08,-0.000149193
4.524681e-08,-0.000123248
4.534681e-08,-0.000101844
4.544681e-08,-8.62769e-05
4.554681e-08,-7.84934e-05
4.564681e-08,-7.9142e-05
4.574681e-08,-8.952e-05
4.584681e-08,-0.000106384
4.594681e-08,-0.000129734
4.604681e-08,-0.000156976
4.614681e-08,-0.000186813
4.624681e-08,-0.000215352
4.634681e-08,-0.000240648
4.644681e-08,-0.000262053
4.654681e-08,-0.000278268
4.664681e-08,-0.000289295
4.674681e-08,-0.000294484
4.684681e-08,-0.000293835
4.694681e-08,-0.000289295
4.704681e-08,-0.000280863
4.714681e-08,-0.000270485
4.724681e-08,-0.000259458
4.734681e-08,-0.000247135
4.744681e-08,-0.000234811
4.754681e-08,-0.00022119
4.764681e-08,-0.000208866
4.774681e-08,-0.000196542
4.784681e-08,-0.000184219
4.794681e-08,-0.000172543
4.804681e-08,-0.000162165
4.814681e-08,-0.000153733
4.824681e-08,-0.000147247
4.834681e-08,-0.000142058
4.844681e-08,-0.000139464
4.854681e-08,-0.000140112
4.864681e-08,-0.000143355
4.874681e-08,-0.000147247
4.884681e-08,-0.000151787
4.894681e-08,-0.000157625
4.904681e-08,-0.000163463
4.914681e-08,-0.000168652
4.924681e-08,-0.000173841
4.934681e-08,-0.000177732
4.944681e-08,-0.000181624
4.954681e-08,-0.000185516
4.964681e-08,-0.000189407
4.974681e-08,-0.000193299
4.984681e-08,-0.000195894
4.994681e-08,-0.000196542
5.004681e-08,-0.000196542
5.014681e-08,-0.000195894
5.024681e-08,-0.000192651
5.034681e-08,-0.00018811
5.044681e-08,-0.000181624
5.054681e-08,-0.000174489
5.064681e-08,-0.000166706
5.074681e-08,-0.000158274
5.084681e-08,-0.000149842
5.094681e-08,-0.000142058
5.104681e-08,-0.000134275
5.114681e-08,-0.00012714
5.124681e-08,-0.000121302
5.134681e-08,-0.000116113
5.144681e-08,-0.000112222
5.154681e-08,-0.000110276
5.164681e-08,-0.000109627
5.174681e-08,-0.000110924
5.184681e-08,-0.000114816
5.194681e-08,-0.000120005
5.204681e-08,-0.000126491
5.214681e-08,-0.000132978
5.224681e-08,-0.000137518
5.234681e-08,-0.000139464
5.244681e-08,-0.000137518
5.254681e-08,-0.000131032
5.264681e-08,-0.000118708
5.274681e-08,-0.000101195
5.284681e-08,-7.84934e-05
5.294681e-08,-5.25486e-05
5.304681e-08,-2.40093e-05
5.314681e-08,5.17858e-06
5.324681e-08,3.24206e-05
5.334681e-08,5.5771e-05
5.344681e-08,7.52296e-05
5.354681e-08,8.8202e-05
5.364681e-08,9.59854e-05
5.374681e-08,9.79313e-05
5.384681e-08,9.46882e-05
5.394681e-08,8.75533e-05
5.404681e-08,7.58782e-05
5.414681e-08,6.03113e-05
5.424681e-08,4.21499e-05
5.434681e-08,2.13941e-05
5.444681e-08,-1.30762e-06
5.454681e-08,-2.59552e-05
5.464681e-08,-5.06027e-05
5.474681e-08,-7.58989e-05
5.484681e-08,-0.000101195
5.494681e-08,-0.000124545
5.504681e-08,-0.000145301
5.514681e-08,-0.000164111
5.524681e-08,-0.00017903
5.534681e-08,-0.000189407
5.544681e-08,-0.000196542
5.554681e-08,-0.000199785
5.564681e-08,-0.000201083
5.574681e-08,-0.000201083
5.584681e-08,-0.000200434
5.594681e-08,-0.000199785
5.604681e-08,-0.000200434
5.614681e-08,-0.000201731
5.624681e-08,-0.000203677
5.634681e-08,-0.000205623
5.644681e-08,-0.000207569
5.654681e-08,-0.000210163
5.664681e-08,-0.000210812
5.674681e-08,-0.000210163
5.684681e-08,-0.000207569
5.694681e-08,-0.000203028
5.704681e-08,-0.000197191
5.714681e-08,-0.000190705
5.724681e-08,-0.000182921
5.734681e-08,-0.000175138
5.744681e-08,-0.000167354
5.754681e-08,-0.000158922
5.764681e-08,-0.00015049
5.774681e-08,-0.00014141
5.784681e-08,-0.000131032
5.794681e-08,-0.000119356
5.804681e-08,-0.000107033
5.814681e-08,-9.40603e-05
5.824681e-08,-7.97907e-05
5.834681e-08,-6.48724e-05
5.844681e-08,-4.99541e-05
5.854681e-08,-3.56845e-05
5.864681e-08,-2.20635e-05
5.874681e-08,-9.73968e-06
5.884681e-08,1.93548e-06
5.894681e-08,1.23134e-05
5.904681e-08,2.33399e-05
5.914681e-08,3.43665e-05
5.924681e-08,4.60417e-05
5.934681e-08,5.77168e-05
5.944681e-08,7.13378e-05
5.954681e-08,8.49589e-05
5.964681e-08,9.79313e-05
5.974681e-08,0.000109606
5.984681e-08,0.000118687
5.994681e-08,0.000124525
6.004681e-08,0.000125822
6.014681e-08,0.000122579
6.024681e-08,0.000114795
6.034681e-08,0.000102472
6.044681e-08,8.69047e-05
6.054681e-08,7.00406e-05
6.064681e-08,5.18792e-05
6.074681e-08,3.37179e-05
6.084681e-08,1.68537e-05
6.094681e-08,3.23272e-06
6.104681e-08,-7.79382e-06
6.114681e-08,-1.62259e-05
6.124681e-08,-2.33607e-05
6.134681e-08,-2.85497e-05
6.144681e-08,-3.24414e-05
6.154681e-08,-3.63331e-05
6.164681e-08,-4.02248e-05
6.174681e-08,-4.47652e-05
6.184681e-08,-5.06027e-05
6.194681e-08,-5.7089e-05
6.204681e-08,-6.29265e-05
6.214681e-08,-6.74669e-05
6.224681e-08,-7.071e-05
6.234681e-08,-7.20072e-05
6.244681e-08,-7.00614e-05
6.254681e-08,-6.48724e-05
6.264681e-08,-5.64403e-05
6.274681e-08,-4.6711e-05
6.284681e-08,-3.56845e-05
6.294681e-08,-2.40093e-05
6.304681e-08,-1.36314e-05
6.314681e-08,-4.55072e-06
6.324681e-08,1.28686e-06
6.334681e-08,5.17858e-06
6.344681e-08,5.17858e-06
6.354681e-08,2.5841e-06
6.364681e-08,-1.95624e-06
6.374681e-08,-9.09106e-06
6.384681e-08,-1.68745e-05
6.394681e-08,-2.53066e-05
6.404681e-08,-3.37386e-05
6.414681e-08,-4.02248e-05
6.424681e-08,-4.54138e-05
6.434681e-08,-4.93055e-05
6.444681e-08,-5.12514e-05
6.454681e-08,-5.12514e-05
6.464681e-08,-5.06027e-05
6.474681e-08,-4.86569e-05
6.484681e-08,-4.6711e-05
6.494681e-08,-4.47652e-05
6.504681e-08,-4.28193e-05
6.514681e-08,-4.28193e-05
6.524681e-08,-4.34679e-05
6.534681e-08,-4.54138e-05
6.544681e-08,-4.73596e-05
6.554681e-08,-4.99541e-05
6.564681e-08,-5.38459e-05
6.574681e-08,-5.77376e-05
6.584681e-08,-6.29265e-05
6.594681e-08,-6.74669e-05
6.604681e-08,-7.26558e-05
6.614681e-08,-7.71962e-05
6.624681e-08,-8.04393e-05
6.634681e-08,-8.23851e-05
6.644681e-08,-8.30338e-05
6.654681e-08,-8.23851e-05
6.664681e-08,-7.97907e-05
6.674681e-08,-7.46017e-05
6.684681e-08,-6.61696e-05
6.694681e-08,-5.57917e-05
6.704681e-08,-4.15221e-05
6.714681e-08,-2.46579e-05
6.724681e-08,-5.84796e-06
6.734681e-08,1.42593e-05
6.744681e-08,3.50151e-05
6.754681e-08,5.51223e-05
6.764681e-08,7.39323e-05
6.774681e-08,9.01478e-05
6.784681e-08,0.000103769
6.794681e-08,0.000114795
6.804681e-08,0.000122579
6.814681e-08,0.000127119
6.824681e-08,0.000128416
6.834681e-08,0.000127768
6.844681e-08,0.000125822
6.854681e-08,0.000122579
6.864681e-08,0.000119984
6.874681e-08,0.000116741
6.884681e-08,0.000113498
6.894681e-08,0.000110255
6.904681e-08,0.000107661
6.914681e-08,0.000105715
6.924681e-08,0.000103769
6.934681e-08,0.000102472
6.944681e-08,0.000101174
6.954681e-08,9.92285e-05
6.964681e-08,9.59854e-05
6.974681e-08,9.07964e-05
6.984681e-08,8.43102e-05
6.994681e-08,7.45809e-05
7.004681e-08,6.22572e-05
7.014681e-08,4.60417e-05
7.024681e-08,2.78803e-05
7.034681e-08,7.12444e-06
7.044681e-08,-1.49286e-05
7.054681e-08,-3.8279e-05
7.064681e-08,-6.22779e-05
7.074681e-08,-8.56282e-05
7.084681e-08,-0.000107681
7.094681e-08,-0.000127789
7.104681e-08,-0.000144653
7.114681e-08,-0.000158274
7.124681e-08,-0.000168652
7.134681e-08,-0.000175138
7.144681e-08,-0.000177732
7.154681e-08,-0.000177084
7.164681e-08,-0.000173841
7.174681e-08,-0.000168003
7.184681e-08,-0.000159571
7.194681e-08,-0.00015049
7.204681e-08,-0.000140112
7.214681e-08,-0.000130383
7.224681e-08,-0.000120005
7.234681e-08,-0.000110276
7.244681e-08,-0.000100547
7.254681e-08,-9.08172e-05
7.264681e-08,-8.23851e-05
7.274681e-08,-7.46017e-05
7.284681e-08,-6.87641e-05
7.294681e-08,-6.48724e-05
7.304681e-08,-6.29265e-05
7.314681e-08,-6.48724e-05
7.324681e-08,-7.071e-05
7.334681e-08,-7.97907e-05
7.344681e-08,-9.27631e-05
7.354681e-08,-0.000108979
7.364681e-08,-0.000128437
7.374681e-08,-0.000148544
7.384681e-08,-0.000168003
7.394681e-08,-0.000185516
7.404681e-08,-0.000199137
7.414681e-08,-0.000208866
7.424681e-08,-0.000212758
7.434681e-08,-0.000212109
7.444681e-08,-0.000208217
7.454681e-08,-0.000201083
7.464681e-08,-0.000192651
7.474681e-08,-0.00018357
7.484681e-08,-0.000175138
7.494681e-08,-0.000168652
7.504681e-08,-0.000162165
7.514681e-08,-0.000156976
7.524681e-08,-0.000152436
7.534681e-08,-0.000147896
7.544681e-08,-0.000142058
7.554681e-08,-0.000135572
7.564681e-08,-0.000127789
7.574681e-08,-0.000119356
7.584681e-08,-0.000108979
7.594681e-08,-9.92493e-05
7.604681e-08,-9.01686e-05
7.614681e-08,-8.10879e-05
7.624681e-08,-7.20072e-05
7.634681e-08,-6.16293e-05
7.644681e-08,-4.99541e-05
7.654681e-08,-3.56845e-05
7.664681e-08,-1.88204e-05
7.674681e-08,2.5841e-06
7.684681e-08,2.6583e-05
7.694681e-08,5.38251e-05
7.704681e-08,8.3013e-05
7.714681e-08,0.000112201
7.724681e-08,0.000138794
