LECROYWaveRunner‘N,20113,Waveform
Segments,1,SegmentSize,2002
Segment,TrigTime,TimeSinceSegment1
#1,28-Sep-2018 13:20:42,0                 
Time,Ampl
-1.228311e-07,0.000326246
-1.227311e-07,0.000311976
-1.226311e-07,0.000291869
-1.225311e-07,0.000266573
-1.224311e-07,0.000238682
-1.223311e-07,0.000208845
-1.222311e-07,0.000179657
-1.221311e-07,0.000153064
-1.220311e-07,0.000130362
-1.219311e-07,0.000110904
-1.218311e-07,9.46882e-05
-1.217311e-07,8.10671e-05
-1.216311e-07,6.87434e-05
-1.215311e-07,5.5771e-05
-1.214311e-07,4.21499e-05
-1.213311e-07,2.78803e-05
-1.212311e-07,1.10162e-05
-1.211311e-07,-7.1452e-06
-1.210311e-07,-2.59552e-05
-1.209311e-07,-4.34679e-05
-1.208311e-07,-5.90348e-05
-1.207311e-07,-7.13586e-05
-1.206311e-07,-7.9142e-05
-1.205311e-07,-8.17365e-05
-1.204311e-07,-7.9142e-05
-1.203311e-07,-7.20072e-05
-1.202311e-07,-6.29265e-05
-1.201311e-07,-5.12514e-05
-1.200311e-07,-3.95762e-05
-1.199311e-07,-2.72524e-05
-1.198311e-07,-1.68745e-05
-1.197311e-07,-6.49658e-06
-1.196311e-07,2.5841e-06
-1.195311e-07,1.10162e-05
-1.194311e-07,1.94482e-05
-1.193311e-07,2.85289e-05
-1.192311e-07,3.76096e-05
-1.191311e-07,4.66903e-05
-1.190311e-07,5.51223e-05
-1.189311e-07,6.29058e-05
-1.188311e-07,6.9392e-05
-1.187311e-07,7.26351e-05
-1.186311e-07,7.32837e-05
-1.185311e-07,7.13378e-05
-1.184311e-07,6.74461e-05
-1.183311e-07,6.22572e-05
-1.182311e-07,5.64196e-05
-1.181311e-07,5.18792e-05
-1.180311e-07,4.92848e-05
-1.179311e-07,4.86361e-05
-1.178311e-07,5.0582e-05
-1.177311e-07,5.38251e-05
-1.176311e-07,5.90141e-05
-1.175311e-07,6.4203e-05
-1.174311e-07,6.80947e-05
-1.173311e-07,7.13378e-05
-1.172311e-07,7.19865e-05
-1.171311e-07,7.19865e-05
-1.170311e-07,7.00406e-05
-1.169311e-07,6.74461e-05
-1.168311e-07,6.4203e-05
-1.167311e-07,6.03113e-05
-1.166311e-07,5.64196e-05
-1.165311e-07,5.25279e-05
-1.164311e-07,4.86361e-05
-1.163311e-07,4.47444e-05
-1.162311e-07,3.95555e-05
-1.161311e-07,3.43665e-05
-1.160311e-07,2.78803e-05
-1.159311e-07,2.00968e-05
-1.158311e-07,1.23134e-05
-1.157311e-07,3.88134e-06
-1.156311e-07,-3.25348e-06
-1.155311e-07,-1.03883e-05
-1.154311e-07,-1.62259e-05
-1.153311e-07,-2.14148e-05
-1.152311e-07,-2.53066e-05
-1.151311e-07,-2.85497e-05
-1.150311e-07,-3.17928e-05
-1.149311e-07,-3.43872e-05
-1.148311e-07,-3.69817e-05
-1.147311e-07,-3.89276e-05
-1.146311e-07,-3.89276e-05
-1.145311e-07,-3.69817e-05
-1.144311e-07,-3.24414e-05
-1.143311e-07,-2.59552e-05
-1.142311e-07,-1.68745e-05
-1.141311e-07,-5.19934e-06
-1.140311e-07,7.77306e-06
-1.139311e-07,2.07455e-05
-1.138311e-07,3.11234e-05
-1.137311e-07,3.82582e-05
-1.136311e-07,4.15013e-05
-1.135311e-07,3.89068e-05
-1.134311e-07,3.11234e-05
-1.133311e-07,1.75024e-05
-1.132311e-07,-1.03779e-08
-1.131311e-07,-1.9469e-05
-1.130311e-07,-4.02248e-05
-1.129311e-07,-5.90348e-05
-1.128311e-07,-7.52503e-05
-1.127311e-07,-8.75741e-05
-1.126311e-07,-9.53575e-05
-1.125311e-07,-9.66548e-05
-1.124311e-07,-9.27631e-05
-1.123311e-07,-8.49796e-05
-1.122311e-07,-7.33045e-05
-1.121311e-07,-5.90348e-05
-1.120311e-07,-4.28193e-05
-1.119311e-07,-2.59552e-05
-1.118311e-07,-9.09106e-06
-1.117311e-07,6.47582e-06
-1.116311e-07,2.07455e-05
-1.115311e-07,3.24206e-05
-1.114311e-07,4.08527e-05
-1.113311e-07,4.5393e-05
-1.112311e-07,4.66903e-05
-1.111311e-07,4.34472e-05
-1.110311e-07,3.63124e-05
-1.109311e-07,2.52858e-05
-1.108311e-07,1.23134e-05
-1.107311e-07,-2.60486e-06
-1.106311e-07,-1.62259e-05
-1.105311e-07,-2.66038e-05
-1.104311e-07,-3.24414e-05
-1.103311e-07,-3.11441e-05
-1.102311e-07,-2.27121e-05
-1.101311e-07,-5.19934e-06
-1.100311e-07,2.00968e-05
-1.099311e-07,5.12306e-05
-1.098311e-07,8.69047e-05
-1.097311e-07,0.000123876
-1.096311e-07,0.00015955
-1.095311e-07,0.000191981
-1.094311e-07,0.000217926
-1.093311e-07,0.000236736
-1.092311e-07,0.000246465
-1.091311e-07,0.000247763
-1.090311e-07,0.000241276
-1.089311e-07,0.000228304
-1.088311e-07,0.000210143
-1.087311e-07,0.000188089
-1.086311e-07,0.000164091
-1.085311e-07,0.000138794
-1.084311e-07,0.000114795
-1.083311e-07,9.20937e-05
-1.082311e-07,7.06892e-05
-1.081311e-07,5.18792e-05
-1.080311e-07,3.56637e-05
-1.079311e-07,2.07455e-05
-1.078311e-07,8.42168e-06
-1.077311e-07,-3.25348e-06
-1.076311e-07,-1.16855e-05
-1.075311e-07,-1.88204e-05
-1.074311e-07,-2.33607e-05
-1.073311e-07,-2.53066e-05
-1.072311e-07,-2.59552e-05
-1.071311e-07,-2.46579e-05
-1.070311e-07,-2.14148e-05
-1.069311e-07,-1.68745e-05
-1.068311e-07,-1.10369e-05
-1.067311e-07,-3.9021e-06
-1.066311e-07,4.52996e-06
-1.065311e-07,1.42593e-05
-1.064311e-07,2.39886e-05
-1.063311e-07,3.43665e-05
-1.062311e-07,4.5393e-05
-1.061311e-07,5.64196e-05
-1.060311e-07,6.80947e-05
-1.059311e-07,7.97699e-05
-1.058311e-07,8.94992e-05
-1.057311e-07,9.79313e-05
-1.056311e-07,0.000103769
-1.055311e-07,0.000107012
-1.054311e-07,0.000107012
-1.053311e-07,0.000104417
-1.052311e-07,9.92285e-05
-1.051311e-07,9.27423e-05
-1.050311e-07,8.69047e-05
-1.049311e-07,8.17158e-05
-1.048311e-07,7.7824e-05
-1.047311e-07,7.65268e-05
-1.046311e-07,7.71754e-05
-1.045311e-07,8.04185e-05
-1.044311e-07,8.62561e-05
-1.043311e-07,9.27423e-05
-1.042311e-07,9.98771e-05
-1.041311e-07,0.000104417
-1.040311e-07,0.000106363
-1.039311e-07,0.00010312
-1.038311e-07,9.53368e-05
-1.037311e-07,8.17158e-05
-1.036311e-07,6.35544e-05
-1.035311e-07,4.15013e-05
-1.034311e-07,1.55565e-05
-1.033311e-07,-1.16855e-05
-1.032311e-07,-4.02248e-05
-1.031311e-07,-6.81155e-05
-1.030311e-07,-9.40603e-05
-1.029311e-07,-0.000117411
-1.028311e-07,-0.000135572
-1.027311e-07,-0.000148544
-1.026311e-07,-0.000154382
-1.025311e-07,-0.000153733
-1.024311e-07,-0.00014595
-1.023311e-07,-0.000131032
-1.022311e-07,-0.000109627
-1.021311e-07,-8.30338e-05
-1.020311e-07,-5.19e-05
-1.019311e-07,-1.88204e-05
-1.018311e-07,1.55565e-05
-1.017311e-07,4.79875e-05
-1.016311e-07,7.84727e-05
-1.015311e-07,0.000105066
-1.014311e-07,0.000127119
-1.013311e-07,0.000144632
-1.012311e-07,0.000156956
-1.011311e-07,0.000165388
-1.010311e-07,0.000170577
-1.009311e-07,0.000173171
-1.008311e-07,0.000173171
-1.007311e-07,0.000171225
-1.006311e-07,0.000167334
-1.005311e-07,0.000162145
-1.004311e-07,0.00015501
-1.003311e-07,0.000146578
-1.002311e-07,0.000137497
-1.001311e-07,0.000127768
-1.000311e-07,0.000118038
-9.993113e-08,0.000108309
-9.983113e-08,9.92285e-05
-9.973113e-08,9.20937e-05
-9.963113e-08,8.8202e-05
-9.953113e-08,8.8202e-05
-9.943113e-08,9.14451e-05
-9.933113e-08,9.92285e-05
-9.923113e-08,0.000110904
-9.913113e-08,0.000125822
-9.903113e-08,0.000142686
-9.893113e-08,0.000160199
-9.883113e-08,0.000177712
-9.873113e-08,0.000193278
-9.863113e-08,0.000206899
-9.853113e-08,0.000217277
-9.843113e-08,0.000225709
-9.833113e-08,0.000230898
-9.823113e-08,0.000233493
-9.813113e-08,0.000232844
-9.803113e-08,0.000229601
-9.793113e-08,0.000223764
-9.783113e-08,0.000216629
-9.773113e-08,0.000206899
-9.763113e-08,0.000195873
-9.753113e-08,0.000182252
-9.743113e-08,0.000166685
-9.733113e-08,0.000149172
-9.723113e-08,0.000131011
-9.713113e-08,0.000113498
-9.703113e-08,9.79313e-05
-9.693113e-08,8.56075e-05
-9.683113e-08,7.71754e-05
-9.673113e-08,7.32837e-05
-9.663113e-08,7.45809e-05
-9.653113e-08,7.97699e-05
-9.643113e-08,8.8202e-05
-9.633113e-08,9.72826e-05
-9.623113e-08,0.000105715
-9.613113e-08,0.000110904
-9.603113e-08,0.000110904
-9.593113e-08,0.000103769
-9.583113e-08,8.94992e-05
-9.573113e-08,6.80947e-05
-9.563113e-08,3.95555e-05
-9.553113e-08,5.17858e-06
-9.543113e-08,-3.11441e-05
-9.533113e-08,-6.81155e-05
-9.523113e-08,-0.000102492
-9.513113e-08,-0.000132329
-9.503113e-08,-0.000157625
-9.493113e-08,-0.000175786
-9.483113e-08,-0.000187462
-9.473113e-08,-0.000192651
-9.463113e-08,-0.000191353
-9.453113e-08,-0.000184219
-9.443113e-08,-0.000171246
-9.433113e-08,-0.000155679
-9.423113e-08,-0.000136869
-9.413113e-08,-0.000117411
-9.403113e-08,-9.86006e-05
-9.393113e-08,-8.10879e-05
-9.383113e-08,-6.5521e-05
-9.373113e-08,-5.31972e-05
-9.363113e-08,-4.41165e-05
-9.353113e-08,-3.89276e-05
-9.343113e-08,-3.56845e-05
-9.333113e-08,-3.50359e-05
-9.323113e-08,-3.56845e-05
-9.313113e-08,-3.8279e-05
-9.303113e-08,-4.08734e-05
-9.293113e-08,-4.21707e-05
-9.283113e-08,-4.21707e-05
-9.273113e-08,-4.02248e-05
-9.263113e-08,-3.8279e-05
-9.253113e-08,-3.50359e-05
-9.243113e-08,-3.24414e-05
-9.233113e-08,-3.11441e-05
-9.223113e-08,-2.98469e-05
-9.213113e-08,-2.91983e-05
-9.203113e-08,-2.85497e-05
-9.193113e-08,-2.85497e-05
-9.183113e-08,-2.7901e-05
-9.173113e-08,-2.66038e-05
-9.163113e-08,-2.27121e-05
-9.153113e-08,-1.62259e-05
-9.143113e-08,-6.49658e-06
-9.133113e-08,5.8272e-06
-9.123113e-08,2.07455e-05
-9.113113e-08,3.82582e-05
-9.103113e-08,5.64196e-05
-9.093113e-08,7.52296e-05
-9.083113e-08,9.27423e-05
-9.073113e-08,0.000108958
-9.063113e-08,0.000122579
-9.053113e-08,0.000133605
-9.043113e-08,0.000142037
-9.033113e-08,0.000148524
-9.023113e-08,0.000152415
-9.013113e-08,0.00015501
-9.003113e-08,0.000156307
-8.993113e-08,0.00015501
-8.983113e-08,0.000153064
-8.973113e-08,0.000148524
-8.963113e-08,0.000141389
-8.953113e-08,0.000132308
-8.943113e-08,0.000119336
-8.933113e-08,0.00010312
-8.923113e-08,8.43102e-05
-8.913113e-08,6.29058e-05
-8.903113e-08,4.15013e-05
-8.893113e-08,2.13941e-05
-8.883113e-08,5.17858e-06
-8.873113e-08,-5.84796e-06
-8.863113e-08,-1.10369e-05
-8.853113e-08,-8.44244e-06
-8.843113e-08,2.5841e-06
-8.833113e-08,2.00968e-05
-8.823113e-08,4.40958e-05
-8.813113e-08,7.26351e-05
-8.803113e-08,0.000103769
-8.793113e-08,0.000134903
-8.783113e-08,0.000164739
-8.773113e-08,0.00019263
-8.763113e-08,0.000216629
-8.753113e-08,0.000236087
-8.743113e-08,0.000251006
-8.733113e-08,0.000262032
-8.723113e-08,0.000268518
-8.713113e-08,0.00027241
-8.703113e-08,0.000273707
-8.693113e-08,0.00027241
-8.683113e-08,0.000269167
-8.673113e-08,0.000263329
-8.663113e-08,0.000255546
-8.653113e-08,0.000246465
-8.643113e-08,0.000236736
-8.633113e-08,0.000225709
-8.623113e-08,0.000214034
-8.613113e-08,0.000203008
-8.603113e-08,0.000193278
-8.593113e-08,0.000186144
-8.583113e-08,0.000181603
-8.573113e-08,0.000180306
-8.563113e-08,0.000181603
-8.553113e-08,0.000186792
-8.543113e-08,0.000195224
-8.533113e-08,0.000205602
-8.523113e-08,0.000216629
-8.513113e-08,0.000227007
-8.503113e-08,0.000236736
-8.493113e-08,0.000244519
-8.483113e-08,0.00024906
-8.473113e-08,0.000251006
-8.463113e-08,0.000249708
-8.453113e-08,0.000245817
-8.443113e-08,0.00023933
-8.433113e-08,0.000230898
-8.423113e-08,0.000221169
-8.413113e-08,0.00021144
-8.403113e-08,0.000202359
-8.393113e-08,0.000193927
-8.383113e-08,0.000185495
-8.373113e-08,0.000176414
-8.363113e-08,0.000166685
-8.353113e-08,0.00015501
-8.343113e-08,0.00014074
-8.333113e-08,0.000123227
-8.323113e-08,0.00010312
-8.313113e-08,8.17158e-05
-8.303113e-08,5.90141e-05
-8.293113e-08,3.6961e-05
-8.283113e-08,1.75024e-05
-8.273113e-08,1.93548e-06
-8.263113e-08,-7.79382e-06
-8.253113e-08,-1.10369e-05
-8.243113e-08,-7.1452e-06
-8.233113e-08,2.5841e-06
-8.223113e-08,1.8151e-05
-8.213113e-08,3.76096e-05
-8.203113e-08,5.96627e-05
-8.193113e-08,8.10671e-05
-8.183113e-08,9.98771e-05
-8.173113e-08,0.000114795
-8.163113e-08,0.000125173
-8.153113e-08,0.000129714
-8.143113e-08,0.000129714
-8.133113e-08,0.000125822
-8.123113e-08,0.000118038
-8.113113e-08,0.000108309
-8.103113e-08,9.92285e-05
-8.093113e-08,9.14451e-05
-8.083113e-08,8.69047e-05
-8.073113e-08,8.62561e-05
-8.063113e-08,9.07964e-05
-8.053113e-08,0.000100526
-8.043113e-08,0.000114147
-8.033113e-08,0.000129714
-8.023113e-08,0.000147226
-8.013113e-08,0.000164091
-8.003113e-08,0.00017836
-7.993113e-08,0.000188738
-7.983113e-08,0.000195224
-7.973113e-08,0.00019717
-7.963113e-08,0.000194576
-7.953113e-08,0.000187441
-7.943113e-08,0.000176414
-7.933113e-08,0.000161496
-7.923113e-08,0.000145281
-7.913113e-08,0.000127119
-7.903113e-08,0.000108309
-7.893113e-08,9.07964e-05
-7.883113e-08,7.45809e-05
-7.873113e-08,5.90141e-05
-7.863113e-08,4.5393e-05
-7.853113e-08,3.37179e-05
-7.843113e-08,2.33399e-05
-7.833113e-08,1.42593e-05
-7.823113e-08,7.12444e-06
-7.813113e-08,2.5841e-06
-7.803113e-08,-6.58998e-07
-7.793113e-08,-1.95624e-06
-7.783113e-08,-1.30762e-06
-7.773113e-08,3.23272e-06
-7.763113e-08,1.10162e-05
-7.753113e-08,2.20427e-05
-7.743113e-08,3.6961e-05
-7.733113e-08,5.51223e-05
-7.723113e-08,7.58782e-05
-7.713113e-08,9.85799e-05
-7.703113e-08,0.000120633
-7.693113e-08,0.000141389
-7.683113e-08,0.00015955
-7.673113e-08,0.000173171
-7.663113e-08,0.000183549
-7.653113e-08,0.000190035
-7.643113e-08,0.000193927
-7.633113e-08,0.000194576
-7.623113e-08,0.000194576
-7.613113e-08,0.000194576
-7.603113e-08,0.000195873
-7.593113e-08,0.000199116
-7.583113e-08,0.000204305
-7.573113e-08,0.000212088
-7.563113e-08,0.00022052
-7.553113e-08,0.000228304
-7.543113e-08,0.00023479
-7.533113e-08,0.000238033
-7.523113e-08,0.000238033
-7.513113e-08,0.000232844
-7.503113e-08,0.000223764
-7.493113e-08,0.000210791
-7.483113e-08,0.000195873
-7.473113e-08,0.000179657
-7.463113e-08,0.000164091
-7.453113e-08,0.000150469
-7.443113e-08,0.000141389
-7.433113e-08,0.000134903
-7.423113e-08,0.00013166
-7.413113e-08,0.000132308
-7.403113e-08,0.0001362
-7.393113e-08,0.000141389
-7.383113e-08,0.000147226
-7.373113e-08,0.000152415
-7.363113e-08,0.000156307
-7.353113e-08,0.000157604
-7.343113e-08,0.000156307
-7.333113e-08,0.000151767
-7.323113e-08,0.000144632
-7.313113e-08,0.000134254
-7.303113e-08,0.000121282
-7.293113e-08,0.000107012
-7.283113e-08,9.33909e-05
-7.273113e-08,7.97699e-05
-7.263113e-08,6.80947e-05
-7.253113e-08,5.83654e-05
-7.243113e-08,5.18792e-05
-7.233113e-08,4.92848e-05
-7.223113e-08,5.0582e-05
-7.213113e-08,5.70682e-05
-7.203113e-08,6.74461e-05
-7.193113e-08,8.10671e-05
-7.183113e-08,9.79313e-05
-7.173113e-08,0.00011739
-7.163113e-08,0.000137497
-7.153113e-08,0.000158253
-7.143113e-08,0.00017836
-7.133113e-08,0.000195873
-7.123113e-08,0.000210791
-7.113113e-08,0.000221818
-7.103113e-08,0.000227007
-7.093113e-08,0.000227007
-7.083113e-08,0.000221169
-7.073113e-08,0.000209494
-7.063113e-08,0.00019263
-7.053113e-08,0.000171225
-7.043113e-08,0.000145929
-7.033113e-08,0.000118687
-7.023113e-08,9.01478e-05
-7.013113e-08,6.09599e-05
-7.003113e-08,3.24206e-05
-6.993113e-08,4.52996e-06
-6.983113e-08,-2.14148e-05
-6.973113e-08,-4.41165e-05
-6.963113e-08,-6.35752e-05
-6.953113e-08,-8.04393e-05
-6.943113e-08,-9.27631e-05
-6.933113e-08,-0.000101195
-6.923113e-08,-0.000104438
-6.913113e-08,-0.000103141
-6.903113e-08,-9.66548e-05
-6.893113e-08,-8.49796e-05
-6.883113e-08,-7.00614e-05
-6.873113e-08,-5.25486e-05
-6.863113e-08,-3.309e-05
-6.853113e-08,-1.29828e-05
-6.843113e-08,6.47582e-06
-6.833113e-08,2.46372e-05
-6.823113e-08,4.02041e-05
-6.813113e-08,5.44737e-05
-6.803113e-08,6.67975e-05
-6.793113e-08,7.65268e-05
-6.783113e-08,8.62561e-05
-6.773113e-08,9.46882e-05
-6.763113e-08,0.00010312
-6.753113e-08,0.000111552
-6.743113e-08,0.000121282
-6.733113e-08,0.00013166
-6.723113e-08,0.000142686
-6.713113e-08,0.000154361
-6.703113e-08,0.000166685
-6.693113e-08,0.00017836
-6.683113e-08,0.000190035
-6.673113e-08,0.000201062
-6.663113e-08,0.00021144
-6.653113e-08,0.000221169
-6.643113e-08,0.000228953
-6.633113e-08,0.000234141
-6.623113e-08,0.000237385
-6.613113e-08,0.000238033
-6.603113e-08,0.000235439
-6.593113e-08,0.000229601
-6.583113e-08,0.000221169
-6.573113e-08,0.000210143
-6.563113e-08,0.000197819
-6.553113e-08,0.000184846
-6.543113e-08,0.000171874
-6.533113e-08,0.000160199
-6.523113e-08,0.000151767
-6.513113e-08,0.000146578
-6.503113e-08,0.000145281
-6.493113e-08,0.000148524
-6.483113e-08,0.000156956
-6.473113e-08,0.000168631
-6.463113e-08,0.000182901
-6.453113e-08,0.000199765
-6.443113e-08,0.000217277
-6.433113e-08,0.000233493
-6.423113e-08,0.000246465
-6.413113e-08,0.000256843
-6.403113e-08,0.000263329
-6.393113e-08,0.000265924
-6.383113e-08,0.000264627
-6.373113e-08,0.000260086
-6.363113e-08,0.000252303
-6.353113e-08,0.000242574
-6.343113e-08,0.00023025
-6.333113e-08,0.000217277
-6.323113e-08,0.000203008
-6.313113e-08,0.000188738
-6.303113e-08,0.00017382
-6.293113e-08,0.00015955
-6.283113e-08,0.000147226
-6.273113e-08,0.0001362
-6.263113e-08,0.000127119
-6.253113e-08,0.000120633
-6.243113e-08,0.00011739
-6.233113e-08,0.00011739
-6.223113e-08,0.000118687
-6.213113e-08,0.000122579
-6.203113e-08,0.000127119
-6.193113e-08,0.000132308
-6.183113e-08,0.0001362
-6.173113e-08,0.000139443
-6.163113e-08,0.00014074
-6.153113e-08,0.000140092
-6.143113e-08,0.000138146
-6.133113e-08,0.000135551
-6.123113e-08,0.00013166
-6.113113e-08,0.000125822
-6.103113e-08,0.000118687
-6.093113e-08,0.000110255
-6.083113e-08,9.98771e-05
-6.073113e-08,8.8202e-05
-6.063113e-08,7.58782e-05
-6.053113e-08,6.22572e-05
-6.043113e-08,4.86361e-05
-6.033113e-08,3.56637e-05
-6.023113e-08,2.52858e-05
-6.013113e-08,1.8151e-05
-6.003113e-08,1.68537e-05
-5.993113e-08,2.07455e-05
-5.983113e-08,3.04748e-05
-5.973113e-08,4.5393e-05
-5.963113e-08,6.55003e-05
-5.953113e-08,8.75533e-05
-5.943113e-08,0.000110255
-5.933113e-08,0.000131011
-5.923113e-08,0.000149172
-5.913113e-08,0.000161496
-5.903113e-08,0.000169279
-5.893113e-08,0.000173171
-5.883113e-08,0.000173171
-5.873113e-08,0.000171225
-5.863113e-08,0.000168631
-5.853113e-08,0.000167334
-5.843113e-08,0.000168631
-5.833113e-08,0.000172523
-5.823113e-08,0.00017836
-5.813113e-08,0.000186792
-5.803113e-08,0.000195224
-5.793113e-08,0.00020171
-5.783113e-08,0.000205602
-5.773113e-08,0.000204305
-5.763113e-08,0.000198467
-5.753113e-08,0.000186144
-5.743113e-08,0.000168631
-5.733113e-08,0.000147226
-5.723113e-08,0.000124525
-5.713113e-08,0.000100526
-5.703113e-08,7.7824e-05
-5.693113e-08,5.77168e-05
-5.683113e-08,4.27986e-05
-5.673113e-08,3.24206e-05
-5.663113e-08,2.78803e-05
-5.653113e-08,2.91775e-05
-5.643113e-08,3.56637e-05
-5.633113e-08,4.66903e-05
-5.623113e-08,6.16085e-05
-5.613113e-08,7.91213e-05
-5.603113e-08,9.85799e-05
-5.593113e-08,0.00011739
-5.583113e-08,0.000135551
-5.573113e-08,0.000151767
-5.563113e-08,0.000166036
-5.553113e-08,0.000176414
-5.543113e-08,0.000183549
-5.533113e-08,0.000186144
-5.523113e-08,0.000184198
-5.513113e-08,0.000179009
-5.503113e-08,0.000171874
-5.493113e-08,0.000162793
-5.483113e-08,0.000153064
-5.473113e-08,0.000143983
-5.463113e-08,0.000134903
-5.453113e-08,0.000126471
-5.443113e-08,0.000118038
-5.433113e-08,0.000108958
-5.423113e-08,9.85799e-05
-5.413113e-08,8.75533e-05
-5.403113e-08,7.45809e-05
-5.393113e-08,5.96627e-05
-5.383113e-08,4.34472e-05
-5.373113e-08,2.72317e-05
-5.363113e-08,1.2962e-05
-5.353113e-08,1.93548e-06
-5.343113e-08,-3.25348e-06
-5.333113e-08,-1.95624e-06
-5.323113e-08,7.12444e-06
-5.313113e-08,2.46372e-05
-5.303113e-08,4.92848e-05
-5.293113e-08,7.97699e-05
-5.283113e-08,0.000112201
-5.273113e-08,0.000145929
-5.263113e-08,0.000176414
-5.253113e-08,0.000202359
-5.243113e-08,0.00022052
-5.233113e-08,0.000229601
-5.223113e-08,0.000228953
-5.213113e-08,0.000219872
-5.203113e-08,0.00020171
-5.193113e-08,0.000177063
-5.183113e-08,0.000147875
-5.173113e-08,0.000116093
-5.163113e-08,8.23644e-05
-5.153113e-08,4.92848e-05
-5.143113e-08,1.8151e-05
-5.133113e-08,-1.03883e-05
-5.123113e-08,-3.43872e-05
-5.113113e-08,-5.25486e-05
-5.103113e-08,-6.5521e-05
-5.093113e-08,-7.13586e-05
-5.083113e-08,-7.13586e-05
-5.073113e-08,-6.35752e-05
-5.063113e-08,-4.99541e-05
-5.053113e-08,-3.04955e-05
-5.043113e-08,-7.1452e-06
-5.033113e-08,1.87996e-05
-5.023113e-08,4.47444e-05
-5.013113e-08,7.06892e-05
-5.003113e-08,9.40395e-05
-4.993113e-08,0.00011285
-4.983113e-08,0.000126471
-4.973113e-08,0.000133605
-4.963113e-08,0.000135551
-4.953113e-08,0.00013166
-4.943113e-08,0.000123876
-4.933113e-08,0.000112201
-4.923113e-08,9.85799e-05
-4.913113e-08,8.36616e-05
-4.903113e-08,6.9392e-05
-4.893113e-08,5.70682e-05
-4.883113e-08,4.79875e-05
-4.873113e-08,4.34472e-05
-4.863113e-08,4.27986e-05
-4.853113e-08,4.60417e-05
-4.843113e-08,5.38251e-05
-4.833113e-08,6.35544e-05
-4.823113e-08,7.58782e-05
-4.813113e-08,8.94992e-05
-4.803113e-08,0.00010312
-4.793113e-08,0.000115444
-4.783113e-08,0.000125822
-4.773113e-08,0.000134254
-4.763113e-08,0.000138794
-4.753113e-08,0.000139443
-4.743113e-08,0.000135551
-4.733113e-08,0.000129065
-4.723113e-08,0.000119336
-4.713113e-08,0.000106363
-4.703113e-08,9.20937e-05
-4.693113e-08,7.7824e-05
-4.683113e-08,6.35544e-05
-4.673113e-08,4.86361e-05
-4.663113e-08,3.56637e-05
-4.653113e-08,2.33399e-05
-4.643113e-08,1.2962e-05
-4.633113e-08,3.23272e-06
-4.623113e-08,-5.84796e-06
-4.613113e-08,-1.428e-05
-4.603113e-08,-2.20635e-05
-4.593113e-08,-2.98469e-05
-4.583113e-08,-3.63331e-05
-4.573113e-08,-4.15221e-05
-4.563113e-08,-4.41165e-05
-4.553113e-08,-4.34679e-05
-4.543113e-08,-4.02248e-05
-4.533113e-08,-3.24414e-05
-4.523113e-08,-2.01176e-05
-4.513113e-08,-4.55072e-06
-4.503113e-08,1.42593e-05
-4.493113e-08,3.50151e-05
-4.483113e-08,5.5771e-05
-4.473113e-08,7.52296e-05
-4.463113e-08,9.14451e-05
-4.453113e-08,0.00010312
-4.443113e-08,0.000109606
-4.433113e-08,0.000110904
-4.423113e-08,0.000107012
-4.413113e-08,9.92285e-05
-4.403113e-08,8.88506e-05
-4.393113e-08,7.7824e-05
-4.383113e-08,6.74461e-05
-4.373113e-08,5.96627e-05
-4.363113e-08,5.5771e-05
-4.353113e-08,5.44737e-05
-4.343113e-08,5.51223e-05
-4.333113e-08,5.83654e-05
-4.323113e-08,6.29058e-05
-4.313113e-08,6.74461e-05
-4.303113e-08,7.13378e-05
-4.293113e-08,7.45809e-05
-4.283113e-08,7.65268e-05
-4.273113e-08,7.71754e-05
-4.263113e-08,7.7824e-05
-4.253113e-08,7.7824e-05
-4.243113e-08,7.7824e-05
-4.233113e-08,7.65268e-05
-4.223113e-08,7.45809e-05
-4.213113e-08,7.13378e-05
-4.203113e-08,6.74461e-05
-4.193113e-08,6.16085e-05
-4.183113e-08,5.51223e-05
-4.173113e-08,4.73389e-05
-4.163113e-08,3.89068e-05
-4.153113e-08,3.11234e-05
-4.143113e-08,2.52858e-05
-4.133113e-08,2.26913e-05
-4.123113e-08,2.46372e-05
-4.113113e-08,3.1772e-05
-4.103113e-08,4.27986e-05
-4.093113e-08,5.83654e-05
-4.083113e-08,7.58782e-05
-4.073113e-08,9.53368e-05
-4.063113e-08,0.000113498
-4.053113e-08,0.000130362
-4.043113e-08,0.000142686
-4.033113e-08,0.000150469
-4.023113e-08,0.000153713
-4.013113e-08,0.000153064
-4.003113e-08,0.000149172
-3.993113e-08,0.000143983
-3.983113e-08,0.000137497
-3.973113e-08,0.00013166
-3.963113e-08,0.000125822
-3.953113e-08,0.000119984
-3.943113e-08,0.000114147
-3.933113e-08,0.000107012
-3.923113e-08,9.85799e-05
-3.913113e-08,8.69047e-05
-3.903113e-08,7.32837e-05
-3.893113e-08,5.83654e-05
-3.883113e-08,4.21499e-05
-3.873113e-08,2.72317e-05
-3.863113e-08,1.36106e-05
-3.853113e-08,3.88134e-06
-3.843113e-08,-6.58998e-07
-3.833113e-08,6.38242e-07
-3.823113e-08,7.12444e-06
-3.813113e-08,2.00968e-05
-3.803113e-08,3.76096e-05
-3.793113e-08,5.70682e-05
-3.783113e-08,7.7824e-05
-3.773113e-08,9.79313e-05
-3.763113e-08,0.000114147
-3.753113e-08,0.000125822
-3.743113e-08,0.00013166
-3.733113e-08,0.000132308
-3.723113e-08,0.000126471
-3.713113e-08,0.000114147
-3.703113e-08,9.79313e-05
-3.693113e-08,7.84727e-05
-3.683113e-08,5.64196e-05
-3.673113e-08,3.24206e-05
-3.663113e-08,7.12444e-06
-3.653113e-08,-1.62259e-05
-3.643113e-08,-3.76303e-05
-3.633113e-08,-5.57917e-05
-3.623113e-08,-6.94127e-05
-3.613113e-08,-7.58989e-05
-3.603113e-08,-7.46017e-05
-3.593113e-08,-6.48724e-05
-3.583113e-08,-4.60624e-05
-3.573113e-08,-1.88204e-05
-3.563113e-08,1.62051e-05
-3.553113e-08,5.51223e-05
-3.543113e-08,9.53368e-05
-3.533113e-08,0.000135551
-3.523113e-08,0.000171225
-3.513113e-08,0.000199765
-3.503113e-08,0.000221169
-3.493113e-08,0.000233493
-3.483113e-08,0.000237385
-3.473113e-08,0.000233493
-3.463113e-08,0.000224412
-3.453113e-08,0.000212737
-3.443113e-08,0.000200413
-3.433113e-08,0.000190035
-3.423113e-08,0.000182901
-3.413113e-08,0.000179657
-3.403113e-08,0.000180306
-3.393113e-08,0.000183549
-3.383113e-08,0.000188738
-3.373113e-08,0.000193927
-3.363113e-08,0.000196522
-3.353113e-08,0.000194576
-3.343113e-08,0.000188089
-3.333113e-08,0.000176414
-3.323113e-08,0.00015955
-3.313113e-08,0.000138146
-3.303113e-08,0.000113498
-3.293113e-08,8.75533e-05
-3.283113e-08,6.16085e-05
-3.273113e-08,3.76096e-05
-3.263113e-08,1.68537e-05
-3.253113e-08,-1.03779e-08
-3.243113e-08,-1.16855e-05
-3.233113e-08,-1.75231e-05
-3.223113e-08,-1.75231e-05
-3.213113e-08,-1.16855e-05
-3.203113e-08,1.28686e-06
-3.193113e-08,1.87996e-05
-3.183113e-08,4.15013e-05
-3.173113e-08,6.74461e-05
-3.163113e-08,9.40395e-05
-3.153113e-08,0.000120633
-3.143113e-08,0.000144632
-3.133113e-08,0.000164739
-3.123113e-08,0.000179009
-3.113113e-08,0.000187441
-3.103113e-08,0.000190035
-3.093113e-08,0.000187441
-3.083113e-08,0.000182252
-3.073113e-08,0.00017382
-3.063113e-08,0.000164739
-3.053113e-08,0.000155658
-3.043113e-08,0.000147875
-3.033113e-08,0.000141389
-3.023113e-08,0.0001362
-3.013113e-08,0.00013166
-3.003113e-08,0.000126471
-2.993113e-08,0.000119984
-2.983113e-08,0.000110904
-2.973113e-08,9.98771e-05
-2.963113e-08,8.69047e-05
-2.953113e-08,7.26351e-05
-2.943113e-08,5.90141e-05
-2.933113e-08,4.79875e-05
-2.923113e-08,4.08527e-05
-2.913113e-08,3.82582e-05
-2.903113e-08,4.08527e-05
-2.893113e-08,4.92848e-05
-2.883113e-08,6.22572e-05
-2.873113e-08,7.71754e-05
-2.863113e-08,9.33909e-05
-2.853113e-08,0.000108309
-2.843113e-08,0.00012193
-2.833113e-08,0.00013166
-2.823113e-08,0.000137497
-2.813113e-08,0.00014074
-2.803113e-08,0.000142037
-2.793113e-08,0.000142037
-2.783113e-08,0.000142037
-2.773113e-08,0.000143983
-2.763113e-08,0.000146578
-2.753113e-08,0.000149172
-2.743113e-08,0.000151767
-2.733113e-08,0.000153064
-2.723113e-08,0.000151767
-2.713113e-08,0.000147226
-2.703113e-08,0.000138794
-2.693113e-08,0.000127119
-2.683113e-08,0.000111552
-2.673113e-08,9.46882e-05
-2.663113e-08,7.7824e-05
-2.653113e-08,6.22572e-05
-2.643113e-08,4.92848e-05
-2.633113e-08,3.95555e-05
-2.623113e-08,3.37179e-05
-2.613113e-08,3.1772e-05
-2.603113e-08,3.30692e-05
-2.593113e-08,3.56637e-05
-2.583113e-08,3.95555e-05
-2.573113e-08,4.40958e-05
-2.563113e-08,4.79875e-05
-2.553113e-08,5.0582e-05
-2.543113e-08,5.12306e-05
-2.533113e-08,5.18792e-05
-2.523113e-08,5.18792e-05
-2.513113e-08,5.31765e-05
-2.503113e-08,5.51223e-05
-2.493113e-08,5.90141e-05
-2.483113e-08,6.4203e-05
-2.473113e-08,7.06892e-05
-2.463113e-08,7.71754e-05
-2.453113e-08,8.3013e-05
-2.443113e-08,8.75533e-05
-2.433113e-08,8.94992e-05
-2.423113e-08,9.07964e-05
-2.413113e-08,9.07964e-05
-2.403113e-08,9.01478e-05
-2.393113e-08,8.88506e-05
-2.383113e-08,8.88506e-05
-2.373113e-08,9.01478e-05
-2.363113e-08,9.27423e-05
-2.353113e-08,9.59854e-05
-2.343113e-08,0.000100526
-2.333113e-08,0.000105066
-2.323113e-08,0.000108309
-2.313113e-08,0.000109606
-2.303113e-08,0.000107661
-2.293113e-08,0.000101823
-2.283113e-08,9.27423e-05
-2.273113e-08,8.17158e-05
-2.263113e-08,6.9392e-05
-2.253113e-08,5.64196e-05
-2.243113e-08,4.40958e-05
-2.233113e-08,3.30692e-05
-2.223113e-08,2.26913e-05
-2.213113e-08,1.2962e-05
-2.203113e-08,3.88134e-06
-2.193113e-08,-5.84796e-06
-2.183113e-08,-1.68745e-05
-2.173113e-08,-2.7901e-05
-2.163113e-08,-3.95762e-05
-2.153113e-08,-5.06027e-05
-2.143113e-08,-5.96834e-05
-2.133113e-08,-6.68183e-05
-2.123113e-08,-6.94127e-05
-2.113113e-08,-6.74669e-05
-2.103113e-08,-6.03321e-05
-2.093113e-08,-4.73596e-05
-2.083113e-08,-2.98469e-05
-2.073113e-08,-9.73968e-06
-2.063113e-08,1.03675e-05
-2.053113e-08,2.98261e-05
-2.043113e-08,4.73389e-05
-2.033113e-08,6.09599e-05
-2.023113e-08,7.06892e-05
-2.013113e-08,7.71754e-05
-2.003113e-08,8.04185e-05
-1.993113e-08,8.17158e-05
-1.983113e-08,8.17158e-05
-1.973113e-08,8.23644e-05
-1.963113e-08,8.3013e-05
-1.953113e-08,8.43102e-05
-1.943113e-08,8.43102e-05
-1.933113e-08,8.36616e-05
-1.923113e-08,8.10671e-05
-1.913113e-08,7.58782e-05
-1.903113e-08,6.74461e-05
-1.893113e-08,5.5771e-05
-1.883113e-08,4.21499e-05
-1.873113e-08,2.72317e-05
-1.863113e-08,1.23134e-05
-1.853113e-08,-6.58998e-07
-1.843113e-08,-9.73968e-06
-1.833113e-08,-1.62259e-05
-1.823113e-08,-1.81717e-05
-1.813113e-08,-1.62259e-05
-1.803113e-08,-1.03883e-05
-1.793113e-08,-1.95624e-06
-1.783113e-08,8.42168e-06
-1.773113e-08,2.00968e-05
-1.763113e-08,3.30692e-05
-1.753113e-08,4.66903e-05
-1.743113e-08,6.03113e-05
-1.733113e-08,7.45809e-05
-1.723113e-08,8.94992e-05
-1.713113e-08,0.00010312
-1.703113e-08,0.000116741
-1.693113e-08,0.000128416
-1.683113e-08,0.000138146
-1.673113e-08,0.000144632
-1.663113e-08,0.000147875
-1.653113e-08,0.000146578
-1.643113e-08,0.00014074
-1.633113e-08,0.000129065
-1.623113e-08,0.000114147
-1.613113e-08,9.59854e-05
-1.603113e-08,7.58782e-05
-1.593113e-08,5.44737e-05
-1.583113e-08,3.24206e-05
-1.573113e-08,1.10162e-05
-1.563113e-08,-9.09106e-06
-1.553113e-08,-2.7901e-05
-1.543113e-08,-4.54138e-05
-1.533113e-08,-6.09807e-05
-1.523113e-08,-7.58989e-05
-1.513113e-08,-8.88713e-05
-1.503113e-08,-0.000100547
-1.493113e-08,-0.000110276
-1.483113e-08,-0.000117411
-1.473113e-08,-0.000121951
-1.463113e-08,-0.0001226
-1.453113e-08,-0.000119356
-1.443113e-08,-0.000111573
-1.433113e-08,-0.000101195
-1.423113e-08,-8.75741e-05
-1.413113e-08,-7.13586e-05
-1.403113e-08,-5.38459e-05
-1.393113e-08,-3.63331e-05
-1.383113e-08,-1.9469e-05
-1.373113e-08,-1.95624e-06
-1.363113e-08,1.42593e-05
-1.353113e-08,2.85289e-05
-1.343113e-08,4.08527e-05
-1.333113e-08,5.18792e-05
-1.323113e-08,6.16085e-05
-1.313113e-08,6.87434e-05
-1.303113e-08,7.45809e-05
-1.293113e-08,7.7824e-05
-1.283113e-08,7.7824e-05
-1.273113e-08,7.52296e-05
-1.263113e-08,7.00406e-05
-1.253113e-08,6.22572e-05
-1.243113e-08,5.12306e-05
-1.233113e-08,3.82582e-05
-1.223113e-08,2.46372e-05
-1.213113e-08,1.16648e-05
-1.203113e-08,1.28686e-06
-1.193113e-08,-7.1452e-06
-1.183113e-08,-1.23342e-05
-1.173113e-08,-1.428e-05
-1.163113e-08,-1.29828e-05
-1.153113e-08,-1.10369e-05
-1.143113e-08,-9.09106e-06
-1.133113e-08,-7.79382e-06
-1.123113e-08,-9.09106e-06
-1.113113e-08,-1.428e-05
-1.103113e-08,-2.20635e-05
-1.093113e-08,-3.24414e-05
-1.083113e-08,-4.34679e-05
-1.073113e-08,-5.38459e-05
-1.063113e-08,-6.22779e-05
-1.053113e-08,-6.68183e-05
-1.043113e-08,-6.61696e-05
-1.033113e-08,-6.03321e-05
-1.023113e-08,-4.86569e-05
-1.013113e-08,-3.11441e-05
-1.003113e-08,-9.73968e-06
-9.931133e-09,1.2962e-05
-9.831133e-09,3.63124e-05
-9.731133e-09,5.90141e-05
-9.631133e-09,7.91213e-05
-9.531133e-09,9.59854e-05
-9.431133e-09,0.000108958
-9.331133e-09,0.00011739
-9.231133e-09,0.00012193
-9.131133e-09,0.000122579
-9.031133e-09,0.000120633
-8.931133e-09,0.000116741
-8.831133e-09,0.000110255
-8.731133e-09,0.000101823
-8.631133e-09,9.01478e-05
-8.531133e-09,7.65268e-05
-8.431133e-09,5.96627e-05
-8.331133e-09,4.02041e-05
-8.231133e-09,1.8151e-05
-8.131133e-09,-4.55072e-06
-8.031133e-09,-2.7901e-05
-7.931133e-09,-5.12514e-05
-7.831133e-09,-7.20072e-05
-7.731133e-09,-9.01686e-05
-7.631133e-09,-0.000105087
-7.531133e-09,-0.000116113
-7.431133e-09,-0.000123897
-7.331133e-09,-0.000129086
-7.231133e-09,-0.000131032
-7.131133e-09,-0.000129734
-7.031133e-09,-0.000125843
-6.931133e-09,-0.000119356
-6.831133e-09,-0.000109627
-6.731133e-09,-9.66548e-05
-6.631133e-09,-8.10879e-05
-6.531133e-09,-6.22779e-05
-6.431133e-09,-4.08734e-05
-6.331133e-09,-1.9469e-05
-6.231133e-09,1.93548e-06
-6.131133e-09,2.13941e-05
-6.031133e-09,3.76096e-05
-5.931133e-09,5.0582e-05
-5.831133e-09,6.03113e-05
-5.731133e-09,6.67975e-05
-5.631133e-09,7.06892e-05
-5.531133e-09,7.26351e-05
-5.431133e-09,7.52296e-05
-5.331133e-09,7.91213e-05
-5.231133e-09,8.56075e-05
-5.131133e-09,9.53368e-05
-5.031133e-09,0.000108309
-4.931133e-09,0.000124525
-4.831133e-09,0.000141389
-4.731133e-09,0.000156956
-4.631133e-09,0.000170577
-4.531133e-09,0.000180955
-4.431133e-09,0.000186792
-4.331133e-09,0.000186792
-4.231133e-09,0.000180955
-4.131133e-09,0.000171225
-4.031133e-09,0.000157604
-3.931133e-09,0.00014074
-3.831133e-09,0.000122579
-3.731133e-09,0.000103769
-3.631133e-09,8.49589e-05
-3.531133e-09,6.48516e-05
-3.431133e-09,4.5393e-05
-3.331133e-09,2.6583e-05
-3.231133e-09,7.77306e-06
-3.131133e-09,-1.03883e-05
-3.031133e-09,-2.72524e-05
-2.931133e-09,-4.28193e-05
-2.831133e-09,-5.57917e-05
-2.731133e-09,-6.68183e-05
-2.631133e-09,-7.65476e-05
-2.531133e-09,-8.4331e-05
-2.431133e-09,-9.27631e-05
-2.331133e-09,-0.000102492
-2.231133e-09,-0.000115465
-2.131133e-09,-0.000133626
-2.031133e-09,-0.000158922
-1.931133e-09,-0.000192002
-1.831133e-09,-0.000233514
-1.731133e-09,-0.000282809
-1.631133e-09,-0.000340536
-1.531133e-09,-0.000405398
-1.431133e-09,-0.000476098
-1.331133e-09,-0.000550689
-1.231133e-09,-0.000629172
-1.131133e-09,-0.000710898
-1.031133e-09,-0.000796516
-9.311329e-10,-0.000886026
-8.311329e-10,-0.000980075
-7.311329e-10,-0.00108061
-6.311329e-10,-0.00118828
-5.311329e-10,-0.00130439
-4.311329e-10,-0.00142957
-3.311329e-10,-0.00156448
-2.311329e-10,-0.00170912
-1.311329e-10,-0.00186479
-3.113288e-11,-0.00203149
6.886712e-11,-0.00220986
1.688671e-10,-0.00239796
2.688671e-10,-0.00259709
3.688671e-10,-0.00280659
4.688671e-10,-0.00302582
5.688671e-10,-0.00325284
6.688671e-10,-0.0034857
7.688671e-10,-0.00372179
8.688671e-10,-0.00395789
9.688671e-10,-0.00419075
1.068867e-09,-0.00441646
1.168867e-09,-0.00463116
1.268867e-09,-0.00483223
1.368867e-09,-0.00501709
1.468867e-09,-0.00518378
1.568867e-09,-0.00533232
1.668867e-09,-0.00546074
1.768867e-09,-0.00557036
1.868867e-09,-0.00566246
1.968867e-09,-0.00573835
2.068867e-09,-0.00579932
2.168867e-09,-0.00584797
2.268867e-09,-0.00588429
2.368867e-09,-0.00591089
2.468867e-09,-0.0059271
2.568867e-09,-0.00593488
2.668867e-09,-0.00593294
2.768867e-09,-0.00592256
2.868867e-09,-0.00590375
2.968867e-09,-0.00587781
3.068867e-09,-0.00584408
3.168867e-09,-0.00580516
3.268867e-09,-0.00576235
3.368867e-09,-0.0057163
3.468867e-09,-0.00566765
3.568867e-09,-0.00561771
3.668867e-09,-0.00556647
3.768867e-09,-0.00551393
3.868867e-09,-0.00546074
3.968867e-09,-0.00540626
4.068867e-09,-0.00535048
4.168867e-09,-0.00529275
4.268867e-09,-0.00523243
4.368867e-09,-0.00517016
4.468867e-09,-0.00510595
4.568867e-09,-0.00504109
4.668867e-09,-0.00497622
4.768867e-09,-0.00491071
4.868867e-09,-0.0048465
4.968867e-09,-0.00478229
5.068867e-09,-0.00471937
5.168867e-09,-0.0046584
5.268867e-09,-0.00459743
5.368867e-09,-0.00453776
5.468867e-09,-0.00447744
5.568867e-09,-0.00441776
5.668867e-09,-0.00435809
5.768867e-09,-0.00429842
5.868867e-09,-0.00423874
5.968867e-09,-0.00418102
6.068867e-09,-0.00412459
6.168867e-09,-0.0040701
6.268867e-09,-0.00401691
6.368867e-09,-0.00396503
6.468867e-09,-0.00391378
6.568867e-09,-0.00386254
6.668867e-09,-0.00381065
6.768867e-09,-0.00375682
6.868867e-09,-0.00369974
6.968867e-09,-0.00364072
7.068867e-09,-0.0035791
7.168867e-09,-0.00351618
7.268867e-09,-0.00345197
7.368867e-09,-0.0033871
7.468867e-09,-0.00332095
7.568867e-09,-0.00325543
7.668867e-09,-0.00318992
7.768867e-09,-0.00312377
7.868867e-09,-0.00305631
7.968867e-09,-0.00298755
8.068867e-09,-0.00291686
8.168867e-09,-0.00284291
8.268867e-09,-0.00276573
8.368867e-09,-0.00268465
8.468867e-09,-0.00260227
8.568867e-09,-0.00251666
8.668867e-09,-0.00242909
8.768867e-09,-0.00233958
8.868867e-09,-0.00224878
8.968867e-09,-0.00215797
9.068867e-09,-0.00206716
9.168867e-09,-0.0019783
9.268867e-09,-0.00189268
9.368867e-09,-0.00181226
9.468867e-09,-0.00173831
9.568867e-09,-0.00167345
9.668867e-09,-0.00161767
9.768867e-09,-0.00157291
9.868867e-09,-0.00153919
9.968867e-09,-0.00151713
1.006887e-08,-0.00150481
1.016887e-08,-0.00150092
1.026887e-08,-0.00150416
1.036887e-08,-0.00151259
1.046887e-08,-0.00152362
1.056887e-08,-0.00153594
1.066887e-08,-0.00154697
1.076887e-08,-0.0015567
1.086887e-08,-0.00156383
1.096887e-08,-0.00156837
1.106887e-08,-0.00157032
1.116887e-08,-0.00157032
1.126887e-08,-0.00156967
1.136887e-08,-0.00156837
1.146887e-08,-0.00156643
1.156887e-08,-0.00156448
1.166887e-08,-0.00156189
1.176887e-08,-0.00155994
1.186887e-08,-0.00155735
1.196887e-08,-0.00155475
1.206887e-08,-0.00155216
1.216887e-08,-0.00155086
1.226887e-08,-0.00155086
1.236887e-08,-0.00155346
1.246887e-08,-0.001558
1.256887e-08,-0.00156513
1.266887e-08,-0.00157356
1.276887e-08,-0.00158394
1.286887e-08,-0.00159367
1.296887e-08,-0.0016021
1.306887e-08,-0.00160729
1.316887e-08,-0.00160859
1.326887e-08,-0.00160599
1.336887e-08,-0.00159951
1.346887e-08,-0.00158848
1.356887e-08,-0.00157551
1.366887e-08,-0.00156059
1.376887e-08,-0.00154502
1.386887e-08,-0.00153011
1.396887e-08,-0.00151519
1.406887e-08,-0.00150221
1.416887e-08,-0.00148859
1.426887e-08,-0.00147562
1.436887e-08,-0.0014607
1.446887e-08,-0.00144384
1.456887e-08,-0.00142373
1.466887e-08,-0.00139973
1.476887e-08,-0.00137184
1.486887e-08,-0.00134136
1.496887e-08,-0.00130828
1.506887e-08,-0.0012752
1.516887e-08,-0.00124406
1.526887e-08,-0.00121747
1.536887e-08,-0.00119607
1.546887e-08,-0.00118115
1.556887e-08,-0.00117272
1.566887e-08,-0.00117077
1.576887e-08,-0.00117466
1.586887e-08,-0.00118244
1.596887e-08,-0.00119153
1.606887e-08,-0.00120125
1.616887e-08,-0.00120904
1.626887e-08,-0.00121293
1.636887e-08,-0.00121228
1.646887e-08,-0.00120774
1.656887e-08,-0.00119801
1.666887e-08,-0.00118439
1.676887e-08,-0.00116753
1.686887e-08,-0.00114677
1.696887e-08,-0.00112342
1.706887e-08,-0.00109877
1.716887e-08,-0.00107283
1.726887e-08,-0.00104688
1.736887e-08,-0.00102224
1.746887e-08,-0.000999534
1.756887e-08,-0.000979427
1.766887e-08,-0.000962563
1.776887e-08,-0.00094959
1.786887e-08,-0.000939212
1.796887e-08,-0.000931429
1.806887e-08,-0.00092624
1.816887e-08,-0.0009217
1.826887e-08,-0.000917808
1.836887e-08,-0.000912619
1.846887e-08,-0.000905484
1.856887e-08,-0.000895755
1.866887e-08,-0.000882134
1.876887e-08,-0.00086527
1.886887e-08,-0.00084646
1.896887e-08,-0.000827001
1.906887e-08,-0.000806894
1.916887e-08,-0.000786787
1.926887e-08,-0.000767977
1.936887e-08,-0.000749815
1.946887e-08,-0.000731654
1.956887e-08,-0.00071479
1.966887e-08,-0.000696628
1.976887e-08,-0.000676521
1.986887e-08,-0.000653819
1.996887e-08,-0.000629172
2.006887e-08,-0.00060193
2.016887e-08,-0.000574039
2.026887e-08,-0.000546149
2.036887e-08,-0.000520852
2.046887e-08,-0.000498799
2.056887e-08,-0.000482584
2.066887e-08,-0.000472206
2.076887e-08,-0.000467666
2.086887e-08,-0.000468963
2.096887e-08,-0.000474152
2.106887e-08,-0.000479989
2.116887e-08,-0.000485178
2.126887e-08,-0.000487773
2.136887e-08,-0.000486475
2.146887e-08,-0.000480638
2.156887e-08,-0.00047026
2.166887e-08,-0.000455342
2.176887e-08,-0.000438478
2.186887e-08,-0.000420316
2.196887e-08,-0.000404749
2.206887e-08,-0.000391777
2.216887e-08,-0.000384642
2.226887e-08,-0.000382048
2.236887e-08,-0.000383994
2.246887e-08,-0.000391128
2.256887e-08,-0.000401506
2.266887e-08,-0.000413181
2.276887e-08,-0.000426154
2.286887e-08,-0.000438478
2.296887e-08,-0.000450153
2.306887e-08,-0.000459882
2.316887e-08,-0.000469611
2.326887e-08,-0.000479341
2.336887e-08,-0.000490367
2.346887e-08,-0.000501394
2.356887e-08,-0.000513718
2.366887e-08,-0.000527339
2.376887e-08,-0.000542257
2.386887e-08,-0.000557824
2.396887e-08,-0.000573391
2.406887e-08,-0.000588957
2.416887e-08,-0.000603227
2.426887e-08,-0.0006162
2.436887e-08,-0.000627875
2.446887e-08,-0.000637604
2.456887e-08,-0.000646036
2.466887e-08,-0.000652522
2.476887e-08,-0.000657711
2.486887e-08,-0.000660306
2.496887e-08,-0.000660954
2.506887e-08,-0.000659008
2.516887e-08,-0.000654468
2.526887e-08,-0.000647982
2.536887e-08,-0.000638901
2.546887e-08,-0.000628523
2.556887e-08,-0.000617497
2.566887e-08,-0.000607767
2.576887e-08,-0.000599984
2.586887e-08,-0.000594146
2.596887e-08,-0.000590255
2.606887e-08,-0.00058766
2.616887e-08,-0.000587012
2.626887e-08,-0.000585714
2.636887e-08,-0.00058312
2.646887e-08,-0.000577931
2.656887e-08,-0.000570147
2.666887e-08,-0.000558472
2.676887e-08,-0.000544203
2.686887e-08,-0.000529284
2.696887e-08,-0.000514366
2.706887e-08,-0.000500745
2.716887e-08,-0.000489719
2.726887e-08,-0.000481935
2.736887e-08,-0.000477395
2.746887e-08,-0.000476098
2.756887e-08,-0.000476746
2.766887e-08,-0.000478043
2.776887e-08,-0.000478043
2.786887e-08,-0.000474152
2.796887e-08,-0.000467017
2.806887e-08,-0.000455342
2.816887e-08,-0.000440423
2.826887e-08,-0.000422262
2.836887e-08,-0.000402155
2.846887e-08,-0.00038075
2.856887e-08,-0.000359346
2.866887e-08,-0.00033859
2.876887e-08,-0.000319131
2.886887e-08,-0.00030097
2.896887e-08,-0.000284755
2.906887e-08,-0.000269188
2.916887e-08,-0.000254269
2.926887e-08,-0.000241297
2.936887e-08,-0.000230271
2.946887e-08,-0.000222487
2.956887e-08,-0.000217947
2.966887e-08,-0.000218595
2.976887e-08,-0.000223784
2.986887e-08,-0.000234162
2.996887e-08,-0.000248432
3.006887e-08,-0.000265945
3.016887e-08,-0.000283457
3.026887e-08,-0.000299673
3.036887e-08,-0.000313943
3.046887e-08,-0.000323672
3.056887e-08,-0.000328212
3.066887e-08,-0.000327564
3.076887e-08,-0.000322375
3.086887e-08,-0.000313943
3.096887e-08,-0.000304213
3.106887e-08,-0.000293835
3.116887e-08,-0.000284106
3.126887e-08,-0.000275674
3.136887e-08,-0.000269188
3.146887e-08,-0.000263999
3.156887e-08,-0.000258161
3.166887e-08,-0.000251675
3.176887e-08,-0.000241946
3.186887e-08,-0.000228325
3.196887e-08,-0.000210163
3.206887e-08,-0.000189407
3.216887e-08,-0.00016476
3.226887e-08,-0.000139464
3.236887e-08,-0.000114168
3.246887e-08,-9.21144e-05
3.256887e-08,-7.39531e-05
3.266887e-08,-6.09807e-05
3.276887e-08,-5.38459e-05
3.286887e-08,-5.31972e-05
3.296887e-08,-5.83862e-05
3.306887e-08,-6.68183e-05
3.316887e-08,-7.84934e-05
3.326887e-08,-9.27631e-05
3.336887e-08,-0.000109627
3.346887e-08,-0.000126491
3.356887e-08,-0.000144653
3.366887e-08,-0.000164111
3.376887e-08,-0.00018357
3.386887e-08,-0.00020238
3.396887e-08,-0.000221838
3.406887e-08,-0.000240648
3.416887e-08,-0.00025881
3.426887e-08,-0.000273728
3.436887e-08,-0.0002867
3.446887e-08,-0.000295781
3.456887e-08,-0.000301619
3.466887e-08,-0.000303565
3.476887e-08,-0.000302916
3.486887e-08,-0.00030097
3.496887e-08,-0.000299024
3.506887e-08,-0.000299024
3.516887e-08,-0.000301619
3.526887e-08,-0.000310051
3.536887e-08,-0.000322375
3.546887e-08,-0.000339239
3.556887e-08,-0.000359995
3.566887e-08,-0.000382696
3.576887e-08,-0.000406695
3.586887e-08,-0.0004281
3.596887e-08,-0.000447558
3.606887e-08,-0.000464422
3.616887e-08,-0.000476098
3.626887e-08,-0.000483232
3.636887e-08,-0.000485178
3.646887e-08,-0.000482584
3.656887e-08,-0.000477395
3.666887e-08,-0.000468314
3.676887e-08,-0.00045599
3.686887e-08,-0.000441721
3.696887e-08,-0.000424857
3.706887e-08,-0.000407344
3.716887e-08,-0.000388534
3.726887e-08,-0.000369724
3.736887e-08,-0.000351563
3.746887e-08,-0.000335347
3.756887e-08,-0.000321077
3.766887e-08,-0.000310051
3.776887e-08,-0.000302267
3.786887e-08,-0.000295781
3.796887e-08,-0.000289944
3.806887e-08,-0.000284106
3.816887e-08,-0.000276971
3.826887e-08,-0.000267242
3.836887e-08,-0.000254918
3.846887e-08,-0.000238054
3.856887e-08,-0.000217298
3.866887e-08,-0.000192651
3.876887e-08,-0.000166706
3.886887e-08,-0.00014141
3.896887e-08,-0.000118059
3.906887e-08,-9.86006e-05
3.916887e-08,-8.36824e-05
3.926887e-08,-7.46017e-05
3.936887e-08,-7.00614e-05
3.946887e-08,-6.94127e-05
3.956887e-08,-7.13586e-05
3.966887e-08,-7.46017e-05
3.976887e-08,-7.78448e-05
3.986887e-08,-7.9142e-05
3.996887e-08,-7.97907e-05
4.006887e-08,-7.97907e-05
4.016887e-08,-7.84934e-05
4.026887e-08,-7.58989e-05
4.036887e-08,-7.39531e-05
4.046887e-08,-7.26558e-05
4.056887e-08,-7.33045e-05
4.066887e-08,-7.52503e-05
4.076887e-08,-7.78448e-05
4.086887e-08,-8.04393e-05
4.096887e-08,-8.04393e-05
4.106887e-08,-7.9142e-05
4.116887e-08,-7.52503e-05
4.126887e-08,-7.00614e-05
4.136887e-08,-6.42238e-05
4.146887e-08,-5.90348e-05
4.156887e-08,-5.7089e-05
4.166887e-08,-6.09807e-05
4.176887e-08,-7.071e-05
4.186887e-08,-8.69255e-05
4.196887e-08,-0.000110276
4.206887e-08,-0.000139464
4.216887e-08,-0.000171895
4.226887e-08,-0.000205623
4.236887e-08,-0.000238054
4.246887e-08,-0.000266593
4.256887e-08,-0.000289295
4.266887e-08,-0.000304862
4.276887e-08,-0.000312645
4.286887e-08,-0.00031524
4.296887e-08,-0.000313294
4.306887e-08,-0.000308754
4.316887e-08,-0.000304213
4.326887e-08,-0.000299024
4.336887e-08,-0.000294484
4.346887e-08,-0.000289944
4.356887e-08,-0.000286052
4.366887e-08,-0.00028216
4.376887e-08,-0.00027762
4.386887e-08,-0.000271134
4.396887e-08,-0.000262702
4.406887e-08,-0.000254269
4.416887e-08,-0.000245189
4.426887e-08,-0.000237405
4.436887e-08,-0.000232216
4.446887e-08,-0.000230919
4.456887e-08,-0.000233514
4.466887e-08,-0.000240648
4.476887e-08,-0.000251026
4.486887e-08,-0.000263999
4.496887e-08,-0.000276971
4.506887e-08,-0.000287998
4.516887e-08,-0.00029643
4.526887e-08,-0.000302267
4.536887e-08,-0.000304213
4.546887e-08,-0.000302916
4.556887e-08,-0.000300322
4.566887e-08,-0.000297727
4.576887e-08,-0.000295781
4.586887e-08,-0.000295781
4.596887e-08,-0.000297078
4.606887e-08,-0.000299673
4.616887e-08,-0.000302267
4.626887e-08,-0.000302267
4.636887e-08,-0.000297727
4.646887e-08,-0.000287998
4.656887e-08,-0.000271782
4.666887e-08,-0.000249081
4.676887e-08,-0.000221838
4.686887e-08,-0.000191353
4.696887e-08,-0.00016022
4.706887e-08,-0.000131032
4.716887e-08,-0.000105735
4.726887e-08,-8.62769e-05
4.736887e-08,-7.39531e-05
4.746887e-08,-6.68183e-05
4.756887e-08,-6.5521e-05
4.766887e-08,-6.87641e-05
4.776887e-08,-7.39531e-05
4.786887e-08,-7.97907e-05
4.796887e-08,-8.62769e-05
4.806887e-08,-9.40603e-05
4.816887e-08,-0.000101844
4.826887e-08,-0.000111573
4.836887e-08,-0.000123248
4.846887e-08,-0.000137518
4.856887e-08,-0.000155031
4.866887e-08,-0.000175786
4.876887e-08,-0.000197191
4.886887e-08,-0.000218595
4.896887e-08,-0.000237405
4.906887e-08,-0.000252324
4.916887e-08,-0.000262053
4.926887e-08,-0.000266593
4.936887e-08,-0.000265945
4.946887e-08,-0.000260756
4.956887e-08,-0.000252972
4.966887e-08,-0.000245189
4.976887e-08,-0.000238054
4.986887e-08,-0.000234162
4.996887e-08,-0.000232865
5.006887e-08,-0.000233514
5.016887e-08,-0.000234162
5.026887e-08,-0.000232865
5.036887e-08,-0.000228325
5.046887e-08,-0.000219244
5.056887e-08,-0.000203677
5.066887e-08,-0.000181624
5.076887e-08,-0.000154382
5.086887e-08,-0.000123897
5.096887e-08,-9.27631e-05
5.106887e-08,-6.42238e-05
5.116887e-08,-4.02248e-05
5.126887e-08,-2.33607e-05
5.136887e-08,-1.29828e-05
5.146887e-08,-8.44244e-06
5.156887e-08,-9.09106e-06
5.166887e-08,-1.16855e-05
5.176887e-08,-1.55773e-05
5.186887e-08,-1.75231e-05
5.196887e-08,-1.55773e-05
5.206887e-08,-1.10369e-05
5.216887e-08,-3.9021e-06
5.226887e-08,5.17858e-06
5.236887e-08,1.42593e-05
5.246887e-08,2.07455e-05
5.256887e-08,2.39886e-05
5.266887e-08,2.26913e-05
5.276887e-08,1.62051e-05
5.286887e-08,5.17858e-06
5.296887e-08,-8.44244e-06
5.306887e-08,-2.33607e-05
5.316887e-08,-3.8279e-05
5.326887e-08,-5.19e-05
5.336887e-08,-6.35752e-05
5.346887e-08,-7.26558e-05
5.356887e-08,-7.9142e-05
5.366887e-08,-8.49796e-05
5.376887e-08,-9.08172e-05
5.386887e-08,-9.60062e-05
5.396887e-08,-0.000101844
5.406887e-08,-0.00010833
5.416887e-08,-0.000116113
5.426887e-08,-0.000123248
5.436887e-08,-0.000130383
5.446887e-08,-0.000137518
5.456887e-08,-0.000145301
5.466887e-08,-0.000154382
5.476887e-08,-0.000166057
5.486887e-08,-0.00018357
5.496887e-08,-0.000208217
5.506887e-08,-0.000239351
5.516887e-08,-0.000278917
5.526887e-08,-0.000324969
5.536887e-08,-0.000375561
5.546887e-08,-0.000425505
5.556887e-08,-0.000472206
5.566887e-08,-0.000511123
5.576887e-08,-0.000538365
5.586887e-08,-0.000552635
5.596887e-08,-0.000551338
5.606887e-08,-0.000535122
5.616887e-08,-0.000506583
5.626887e-08,-0.000468963
5.636887e-08,-0.000424857
5.646887e-08,-0.000378805
5.656887e-08,-0.000333401
5.666887e-08,-0.000291241
5.676887e-08,-0.000254269
5.686887e-08,-0.000223784
5.696887e-08,-0.000197191
5.706887e-08,-0.000175138
5.716887e-08,-0.000156976
5.726887e-08,-0.00014141
5.736887e-08,-0.000127789
5.746887e-08,-0.000116113
5.756887e-08,-0.000107033
5.766887e-08,-9.98979e-05
5.776887e-08,-9.66548e-05
5.786887e-08,-9.60062e-05
5.796887e-08,-9.86006e-05
5.806887e-08,-0.00010379
5.816887e-08,-0.000109627
5.826887e-08,-0.000114816
5.836887e-08,-0.000118059
5.846887e-08,-0.000118708
5.856887e-08,-0.000114816
5.866887e-08,-0.000106384
5.876887e-08,-9.34117e-05
5.886887e-08,-7.78448e-05
5.896887e-08,-6.03321e-05
5.906887e-08,-4.28193e-05
5.916887e-08,-2.66038e-05
5.926887e-08,-1.428e-05
5.936887e-08,-5.84796e-06
5.946887e-08,-2.60486e-06
5.956887e-08,-4.55072e-06
5.966887e-08,-1.16855e-05
5.976887e-08,-2.40093e-05
5.986887e-08,-3.8279e-05
5.996887e-08,-5.51431e-05
6.006887e-08,-7.20072e-05
6.016887e-08,-8.952e-05
6.026887e-08,-0.000104438
6.036887e-08,-0.000116113
6.046887e-08,-0.000124545
6.056887e-08,-0.000129086
6.066887e-08,-0.000129734
6.076887e-08,-0.000125194
6.086887e-08,-0.000117411
6.096887e-08,-0.000106384
6.106887e-08,-9.21144e-05
6.116887e-08,-7.65476e-05
6.126887e-08,-6.09807e-05
6.136887e-08,-4.6711e-05
6.146887e-08,-3.50359e-05
6.156887e-08,-2.7901e-05
6.166887e-08,-2.53066e-05
6.176887e-08,-2.91983e-05
6.186887e-08,-3.69817e-05
6.196887e-08,-4.99541e-05
6.206887e-08,-6.5521e-05
6.216887e-08,-8.36824e-05
6.226887e-08,-0.000101195
6.236887e-08,-0.000118059
6.246887e-08,-0.00013168
6.256887e-08,-0.000143355
6.266887e-08,-0.000151139
6.276887e-08,-0.000155031
6.286887e-08,-0.000156328
6.296887e-08,-0.000155679
6.306887e-08,-0.000153085
6.316887e-08,-0.000149842
6.326887e-08,-0.000145301
6.336887e-08,-0.000140112
6.346887e-08,-0.000133626
6.356887e-08,-0.000123897
6.366887e-08,-0.000111573
6.376887e-08,-9.66548e-05
6.386887e-08,-8.04393e-05
6.396887e-08,-6.35752e-05
6.406887e-08,-4.73596e-05
6.416887e-08,-3.309e-05
6.426887e-08,-2.20635e-05
6.436887e-08,-1.68745e-05
6.446887e-08,-1.81717e-05
6.456887e-08,-2.53066e-05
6.466887e-08,-3.89276e-05
6.476887e-08,-5.57917e-05
6.486887e-08,-7.52503e-05
6.496887e-08,-9.47089e-05
6.506887e-08,-0.000111573
6.516887e-08,-0.000123897
6.526887e-08,-0.000130383
6.536887e-08,-0.000132329
6.546887e-08,-0.000129086
6.556887e-08,-0.000123248
6.566887e-08,-0.000116762
6.576887e-08,-0.000110276
6.586887e-08,-0.000104438
6.596887e-08,-0.000101195
6.606887e-08,-9.86006e-05
6.616887e-08,-9.66548e-05
6.626887e-08,-9.47089e-05
6.636887e-08,-9.01686e-05
6.646887e-08,-8.36824e-05
6.656887e-08,-7.46017e-05
6.666887e-08,-6.22779e-05
6.676887e-08,-4.86569e-05
6.686887e-08,-3.56845e-05
6.696887e-08,-2.53066e-05
6.706887e-08,-1.81717e-05
6.716887e-08,-1.62259e-05
6.726887e-08,-1.88204e-05
6.736887e-08,-2.59552e-05
6.746887e-08,-3.43872e-05
6.756887e-08,-4.34679e-05
6.766887e-08,-4.99541e-05
6.776887e-08,-5.25486e-05
6.786887e-08,-4.86569e-05
6.796887e-08,-3.8279e-05
6.806887e-08,-2.33607e-05
6.816887e-08,-4.55072e-06
6.826887e-08,1.62051e-05
6.836887e-08,3.56637e-05
6.846887e-08,5.25279e-05
6.856887e-08,6.35544e-05
6.866887e-08,6.87434e-05
6.876887e-08,6.67975e-05
6.886887e-08,6.03113e-05
6.896887e-08,4.92848e-05
6.906887e-08,3.56637e-05
6.916887e-08,2.13941e-05
6.926887e-08,7.12444e-06
6.936887e-08,-7.1452e-06
6.946887e-08,-2.14148e-05
6.956887e-08,-3.76303e-05
6.966887e-08,-5.64403e-05
6.976887e-08,-7.9142e-05
6.986887e-08,-0.000106384
6.996887e-08,-0.000138166
7.006887e-08,-0.000175786
7.016887e-08,-0.000215352
7.026887e-08,-0.000255567
7.036887e-08,-0.000293835
7.046887e-08,-0.000328212
7.056887e-08,-0.000356103
7.066887e-08,-0.000375561
7.076887e-08,-0.000386588
7.086887e-08,-0.000389831
7.096887e-08,-0.000385939
7.106887e-08,-0.00037621
7.116887e-08,-0.00036194
7.126887e-08,-0.000344428
7.136887e-08,-0.00032432
7.146887e-08,-0.000302267
7.156887e-08,-0.000278268
7.166887e-08,-0.000252324
7.176887e-08,-0.000223784
7.186887e-08,-0.000193299
7.196887e-08,-0.000161517
7.206887e-08,-0.000129734
7.216887e-08,-9.92493e-05
7.226887e-08,-7.13586e-05
7.236887e-08,-4.86569e-05
7.246887e-08,-3.309e-05
7.256887e-08,-2.53066e-05
7.266887e-08,-2.59552e-05
7.276887e-08,-3.37386e-05
7.286887e-08,-4.86569e-05
7.296887e-08,-6.87641e-05
7.306887e-08,-9.08172e-05
7.316887e-08,-0.000114816
7.326887e-08,-0.000138166
7.336887e-08,-0.000159571
7.346887e-08,-0.000178381
7.356887e-08,-0.000193948
7.366887e-08,-0.00020692
7.376887e-08,-0.00021665
7.386887e-08,-0.000223784
7.396887e-08,-0.000228973
7.406887e-08,-0.000231568
7.416887e-08,-0.000231568
7.426887e-08,-0.000229622
7.436887e-08,-0.00022573
7.446887e-08,-0.000220541
7.456887e-08,-0.000214704
7.466887e-08,-0.000209515
7.476887e-08,-0.000205623
7.486887e-08,-0.000203677
7.496887e-08,-0.000205623
7.506887e-08,-0.000210163
7.516887e-08,-0.000218595
7.526887e-08,-0.000229622
7.536887e-08,-0.000241297
7.546887e-08,-0.000251026
7.556887e-08,-0.000257513
7.566887e-08,-0.00025881
7.576887e-08,-0.000253621
7.586887e-08,-0.00024
7.596887e-08,-0.000219244
7.606887e-08,-0.000190705
7.616887e-08,-0.000157625
7.626887e-08,-0.000121951
7.636887e-08,-8.49796e-05
7.646887e-08,-4.99541e-05
7.656887e-08,-1.75231e-05
7.666887e-08,1.16648e-05
7.676887e-08,3.63124e-05
7.686887e-08,5.5771e-05
7.696887e-08,7.19865e-05
7.706887e-08,8.43102e-05
7.716887e-08,9.33909e-05
7.726887e-08,9.98771e-05
