LECROYWaveRunner‘N,20113,Waveform
Segments,1,SegmentSize,2002
Segment,TrigTime,TimeSinceSegment1
#1,28-Sep-2018 13:20:30,0                 
Time,Ampl
-1.228024e-07,-9.98979e-05
-1.227024e-07,-7.78448e-05
-1.226024e-07,-5.25486e-05
-1.225024e-07,-2.72524e-05
-1.224024e-07,-1.95624e-06
-1.223024e-07,2.13941e-05
-1.222024e-07,4.15013e-05
-1.221024e-07,5.70682e-05
-1.220024e-07,6.87434e-05
-1.219024e-07,7.71754e-05
-1.218024e-07,8.23644e-05
-1.217024e-07,8.62561e-05
-1.216024e-07,8.8202e-05
-1.215024e-07,9.01478e-05
-1.214024e-07,9.20937e-05
-1.213024e-07,9.53368e-05
-1.212024e-07,9.79313e-05
-1.211024e-07,0.000100526
-1.210024e-07,0.000101823
-1.209024e-07,0.000101174
-1.208024e-07,9.92285e-05
-1.207024e-07,9.59854e-05
-1.206024e-07,9.20937e-05
-1.205024e-07,8.8202e-05
-1.204024e-07,8.56075e-05
-1.203024e-07,8.36616e-05
-1.202024e-07,8.3013e-05
-1.201024e-07,8.43102e-05
-1.200024e-07,8.62561e-05
-1.199024e-07,8.88506e-05
-1.198024e-07,8.94992e-05
-1.197024e-07,8.69047e-05
-1.196024e-07,8.10671e-05
-1.195024e-07,7.06892e-05
-1.194024e-07,5.64196e-05
-1.193024e-07,3.82582e-05
-1.192024e-07,1.87996e-05
-1.191024e-07,-1.95624e-06
-1.190024e-07,-2.14148e-05
-1.189024e-07,-3.95762e-05
-1.188024e-07,-5.31972e-05
-1.187024e-07,-6.35752e-05
-1.186024e-07,-7.071e-05
-1.185024e-07,-7.52503e-05
-1.184024e-07,-7.9142e-05
-1.183024e-07,-8.10879e-05
-1.182024e-07,-8.4331e-05
-1.181024e-07,-8.82227e-05
-1.180024e-07,-9.47089e-05
-1.179024e-07,-0.00010379
-1.178024e-07,-0.000114816
-1.177024e-07,-0.000129086
-1.176024e-07,-0.000144653
-1.175024e-07,-0.000160868
-1.174024e-07,-0.000177084
-1.173024e-07,-0.000192651
-1.172024e-07,-0.000206272
-1.171024e-07,-0.000217298
-1.170024e-07,-0.000223784
-1.169024e-07,-0.000225082
-1.168024e-07,-0.000220541
-1.167024e-07,-0.000208866
-1.166024e-07,-0.000190705
-1.165024e-07,-0.000167354
-1.164024e-07,-0.000139464
-1.163024e-07,-0.000107681
-1.162024e-07,-7.52503e-05
-1.161024e-07,-4.34679e-05
-1.160024e-07,-1.428e-05
-1.159024e-07,1.03675e-05
-1.158024e-07,2.98261e-05
-1.157024e-07,4.27986e-05
-1.156024e-07,4.99334e-05
-1.155024e-07,5.18792e-05
-1.154024e-07,5.0582e-05
-1.153024e-07,4.60417e-05
-1.152024e-07,4.15013e-05
-1.151024e-07,3.82582e-05
-1.150024e-07,3.82582e-05
-1.149024e-07,4.15013e-05
-1.148024e-07,4.79875e-05
-1.147024e-07,5.70682e-05
-1.146024e-07,6.80947e-05
-1.145024e-07,7.84727e-05
-1.144024e-07,8.88506e-05
-1.143024e-07,9.59854e-05
-1.142024e-07,9.92285e-05
-1.141024e-07,9.85799e-05
-1.140024e-07,9.27423e-05
-1.139024e-07,8.36616e-05
-1.138024e-07,7.19865e-05
-1.137024e-07,5.83654e-05
-1.136024e-07,4.40958e-05
-1.135024e-07,3.11234e-05
-1.134024e-07,1.87996e-05
-1.133024e-07,7.77306e-06
-1.132024e-07,-3.25348e-06
-1.131024e-07,-1.36314e-05
-1.130024e-07,-2.46579e-05
-1.129024e-07,-3.76303e-05
-1.128024e-07,-5.19e-05
-1.127024e-07,-6.81155e-05
-1.126024e-07,-8.62769e-05
-1.125024e-07,-0.000105087
-1.124024e-07,-0.000123897
-1.123024e-07,-0.000140761
-1.122024e-07,-0.000155031
-1.121024e-07,-0.000167354
-1.120024e-07,-0.000177732
-1.119024e-07,-0.000185516
-1.118024e-07,-0.000192651
-1.117024e-07,-0.000199785
-1.116024e-07,-0.000207569
-1.115024e-07,-0.000215352
-1.114024e-07,-0.000223136
-1.113024e-07,-0.000228973
-1.112024e-07,-0.000232216
-1.111024e-07,-0.000230271
-1.110024e-07,-0.000222487
-1.109024e-07,-0.000207569
-1.108024e-07,-0.000186164
-1.107024e-07,-0.000158922
-1.106024e-07,-0.00012714
-1.105024e-07,-9.34117e-05
-1.104024e-07,-6.09807e-05
-1.103024e-07,-2.98469e-05
-1.102024e-07,-3.25348e-06
-1.101024e-07,1.87996e-05
-1.100024e-07,3.6961e-05
-1.099024e-07,5.25279e-05
-1.098024e-07,6.61489e-05
-1.097024e-07,7.97699e-05
-1.096024e-07,9.53368e-05
-1.095024e-07,0.000112201
-1.094024e-07,0.000131011
-1.093024e-07,0.000151118
-1.092024e-07,0.000171874
-1.091024e-07,0.000191333
-1.090024e-07,0.000208197
-1.089024e-07,0.00022052
-1.088024e-07,0.000228304
-1.087024e-07,0.000230898
-1.086024e-07,0.000228953
-1.085024e-07,0.000223115
-1.084024e-07,0.000214683
-1.083024e-07,0.000204305
-1.082024e-07,0.000193927
-1.081024e-07,0.000183549
-1.080024e-07,0.000173171
-1.079024e-07,0.000161496
-1.078024e-07,0.000149172
-1.077024e-07,0.000134903
-1.076024e-07,0.000118038
-1.075024e-07,9.79313e-05
-1.074024e-07,7.58782e-05
-1.073024e-07,5.18792e-05
-1.072024e-07,2.78803e-05
-1.071024e-07,5.17858e-06
-1.070024e-07,-1.428e-05
-1.069024e-07,-3.11441e-05
-1.068024e-07,-4.28193e-05
-1.067024e-07,-4.99541e-05
-1.066024e-07,-5.44945e-05
-1.065024e-07,-5.64403e-05
-1.064024e-07,-5.90348e-05
-1.063024e-07,-6.29265e-05
-1.062024e-07,-7.00614e-05
-1.061024e-07,-8.17365e-05
-1.060024e-07,-9.7952e-05
-1.059024e-07,-0.000118708
-1.058024e-07,-0.000143355
-1.057024e-07,-0.000170597
-1.056024e-07,-0.000198488
-1.055024e-07,-0.000224433
-1.054024e-07,-0.000248432
-1.053024e-07,-0.000269188
-1.052024e-07,-0.000286052
-1.051024e-07,-0.000299024
-1.050024e-07,-0.000309402
-1.049024e-07,-0.000316537
-1.048024e-07,-0.000320429
-1.047024e-07,-0.000320429
-1.046024e-07,-0.000317186
-1.045024e-07,-0.000308105
-1.044024e-07,-0.000293187
-1.043024e-07,-0.000271134
-1.042024e-07,-0.000241297
-1.041024e-07,-0.000205623
-1.040024e-07,-0.000163463
-1.039024e-07,-0.000116762
-1.038024e-07,-6.87641e-05
-1.037024e-07,-2.20635e-05
-1.036024e-07,2.13941e-05
-1.035024e-07,5.90141e-05
-1.034024e-07,9.01478e-05
-1.033024e-07,0.00011285
-1.032024e-07,0.000128416
-1.031024e-07,0.000138146
-1.030024e-07,0.000143983
-1.029024e-07,0.000147226
-1.028024e-07,0.000149821
-1.027024e-07,0.000153064
-1.026024e-07,0.000155658
-1.025024e-07,0.000158902
-1.024024e-07,0.000162793
-1.023024e-07,0.000166685
-1.022024e-07,0.000169928
-1.021024e-07,0.000173171
-1.020024e-07,0.000176414
-1.019024e-07,0.000179657
-1.018024e-07,0.000184198
-1.017024e-07,0.000190035
-1.016024e-07,0.000199116
-1.015024e-07,0.000210791
-1.014024e-07,0.000225061
-1.013024e-07,0.000241925
-1.012024e-07,0.000259438
-1.011024e-07,0.00027695
-1.010024e-07,0.000293166
-1.009024e-07,0.000306787
-1.008024e-07,0.000316516
-1.007024e-07,0.0003243
-1.006024e-07,0.000328191
-1.005024e-07,0.000330786
-1.004024e-07,0.000330786
-1.003024e-07,0.000330786
-1.002024e-07,0.000330137
-1.001024e-07,0.000329489
-1.000024e-07,0.00032884
-9.99024e-08,0.00032884
-9.98024e-08,0.00032884
-9.97024e-08,0.000327543
-9.96024e-08,0.000324948
-9.95024e-08,0.000321057
-9.94024e-08,0.000315868
-9.93024e-08,0.000308733
-9.92024e-08,0.000299652
-9.91024e-08,0.000289274
-9.90024e-08,0.000277599
-9.89024e-08,0.000263329
-9.88024e-08,0.000247114
-9.87024e-08,0.000227655
-9.86024e-08,0.000204305
-9.85024e-08,0.000177063
-9.84024e-08,0.000143335
-9.83024e-08,0.000105715
-9.82024e-08,6.35544e-05
-9.81024e-08,1.87996e-05
-9.80024e-08,-2.66038e-05
-9.79024e-08,-6.94127e-05
-9.78024e-08,-0.000107033
-9.77024e-08,-0.000138815
-9.76024e-08,-0.000161517
-9.75024e-08,-0.000174489
-9.74024e-08,-0.00017903
-9.73024e-08,-0.000175786
-9.72024e-08,-0.000166706
-9.71024e-08,-0.000155031
-9.70024e-08,-0.000143355
-9.69024e-08,-0.000134275
-9.68024e-08,-0.000129734
-9.67024e-08,-0.000131032
-9.66024e-08,-0.000137518
-9.65024e-08,-0.000149842
-9.64024e-08,-0.000165409
-9.63024e-08,-0.000182921
-9.62024e-08,-0.000199785
-9.61024e-08,-0.000214055
-9.60024e-08,-0.000223784
-9.59024e-08,-0.000228973
-9.58024e-08,-0.000227676
-9.57024e-08,-0.000221838
-9.56024e-08,-0.000210163
-9.55024e-08,-0.000193948
-9.54024e-08,-0.000175138
-9.53024e-08,-0.000153733
-9.52024e-08,-0.000130383
-9.51024e-08,-0.000104438
-9.50024e-08,-7.78448e-05
-9.49024e-08,-4.99541e-05
-9.48024e-08,-2.27121e-05
-9.47024e-08,3.88134e-06
-9.46024e-08,2.85289e-05
-9.45024e-08,4.92848e-05
-9.44024e-08,6.61489e-05
-9.43024e-08,7.97699e-05
-9.42024e-08,9.07964e-05
-9.41024e-08,9.85799e-05
-9.40024e-08,0.00010312
-9.39024e-08,0.000107012
-9.38024e-08,0.000111552
-9.37024e-08,0.000116093
-9.36024e-08,0.000122579
-9.35024e-08,0.000130362
-9.34024e-08,0.000138794
-9.33024e-08,0.000146578
-9.32024e-08,0.000151767
-9.31024e-08,0.000153713
-9.30024e-08,0.000150469
-9.29024e-08,0.000141389
-9.28024e-08,0.000126471
-9.27024e-08,0.000107012
-9.26024e-08,8.3013e-05
-9.25024e-08,5.70682e-05
-9.24024e-08,2.85289e-05
-9.23024e-08,6.38242e-07
-9.22024e-08,-2.53066e-05
-9.21024e-08,-4.93055e-05
-9.20024e-08,-6.94127e-05
-9.19024e-08,-8.69255e-05
-9.18024e-08,-0.000101195
-9.17024e-08,-0.00011287
-9.16024e-08,-0.000124545
-9.15024e-08,-0.000134923
-9.14024e-08,-0.00014595
-9.13024e-08,-0.000155679
-9.12024e-08,-0.000164111
-9.11024e-08,-0.000169949
-9.10024e-08,-0.000172543
-9.09024e-08,-0.000171895
-9.08024e-08,-0.000168003
-9.07024e-08,-0.000160868
-9.06024e-08,-0.000151787
-9.05024e-08,-0.00014141
-9.04024e-08,-0.000131032
-9.03024e-08,-0.000121951
-9.02024e-08,-0.000114168
-9.01024e-08,-0.00010833
-9.00024e-08,-0.000104438
-8.99024e-08,-0.000101195
-8.98024e-08,-9.86006e-05
-8.97024e-08,-9.40603e-05
-8.96024e-08,-8.75741e-05
-8.95024e-08,-7.9142e-05
-8.94024e-08,-6.87641e-05
-8.93024e-08,-5.77376e-05
-8.92024e-08,-4.60624e-05
-8.91024e-08,-3.56845e-05
-8.90024e-08,-2.66038e-05
-8.89024e-08,-2.07662e-05
-8.88024e-08,-1.68745e-05
-8.87024e-08,-1.36314e-05
-8.86024e-08,-9.73968e-06
-8.85024e-08,-4.55072e-06
-8.84024e-08,4.52996e-06
-8.83024e-08,1.87996e-05
-8.82024e-08,3.82582e-05
-8.81024e-08,6.22572e-05
-8.80024e-08,9.01478e-05
-8.79024e-08,0.000118687
-8.78024e-08,0.000143983
-8.77024e-08,0.000164091
-8.76024e-08,0.000176414
-8.75024e-08,0.000180306
-8.74024e-08,0.000175117
-8.73024e-08,0.000162145
-8.72024e-08,0.000143983
-8.71024e-08,0.000123227
-8.70024e-08,0.00010312
-8.69024e-08,8.43102e-05
-8.68024e-08,7.00406e-05
-8.67024e-08,6.03113e-05
-8.66024e-08,5.38251e-05
-8.65024e-08,4.79875e-05
-8.64024e-08,4.21499e-05
-8.63024e-08,3.30692e-05
-8.62024e-08,1.94482e-05
-8.61024e-08,6.38242e-07
-8.60024e-08,-2.40093e-05
-8.59024e-08,-5.38459e-05
-8.58024e-08,-8.62769e-05
-8.57024e-08,-0.000120005
-8.56024e-08,-0.000152436
-8.55024e-08,-0.000182921
-8.54024e-08,-0.000209515
-8.53024e-08,-0.000232216
-8.52024e-08,-0.000250378
-8.51024e-08,-0.000264647
-8.50024e-08,-0.000276971
-8.49024e-08,-0.000286052
-8.48024e-08,-0.000293835
-8.47024e-08,-0.000299024
-8.46024e-08,-0.000302267
-8.45024e-08,-0.000302916
-8.44024e-08,-0.000299024
-8.43024e-08,-0.000291241
-8.42024e-08,-0.000280863
-8.41024e-08,-0.000267242
-8.40024e-08,-0.000252972
-8.39024e-08,-0.000239351
-8.38024e-08,-0.000227676
-8.37024e-08,-0.000219893
-8.36024e-08,-0.000216001
-8.35024e-08,-0.00021665
-8.34024e-08,-0.00022119
-8.33024e-08,-0.000227027
-8.32024e-08,-0.000231568
-8.31024e-08,-0.000232865
-8.30024e-08,-0.000228973
-8.29024e-08,-0.000217947
-8.28024e-08,-0.000198488
-8.27024e-08,-0.000171246
-8.26024e-08,-0.000136869
-8.25024e-08,-9.7952e-05
-8.24024e-08,-5.57917e-05
-8.23024e-08,-1.16855e-05
-8.22024e-08,3.1772e-05
-8.21024e-08,7.32837e-05
-8.20024e-08,0.000111552
-8.19024e-08,0.000147226
-8.18024e-08,0.000179009
-8.17024e-08,0.000207548
-8.16024e-08,0.000232196
-8.15024e-08,0.000252951
-8.14024e-08,0.000268518
-8.13024e-08,0.000277599
-8.12024e-08,0.000280194
-8.11024e-08,0.000274356
-8.10024e-08,0.000260735
-8.09024e-08,0.000238682
-8.08024e-08,0.000210143
-8.07024e-08,0.000179009
-8.06024e-08,0.000147875
-8.05024e-08,0.000120633
-8.04024e-08,0.000101174
-8.03024e-08,9.27423e-05
-8.02024e-08,9.59854e-05
-8.01024e-08,0.000109606
-8.00024e-08,0.000133605
-7.99024e-08,0.000163442
-7.98024e-08,0.000195224
-7.97024e-08,0.000224412
-7.96024e-08,0.000247114
-7.95024e-08,0.000259438
-7.94024e-08,0.000260086
-7.93024e-08,0.000248411
-7.92024e-08,0.000226358
-7.91024e-08,0.00019717
-7.90024e-08,0.000162793
-7.89024e-08,0.000125822
-7.88024e-08,9.01478e-05
-7.87024e-08,5.83654e-05
-7.86024e-08,2.98261e-05
-7.85024e-08,5.17858e-06
-7.84024e-08,-1.62259e-05
-7.83024e-08,-3.56845e-05
-7.82024e-08,-5.44945e-05
-7.81024e-08,-7.26558e-05
-7.80024e-08,-9.08172e-05
-7.79024e-08,-0.00010833
-7.78024e-08,-0.000125194
-7.77024e-08,-0.000139464
-7.76024e-08,-0.000149842
-7.75024e-08,-0.000155679
-7.74024e-08,-0.000155031
-7.73024e-08,-0.000149842
-7.72024e-08,-0.000140761
-7.71024e-08,-0.000128437
-7.70024e-08,-0.000115465
-7.69024e-08,-0.000104438
-7.68024e-08,-9.53575e-05
-7.67024e-08,-8.88713e-05
-7.66024e-08,-8.56282e-05
-7.65024e-08,-8.56282e-05
-7.64024e-08,-8.82227e-05
-7.63024e-08,-9.21144e-05
-7.62024e-08,-9.66548e-05
-7.61024e-08,-0.000100547
-7.60024e-08,-0.00010379
-7.59024e-08,-0.000105087
-7.58024e-08,-0.000105087
-7.57024e-08,-0.00010379
-7.56024e-08,-0.000101844
-7.55024e-08,-9.98979e-05
-7.54024e-08,-9.66548e-05
-7.53024e-08,-9.40603e-05
-7.52024e-08,-9.08172e-05
-7.51024e-08,-8.62769e-05
-7.50024e-08,-7.97907e-05
-7.49024e-08,-7.20072e-05
-7.48024e-08,-6.29265e-05
-7.47024e-08,-5.31972e-05
-7.46024e-08,-4.47652e-05
-7.45024e-08,-3.76303e-05
-7.44024e-08,-3.37386e-05
-7.43024e-08,-3.17928e-05
-7.42024e-08,-3.309e-05
-7.41024e-08,-3.76303e-05
-7.40024e-08,-4.34679e-05
-7.39024e-08,-4.93055e-05
-7.38024e-08,-5.25486e-05
-7.37024e-08,-5.19e-05
-7.36024e-08,-4.60624e-05
-7.35024e-08,-3.43872e-05
-7.34024e-08,-1.75231e-05
-7.33024e-08,4.52996e-06
-7.32024e-08,2.85289e-05
-7.31024e-08,5.25279e-05
-7.30024e-08,7.52296e-05
-7.29024e-08,9.33909e-05
-7.28024e-08,0.000106363
-7.27024e-08,0.000113498
-7.26024e-08,0.000115444
-7.25024e-08,0.000113498
-7.24024e-08,0.000107661
-7.23024e-08,9.98771e-05
-7.22024e-08,9.20937e-05
-7.21024e-08,8.56075e-05
-7.20024e-08,8.04185e-05
-7.19024e-08,7.71754e-05
-7.18024e-08,7.39323e-05
-7.17024e-08,6.9392e-05
-7.16024e-08,6.22572e-05
-7.15024e-08,5.12306e-05
-7.14024e-08,3.6961e-05
-7.13024e-08,1.87996e-05
-7.12024e-08,-1.30762e-06
-7.11024e-08,-2.20635e-05
-7.10024e-08,-4.02248e-05
-7.09024e-08,-5.51431e-05
-7.08024e-08,-6.42238e-05
-7.07024e-08,-6.61696e-05
-7.06024e-08,-6.09807e-05
-7.05024e-08,-4.93055e-05
-7.04024e-08,-3.17928e-05
-7.03024e-08,-9.73968e-06
-7.02024e-08,1.49079e-05
-7.01024e-08,4.02041e-05
-7.00024e-08,6.35544e-05
-6.99024e-08,8.43102e-05
-6.98024e-08,0.000100526
-6.97024e-08,0.000111552
-6.96024e-08,0.000116741
-6.95024e-08,0.000116093
-6.94024e-08,0.000108958
-6.93024e-08,9.53368e-05
-6.92024e-08,7.58782e-05
-6.91024e-08,5.18792e-05
-6.90024e-08,2.46372e-05
-6.89024e-08,-3.9021e-06
-6.88024e-08,-3.17928e-05
-6.87024e-08,-5.57917e-05
-6.86024e-08,-7.39531e-05
-6.85024e-08,-8.56282e-05
-6.84024e-08,-9.08172e-05
-6.83024e-08,-8.75741e-05
-6.82024e-08,-7.9142e-05
-6.81024e-08,-6.61696e-05
-6.80024e-08,-5.25486e-05
-6.79024e-08,-3.89276e-05
-6.78024e-08,-2.85497e-05
-6.77024e-08,-2.40093e-05
-6.76024e-08,-2.46579e-05
-6.75024e-08,-3.11441e-05
-6.74024e-08,-4.28193e-05
-6.73024e-08,-5.77376e-05
-6.72024e-08,-7.26558e-05
-6.71024e-08,-8.4331e-05
-6.70024e-08,-9.14658e-05
-6.69024e-08,-9.27631e-05
-6.68024e-08,-8.75741e-05
-6.67024e-08,-7.65476e-05
-6.66024e-08,-6.03321e-05
-6.65024e-08,-4.21707e-05
-6.64024e-08,-2.33607e-05
-6.63024e-08,-5.19934e-06
-6.62024e-08,9.71892e-06
-6.61024e-08,2.07455e-05
-6.60024e-08,2.78803e-05
-6.59024e-08,3.30692e-05
-6.58024e-08,3.6961e-05
-6.57024e-08,4.15013e-05
-6.56024e-08,4.79875e-05
-6.55024e-08,5.77168e-05
-6.54024e-08,7.06892e-05
-6.53024e-08,8.62561e-05
-6.52024e-08,0.000101174
-6.51024e-08,0.000114795
-6.50024e-08,0.000123876
-6.49024e-08,0.000126471
-6.48024e-08,0.00012193
-6.47024e-08,0.000110904
-6.46024e-08,9.40395e-05
-6.45024e-08,7.26351e-05
-6.44024e-08,4.79875e-05
-6.43024e-08,2.33399e-05
-6.42024e-08,-6.58998e-07
-6.41024e-08,-2.27121e-05
-6.40024e-08,-4.21707e-05
-6.39024e-08,-5.96834e-05
-6.38024e-08,-7.58989e-05
-6.37024e-08,-9.21144e-05
-6.36024e-08,-0.000108979
-6.35024e-08,-0.000125843
-6.34024e-08,-0.000143355
-6.33024e-08,-0.00016022
-6.32024e-08,-0.000174489
-6.31024e-08,-0.000185516
-6.30024e-08,-0.000191353
-6.29024e-08,-0.000192651
-6.28024e-08,-0.00018811
-6.27024e-08,-0.00017903
-6.26024e-08,-0.000166706
-6.25024e-08,-0.000155679
-6.24024e-08,-0.00014595
-6.23024e-08,-0.000140112
-6.22024e-08,-0.000138815
-6.21024e-08,-0.000143355
-6.20024e-08,-0.000151139
-6.19024e-08,-0.000160868
-6.18024e-08,-0.000169949
-6.17024e-08,-0.000175138
-6.16024e-08,-0.000175138
-6.15024e-08,-0.000168652
-6.14024e-08,-0.000155679
-6.13024e-08,-0.000136869
-6.12024e-08,-0.000114816
-6.11024e-08,-9.27631e-05
-6.10024e-08,-7.33045e-05
-6.09024e-08,-5.90348e-05
-6.08024e-08,-4.93055e-05
-6.07024e-08,-4.60624e-05
-6.06024e-08,-4.73596e-05
-6.05024e-08,-5.19e-05
-6.04024e-08,-5.57917e-05
-6.03024e-08,-5.64403e-05
-6.02024e-08,-5.19e-05
-6.01024e-08,-4.15221e-05
-6.00024e-08,-2.46579e-05
-5.99024e-08,-2.60486e-06
-5.98024e-08,2.33399e-05
-5.97024e-08,4.99334e-05
-5.96024e-08,7.45809e-05
-5.95024e-08,9.59854e-05
-5.94024e-08,0.000110904
-5.93024e-08,0.000119336
-5.92024e-08,0.000121282
-5.91024e-08,0.000116741
-5.90024e-08,0.000109606
-5.89024e-08,9.98771e-05
-5.88024e-08,9.07964e-05
-5.87024e-08,8.3013e-05
-5.86024e-08,7.65268e-05
-5.85024e-08,7.13378e-05
-5.84024e-08,6.74461e-05
-5.83024e-08,6.4203e-05
-5.82024e-08,6.03113e-05
-5.81024e-08,5.51223e-05
-5.80024e-08,4.79875e-05
-5.79024e-08,3.95555e-05
-5.78024e-08,3.11234e-05
-5.77024e-08,2.26913e-05
-5.76024e-08,1.62051e-05
-5.75024e-08,1.16648e-05
-5.74024e-08,9.71892e-06
-5.73024e-08,1.03675e-05
-5.72024e-08,1.16648e-05
-5.71024e-08,1.2962e-05
-5.70024e-08,1.2962e-05
-5.69024e-08,1.10162e-05
-5.68024e-08,7.12444e-06
-5.67024e-08,6.38242e-07
-5.66024e-08,-7.1452e-06
-5.65024e-08,-1.36314e-05
-5.64024e-08,-1.68745e-05
-5.63024e-08,-1.49286e-05
-5.62024e-08,-6.49658e-06
-5.61024e-08,8.42168e-06
-5.60024e-08,2.98261e-05
-5.59024e-08,5.77168e-05
-5.58024e-08,8.8202e-05
-5.57024e-08,0.000119984
-5.56024e-08,0.000150469
-5.55024e-08,0.000176414
-5.54024e-08,0.000196522
-5.53024e-08,0.000210143
-5.52024e-08,0.000217926
-5.51024e-08,0.00022052
-5.50024e-08,0.000217926
-5.49024e-08,0.000212737
-5.48024e-08,0.000204954
-5.47024e-08,0.000193927
-5.46024e-08,0.000179657
-5.45024e-08,0.000160847
-5.44024e-08,0.000136848
-5.43024e-08,0.000107012
-5.42024e-08,6.87434e-05
-5.41024e-08,2.39886e-05
-5.40024e-08,-2.66038e-05
-5.39024e-08,-8.17365e-05
-5.38024e-08,-0.000138166
-5.37024e-08,-0.000193299
-5.36024e-08,-0.000245189
-5.35024e-08,-0.000289944
-5.34024e-08,-0.000326915
-5.33024e-08,-0.000354806
-5.32024e-08,-0.000373616
-5.31024e-08,-0.000383994
-5.30024e-08,-0.000387885
-5.29024e-08,-0.000386588
-5.28024e-08,-0.000381399
-5.27024e-08,-0.000372967
-5.26024e-08,-0.00036194
-5.25024e-08,-0.000347671
-5.24024e-08,-0.000330158
-5.23024e-08,-0.000308105
-5.22024e-08,-0.000281512
-5.21024e-08,-0.000249081
-5.20024e-08,-0.000210812
-5.19024e-08,-0.000168003
-5.18024e-08,-0.000121302
-5.17024e-08,-7.26558e-05
-5.16024e-08,-2.33607e-05
-5.15024e-08,2.52858e-05
-5.14024e-08,7.32837e-05
-5.13024e-08,0.000118038
-5.12024e-08,0.000161496
-5.11024e-08,0.000203008
-5.10024e-08,0.000243222
-5.09024e-08,0.000281491
-5.08024e-08,0.000318462
-5.07024e-08,0.00035219
-5.06024e-08,0.000382027
-5.05024e-08,0.000405377
-5.04024e-08,0.000420944
-5.03024e-08,0.000428079
-5.02024e-08,0.000426133
-5.01024e-08,0.000415755
-5.00024e-08,0.000397594
-4.99024e-08,0.000374892
-4.98024e-08,0.000349596
-4.97024e-08,0.000323651
-4.96024e-08,0.000300949
-4.95024e-08,0.000280842
-4.94024e-08,0.000264627
-4.93024e-08,0.000250357
-4.92024e-08,0.000236087
-4.91024e-08,0.000219872
-4.90024e-08,0.000198467
-4.89024e-08,0.000169928
-4.88024e-08,0.000132957
-4.87024e-08,8.62561e-05
-4.86024e-08,3.30692e-05
-4.85024e-08,-2.59552e-05
-4.84024e-08,-8.49796e-05
-4.83024e-08,-0.00014141
-4.82024e-08,-0.000192002
-4.81024e-08,-0.000233514
-4.80024e-08,-0.000264647
-4.79024e-08,-0.000285403
-4.78024e-08,-0.000297727
-4.77024e-08,-0.000302267
-4.76024e-08,-0.000301619
-4.75024e-08,-0.000299024
-4.74024e-08,-0.000295133
-4.73024e-08,-0.000291241
-4.72024e-08,-0.000287349
-4.71024e-08,-0.00028216
-4.70024e-08,-0.000276323
-4.69024e-08,-0.000267891
-4.68024e-08,-0.000257513
-4.67024e-08,-0.00024454
-4.66024e-08,-0.000230919
-4.65024e-08,-0.000217947
-4.64024e-08,-0.000206272
-4.63024e-08,-0.000196542
-4.62024e-08,-0.000190705
-4.61024e-08,-0.00018811
-4.60024e-08,-0.000187462
-4.59024e-08,-0.000186813
-4.58024e-08,-0.000184867
-4.57024e-08,-0.000179678
-4.56024e-08,-0.000169949
-4.55024e-08,-0.000155031
-4.54024e-08,-0.000134923
-4.53024e-08,-0.000110924
-4.52024e-08,-8.56282e-05
-4.51024e-08,-6.09807e-05
-4.50024e-08,-3.95762e-05
-4.49024e-08,-2.40093e-05
-4.48024e-08,-1.36314e-05
-4.47024e-08,-9.73968e-06
-4.46024e-08,-1.16855e-05
-4.45024e-08,-1.75231e-05
-4.44024e-08,-2.33607e-05
-4.43024e-08,-2.66038e-05
-4.42024e-08,-2.40093e-05
-4.41024e-08,-1.428e-05
-4.40024e-08,3.23272e-06
-4.39024e-08,3.04748e-05
-4.38024e-08,6.4203e-05
-4.37024e-08,0.000103769
-4.36024e-08,0.000145281
-4.35024e-08,0.000188089
-4.34024e-08,0.000228304
-4.33024e-08,0.000265924
-4.32024e-08,0.000299004
-4.31024e-08,0.000328191
-4.30024e-08,0.000352839
-4.29024e-08,0.000373595
-4.28024e-08,0.000388513
-4.27024e-08,0.000397594
-4.26024e-08,0.00039954
-4.25024e-08,0.000394351
-4.24024e-08,0.00038073
-4.23024e-08,0.000358028
-4.22024e-08,0.000326894
-4.21024e-08,0.000286031
-4.20024e-08,0.000238682
-4.19024e-08,0.000187441
-4.18024e-08,0.0001362
-4.17024e-08,8.8202e-05
-4.16024e-08,4.5393e-05
-4.15024e-08,1.23134e-05
-4.14024e-08,-1.16855e-05
-4.13024e-08,-2.66038e-05
-4.12024e-08,-3.43872e-05
-4.11024e-08,-3.76303e-05
-4.10024e-08,-3.95762e-05
-4.09024e-08,-4.41165e-05
-4.08024e-08,-5.44945e-05
-4.07024e-08,-7.26558e-05
-4.06024e-08,-9.86006e-05
-4.05024e-08,-0.000131032
-4.04024e-08,-0.0001693
-4.03024e-08,-0.000209515
-4.02024e-08,-0.000250378
-4.01024e-08,-0.000287998
-4.00024e-08,-0.000320429
-3.99024e-08,-0.000345076
-3.98024e-08,-0.000362589
-3.97024e-08,-0.000374913
-3.96024e-08,-0.00038075
-3.95024e-08,-0.000382696
-3.94024e-08,-0.00038075
-3.93024e-08,-0.000374913
-3.92024e-08,-0.000364535
-3.91024e-08,-0.000348968
-3.90024e-08,-0.000327564
-3.89024e-08,-0.000299673
-3.88024e-08,-0.000264647
-3.87024e-08,-0.000221838
-3.86024e-08,-0.000173192
-3.85024e-08,-0.000121951
-3.84024e-08,-6.94127e-05
-3.83024e-08,-1.9469e-05
-3.82024e-08,2.6583e-05
-3.81024e-08,6.48516e-05
-3.80024e-08,9.6634e-05
-3.79024e-08,0.000120633
-3.78024e-08,0.000137497
-3.77024e-08,0.000150469
-3.76024e-08,0.00015955
-3.75024e-08,0.000168631
-3.74024e-08,0.00017836
-3.73024e-08,0.000188089
-3.72024e-08,0.000198467
-3.71024e-08,0.000208197
-3.70024e-08,0.000215332
-3.69024e-08,0.000217926
-3.68024e-08,0.00021598
-3.67024e-08,0.000208197
-3.66024e-08,0.000195224
-3.65024e-08,0.000177712
-3.64024e-08,0.000157604
-3.63024e-08,0.000136848
-3.62024e-08,0.00011739
-3.61024e-08,0.000101174
-3.60024e-08,8.8202e-05
-3.59024e-08,7.7824e-05
-3.58024e-08,6.9392e-05
-3.57024e-08,6.22572e-05
-3.56024e-08,5.51223e-05
-3.55024e-08,4.73389e-05
-3.54024e-08,3.76096e-05
-3.53024e-08,2.6583e-05
-3.52024e-08,1.49079e-05
-3.51024e-08,4.52996e-06
-3.50024e-08,-3.25348e-06
-3.49024e-08,-6.49658e-06
-3.48024e-08,-3.9021e-06
-3.47024e-08,4.52996e-06
-3.46024e-08,1.8151e-05
-3.45024e-08,3.43665e-05
-3.44024e-08,5.12306e-05
-3.43024e-08,6.55003e-05
-3.42024e-08,7.52296e-05
-3.41024e-08,8.04185e-05
-3.40024e-08,7.91213e-05
-3.39024e-08,7.39323e-05
-3.38024e-08,6.61489e-05
-3.37024e-08,5.77168e-05
-3.36024e-08,5.18792e-05
-3.35024e-08,5.12306e-05
-3.34024e-08,5.64196e-05
-3.33024e-08,6.74461e-05
-3.32024e-08,8.3013e-05
-3.31024e-08,0.000101823
-3.30024e-08,0.000120633
-3.29024e-08,0.000137497
-3.28024e-08,0.000149172
-3.27024e-08,0.000156307
-3.26024e-08,0.000158253
-3.25024e-08,0.000155658
-3.24024e-08,0.000151118
-3.23024e-08,0.000145281
-3.22024e-08,0.00014074
-3.21024e-08,0.000136848
-3.20024e-08,0.000134903
-3.19024e-08,0.000132957
-3.18024e-08,0.000131011
-3.17024e-08,0.000125822
-3.16024e-08,0.00011739
-3.15024e-08,0.000105066
-3.14024e-08,8.69047e-05
-3.13024e-08,6.55003e-05
-3.12024e-08,4.15013e-05
-3.11024e-08,1.68537e-05
-3.10024e-08,-5.19934e-06
-3.09024e-08,-2.33607e-05
-3.08024e-08,-3.56845e-05
-3.07024e-08,-4.21707e-05
-3.06024e-08,-4.47652e-05
-3.05024e-08,-4.54138e-05
-3.04024e-08,-4.6711e-05
-3.03024e-08,-5.06027e-05
-3.02024e-08,-5.90348e-05
-3.01024e-08,-7.26558e-05
-3.00024e-08,-9.21144e-05
-2.99024e-08,-0.000115465
-2.98024e-08,-0.000140112
-2.97024e-08,-0.000164111
-2.96024e-08,-0.00018357
-2.95024e-08,-0.000195894
-2.94024e-08,-0.000199785
-2.93024e-08,-0.000195894
-2.92024e-08,-0.000184219
-2.91024e-08,-0.000166706
-2.90024e-08,-0.00014595
-2.89024e-08,-0.000124545
-2.88024e-08,-0.000105087
-2.87024e-08,-8.952e-05
-2.86024e-08,-7.9142e-05
-2.85024e-08,-7.39531e-05
-2.84024e-08,-7.26558e-05
-2.83024e-08,-7.52503e-05
-2.82024e-08,-7.9142e-05
-2.81024e-08,-8.56282e-05
-2.80024e-08,-9.40603e-05
-2.79024e-08,-0.000103141
-2.78024e-08,-0.000114168
-2.77024e-08,-0.00012714
-2.76024e-08,-0.000142058
-2.75024e-08,-0.000158922
-2.74024e-08,-0.000175786
-2.73024e-08,-0.000193948
-2.72024e-08,-0.000209515
-2.71024e-08,-0.000221838
-2.70024e-08,-0.000227027
-2.69024e-08,-0.000225082
-2.68024e-08,-0.000215352
-2.67024e-08,-0.000196542
-2.66024e-08,-0.000171895
-2.65024e-08,-0.000142058
-2.64024e-08,-0.000111573
-2.63024e-08,-8.23851e-05
-2.62024e-08,-5.77376e-05
-2.61024e-08,-3.95762e-05
-2.60024e-08,-2.85497e-05
-2.59024e-08,-2.40093e-05
-2.58024e-08,-2.27121e-05
-2.57024e-08,-2.40093e-05
-2.56024e-08,-2.53066e-05
-2.55024e-08,-2.33607e-05
-2.54024e-08,-1.49286e-05
-2.53024e-08,-1.03779e-08
-2.52024e-08,2.07455e-05
-2.51024e-08,4.66903e-05
-2.50024e-08,7.52296e-05
-2.49024e-08,0.000103769
-2.48024e-08,0.000129065
-2.47024e-08,0.000149172
-2.46024e-08,0.000162793
-2.45024e-08,0.000171225
-2.44024e-08,0.00017382
-2.43024e-08,0.000171874
-2.42024e-08,0.000167982
-2.41024e-08,0.000162793
-2.40024e-08,0.000156307
-2.39024e-08,0.000149821
-2.38024e-08,0.000142686
-2.37024e-08,0.000134254
-2.36024e-08,0.00012193
-2.35024e-08,0.000105715
-2.34024e-08,8.49589e-05
-2.33024e-08,5.90141e-05
-2.32024e-08,2.91775e-05
-2.31024e-08,-3.25348e-06
-2.30024e-08,-3.63331e-05
-2.29024e-08,-6.87641e-05
-2.28024e-08,-9.73034e-05
-2.27024e-08,-0.000121951
-2.26024e-08,-0.000142058
-2.25024e-08,-0.000156976
-2.24024e-08,-0.000168652
-2.23024e-08,-0.000177732
-2.22024e-08,-0.000185516
-2.21024e-08,-0.000192651
-2.20024e-08,-0.000199137
-2.19024e-08,-0.000204326
-2.18024e-08,-0.000207569
-2.17024e-08,-0.000207569
-2.16024e-08,-0.000201731
-2.15024e-08,-0.000190056
-2.14024e-08,-0.000170597
-2.13024e-08,-0.000143355
-2.12024e-08,-0.00010833
-2.11024e-08,-6.94127e-05
-2.10024e-08,-2.72524e-05
-2.09024e-08,1.36106e-05
-2.08024e-08,5.25279e-05
-2.07024e-08,8.62561e-05
-2.06024e-08,0.000114795
-2.05024e-08,0.000137497
-2.04024e-08,0.00015501
-2.03024e-08,0.000167982
-2.02024e-08,0.000177063
-2.01024e-08,0.000182901
-2.00024e-08,0.000186144
-1.99024e-08,0.000186144
-1.98024e-08,0.000182252
-1.97024e-08,0.000173171
-1.96024e-08,0.000157604
-1.95024e-08,0.000134254
-1.94024e-08,0.000103769
-1.93024e-08,6.74461e-05
-1.92024e-08,2.59344e-05
-1.91024e-08,-1.68745e-05
-1.90024e-08,-5.96834e-05
-1.89024e-08,-9.92493e-05
-1.88024e-08,-0.000132329
-1.87024e-08,-0.000158922
-1.86024e-08,-0.000177084
-1.85024e-08,-0.000188759
-1.84024e-08,-0.000195245
-1.83024e-08,-0.000198488
-1.82024e-08,-0.000201083
-1.81024e-08,-0.000204326
-1.80024e-08,-0.000208866
-1.79024e-08,-0.000214704
-1.78024e-08,-0.000221838
-1.77024e-08,-0.000228325
-1.76024e-08,-0.000233514
-1.75024e-08,-0.000235459
-1.74024e-08,-0.000232865
-1.73024e-08,-0.000225082
-1.72024e-08,-0.000213406
-1.71024e-08,-0.000200434
-1.70024e-08,-0.000186813
-1.69024e-08,-0.000175786
-1.68024e-08,-0.000168652
-1.67024e-08,-0.000165409
-1.66024e-08,-0.000167354
-1.65024e-08,-0.000172543
-1.64024e-08,-0.00017903
-1.63024e-08,-0.000184867
-1.62024e-08,-0.000187462
-1.61024e-08,-0.000185516
-1.60024e-08,-0.000177084
-1.59024e-08,-0.000162165
-1.58024e-08,-0.000142058
-1.57024e-08,-0.000119356
-1.56024e-08,-9.40603e-05
-1.55024e-08,-6.87641e-05
-1.54024e-08,-4.41165e-05
-1.53024e-08,-2.14148e-05
-1.52024e-08,-1.03779e-08
-1.51024e-08,1.87996e-05
-1.50024e-08,3.76096e-05
-1.49024e-08,5.64196e-05
-1.48024e-08,7.71754e-05
-1.47024e-08,0.000100526
-1.46024e-08,0.000124525
-1.45024e-08,0.000149821
-1.44024e-08,0.000174468
-1.43024e-08,0.000198467
-1.42024e-08,0.000219223
-1.41024e-08,0.000235439
-1.40024e-08,0.000247763
-1.39024e-08,0.000254897
-1.38024e-08,0.00025814
-1.37024e-08,0.000257492
-1.36024e-08,0.000254897
-1.35024e-08,0.000251006
-1.34024e-08,0.000247114
-1.33024e-08,0.000241925
-1.32024e-08,0.000236087
-1.31024e-08,0.000228953
-1.30024e-08,0.000219872
-1.29024e-08,0.000206899
-1.28024e-08,0.000191333
-1.27024e-08,0.000173171
-1.26024e-08,0.000151118
-1.25024e-08,0.000127119
-1.24024e-08,0.00010312
-1.23024e-08,7.97699e-05
-1.22024e-08,5.83654e-05
-1.21024e-08,3.95555e-05
-1.20024e-08,2.33399e-05
-1.19024e-08,9.0703e-06
-1.18024e-08,-3.9021e-06
-1.17024e-08,-1.68745e-05
-1.16024e-08,-3.04955e-05
-1.15024e-08,-4.47652e-05
-1.14024e-08,-6.16293e-05
-1.13024e-08,-7.9142e-05
-1.12024e-08,-9.73034e-05
-1.11024e-08,-0.000113519
-1.10024e-08,-0.000125843
-1.09024e-08,-0.000133626
-1.08024e-08,-0.000135572
-1.07024e-08,-0.000131032
-1.06024e-08,-0.0001226
-1.05024e-08,-0.000110276
-1.04024e-08,-9.60062e-05
-1.03024e-08,-8.30338e-05
-1.02024e-08,-7.20072e-05
-1.01024e-08,-6.61696e-05
-1.00024e-08,-6.42238e-05
-9.902396e-09,-6.68183e-05
-9.802396e-09,-7.13586e-05
-9.702396e-09,-7.58989e-05
-9.602396e-09,-7.9142e-05
-9.502396e-09,-7.78448e-05
-9.402396e-09,-7.20072e-05
-9.302396e-09,-6.03321e-05
-9.202396e-09,-4.41165e-05
-9.102396e-09,-2.53066e-05
-9.002396e-09,-5.84796e-06
-8.902396e-09,1.16648e-05
-8.802396e-09,2.46372e-05
-8.702396e-09,3.1772e-05
-8.602396e-09,3.30692e-05
-8.502396e-09,2.85289e-05
-8.402396e-09,2.00968e-05
-8.302396e-09,9.71892e-06
-8.202396e-09,-2.60486e-06
-8.102396e-09,-1.36314e-05
-8.002396e-09,-2.20635e-05
-7.902396e-09,-2.72524e-05
-7.802396e-09,-2.91983e-05
-7.702396e-09,-2.7901e-05
-7.602396e-09,-2.40093e-05
-7.502396e-09,-1.9469e-05
-7.402396e-09,-1.36314e-05
-7.302396e-09,-7.1452e-06
-7.202396e-09,6.38242e-07
-7.102396e-09,9.0703e-06
-7.002396e-09,1.94482e-05
-6.902396e-09,3.1772e-05
-6.802396e-09,4.79875e-05
-6.702396e-09,6.67975e-05
-6.602396e-09,8.75533e-05
-6.502396e-09,0.000109606
-6.402396e-09,0.000129714
-6.302396e-09,0.000147226
-6.202396e-09,0.00015955
-6.102396e-09,0.000165388
-6.002396e-09,0.000163442
-5.902396e-09,0.00015501
-5.802396e-09,0.000140092
-5.702396e-09,0.000119336
-5.602396e-09,9.53368e-05
-5.502396e-09,7.06892e-05
-5.402396e-09,4.60417e-05
-5.302396e-09,2.26913e-05
-5.202396e-09,6.38242e-07
-5.102396e-09,-2.01176e-05
-5.002396e-09,-4.08734e-05
-4.902396e-09,-6.22779e-05
-4.802396e-09,-8.49796e-05
-4.702396e-09,-0.000108979
-4.602396e-09,-0.000134923
-4.502396e-09,-0.000161517
-4.402396e-09,-0.000187462
-4.302396e-09,-0.000210812
-4.202396e-09,-0.000229622
-4.102396e-09,-0.000241946
-4.002396e-09,-0.000246486
-3.902396e-09,-0.000243243
-3.802396e-09,-0.000233514
-3.702396e-09,-0.000217947
-3.602396e-09,-0.000199137
-3.502396e-09,-0.000179678
-3.402396e-09,-0.000161517
-3.302396e-09,-0.00014595
-3.202396e-09,-0.000133626
-3.102396e-09,-0.000124545
-3.002396e-09,-0.000118059
-2.902396e-09,-0.000111573
-2.802396e-09,-0.000105087
-2.702396e-09,-9.53575e-05
-2.602396e-09,-8.23851e-05
-2.502396e-09,-6.68183e-05
-2.402396e-09,-4.93055e-05
-2.302396e-09,-3.11441e-05
-2.202396e-09,-1.49286e-05
-2.102396e-09,-3.9021e-06
-2.002396e-09,6.38242e-07
-1.902396e-09,-3.9021e-06
-1.802396e-09,-1.68745e-05
-1.702396e-09,-4.02248e-05
-1.602396e-09,-7.20072e-05
-1.502396e-09,-0.000112222
-1.402396e-09,-0.00016022
-1.302396e-09,-0.000216001
-1.202396e-09,-0.000279566
-1.102396e-09,-0.000350914
-1.002396e-09,-0.000431991
-9.023956e-10,-0.000524744
-8.023956e-10,-0.000630469
-7.023956e-10,-0.000750464
-6.023956e-10,-0.000887323
-5.023956e-10,-0.00104169
-4.023956e-10,-0.00121488
-3.023956e-10,-0.00140946
-2.023956e-10,-0.00162805
-1.023956e-10,-0.00187452
-2.395584e-12,-0.00215148
9.760442e-11,-0.00246542
1.976044e-10,-0.00282281
2.976044e-10,-0.00322884
3.976044e-10,-0.00369066
4.976044e-10,-0.00421539
5.976044e-10,-0.00480823
6.976044e-10,-0.00547372
7.976044e-10,-0.00621639
8.976044e-10,-0.00703948
9.976044e-10,-0.00794626
1.097604e-09,-0.00893735
1.197604e-09,-0.010016
1.297604e-09,-0.0111842
1.397604e-09,-0.0124438
1.497604e-09,-0.0137968
1.597604e-09,-0.01524
1.697604e-09,-0.0167681
1.797604e-09,-0.0183702
1.897604e-09,-0.0200294
1.997604e-09,-0.0217268
2.097604e-09,-0.023436
2.197604e-09,-0.0251269
2.297604e-09,-0.0267673
2.397604e-09,-0.0283259
2.497604e-09,-0.0297743
2.597604e-09,-0.0310851
2.697604e-09,-0.0322403
2.797604e-09,-0.0332308
2.897604e-09,-0.0340526
2.997604e-09,-0.0347122
3.097604e-09,-0.0352214
3.197604e-09,-0.0355976
3.297604e-09,-0.0358629
3.397604e-09,-0.0360393
3.497604e-09,-0.0361489
3.597604e-09,-0.0362099
3.697604e-09,-0.0362397
3.797604e-09,-0.0362514
3.897604e-09,-0.036254
3.997604e-09,-0.036254
4.097604e-09,-0.036254
4.197604e-09,-0.036254
4.297604e-09,-0.036254
4.397604e-09,-0.036254
4.497604e-09,-0.036254
4.597604e-09,-0.036254
4.697604e-09,-0.036254
4.797604e-09,-0.036254
4.897604e-09,-0.036254
4.997604e-09,-0.036254
5.097604e-09,-0.036254
5.197604e-09,-0.036254
5.297604e-09,-0.036254
5.397604e-09,-0.036254
5.497604e-09,-0.036254
5.597604e-09,-0.036254
5.697604e-09,-0.036254
5.797604e-09,-0.036254
5.897604e-09,-0.036254
5.997604e-09,-0.036254
6.097604e-09,-0.036254
6.197604e-09,-0.036254
6.297604e-09,-0.036254
6.397604e-09,-0.036254
6.497604e-09,-0.036254
6.597604e-09,-0.036254
6.697604e-09,-0.036254
6.797604e-09,-0.036254
6.897604e-09,-0.036254
6.997604e-09,-0.036254
7.097604e-09,-0.036254
7.197604e-09,-0.036254
7.297604e-09,-0.036254
7.397604e-09,-0.036254
7.497604e-09,-0.036254
7.597604e-09,-0.036254
7.697604e-09,-0.036254
7.797604e-09,-0.036254
7.897604e-09,-0.036254
7.997604e-09,-0.036254
8.097604e-09,-0.036254
8.197604e-09,-0.036254
8.297604e-09,-0.036254
8.397604e-09,-0.036254
8.497604e-09,-0.036254
8.597604e-09,-0.036254
8.697604e-09,-0.036254
8.797604e-09,-0.036254
8.897604e-09,-0.036254
8.997604e-09,-0.036254
9.097604e-09,-0.036254
9.197604e-09,-0.036254
9.297604e-09,-0.036254
9.397604e-09,-0.036254
9.497604e-09,-0.036254
9.597604e-09,-0.036254
9.697604e-09,-0.036254
9.797604e-09,-0.036254
9.897604e-09,-0.036254
9.997604e-09,-0.036254
1.00976e-08,-0.036254
1.01976e-08,-0.036254
1.02976e-08,-0.036254
1.03976e-08,-0.036254
1.04976e-08,-0.036254
1.05976e-08,-0.0362527
1.06976e-08,-0.0362488
1.07976e-08,-0.0362384
1.08976e-08,-0.0362177
1.09976e-08,-0.0361807
1.10976e-08,-0.036123
1.11976e-08,-0.0360367
1.12976e-08,-0.0359161
1.13976e-08,-0.0357539
1.14976e-08,-0.0355457
1.15976e-08,-0.0352882
1.16976e-08,-0.0349801
1.17976e-08,-0.0346247
1.18976e-08,-0.0342232
1.19976e-08,-0.033784
1.20976e-08,-0.0333164
1.21976e-08,-0.0328306
1.22976e-08,-0.0323376
1.23976e-08,-0.0318486
1.24976e-08,-0.0313738
1.25976e-08,-0.0309217
1.26976e-08,-0.0304988
1.27976e-08,-0.0301103
1.28976e-08,-0.0297581
1.29976e-08,-0.0294428
1.30976e-08,-0.029162
1.31976e-08,-0.0289136
1.32976e-08,-0.0286943
1.33976e-08,-0.0285017
1.34976e-08,-0.0283324
1.35976e-08,-0.0281852
1.36976e-08,-0.0280574
1.37976e-08,-0.0279478
1.38976e-08,-0.0278544
1.39976e-08,-0.0277759
1.40976e-08,-0.0277117
1.41976e-08,-0.0276585
1.42976e-08,-0.0276144
1.43976e-08,-0.0275761
1.44976e-08,-0.0275424
1.45976e-08,-0.0275093
1.46976e-08,-0.0274736
1.47976e-08,-0.0274334
1.48976e-08,-0.0273867
1.49976e-08,-0.0273309
1.50976e-08,-0.0272648
1.51976e-08,-0.0271869
1.52976e-08,-0.0270981
1.53976e-08,-0.0269962
1.54976e-08,-0.0268801
1.55976e-08,-0.0267504
1.56976e-08,-0.0266058
1.57976e-08,-0.0264462
1.58976e-08,-0.0262704
1.59976e-08,-0.0260791
1.60976e-08,-0.0258728
1.61976e-08,-0.0256516
1.62976e-08,-0.0254149
1.63976e-08,-0.0251652
1.64976e-08,-0.0249018
1.65976e-08,-0.0246281
1.66976e-08,-0.0243434
1.67976e-08,-0.0240495
1.68976e-08,-0.0237486
1.69976e-08,-0.0234411
1.70976e-08,-0.0231272
1.71976e-08,-0.0228081
1.72976e-08,-0.0224864
1.73976e-08,-0.0221627
1.74976e-08,-0.0218391
1.75976e-08,-0.021516
1.76976e-08,-0.0211963
1.77976e-08,-0.020881
1.78976e-08,-0.020571
1.79976e-08,-0.0202674
1.80976e-08,-0.0199723
1.81976e-08,-0.019685
1.82976e-08,-0.0194048
1.83976e-08,-0.0191317
1.84976e-08,-0.0188658
1.85976e-08,-0.0186063
1.86976e-08,-0.0183534
1.87976e-08,-0.0181062
1.88976e-08,-0.017865
1.89976e-08,-0.0176289
1.90976e-08,-0.0173979
1.91976e-08,-0.0171716
1.92976e-08,-0.016951
1.93976e-08,-0.0167357
1.94976e-08,-0.0165243
1.95976e-08,-0.0163173
1.96976e-08,-0.016115
1.97976e-08,-0.0159171
1.98976e-08,-0.0157239
1.99976e-08,-0.0155358
2.00976e-08,-0.0153522
2.01976e-08,-0.0151732
2.02976e-08,-0.0149974
2.03976e-08,-0.0148262
2.04976e-08,-0.0146582
2.05976e-08,-0.0144934
2.06976e-08,-0.01433
2.07976e-08,-0.0141659
2.08976e-08,-0.0140011
2.09976e-08,-0.0138344
2.10976e-08,-0.0136645
2.11976e-08,-0.0134907
2.12976e-08,-0.0133136
2.13976e-08,-0.0131333
2.14976e-08,-0.0129497
2.15976e-08,-0.0127649
2.16976e-08,-0.0125787
2.17976e-08,-0.0123932
2.18976e-08,-0.012209
2.19976e-08,-0.0120254
2.20976e-08,-0.0118438
2.21976e-08,-0.0116628
2.22976e-08,-0.0114819
2.23976e-08,-0.0113022
2.24976e-08,-0.0111232
2.25976e-08,-0.0109455
2.26976e-08,-0.0107697
2.27976e-08,-0.0105965
2.28976e-08,-0.0104266
2.29976e-08,-0.0102625
2.30976e-08,-0.0101049
2.31976e-08,-0.00995309
2.32976e-08,-0.0098078
2.33976e-08,-0.00966899
2.34976e-08,-0.00953602
2.35976e-08,-0.00941019
2.36976e-08,-0.0092902
2.37976e-08,-0.00917539
2.38976e-08,-0.00906707
2.39976e-08,-0.00896459
2.40976e-08,-0.00886859
2.41976e-08,-0.00877973
2.42976e-08,-0.00869801
2.43976e-08,-0.00862406
2.44976e-08,-0.00855855
2.45976e-08,-0.00850147
2.46976e-08,-0.00845283
2.47976e-08,-0.00841132
2.48976e-08,-0.00837759
2.49976e-08,-0.00835099
2.50976e-08,-0.00833089
2.51976e-08,-0.00831727
2.52976e-08,-0.00831013
2.53976e-08,-0.00830948
2.54976e-08,-0.00831597
2.55976e-08,-0.00833024
2.56976e-08,-0.00835164
2.57976e-08,-0.00837953
2.58976e-08,-0.00841456
2.59976e-08,-0.00845477
2.60976e-08,-0.00849953
2.61976e-08,-0.00854818
2.62976e-08,-0.00859812
2.63976e-08,-0.00864871
2.64976e-08,-0.0086993
2.65976e-08,-0.00874925
2.66976e-08,-0.00879984
2.67976e-08,-0.00885043
2.68976e-08,-0.00890167
2.69976e-08,-0.00895551
2.70976e-08,-0.00901259
2.71976e-08,-0.00907356
2.72976e-08,-0.00913842
2.73976e-08,-0.00920717
2.74976e-08,-0.00927722
2.75976e-08,-0.00934792
2.76976e-08,-0.00941668
2.77976e-08,-0.00948089
2.78976e-08,-0.00953797
2.79976e-08,-0.00958597
2.80976e-08,-0.00962359
2.81976e-08,-0.00964953
2.82976e-08,-0.00966315
2.83976e-08,-0.00966445
2.84976e-08,-0.00965472
2.85976e-08,-0.00963461
2.86976e-08,-0.00960543
2.87976e-08,-0.00956716
2.88976e-08,-0.00951981
2.89976e-08,-0.00946403
2.90976e-08,-0.00939916
2.91976e-08,-0.00932457
2.92976e-08,-0.00923766
2.93976e-08,-0.00914037
2.94976e-08,-0.0090314
2.95976e-08,-0.0089127
2.96976e-08,-0.00878427
2.97976e-08,-0.00864936
2.98976e-08,-0.00850926
2.99976e-08,-0.00836656
3.00976e-08,-0.00822387
3.01976e-08,-0.00808247
3.02976e-08,-0.00794431
3.03976e-08,-0.00781005
3.04976e-08,-0.00767967
3.05976e-08,-0.00755319
3.06976e-08,-0.00742931
3.07976e-08,-0.00730801
3.08976e-08,-0.00718737
3.09976e-08,-0.00706802
3.10976e-08,-0.00694933
3.11976e-08,-0.00683193
3.12976e-08,-0.00671712
3.13976e-08,-0.00660621
3.14976e-08,-0.00649983
3.15976e-08,-0.0063993
3.16976e-08,-0.00630654
3.17976e-08,-0.00622093
3.18976e-08,-0.00614439
3.19976e-08,-0.00607693
3.20976e-08,-0.00601661
3.21976e-08,-0.00596342
3.22976e-08,-0.00591607
3.23976e-08,-0.00587262
3.24976e-08,-0.0058324
3.25976e-08,-0.00579284
3.26976e-08,-0.00575392
3.27976e-08,-0.00571371
3.28976e-08,-0.00567025
3.29976e-08,-0.0056242
3.30976e-08,-0.00557425
3.31976e-08,-0.00551847
3.32976e-08,-0.00545685
3.33976e-08,-0.00538745
3.34976e-08,-0.00531156
3.35976e-08,-0.00522789
3.36976e-08,-0.00513708
3.37976e-08,-0.00503979
3.38976e-08,-0.00493925
3.39976e-08,-0.00483612
3.40976e-08,-0.00473364
3.41976e-08,-0.0046344
3.42976e-08,-0.00454165
3.43976e-08,-0.00445798
3.44976e-08,-0.00438403
3.45976e-08,-0.00432112
3.46976e-08,-0.00426988
3.47976e-08,-0.00422966
3.48976e-08,-0.00419918
3.49976e-08,-0.00417712
3.50976e-08,-0.00416221
3.51976e-08,-0.00415313
3.52976e-08,-0.00414923
3.53976e-08,-0.00415118
3.54976e-08,-0.00415896
3.55976e-08,-0.00417453
3.56976e-08,-0.00419788
3.57976e-08,-0.00423161
3.58976e-08,-0.00427766
3.59976e-08,-0.00433668
3.60976e-08,-0.00440803
3.61976e-08,-0.00449365
3.62976e-08,-0.00459224
3.63976e-08,-0.00470316
3.64976e-08,-0.0048251
3.65976e-08,-0.00495547
3.66976e-08,-0.00509427
3.67976e-08,-0.00523762
3.68976e-08,-0.00538421
3.69976e-08,-0.00553274
3.70976e-08,-0.00568127
3.71976e-08,-0.00582851
3.72976e-08,-0.00597186
3.73976e-08,-0.00611001
3.74976e-08,-0.00623974
3.75976e-08,-0.00636038
3.76976e-08,-0.00647
3.77976e-08,-0.00656729
3.78976e-08,-0.00665291
3.79976e-08,-0.00672555
3.80976e-08,-0.00678523
3.81976e-08,-0.00683452
3.82976e-08,-0.00687344
3.83976e-08,-0.00690327
3.84976e-08,-0.00692468
3.85976e-08,-0.0069383
3.86976e-08,-0.00694284
3.87976e-08,-0.0069383
3.88976e-08,-0.00692338
3.89976e-08,-0.00689744
3.90976e-08,-0.00685787
3.91976e-08,-0.00680404
3.92976e-08,-0.00673528
3.93976e-08,-0.00665161
3.94976e-08,-0.00655302
3.95976e-08,-0.00644146
3.96976e-08,-0.00631887
3.97976e-08,-0.00618655
3.98976e-08,-0.0060458
3.99976e-08,-0.00589856
4.00976e-08,-0.00574678
4.01976e-08,-0.00559176
4.02976e-08,-0.0054335
4.03976e-08,-0.00527329
4.04976e-08,-0.00510984
4.05976e-08,-0.00494574
4.06976e-08,-0.00477904
4.07976e-08,-0.00461235
4.08976e-08,-0.00444565
4.09976e-08,-0.00428025
4.10976e-08,-0.00411615
4.11976e-08,-0.00395594
4.12976e-08,-0.00379833
4.13976e-08,-0.00364526
4.14976e-08,-0.00349737
4.15976e-08,-0.00335338
4.16976e-08,-0.00321392
4.17976e-08,-0.00307966
4.18976e-08,-0.00295058
4.19976e-08,-0.00282864
4.20976e-08,-0.00271449
4.21976e-08,-0.00261006
4.22976e-08,-0.00251666
4.23976e-08,-0.00243558
4.24976e-08,-0.00236877
4.25976e-08,-0.00231688
4.26976e-08,-0.00227861
4.27976e-08,-0.00225461
4.28976e-08,-0.00224359
4.29976e-08,-0.00224424
4.30976e-08,-0.00225461
4.31976e-08,-0.00227342
4.32976e-08,-0.00229807
4.33976e-08,-0.00232985
4.34976e-08,-0.00236618
4.35976e-08,-0.00240834
4.36976e-08,-0.00245633
4.37976e-08,-0.00251017
4.38976e-08,-0.00257114
4.39976e-08,-0.00263925
4.40976e-08,-0.00271449
4.41976e-08,-0.00279751
4.42976e-08,-0.00288702
4.43976e-08,-0.00298237
4.44976e-08,-0.00308225
4.45976e-08,-0.00318668
4.46976e-08,-0.00329435
4.47976e-08,-0.00340267
4.48976e-08,-0.00351164
4.49976e-08,-0.00362126
4.50976e-08,-0.00373152
4.51976e-08,-0.00384179
4.52976e-08,-0.00395076
4.53976e-08,-0.00405843
4.54976e-08,-0.0041648
4.55976e-08,-0.00426728
4.56976e-08,-0.00436458
4.57976e-08,-0.00445668
4.58976e-08,-0.00454035
4.59976e-08,-0.00461624
4.60976e-08,-0.0046824
4.61976e-08,-0.00473948
4.62976e-08,-0.00478683
4.63976e-08,-0.0048238
4.64976e-08,-0.00485104
4.65976e-08,-0.0048705
4.66976e-08,-0.00488088
4.67976e-08,-0.00488412
4.68976e-08,-0.00487958
4.69976e-08,-0.0048692
4.70976e-08,-0.00485363
4.71976e-08,-0.00483223
4.72976e-08,-0.00480434
4.73976e-08,-0.00477126
4.74976e-08,-0.00473299
4.75976e-08,-0.00468889
4.76976e-08,-0.00463829
4.77976e-08,-0.00458057
4.78976e-08,-0.00451376
4.79976e-08,-0.00443722
4.80976e-08,-0.00435031
4.81976e-08,-0.00425236
4.82976e-08,-0.00414275
4.83976e-08,-0.0040221
4.84976e-08,-0.00389173
4.85976e-08,-0.00375422
4.86976e-08,-0.00361218
4.87976e-08,-0.00346948
4.88976e-08,-0.00333067
4.89976e-08,-0.0032003
4.90976e-08,-0.00308225
4.91976e-08,-0.00297783
4.92976e-08,-0.00288832
4.93976e-08,-0.00281437
4.94976e-08,-0.002756
4.95976e-08,-0.00270995
4.96976e-08,-0.00267492
4.97976e-08,-0.00264703
4.98976e-08,-0.00262562
4.99976e-08,-0.00260876
5.00976e-08,-0.00259514
5.01976e-08,-0.00258346
5.02976e-08,-0.00257374
5.03976e-08,-0.00256595
5.04976e-08,-0.00255947
5.05976e-08,-0.00255557
5.06976e-08,-0.00255363
5.07976e-08,-0.00255363
5.08976e-08,-0.00255557
5.09976e-08,-0.00255947
5.10976e-08,-0.0025666
5.11976e-08,-0.00257763
5.12976e-08,-0.00259255
5.13976e-08,-0.00261395
5.14976e-08,-0.00264184
5.15976e-08,-0.00267687
5.16976e-08,-0.00271773
5.17976e-08,-0.00276573
5.18976e-08,-0.00281891
5.19976e-08,-0.00287469
5.20976e-08,-0.00293112
5.21976e-08,-0.00298626
5.22976e-08,-0.00303685
5.23976e-08,-0.00308031
5.24976e-08,-0.00311468
5.25976e-08,-0.00313998
5.26976e-08,-0.00315684
5.27976e-08,-0.00316528
5.28976e-08,-0.00316657
5.29976e-08,-0.00316268
5.30976e-08,-0.0031549
5.31976e-08,-0.00314517
5.32976e-08,-0.00313349
5.33976e-08,-0.00311987
5.34976e-08,-0.00310301
5.35976e-08,-0.00308096
5.36976e-08,-0.00305242
5.37976e-08,-0.00301545
5.38976e-08,-0.00297069
5.39976e-08,-0.00291556
5.40976e-08,-0.00285199
5.41976e-08,-0.00278
5.42976e-08,-0.00270281
5.43976e-08,-0.00262238
5.44976e-08,-0.00254066
5.45976e-08,-0.00246088
5.46976e-08,-0.00238499
5.47976e-08,-0.00231494
5.48976e-08,-0.00225072
5.49976e-08,-0.00219364
5.50976e-08,-0.0021437
5.51976e-08,-0.00210089
5.52976e-08,-0.00206457
5.53976e-08,-0.00203473
5.54976e-08,-0.00201268
5.55976e-08,-0.00199776
5.56976e-08,-0.00199127
5.57976e-08,-0.00199387
5.58976e-08,-0.00200684
5.59976e-08,-0.00202889
5.60976e-08,-0.00205938
5.61976e-08,-0.0020983
5.62976e-08,-0.00214305
5.63976e-08,-0.00219105
5.64976e-08,-0.00224099
5.65976e-08,-0.00229094
5.66976e-08,-0.00233893
5.67976e-08,-0.00238499
5.68976e-08,-0.00242844
5.69976e-08,-0.00246996
5.70976e-08,-0.00251147
5.71976e-08,-0.00255363
5.72976e-08,-0.00259644
5.73976e-08,-0.00264119
5.74976e-08,-0.0026866
5.75976e-08,-0.00273135
5.76976e-08,-0.00277416
5.77976e-08,-0.00281372
5.78976e-08,-0.0028481
5.79976e-08,-0.00287599
5.80976e-08,-0.00289675
5.81976e-08,-0.00291102
5.82976e-08,-0.0029188
5.83976e-08,-0.00292075
5.84976e-08,-0.00291815
5.85976e-08,-0.00291037
5.86976e-08,-0.00289869
5.87976e-08,-0.00288118
5.88976e-08,-0.00285588
5.89976e-08,-0.00282345
5.90976e-08,-0.00278259
5.91976e-08,-0.00273265
5.92976e-08,-0.00267297
5.93976e-08,-0.00260422
5.94976e-08,-0.00252768
5.95976e-08,-0.00244531
5.96976e-08,-0.00236099
5.97976e-08,-0.00227732
5.98976e-08,-0.00219689
5.99976e-08,-0.00212165
6.00976e-08,-0.00205484
6.01976e-08,-0.00199646
6.02976e-08,-0.00194717
6.03976e-08,-0.00190695
6.04976e-08,-0.00187452
6.05976e-08,-0.00184858
6.06976e-08,-0.00182847
6.07976e-08,-0.00181226
6.08976e-08,-0.00179799
6.09976e-08,-0.00178501
6.10976e-08,-0.00177334
6.11976e-08,-0.00176166
6.12976e-08,-0.00174999
6.13976e-08,-0.00173766
6.14976e-08,-0.00172469
6.15976e-08,-0.00171172
6.16976e-08,-0.00169745
6.17976e-08,-0.00168253
6.18976e-08,-0.00166696
6.19976e-08,-0.00164945
6.20976e-08,-0.00163129
6.21976e-08,-0.00161313
6.22976e-08,-0.00159562
6.23976e-08,-0.0015794
6.24976e-08,-0.00156383
6.25976e-08,-0.00155021
6.26976e-08,-0.00153789
6.27976e-08,-0.00152751
6.28976e-08,-0.00151778
6.29976e-08,-0.0015087
6.30976e-08,-0.00149962
6.31976e-08,-0.00148989
6.32976e-08,-0.00147822
6.33976e-08,-0.00146459
6.34976e-08,-0.00144903
6.35976e-08,-0.00143281
6.36976e-08,-0.00141465
6.37976e-08,-0.00139584
6.38976e-08,-0.00137703
6.39976e-08,-0.00135952
6.40976e-08,-0.00134395
6.41976e-08,-0.00133033
6.42976e-08,-0.00131995
6.43976e-08,-0.00131217
6.44976e-08,-0.00130633
6.45976e-08,-0.00130244
6.46976e-08,-0.00130179
6.47976e-08,-0.00130439
6.48976e-08,-0.00130893
6.49976e-08,-0.00131736
6.50976e-08,-0.00132903
6.51976e-08,-0.00134395
6.52976e-08,-0.00136341
6.53976e-08,-0.00138611
6.54976e-08,-0.00141271
6.55976e-08,-0.00144124
6.56976e-08,-0.00147043
6.57976e-08,-0.00149962
6.58976e-08,-0.00152881
6.59976e-08,-0.00155735
6.60976e-08,-0.00158524
6.61976e-08,-0.00161378
6.62976e-08,-0.00164361
6.63976e-08,-0.00167669
6.64976e-08,-0.00171431
6.65976e-08,-0.00175777
6.66976e-08,-0.00180771
6.67976e-08,-0.00186285
6.68976e-08,-0.00192057
6.69976e-08,-0.0019796
6.70976e-08,-0.00203733
6.71976e-08,-0.00209051
6.72976e-08,-0.00213657
6.73976e-08,-0.00217354
6.74976e-08,-0.00219883
6.75976e-08,-0.00221181
6.76976e-08,-0.0022131
6.77976e-08,-0.00220337
6.78976e-08,-0.00218391
6.79976e-08,-0.00215667
6.80976e-08,-0.00212294
6.81976e-08,-0.00208532
6.82976e-08,-0.00204511
6.83976e-08,-0.00200295
6.84976e-08,-0.00195949
6.85976e-08,-0.00191539
6.86976e-08,-0.00187193
6.87976e-08,-0.00182912
6.88976e-08,-0.00178631
6.89976e-08,-0.0017461
6.90976e-08,-0.00170653
6.91976e-08,-0.00166956
6.92976e-08,-0.00163324
6.93976e-08,-0.00159821
6.94976e-08,-0.00156383
6.95976e-08,-0.00152816
6.96976e-08,-0.00148989
6.97976e-08,-0.00144838
6.98976e-08,-0.00140298
6.99976e-08,-0.00135303
7.00976e-08,-0.00129855
7.01976e-08,-0.00124082
7.02976e-08,-0.00118115
7.03976e-08,-0.00112147
7.04976e-08,-0.00106375
7.05976e-08,-0.00100991
7.06976e-08,-0.000961914
7.07976e-08,-0.000920402
7.08976e-08,-0.000886674
7.09976e-08,-0.000860081
7.10976e-08,-0.000841271
7.11976e-08,-0.000828947
7.12976e-08,-0.000821163
7.13976e-08,-0.00081792
7.14976e-08,-0.00081792
7.15976e-08,-0.000820515
7.16976e-08,-0.000825055
7.17976e-08,-0.00083219
7.18976e-08,-0.000841919
7.19976e-08,-0.000854243
7.20976e-08,-0.000867216
7.21976e-08,-0.000882782
7.22976e-08,-0.000899647
7.23976e-08,-0.000917159
7.24976e-08,-0.000934672
7.25976e-08,-0.000951536
7.26976e-08,-0.000967752
7.27976e-08,-0.000983319
7.28976e-08,-0.000998885
7.29976e-08,-0.0010164
7.30976e-08,-0.00103651
7.31976e-08,-0.00105921
7.32976e-08,-0.00108515
7.33976e-08,-0.00111693
7.34976e-08,-0.00115455
7.35976e-08,-0.00119607
7.36976e-08,-0.00124212
7.37976e-08,-0.00129012
7.38976e-08,-0.00134071
7.39976e-08,-0.00139195
7.40976e-08,-0.00144254
7.41976e-08,-0.00149313
7.42976e-08,-0.00154373
7.43976e-08,-0.00159367
7.44976e-08,-0.00164426
7.45976e-08,-0.00169485
7.46976e-08,-0.00174545
7.47976e-08,-0.00179539
7.48976e-08,-0.00184339
7.49976e-08,-0.00188879
7.50976e-08,-0.00192966
7.51976e-08,-0.00196533
7.52976e-08,-0.00199322
7.53976e-08,-0.00201398
7.54976e-08,-0.0020276
7.55976e-08,-0.00203408
7.56976e-08,-0.00203538
7.57976e-08,-0.00203343
7.58976e-08,-0.00203084
7.59976e-08,-0.00202695
7.60976e-08,-0.00202371
7.61976e-08,-0.00202046
7.62976e-08,-0.00201722
7.63976e-08,-0.00201203
7.64976e-08,-0.00200425
7.65976e-08,-0.00199127
7.66976e-08,-0.00197246
7.67976e-08,-0.00194587
7.68976e-08,-0.00191085
7.69976e-08,-0.00186869
7.70976e-08,-0.00182004
7.71976e-08,-0.00176555
7.72976e-08,-0.00170653
