LECROYWaveRunner‘N,20113,Waveform
Segments,1,SegmentSize,2002
Segment,TrigTime,TimeSinceSegment1
#1,28-Sep-2018 13:19:52,0                 
Time,Ampl
-1.228247e-07,-0.000132978
-1.227247e-07,-0.00012714
-1.226247e-07,-0.000110924
-1.225247e-07,-8.62769e-05
-1.224247e-07,-5.38459e-05
-1.223247e-07,-1.75231e-05
-1.222247e-07,2.07455e-05
-1.221247e-07,5.70682e-05
-1.220247e-07,9.01478e-05
-1.219247e-07,0.000118038
-1.218247e-07,0.000138794
-1.217247e-07,0.000152415
-1.216247e-07,0.000158902
-1.215247e-07,0.00015955
-1.214247e-07,0.000153713
-1.213247e-07,0.000143983
-1.212247e-07,0.000130362
-1.211247e-07,0.000114147
-1.210247e-07,9.72826e-05
-1.209247e-07,8.04185e-05
-1.208247e-07,6.48516e-05
-1.207247e-07,5.0582e-05
-1.206247e-07,3.89068e-05
-1.205247e-07,2.91775e-05
-1.204247e-07,2.20427e-05
-1.203247e-07,1.8151e-05
-1.202247e-07,1.62051e-05
-1.201247e-07,1.68537e-05
-1.200247e-07,2.00968e-05
-1.199247e-07,2.52858e-05
-1.198247e-07,3.1772e-05
-1.197247e-07,4.02041e-05
-1.196247e-07,4.99334e-05
-1.195247e-07,5.96627e-05
-1.194247e-07,6.9392e-05
-1.193247e-07,7.91213e-05
-1.192247e-07,8.94992e-05
-1.191247e-07,0.000100526
-1.190247e-07,0.00011285
-1.189247e-07,0.000125822
-1.188247e-07,0.000139443
-1.187247e-07,0.000152415
-1.186247e-07,0.000165388
-1.185247e-07,0.000177712
-1.184247e-07,0.000188089
-1.183247e-07,0.000195224
-1.182247e-07,0.000199116
-1.181247e-07,0.000199116
-1.180247e-07,0.000194576
-1.179247e-07,0.000186144
-1.178247e-07,0.00017382
-1.177247e-07,0.00015955
-1.176247e-07,0.000143335
-1.175247e-07,0.000126471
-1.174247e-07,0.000110255
-1.173247e-07,9.59854e-05
-1.172247e-07,8.62561e-05
-1.171247e-07,7.97699e-05
-1.170247e-07,7.7824e-05
-1.169247e-07,8.10671e-05
-1.168247e-07,8.88506e-05
-1.167247e-07,0.000100526
-1.166247e-07,0.000114795
-1.165247e-07,0.00013166
-1.164247e-07,0.000149172
-1.163247e-07,0.000164739
-1.162247e-07,0.000177712
-1.161247e-07,0.000186792
-1.160247e-07,0.000191981
-1.159247e-07,0.000191981
-1.158247e-07,0.000186792
-1.157247e-07,0.000177063
-1.156247e-07,0.000163442
-1.155247e-07,0.000147226
-1.154247e-07,0.000130362
-1.153247e-07,0.000113498
-1.152247e-07,9.79313e-05
-1.151247e-07,8.56075e-05
-1.150247e-07,7.52296e-05
-1.149247e-07,6.87434e-05
-1.148247e-07,6.4203e-05
-1.147247e-07,6.03113e-05
-1.146247e-07,5.64196e-05
-1.145247e-07,5.0582e-05
-1.144247e-07,4.21499e-05
-1.143247e-07,3.11234e-05
-1.142247e-07,1.75024e-05
-1.141247e-07,2.5841e-06
-1.140247e-07,-1.23342e-05
-1.139247e-07,-2.59552e-05
-1.138247e-07,-3.63331e-05
-1.137247e-07,-4.15221e-05
-1.136247e-07,-4.08734e-05
-1.135247e-07,-3.43872e-05
-1.134247e-07,-2.33607e-05
-1.133247e-07,-8.44244e-06
-1.132247e-07,7.77306e-06
-1.131247e-07,2.26913e-05
-1.130247e-07,3.50151e-05
-1.129247e-07,4.34472e-05
-1.128247e-07,4.5393e-05
-1.127247e-07,4.15013e-05
-1.126247e-07,3.24206e-05
-1.125247e-07,1.94482e-05
-1.124247e-07,3.88134e-06
-1.123247e-07,-1.16855e-05
-1.122247e-07,-2.66038e-05
-1.121247e-07,-3.69817e-05
-1.120247e-07,-4.34679e-05
-1.119247e-07,-4.54138e-05
-1.118247e-07,-4.21707e-05
-1.117247e-07,-3.43872e-05
-1.116247e-07,-2.46579e-05
-1.115247e-07,-1.428e-05
-1.114247e-07,-5.19934e-06
-1.113247e-07,2.5841e-06
-1.112247e-07,7.12444e-06
-1.111247e-07,7.77306e-06
-1.110247e-07,5.17858e-06
-1.109247e-07,-6.58998e-07
-1.108247e-07,-7.79382e-06
-1.107247e-07,-1.68745e-05
-1.106247e-07,-2.46579e-05
-1.105247e-07,-3.24414e-05
-1.104247e-07,-3.89276e-05
-1.103247e-07,-4.34679e-05
-1.102247e-07,-4.54138e-05
-1.101247e-07,-4.60624e-05
-1.100247e-07,-4.41165e-05
-1.099247e-07,-4.15221e-05
-1.098247e-07,-3.69817e-05
-1.097247e-07,-2.91983e-05
-1.096247e-07,-2.01176e-05
-1.095247e-07,-1.03883e-05
-1.094247e-07,1.28686e-06
-1.093247e-07,1.2962e-05
-1.092247e-07,2.39886e-05
-1.091247e-07,3.37179e-05
-1.090247e-07,4.15013e-05
-1.089247e-07,4.73389e-05
-1.088247e-07,5.12306e-05
-1.087247e-07,5.12306e-05
-1.086247e-07,4.99334e-05
-1.085247e-07,4.60417e-05
-1.084247e-07,4.21499e-05
-1.083247e-07,3.76096e-05
-1.082247e-07,3.30692e-05
-1.081247e-07,3.04748e-05
-1.080247e-07,2.98261e-05
-1.079247e-07,3.11234e-05
-1.078247e-07,3.50151e-05
-1.077247e-07,4.15013e-05
-1.076247e-07,4.99334e-05
-1.075247e-07,5.90141e-05
-1.074247e-07,6.74461e-05
-1.073247e-07,7.65268e-05
-1.072247e-07,8.49589e-05
-1.071247e-07,9.14451e-05
-1.070247e-07,9.59854e-05
-1.069247e-07,9.79313e-05
-1.068247e-07,9.79313e-05
-1.067247e-07,9.53368e-05
-1.066247e-07,9.07964e-05
-1.065247e-07,8.49589e-05
-1.064247e-07,7.84727e-05
-1.063247e-07,7.06892e-05
-1.062247e-07,6.35544e-05
-1.061247e-07,5.90141e-05
-1.060247e-07,5.64196e-05
-1.059247e-07,5.77168e-05
-1.058247e-07,6.22572e-05
-1.057247e-07,7.13378e-05
-1.056247e-07,8.3013e-05
-1.055247e-07,9.72826e-05
-1.054247e-07,0.000112201
-1.053247e-07,0.000125822
-1.052247e-07,0.000135551
-1.051247e-07,0.00014074
-1.050247e-07,0.000139443
-1.049247e-07,0.000132957
-1.048247e-07,0.000120633
-1.047247e-07,0.000104417
-1.046247e-07,8.49589e-05
-1.045247e-07,6.55003e-05
-1.044247e-07,4.66903e-05
-1.043247e-07,3.1772e-05
-1.042247e-07,2.20427e-05
-1.041247e-07,1.87996e-05
-1.040247e-07,2.13941e-05
-1.039247e-07,3.04748e-05
-1.038247e-07,4.34472e-05
-1.037247e-07,5.90141e-05
-1.036247e-07,7.45809e-05
-1.035247e-07,8.75533e-05
-1.034247e-07,9.6634e-05
-1.033247e-07,0.000101174
-1.032247e-07,0.000100526
-1.031247e-07,9.46882e-05
-1.030247e-07,8.49589e-05
-1.029247e-07,7.26351e-05
-1.028247e-07,5.83654e-05
-1.027247e-07,4.47444e-05
-1.026247e-07,3.24206e-05
-1.025247e-07,2.39886e-05
-1.024247e-07,1.87996e-05
-1.023247e-07,1.68537e-05
-1.022247e-07,1.8151e-05
-1.021247e-07,2.26913e-05
-1.020247e-07,2.98261e-05
-1.019247e-07,3.82582e-05
-1.018247e-07,4.79875e-05
-1.017247e-07,5.96627e-05
-1.016247e-07,7.32837e-05
-1.015247e-07,8.8202e-05
-1.014247e-07,0.000103769
-1.013247e-07,0.000119984
-1.012247e-07,0.0001362
-1.011247e-07,0.000151118
-1.010247e-07,0.000164091
-1.009247e-07,0.00017382
-1.008247e-07,0.000180955
-1.007247e-07,0.000184198
-1.006247e-07,0.000184198
-1.005247e-07,0.000180306
-1.004247e-07,0.00017382
-1.003247e-07,0.000164739
-1.002247e-07,0.000154361
-1.001247e-07,0.000145281
-1.000247e-07,0.000136848
-9.992475e-08,0.000128416
-9.982475e-08,0.000121282
-9.972475e-08,0.000115444
-9.962475e-08,0.000110255
-9.952475e-08,0.000105715
-9.942475e-08,0.000101174
-9.932475e-08,9.72826e-05
-9.922475e-08,9.40395e-05
-9.912475e-08,9.01478e-05
-9.902475e-08,8.69047e-05
-9.892475e-08,8.36616e-05
-9.882475e-08,8.10671e-05
-9.872475e-08,7.84727e-05
-9.862475e-08,7.52296e-05
-9.852475e-08,7.26351e-05
-9.842475e-08,7.00406e-05
-9.832475e-08,6.61489e-05
-9.822475e-08,6.09599e-05
-9.812475e-08,5.44737e-05
-9.802475e-08,4.73389e-05
-9.792475e-08,3.82582e-05
-9.782475e-08,2.91775e-05
-9.772475e-08,2.07455e-05
-9.762475e-08,1.49079e-05
-9.752475e-08,1.16648e-05
-9.742475e-08,1.10162e-05
-9.732475e-08,1.49079e-05
-9.722475e-08,2.33399e-05
-9.712475e-08,3.50151e-05
-9.702475e-08,4.99334e-05
-9.692475e-08,6.74461e-05
-9.682475e-08,8.49589e-05
-9.672475e-08,0.000101174
-9.662475e-08,0.000114147
-9.652475e-08,0.000123876
-9.642475e-08,0.000129065
-9.632475e-08,0.000130362
-9.622475e-08,0.000127119
-9.612475e-08,0.00012193
-9.602475e-08,0.000114795
-9.592475e-08,0.000107661
-9.582475e-08,0.000101823
-9.572475e-08,9.72826e-05
-9.562475e-08,9.46882e-05
-9.552475e-08,9.46882e-05
-9.542475e-08,9.53368e-05
-9.532475e-08,9.85799e-05
-9.522475e-08,0.000101174
-9.512475e-08,0.000104417
-9.502475e-08,0.000106363
-9.492475e-08,0.000106363
-9.482475e-08,0.000105715
-9.472475e-08,0.000104417
-9.462475e-08,0.000102472
-9.452475e-08,0.000101174
-9.442475e-08,0.000100526
-9.432475e-08,0.000100526
-9.422475e-08,0.000100526
-9.412475e-08,0.000101174
-9.402475e-08,0.000101823
-9.392475e-08,0.000102472
-9.382475e-08,0.00010312
-9.372475e-08,0.000102472
-9.362475e-08,0.000101823
-9.352475e-08,0.000101823
-9.342475e-08,0.000101823
-9.332475e-08,0.000102472
-9.322475e-08,0.000103769
-9.312475e-08,0.000104417
-9.302475e-08,0.000103769
-9.292475e-08,0.000102472
-9.282475e-08,9.92285e-05
-9.272475e-08,9.20937e-05
-9.262475e-08,8.17158e-05
-9.252475e-08,6.74461e-05
-9.242475e-08,5.0582e-05
-9.232475e-08,3.11234e-05
-9.222475e-08,1.16648e-05
-9.212475e-08,-7.1452e-06
-9.202475e-08,-2.20635e-05
-9.192475e-08,-3.24414e-05
-9.182475e-08,-3.76303e-05
-9.172475e-08,-3.63331e-05
-9.162475e-08,-2.91983e-05
-9.152475e-08,-1.62259e-05
-9.142475e-08,-6.58998e-07
-9.132475e-08,1.68537e-05
-9.122475e-08,3.24206e-05
-9.112475e-08,4.5393e-05
-9.102475e-08,5.44737e-05
-9.092475e-08,5.90141e-05
-9.082475e-08,5.77168e-05
-9.072475e-08,5.18792e-05
-9.062475e-08,4.21499e-05
-9.052475e-08,2.98261e-05
-9.042475e-08,1.75024e-05
-9.032475e-08,4.52996e-06
-9.022475e-08,-8.44244e-06
-9.012475e-08,-2.01176e-05
-9.002475e-08,-3.04955e-05
-8.992475e-08,-4.02248e-05
-8.982475e-08,-4.93055e-05
-8.972475e-08,-5.7089e-05
-8.962475e-08,-6.42238e-05
-8.952475e-08,-6.87641e-05
-8.942475e-08,-7.071e-05
-8.932475e-08,-7.00614e-05
-8.922475e-08,-6.48724e-05
-8.912475e-08,-5.51431e-05
-8.902475e-08,-4.15221e-05
-8.892475e-08,-2.46579e-05
-8.882475e-08,-5.84796e-06
-8.872475e-08,1.16648e-05
-8.862475e-08,2.6583e-05
-8.852475e-08,3.82582e-05
-8.842475e-08,4.5393e-05
-8.832475e-08,4.73389e-05
-8.822475e-08,4.40958e-05
-8.812475e-08,3.76096e-05
-8.802475e-08,2.85289e-05
-8.792475e-08,1.94482e-05
-8.782475e-08,1.16648e-05
-8.772475e-08,6.47582e-06
-8.762475e-08,5.17858e-06
-8.752475e-08,7.12444e-06
-8.742475e-08,1.23134e-05
-8.732475e-08,1.94482e-05
-8.722475e-08,2.6583e-05
-8.712475e-08,3.43665e-05
-8.702475e-08,4.08527e-05
-8.692475e-08,4.66903e-05
-8.682475e-08,5.18792e-05
-8.672475e-08,5.64196e-05
-8.662475e-08,6.22572e-05
-8.652475e-08,6.9392e-05
-8.642475e-08,7.65268e-05
-8.632475e-08,8.36616e-05
-8.622475e-08,9.01478e-05
-8.612475e-08,9.46882e-05
-8.602475e-08,9.59854e-05
-8.592475e-08,9.33909e-05
-8.582475e-08,8.75533e-05
-8.572475e-08,7.84727e-05
-8.562475e-08,6.67975e-05
-8.552475e-08,5.38251e-05
-8.542475e-08,4.08527e-05
-8.532475e-08,2.98261e-05
-8.522475e-08,2.20427e-05
-8.512475e-08,1.68537e-05
-8.502475e-08,1.62051e-05
-8.492475e-08,1.87996e-05
-8.482475e-08,2.33399e-05
-8.472475e-08,2.85289e-05
-8.462475e-08,3.30692e-05
-8.452475e-08,3.63124e-05
-8.442475e-08,3.76096e-05
-8.432475e-08,3.6961e-05
-8.422475e-08,3.50151e-05
-8.412475e-08,3.30692e-05
-8.402475e-08,2.98261e-05
-8.392475e-08,2.78803e-05
-8.382475e-08,2.72317e-05
-8.372475e-08,2.78803e-05
-8.362475e-08,3.04748e-05
-8.352475e-08,3.37179e-05
-8.342475e-08,3.6961e-05
-8.332475e-08,4.08527e-05
-8.322475e-08,4.40958e-05
-8.312475e-08,4.66903e-05
-8.302475e-08,4.73389e-05
-8.292475e-08,4.66903e-05
-8.282475e-08,4.40958e-05
-8.272475e-08,4.08527e-05
-8.262475e-08,3.63124e-05
-8.252475e-08,3.04748e-05
-8.242475e-08,2.26913e-05
-8.232475e-08,1.42593e-05
-8.222475e-08,3.88134e-06
-8.212475e-08,-7.79382e-06
-8.202475e-08,-1.88204e-05
-8.192475e-08,-2.98469e-05
-8.182475e-08,-3.89276e-05
-8.172475e-08,-4.54138e-05
-8.162475e-08,-4.86569e-05
-8.152475e-08,-4.73596e-05
-8.142475e-08,-4.28193e-05
-8.132475e-08,-3.37386e-05
-8.122475e-08,-2.01176e-05
-8.112475e-08,-5.19934e-06
-8.102475e-08,9.71892e-06
-8.092475e-08,2.26913e-05
-8.082475e-08,3.1772e-05
-8.072475e-08,3.6961e-05
-8.062475e-08,3.56637e-05
-8.052475e-08,2.91775e-05
-8.042475e-08,1.75024e-05
-8.032475e-08,3.88134e-06
-8.022475e-08,-9.73968e-06
-8.012475e-08,-2.07662e-05
-8.002475e-08,-2.66038e-05
-7.992475e-08,-2.53066e-05
-7.982475e-08,-1.428e-05
-7.972475e-08,5.17858e-06
-7.962475e-08,3.30692e-05
-7.952475e-08,6.67975e-05
-7.942475e-08,0.000103769
-7.932475e-08,0.00014074
-7.922475e-08,0.000175766
-7.912475e-08,0.000204305
-7.902475e-08,0.000226358
-7.892475e-08,0.00023933
-7.882475e-08,0.000244519
-7.872475e-08,0.000242574
-7.862475e-08,0.00023479
-7.852475e-08,0.000223764
-7.842475e-08,0.000210791
-7.832475e-08,0.000198467
-7.822475e-08,0.000188089
-7.812475e-08,0.000180955
-7.802475e-08,0.000176414
-7.792475e-08,0.000174468
-7.782475e-08,0.000173171
-7.772475e-08,0.000172523
-7.762475e-08,0.000170577
-7.752475e-08,0.000167982
-7.742475e-08,0.000164091
-7.732475e-08,0.00015955
-7.722475e-08,0.000154361
-7.712475e-08,0.000147875
-7.702475e-08,0.000142037
-7.692475e-08,0.000137497
-7.682475e-08,0.000133605
-7.672475e-08,0.000131011
-7.662475e-08,0.000129065
-7.652475e-08,0.000128416
-7.642475e-08,0.000127768
-7.632475e-08,0.000126471
-7.622475e-08,0.000124525
-7.612475e-08,0.000122579
-7.602475e-08,0.000121282
-7.592475e-08,0.000120633
-7.582475e-08,0.000121282
-7.572475e-08,0.000123227
-7.562475e-08,0.000127119
-7.552475e-08,0.000132308
-7.542475e-08,0.000138794
-7.532475e-08,0.000145281
-7.522475e-08,0.000150469
-7.512475e-08,0.000153713
-7.502475e-08,0.000152415
-7.492475e-08,0.000146578
-7.482475e-08,0.000134903
-7.472475e-08,0.000116741
-7.462475e-08,9.27423e-05
-7.452475e-08,6.4203e-05
-7.442475e-08,3.24206e-05
-7.432475e-08,-2.60486e-06
-7.422475e-08,-3.76303e-05
-7.412475e-08,-7.20072e-05
-7.402475e-08,-0.00010379
-7.392475e-08,-0.000132329
-7.382475e-08,-0.000157625
-7.372475e-08,-0.00017903
-7.362475e-08,-0.000195245
-7.352475e-08,-0.00020692
-7.342475e-08,-0.000214704
-7.332475e-08,-0.00021665
-7.322475e-08,-0.000213406
-7.312475e-08,-0.000205623
-7.302475e-08,-0.000192651
-7.292475e-08,-0.000173841
-7.282475e-08,-0.000151139
-7.272475e-08,-0.000124545
-7.262475e-08,-9.60062e-05
-7.252475e-08,-6.61696e-05
-7.242475e-08,-3.8279e-05
-7.232475e-08,-1.36314e-05
-7.222475e-08,5.8272e-06
-7.212475e-08,2.00968e-05
-7.202475e-08,2.85289e-05
-7.192475e-08,3.1772e-05
-7.182475e-08,2.98261e-05
-7.172475e-08,2.52858e-05
-7.162475e-08,1.94482e-05
-7.152475e-08,1.2962e-05
-7.142475e-08,8.42168e-06
-7.132475e-08,6.47582e-06
-7.122475e-08,7.77306e-06
-7.112475e-08,1.23134e-05
-7.102475e-08,2.00968e-05
-7.092475e-08,3.04748e-05
-7.082475e-08,4.21499e-05
-7.072475e-08,5.38251e-05
-7.062475e-08,6.48516e-05
-7.052475e-08,7.32837e-05
-7.042475e-08,7.84727e-05
-7.032475e-08,7.91213e-05
-7.022475e-08,7.58782e-05
-7.012475e-08,6.74461e-05
-7.002475e-08,5.51223e-05
-6.992475e-08,3.82582e-05
-6.982475e-08,1.8151e-05
-6.972475e-08,-3.25348e-06
-6.962475e-08,-2.40093e-05
-6.952475e-08,-4.28193e-05
-6.942475e-08,-5.7089e-05
-6.932475e-08,-6.61696e-05
-6.922475e-08,-6.87641e-05
-6.912475e-08,-6.42238e-05
-6.902475e-08,-5.31972e-05
-6.892475e-08,-3.56845e-05
-6.882475e-08,-1.36314e-05
-6.872475e-08,1.10162e-05
-6.862475e-08,3.56637e-05
-6.852475e-08,5.96627e-05
-6.842475e-08,7.91213e-05
-6.832475e-08,9.27423e-05
-6.822475e-08,0.000100526
-6.812475e-08,0.000101174
-6.802475e-08,9.53368e-05
-6.792475e-08,8.36616e-05
-6.782475e-08,6.74461e-05
-6.772475e-08,4.86361e-05
-6.762475e-08,2.98261e-05
-6.752475e-08,1.03675e-05
-6.742475e-08,-7.1452e-06
-6.732475e-08,-2.33607e-05
-6.722475e-08,-3.69817e-05
-6.712475e-08,-4.80083e-05
-6.702475e-08,-5.7089e-05
-6.692475e-08,-6.35752e-05
-6.682475e-08,-6.74669e-05
-6.672475e-08,-6.81155e-05
-6.662475e-08,-6.5521e-05
-6.652475e-08,-5.96834e-05
-6.642475e-08,-5.06027e-05
-6.632475e-08,-3.89276e-05
-6.622475e-08,-2.53066e-05
-6.612475e-08,-9.73968e-06
-6.602475e-08,7.12444e-06
-6.592475e-08,2.33399e-05
-6.582475e-08,3.82582e-05
-6.572475e-08,5.18792e-05
-6.562475e-08,6.29058e-05
-6.552475e-08,7.19865e-05
-6.542475e-08,7.84727e-05
-6.532475e-08,8.3013e-05
-6.522475e-08,8.69047e-05
-6.512475e-08,8.94992e-05
-6.502475e-08,9.20937e-05
-6.492475e-08,9.33909e-05
-6.482475e-08,9.46882e-05
-6.472475e-08,9.46882e-05
-6.462475e-08,9.33909e-05
-6.452475e-08,9.07964e-05
-6.442475e-08,8.49589e-05
-6.432475e-08,7.71754e-05
-6.422475e-08,6.74461e-05
-6.412475e-08,5.77168e-05
-6.402475e-08,4.79875e-05
-6.392475e-08,4.02041e-05
-6.382475e-08,3.43665e-05
-6.372475e-08,3.24206e-05
-6.362475e-08,3.50151e-05
-6.352475e-08,4.15013e-05
-6.342475e-08,5.0582e-05
-6.332475e-08,6.03113e-05
-6.322475e-08,6.87434e-05
-6.312475e-08,7.45809e-05
-6.302475e-08,7.58782e-05
-6.292475e-08,7.19865e-05
-6.282475e-08,6.16085e-05
-6.272475e-08,4.5393e-05
-6.262475e-08,2.46372e-05
-6.252475e-08,6.38242e-07
-6.242475e-08,-2.53066e-05
-6.232475e-08,-5.19e-05
-6.222475e-08,-7.58989e-05
-6.212475e-08,-9.73034e-05
-6.202475e-08,-0.000115465
-6.192475e-08,-0.000129734
-6.182475e-08,-0.000139464
-6.172475e-08,-0.000144004
-6.162475e-08,-0.000144004
-6.152475e-08,-0.000140112
-6.142475e-08,-0.000133626
-6.132475e-08,-0.000123897
-6.122475e-08,-0.000111573
-6.112475e-08,-9.86006e-05
-6.102475e-08,-8.49796e-05
-6.092475e-08,-7.13586e-05
-6.082475e-08,-5.83862e-05
-6.072475e-08,-4.73596e-05
-6.062475e-08,-3.76303e-05
-6.052475e-08,-3.04955e-05
-6.042475e-08,-2.53066e-05
-6.032475e-08,-2.20635e-05
-6.022475e-08,-2.01176e-05
-6.012475e-08,-1.81717e-05
-6.002475e-08,-1.62259e-05
-5.992475e-08,-1.36314e-05
-5.982475e-08,-8.44244e-06
-5.972475e-08,-1.30762e-06
-5.962475e-08,7.12444e-06
-5.952475e-08,1.75024e-05
-5.942475e-08,2.85289e-05
-5.932475e-08,4.02041e-05
-5.922475e-08,4.99334e-05
-5.912475e-08,5.77168e-05
-5.902475e-08,6.16085e-05
-5.892475e-08,6.29058e-05
-5.882475e-08,6.09599e-05
-5.872475e-08,5.64196e-05
-5.862475e-08,5.0582e-05
-5.852475e-08,4.34472e-05
-5.842475e-08,3.82582e-05
-5.832475e-08,3.37179e-05
-5.822475e-08,3.30692e-05
-5.812475e-08,3.50151e-05
-5.802475e-08,4.08527e-05
-5.792475e-08,4.92848e-05
-5.782475e-08,5.96627e-05
-5.772475e-08,7.06892e-05
-5.762475e-08,8.17158e-05
-5.752475e-08,9.01478e-05
-5.742475e-08,9.72826e-05
-5.732475e-08,0.000101174
-5.722475e-08,0.000101823
-5.712475e-08,9.79313e-05
-5.702475e-08,9.07964e-05
-5.692475e-08,8.04185e-05
-5.682475e-08,6.87434e-05
-5.672475e-08,5.5771e-05
-5.662475e-08,4.15013e-05
-5.652475e-08,2.78803e-05
-5.642475e-08,1.55565e-05
-5.632475e-08,5.17858e-06
-5.622475e-08,-2.60486e-06
-5.612475e-08,-7.79382e-06
-5.602475e-08,-9.09106e-06
-5.592475e-08,-7.1452e-06
-5.582475e-08,-1.30762e-06
-5.572475e-08,7.77306e-06
-5.562475e-08,1.94482e-05
-5.552475e-08,3.30692e-05
-5.542475e-08,4.73389e-05
-5.532475e-08,6.22572e-05
-5.522475e-08,7.58782e-05
-5.512475e-08,8.8202e-05
-5.502475e-08,9.85799e-05
-5.492475e-08,0.000107012
-5.482475e-08,0.000113498
-5.472475e-08,0.00011739
-5.462475e-08,0.000119984
-5.452475e-08,0.000121282
-5.442475e-08,0.00012193
-5.432475e-08,0.000121282
-5.422475e-08,0.000120633
-5.412475e-08,0.000118038
-5.402475e-08,0.000114147
-5.392475e-08,0.000107012
-5.382475e-08,9.72826e-05
-5.372475e-08,8.49589e-05
-5.362475e-08,6.87434e-05
-5.352475e-08,4.92848e-05
-5.342475e-08,2.78803e-05
-5.332475e-08,6.47582e-06
-5.322475e-08,-1.428e-05
-5.312475e-08,-3.24414e-05
-5.302475e-08,-4.6711e-05
-5.292475e-08,-5.57917e-05
-5.282475e-08,-5.90348e-05
-5.272475e-08,-5.57917e-05
-5.262475e-08,-4.73596e-05
-5.252475e-08,-3.37386e-05
-5.242475e-08,-1.68745e-05
-5.232475e-08,6.38242e-07
-5.222475e-08,1.75024e-05
-5.212475e-08,3.11234e-05
-5.202475e-08,4.02041e-05
-5.192475e-08,4.34472e-05
-5.182475e-08,4.08527e-05
-5.172475e-08,3.1772e-05
-5.162475e-08,1.75024e-05
-5.152475e-08,-6.58998e-07
-5.142475e-08,-2.07662e-05
-5.132475e-08,-4.02248e-05
-5.122475e-08,-5.96834e-05
-5.112475e-08,-7.65476e-05
-5.102475e-08,-9.01686e-05
-5.092475e-08,-9.92493e-05
-5.082475e-08,-0.000105087
-5.072475e-08,-0.000107033
-5.062475e-08,-0.000107681
-5.052475e-08,-0.000105735
-5.042475e-08,-0.000103141
-5.032475e-08,-9.98979e-05
-5.022475e-08,-9.73034e-05
-5.012475e-08,-9.40603e-05
-5.002475e-08,-9.01686e-05
-4.992475e-08,-8.62769e-05
-4.982475e-08,-8.17365e-05
-4.972475e-08,-7.58989e-05
-4.962475e-08,-6.87641e-05
-4.952475e-08,-6.09807e-05
-4.942475e-08,-5.31972e-05
-4.932475e-08,-4.47652e-05
-4.922475e-08,-3.69817e-05
-4.912475e-08,-2.91983e-05
-4.902475e-08,-2.20635e-05
-4.892475e-08,-1.62259e-05
-4.882475e-08,-1.10369e-05
-4.872475e-08,-7.1452e-06
-4.862475e-08,-5.19934e-06
-4.852475e-08,-3.9021e-06
-4.842475e-08,-3.9021e-06
-4.832475e-08,-4.55072e-06
-4.822475e-08,-5.19934e-06
-4.812475e-08,-5.84796e-06
-4.802475e-08,-6.49658e-06
-4.792475e-08,-6.49658e-06
-4.782475e-08,-6.49658e-06
-4.772475e-08,-5.84796e-06
-4.762475e-08,-5.84796e-06
-4.752475e-08,-5.84796e-06
-4.742475e-08,-5.84796e-06
-4.732475e-08,-6.49658e-06
-4.722475e-08,-7.79382e-06
-4.712475e-08,-1.03883e-05
-4.702475e-08,-1.23342e-05
-4.692475e-08,-1.49286e-05
-4.682475e-08,-1.62259e-05
-4.672475e-08,-1.62259e-05
-4.662475e-08,-1.29828e-05
-4.652475e-08,-5.84796e-06
-4.642475e-08,5.17858e-06
-4.632475e-08,2.00968e-05
-4.622475e-08,3.89068e-05
-4.612475e-08,6.09599e-05
-4.602475e-08,8.56075e-05
-4.592475e-08,0.000110255
-4.582475e-08,0.000134254
-4.572475e-08,0.000155658
-4.562475e-08,0.000173171
-4.552475e-08,0.000185495
-4.542475e-08,0.00019263
-4.532475e-08,0.000193927
-4.522475e-08,0.000189387
-4.512475e-08,0.000179657
-4.502475e-08,0.000166036
-4.492475e-08,0.000149821
-4.482475e-08,0.000132308
-4.472475e-08,0.000114147
-4.462475e-08,9.53368e-05
-4.452475e-08,7.7824e-05
-4.442475e-08,6.03113e-05
-4.432475e-08,4.47444e-05
-4.422475e-08,3.11234e-05
-4.412475e-08,2.07455e-05
-4.402475e-08,1.23134e-05
-4.392475e-08,7.77306e-06
-4.382475e-08,6.47582e-06
-4.372475e-08,9.71892e-06
-4.362475e-08,1.68537e-05
-4.352475e-08,2.72317e-05
-4.342475e-08,4.02041e-05
-4.332475e-08,5.5771e-05
-4.322475e-08,7.13378e-05
-4.312475e-08,8.56075e-05
-4.302475e-08,9.79313e-05
-4.292475e-08,0.000107012
-4.282475e-08,0.000111552
-4.272475e-08,0.000110904
-4.262475e-08,0.000105715
-4.252475e-08,9.72826e-05
-4.242475e-08,8.56075e-05
-4.232475e-08,7.19865e-05
-4.222475e-08,5.77168e-05
-4.212475e-08,4.40958e-05
-4.202475e-08,3.11234e-05
-4.192475e-08,1.87996e-05
-4.182475e-08,8.42168e-06
-4.172475e-08,-1.30762e-06
-4.162475e-08,-1.10369e-05
-4.152475e-08,-2.01176e-05
-4.142475e-08,-2.91983e-05
-4.132475e-08,-3.69817e-05
-4.122475e-08,-4.41165e-05
-4.112475e-08,-4.93055e-05
-4.102475e-08,-5.19e-05
-4.092475e-08,-5.12514e-05
-4.082475e-08,-4.80083e-05
-4.072475e-08,-4.08734e-05
-4.062475e-08,-3.11441e-05
-4.052475e-08,-1.88204e-05
-4.042475e-08,-5.84796e-06
-4.032475e-08,7.77306e-06
-4.022475e-08,2.07455e-05
-4.012475e-08,3.30692e-05
-4.002475e-08,4.47444e-05
-3.992475e-08,5.5771e-05
-3.982475e-08,6.55003e-05
-3.972475e-08,7.52296e-05
-3.962475e-08,8.43102e-05
-3.952475e-08,9.46882e-05
-3.942475e-08,0.000105715
-3.932475e-08,0.00011739
-3.922475e-08,0.000128416
-3.912475e-08,0.000138794
-3.902475e-08,0.000147226
-3.892475e-08,0.000153064
-3.882475e-08,0.00015501
-3.872475e-08,0.000152415
-3.862475e-08,0.000143983
-3.852475e-08,0.00013166
-3.842475e-08,0.000114147
-3.832475e-08,9.33909e-05
-3.822475e-08,7.13378e-05
-3.812475e-08,4.92848e-05
-3.802475e-08,2.78803e-05
-3.792475e-08,9.0703e-06
-3.782475e-08,-7.1452e-06
-3.772475e-08,-1.9469e-05
-3.762475e-08,-2.72524e-05
-3.752475e-08,-3.17928e-05
-3.742475e-08,-3.24414e-05
-3.732475e-08,-3.04955e-05
-3.722475e-08,-2.72524e-05
-3.712475e-08,-2.20635e-05
-3.702475e-08,-1.68745e-05
-3.692475e-08,-1.23342e-05
-3.682475e-08,-8.44244e-06
-3.672475e-08,-7.1452e-06
-3.662475e-08,-7.1452e-06
-3.652475e-08,-9.09106e-06
-3.642475e-08,-1.23342e-05
-3.632475e-08,-1.75231e-05
-3.622475e-08,-2.33607e-05
-3.612475e-08,-2.7901e-05
-3.602475e-08,-3.17928e-05
-3.592475e-08,-3.43872e-05
-3.582475e-08,-3.43872e-05
-3.572475e-08,-3.11441e-05
-3.562475e-08,-2.33607e-05
-3.552475e-08,-1.16855e-05
-3.542475e-08,3.88134e-06
-3.532475e-08,2.20427e-05
-3.522475e-08,4.21499e-05
-3.512475e-08,6.16085e-05
-3.502475e-08,8.04185e-05
-3.492475e-08,9.46882e-05
-3.482475e-08,0.000105066
-3.472475e-08,0.000108309
-3.462475e-08,0.000105066
-3.452475e-08,9.59854e-05
-3.442475e-08,8.04185e-05
-3.432475e-08,6.09599e-05
-3.422475e-08,3.95555e-05
-3.412475e-08,1.75024e-05
-3.402475e-08,-1.95624e-06
-3.392475e-08,-1.75231e-05
-3.382475e-08,-2.85497e-05
-3.372475e-08,-3.309e-05
-3.362475e-08,-3.24414e-05
-3.352475e-08,-2.66038e-05
-3.342475e-08,-1.68745e-05
-3.332475e-08,-3.25348e-06
-3.322475e-08,1.16648e-05
-3.312475e-08,2.72317e-05
-3.302475e-08,4.21499e-05
-3.292475e-08,5.44737e-05
-3.282475e-08,6.4203e-05
-3.272475e-08,7.00406e-05
-3.262475e-08,7.39323e-05
-3.252475e-08,7.58782e-05
-3.242475e-08,7.58782e-05
-3.232475e-08,7.65268e-05
-3.222475e-08,7.7824e-05
-3.212475e-08,8.04185e-05
-3.202475e-08,8.49589e-05
-3.192475e-08,9.14451e-05
-3.182475e-08,9.98771e-05
-3.172475e-08,0.000110255
-3.162475e-08,0.00012193
-3.152475e-08,0.000133605
-3.142475e-08,0.000145929
-3.132475e-08,0.000157604
-3.122475e-08,0.000167982
-3.112475e-08,0.000175766
-3.102475e-08,0.000181603
-3.092475e-08,0.000184198
-3.082475e-08,0.000183549
-3.072475e-08,0.000179657
-3.062475e-08,0.000171874
-3.052475e-08,0.000160847
-3.042475e-08,0.000145281
-3.032475e-08,0.000126471
-3.022475e-08,0.000104417
-3.012475e-08,8.10671e-05
-3.002475e-08,5.51223e-05
-2.992475e-08,2.98261e-05
-2.982475e-08,5.8272e-06
-2.972475e-08,-1.55773e-05
-2.962475e-08,-3.309e-05
-2.952475e-08,-4.73596e-05
-2.942475e-08,-5.83862e-05
-2.932475e-08,-6.5521e-05
-2.922475e-08,-7.071e-05
-2.912475e-08,-7.39531e-05
-2.902475e-08,-7.58989e-05
-2.892475e-08,-7.78448e-05
-2.882475e-08,-8.04393e-05
-2.872475e-08,-8.30338e-05
-2.862475e-08,-8.56282e-05
-2.852475e-08,-8.62769e-05
-2.842475e-08,-8.49796e-05
-2.832475e-08,-8.04393e-05
-2.822475e-08,-7.20072e-05
-2.812475e-08,-5.90348e-05
-2.802475e-08,-4.34679e-05
-2.792475e-08,-2.66038e-05
-2.782475e-08,-7.79382e-06
-2.772475e-08,9.71892e-06
-2.762475e-08,2.46372e-05
-2.752475e-08,3.50151e-05
-2.742475e-08,4.08527e-05
-2.732475e-08,4.02041e-05
-2.722475e-08,3.43665e-05
-2.712475e-08,2.26913e-05
-2.702475e-08,7.12444e-06
-2.692475e-08,-1.03883e-05
-2.682475e-08,-2.91983e-05
-2.672475e-08,-4.6711e-05
-2.662475e-08,-6.22779e-05
-2.652475e-08,-7.39531e-05
-2.642475e-08,-8.10879e-05
-2.632475e-08,-8.49796e-05
-2.622475e-08,-8.56282e-05
-2.612475e-08,-8.23851e-05
-2.602475e-08,-7.71962e-05
-2.592475e-08,-7.00614e-05
-2.582475e-08,-6.09807e-05
-2.572475e-08,-5.06027e-05
-2.562475e-08,-3.95762e-05
-2.552475e-08,-2.85497e-05
-2.542475e-08,-1.75231e-05
-2.532475e-08,-6.49658e-06
-2.522475e-08,3.88134e-06
-2.512475e-08,1.2962e-05
-2.502475e-08,2.13941e-05
-2.492475e-08,2.78803e-05
-2.482475e-08,3.1772e-05
-2.472475e-08,3.30692e-05
-2.462475e-08,3.11234e-05
-2.452475e-08,2.72317e-05
-2.442475e-08,2.20427e-05
-2.432475e-08,1.55565e-05
-2.422475e-08,8.42168e-06
-2.412475e-08,2.5841e-06
-2.402475e-08,-2.60486e-06
-2.392475e-08,-5.84796e-06
-2.382475e-08,-6.49658e-06
-2.372475e-08,-5.19934e-06
-2.362475e-08,-1.30762e-06
-2.352475e-08,5.17858e-06
-2.342475e-08,1.42593e-05
-2.332475e-08,2.46372e-05
-2.322475e-08,3.63124e-05
-2.312475e-08,4.92848e-05
-2.302475e-08,6.22572e-05
-2.292475e-08,7.58782e-05
-2.282475e-08,8.94992e-05
-2.272475e-08,0.000102472
-2.262475e-08,0.000114795
-2.252475e-08,0.000125173
-2.242475e-08,0.000132957
-2.232475e-08,0.000139443
-2.222475e-08,0.000142686
-2.212475e-08,0.000143335
-2.202475e-08,0.000142037
-2.192475e-08,0.000138146
-2.182475e-08,0.000133605
-2.172475e-08,0.000129065
-2.162475e-08,0.000123227
-2.152475e-08,0.000116741
-2.142475e-08,0.000109606
-2.132475e-08,0.000101174
-2.122475e-08,9.07964e-05
-2.112475e-08,7.91213e-05
-2.102475e-08,6.48516e-05
-2.092475e-08,4.86361e-05
-2.082475e-08,3.11234e-05
-2.072475e-08,1.42593e-05
-2.062475e-08,-6.58998e-07
-2.052475e-08,-1.29828e-05
-2.042475e-08,-2.01176e-05
-2.032475e-08,-2.14148e-05
-2.022475e-08,-1.55773e-05
-2.012475e-08,-3.9021e-06
-2.002475e-08,1.42593e-05
-1.992475e-08,3.6961e-05
-1.982475e-08,6.22572e-05
-1.972475e-08,8.88506e-05
-1.962475e-08,0.000113498
-1.952475e-08,0.000134903
-1.942475e-08,0.000151767
-1.932475e-08,0.000163442
-1.922475e-08,0.000168631
-1.912475e-08,0.000167982
-1.902475e-08,0.000160847
-1.892475e-08,0.000149172
-1.882475e-08,0.000134254
-1.872475e-08,0.000116741
-1.862475e-08,9.85799e-05
-1.852475e-08,8.04185e-05
-1.842475e-08,6.4203e-05
-1.832475e-08,5.0582e-05
-1.822475e-08,4.02041e-05
-1.812475e-08,3.43665e-05
-1.802475e-08,3.1772e-05
-1.792475e-08,3.30692e-05
-1.782475e-08,3.76096e-05
-1.772475e-08,4.34472e-05
-1.762475e-08,5.12306e-05
-1.752475e-08,5.83654e-05
-1.742475e-08,6.61489e-05
-1.732475e-08,7.26351e-05
-1.722475e-08,7.65268e-05
-1.712475e-08,7.71754e-05
-1.702475e-08,7.58782e-05
-1.692475e-08,7.19865e-05
-1.682475e-08,6.74461e-05
-1.672475e-08,6.16085e-05
-1.662475e-08,5.5771e-05
-1.652475e-08,5.12306e-05
-1.642475e-08,4.99334e-05
-1.632475e-08,5.12306e-05
-1.622475e-08,5.64196e-05
-1.612475e-08,6.48516e-05
-1.602475e-08,7.65268e-05
-1.592475e-08,9.07964e-05
-1.582475e-08,0.000105715
-1.572475e-08,0.000120633
-1.562475e-08,0.000134254
-1.552475e-08,0.000145281
-1.542475e-08,0.000153064
-1.532475e-08,0.000156307
-1.522475e-08,0.000156956
-1.512475e-08,0.000153713
-1.502475e-08,0.000148524
-1.492475e-08,0.000141389
-1.482475e-08,0.000133605
-1.472475e-08,0.000125822
-1.462475e-08,0.000118038
-1.452475e-08,0.000110904
-1.442475e-08,0.000104417
-1.432475e-08,9.79313e-05
-1.422475e-08,9.07964e-05
-1.412475e-08,8.23644e-05
-1.402475e-08,7.13378e-05
-1.392475e-08,5.83654e-05
-1.382475e-08,4.34472e-05
-1.372475e-08,2.6583e-05
-1.362475e-08,8.42168e-06
-1.352475e-08,-1.03883e-05
-1.342475e-08,-2.91983e-05
-1.332475e-08,-4.60624e-05
-1.322475e-08,-6.22779e-05
-1.312475e-08,-7.58989e-05
-1.302475e-08,-8.69255e-05
-1.292475e-08,-9.60062e-05
-1.282475e-08,-0.00010379
-1.272475e-08,-0.000108979
-1.262475e-08,-0.000111573
-1.252475e-08,-0.00011287
-1.242475e-08,-0.000112222
-1.232475e-08,-0.000110276
-1.222475e-08,-0.000105735
-1.212475e-08,-9.86006e-05
-1.202475e-08,-8.82227e-05
-1.192475e-08,-7.46017e-05
-1.182475e-08,-5.83862e-05
-1.172475e-08,-3.89276e-05
-1.162475e-08,-1.81717e-05
-1.152475e-08,2.5841e-06
-1.142475e-08,2.33399e-05
-1.132475e-08,4.27986e-05
-1.122475e-08,5.90141e-05
-1.112475e-08,7.19865e-05
-1.102475e-08,8.17158e-05
-1.092475e-08,8.69047e-05
-1.082475e-08,8.8202e-05
-1.072475e-08,8.69047e-05
-1.062475e-08,8.17158e-05
-1.052475e-08,7.45809e-05
-1.042475e-08,6.55003e-05
-1.032475e-08,5.51223e-05
-1.022475e-08,4.34472e-05
-1.012475e-08,3.11234e-05
-1.002475e-08,1.8151e-05
-9.924747e-09,5.8272e-06
-9.824747e-09,-6.49658e-06
-9.724747e-09,-1.68745e-05
-9.624747e-09,-2.46579e-05
-9.524747e-09,-2.85497e-05
-9.424747e-09,-2.7901e-05
-9.324747e-09,-2.40093e-05
-9.224747e-09,-1.75231e-05
-9.124747e-09,-8.44244e-06
-9.024747e-09,-1.03779e-08
-8.924747e-09,7.12444e-06
-8.824747e-09,1.03675e-05
-8.724747e-09,7.77306e-06
-8.624747e-09,-1.95624e-06
-8.524747e-09,-1.88204e-05
-8.424747e-09,-4.15221e-05
-8.324747e-09,-7.00614e-05
-8.224747e-09,-0.000101195
-8.124747e-09,-0.000132978
-8.024747e-09,-0.000163463
-7.924747e-09,-0.000190705
-7.824747e-09,-0.000212758
-7.724747e-09,-0.000230919
-7.624747e-09,-0.000246486
-7.524747e-09,-0.000260756
-7.424747e-09,-0.000276323
-7.324747e-09,-0.000293835
-7.224747e-09,-0.000313943
-7.124747e-09,-0.000337941
-7.024747e-09,-0.000364535
-6.924747e-09,-0.000391777
-6.824747e-09,-0.00041837
-6.724747e-09,-0.000442369
-6.624747e-09,-0.000461179
-6.524747e-09,-0.000473503
-6.424747e-09,-0.000479341
-6.324747e-09,-0.000479989
-6.224747e-09,-0.000476746
-6.124747e-09,-0.000471557
-6.024747e-09,-0.000466368
-5.924747e-09,-0.000464422
-5.824747e-09,-0.000466368
-5.724747e-09,-0.000472206
-5.624747e-09,-0.000483881
-5.524747e-09,-0.000500097
-5.424747e-09,-0.000519555
-5.324747e-09,-0.00054096
-5.224747e-09,-0.000562364
-5.124747e-09,-0.000583769
-5.024747e-09,-0.000604524
-4.924747e-09,-0.000624632
-4.824747e-09,-0.00064409
-4.724747e-09,-0.000663549
-4.624747e-09,-0.000684305
-4.524747e-09,-0.000706358
-4.424747e-09,-0.000729708
-4.324747e-09,-0.000755004
-4.224747e-09,-0.000781598
-4.124747e-09,-0.00080884
-4.024747e-09,-0.000835433
-3.924747e-09,-0.000860729
-3.824747e-09,-0.000883431
-3.724747e-09,-0.000904835
-3.624747e-09,-0.000923645
-3.524747e-09,-0.000942455
-3.424747e-09,-0.000960617
-3.324747e-09,-0.00097813
-3.224747e-09,-0.000996291
-3.124747e-09,-0.0010151
-3.024747e-09,-0.00103456
-2.924747e-09,-0.00105402
-2.824747e-09,-0.00107283
-2.724747e-09,-0.00108904
-2.624747e-09,-0.00110331
-2.524747e-09,-0.00111369
-2.424747e-09,-0.00112147
-2.324747e-09,-0.00112666
-2.224747e-09,-0.00112926
-2.124747e-09,-0.00113056
-2.024747e-09,-0.00113185
-1.924747e-09,-0.0011338
-1.824747e-09,-0.00113704
-1.724747e-09,-0.00114158
-1.624747e-09,-0.00114872
-1.524747e-09,-0.00115715
-1.424747e-09,-0.00116558
-1.324747e-09,-0.00117531
-1.224747e-09,-0.00118504
-1.124747e-09,-0.00119542
-1.024747e-09,-0.00120709
-9.247468e-10,-0.00122006
-8.247468e-10,-0.00123433
-7.247468e-10,-0.0012499
-6.247468e-10,-0.00126806
-5.247468e-10,-0.00128687
-4.247468e-10,-0.00130568
-3.247468e-10,-0.00132255
-2.247468e-10,-0.00133617
-1.247468e-10,-0.00134395
-2.474682e-11,-0.0013446
7.525318e-11,-0.00133876
1.752532e-10,-0.00132579
2.752532e-10,-0.00130568
3.752532e-10,-0.00128233
4.752532e-10,-0.00125704
5.752532e-10,-0.00123174
6.752532e-10,-0.00120904
7.752532e-10,-0.00119088
8.752532e-10,-0.00117855
9.752532e-10,-0.00117077
1.075253e-09,-0.00116688
1.175253e-09,-0.00116558
1.275253e-09,-0.00116493
1.375253e-09,-0.00116363
1.475253e-09,-0.00116039
1.575253e-09,-0.00115391
1.675253e-09,-0.00114418
1.775253e-09,-0.00113185
1.875253e-09,-0.00111758
1.975253e-09,-0.00110331
2.075253e-09,-0.00108904
2.175253e-09,-0.00107542
2.275253e-09,-0.00106245
2.375253e-09,-0.00104948
2.475253e-09,-0.00103651
2.575253e-09,-0.00102224
2.675253e-09,-0.00100602
2.775253e-09,-0.000988507
2.875253e-09,-0.000970346
2.975253e-09,-0.000952185
3.075253e-09,-0.000935969
3.175253e-09,-0.000922348
3.275253e-09,-0.000913268
3.375253e-09,-0.000908079
3.475253e-09,-0.00090743
3.575253e-09,-0.000910673
3.675253e-09,-0.000915862
3.775253e-09,-0.000922348
3.875253e-09,-0.000927537
3.975253e-09,-0.000929483
4.075253e-09,-0.000927537
4.175253e-09,-0.000921051
4.275253e-09,-0.000910024
4.375253e-09,-0.000897052
4.475253e-09,-0.000883431
4.575253e-09,-0.000871756
4.675253e-09,-0.000862675
4.775253e-09,-0.000857486
4.875253e-09,-0.000857486
4.975253e-09,-0.000860729
5.075253e-09,-0.000867216
5.175253e-09,-0.000873702
5.275253e-09,-0.000878242
5.375253e-09,-0.000879539
5.475253e-09,-0.000874999
5.575253e-09,-0.000864621
5.675253e-09,-0.000850351
5.775253e-09,-0.00083219
5.875253e-09,-0.000812083
5.975253e-09,-0.000792624
6.075253e-09,-0.000775111
6.175253e-09,-0.000760842
6.275253e-09,-0.000750464
6.375253e-09,-0.000743329
6.475253e-09,-0.000737491
6.575253e-09,-0.000732951
6.675253e-09,-0.000726465
6.775253e-09,-0.000718682
6.875253e-09,-0.000707655
6.975253e-09,-0.000694034
7.075253e-09,-0.00067717
7.175253e-09,-0.000659008
7.275253e-09,-0.000640847
7.375253e-09,-0.000623983
7.475253e-09,-0.000611011
7.575253e-09,-0.000601281
7.675253e-09,-0.000595444
7.775253e-09,-0.000593498
7.875253e-09,-0.000592849
7.975253e-09,-0.000593498
8.075253e-09,-0.000593498
8.175253e-09,-0.000592849
8.275253e-09,-0.000590255
8.375253e-09,-0.000585714
8.475253e-09,-0.000579877
8.575253e-09,-0.000573391
8.675253e-09,-0.000565607
8.775253e-09,-0.000556526
8.875253e-09,-0.000546797
8.975253e-09,-0.000536419
9.075253e-09,-0.000525393
9.175253e-09,-0.000513069
9.275253e-09,-0.000499448
9.375253e-09,-0.000485178
9.475253e-09,-0.000469611
9.575253e-09,-0.000454693
9.675253e-09,-0.000441721
9.775253e-09,-0.000431343
9.875253e-09,-0.000424208
9.975253e-09,-0.000420965
1.007525e-08,-0.000421613
1.017525e-08,-0.000424857
1.027525e-08,-0.000429397
1.037525e-08,-0.000435234
1.047525e-08,-0.000440423
1.057525e-08,-0.000443667
1.067525e-08,-0.000444315
1.077525e-08,-0.000441072
1.087525e-08,-0.000435883
1.097525e-08,-0.000429397
1.107525e-08,-0.000422262
1.117525e-08,-0.000416425
1.127525e-08,-0.000412533
1.137525e-08,-0.000412533
1.147525e-08,-0.000416425
1.157525e-08,-0.000424208
1.167525e-08,-0.000434586
1.177525e-08,-0.000444964
1.187525e-08,-0.000453396
1.197525e-08,-0.000457936
1.207525e-08,-0.000458585
1.217525e-08,-0.000453396
1.227525e-08,-0.000443667
1.237525e-08,-0.000429397
1.247525e-08,-0.000413181
1.257525e-08,-0.000396317
1.267525e-08,-0.000380102
1.277525e-08,-0.000365184
1.287525e-08,-0.000354157
1.297525e-08,-0.000346374
1.307525e-08,-0.000341185
1.317525e-08,-0.000337293
1.327525e-08,-0.000333401
1.337525e-08,-0.000328212
1.347525e-08,-0.000320429
1.357525e-08,-0.000310051
1.367525e-08,-0.000297727
1.377525e-08,-0.000282809
1.387525e-08,-0.000267891
1.397525e-08,-0.000253621
1.407525e-08,-0.000240648
1.417525e-08,-0.000230919
1.427525e-08,-0.000224433
1.437525e-08,-0.00022119
1.447525e-08,-0.000219893
1.457525e-08,-0.000219893
1.467525e-08,-0.000219893
1.477525e-08,-0.000219244
1.487525e-08,-0.000217947
1.497525e-08,-0.000215352
1.507525e-08,-0.000211461
1.517525e-08,-0.000208866
1.527525e-08,-0.000208866
1.537525e-08,-0.000210812
1.547525e-08,-0.00021665
1.557525e-08,-0.00022573
1.567525e-08,-0.000238703
1.577525e-08,-0.000252972
1.587525e-08,-0.000266593
1.597525e-08,-0.000279566
1.607525e-08,-0.000289295
1.617525e-08,-0.000295781
1.627525e-08,-0.000298376
1.637525e-08,-0.000297078
1.647525e-08,-0.000293187
1.657525e-08,-0.000287349
1.667525e-08,-0.000279566
1.677525e-08,-0.000271134
1.687525e-08,-0.000262053
1.697525e-08,-0.000252972
1.707525e-08,-0.000243892
1.717525e-08,-0.000234162
1.727525e-08,-0.000223784
1.737525e-08,-0.000212758
1.747525e-08,-0.000201083
1.757525e-08,-0.000190056
1.767525e-08,-0.000180327
1.777525e-08,-0.000171895
1.787525e-08,-0.000166057
1.797525e-08,-0.000162814
1.807525e-08,-0.000162814
1.817525e-08,-0.000166057
1.827525e-08,-0.000170597
1.837525e-08,-0.000176435
1.847525e-08,-0.000182921
1.857525e-08,-0.000187462
1.867525e-08,-0.000190056
1.877525e-08,-0.000190705
1.887525e-08,-0.000190705
1.897525e-08,-0.000189407
1.907525e-08,-0.00018811
1.917525e-08,-0.00018811
1.927525e-08,-0.000190705
1.937525e-08,-0.000196542
1.947525e-08,-0.000206272
1.957525e-08,-0.000218595
1.967525e-08,-0.000231568
1.977525e-08,-0.000243243
1.987525e-08,-0.000251675
1.997525e-08,-0.000254918
2.007525e-08,-0.000252972
2.017525e-08,-0.000243892
2.027525e-08,-0.000228325
2.037525e-08,-0.000207569
2.047525e-08,-0.000184219
2.057525e-08,-0.000161517
2.067525e-08,-0.000142058
2.077525e-08,-0.00012714
2.087525e-08,-0.000118708
2.097525e-08,-0.000118059
2.107525e-08,-0.000124545
2.117525e-08,-0.000135572
2.127525e-08,-0.000149842
2.137525e-08,-0.00016476
2.147525e-08,-0.000177084
2.157525e-08,-0.000186164
2.167525e-08,-0.000190705
2.177525e-08,-0.000190056
2.187525e-08,-0.000184219
2.197525e-08,-0.000175138
2.207525e-08,-0.000162814
2.217525e-08,-0.000147896
2.227525e-08,-0.000130383
2.237525e-08,-0.000111573
2.247525e-08,-9.21144e-05
2.257525e-08,-7.071e-05
2.267525e-08,-4.6711e-05
2.277525e-08,-2.14148e-05
2.287525e-08,4.52996e-06
2.297525e-08,2.85289e-05
2.307525e-08,4.86361e-05
2.317525e-08,6.29058e-05
2.327525e-08,6.74461e-05
2.337525e-08,6.16085e-05
2.347525e-08,4.40958e-05
2.357525e-08,1.62051e-05
2.367525e-08,-2.07662e-05
2.377525e-08,-6.35752e-05
2.387525e-08,-0.000107681
2.397525e-08,-0.000149842
2.407525e-08,-0.000186164
2.417525e-08,-0.000214055
2.427525e-08,-0.000231568
2.437525e-08,-0.000239351
2.447525e-08,-0.000238054
2.457525e-08,-0.000230271
2.467525e-08,-0.000218595
2.477525e-08,-0.000205623
2.487525e-08,-0.000193299
2.497525e-08,-0.00018357
2.507525e-08,-0.000175138
2.517525e-08,-0.000168003
2.527525e-08,-0.000160868
2.537525e-08,-0.000153085
2.547525e-08,-0.000142058
2.557525e-08,-0.000129086
2.567525e-08,-0.000114168
2.577525e-08,-9.7952e-05
2.587525e-08,-8.23851e-05
2.597525e-08,-6.94127e-05
2.607525e-08,-6.03321e-05
2.617525e-08,-5.7089e-05
2.627525e-08,-5.90348e-05
2.637525e-08,-6.5521e-05
2.647525e-08,-7.52503e-05
2.657525e-08,-8.62769e-05
2.667525e-08,-9.66548e-05
2.677525e-08,-0.000105735
2.687525e-08,-0.000111573
2.697525e-08,-0.000113519
2.707525e-08,-0.00011287
2.717525e-08,-0.000110276
2.727525e-08,-0.000107681
2.737525e-08,-0.000107033
2.747525e-08,-0.000109627
2.757525e-08,-0.000116113
2.767525e-08,-0.00012714
2.777525e-08,-0.000142058
2.787525e-08,-0.000158274
2.797525e-08,-0.000174489
2.807525e-08,-0.000189407
2.817525e-08,-0.000201731
2.827525e-08,-0.000209515
2.837525e-08,-0.000214704
2.847525e-08,-0.000216001
2.857525e-08,-0.000216001
2.867525e-08,-0.000214704
2.877525e-08,-0.000213406
2.887525e-08,-0.000212109
2.897525e-08,-0.000212109
2.907525e-08,-0.000210812
2.917525e-08,-0.00020692
2.927525e-08,-0.000200434
2.937525e-08,-0.00018811
2.947525e-08,-0.000171246
2.957525e-08,-0.000148544
2.967525e-08,-0.0001226
2.977525e-08,-9.47089e-05
2.987525e-08,-6.68183e-05
2.997525e-08,-4.15221e-05
3.007525e-08,-2.07662e-05
3.017525e-08,-5.19934e-06
3.027525e-08,5.17858e-06
3.037525e-08,1.10162e-05
3.047525e-08,1.49079e-05
3.057525e-08,1.87996e-05
3.067525e-08,2.52858e-05
3.077525e-08,3.56637e-05
3.087525e-08,5.0582e-05
3.097525e-08,7.00406e-05
3.107525e-08,9.20937e-05
3.117525e-08,0.000114147
3.127525e-08,0.000132957
3.137525e-08,0.000145281
3.147525e-08,0.000149172
3.157525e-08,0.000142686
3.167525e-08,0.000127119
3.177525e-08,0.000102472
3.187525e-08,7.13378e-05
3.197525e-08,3.76096e-05
3.207525e-08,3.23272e-06
3.217525e-08,-2.85497e-05
3.227525e-08,-5.57917e-05
3.237525e-08,-7.71962e-05
3.247525e-08,-9.40603e-05
3.257525e-08,-0.000107033
3.267525e-08,-0.000118059
3.277525e-08,-0.00012714
3.287525e-08,-0.000137518
3.297525e-08,-0.000147247
3.307525e-08,-0.000157625
3.317525e-08,-0.000166706
3.327525e-08,-0.000173192
3.337525e-08,-0.000175786
3.347525e-08,-0.000173192
3.357525e-08,-0.00016476
3.367525e-08,-0.000149842
3.377525e-08,-0.000130383
3.387525e-08,-0.000107033
3.397525e-08,-8.17365e-05
3.407525e-08,-5.77376e-05
3.417525e-08,-3.63331e-05
3.427525e-08,-1.81717e-05
3.437525e-08,-4.55072e-06
3.447525e-08,4.52996e-06
3.457525e-08,1.03675e-05
3.467525e-08,1.2962e-05
3.477525e-08,1.49079e-05
3.487525e-08,1.49079e-05
3.497525e-08,1.55565e-05
3.507525e-08,1.68537e-05
3.517525e-08,1.87996e-05
3.527525e-08,1.94482e-05
3.537525e-08,1.8151e-05
3.547525e-08,1.55565e-05
3.557525e-08,1.10162e-05
3.567525e-08,4.52996e-06
3.577525e-08,-3.25348e-06
3.587525e-08,-1.10369e-05
3.597525e-08,-1.75231e-05
3.607525e-08,-2.14148e-05
3.617525e-08,-2.14148e-05
3.627525e-08,-1.75231e-05
3.637525e-08,-1.16855e-05
3.647525e-08,-5.84796e-06
3.657525e-08,-1.03779e-08
3.667525e-08,2.5841e-06
3.677525e-08,1.93548e-06
3.687525e-08,-3.9021e-06
3.697525e-08,-1.49286e-05
3.707525e-08,-2.98469e-05
3.717525e-08,-4.73596e-05
3.727525e-08,-6.42238e-05
3.737525e-08,-7.9142e-05
3.747525e-08,-8.88713e-05
3.757525e-08,-9.27631e-05
3.767525e-08,-9.08172e-05
3.777525e-08,-8.36824e-05
3.787525e-08,-7.13586e-05
3.797525e-08,-5.64403e-05
3.807525e-08,-4.15221e-05
3.817525e-08,-2.66038e-05
3.827525e-08,-1.36314e-05
3.837525e-08,-3.25348e-06
3.847525e-08,5.8272e-06
3.857525e-08,1.55565e-05
3.867525e-08,2.6583e-05
3.877525e-08,4.02041e-05
3.887525e-08,5.5771e-05
3.897525e-08,7.39323e-05
3.907525e-08,9.40395e-05
3.917525e-08,0.000114795
3.927525e-08,0.000135551
3.937525e-08,0.000153713
3.947525e-08,0.000167982
3.957525e-08,0.00017836
3.967525e-08,0.000184846
3.977525e-08,0.000188089
3.987525e-08,0.000190035
3.997525e-08,0.000191333
4.007525e-08,0.00019263
4.017525e-08,0.000193927
4.027525e-08,0.000196522
4.037525e-08,0.000196522
4.047525e-08,0.000193927
4.057525e-08,0.000185495
4.067525e-08,0.000169279
4.077525e-08,0.000144632
4.087525e-08,0.000110904
4.097525e-08,7.00406e-05
4.107525e-08,2.39886e-05
4.117525e-08,-2.40093e-05
4.127525e-08,-7.071e-05
4.137525e-08,-0.000111573
4.147525e-08,-0.000144653
4.157525e-08,-0.000167354
4.167525e-08,-0.00017903
4.177525e-08,-0.000180975
4.187525e-08,-0.000174489
4.197525e-08,-0.000162814
4.207525e-08,-0.000147896
4.217525e-08,-0.000132329
4.227525e-08,-0.000117411
4.237525e-08,-0.000104438
4.247525e-08,-9.21144e-05
4.257525e-08,-7.97907e-05
4.267525e-08,-6.5521e-05
4.277525e-08,-4.93055e-05
4.287525e-08,-3.04955e-05
4.297525e-08,-9.09106e-06
4.307525e-08,1.36106e-05
4.317525e-08,3.63124e-05
4.327525e-08,5.70682e-05
4.337525e-08,7.26351e-05
4.347525e-08,8.23644e-05
4.357525e-08,8.49589e-05
4.367525e-08,7.91213e-05
4.377525e-08,6.67975e-05
4.387525e-08,4.79875e-05
4.397525e-08,2.6583e-05
4.407525e-08,4.52996e-06
4.417525e-08,-1.49286e-05
4.427525e-08,-2.98469e-05
4.437525e-08,-3.89276e-05
4.447525e-08,-4.21707e-05
4.457525e-08,-4.02248e-05
4.467525e-08,-3.50359e-05
4.477525e-08,-2.7901e-05
4.487525e-08,-2.07662e-05
4.497525e-08,-1.29828e-05
4.507525e-08,-5.19934e-06
4.517525e-08,2.5841e-06
4.527525e-08,1.16648e-05
4.537525e-08,2.20427e-05
4.547525e-08,3.6961e-05
4.557525e-08,5.51223e-05
4.567525e-08,7.7824e-05
4.577525e-08,0.000103769
4.587525e-08,0.000131011
4.597525e-08,0.000156956
4.607525e-08,0.00017836
4.617525e-08,0.000194576
4.627525e-08,0.000203008
4.637525e-08,0.000204305
4.647525e-08,0.000198467
4.657525e-08,0.000187441
4.667525e-08,0.00017382
4.677525e-08,0.00015955
4.687525e-08,0.000145929
4.697525e-08,0.000134903
4.707525e-08,0.000126471
4.717525e-08,0.000120633
4.727525e-08,0.000116093
4.737525e-08,0.00011285
4.747525e-08,0.000110255
4.757525e-08,0.000107012
4.767525e-08,0.000102472
4.777525e-08,9.79313e-05
4.787525e-08,9.40395e-05
4.797525e-08,9.14451e-05
4.807525e-08,9.07964e-05
4.817525e-08,9.27423e-05
4.827525e-08,9.72826e-05
4.837525e-08,0.000102472
4.847525e-08,0.000106363
4.857525e-08,0.000106363
4.867525e-08,0.000101174
4.877525e-08,8.88506e-05
4.887525e-08,6.80947e-05
4.897525e-08,4.02041e-05
4.907525e-08,5.8272e-06
4.917525e-08,-3.04955e-05
4.927525e-08,-6.61696e-05
4.937525e-08,-9.73034e-05
4.947525e-08,-0.000121302
4.957525e-08,-0.000135572
4.967525e-08,-0.000138815
4.977525e-08,-0.000132329
4.987525e-08,-0.000118708
4.997525e-08,-0.000100547
5.007525e-08,-8.30338e-05
5.017525e-08,-6.87641e-05
5.027525e-08,-6.09807e-05
5.037525e-08,-6.09807e-05
5.047525e-08,-6.87641e-05
5.057525e-08,-8.36824e-05
5.067525e-08,-0.000103141
5.077525e-08,-0.000123897
5.087525e-08,-0.000143355
5.097525e-08,-0.000157625
5.107525e-08,-0.000165409
5.117525e-08,-0.00016476
5.127525e-08,-0.000157625
5.137525e-08,-0.000144004
5.147525e-08,-0.000125843
5.157525e-08,-0.000105735
5.167525e-08,-8.49796e-05
5.177525e-08,-6.5521e-05
5.187525e-08,-4.86569e-05
5.197525e-08,-3.50359e-05
5.207525e-08,-2.53066e-05
5.217525e-08,-1.88204e-05
5.227525e-08,-1.55773e-05
5.237525e-08,-1.55773e-05
5.247525e-08,-1.88204e-05
5.257525e-08,-2.46579e-05
5.267525e-08,-3.309e-05
5.277525e-08,-4.47652e-05
5.287525e-08,-5.83862e-05
5.297525e-08,-7.39531e-05
5.307525e-08,-8.88713e-05
5.317525e-08,-0.000101844
5.327525e-08,-0.000110924
5.337525e-08,-0.000114168
5.347525e-08,-0.000111573
5.357525e-08,-0.000101195
5.367525e-08,-8.4331e-05
5.377525e-08,-6.22779e-05
5.387525e-08,-3.8279e-05
5.397525e-08,-1.49286e-05
5.407525e-08,4.52996e-06
5.417525e-08,1.75024e-05
5.427525e-08,2.26913e-05
5.437525e-08,1.94482e-05
5.447525e-08,9.0703e-06
5.457525e-08,-6.49658e-06
5.467525e-08,-2.59552e-05
5.477525e-08,-4.60624e-05
5.487525e-08,-6.5521e-05
5.497525e-08,-8.17365e-05
5.507525e-08,-9.40603e-05
5.517525e-08,-0.000103141
5.527525e-08,-0.000110924
5.537525e-08,-0.000117411
5.547525e-08,-0.000123248
5.557525e-08,-0.000129734
5.567525e-08,-0.000136221
5.577525e-08,-0.000142058
5.587525e-08,-0.000146599
5.597525e-08,-0.000147896
5.607525e-08,-0.000144004
5.617525e-08,-0.000132978
5.627525e-08,-0.000114816
5.637525e-08,-8.952e-05
5.647525e-08,-5.83862e-05
5.657525e-08,-2.33607e-05
5.667525e-08,1.23134e-05
5.677525e-08,4.66903e-05
5.687525e-08,7.71754e-05
5.697525e-08,0.000101174
5.707525e-08,0.000118038
5.717525e-08,0.000127768
5.727525e-08,0.000131011
5.737525e-08,0.000129065
5.747525e-08,0.000124525
5.757525e-08,0.000118687
5.767525e-08,0.000113498
5.777525e-08,0.000108958
5.787525e-08,0.000105715
5.797525e-08,0.000102472
5.807525e-08,9.92285e-05
5.817525e-08,9.40395e-05
5.827525e-08,8.49589e-05
5.837525e-08,7.32837e-05
5.847525e-08,5.77168e-05
5.857525e-08,3.89068e-05
5.867525e-08,1.94482e-05
5.877525e-08,-1.03779e-08
5.887525e-08,-1.68745e-05
5.897525e-08,-3.17928e-05
5.907525e-08,-4.34679e-05
5.917525e-08,-5.25486e-05
5.927525e-08,-5.90348e-05
5.937525e-08,-6.42238e-05
5.947525e-08,-7.00614e-05
5.957525e-08,-7.71962e-05
5.967525e-08,-8.62769e-05
5.977525e-08,-9.86006e-05
5.987525e-08,-0.000113519
5.997525e-08,-0.000128437
6.007525e-08,-0.000144004
6.017525e-08,-0.000157625
6.027525e-08,-0.000168652
6.037525e-08,-0.000176435
6.047525e-08,-0.000180975
6.057525e-08,-0.000182273
6.067525e-08,-0.000181624
6.077525e-08,-0.000180327
6.087525e-08,-0.00017903
6.097525e-08,-0.000178381
6.107525e-08,-0.00017903
6.117525e-08,-0.000180327
6.127525e-08,-0.000180975
6.137525e-08,-0.000180975
6.147525e-08,-0.00017903
6.157525e-08,-0.000175138
6.167525e-08,-0.000168003
6.177525e-08,-0.000158274
6.187525e-08,-0.000147247
6.197525e-08,-0.000136869
6.207525e-08,-0.000128437
6.217525e-08,-0.0001226
6.227525e-08,-0.000120005
6.237525e-08,-0.000120005
6.247525e-08,-0.0001226
6.257525e-08,-0.000125843
6.267525e-08,-0.00012714
6.277525e-08,-0.000125194
6.287525e-08,-0.000118708
6.297525e-08,-0.000106384
6.307525e-08,-8.82227e-05
6.317525e-08,-6.61696e-05
6.327525e-08,-4.21707e-05
6.337525e-08,-1.81717e-05
6.347525e-08,4.52996e-06
6.357525e-08,2.46372e-05
6.367525e-08,4.08527e-05
6.377525e-08,5.38251e-05
6.387525e-08,6.29058e-05
6.397525e-08,7.06892e-05
6.407525e-08,7.7824e-05
6.417525e-08,8.49589e-05
6.427525e-08,9.40395e-05
6.437525e-08,0.000103769
6.447525e-08,0.000113498
6.457525e-08,0.00012193
6.467525e-08,0.000127768
6.477525e-08,0.000129065
6.487525e-08,0.000125173
6.497525e-08,0.000115444
6.507525e-08,9.98771e-05
6.517525e-08,7.91213e-05
6.527525e-08,5.44737e-05
6.537525e-08,2.91775e-05
6.547525e-08,5.17858e-06
6.557525e-08,-1.55773e-05
6.567525e-08,-3.11441e-05
6.577525e-08,-4.21707e-05
6.587525e-08,-4.73596e-05
6.597525e-08,-4.73596e-05
6.607525e-08,-4.34679e-05
6.617525e-08,-3.69817e-05
6.627525e-08,-2.91983e-05
6.637525e-08,-2.14148e-05
6.647525e-08,-1.36314e-05
6.657525e-08,-6.49658e-06
6.667525e-08,-1.03779e-08
6.677525e-08,7.12444e-06
6.687525e-08,1.49079e-05
6.697525e-08,2.26913e-05
6.707525e-08,3.11234e-05
6.717525e-08,3.95555e-05
6.727525e-08,4.5393e-05
6.737525e-08,4.99334e-05
6.747525e-08,5.0582e-05
6.757525e-08,4.86361e-05
6.767525e-08,4.21499e-05
6.777525e-08,3.43665e-05
6.787525e-08,2.46372e-05
6.797525e-08,1.62051e-05
6.807525e-08,9.71892e-06
6.817525e-08,7.12444e-06
6.827525e-08,9.71892e-06
6.837525e-08,1.8151e-05
6.847525e-08,3.11234e-05
6.857525e-08,4.79875e-05
6.867525e-08,6.67975e-05
6.877525e-08,8.43102e-05
6.887525e-08,9.85799e-05
6.897525e-08,0.000108309
6.907525e-08,0.000111552
6.917525e-08,0.000108309
6.927525e-08,9.79313e-05
6.937525e-08,8.36616e-05
6.947525e-08,6.67975e-05
6.957525e-08,4.99334e-05
6.967525e-08,3.50151e-05
6.977525e-08,2.46372e-05
6.987525e-08,2.00968e-05
6.997525e-08,2.20427e-05
7.007525e-08,3.04748e-05
7.017525e-08,4.40958e-05
7.027525e-08,6.16085e-05
7.037525e-08,8.17158e-05
7.047525e-08,0.000102472
7.057525e-08,0.000122579
7.067525e-08,0.00014074
7.077525e-08,0.000155658
7.087525e-08,0.000166036
7.097525e-08,0.000172523
7.107525e-08,0.000174468
7.117525e-08,0.000171874
7.127525e-08,0.000164091
7.137525e-08,0.000152415
7.147525e-08,0.000138146
7.157525e-08,0.000120633
7.167525e-08,0.000101174
7.177525e-08,7.97699e-05
7.187525e-08,5.70682e-05
7.197525e-08,3.50151e-05
7.207525e-08,1.42593e-05
7.217525e-08,-5.19934e-06
7.227525e-08,-2.27121e-05
7.237525e-08,-3.76303e-05
7.247525e-08,-4.99541e-05
7.257525e-08,-6.03321e-05
7.267525e-08,-6.94127e-05
7.277525e-08,-7.71962e-05
7.287525e-08,-8.49796e-05
7.297525e-08,-9.14658e-05
7.307525e-08,-9.7952e-05
7.317525e-08,-0.000104438
7.327525e-08,-0.000110924
7.337525e-08,-0.000115465
7.347525e-08,-0.000118059
7.357525e-08,-0.000118708
7.367525e-08,-0.000116762
7.377525e-08,-0.000112222
7.387525e-08,-0.000105087
7.397525e-08,-9.60062e-05
7.407525e-08,-8.49796e-05
7.417525e-08,-7.39531e-05
7.427525e-08,-6.22779e-05
7.437525e-08,-5.12514e-05
7.447525e-08,-4.21707e-05
7.457525e-08,-3.50359e-05
7.467525e-08,-2.98469e-05
7.477525e-08,-2.59552e-05
7.487525e-08,-2.40093e-05
7.497525e-08,-2.33607e-05
7.507525e-08,-2.33607e-05
7.517525e-08,-2.33607e-05
7.527525e-08,-2.40093e-05
7.537525e-08,-2.33607e-05
7.547525e-08,-2.20635e-05
7.557525e-08,-2.01176e-05
7.567525e-08,-1.88204e-05
7.577525e-08,-1.68745e-05
7.587525e-08,-1.55773e-05
7.597525e-08,-1.36314e-05
7.607525e-08,-1.16855e-05
7.617525e-08,-1.03883e-05
7.627525e-08,-1.03883e-05
7.637525e-08,-1.10369e-05
7.647525e-08,-1.29828e-05
7.657525e-08,-1.62259e-05
7.667525e-08,-2.07662e-05
7.677525e-08,-2.66038e-05
7.687525e-08,-3.50359e-05
7.697525e-08,-4.41165e-05
7.707525e-08,-5.31972e-05
7.717525e-08,-6.03321e-05
7.727525e-08,-6.61696e-05
