LECROYWaveRunner‘N,20113,Waveform
Segments,1,SegmentSize,2002
Segment,TrigTime,TimeSinceSegment1
#1,28-Sep-2018 13:19:59,0                 
Time,Ampl
-1.228645e-07,8.94992e-05
-1.227645e-07,9.07964e-05
-1.226645e-07,9.27423e-05
-1.225645e-07,9.40395e-05
-1.224645e-07,9.59854e-05
-1.223645e-07,9.92285e-05
-1.222645e-07,0.000104417
-1.221645e-07,0.000109606
-1.220645e-07,0.000114795
-1.219645e-07,0.000118038
-1.218645e-07,0.000118687
-1.217645e-07,0.000116093
-1.216645e-07,0.000110255
-1.215645e-07,0.000100526
-1.214645e-07,8.94992e-05
-1.213645e-07,7.65268e-05
-1.212645e-07,6.48516e-05
-1.211645e-07,5.51223e-05
-1.210645e-07,4.92848e-05
-1.209645e-07,4.73389e-05
-1.208645e-07,4.99334e-05
-1.207645e-07,5.5771e-05
-1.206645e-07,6.35544e-05
-1.205645e-07,7.26351e-05
-1.204645e-07,8.04185e-05
-1.203645e-07,8.62561e-05
-1.202645e-07,8.8202e-05
-1.201645e-07,8.49589e-05
-1.200645e-07,7.71754e-05
-1.199645e-07,6.55003e-05
-1.198645e-07,5.12306e-05
-1.197645e-07,3.50151e-05
-1.196645e-07,1.87996e-05
-1.195645e-07,3.23272e-06
-1.194645e-07,-9.73968e-06
-1.193645e-07,-2.01176e-05
-1.192645e-07,-2.72524e-05
-1.191645e-07,-3.11441e-05
-1.190645e-07,-3.24414e-05
-1.189645e-07,-3.309e-05
-1.188645e-07,-3.24414e-05
-1.187645e-07,-3.11441e-05
-1.186645e-07,-2.98469e-05
-1.185645e-07,-2.85497e-05
-1.184645e-07,-2.59552e-05
-1.183645e-07,-2.27121e-05
-1.182645e-07,-1.81717e-05
-1.181645e-07,-1.10369e-05
-1.180645e-07,-1.95624e-06
-1.179645e-07,9.0703e-06
-1.178645e-07,2.13941e-05
-1.177645e-07,3.37179e-05
-1.176645e-07,4.5393e-05
-1.175645e-07,5.64196e-05
-1.174645e-07,6.48516e-05
-1.173645e-07,7.19865e-05
-1.172645e-07,7.65268e-05
-1.171645e-07,7.97699e-05
-1.170645e-07,8.17158e-05
-1.169645e-07,8.23644e-05
-1.168645e-07,8.36616e-05
-1.167645e-07,8.49589e-05
-1.166645e-07,8.62561e-05
-1.165645e-07,8.75533e-05
-1.164645e-07,8.8202e-05
-1.163645e-07,8.75533e-05
-1.162645e-07,8.62561e-05
-1.161645e-07,8.3013e-05
-1.160645e-07,7.7824e-05
-1.159645e-07,7.00406e-05
-1.158645e-07,5.96627e-05
-1.157645e-07,4.79875e-05
-1.156645e-07,3.50151e-05
-1.155645e-07,2.20427e-05
-1.154645e-07,8.42168e-06
-1.153645e-07,-4.55072e-06
-1.152645e-07,-1.68745e-05
-1.151645e-07,-2.72524e-05
-1.150645e-07,-3.69817e-05
-1.149645e-07,-4.47652e-05
-1.148645e-07,-4.99541e-05
-1.147645e-07,-5.19e-05
-1.146645e-07,-5.19e-05
-1.145645e-07,-4.93055e-05
-1.144645e-07,-4.41165e-05
-1.143645e-07,-3.63331e-05
-1.142645e-07,-2.66038e-05
-1.141645e-07,-1.49286e-05
-1.140645e-07,-3.25348e-06
-1.139645e-07,9.0703e-06
-1.138645e-07,2.00968e-05
-1.137645e-07,3.04748e-05
-1.136645e-07,4.02041e-05
-1.135645e-07,4.92848e-05
-1.134645e-07,5.64196e-05
-1.133645e-07,6.35544e-05
-1.132645e-07,7.00406e-05
-1.131645e-07,7.71754e-05
-1.130645e-07,8.36616e-05
-1.129645e-07,8.94992e-05
-1.128645e-07,9.40395e-05
-1.127645e-07,9.53368e-05
-1.126645e-07,9.33909e-05
-1.125645e-07,8.62561e-05
-1.124645e-07,7.45809e-05
-1.123645e-07,5.90141e-05
-1.122645e-07,3.95555e-05
-1.121645e-07,1.75024e-05
-1.120645e-07,-4.55072e-06
-1.119645e-07,-2.53066e-05
-1.118645e-07,-4.15221e-05
-1.117645e-07,-5.19e-05
-1.116645e-07,-5.51431e-05
-1.115645e-07,-4.99541e-05
-1.114645e-07,-3.76303e-05
-1.113645e-07,-1.88204e-05
-1.112645e-07,4.52996e-06
-1.111645e-07,3.04748e-05
-1.110645e-07,5.70682e-05
-1.109645e-07,8.10671e-05
-1.108645e-07,0.000100526
-1.107645e-07,0.000114795
-1.106645e-07,0.000123227
-1.105645e-07,0.000125173
-1.104645e-07,0.000122579
-1.103645e-07,0.000116093
-1.102645e-07,0.000107012
-1.101645e-07,9.59854e-05
-1.100645e-07,8.49589e-05
-1.099645e-07,7.39323e-05
-1.098645e-07,6.35544e-05
-1.097645e-07,5.44737e-05
-1.096645e-07,4.60417e-05
-1.095645e-07,3.89068e-05
-1.094645e-07,3.37179e-05
-1.093645e-07,3.11234e-05
-1.092645e-07,2.98261e-05
-1.091645e-07,3.1772e-05
-1.090645e-07,3.56637e-05
-1.089645e-07,4.15013e-05
-1.088645e-07,4.92848e-05
-1.087645e-07,5.90141e-05
-1.086645e-07,6.80947e-05
-1.085645e-07,7.58782e-05
-1.084645e-07,8.17158e-05
-1.083645e-07,8.56075e-05
-1.082645e-07,8.49589e-05
-1.081645e-07,8.17158e-05
-1.080645e-07,7.45809e-05
-1.079645e-07,6.61489e-05
-1.078645e-07,5.5771e-05
-1.077645e-07,4.47444e-05
-1.076645e-07,3.30692e-05
-1.075645e-07,2.33399e-05
-1.074645e-07,1.42593e-05
-1.073645e-07,7.12444e-06
-1.072645e-07,6.38242e-07
-1.071645e-07,-4.55072e-06
-1.070645e-07,-1.03883e-05
-1.069645e-07,-1.55773e-05
-1.068645e-07,-2.07662e-05
-1.067645e-07,-2.72524e-05
-1.066645e-07,-3.43872e-05
-1.065645e-07,-4.28193e-05
-1.064645e-07,-5.12514e-05
-1.063645e-07,-5.90348e-05
-1.062645e-07,-6.5521e-05
-1.061645e-07,-7.00614e-05
-1.060645e-07,-7.20072e-05
-1.059645e-07,-7.20072e-05
-1.058645e-07,-7.071e-05
-1.057645e-07,-6.74669e-05
-1.056645e-07,-6.42238e-05
-1.055645e-07,-5.90348e-05
-1.054645e-07,-5.44945e-05
-1.053645e-07,-5.12514e-05
-1.052645e-07,-4.86569e-05
-1.051645e-07,-4.60624e-05
-1.050645e-07,-4.47652e-05
-1.049645e-07,-4.34679e-05
-1.048645e-07,-4.15221e-05
-1.047645e-07,-4.02248e-05
-1.046645e-07,-3.76303e-05
-1.045645e-07,-3.37386e-05
-1.044645e-07,-2.85497e-05
-1.043645e-07,-2.07662e-05
-1.042645e-07,-1.10369e-05
-1.041645e-07,1.28686e-06
-1.040645e-07,1.55565e-05
-1.039645e-07,3.24206e-05
-1.038645e-07,5.18792e-05
-1.037645e-07,7.39323e-05
-1.036645e-07,9.72826e-05
-1.035645e-07,0.00012193
-1.034645e-07,0.000145281
-1.033645e-07,0.000167334
-1.032645e-07,0.000186792
-1.031645e-07,0.000202359
-1.030645e-07,0.000212737
-1.029645e-07,0.000216629
-1.028645e-07,0.000214034
-1.027645e-07,0.000205602
-1.026645e-07,0.000193278
-1.025645e-07,0.000177712
-1.024645e-07,0.000160199
-1.023645e-07,0.000143983
-1.022645e-07,0.000130362
-1.021645e-07,0.000119984
-1.020645e-07,0.000114147
-1.019645e-07,0.000114147
-1.018645e-07,0.000118687
-1.017645e-07,0.000126471
-1.016645e-07,0.0001362
-1.015645e-07,0.000145929
-1.014645e-07,0.000154361
-1.013645e-07,0.000160847
-1.012645e-07,0.000164091
-1.011645e-07,0.000164091
-1.010645e-07,0.00015955
-1.009645e-07,0.000150469
-1.008645e-07,0.000138794
-1.007645e-07,0.000124525
-1.006645e-07,0.000108958
-1.005645e-07,9.27423e-05
-1.004645e-07,7.58782e-05
-1.003645e-07,6.09599e-05
-1.002645e-07,4.66903e-05
-1.001645e-07,3.43665e-05
-1.000645e-07,2.39886e-05
-9.996451e-08,1.49079e-05
-9.986451e-08,7.77306e-06
-9.976451e-08,2.5841e-06
-9.966451e-08,-1.95624e-06
-9.956451e-08,-4.55072e-06
-9.946451e-08,-5.84796e-06
-9.936451e-08,-7.1452e-06
-9.926451e-08,-8.44244e-06
-9.916451e-08,-1.03883e-05
-9.906451e-08,-1.29828e-05
-9.896451e-08,-1.62259e-05
-9.886451e-08,-2.01176e-05
-9.876451e-08,-2.40093e-05
-9.866451e-08,-2.72524e-05
-9.856451e-08,-2.98469e-05
-9.846451e-08,-3.17928e-05
-9.836451e-08,-3.11441e-05
-9.826451e-08,-2.7901e-05
-9.816451e-08,-2.20635e-05
-9.806451e-08,-1.428e-05
-9.796451e-08,-4.55072e-06
-9.786451e-08,7.12444e-06
-9.776451e-08,1.8151e-05
-9.766451e-08,2.78803e-05
-9.756451e-08,3.50151e-05
-9.746451e-08,3.95555e-05
-9.736451e-08,4.02041e-05
-9.726451e-08,3.76096e-05
-9.716451e-08,3.11234e-05
-9.706451e-08,2.20427e-05
-9.696451e-08,1.10162e-05
-9.686451e-08,-1.30762e-06
-9.676451e-08,-1.36314e-05
-9.666451e-08,-2.53066e-05
-9.656451e-08,-3.63331e-05
-9.646451e-08,-4.6711e-05
-9.636451e-08,-5.57917e-05
-9.626451e-08,-6.48724e-05
-9.616451e-08,-7.39531e-05
-9.606451e-08,-8.36824e-05
-9.596451e-08,-9.34117e-05
-9.586451e-08,-0.000101844
-9.576451e-08,-0.000109627
-9.566451e-08,-0.000114816
-9.556451e-08,-0.000116762
-9.546451e-08,-0.000114168
-9.536451e-08,-0.000107033
-9.526451e-08,-9.47089e-05
-9.516451e-08,-7.71962e-05
-9.506451e-08,-5.51431e-05
-9.496451e-08,-2.98469e-05
-9.486451e-08,-1.95624e-06
-9.476451e-08,2.6583e-05
-9.466451e-08,5.5771e-05
-9.456451e-08,8.43102e-05
-9.446451e-08,0.000111552
-9.436451e-08,0.000137497
-9.426451e-08,0.000161496
-9.416451e-08,0.000182901
-9.406451e-08,0.00020171
-9.396451e-08,0.000217277
-9.386451e-08,0.000228304
-9.376451e-08,0.000235439
-9.366451e-08,0.000238033
-9.356451e-08,0.00023479
-9.346451e-08,0.000227655
-9.336451e-08,0.00021598
-9.326451e-08,0.000200413
-9.316451e-08,0.000183549
-9.306451e-08,0.000165388
-9.296451e-08,0.000147875
-9.286451e-08,0.000132308
-9.276451e-08,0.000119984
-9.266451e-08,0.000109606
-9.256451e-08,0.000102472
-9.246451e-08,9.85799e-05
-9.236451e-08,9.6634e-05
-9.226451e-08,9.6634e-05
-9.216451e-08,9.79313e-05
-9.206451e-08,9.98771e-05
-9.196451e-08,0.000101823
-9.186451e-08,0.000102472
-9.176451e-08,0.000101174
-9.166451e-08,9.79313e-05
-9.156451e-08,9.14451e-05
-9.146451e-08,8.36616e-05
-9.136451e-08,7.32837e-05
-9.126451e-08,6.22572e-05
-9.116451e-08,5.0582e-05
-9.106451e-08,3.89068e-05
-9.096451e-08,2.78803e-05
-9.086451e-08,1.94482e-05
-9.076451e-08,1.42593e-05
-9.066451e-08,1.2962e-05
-9.056451e-08,1.55565e-05
-9.046451e-08,2.26913e-05
-9.036451e-08,3.37179e-05
-9.026451e-08,4.79875e-05
-9.016451e-08,6.4203e-05
-9.006451e-08,8.17158e-05
-8.996451e-08,9.85799e-05
-8.986451e-08,0.000114795
-8.976451e-08,0.000127768
-8.966451e-08,0.000138146
-8.956451e-08,0.000144632
-8.946451e-08,0.000147226
-8.936451e-08,0.000143983
-8.926451e-08,0.000136848
-8.916451e-08,0.000125822
-8.906451e-08,0.000112201
-8.896451e-08,9.59854e-05
-8.886451e-08,7.91213e-05
-8.876451e-08,6.16085e-05
-8.866451e-08,4.40958e-05
-8.856451e-08,2.78803e-05
-8.846451e-08,1.23134e-05
-8.836451e-08,-1.95624e-06
-8.826451e-08,-1.428e-05
-8.816451e-08,-2.53066e-05
-8.806451e-08,-3.56845e-05
-8.796451e-08,-4.54138e-05
-8.786451e-08,-5.44945e-05
-8.776451e-08,-6.35752e-05
-8.766451e-08,-7.00614e-05
-8.756451e-08,-7.46017e-05
-8.746451e-08,-7.65476e-05
-8.736451e-08,-7.46017e-05
-8.726451e-08,-6.87641e-05
-8.716451e-08,-5.90348e-05
-8.706451e-08,-4.60624e-05
-8.696451e-08,-3.17928e-05
-8.686451e-08,-1.75231e-05
-8.676451e-08,-3.25348e-06
-8.666451e-08,8.42168e-06
-8.656451e-08,1.75024e-05
-8.646451e-08,2.20427e-05
-8.636451e-08,2.33399e-05
-8.626451e-08,2.07455e-05
-8.616451e-08,1.62051e-05
-8.606451e-08,1.10162e-05
-8.596451e-08,5.8272e-06
-8.586451e-08,2.5841e-06
-8.576451e-08,1.28686e-06
-8.566451e-08,3.23272e-06
-8.556451e-08,8.42168e-06
-8.546451e-08,1.68537e-05
-8.536451e-08,2.6583e-05
-8.526451e-08,3.89068e-05
-8.516451e-08,5.25279e-05
-8.506451e-08,6.67975e-05
-8.496451e-08,8.23644e-05
-8.486451e-08,9.72826e-05
-8.476451e-08,0.00011285
-8.466451e-08,0.000128416
-8.456451e-08,0.000142686
-8.446451e-08,0.000156307
-8.436451e-08,0.000169279
-8.426451e-08,0.000180306
-8.416451e-08,0.000190684
-8.406451e-08,0.000198467
-8.396451e-08,0.000205602
-8.386451e-08,0.000210143
-8.376451e-08,0.000213386
-8.366451e-08,0.000215332
-8.356451e-08,0.000216629
-8.346451e-08,0.000217926
-8.336451e-08,0.000217926
-8.326451e-08,0.000217277
-8.316451e-08,0.000215332
-8.306451e-08,0.000212737
-8.296451e-08,0.000208197
-8.286451e-08,0.00020171
-8.276451e-08,0.000193278
-8.266451e-08,0.000180955
-8.256451e-08,0.000166036
-8.246451e-08,0.000149172
-8.236451e-08,0.000131011
-8.226451e-08,0.000112201
-8.216451e-08,9.40395e-05
-8.206451e-08,7.7824e-05
-8.196451e-08,6.4203e-05
-8.186451e-08,5.38251e-05
-8.176451e-08,4.79875e-05
-8.166451e-08,4.5393e-05
-8.156451e-08,4.73389e-05
-8.146451e-08,5.12306e-05
-8.136451e-08,5.5771e-05
-8.126451e-08,6.09599e-05
-8.116451e-08,6.48516e-05
-8.106451e-08,6.67975e-05
-8.096451e-08,6.55003e-05
-8.086451e-08,6.03113e-05
-8.076451e-08,5.18792e-05
-8.066451e-08,3.95555e-05
-8.056451e-08,2.52858e-05
-8.046451e-08,1.03675e-05
-8.036451e-08,-4.55072e-06
-8.026451e-08,-1.75231e-05
-8.016451e-08,-2.91983e-05
-8.006451e-08,-3.89276e-05
-7.996451e-08,-4.54138e-05
-7.986451e-08,-4.93055e-05
-7.976451e-08,-5.12514e-05
-7.966451e-08,-5.19e-05
-7.956451e-08,-5.12514e-05
-7.946451e-08,-4.99541e-05
-7.936451e-08,-4.86569e-05
-7.926451e-08,-4.6711e-05
-7.916451e-08,-4.47652e-05
-7.906451e-08,-4.28193e-05
-7.896451e-08,-4.21707e-05
-7.886451e-08,-4.28193e-05
-7.876451e-08,-4.47652e-05
-7.866451e-08,-4.80083e-05
-7.856451e-08,-5.38459e-05
-7.846451e-08,-6.09807e-05
-7.836451e-08,-6.94127e-05
-7.826451e-08,-8.04393e-05
-7.816451e-08,-9.34117e-05
-7.806451e-08,-0.000106384
-7.796451e-08,-0.000120005
-7.786451e-08,-0.000132978
-7.776451e-08,-0.000145301
-7.766451e-08,-0.000155679
-7.756451e-08,-0.000164111
-7.746451e-08,-0.000170597
-7.736451e-08,-0.000174489
-7.726451e-08,-0.000176435
-7.716451e-08,-0.000175786
-7.706451e-08,-0.000173192
-7.696451e-08,-0.0001693
-7.686451e-08,-0.000164111
-7.676451e-08,-0.000158274
-7.666451e-08,-0.00015049
-7.656451e-08,-0.000142058
-7.646451e-08,-0.00013168
-7.636451e-08,-0.000120005
-7.626451e-08,-0.000107681
-7.616451e-08,-9.47089e-05
-7.606451e-08,-8.04393e-05
-7.596451e-08,-6.74669e-05
-7.586451e-08,-5.57917e-05
-7.576451e-08,-4.54138e-05
-7.566451e-08,-3.69817e-05
-7.556451e-08,-3.04955e-05
-7.546451e-08,-2.66038e-05
-7.536451e-08,-2.40093e-05
-7.526451e-08,-2.33607e-05
-7.516451e-08,-2.40093e-05
-7.506451e-08,-2.59552e-05
-7.496451e-08,-2.72524e-05
-7.486451e-08,-2.85497e-05
-7.476451e-08,-2.91983e-05
-7.466451e-08,-2.91983e-05
-7.456451e-08,-2.7901e-05
-7.446451e-08,-2.66038e-05
-7.436451e-08,-2.40093e-05
-7.426451e-08,-2.14148e-05
-7.416451e-08,-1.88204e-05
-7.406451e-08,-1.55773e-05
-7.396451e-08,-1.23342e-05
-7.386451e-08,-8.44244e-06
-7.376451e-08,-5.19934e-06
-7.366451e-08,-1.30762e-06
-7.356451e-08,3.23272e-06
-7.346451e-08,7.77306e-06
-7.336451e-08,1.23134e-05
-7.326451e-08,1.62051e-05
-7.316451e-08,1.94482e-05
-7.306451e-08,2.33399e-05
-7.296451e-08,2.59344e-05
-7.286451e-08,2.72317e-05
-7.276451e-08,2.85289e-05
-7.266451e-08,2.91775e-05
-7.256451e-08,2.98261e-05
-7.246451e-08,3.11234e-05
-7.236451e-08,3.24206e-05
-7.226451e-08,3.30692e-05
-7.216451e-08,3.30692e-05
-7.206451e-08,3.30692e-05
-7.196451e-08,3.1772e-05
-7.186451e-08,2.98261e-05
-7.176451e-08,2.78803e-05
-7.166451e-08,2.52858e-05
-7.156451e-08,2.20427e-05
-7.146451e-08,1.87996e-05
-7.136451e-08,1.62051e-05
-7.126451e-08,1.42593e-05
-7.116451e-08,1.49079e-05
-7.106451e-08,1.62051e-05
-7.096451e-08,1.94482e-05
-7.086451e-08,2.39886e-05
-7.076451e-08,2.85289e-05
-7.066451e-08,3.37179e-05
-7.056451e-08,3.82582e-05
-7.046451e-08,4.21499e-05
-7.036451e-08,4.40958e-05
-7.026451e-08,4.47444e-05
-7.016451e-08,4.47444e-05
-7.006451e-08,4.40958e-05
-6.996451e-08,4.40958e-05
-6.986451e-08,4.47444e-05
-6.976451e-08,4.66903e-05
-6.966451e-08,5.0582e-05
-6.956451e-08,5.64196e-05
-6.946451e-08,6.35544e-05
-6.936451e-08,7.00406e-05
-6.926451e-08,7.65268e-05
-6.916451e-08,8.10671e-05
-6.906451e-08,8.3013e-05
-6.896451e-08,8.10671e-05
-6.886451e-08,7.52296e-05
-6.876451e-08,6.67975e-05
-6.866451e-08,5.5771e-05
-6.856451e-08,4.47444e-05
-6.846451e-08,3.37179e-05
-6.836451e-08,2.46372e-05
-6.826451e-08,2.00968e-05
-6.816451e-08,2.00968e-05
-6.806451e-08,2.52858e-05
-6.796451e-08,3.43665e-05
-6.786451e-08,4.66903e-05
-6.776451e-08,5.96627e-05
-6.766451e-08,7.26351e-05
-6.756451e-08,8.36616e-05
-6.746451e-08,9.20937e-05
-6.736451e-08,9.59854e-05
-6.726451e-08,9.53368e-05
-6.716451e-08,9.01478e-05
-6.706451e-08,8.10671e-05
-6.696451e-08,6.74461e-05
-6.686451e-08,5.12306e-05
-6.676451e-08,3.37179e-05
-6.666451e-08,1.55565e-05
-6.656451e-08,-2.60486e-06
-6.646451e-08,-2.14148e-05
-6.636451e-08,-3.8279e-05
-6.626451e-08,-5.31972e-05
-6.616451e-08,-6.48724e-05
-6.606451e-08,-7.26558e-05
-6.596451e-08,-7.58989e-05
-6.586451e-08,-7.39531e-05
-6.576451e-08,-6.68183e-05
-6.566451e-08,-5.44945e-05
-6.556451e-08,-3.8279e-05
-6.546451e-08,-1.9469e-05
-6.536451e-08,-1.30762e-06
-6.526451e-08,1.49079e-05
-6.516451e-08,2.72317e-05
-6.506451e-08,3.30692e-05
-6.496451e-08,3.1772e-05
-6.486451e-08,2.39886e-05
-6.476451e-08,9.0703e-06
-6.466451e-08,-9.73968e-06
-6.456451e-08,-3.11441e-05
-6.446451e-08,-5.19e-05
-6.436451e-08,-7.00614e-05
-6.426451e-08,-8.30338e-05
-6.416451e-08,-8.75741e-05
-6.406451e-08,-8.4331e-05
-6.396451e-08,-7.20072e-05
-6.386451e-08,-5.19e-05
-6.376451e-08,-2.59552e-05
-6.366451e-08,4.52996e-06
-6.356451e-08,3.82582e-05
-6.346451e-08,7.26351e-05
-6.336451e-08,0.000105715
-6.326451e-08,0.0001362
-6.316451e-08,0.000162793
-6.306451e-08,0.000183549
-6.296451e-08,0.000197819
-6.286451e-08,0.000205602
-6.276451e-08,0.000206899
-6.266451e-08,0.00020171
-6.256451e-08,0.000190684
-6.246451e-08,0.000174468
-6.236451e-08,0.000153064
-6.226451e-08,0.000128416
-6.216451e-08,0.000101823
-6.206451e-08,7.32837e-05
-6.196451e-08,4.47444e-05
-6.186451e-08,1.8151e-05
-6.176451e-08,-5.19934e-06
-6.166451e-08,-2.40093e-05
-6.156451e-08,-3.69817e-05
-6.146451e-08,-4.47652e-05
-6.136451e-08,-4.73596e-05
-6.126451e-08,-4.54138e-05
-6.116451e-08,-3.89276e-05
-6.106451e-08,-3.04955e-05
-6.096451e-08,-2.01176e-05
-6.086451e-08,-9.73968e-06
-6.076451e-08,-1.03779e-08
-6.066451e-08,8.42168e-06
-6.056451e-08,1.49079e-05
-6.046451e-08,1.87996e-05
-6.036451e-08,2.00968e-05
-6.026451e-08,1.94482e-05
-6.016451e-08,1.75024e-05
-6.006451e-08,1.36106e-05
-5.996451e-08,9.71892e-06
-5.986451e-08,6.47582e-06
-5.976451e-08,3.23272e-06
-5.966451e-08,6.38242e-07
-5.956451e-08,6.38242e-07
-5.946451e-08,2.5841e-06
-5.936451e-08,6.47582e-06
-5.926451e-08,1.16648e-05
-5.916451e-08,1.87996e-05
-5.906451e-08,2.72317e-05
-5.896451e-08,3.56637e-05
-5.886451e-08,4.27986e-05
-5.876451e-08,4.99334e-05
-5.866451e-08,5.51223e-05
-5.856451e-08,5.90141e-05
-5.846451e-08,6.09599e-05
-5.836451e-08,6.03113e-05
-5.826451e-08,5.90141e-05
-5.816451e-08,5.5771e-05
-5.806451e-08,5.25279e-05
-5.796451e-08,4.99334e-05
-5.786451e-08,4.86361e-05
-5.776451e-08,4.86361e-05
-5.766451e-08,5.18792e-05
-5.756451e-08,5.77168e-05
-5.746451e-08,6.67975e-05
-5.736451e-08,7.71754e-05
-5.726451e-08,8.88506e-05
-5.716451e-08,9.98771e-05
-5.706451e-08,0.000108309
-5.696451e-08,0.000114795
-5.686451e-08,0.000118038
-5.676451e-08,0.00011739
-5.666451e-08,0.000114147
-5.656451e-08,0.000107012
-5.646451e-08,9.72826e-05
-5.636451e-08,8.62561e-05
-5.626451e-08,7.39323e-05
-5.616451e-08,6.16085e-05
-5.606451e-08,4.92848e-05
-5.596451e-08,3.76096e-05
-5.586451e-08,2.52858e-05
-5.576451e-08,1.36106e-05
-5.566451e-08,6.38242e-07
-5.556451e-08,-1.23342e-05
-5.546451e-08,-2.53066e-05
-5.536451e-08,-3.76303e-05
-5.526451e-08,-4.99541e-05
-5.516451e-08,-6.22779e-05
-5.506451e-08,-7.33045e-05
-5.496451e-08,-8.30338e-05
-5.486451e-08,-9.08172e-05
-5.476451e-08,-9.7952e-05
-5.466451e-08,-0.000104438
-5.456451e-08,-0.000111573
-5.446451e-08,-0.000119356
-5.436451e-08,-0.000127789
-5.426451e-08,-0.000137518
-5.416451e-08,-0.000149193
-5.406451e-08,-0.000160868
-5.396451e-08,-0.000172543
-5.386451e-08,-0.000182273
-5.376451e-08,-0.00018811
-5.366451e-08,-0.000188759
-5.356451e-08,-0.000182921
-5.346451e-08,-0.000170597
-5.336451e-08,-0.000152436
-5.326451e-08,-0.000128437
-5.316451e-08,-0.000101195
-5.306451e-08,-7.26558e-05
-5.296451e-08,-4.60624e-05
-5.286451e-08,-2.20635e-05
-5.276451e-08,-3.25348e-06
-5.266451e-08,1.03675e-05
-5.256451e-08,1.75024e-05
-5.246451e-08,2.07455e-05
-5.236451e-08,2.00968e-05
-5.226451e-08,1.68537e-05
-5.216451e-08,1.2962e-05
-5.206451e-08,9.71892e-06
-5.196451e-08,6.47582e-06
-5.186451e-08,4.52996e-06
-5.176451e-08,2.5841e-06
-5.166451e-08,1.28686e-06
-5.156451e-08,6.38242e-07
-5.146451e-08,-1.30762e-06
-5.136451e-08,-2.60486e-06
-5.126451e-08,-3.9021e-06
-5.116451e-08,-3.9021e-06
-5.106451e-08,-2.60486e-06
-5.096451e-08,1.28686e-06
-5.086451e-08,8.42168e-06
-5.076451e-08,1.94482e-05
-5.066451e-08,3.50151e-05
-5.056451e-08,5.38251e-05
-5.046451e-08,7.52296e-05
-5.036451e-08,9.79313e-05
-5.026451e-08,0.000119984
-5.016451e-08,0.000140092
-5.006451e-08,0.000155658
-4.996451e-08,0.000167334
-4.986451e-08,0.000174468
-4.976451e-08,0.000176414
-4.966451e-08,0.000174468
-4.956451e-08,0.000169928
-4.946451e-08,0.000162145
-4.936451e-08,0.000153064
-4.926451e-08,0.000143335
-4.916451e-08,0.000133605
-4.906451e-08,0.000125173
-4.896451e-08,0.000116741
-4.886451e-08,0.000108309
-4.876451e-08,0.000100526
-4.866451e-08,9.20937e-05
-4.856451e-08,8.43102e-05
-4.846451e-08,7.71754e-05
-4.836451e-08,7.19865e-05
-4.826451e-08,6.74461e-05
-4.816451e-08,6.48516e-05
-4.806451e-08,6.29058e-05
-4.796451e-08,6.22572e-05
-4.786451e-08,6.22572e-05
-4.776451e-08,6.29058e-05
-4.766451e-08,6.22572e-05
-4.756451e-08,6.03113e-05
-4.746451e-08,5.64196e-05
-4.736451e-08,4.99334e-05
-4.726451e-08,4.15013e-05
-4.716451e-08,3.1772e-05
-4.706451e-08,2.13941e-05
-4.696451e-08,1.16648e-05
-4.686451e-08,2.5841e-06
-4.676451e-08,-3.25348e-06
-4.666451e-08,-5.84796e-06
-4.656451e-08,-5.19934e-06
-4.646451e-08,-6.58998e-07
-4.636451e-08,7.12444e-06
-4.626451e-08,1.75024e-05
-4.616451e-08,3.04748e-05
-4.606451e-08,4.40958e-05
-4.596451e-08,5.96627e-05
-4.586451e-08,7.52296e-05
-4.576451e-08,9.20937e-05
-4.566451e-08,0.000109606
-4.556451e-08,0.000127768
-4.546451e-08,0.000145929
-4.536451e-08,0.000164091
-4.526451e-08,0.000180955
-4.516451e-08,0.000195224
-4.506451e-08,0.000205602
-4.496451e-08,0.000210143
-4.486451e-08,0.000208197
-4.476451e-08,0.000199765
-4.466451e-08,0.000184846
-4.456451e-08,0.000165388
-4.446451e-08,0.000141389
-4.436451e-08,0.000115444
-4.426451e-08,8.88506e-05
-4.416451e-08,6.29058e-05
-4.406451e-08,4.02041e-05
-4.396451e-08,2.00968e-05
-4.386451e-08,2.5841e-06
-4.376451e-08,-1.29828e-05
-4.366451e-08,-2.91983e-05
-4.356451e-08,-4.6711e-05
-4.346451e-08,-6.68183e-05
-4.336451e-08,-8.952e-05
-4.326451e-08,-0.000113519
-4.316451e-08,-0.000137518
-4.306451e-08,-0.000161517
-4.296451e-08,-0.000182273
-4.286451e-08,-0.00019784
-4.276451e-08,-0.000206272
-4.266451e-08,-0.000207569
-4.256451e-08,-0.000199785
-4.246451e-08,-0.000185516
-4.236451e-08,-0.00016476
-4.226451e-08,-0.000140112
-4.216451e-08,-0.00011287
-4.206451e-08,-8.49796e-05
-4.196451e-08,-5.83862e-05
-4.186451e-08,-3.37386e-05
-4.176451e-08,-1.16855e-05
-4.166451e-08,8.42168e-06
-4.156451e-08,2.72317e-05
-4.146451e-08,4.5393e-05
-4.136451e-08,6.29058e-05
-4.126451e-08,8.04185e-05
-4.116451e-08,9.6634e-05
-4.106451e-08,0.000111552
-4.096451e-08,0.000123227
-4.086451e-08,0.00013166
-4.076451e-08,0.000134254
-4.066451e-08,0.000129714
-4.056451e-08,0.00011739
-4.046451e-08,9.85799e-05
-4.036451e-08,7.52296e-05
-4.026451e-08,4.86361e-05
-4.016451e-08,2.00968e-05
-4.006451e-08,-7.1452e-06
-3.996451e-08,-3.17928e-05
-3.986451e-08,-5.31972e-05
-3.976451e-08,-6.87641e-05
-3.966451e-08,-8.04393e-05
-3.956451e-08,-8.69255e-05
-3.946451e-08,-8.952e-05
-3.936451e-08,-8.952e-05
-3.926451e-08,-8.75741e-05
-3.916451e-08,-8.4331e-05
-3.906451e-08,-8.04393e-05
-3.896451e-08,-7.58989e-05
-3.886451e-08,-7.00614e-05
-3.876451e-08,-6.35752e-05
-3.866451e-08,-5.57917e-05
-3.856451e-08,-4.73596e-05
-3.846451e-08,-3.76303e-05
-3.836451e-08,-2.85497e-05
-3.826451e-08,-2.07662e-05
-3.816451e-08,-1.62259e-05
-3.806451e-08,-1.428e-05
-3.796451e-08,-1.55773e-05
-3.786451e-08,-1.9469e-05
-3.776451e-08,-2.59552e-05
-3.766451e-08,-3.309e-05
-3.756451e-08,-3.95762e-05
-3.746451e-08,-4.28193e-05
-3.736451e-08,-4.21707e-05
-3.726451e-08,-3.56845e-05
-3.716451e-08,-2.33607e-05
-3.706451e-08,-7.1452e-06
-3.696451e-08,1.23134e-05
-3.686451e-08,3.24206e-05
-3.676451e-08,5.0582e-05
-3.666451e-08,6.55003e-05
-3.656451e-08,7.39323e-05
-3.646451e-08,7.71754e-05
-3.636451e-08,7.39323e-05
-3.626451e-08,6.55003e-05
-3.616451e-08,5.38251e-05
-3.606451e-08,4.02041e-05
-3.596451e-08,2.78803e-05
-3.586451e-08,1.75024e-05
-3.576451e-08,9.71892e-06
-3.566451e-08,5.8272e-06
-3.556451e-08,6.47582e-06
-3.546451e-08,9.71892e-06
-3.536451e-08,1.62051e-05
-3.526451e-08,2.52858e-05
-3.516451e-08,3.56637e-05
-3.506451e-08,4.73389e-05
-3.496451e-08,5.90141e-05
-3.486451e-08,7.19865e-05
-3.476451e-08,8.56075e-05
-3.466451e-08,9.85799e-05
-3.456451e-08,0.000110255
-3.446451e-08,0.000119336
-3.436451e-08,0.000125822
-3.426451e-08,0.000129065
-3.416451e-08,0.000128416
-3.406451e-08,0.000123876
-3.396451e-08,0.000116093
-3.386451e-08,0.000105715
-3.376451e-08,9.33909e-05
-3.366451e-08,8.10671e-05
-3.356451e-08,7.13378e-05
-3.346451e-08,6.4203e-05
-3.336451e-08,6.16085e-05
-3.326451e-08,6.16085e-05
-3.316451e-08,6.48516e-05
-3.306451e-08,6.87434e-05
-3.296451e-08,7.13378e-05
-3.286451e-08,7.00406e-05
-3.276451e-08,6.29058e-05
-3.266451e-08,4.92848e-05
-3.256451e-08,2.85289e-05
-3.246451e-08,2.5841e-06
-3.236451e-08,-2.72524e-05
-3.226451e-08,-5.77376e-05
-3.216451e-08,-8.69255e-05
-3.206451e-08,-0.000111573
-3.196451e-08,-0.000129086
-3.186451e-08,-0.000138166
-3.176451e-08,-0.000139464
-3.166451e-08,-0.000133626
-3.156451e-08,-0.000121302
-3.146451e-08,-0.000107033
-3.136451e-08,-9.21144e-05
-3.126451e-08,-7.9142e-05
-3.116451e-08,-6.94127e-05
-3.106451e-08,-6.29265e-05
-3.096451e-08,-6.03321e-05
-3.086451e-08,-5.90348e-05
-3.076451e-08,-5.90348e-05
-3.066451e-08,-5.77376e-05
-3.056451e-08,-5.44945e-05
-3.046451e-08,-4.73596e-05
-3.036451e-08,-3.56845e-05
-3.026451e-08,-2.07662e-05
-3.016451e-08,-2.60486e-06
-3.006451e-08,1.62051e-05
-2.996451e-08,3.43665e-05
-2.986451e-08,5.0582e-05
-2.976451e-08,6.29058e-05
-2.966451e-08,7.13378e-05
-2.956451e-08,7.71754e-05
-2.946451e-08,7.91213e-05
-2.936451e-08,7.91213e-05
-2.926451e-08,7.65268e-05
-2.916451e-08,7.45809e-05
-2.906451e-08,7.19865e-05
-2.896451e-08,6.9392e-05
-2.886451e-08,6.74461e-05
-2.876451e-08,6.61489e-05
-2.866451e-08,6.55003e-05
-2.856451e-08,6.48516e-05
-2.846451e-08,6.55003e-05
-2.836451e-08,6.74461e-05
-2.826451e-08,7.06892e-05
-2.816451e-08,7.65268e-05
-2.806451e-08,8.43102e-05
-2.796451e-08,9.46882e-05
-2.786451e-08,0.000107012
-2.776451e-08,0.000120633
-2.766451e-08,0.000135551
-2.756451e-08,0.000149821
-2.746451e-08,0.000162793
-2.736451e-08,0.00017382
-2.726451e-08,0.000182901
-2.716451e-08,0.000190684
-2.706451e-08,0.000196522
-2.696451e-08,0.000201062
-2.686451e-08,0.000203656
-2.676451e-08,0.000204305
-2.666451e-08,0.000203656
-2.656451e-08,0.000201062
-2.646451e-08,0.000196522
-2.636451e-08,0.000188738
-2.626451e-08,0.000177712
-2.616451e-08,0.000163442
-2.606451e-08,0.000145929
-2.596451e-08,0.000125822
-2.586451e-08,0.000105066
-2.576451e-08,8.49589e-05
-2.566451e-08,6.61489e-05
-2.556451e-08,5.18792e-05
-2.546451e-08,4.08527e-05
-2.536451e-08,3.50151e-05
-2.526451e-08,3.24206e-05
-2.516451e-08,3.30692e-05
-2.506451e-08,3.56637e-05
-2.496451e-08,3.6961e-05
-2.486451e-08,3.76096e-05
-2.476451e-08,3.50151e-05
-2.466451e-08,2.85289e-05
-2.456451e-08,1.68537e-05
-2.446451e-08,6.38242e-07
-2.436451e-08,-1.88204e-05
-2.426451e-08,-4.08734e-05
-2.416451e-08,-6.29265e-05
-2.406451e-08,-8.30338e-05
-2.396451e-08,-9.86006e-05
-2.386451e-08,-0.00010833
-2.376451e-08,-0.000112222
-2.366451e-08,-0.00010833
-2.356451e-08,-9.7952e-05
-2.346451e-08,-8.23851e-05
-2.336451e-08,-6.35752e-05
-2.326451e-08,-4.21707e-05
-2.316451e-08,-2.01176e-05
-2.306451e-08,6.38242e-07
-2.296451e-08,1.94482e-05
-2.286451e-08,3.50151e-05
-2.276451e-08,4.66903e-05
-2.266451e-08,5.38251e-05
-2.256451e-08,5.77168e-05
-2.246451e-08,5.77168e-05
-2.236451e-08,5.51223e-05
-2.226451e-08,4.99334e-05
-2.216451e-08,4.15013e-05
-2.206451e-08,3.11234e-05
-2.196451e-08,1.8151e-05
-2.186451e-08,2.5841e-06
-2.176451e-08,-1.36314e-05
-2.166451e-08,-2.98469e-05
-2.156451e-08,-4.60624e-05
-2.146451e-08,-6.03321e-05
-2.136451e-08,-7.26558e-05
-2.126451e-08,-8.23851e-05
-2.116451e-08,-8.75741e-05
-2.106451e-08,-8.88713e-05
-2.096451e-08,-8.56282e-05
-2.086451e-08,-7.84934e-05
-2.076451e-08,-6.68183e-05
-2.066451e-08,-5.12514e-05
-2.056451e-08,-3.37386e-05
-2.046451e-08,-1.428e-05
-2.036451e-08,6.47582e-06
-2.026451e-08,2.59344e-05
-2.016451e-08,4.40958e-05
-2.006451e-08,6.03113e-05
-1.996451e-08,7.26351e-05
-1.986451e-08,8.10671e-05
-1.976451e-08,8.49589e-05
-1.966451e-08,8.3013e-05
-1.956451e-08,7.71754e-05
-1.946451e-08,6.48516e-05
-1.936451e-08,4.86361e-05
-1.926451e-08,2.91775e-05
-1.916451e-08,8.42168e-06
-1.906451e-08,-1.16855e-05
-1.896451e-08,-3.11441e-05
-1.886451e-08,-4.73596e-05
-1.876451e-08,-5.96834e-05
-1.866451e-08,-6.61696e-05
-1.856451e-08,-6.68183e-05
-1.846451e-08,-6.16293e-05
-1.836451e-08,-4.99541e-05
-1.826451e-08,-3.43872e-05
-1.816451e-08,-1.49286e-05
-1.806451e-08,7.12444e-06
-1.796451e-08,2.98261e-05
-1.786451e-08,5.25279e-05
-1.776451e-08,7.26351e-05
-1.766451e-08,8.94992e-05
-1.756451e-08,0.000102472
-1.746451e-08,0.000110904
-1.736451e-08,0.000114147
-1.726451e-08,0.000113498
-1.716451e-08,0.000108958
-1.706451e-08,0.000101174
-1.696451e-08,9.07964e-05
-1.686451e-08,7.97699e-05
-1.676451e-08,6.80947e-05
-1.666451e-08,5.77168e-05
-1.656451e-08,4.92848e-05
-1.646451e-08,4.27986e-05
-1.636451e-08,3.95555e-05
-1.626451e-08,3.95555e-05
-1.616451e-08,4.21499e-05
-1.606451e-08,4.79875e-05
-1.596451e-08,5.70682e-05
-1.586451e-08,6.74461e-05
-1.576451e-08,7.91213e-05
-1.566451e-08,9.07964e-05
-1.556451e-08,0.000101823
-1.546451e-08,0.000111552
-1.536451e-08,0.000116741
-1.526451e-08,0.000118038
-1.516451e-08,0.000113498
-1.506451e-08,0.000103769
-1.496451e-08,8.8202e-05
-1.486451e-08,6.74461e-05
-1.476451e-08,4.34472e-05
-1.466451e-08,1.62051e-05
-1.456451e-08,-1.10369e-05
-1.446451e-08,-3.8279e-05
-1.436451e-08,-6.35752e-05
-1.426451e-08,-8.49796e-05
-1.416451e-08,-0.000101195
-1.406451e-08,-0.00011287
-1.396451e-08,-0.000118708
-1.386451e-08,-0.000119356
-1.376451e-08,-0.000114168
-1.366451e-08,-0.000104438
-1.356451e-08,-8.952e-05
-1.346451e-08,-7.13586e-05
-1.336451e-08,-5.06027e-05
-1.326451e-08,-2.98469e-05
-1.316451e-08,-9.09106e-06
-1.306451e-08,8.42168e-06
-1.296451e-08,2.20427e-05
-1.286451e-08,3.04748e-05
-1.276451e-08,3.30692e-05
-1.266451e-08,3.04748e-05
-1.256451e-08,2.26913e-05
-1.246451e-08,1.16648e-05
-1.236451e-08,-1.30762e-06
-1.226451e-08,-1.428e-05
-1.216451e-08,-2.53066e-05
-1.206451e-08,-3.43872e-05
-1.196451e-08,-3.95762e-05
-1.186451e-08,-4.02248e-05
-1.176451e-08,-3.76303e-05
-1.166451e-08,-3.17928e-05
-1.156451e-08,-2.40093e-05
-1.146451e-08,-1.55773e-05
-1.136451e-08,-7.79382e-06
-1.126451e-08,-1.03779e-08
-1.116451e-08,5.8272e-06
-1.106451e-08,1.03675e-05
-1.096451e-08,1.2962e-05
-1.086451e-08,1.36106e-05
-1.076451e-08,1.42593e-05
-1.066451e-08,1.36106e-05
-1.056451e-08,1.16648e-05
-1.046451e-08,9.0703e-06
-1.036451e-08,5.8272e-06
-1.026451e-08,6.38242e-07
-1.016451e-08,-6.49658e-06
-1.006451e-08,-1.49286e-05
-9.964515e-09,-2.53066e-05
-9.864515e-09,-3.63331e-05
-9.764515e-09,-4.86569e-05
-9.664515e-09,-6.16293e-05
-9.564515e-09,-7.33045e-05
-9.464515e-09,-8.36824e-05
-9.364515e-09,-9.21144e-05
-9.264515e-09,-9.92493e-05
-9.164515e-09,-0.00010379
-9.064515e-09,-0.000106384
-8.964515e-09,-0.000107033
-8.864515e-09,-0.000105087
-8.764515e-09,-0.000101844
-8.664515e-09,-9.66548e-05
-8.564515e-09,-9.01686e-05
-8.464515e-09,-8.30338e-05
-8.364515e-09,-7.39531e-05
-8.264515e-09,-6.35752e-05
-8.164515e-09,-5.19e-05
-8.064515e-09,-4.02248e-05
-7.964515e-09,-2.66038e-05
-7.864515e-09,-1.16855e-05
-7.764515e-09,2.5841e-06
-7.664515e-09,1.75024e-05
-7.564515e-09,3.1772e-05
-7.464515e-09,4.60417e-05
-7.364515e-09,5.83654e-05
-7.264515e-09,6.87434e-05
-7.164515e-09,7.65268e-05
-7.064515e-09,8.10671e-05
-6.964515e-09,8.23644e-05
-6.864515e-09,8.10671e-05
-6.764515e-09,7.71754e-05
-6.664515e-09,7.32837e-05
-6.564515e-09,6.9392e-05
-6.464515e-09,6.61489e-05
-6.364515e-09,6.55003e-05
-6.264515e-09,6.67975e-05
-6.164515e-09,7.00406e-05
-6.064515e-09,7.52296e-05
-5.964515e-09,8.10671e-05
-5.864515e-09,8.62561e-05
-5.764515e-09,8.94992e-05
-5.664515e-09,9.01478e-05
-5.564515e-09,8.69047e-05
-5.464515e-09,7.97699e-05
-5.364515e-09,6.80947e-05
-5.264515e-09,5.31765e-05
-5.164515e-09,3.50151e-05
-5.064515e-09,1.49079e-05
-4.964515e-09,-5.19934e-06
-4.864515e-09,-2.40093e-05
-4.764515e-09,-3.95762e-05
-4.664515e-09,-5.19e-05
-4.564515e-09,-6.16293e-05
-4.464515e-09,-6.81155e-05
-4.364515e-09,-7.071e-05
-4.264515e-09,-7.071e-05
-4.164515e-09,-6.87641e-05
-4.064515e-09,-6.61696e-05
-3.964515e-09,-6.42238e-05
-3.864515e-09,-6.29265e-05
-3.764515e-09,-6.42238e-05
-3.664515e-09,-6.74669e-05
-3.564515e-09,-7.33045e-05
-3.464515e-09,-8.04393e-05
-3.364515e-09,-9.01686e-05
-3.264515e-09,-0.000101195
-3.164515e-09,-0.00011287
-3.064515e-09,-0.000124545
-2.964515e-09,-0.000136221
-2.864515e-09,-0.000147247
-2.764515e-09,-0.000157625
-2.664515e-09,-0.000168652
-2.564515e-09,-0.000180327
-2.464515e-09,-0.000192651
-2.364515e-09,-0.000206272
-2.264515e-09,-0.000222487
-2.164515e-09,-0.000241946
-2.064515e-09,-0.000266593
-1.964515e-09,-0.000295781
-1.864515e-09,-0.000330158
-1.764515e-09,-0.000371021
-1.664515e-09,-0.000419019
-1.564515e-09,-0.000472854
-1.464515e-09,-0.000533176
-1.364515e-09,-0.000600633
-1.264515e-09,-0.000674575
-1.164515e-09,-0.000755004
-1.064515e-09,-0.000841271
-9.645146e-10,-0.000935321
-8.645146e-10,-0.0010378
-7.645146e-10,-0.00115066
-6.645146e-10,-0.00127585
-5.645146e-10,-0.00141595
-4.645146e-10,-0.00157227
-3.645146e-10,-0.00174674
-2.645146e-10,-0.00194133
-1.645146e-10,-0.00215602
-6.45146e-11,-0.00238823
3.54854e-11,-0.0026373
1.354854e-10,-0.00289869
2.354854e-10,-0.00316917
3.354854e-10,-0.00344353
4.354854e-10,-0.0037179
5.354854e-10,-0.00398838
6.354854e-10,-0.00425107
7.354854e-10,-0.00450468
8.354854e-10,-0.00474726
9.354854e-10,-0.00497882
1.035485e-09,-0.0052
1.135485e-09,-0.0054121
1.235485e-09,-0.00561641
1.335485e-09,-0.00581359
1.435485e-09,-0.00600558
1.535485e-09,-0.00619174
1.635485e-09,-0.0063727
1.735485e-09,-0.00654783
1.835485e-09,-0.00671647
1.935485e-09,-0.00687603
2.035485e-09,-0.00702586
2.135485e-09,-0.00716467
2.235485e-09,-0.00729115
2.335485e-09,-0.00740401
2.435485e-09,-0.0075026
2.535485e-09,-0.00758627
2.635485e-09,-0.00765308
2.735485e-09,-0.00770173
2.835485e-09,-0.00773221
2.935485e-09,-0.00774518
3.035485e-09,-0.0077387
3.135485e-09,-0.00771405
3.235485e-09,-0.00767189
3.335485e-09,-0.00761351
3.435485e-09,-0.00754087
3.535485e-09,-0.00745655
3.635485e-09,-0.00736379
3.735485e-09,-0.00726585
3.835485e-09,-0.00716402
3.935485e-09,-0.00706154
4.035485e-09,-0.00695776
4.135485e-09,-0.00685398
4.235485e-09,-0.0067502
4.335485e-09,-0.00664642
4.435485e-09,-0.00654199
4.535485e-09,-0.00643692
4.635485e-09,-0.00632989
4.735485e-09,-0.00622287
4.835485e-09,-0.00611585
4.935485e-09,-0.00601142
5.035485e-09,-0.00590959
5.135485e-09,-0.00581165
5.235485e-09,-0.00571954
5.335485e-09,-0.00563393
5.435485e-09,-0.00555544
5.535485e-09,-0.00548474
5.635485e-09,-0.00541858
5.735485e-09,-0.00535761
5.835485e-09,-0.00529989
5.935485e-09,-0.0052441
6.035485e-09,-0.00518962
6.135485e-09,-0.00513449
6.235485e-09,-0.00507935
6.335485e-09,-0.00502292
6.435485e-09,-0.00496585
6.535485e-09,-0.00490812
6.635485e-09,-0.00484909
6.735485e-09,-0.00478812
6.835485e-09,-0.00472586
6.935485e-09,-0.00466164
7.035485e-09,-0.00459354
7.135485e-09,-0.00452154
7.235485e-09,-0.00444371
7.335485e-09,-0.00436133
7.435485e-09,-0.00427377
7.535485e-09,-0.00418166
7.635485e-09,-0.00408567
7.735485e-09,-0.00398708
7.835485e-09,-0.00388719
7.935485e-09,-0.00378665
8.035485e-09,-0.00368547
8.135485e-09,-0.00358429
8.235485e-09,-0.00348245
8.335485e-09,-0.00338062
8.435485e-09,-0.00327879
8.535485e-09,-0.00317695
8.635485e-09,-0.00307382
8.735485e-09,-0.00296939
8.835485e-09,-0.00286497
8.935485e-09,-0.00276183
9.035485e-09,-0.00265935
9.135485e-09,-0.00256011
9.235485e-09,-0.00246542
9.335485e-09,-0.00237591
9.435485e-09,-0.00229223
9.535485e-09,-0.0022157
9.635485e-09,-0.00214694
9.735485e-09,-0.00208597
9.835485e-09,-0.00203408
9.935485e-09,-0.00198933
1.003549e-08,-0.00195301
1.013549e-08,-0.00192447
1.023549e-08,-0.00190241
1.033549e-08,-0.0018862
1.043549e-08,-0.00187582
1.053549e-08,-0.00186998
1.063549e-08,-0.00186804
1.073549e-08,-0.00186869
1.083549e-08,-0.00187128
1.093549e-08,-0.00187517
1.103549e-08,-0.00187971
1.113549e-08,-0.0018836
1.123549e-08,-0.00188685
1.133549e-08,-0.00189074
1.143549e-08,-0.00189398
1.153549e-08,-0.00189787
1.163549e-08,-0.00190241
1.173549e-08,-0.00190955
1.183549e-08,-0.00191863
1.193549e-08,-0.0019303
1.203549e-08,-0.00194457
1.213549e-08,-0.00196144
1.223549e-08,-0.00198025
1.233549e-08,-0.00199971
1.243549e-08,-0.00201787
1.253549e-08,-0.00203343
1.263549e-08,-0.00204511
1.273549e-08,-0.00205095
1.283549e-08,-0.0020503
1.293549e-08,-0.00204381
1.303549e-08,-0.00203149
1.313549e-08,-0.00201462
1.323549e-08,-0.00199322
1.333549e-08,-0.00196922
1.343549e-08,-0.00194198
1.353549e-08,-0.00191214
1.363549e-08,-0.00187906
1.373549e-08,-0.00184339
1.383549e-08,-0.00180512
1.393549e-08,-0.00176361
1.403549e-08,-0.00171885
1.413549e-08,-0.00167215
1.423549e-08,-0.0016248
1.433549e-08,-0.00157745
1.443549e-08,-0.0015327
1.453549e-08,-0.00149119
1.463549e-08,-0.00145487
1.473549e-08,-0.00142308
1.483549e-08,-0.00139779
1.493549e-08,-0.00137833
1.503549e-08,-0.00136406
1.513549e-08,-0.00135238
1.523549e-08,-0.00134201
1.533549e-08,-0.00133292
1.543549e-08,-0.00132384
1.553549e-08,-0.00131347
1.563549e-08,-0.00130244
1.573549e-08,-0.00129141
1.583549e-08,-0.00128039
1.593549e-08,-0.00126936
1.603549e-08,-0.00125898
1.613549e-08,-0.0012486
1.623549e-08,-0.00123952
1.633549e-08,-0.00122979
1.643549e-08,-0.00121812
1.653549e-08,-0.0012045
1.663549e-08,-0.00118828
1.673549e-08,-0.00116818
1.683549e-08,-0.00114418
1.693549e-08,-0.00111823
1.703549e-08,-0.00109099
1.713549e-08,-0.00106375
1.723549e-08,-0.0010378
1.733549e-08,-0.0010151
1.743549e-08,-0.000996291
1.753549e-08,-0.000981373
1.763549e-08,-0.000969698
1.773549e-08,-0.000961265
1.783549e-08,-0.000954131
1.793549e-08,-0.000948293
1.803549e-08,-0.000941158
1.813549e-08,-0.000932726
1.823549e-08,-0.000922348
1.833549e-08,-0.000908079
1.843549e-08,-0.000890566
1.853549e-08,-0.000871107
1.863549e-08,-0.000850351
1.873549e-08,-0.000828298
1.883549e-08,-0.000806894
1.893549e-08,-0.000784841
1.903549e-08,-0.000763436
1.913549e-08,-0.000743329
1.923549e-08,-0.000722573
1.933549e-08,-0.000701817
1.943549e-08,-0.00068171
1.953549e-08,-0.000660954
1.963549e-08,-0.000641496
1.973549e-08,-0.000622686
1.983549e-08,-0.00060647
1.993549e-08,-0.000591552
2.003549e-08,-0.000579877
2.013549e-08,-0.000570796
2.023549e-08,-0.00056431
2.033549e-08,-0.00055977
2.043549e-08,-0.000556526
2.053549e-08,-0.000552635
2.063549e-08,-0.000548094
2.073549e-08,-0.000540311
2.083549e-08,-0.000529284
2.093549e-08,-0.000515663
2.103549e-08,-0.000500745
2.113549e-08,-0.000485178
2.123549e-08,-0.00047026
2.133549e-08,-0.000457936
2.143549e-08,-0.000450153
2.153549e-08,-0.00044691
2.163549e-08,-0.000450153
2.173549e-08,-0.000459233
2.183549e-08,-0.000473503
2.193549e-08,-0.000490367
2.203549e-08,-0.000508529
2.213549e-08,-0.00052669
2.223549e-08,-0.000544203
2.233549e-08,-0.000558472
2.243549e-08,-0.00056885
2.253549e-08,-0.000575985
2.263549e-08,-0.000580525
2.273549e-08,-0.00058312
2.283549e-08,-0.00058312
2.293549e-08,-0.000582471
2.303549e-08,-0.000581823
2.313549e-08,-0.000579877
2.323549e-08,-0.000577282
2.333549e-08,-0.000574688
2.343549e-08,-0.000571445
2.353549e-08,-0.00056885
2.363549e-08,-0.000566256
2.373549e-08,-0.00056431
2.383549e-08,-0.000563661
2.393549e-08,-0.00056431
2.403549e-08,-0.000566904
2.413549e-08,-0.000572742
2.423549e-08,-0.000580525
2.433549e-08,-0.000590903
2.443549e-08,-0.00060193
2.453549e-08,-0.000612308
2.463549e-08,-0.000622686
2.473549e-08,-0.000631766
2.483549e-08,-0.000638253
2.493549e-08,-0.000642144
2.503549e-08,-0.000642793
2.513549e-08,-0.000640847
2.523549e-08,-0.000635658
2.533549e-08,-0.000629172
2.543549e-08,-0.000622037
2.553549e-08,-0.000614254
2.563549e-08,-0.000607119
2.573549e-08,-0.000599984
2.583549e-08,-0.000592849
2.593549e-08,-0.000586363
2.603549e-08,-0.000579228
2.613549e-08,-0.000571445
2.623549e-08,-0.000563661
2.633549e-08,-0.000555878
2.643549e-08,-0.000548743
2.653549e-08,-0.000542905
2.663549e-08,-0.000539662
2.673549e-08,-0.000539662
2.683549e-08,-0.000542257
2.693549e-08,-0.000547446
2.703549e-08,-0.000555229
2.713549e-08,-0.00056431
2.723549e-08,-0.000573391
2.733549e-08,-0.000581823
2.743549e-08,-0.00058766
2.753549e-08,-0.000590903
2.763549e-08,-0.000590255
2.773549e-08,-0.000585714
2.783549e-08,-0.000579228
2.793549e-08,-0.000570147
2.803549e-08,-0.000559121
2.813549e-08,-0.000547446
2.823549e-08,-0.000535122
2.833549e-08,-0.00052215
2.843549e-08,-0.00050788
2.853549e-08,-0.000491664
2.863549e-08,-0.000473503
2.873549e-08,-0.000452099
2.883549e-08,-0.000428748
2.893549e-08,-0.000402803
2.903549e-08,-0.000376859
2.913549e-08,-0.000350265
2.923549e-08,-0.000325618
2.933549e-08,-0.000304862
2.943549e-08,-0.000289944
2.953549e-08,-0.000280863
2.963549e-08,-0.000276323
2.973549e-08,-0.000276323
2.983549e-08,-0.000278917
2.993549e-08,-0.00028216
3.003549e-08,-0.000282809
3.013549e-08,-0.000279566
3.023549e-08,-0.000271782
3.033549e-08,-0.00025881
3.043549e-08,-0.000240648
3.053549e-08,-0.00022119
3.063549e-08,-0.000201731
3.073549e-08,-0.000185516
3.083549e-08,-0.000175138
3.093549e-08,-0.000170597
3.103549e-08,-0.000174489
3.113549e-08,-0.000184867
3.123549e-08,-0.000201731
3.133549e-08,-0.000222487
3.143549e-08,-0.000245837
3.153549e-08,-0.000267891
3.163549e-08,-0.000287349
3.173549e-08,-0.000302916
3.183549e-08,-0.000313943
3.193549e-08,-0.000320429
3.203549e-08,-0.000322375
3.213549e-08,-0.000321077
3.223549e-08,-0.000317834
3.233549e-08,-0.000313294
3.243549e-08,-0.000308754
3.253549e-08,-0.000303565
3.263549e-08,-0.000299024
3.273549e-08,-0.000293187
3.283549e-08,-0.000286052
3.293549e-08,-0.000278917
3.303549e-08,-0.000271134
3.313549e-08,-0.000262702
3.323549e-08,-0.000255567
3.333549e-08,-0.000249729
3.343549e-08,-0.000247783
3.353549e-08,-0.000251026
3.363549e-08,-0.000259458
3.373549e-08,-0.000273728
3.383549e-08,-0.000293187
3.393549e-08,-0.000317186
3.403549e-08,-0.00034313
3.413549e-08,-0.000370372
3.423549e-08,-0.000396966
3.433549e-08,-0.000420965
3.443549e-08,-0.000441721
3.453549e-08,-0.000459233
3.463549e-08,-0.000473503
3.473549e-08,-0.000485178
3.483549e-08,-0.000495556
3.493549e-08,-0.000505285
3.503549e-08,-0.000515015
3.513549e-08,-0.000523447
3.523549e-08,-0.000530582
3.533549e-08,-0.000536419
3.543549e-08,-0.000539662
3.553549e-08,-0.000539662
3.563549e-08,-0.000536419
3.573549e-08,-0.000529284
3.583549e-08,-0.000520204
3.593549e-08,-0.000509826
3.603549e-08,-0.000498799
3.613549e-08,-0.00048907
3.623549e-08,-0.000482584
3.633549e-08,-0.000478692
3.643549e-08,-0.000477395
3.653549e-08,-0.000478692
3.663549e-08,-0.000481935
3.673549e-08,-0.000485178
3.683549e-08,-0.000487124
3.693549e-08,-0.000487124
3.703549e-08,-0.000485178
3.713549e-08,-0.000479989
3.723549e-08,-0.000472206
3.733549e-08,-0.000462477
3.743549e-08,-0.000452747
3.753549e-08,-0.000442369
3.763549e-08,-0.000431343
3.773549e-08,-0.000420965
3.783549e-08,-0.000411236
3.793549e-08,-0.000400858
3.803549e-08,-0.00039048
3.813549e-08,-0.000380102
3.823549e-08,-0.000369724
3.833549e-08,-0.000358697
3.843549e-08,-0.000347671
3.853549e-08,-0.00033859
3.863549e-08,-0.000331455
3.873549e-08,-0.000327564
3.883549e-08,-0.000325618
3.893549e-08,-0.000325618
3.903549e-08,-0.000326266
3.913549e-08,-0.000326266
3.923549e-08,-0.000323672
3.933549e-08,-0.000317186
3.943549e-08,-0.000306159
3.953549e-08,-0.000287998
3.963549e-08,-0.00026335
3.973549e-08,-0.000233514
3.983549e-08,-0.000201083
3.993549e-08,-0.000166706
4.003549e-08,-0.000134275
4.013549e-08,-0.000105087
4.023549e-08,-8.17365e-05
4.033549e-08,-6.5521e-05
4.043549e-08,-5.7089e-05
4.053549e-08,-5.64403e-05
4.063549e-08,-6.29265e-05
4.073549e-08,-7.46017e-05
4.083549e-08,-9.08172e-05
4.093549e-08,-0.000108979
4.103549e-08,-0.000129734
4.113549e-08,-0.00015049
4.123549e-08,-0.000171246
4.133549e-08,-0.000191353
4.143549e-08,-0.000210812
4.153549e-08,-0.000230919
4.163549e-08,-0.000249729
4.173549e-08,-0.000268539
4.183549e-08,-0.000287349
4.193549e-08,-0.00030551
4.203549e-08,-0.000321077
4.213549e-08,-0.000335347
4.223549e-08,-0.000347022
4.233549e-08,-0.000356103
4.243549e-08,-0.000363886
4.253549e-08,-0.000369075
4.263549e-08,-0.000373616
4.273549e-08,-0.000376859
4.283549e-08,-0.000381399
4.293549e-08,-0.000385939
4.303549e-08,-0.000392426
4.313549e-08,-0.000398912
4.323549e-08,-0.000406047
4.333549e-08,-0.000413181
4.343549e-08,-0.000419668
4.353549e-08,-0.000424857
4.363549e-08,-0.0004281
4.373549e-08,-0.000428748
4.383549e-08,-0.000428748
4.393549e-08,-0.0004281
4.403549e-08,-0.000427451
4.413549e-08,-0.0004281
4.423549e-08,-0.000430046
4.433549e-08,-0.000433937
4.443549e-08,-0.000437829
4.453549e-08,-0.000441721
4.463549e-08,-0.000443667
4.473549e-08,-0.000443018
4.483549e-08,-0.000438478
4.493549e-08,-0.000430046
4.503549e-08,-0.000417073
4.513549e-08,-0.000400858
4.523549e-08,-0.000383345
4.533549e-08,-0.000365184
4.543549e-08,-0.000349617
4.553549e-08,-0.000335996
4.563549e-08,-0.000324969
4.573549e-08,-0.000316537
4.583549e-08,-0.000311348
4.593549e-08,-0.000308105
4.603549e-08,-0.000304862
4.613549e-08,-0.00030097
4.623549e-08,-0.00029643
4.633549e-08,-0.000289944
4.643549e-08,-0.000281512
4.653549e-08,-0.000273728
4.663549e-08,-0.000266593
4.673549e-08,-0.000261404
4.683549e-08,-0.000259458
4.693549e-08,-0.000260107
4.703549e-08,-0.000263999
4.713549e-08,-0.000268539
4.723549e-08,-0.000272431
4.733549e-08,-0.000273728
4.743549e-08,-0.000271134
4.753549e-08,-0.000262053
4.763549e-08,-0.000246486
4.773549e-08,-0.000225082
4.783549e-08,-0.00019784
4.793549e-08,-0.000167354
4.803549e-08,-0.000135572
4.813549e-08,-0.000106384
4.823549e-08,-8.17365e-05
4.833549e-08,-6.42238e-05
4.843549e-08,-5.31972e-05
4.853549e-08,-4.99541e-05
4.863549e-08,-5.31972e-05
4.873549e-08,-6.09807e-05
4.883549e-08,-7.13586e-05
4.893549e-08,-8.30338e-05
4.903549e-08,-9.47089e-05
4.913549e-08,-0.000106384
4.923549e-08,-0.000117411
4.933549e-08,-0.000127789
4.943549e-08,-0.000138815
4.953549e-08,-0.000151787
4.963549e-08,-0.000166706
4.973549e-08,-0.000184219
4.983549e-08,-0.000204326
4.993549e-08,-0.000227027
5.003549e-08,-0.000249729
5.013549e-08,-0.000271134
5.023549e-08,-0.000290592
5.033549e-08,-0.000304862
5.043549e-08,-0.000313943
5.053549e-08,-0.000317186
5.063549e-08,-0.00031524
5.073549e-08,-0.000308105
5.083549e-08,-0.000297727
5.093549e-08,-0.000284755
5.103549e-08,-0.000270485
5.113549e-08,-0.000256215
5.123549e-08,-0.000242594
5.133549e-08,-0.000230271
5.143549e-08,-0.000218595
5.153549e-08,-0.00020692
5.163549e-08,-0.000195245
5.173549e-08,-0.000184219
5.183549e-08,-0.000172543
5.193549e-08,-0.000159571
5.203549e-08,-0.00014595
5.213549e-08,-0.000132329
5.223549e-08,-0.000118708
5.233549e-08,-0.000105087
5.243549e-08,-9.14658e-05
5.253549e-08,-7.71962e-05
5.263549e-08,-6.42238e-05
5.273549e-08,-5.06027e-05
5.283549e-08,-3.8279e-05
5.293549e-08,-2.66038e-05
5.303549e-08,-1.75231e-05
5.313549e-08,-1.10369e-05
5.323549e-08,-8.44244e-06
5.333549e-08,-1.03883e-05
5.343549e-08,-1.88204e-05
5.353549e-08,-3.24414e-05
5.363549e-08,-5.12514e-05
5.373549e-08,-7.46017e-05
5.383549e-08,-0.000101195
5.393549e-08,-0.000129086
5.403549e-08,-0.000155679
5.413549e-08,-0.000179678
5.423549e-08,-0.000198488
5.433549e-08,-0.000210812
5.443549e-08,-0.000216001
5.453549e-08,-0.000214055
5.463549e-08,-0.00020692
5.473549e-08,-0.000194596
5.483549e-08,-0.00017903
5.493549e-08,-0.000162165
5.503549e-08,-0.000144653
5.513549e-08,-0.000128437
5.523549e-08,-0.000113519
5.533549e-08,-9.98979e-05
5.543549e-08,-8.82227e-05
5.553549e-08,-7.84934e-05
5.563549e-08,-6.87641e-05
5.573549e-08,-6.03321e-05
5.583549e-08,-5.38459e-05
5.593549e-08,-4.80083e-05
5.603549e-08,-4.34679e-05
5.613549e-08,-3.95762e-05
5.623549e-08,-3.8279e-05
5.633549e-08,-3.89276e-05
5.643549e-08,-4.02248e-05
5.653549e-08,-4.08734e-05
5.663549e-08,-4.02248e-05
5.673549e-08,-3.63331e-05
5.683549e-08,-2.85497e-05
5.693549e-08,-1.62259e-05
5.703549e-08,-1.03779e-08
5.713549e-08,2.00968e-05
5.723549e-08,4.21499e-05
5.733549e-08,6.48516e-05
5.743549e-08,8.49589e-05
5.753549e-08,9.98771e-05
5.763549e-08,0.000108309
5.773549e-08,0.000109606
5.783549e-08,0.000102472
5.793549e-08,8.88506e-05
5.803549e-08,7.06892e-05
5.813549e-08,4.99334e-05
5.823549e-08,2.91775e-05
5.833549e-08,1.03675e-05
5.843549e-08,-5.19934e-06
5.853549e-08,-1.68745e-05
5.863549e-08,-2.46579e-05
5.873549e-08,-3.04955e-05
5.883549e-08,-3.56845e-05
5.893549e-08,-4.21707e-05
5.903549e-08,-5.06027e-05
5.913549e-08,-6.22779e-05
5.923549e-08,-7.65476e-05
5.933549e-08,-9.40603e-05
5.943549e-08,-0.00011287
5.953549e-08,-0.000131032
5.963549e-08,-0.000146599
5.973549e-08,-0.000158274
5.983549e-08,-0.000165409
5.993549e-08,-0.000166706
6.003549e-08,-0.00016476
6.013549e-08,-0.000159571
6.023549e-08,-0.000153733
6.033549e-08,-0.000147896
6.043549e-08,-0.000144004
6.053549e-08,-0.00014141
6.063549e-08,-0.00014141
6.073549e-08,-0.000142707
6.083549e-08,-0.000144004
6.093549e-08,-0.000143355
6.103549e-08,-0.000140112
6.113549e-08,-0.000132329
6.123549e-08,-0.000120005
6.133549e-08,-0.000103141
6.143549e-08,-8.30338e-05
6.153549e-08,-6.03321e-05
6.163549e-08,-3.69817e-05
6.173549e-08,-1.55773e-05
6.183549e-08,1.28686e-06
6.193549e-08,1.42593e-05
6.203549e-08,2.20427e-05
6.213549e-08,2.39886e-05
6.223549e-08,2.20427e-05
6.233549e-08,1.68537e-05
6.243549e-08,1.03675e-05
6.253549e-08,3.23272e-06
6.263549e-08,-1.95624e-06
6.273549e-08,-5.84796e-06
6.283549e-08,-7.1452e-06
6.293549e-08,-6.49658e-06
6.303549e-08,-4.55072e-06
6.313549e-08,-1.30762e-06
6.323549e-08,1.28686e-06
6.333549e-08,3.23272e-06
6.343549e-08,3.23272e-06
6.353549e-08,1.28686e-06
6.363549e-08,-2.60486e-06
6.373549e-08,-6.49658e-06
6.383549e-08,-1.10369e-05
6.393549e-08,-1.62259e-05
6.403549e-08,-2.07662e-05
6.413549e-08,-2.59552e-05
6.423549e-08,-3.17928e-05
6.433549e-08,-3.89276e-05
6.443549e-08,-4.73596e-05
6.453549e-08,-5.83862e-05
6.463549e-08,-7.26558e-05
6.473549e-08,-8.952e-05
6.483549e-08,-0.00010833
6.493549e-08,-0.000127789
6.503549e-08,-0.000146599
6.513549e-08,-0.000164111
6.523549e-08,-0.000177732
6.533549e-08,-0.00018811
6.543549e-08,-0.000194596
6.553549e-08,-0.000197191
6.563549e-08,-0.000197191
6.573549e-08,-0.000193948
6.583549e-08,-0.000190056
6.593549e-08,-0.000185516
6.603549e-08,-0.000179678
6.613549e-08,-0.000173192
6.623549e-08,-0.000165409
6.633549e-08,-0.000155031
6.643549e-08,-0.00014141
6.653549e-08,-0.000124545
6.663549e-08,-0.00010379
6.673549e-08,-8.04393e-05
6.683549e-08,-5.44945e-05
6.693549e-08,-2.91983e-05
6.703549e-08,-6.49658e-06
6.713549e-08,1.16648e-05
6.723549e-08,2.46372e-05
6.733549e-08,3.1772e-05
6.743549e-08,3.1772e-05
6.753549e-08,2.6583e-05
6.763549e-08,1.62051e-05
6.773549e-08,3.23272e-06
6.783549e-08,-1.03883e-05
6.793549e-08,-2.46579e-05
6.803549e-08,-3.69817e-05
6.813549e-08,-4.80083e-05
6.823549e-08,-5.7089e-05
6.833549e-08,-6.35752e-05
6.843549e-08,-6.81155e-05
6.853549e-08,-7.20072e-05
6.863549e-08,-7.46017e-05
6.873549e-08,-7.58989e-05
6.883549e-08,-7.46017e-05
6.893549e-08,-7.00614e-05
6.903549e-08,-6.22779e-05
6.913549e-08,-5.06027e-05
6.923549e-08,-3.56845e-05
6.933549e-08,-1.75231e-05
6.943549e-08,1.28686e-06
6.953549e-08,1.87996e-05
6.963549e-08,3.30692e-05
6.973549e-08,4.15013e-05
6.983549e-08,4.21499e-05
6.993549e-08,3.37179e-05
7.003549e-08,1.68537e-05
7.013549e-08,-9.09106e-06
7.023549e-08,-4.21707e-05
7.033549e-08,-7.97907e-05
7.043549e-08,-0.000118059
7.053549e-08,-0.000155031
7.063549e-08,-0.00018811
7.073549e-08,-0.000214704
7.083549e-08,-0.000232865
7.093549e-08,-0.00024454
7.103549e-08,-0.000249729
7.113549e-08,-0.000249729
7.123549e-08,-0.000247135
7.133549e-08,-0.000243243
7.143549e-08,-0.000238703
7.153549e-08,-0.000234162
7.163549e-08,-0.000228973
7.173549e-08,-0.000223784
7.183549e-08,-0.000217298
7.193549e-08,-0.000208217
7.203549e-08,-0.000196542
7.213549e-08,-0.000181624
7.223549e-08,-0.00016476
7.233549e-08,-0.00014595
7.243549e-08,-0.00012714
7.253549e-08,-0.000110276
7.263549e-08,-9.73034e-05
7.273549e-08,-8.75741e-05
7.283549e-08,-8.23851e-05
7.293549e-08,-8.10879e-05
7.303549e-08,-8.4331e-05
7.313549e-08,-8.952e-05
7.323549e-08,-9.53575e-05
7.333549e-08,-0.000101195
7.343549e-08,-0.000106384
7.353549e-08,-0.000110924
7.363549e-08,-0.000114168
7.373549e-08,-0.000118059
7.383549e-08,-0.000121951
7.393549e-08,-0.00012714
7.403549e-08,-0.000134275
7.413549e-08,-0.000143355
7.423549e-08,-0.000155679
7.433549e-08,-0.000168652
7.443549e-08,-0.000182273
7.453549e-08,-0.000194596
7.463549e-08,-0.000204326
7.473549e-08,-0.000211461
7.483549e-08,-0.000214704
7.493549e-08,-0.000214704
7.503549e-08,-0.000211461
7.513549e-08,-0.000205623
7.523549e-08,-0.00019784
7.533549e-08,-0.000189407
7.543549e-08,-0.000179678
7.553549e-08,-0.000169949
7.563549e-08,-0.00016022
7.573549e-08,-0.00015049
7.583549e-08,-0.000140761
7.593549e-08,-0.000130383
7.603549e-08,-0.000120005
7.613549e-08,-0.000110276
7.623549e-08,-0.000101195
7.633549e-08,-9.47089e-05
7.643549e-08,-8.952e-05
7.653549e-08,-8.69255e-05
7.663549e-08,-8.75741e-05
7.673549e-08,-9.08172e-05
7.683549e-08,-9.66548e-05
7.693549e-08,-0.000104438
7.703549e-08,-0.000112222
7.713549e-08,-0.000120005
7.723549e-08,-0.000125194
