LECROYWaveRunner‘N,20113,Waveform
Segments,1,SegmentSize,2002
Segment,TrigTime,TimeSinceSegment1
#1,28-Sep-2018 13:21:03,0                 
Time,Ampl
-1.228449e-07,-8.88713e-05
-1.227449e-07,-7.84934e-05
-1.226449e-07,-6.09807e-05
-1.225449e-07,-3.76303e-05
-1.224449e-07,-9.09106e-06
-1.223449e-07,2.20427e-05
-1.222449e-07,5.44737e-05
-1.221449e-07,8.62561e-05
-1.220449e-07,0.000115444
-1.219449e-07,0.000139443
-1.218449e-07,0.000158253
-1.217449e-07,0.000171225
-1.216449e-07,0.000179009
-1.215449e-07,0.000180306
-1.214449e-07,0.000175766
-1.213449e-07,0.000166685
-1.212449e-07,0.000153064
-1.211449e-07,0.0001362
-1.210449e-07,0.000116093
-1.209449e-07,9.40395e-05
-1.208449e-07,7.19865e-05
-1.207449e-07,4.99334e-05
-1.206449e-07,2.98261e-05
-1.205449e-07,1.23134e-05
-1.204449e-07,-2.60486e-06
-1.203449e-07,-1.36314e-05
-1.202449e-07,-2.14148e-05
-1.201449e-07,-2.53066e-05
-1.200449e-07,-2.66038e-05
-1.199449e-07,-2.66038e-05
-1.198449e-07,-2.53066e-05
-1.197449e-07,-2.46579e-05
-1.196449e-07,-2.59552e-05
-1.195449e-07,-2.85497e-05
-1.194449e-07,-3.309e-05
-1.193449e-07,-3.8279e-05
-1.192449e-07,-4.34679e-05
-1.191449e-07,-4.6711e-05
-1.190449e-07,-4.73596e-05
-1.189449e-07,-4.47652e-05
-1.188449e-07,-3.69817e-05
-1.187449e-07,-2.53066e-05
-1.186449e-07,-9.73968e-06
-1.185449e-07,9.71892e-06
-1.184449e-07,3.11234e-05
-1.183449e-07,5.25279e-05
-1.182449e-07,7.32837e-05
-1.181449e-07,9.14451e-05
-1.180449e-07,0.000106363
-1.179449e-07,0.000118038
-1.178449e-07,0.000126471
-1.177449e-07,0.000132957
-1.176449e-07,0.000138146
-1.175449e-07,0.000141389
-1.174449e-07,0.000143983
-1.173449e-07,0.000145929
-1.172449e-07,0.000147226
-1.171449e-07,0.000147226
-1.170449e-07,0.000146578
-1.169449e-07,0.000143983
-1.168449e-07,0.000140092
-1.167449e-07,0.000134903
-1.166449e-07,0.000128416
-1.165449e-07,0.000121282
-1.164449e-07,0.00011285
-1.163449e-07,0.000105066
-1.162449e-07,9.92285e-05
-1.161449e-07,9.46882e-05
-1.160449e-07,9.33909e-05
-1.159449e-07,9.40395e-05
-1.158449e-07,9.6634e-05
-1.157449e-07,0.000101174
-1.156449e-07,0.000106363
-1.155449e-07,0.000111552
-1.154449e-07,0.000118038
-1.153449e-07,0.000124525
-1.152449e-07,0.000131011
-1.151449e-07,0.000137497
-1.150449e-07,0.000144632
-1.149449e-07,0.000151118
-1.148449e-07,0.000156956
-1.147449e-07,0.000162145
-1.146449e-07,0.000166685
-1.145449e-07,0.000169279
-1.144449e-07,0.000169279
-1.143449e-07,0.000165388
-1.142449e-07,0.000158902
-1.141449e-07,0.000149821
-1.140449e-07,0.000137497
-1.139449e-07,0.000123227
-1.138449e-07,0.000108309
-1.137449e-07,9.46882e-05
-1.136449e-07,8.23644e-05
-1.135449e-07,7.32837e-05
-1.134449e-07,6.74461e-05
-1.133449e-07,6.4203e-05
-1.132449e-07,6.29058e-05
-1.131449e-07,6.29058e-05
-1.130449e-07,6.35544e-05
-1.129449e-07,6.4203e-05
-1.128449e-07,6.35544e-05
-1.127449e-07,6.16085e-05
-1.126449e-07,5.90141e-05
-1.125449e-07,5.64196e-05
-1.124449e-07,5.44737e-05
-1.123449e-07,5.51223e-05
-1.122449e-07,5.90141e-05
-1.121449e-07,6.80947e-05
-1.120449e-07,8.10671e-05
-1.119449e-07,9.79313e-05
-1.118449e-07,0.000118687
-1.117449e-07,0.00014074
-1.116449e-07,0.000162793
-1.115449e-07,0.000182252
-1.114449e-07,0.00019717
-1.113449e-07,0.000206251
-1.112449e-07,0.000208845
-1.111449e-07,0.000204305
-1.110449e-07,0.000193278
-1.109449e-07,0.000177063
-1.108449e-07,0.000155658
-1.107449e-07,0.000130362
-1.106449e-07,0.000104417
-1.105449e-07,7.84727e-05
-1.104449e-07,5.31765e-05
-1.103449e-07,2.91775e-05
-1.102449e-07,9.71892e-06
-1.101449e-07,-5.19934e-06
-1.100449e-07,-1.428e-05
-1.099449e-07,-1.75231e-05
-1.098449e-07,-1.49286e-05
-1.097449e-07,-5.84796e-06
-1.096449e-07,7.77306e-06
-1.095449e-07,2.46372e-05
-1.094449e-07,4.27986e-05
-1.093449e-07,6.09599e-05
-1.092449e-07,7.52296e-05
-1.091449e-07,8.49589e-05
-1.090449e-07,8.88506e-05
-1.089449e-07,8.62561e-05
-1.088449e-07,7.65268e-05
-1.087449e-07,6.22572e-05
-1.086449e-07,4.40958e-05
-1.085449e-07,2.46372e-05
-1.084449e-07,5.17858e-06
-1.083449e-07,-1.23342e-05
-1.082449e-07,-2.59552e-05
-1.081449e-07,-3.56845e-05
-1.080449e-07,-4.08734e-05
-1.079449e-07,-4.34679e-05
-1.078449e-07,-4.47652e-05
-1.077449e-07,-4.54138e-05
-1.076449e-07,-4.73596e-05
-1.075449e-07,-5.19e-05
-1.074449e-07,-5.83862e-05
-1.073449e-07,-6.81155e-05
-1.072449e-07,-7.97907e-05
-1.071449e-07,-9.14658e-05
-1.070449e-07,-0.000102492
-1.069449e-07,-0.000110924
-1.068449e-07,-0.000115465
-1.067449e-07,-0.000114816
-1.066449e-07,-0.00010833
-1.065449e-07,-9.66548e-05
-1.064449e-07,-8.04393e-05
-1.063449e-07,-6.03321e-05
-1.062449e-07,-3.69817e-05
-1.061449e-07,-1.16855e-05
-1.060449e-07,1.42593e-05
-1.059449e-07,3.89068e-05
-1.058449e-07,6.09599e-05
-1.057449e-07,8.04185e-05
-1.056449e-07,9.59854e-05
-1.055449e-07,0.000107012
-1.054449e-07,0.000114147
-1.053449e-07,0.000116741
-1.052449e-07,0.000115444
-1.051449e-07,0.000110904
-1.050449e-07,0.000105066
-1.049449e-07,9.92285e-05
-1.048449e-07,9.33909e-05
-1.047449e-07,8.88506e-05
-1.046449e-07,8.62561e-05
-1.045449e-07,8.49589e-05
-1.044449e-07,8.49589e-05
-1.043449e-07,8.56075e-05
-1.042449e-07,8.75533e-05
-1.041449e-07,8.88506e-05
-1.040449e-07,8.8202e-05
-1.039449e-07,8.56075e-05
-1.038449e-07,8.10671e-05
-1.037449e-07,7.32837e-05
-1.036449e-07,6.35544e-05
-1.035449e-07,5.38251e-05
-1.034449e-07,4.34472e-05
-1.033449e-07,3.50151e-05
-1.032449e-07,2.85289e-05
-1.031449e-07,2.52858e-05
-1.030449e-07,2.6583e-05
-1.029449e-07,3.04748e-05
-1.028449e-07,3.6961e-05
-1.027449e-07,4.40958e-05
-1.026449e-07,5.12306e-05
-1.025449e-07,5.70682e-05
-1.024449e-07,5.96627e-05
-1.023449e-07,5.77168e-05
-1.022449e-07,5.0582e-05
-1.021449e-07,3.82582e-05
-1.020449e-07,2.07455e-05
-1.019449e-07,-1.03779e-08
-1.018449e-07,-2.20635e-05
-1.017449e-07,-4.41165e-05
-1.016449e-07,-6.42238e-05
-1.015449e-07,-7.9142e-05
-1.014449e-07,-8.82227e-05
-1.013449e-07,-9.01686e-05
-1.012449e-07,-8.49796e-05
-1.011449e-07,-7.20072e-05
-1.010449e-07,-5.31972e-05
-1.009449e-07,-2.98469e-05
-1.008449e-07,-3.9021e-06
-1.007449e-07,2.20427e-05
-1.006449e-07,4.73389e-05
-1.005449e-07,6.9392e-05
-1.004449e-07,8.69047e-05
-1.003449e-07,9.85799e-05
-1.002449e-07,0.000105066
-1.001449e-07,0.000106363
-1.000449e-07,0.00010312
-9.994492e-08,9.6634e-05
-9.984492e-08,8.69047e-05
-9.974492e-08,7.45809e-05
-9.964492e-08,6.09599e-05
-9.954492e-08,4.73389e-05
-9.944492e-08,3.50151e-05
-9.934492e-08,2.46372e-05
-9.924492e-08,1.55565e-05
-9.914492e-08,7.77306e-06
-9.904492e-08,1.93548e-06
-9.894492e-08,-4.55072e-06
-9.884492e-08,-1.10369e-05
-9.874492e-08,-1.75231e-05
-9.864492e-08,-2.59552e-05
-9.854492e-08,-3.56845e-05
-9.844492e-08,-4.80083e-05
-9.834492e-08,-6.16293e-05
-9.824492e-08,-7.52503e-05
-9.814492e-08,-8.952e-05
-9.804492e-08,-0.000103141
-9.794492e-08,-0.000114816
-9.784492e-08,-0.000123897
-9.774492e-08,-0.000129086
-9.764492e-08,-0.000130383
-9.754492e-08,-0.000127789
-9.744492e-08,-0.000121302
-9.734492e-08,-0.000112222
-9.724492e-08,-0.000103141
-9.714492e-08,-9.40603e-05
-9.704492e-08,-8.62769e-05
-9.694492e-08,-8.04393e-05
-9.684492e-08,-7.65476e-05
-9.674492e-08,-7.58989e-05
-9.664492e-08,-7.71962e-05
-9.654492e-08,-7.97907e-05
-9.644492e-08,-8.30338e-05
-9.634492e-08,-8.56282e-05
-9.624492e-08,-8.69255e-05
-9.614492e-08,-8.56282e-05
-9.604492e-08,-8.10879e-05
-9.594492e-08,-7.33045e-05
-9.584492e-08,-6.29265e-05
-9.574492e-08,-4.99541e-05
-9.564492e-08,-3.63331e-05
-9.554492e-08,-2.14148e-05
-9.544492e-08,-5.19934e-06
-9.534492e-08,1.16648e-05
-9.524492e-08,2.78803e-05
-9.514492e-08,4.40958e-05
-9.504492e-08,6.03113e-05
-9.494492e-08,7.58782e-05
-9.484492e-08,8.94992e-05
-9.474492e-08,0.000101823
-9.464492e-08,0.00011285
-9.454492e-08,0.000120633
-9.444492e-08,0.000125173
-9.434492e-08,0.000126471
-9.424492e-08,0.000123227
-9.414492e-08,0.000116093
-9.404492e-08,0.000105715
-9.394492e-08,9.27423e-05
-9.384492e-08,7.84727e-05
-9.374492e-08,6.35544e-05
-9.364492e-08,4.92848e-05
-9.354492e-08,3.63124e-05
-9.344492e-08,2.59344e-05
-9.334492e-08,1.75024e-05
-9.324492e-08,1.03675e-05
-9.314492e-08,3.88134e-06
-9.304492e-08,-1.95624e-06
-9.294492e-08,-8.44244e-06
-9.284492e-08,-1.62259e-05
-9.274492e-08,-2.59552e-05
-9.264492e-08,-3.76303e-05
-9.254492e-08,-5.06027e-05
-9.244492e-08,-6.42238e-05
-9.234492e-08,-7.65476e-05
-9.224492e-08,-8.69255e-05
-9.214492e-08,-9.40603e-05
-9.204492e-08,-9.73034e-05
-9.194492e-08,-9.66548e-05
-9.184492e-08,-9.14658e-05
-9.174492e-08,-8.23851e-05
-9.164492e-08,-7.071e-05
-9.154492e-08,-5.77376e-05
-9.144492e-08,-4.34679e-05
-9.134492e-08,-3.11441e-05
-9.124492e-08,-2.14148e-05
-9.114492e-08,-1.428e-05
-9.104492e-08,-9.73968e-06
-9.094492e-08,-8.44244e-06
-9.084492e-08,-9.73968e-06
-9.074492e-08,-1.23342e-05
-9.064492e-08,-1.55773e-05
-9.054492e-08,-1.75231e-05
-9.044492e-08,-1.81717e-05
-9.034492e-08,-1.68745e-05
-9.024492e-08,-1.23342e-05
-9.014492e-08,-3.9021e-06
-9.004492e-08,7.77306e-06
-8.994492e-08,2.26913e-05
-8.984492e-08,4.08527e-05
-8.974492e-08,5.96627e-05
-8.964492e-08,7.91213e-05
-8.954492e-08,9.72826e-05
-8.944492e-08,0.00011285
-8.934492e-08,0.000125173
-8.924492e-08,0.000133605
-8.914492e-08,0.000138146
-8.904492e-08,0.000138146
-8.894492e-08,0.000134254
-8.884492e-08,0.000127768
-8.874492e-08,0.000119336
-8.864492e-08,0.000110904
-8.854492e-08,0.000104417
-8.844492e-08,9.85799e-05
-8.834492e-08,9.6634e-05
-8.824492e-08,9.85799e-05
-8.814492e-08,0.000103769
-8.804492e-08,0.000112201
-8.794492e-08,0.000122579
-8.784492e-08,0.000134903
-8.774492e-08,0.000147226
-8.764492e-08,0.00015955
-8.754492e-08,0.000170577
-8.744492e-08,0.00017836
-8.734492e-08,0.000184198
-8.724492e-08,0.000185495
-8.714492e-08,0.000183549
-8.704492e-08,0.000177712
-8.694492e-08,0.000169279
-8.684492e-08,0.000158902
-8.674492e-08,0.000146578
-8.664492e-08,0.000133605
-8.654492e-08,0.000121282
-8.644492e-08,0.000110255
-8.634492e-08,0.000100526
-8.624492e-08,9.40395e-05
-8.614492e-08,9.01478e-05
-8.604492e-08,9.01478e-05
-8.594492e-08,9.40395e-05
-8.584492e-08,0.000101174
-8.574492e-08,0.000111552
-8.564492e-08,0.000122579
-8.554492e-08,0.000134254
-8.544492e-08,0.000145281
-8.534492e-08,0.000154361
-8.524492e-08,0.000160847
-8.514492e-08,0.000164091
-8.504492e-08,0.000163442
-8.494492e-08,0.000160199
-8.484492e-08,0.000153064
-8.474492e-08,0.000143983
-8.464492e-08,0.000133605
-8.454492e-08,0.000122579
-8.444492e-08,0.000111552
-8.434492e-08,0.000101823
-8.424492e-08,9.40395e-05
-8.414492e-08,8.75533e-05
-8.404492e-08,8.10671e-05
-8.394492e-08,7.52296e-05
-8.384492e-08,6.80947e-05
-8.374492e-08,5.90141e-05
-8.364492e-08,4.73389e-05
-8.354492e-08,3.37179e-05
-8.344492e-08,1.68537e-05
-8.334492e-08,-1.95624e-06
-8.324492e-08,-2.27121e-05
-8.314492e-08,-4.41165e-05
-8.304492e-08,-6.48724e-05
-8.294492e-08,-8.36824e-05
-8.284492e-08,-9.7952e-05
-8.274492e-08,-0.00010833
-8.264492e-08,-0.000113519
-8.254492e-08,-0.000114816
-8.244492e-08,-0.000111573
-8.234492e-08,-0.000104438
-8.224492e-08,-9.47089e-05
-8.214492e-08,-8.36824e-05
-8.204492e-08,-7.20072e-05
-8.194492e-08,-6.16293e-05
-8.184492e-08,-5.25486e-05
-8.174492e-08,-4.54138e-05
-8.164492e-08,-4.02248e-05
-8.154492e-08,-3.69817e-05
-8.144492e-08,-3.56845e-05
-8.134492e-08,-3.63331e-05
-8.124492e-08,-3.76303e-05
-8.114492e-08,-4.02248e-05
-8.104492e-08,-4.21707e-05
-8.094492e-08,-4.34679e-05
-8.084492e-08,-4.47652e-05
-8.074492e-08,-4.47652e-05
-8.064492e-08,-4.28193e-05
-8.054492e-08,-3.8279e-05
-8.044492e-08,-3.17928e-05
-8.034492e-08,-2.20635e-05
-8.024492e-08,-1.03883e-05
-8.014492e-08,3.23272e-06
-8.004492e-08,1.75024e-05
-7.994492e-08,3.11234e-05
-7.984492e-08,4.40958e-05
-7.974492e-08,5.70682e-05
-7.964492e-08,6.80947e-05
-7.954492e-08,7.65268e-05
-7.944492e-08,8.3013e-05
-7.934492e-08,8.75533e-05
-7.924492e-08,8.94992e-05
-7.914492e-08,9.01478e-05
-7.904492e-08,9.01478e-05
-7.894492e-08,9.01478e-05
-7.884492e-08,8.94992e-05
-7.874492e-08,8.88506e-05
-7.864492e-08,8.8202e-05
-7.854492e-08,8.8202e-05
-7.844492e-08,8.75533e-05
-7.834492e-08,8.62561e-05
-7.824492e-08,8.49589e-05
-7.814492e-08,8.36616e-05
-7.804492e-08,8.17158e-05
-7.794492e-08,7.91213e-05
-7.784492e-08,7.7824e-05
-7.774492e-08,7.58782e-05
-7.764492e-08,7.39323e-05
-7.754492e-08,7.26351e-05
-7.744492e-08,7.13378e-05
-7.734492e-08,6.9392e-05
-7.724492e-08,6.74461e-05
-7.714492e-08,6.35544e-05
-7.704492e-08,5.90141e-05
-7.694492e-08,5.25279e-05
-7.684492e-08,4.47444e-05
-7.674492e-08,3.63124e-05
-7.664492e-08,2.85289e-05
-7.654492e-08,2.20427e-05
-7.644492e-08,1.75024e-05
-7.634492e-08,1.49079e-05
-7.624492e-08,1.55565e-05
-7.614492e-08,1.94482e-05
-7.604492e-08,2.52858e-05
-7.594492e-08,3.30692e-05
-7.584492e-08,4.15013e-05
-7.574492e-08,4.99334e-05
-7.564492e-08,5.70682e-05
-7.554492e-08,6.29058e-05
-7.544492e-08,6.74461e-05
-7.534492e-08,7.00406e-05
-7.524492e-08,7.06892e-05
-7.514492e-08,7.00406e-05
-7.504492e-08,6.74461e-05
-7.494492e-08,6.22572e-05
-7.484492e-08,5.51223e-05
-7.474492e-08,4.34472e-05
-7.464492e-08,2.85289e-05
-7.454492e-08,8.42168e-06
-7.444492e-08,-1.68745e-05
-7.434492e-08,-4.60624e-05
-7.424492e-08,-7.84934e-05
-7.414492e-08,-0.00011287
-7.404492e-08,-0.000147247
-7.394492e-08,-0.000178381
-7.384492e-08,-0.000204326
-7.374492e-08,-0.000222487
-7.364492e-08,-0.000232216
-7.354492e-08,-0.000232216
-7.344492e-08,-0.000223784
-7.334492e-08,-0.000206272
-7.324492e-08,-0.000182921
-7.314492e-08,-0.000155031
-7.304492e-08,-0.000123248
-7.294492e-08,-9.08172e-05
-7.284492e-08,-5.90348e-05
-7.274492e-08,-2.91983e-05
-7.264492e-08,-1.30762e-06
-7.254492e-08,2.46372e-05
-7.244492e-08,4.79875e-05
-7.234492e-08,6.87434e-05
-7.224492e-08,8.69047e-05
-7.214492e-08,0.000101823
-7.204492e-08,0.000112201
-7.194492e-08,0.000118038
-7.184492e-08,0.000119336
-7.174492e-08,0.000115444
-7.164492e-08,0.000106363
-7.154492e-08,9.27423e-05
-7.144492e-08,7.71754e-05
-7.134492e-08,5.96627e-05
-7.124492e-08,4.21499e-05
-7.114492e-08,2.59344e-05
-7.104492e-08,1.23134e-05
-7.094492e-08,6.38242e-07
-7.084492e-08,-8.44244e-06
-7.074492e-08,-1.55773e-05
-7.064492e-08,-2.07662e-05
-7.054492e-08,-2.53066e-05
-7.044492e-08,-3.11441e-05
-7.034492e-08,-3.76303e-05
-7.024492e-08,-4.47652e-05
-7.014492e-08,-5.25486e-05
-7.004492e-08,-5.96834e-05
-6.994492e-08,-6.48724e-05
-6.984492e-08,-6.74669e-05
-6.974492e-08,-6.68183e-05
-6.964492e-08,-6.09807e-05
-6.954492e-08,-5.06027e-05
-6.944492e-08,-3.56845e-05
-6.934492e-08,-1.62259e-05
-6.924492e-08,6.47582e-06
-6.914492e-08,3.11234e-05
-6.904492e-08,5.51223e-05
-6.894492e-08,7.84727e-05
-6.884492e-08,9.79313e-05
-6.874492e-08,0.000113498
-6.864492e-08,0.000124525
-6.854492e-08,0.000129714
-6.844492e-08,0.000129714
-6.834492e-08,0.000125173
-6.824492e-08,0.000114795
-6.814492e-08,0.000100526
-6.804492e-08,8.23644e-05
-6.794492e-08,5.96627e-05
-6.784492e-08,3.37179e-05
-6.774492e-08,5.8272e-06
-6.764492e-08,-2.33607e-05
-6.754492e-08,-5.31972e-05
-6.744492e-08,-8.10879e-05
-6.734492e-08,-0.000107033
-6.724492e-08,-0.000129734
-6.714492e-08,-0.000146599
-6.704492e-08,-0.000157625
-6.694492e-08,-0.000161517
-6.684492e-08,-0.000158922
-6.674492e-08,-0.000149193
-6.664492e-08,-0.000134275
-6.654492e-08,-0.000113519
-6.644492e-08,-9.01686e-05
-6.634492e-08,-6.48724e-05
-6.624492e-08,-3.89276e-05
-6.614492e-08,-1.29828e-05
-6.604492e-08,1.16648e-05
-6.594492e-08,3.37179e-05
-6.584492e-08,5.25279e-05
-6.574492e-08,6.74461e-05
-6.564492e-08,7.84727e-05
-6.554492e-08,8.49589e-05
-6.544492e-08,8.75533e-05
-6.534492e-08,8.49589e-05
-6.524492e-08,7.91213e-05
-6.514492e-08,6.87434e-05
-6.504492e-08,5.5771e-05
-6.494492e-08,4.15013e-05
-6.484492e-08,2.6583e-05
-6.474492e-08,1.2962e-05
-6.464492e-08,1.93548e-06
-6.454492e-08,-5.19934e-06
-6.444492e-08,-8.44244e-06
-6.434492e-08,-7.1452e-06
-6.424492e-08,-1.30762e-06
-6.414492e-08,8.42168e-06
-6.404492e-08,1.94482e-05
-6.394492e-08,2.98261e-05
-6.384492e-08,3.89068e-05
-6.374492e-08,4.5393e-05
-6.364492e-08,4.73389e-05
-6.354492e-08,4.5393e-05
-6.344492e-08,3.89068e-05
-6.334492e-08,2.91775e-05
-6.324492e-08,1.68537e-05
-6.314492e-08,3.23272e-06
-6.304492e-08,-1.10369e-05
-6.294492e-08,-2.40093e-05
-6.284492e-08,-3.63331e-05
-6.274492e-08,-4.6711e-05
-6.264492e-08,-5.57917e-05
-6.254492e-08,-6.42238e-05
-6.244492e-08,-7.26558e-05
-6.234492e-08,-8.10879e-05
-6.224492e-08,-8.88713e-05
-6.214492e-08,-9.53575e-05
-6.204492e-08,-0.000100547
-6.194492e-08,-0.00010379
-6.184492e-08,-0.00010379
-6.174492e-08,-9.92493e-05
-6.164492e-08,-9.14658e-05
-6.154492e-08,-8.04393e-05
-6.144492e-08,-6.5521e-05
-6.134492e-08,-4.93055e-05
-6.124492e-08,-3.17928e-05
-6.114492e-08,-1.49286e-05
-6.104492e-08,6.38242e-07
-6.094492e-08,1.42593e-05
-6.084492e-08,2.46372e-05
-6.074492e-08,3.11234e-05
-6.064492e-08,3.63124e-05
-6.054492e-08,3.95555e-05
-6.044492e-08,4.21499e-05
-6.034492e-08,4.60417e-05
-6.024492e-08,5.12306e-05
-6.014492e-08,5.96627e-05
-6.004492e-08,7.13378e-05
-5.994492e-08,8.62561e-05
-5.984492e-08,0.000104417
-5.974492e-08,0.000125822
-5.964492e-08,0.000147875
-5.954492e-08,0.000168631
-5.944492e-08,0.000186144
-5.934492e-08,0.000199116
-5.924492e-08,0.000204954
-5.914492e-08,0.000203656
-5.904492e-08,0.000194576
-5.894492e-08,0.00017836
-5.884492e-08,0.000154361
-5.874492e-08,0.000124525
-5.864492e-08,9.07964e-05
-5.854492e-08,5.51223e-05
-5.844492e-08,1.94482e-05
-5.834492e-08,-1.428e-05
-5.824492e-08,-4.41165e-05
-5.814492e-08,-6.74669e-05
-5.804492e-08,-8.4331e-05
-5.794492e-08,-9.40603e-05
-5.784492e-08,-9.66548e-05
-5.774492e-08,-9.27631e-05
-5.764492e-08,-8.36824e-05
-5.754492e-08,-7.00614e-05
-5.744492e-08,-5.25486e-05
-5.734492e-08,-3.37386e-05
-5.724492e-08,-1.428e-05
-5.714492e-08,4.52996e-06
-5.704492e-08,2.20427e-05
-5.694492e-08,3.76096e-05
-5.684492e-08,5.0582e-05
-5.674492e-08,6.09599e-05
-5.664492e-08,6.9392e-05
-5.654492e-08,7.52296e-05
-5.644492e-08,7.84727e-05
-5.634492e-08,7.91213e-05
-5.624492e-08,7.65268e-05
-5.614492e-08,7.19865e-05
-5.604492e-08,6.55003e-05
-5.594492e-08,5.70682e-05
-5.584492e-08,4.86361e-05
-5.574492e-08,4.02041e-05
-5.564492e-08,3.24206e-05
-5.554492e-08,2.52858e-05
-5.544492e-08,2.00968e-05
-5.534492e-08,1.68537e-05
-5.524492e-08,1.55565e-05
-5.514492e-08,1.62051e-05
-5.504492e-08,1.87996e-05
-5.494492e-08,2.13941e-05
-5.484492e-08,2.46372e-05
-5.474492e-08,2.78803e-05
-5.464492e-08,3.11234e-05
-5.454492e-08,3.37179e-05
-5.444492e-08,3.63124e-05
-5.434492e-08,3.95555e-05
-5.424492e-08,4.40958e-05
-5.414492e-08,4.99334e-05
-5.404492e-08,5.77168e-05
-5.394492e-08,6.80947e-05
-5.384492e-08,8.04185e-05
-5.374492e-08,9.40395e-05
-5.364492e-08,0.000107661
-5.354492e-08,0.000120633
-5.344492e-08,0.000132957
-5.334492e-08,0.000142037
-5.324492e-08,0.000148524
-5.314492e-08,0.000151118
-5.304492e-08,0.000150469
-5.294492e-08,0.000147875
-5.284492e-08,0.000142686
-5.274492e-08,0.0001362
-5.264492e-08,0.000129714
-5.254492e-08,0.000123876
-5.244492e-08,0.000118687
-5.234492e-08,0.000114147
-5.224492e-08,0.000111552
-5.214492e-08,0.000109606
-5.204492e-08,0.000106363
-5.194492e-08,0.000102472
-5.184492e-08,9.6634e-05
-5.174492e-08,8.75533e-05
-5.164492e-08,7.58782e-05
-5.154492e-08,6.09599e-05
-5.144492e-08,4.34472e-05
-5.134492e-08,2.39886e-05
-5.124492e-08,3.23272e-06
-5.114492e-08,-1.75231e-05
-5.104492e-08,-3.76303e-05
-5.094492e-08,-5.44945e-05
-5.084492e-08,-6.81155e-05
-5.074492e-08,-7.84934e-05
-5.064492e-08,-8.49796e-05
-5.054492e-08,-8.82227e-05
-5.044492e-08,-8.82227e-05
-5.034492e-08,-8.69255e-05
-5.024492e-08,-8.36824e-05
-5.014492e-08,-8.04393e-05
-5.004492e-08,-7.71962e-05
-4.994492e-08,-7.46017e-05
-4.984492e-08,-7.13586e-05
-4.974492e-08,-6.94127e-05
-4.964492e-08,-6.74669e-05
-4.954492e-08,-6.61696e-05
-4.944492e-08,-6.61696e-05
-4.934492e-08,-6.68183e-05
-4.924492e-08,-6.81155e-05
-4.914492e-08,-7.00614e-05
-4.904492e-08,-7.13586e-05
-4.894492e-08,-7.20072e-05
-4.884492e-08,-7.20072e-05
-4.874492e-08,-7.071e-05
-4.864492e-08,-6.5521e-05
-4.854492e-08,-5.7089e-05
-4.844492e-08,-4.54138e-05
-4.834492e-08,-3.04955e-05
-4.824492e-08,-1.29828e-05
-4.814492e-08,5.8272e-06
-4.804492e-08,2.39886e-05
-4.794492e-08,4.08527e-05
-4.784492e-08,5.44737e-05
-4.774492e-08,6.29058e-05
-4.764492e-08,6.61489e-05
-4.754492e-08,6.29058e-05
-4.744492e-08,5.38251e-05
-4.734492e-08,3.95555e-05
-4.724492e-08,2.13941e-05
-4.714492e-08,1.28686e-06
-4.704492e-08,-1.81717e-05
-4.694492e-08,-3.63331e-05
-4.684492e-08,-5.19e-05
-4.674492e-08,-6.29265e-05
-4.664492e-08,-6.81155e-05
-4.654492e-08,-6.94127e-05
-4.644492e-08,-6.5521e-05
-4.634492e-08,-5.83862e-05
-4.624492e-08,-4.86569e-05
-4.614492e-08,-3.69817e-05
-4.604492e-08,-2.53066e-05
-4.594492e-08,-1.36314e-05
-4.584492e-08,-3.25348e-06
-4.574492e-08,5.17858e-06
-4.564492e-08,1.16648e-05
-4.554492e-08,1.55565e-05
-4.544492e-08,1.75024e-05
-4.534492e-08,1.8151e-05
-4.524492e-08,1.68537e-05
-4.514492e-08,1.42593e-05
-4.504492e-08,1.10162e-05
-4.494492e-08,7.77306e-06
-4.484492e-08,6.47582e-06
-4.474492e-08,6.47582e-06
-4.464492e-08,8.42168e-06
-4.454492e-08,1.23134e-05
-4.444492e-08,1.68537e-05
-4.434492e-08,2.20427e-05
-4.424492e-08,2.72317e-05
-4.414492e-08,3.24206e-05
-4.404492e-08,3.76096e-05
-4.394492e-08,4.21499e-05
-4.384492e-08,4.66903e-05
-4.374492e-08,4.92848e-05
-4.364492e-08,5.18792e-05
-4.354492e-08,5.31765e-05
-4.344492e-08,5.38251e-05
-4.334492e-08,5.51223e-05
-4.324492e-08,5.51223e-05
-4.314492e-08,5.5771e-05
-4.304492e-08,5.51223e-05
-4.294492e-08,5.44737e-05
-4.284492e-08,5.31765e-05
-4.274492e-08,4.99334e-05
-4.264492e-08,4.47444e-05
-4.254492e-08,3.6961e-05
-4.244492e-08,2.6583e-05
-4.234492e-08,1.2962e-05
-4.224492e-08,-1.95624e-06
-4.214492e-08,-1.75231e-05
-4.204492e-08,-3.309e-05
-4.194492e-08,-4.6711e-05
-4.184492e-08,-5.64403e-05
-4.174492e-08,-6.09807e-05
-4.164492e-08,-5.96834e-05
-4.154492e-08,-5.06027e-05
-4.144492e-08,-3.56845e-05
-4.134492e-08,-1.62259e-05
-4.124492e-08,6.47582e-06
-4.114492e-08,3.04748e-05
-4.104492e-08,5.38251e-05
-4.094492e-08,7.32837e-05
-4.084492e-08,8.75533e-05
-4.074492e-08,9.53368e-05
-4.064492e-08,9.6634e-05
-4.054492e-08,9.07964e-05
-4.044492e-08,7.97699e-05
-4.034492e-08,6.4203e-05
-4.024492e-08,4.66903e-05
-4.014492e-08,2.85289e-05
-4.004492e-08,1.03675e-05
-3.994492e-08,-5.19934e-06
-3.984492e-08,-1.81717e-05
-3.974492e-08,-2.72524e-05
-3.964492e-08,-3.309e-05
-3.954492e-08,-3.63331e-05
-3.944492e-08,-3.69817e-05
-3.934492e-08,-3.56845e-05
-3.924492e-08,-3.309e-05
-3.914492e-08,-2.91983e-05
-3.904492e-08,-2.46579e-05
-3.894492e-08,-2.01176e-05
-3.884492e-08,-1.62259e-05
-3.874492e-08,-1.23342e-05
-3.864492e-08,-8.44244e-06
-3.854492e-08,-5.84796e-06
-3.844492e-08,-3.25348e-06
-3.834492e-08,-6.58998e-07
-3.824492e-08,1.93548e-06
-3.814492e-08,5.17858e-06
-3.804492e-08,9.0703e-06
-3.794492e-08,1.49079e-05
-3.784492e-08,2.13941e-05
-3.774492e-08,2.85289e-05
-3.764492e-08,3.56637e-05
-3.754492e-08,4.21499e-05
-3.744492e-08,4.66903e-05
-3.734492e-08,4.92848e-05
-3.724492e-08,4.79875e-05
-3.714492e-08,4.34472e-05
-3.704492e-08,3.63124e-05
-3.694492e-08,2.52858e-05
-3.684492e-08,1.23134e-05
-3.674492e-08,-1.30762e-06
-3.664492e-08,-1.428e-05
-3.654492e-08,-2.53066e-05
-3.644492e-08,-3.309e-05
-3.634492e-08,-3.63331e-05
-3.624492e-08,-3.50359e-05
-3.614492e-08,-2.91983e-05
-3.604492e-08,-1.88204e-05
-3.594492e-08,-5.19934e-06
-3.584492e-08,1.10162e-05
-3.574492e-08,2.78803e-05
-3.564492e-08,4.40958e-05
-3.554492e-08,5.83654e-05
-3.544492e-08,7.13378e-05
-3.534492e-08,8.10671e-05
-3.524492e-08,8.8202e-05
-3.514492e-08,9.20937e-05
-3.504492e-08,9.40395e-05
-3.494492e-08,9.40395e-05
-3.484492e-08,9.20937e-05
-3.474492e-08,9.01478e-05
-3.464492e-08,8.8202e-05
-3.454492e-08,8.69047e-05
-3.444492e-08,8.62561e-05
-3.434492e-08,8.56075e-05
-3.424492e-08,8.62561e-05
-3.414492e-08,8.75533e-05
-3.404492e-08,8.94992e-05
-3.394492e-08,9.20937e-05
-3.384492e-08,9.53368e-05
-3.374492e-08,9.98771e-05
-3.364492e-08,0.000105066
-3.354492e-08,0.000111552
-3.344492e-08,0.000119336
-3.334492e-08,0.000128416
-3.324492e-08,0.000139443
-3.314492e-08,0.000150469
-3.304492e-08,0.000161496
-3.294492e-08,0.000169928
-3.284492e-08,0.000176414
-3.274492e-08,0.000179009
-3.264492e-08,0.000177712
-3.254492e-08,0.000171225
-3.244492e-08,0.000158902
-3.234492e-08,0.000142037
-3.224492e-08,0.000121282
-3.214492e-08,9.72826e-05
-3.204492e-08,7.13378e-05
-3.194492e-08,4.40958e-05
-3.184492e-08,1.68537e-05
-3.174492e-08,-9.73968e-06
-3.164492e-08,-3.50359e-05
-3.154492e-08,-5.77376e-05
-3.144492e-08,-7.71962e-05
-3.134492e-08,-9.27631e-05
-3.124492e-08,-0.000105087
-3.114492e-08,-0.000113519
-3.104492e-08,-0.000118059
-3.094492e-08,-0.000118059
-3.084492e-08,-0.00011287
-3.074492e-08,-0.00010379
-3.064492e-08,-9.01686e-05
-3.054492e-08,-7.33045e-05
-3.044492e-08,-5.44945e-05
-3.034492e-08,-3.37386e-05
-3.024492e-08,-1.29828e-05
-3.014492e-08,7.77306e-06
-3.004492e-08,2.52858e-05
-2.994492e-08,3.95555e-05
-2.984492e-08,4.86361e-05
-2.974492e-08,5.38251e-05
-2.964492e-08,5.31765e-05
-2.954492e-08,4.86361e-05
-2.944492e-08,4.02041e-05
-2.934492e-08,2.85289e-05
-2.924492e-08,1.49079e-05
-2.914492e-08,-1.03779e-08
-2.904492e-08,-1.428e-05
-2.894492e-08,-2.72524e-05
-2.884492e-08,-3.8279e-05
-2.874492e-08,-4.80083e-05
-2.864492e-08,-5.51431e-05
-2.854492e-08,-6.03321e-05
-2.844492e-08,-6.48724e-05
-2.834492e-08,-6.68183e-05
-2.824492e-08,-6.74669e-05
-2.814492e-08,-6.61696e-05
-2.804492e-08,-6.29265e-05
-2.794492e-08,-5.83862e-05
-2.784492e-08,-5.12514e-05
-2.774492e-08,-4.15221e-05
-2.764492e-08,-2.91983e-05
-2.754492e-08,-1.428e-05
-2.744492e-08,2.5841e-06
-2.734492e-08,2.13941e-05
-2.724492e-08,4.15013e-05
-2.714492e-08,6.29058e-05
-2.704492e-08,8.36616e-05
-2.694492e-08,0.000104417
-2.684492e-08,0.000123876
-2.674492e-08,0.000141389
-2.664492e-08,0.000156956
-2.654492e-08,0.000171225
-2.644492e-08,0.000182901
-2.634492e-08,0.000191981
-2.624492e-08,0.000199116
-2.614492e-08,0.000204305
-2.604492e-08,0.000205602
-2.594492e-08,0.000202359
-2.584492e-08,0.000195873
-2.574492e-08,0.000185495
-2.564492e-08,0.000171225
-2.554492e-08,0.000153713
-2.544492e-08,0.000132957
-2.534492e-08,0.000110904
-2.524492e-08,8.75533e-05
-2.514492e-08,6.4203e-05
-2.504492e-08,4.21499e-05
-2.494492e-08,2.26913e-05
-2.484492e-08,4.52996e-06
-2.474492e-08,-1.10369e-05
-2.464492e-08,-2.33607e-05
-2.454492e-08,-3.309e-05
-2.444492e-08,-4.02248e-05
-2.434492e-08,-4.34679e-05
-2.424492e-08,-4.34679e-05
-2.414492e-08,-3.95762e-05
-2.404492e-08,-3.37386e-05
-2.394492e-08,-2.46579e-05
-2.384492e-08,-1.29828e-05
-2.374492e-08,1.28686e-06
-2.364492e-08,1.62051e-05
-2.354492e-08,3.04748e-05
-2.344492e-08,4.40958e-05
-2.334492e-08,5.38251e-05
-2.324492e-08,6.03113e-05
-2.314492e-08,6.16085e-05
-2.304492e-08,5.90141e-05
-2.294492e-08,5.12306e-05
-2.284492e-08,3.82582e-05
-2.274492e-08,2.07455e-05
-2.264492e-08,1.28686e-06
-2.254492e-08,-1.9469e-05
-2.244492e-08,-4.08734e-05
-2.234492e-08,-6.09807e-05
-2.224492e-08,-7.84934e-05
-2.214492e-08,-9.27631e-05
-2.204492e-08,-0.000102492
-2.194492e-08,-0.000108979
-2.184492e-08,-0.000110924
-2.174492e-08,-0.00010833
-2.164492e-08,-0.000101844
-2.154492e-08,-9.27631e-05
-2.144492e-08,-8.17365e-05
-2.134492e-08,-6.81155e-05
-2.124492e-08,-5.31972e-05
-2.114492e-08,-3.76303e-05
-2.104492e-08,-2.07662e-05
-2.094492e-08,-4.55072e-06
-2.084492e-08,1.10162e-05
-2.074492e-08,2.52858e-05
-2.064492e-08,3.82582e-05
-2.054492e-08,4.92848e-05
-2.044492e-08,5.64196e-05
-2.034492e-08,5.90141e-05
-2.024492e-08,5.77168e-05
-2.014492e-08,5.18792e-05
-2.004492e-08,4.08527e-05
-1.994492e-08,2.6583e-05
-1.984492e-08,1.03675e-05
-1.974492e-08,-7.79382e-06
-1.964492e-08,-2.53066e-05
-1.954492e-08,-4.21707e-05
-1.944492e-08,-5.7089e-05
-1.934492e-08,-6.87641e-05
-1.924492e-08,-7.78448e-05
-1.914492e-08,-8.56282e-05
-1.904492e-08,-9.14658e-05
-1.894492e-08,-9.7952e-05
-1.884492e-08,-0.000106384
-1.874492e-08,-0.000116762
-1.864492e-08,-0.000129086
-1.854492e-08,-0.000144004
-1.844492e-08,-0.00016022
-1.834492e-08,-0.000177084
-1.824492e-08,-0.000193948
-1.814492e-08,-0.000208866
-1.804492e-08,-0.00022119
-1.794492e-08,-0.000228973
-1.784492e-08,-0.000231568
-1.774492e-08,-0.000229622
-1.764492e-08,-0.000223136
-1.754492e-08,-0.000212758
-1.744492e-08,-0.000200434
-1.734492e-08,-0.000187462
-1.724492e-08,-0.000173841
-1.714492e-08,-0.000160868
-1.704492e-08,-0.000149193
-1.694492e-08,-0.000139464
-1.684492e-08,-0.00013168
-1.674492e-08,-0.000125194
-1.664492e-08,-0.000119356
-1.654492e-08,-0.000114168
-1.644492e-08,-0.000110276
-1.634492e-08,-0.000105087
-1.624492e-08,-9.92493e-05
-1.614492e-08,-9.14658e-05
-1.604492e-08,-8.17365e-05
-1.594492e-08,-7.00614e-05
-1.584492e-08,-5.57917e-05
-1.574492e-08,-3.95762e-05
-1.564492e-08,-2.20635e-05
-1.554492e-08,-1.95624e-06
-1.544492e-08,1.87996e-05
-1.534492e-08,4.02041e-05
-1.524492e-08,6.09599e-05
-1.514492e-08,8.10671e-05
-1.504492e-08,0.000100526
-1.494492e-08,0.00011739
-1.484492e-08,0.000132308
-1.474492e-08,0.000144632
-1.464492e-08,0.00015501
-1.454492e-08,0.000162145
-1.444492e-08,0.000166036
-1.434492e-08,0.000167334
-1.424492e-08,0.000165388
-1.414492e-08,0.000160847
-1.404492e-08,0.000154361
-1.394492e-08,0.000147226
-1.384492e-08,0.000139443
-1.374492e-08,0.000131011
-1.364492e-08,0.000123227
-1.354492e-08,0.000116741
-1.344492e-08,0.000112201
-1.334492e-08,0.000108309
-1.324492e-08,0.000105715
-1.314492e-08,0.000105066
-1.304492e-08,0.000105066
-1.294492e-08,0.000105715
-1.284492e-08,0.000105715
-1.274492e-08,0.000105066
-1.264492e-08,0.000103769
-1.254492e-08,0.000101823
-1.244492e-08,9.85799e-05
-1.234492e-08,9.33909e-05
-1.224492e-08,8.75533e-05
-1.214492e-08,8.10671e-05
-1.204492e-08,7.45809e-05
-1.194492e-08,6.74461e-05
-1.184492e-08,5.96627e-05
-1.174492e-08,5.31765e-05
-1.164492e-08,4.73389e-05
-1.154492e-08,4.27986e-05
-1.144492e-08,3.95555e-05
-1.134492e-08,3.6961e-05
-1.124492e-08,3.56637e-05
-1.114492e-08,3.50151e-05
-1.104492e-08,3.50151e-05
-1.094492e-08,3.56637e-05
-1.084492e-08,3.56637e-05
-1.074492e-08,3.37179e-05
-1.064492e-08,2.98261e-05
-1.054492e-08,2.46372e-05
-1.044492e-08,1.8151e-05
-1.034492e-08,9.71892e-06
-1.024492e-08,1.93548e-06
-1.014492e-08,-5.84796e-06
-1.004492e-08,-1.10369e-05
-9.944921e-09,-1.49286e-05
-9.844921e-09,-1.49286e-05
-9.744921e-09,-1.10369e-05
-9.644921e-09,-3.25348e-06
-9.544921e-09,7.77306e-06
-9.444921e-09,2.07455e-05
-9.344921e-09,3.56637e-05
-9.244921e-09,5.0582e-05
-9.144921e-09,6.4203e-05
-9.044921e-09,7.71754e-05
-8.944921e-09,8.69047e-05
-8.844921e-09,9.33909e-05
-8.744921e-09,9.53368e-05
-8.644921e-09,9.27423e-05
-8.544921e-09,8.62561e-05
-8.444921e-09,7.52296e-05
-8.344921e-09,5.96627e-05
-8.244921e-09,4.15013e-05
-8.144921e-09,2.07455e-05
-8.044921e-09,-6.58998e-07
-7.944921e-09,-2.14148e-05
-7.844921e-09,-4.08734e-05
-7.744921e-09,-5.7089e-05
-7.644921e-09,-6.87641e-05
-7.544921e-09,-7.65476e-05
-7.444921e-09,-7.84934e-05
-7.344921e-09,-7.58989e-05
-7.244921e-09,-6.87641e-05
-7.144921e-09,-5.77376e-05
-7.044921e-09,-4.34679e-05
-6.944921e-09,-2.66038e-05
-6.844921e-09,-1.03883e-05
-6.744921e-09,5.8272e-06
-6.644921e-09,2.13941e-05
-6.544921e-09,3.50151e-05
-6.444921e-09,4.5393e-05
-6.344921e-09,5.38251e-05
-6.244921e-09,5.96627e-05
-6.144921e-09,6.35544e-05
-6.044921e-09,6.48516e-05
-5.944921e-09,6.35544e-05
-5.844921e-09,6.09599e-05
-5.744921e-09,5.70682e-05
-5.644921e-09,5.0582e-05
-5.544921e-09,4.21499e-05
-5.444921e-09,3.1772e-05
-5.344921e-09,1.94482e-05
-5.244921e-09,5.8272e-06
-5.144921e-09,-8.44244e-06
-5.044921e-09,-2.33607e-05
-4.944921e-09,-3.76303e-05
-4.844921e-09,-5.12514e-05
-4.744921e-09,-6.16293e-05
-4.644921e-09,-6.87641e-05
-4.544921e-09,-7.26558e-05
-4.444921e-09,-7.26558e-05
-4.344921e-09,-6.87641e-05
-4.244921e-09,-5.96834e-05
-4.144921e-09,-4.73596e-05
-4.044921e-09,-3.04955e-05
-3.944921e-09,-1.10369e-05
-3.844921e-09,1.03675e-05
-3.744921e-09,3.30692e-05
-3.644921e-09,5.51223e-05
-3.544921e-09,7.52296e-05
-3.444921e-09,9.27423e-05
-3.344921e-09,0.000106363
-3.244921e-09,0.000114147
-3.144921e-09,0.000116741
-3.044921e-09,0.000113498
-2.944921e-09,0.000104417
-2.844921e-09,9.01478e-05
-2.744921e-09,7.06892e-05
-2.644921e-09,4.73389e-05
-2.544921e-09,2.00968e-05
-2.444921e-09,-1.03883e-05
-2.344921e-09,-4.41165e-05
-2.244921e-09,-8.04393e-05
-2.144921e-09,-0.000118708
-2.044921e-09,-0.000159571
-1.944921e-09,-0.000203677
-1.844921e-09,-0.000250378
-1.744921e-09,-0.000299673
-1.644921e-09,-0.000351563
-1.544921e-09,-0.000406695
-1.444921e-09,-0.000463125
-1.344921e-09,-0.000522798
-1.244921e-09,-0.000585714
-1.144921e-09,-0.000653171
-1.044921e-09,-0.000724519
-9.44921e-10,-0.000801056
-8.44921e-10,-0.000883431
-7.44921e-10,-0.000972941
-6.44921e-10,-0.00106959
-5.44921e-10,-0.00117466
-4.44921e-10,-0.00128817
-3.44921e-10,-0.00141011
-2.44921e-10,-0.00154048
-1.44921e-10,-0.00167994
-4.492098e-11,-0.00182717
5.507902e-11,-0.00198219
1.55079e-10,-0.0021437
2.55079e-10,-0.00231169
3.55079e-10,-0.00248487
4.55079e-10,-0.0026626
5.55079e-10,-0.00284291
6.55079e-10,-0.00302517
7.55079e-10,-0.00320744
8.55079e-10,-0.00338775
9.55079e-10,-0.00356418
1.055079e-09,-0.00373541
1.155079e-09,-0.00390146
1.255079e-09,-0.00406167
1.355079e-09,-0.00421474
1.455079e-09,-0.00436133
1.555079e-09,-0.00450338
1.655079e-09,-0.00464024
1.755079e-09,-0.0047745
1.855079e-09,-0.00490617
1.955079e-09,-0.0050359
2.055079e-09,-0.00516368
2.155079e-09,-0.00529016
2.255079e-09,-0.00541339
2.355079e-09,-0.00553339
2.455079e-09,-0.00564819
2.555079e-09,-0.00575457
2.655079e-09,-0.00585121
2.755079e-09,-0.00593683
2.855079e-09,-0.00601142
2.955079e-09,-0.00607499
3.055079e-09,-0.00612752
3.155079e-09,-0.00617033
3.255079e-09,-0.00620471
3.355079e-09,-0.0062326
3.455079e-09,-0.0062566
3.555079e-09,-0.0062793
3.655079e-09,-0.00630136
3.755079e-09,-0.00632406
3.855079e-09,-0.00634741
3.955079e-09,-0.00637141
4.055079e-09,-0.00639411
4.155079e-09,-0.00641551
4.255079e-09,-0.00643303
4.355079e-09,-0.00644535
4.455079e-09,-0.00645054
4.555079e-09,-0.00644794
4.655079e-09,-0.00643627
4.755079e-09,-0.00641681
4.855079e-09,-0.00638957
4.955079e-09,-0.00635454
5.055079e-09,-0.00631173
5.155079e-09,-0.00626179
5.255079e-09,-0.00620601
5.355079e-09,-0.00614504
5.455079e-09,-0.00607953
5.555079e-09,-0.00600948
5.655079e-09,-0.00593553
5.755079e-09,-0.00585835
5.855079e-09,-0.00577792
5.955079e-09,-0.00569684
6.055079e-09,-0.00561576
6.155079e-09,-0.00553533
6.255079e-09,-0.0054575
6.355079e-09,-0.00538161
6.455079e-09,-0.00530832
6.555079e-09,-0.00523762
6.655079e-09,-0.00516757
6.755079e-09,-0.00509881
6.855079e-09,-0.00503006
6.955079e-09,-0.00495936
7.055079e-09,-0.00488671
7.155079e-09,-0.00481212
7.255079e-09,-0.00473494
7.355079e-09,-0.00465581
7.455079e-09,-0.00457603
7.555079e-09,-0.0044943
7.655079e-09,-0.00441322
7.755079e-09,-0.00433214
7.855079e-09,-0.00425301
7.955079e-09,-0.00417648
8.055079e-09,-0.00410124
8.155079e-09,-0.00402664
8.255079e-09,-0.00395335
8.355079e-09,-0.00388006
8.455079e-09,-0.00380611
8.555079e-09,-0.00373152
8.655079e-09,-0.00365563
8.755079e-09,-0.00357974
8.855079e-09,-0.00350191
8.955079e-09,-0.00342343
9.055079e-09,-0.0033443
9.155079e-09,-0.00326581
9.255079e-09,-0.00318863
9.355079e-09,-0.00311339
9.455079e-09,-0.00304009
9.555079e-09,-0.00297004
9.655079e-09,-0.00290323
9.755079e-09,-0.00284032
9.855079e-09,-0.00278129
9.955079e-09,-0.00272486
1.005508e-08,-0.00267233
1.015508e-08,-0.00262173
1.025508e-08,-0.00257374
1.035508e-08,-0.00252768
1.045508e-08,-0.00248228
1.055508e-08,-0.00243882
1.065508e-08,-0.00239601
1.075508e-08,-0.00235385
1.085508e-08,-0.00231234
1.095508e-08,-0.00227148
1.105508e-08,-0.00223321
1.115508e-08,-0.00219624
1.125508e-08,-0.00216186
1.135508e-08,-0.00212943
1.145508e-08,-0.00209959
1.155508e-08,-0.00207105
1.165508e-08,-0.00204511
1.175508e-08,-0.00201981
1.185508e-08,-0.00199517
1.195508e-08,-0.00197117
1.205508e-08,-0.00194782
1.215508e-08,-0.00192447
1.225508e-08,-0.00190176
1.235508e-08,-0.00187971
1.245508e-08,-0.00186025
1.255508e-08,-0.00184404
1.265508e-08,-0.00183171
1.275508e-08,-0.00182523
1.285508e-08,-0.00182458
1.295508e-08,-0.00183107
1.305508e-08,-0.00184469
1.315508e-08,-0.0018635
1.325508e-08,-0.0018862
1.335508e-08,-0.0019102
1.345508e-08,-0.0019342
1.355508e-08,-0.00195495
1.365508e-08,-0.00197117
1.375508e-08,-0.0019809
1.385508e-08,-0.00198414
1.395508e-08,-0.00198025
1.405508e-08,-0.00196987
1.415508e-08,-0.00195365
1.425508e-08,-0.0019342
1.435508e-08,-0.00191214
1.445508e-08,-0.00188879
1.455508e-08,-0.00186479
1.465508e-08,-0.00184144
1.475508e-08,-0.00181874
1.485508e-08,-0.00179604
1.495508e-08,-0.00177204
1.505508e-08,-0.00174674
1.515508e-08,-0.00171885
1.525508e-08,-0.00168967
1.535508e-08,-0.00165853
1.545508e-08,-0.00162675
1.555508e-08,-0.00159432
1.565508e-08,-0.00156318
1.575508e-08,-0.001534
1.585508e-08,-0.0015074
1.595508e-08,-0.0014847
1.605508e-08,-0.00146524
1.615508e-08,-0.00145033
1.625508e-08,-0.00143865
1.635508e-08,-0.00142892
1.645508e-08,-0.00142049
1.655508e-08,-0.00141141
1.665508e-08,-0.00140038
1.675508e-08,-0.00138806
1.685508e-08,-0.00137249
1.695508e-08,-0.00135303
1.705508e-08,-0.00133163
1.715508e-08,-0.00130763
1.725508e-08,-0.00128104
1.735508e-08,-0.00125185
1.745508e-08,-0.00122136
1.755508e-08,-0.00118828
1.765508e-08,-0.00115391
1.775508e-08,-0.00111758
1.785508e-08,-0.00108061
1.795508e-08,-0.00104364
1.805508e-08,-0.00100667
1.815508e-08,-0.000972292
1.825508e-08,-0.000939861
1.835508e-08,-0.000911322
1.845508e-08,-0.000887323
1.855508e-08,-0.000867864
1.865508e-08,-0.000854243
1.875508e-08,-0.000845162
1.885508e-08,-0.000839973
1.895508e-08,-0.000837379
1.905508e-08,-0.000836082
1.915508e-08,-0.000836082
1.925508e-08,-0.000834136
1.935508e-08,-0.000830244
1.945508e-08,-0.000824407
1.955508e-08,-0.000815326
1.965508e-08,-0.000803002
1.975508e-08,-0.000786787
1.985508e-08,-0.000767328
1.995508e-08,-0.000745924
2.005508e-08,-0.000722573
2.015508e-08,-0.000697277
2.025508e-08,-0.000671332
2.035508e-08,-0.000645387
2.045508e-08,-0.000622037
2.055508e-08,-0.000600633
2.065508e-08,-0.000583769
2.075508e-08,-0.000572093
2.085508e-08,-0.000565607
2.095508e-08,-0.000564959
2.105508e-08,-0.000569499
2.115508e-08,-0.000579877
2.125508e-08,-0.000593498
2.135508e-08,-0.000609065
2.145508e-08,-0.00062528
2.155508e-08,-0.00063955
2.165508e-08,-0.000651874
2.175508e-08,-0.000660306
2.185508e-08,-0.000665495
2.195508e-08,-0.000668738
2.205508e-08,-0.000668738
2.215508e-08,-0.000667441
2.225508e-08,-0.000666143
2.235508e-08,-0.000665495
2.245508e-08,-0.000666143
2.255508e-08,-0.000667441
2.265508e-08,-0.000668738
2.275508e-08,-0.000670035
2.285508e-08,-0.000669386
2.295508e-08,-0.000666143
2.305508e-08,-0.000660306
2.315508e-08,-0.000652522
2.325508e-08,-0.000640847
2.335508e-08,-0.000627875
2.345508e-08,-0.000612956
2.355508e-08,-0.000599335
2.365508e-08,-0.000586363
2.375508e-08,-0.000575336
2.385508e-08,-0.000566904
2.395508e-08,-0.00055977
2.405508e-08,-0.000554581
2.415508e-08,-0.00055004
2.425508e-08,-0.000546797
2.435508e-08,-0.000543554
2.445508e-08,-0.000539662
2.455508e-08,-0.000535771
2.465508e-08,-0.000532528
2.475508e-08,-0.000529284
2.485508e-08,-0.000527339
2.495508e-08,-0.000526041
2.505508e-08,-0.00052669
2.515508e-08,-0.000529933
2.525508e-08,-0.000535122
2.535508e-08,-0.000541608
2.545508e-08,-0.000548743
2.555508e-08,-0.000557175
2.565508e-08,-0.000565607
2.575508e-08,-0.000573391
2.585508e-08,-0.000580525
2.595508e-08,-0.000587012
2.605508e-08,-0.000592849
2.615508e-08,-0.000598038
2.625508e-08,-0.000603227
2.635508e-08,-0.000607767
2.645508e-08,-0.000612308
2.655508e-08,-0.0006162
2.665508e-08,-0.000618794
2.675508e-08,-0.00062074
2.685508e-08,-0.00062074
2.695508e-08,-0.000618794
2.705508e-08,-0.000615551
2.715508e-08,-0.000610362
2.725508e-08,-0.000604524
2.735508e-08,-0.000598687
2.745508e-08,-0.000593498
2.755508e-08,-0.000590903
2.765508e-08,-0.000590255
2.775508e-08,-0.000589606
2.785508e-08,-0.000589606
2.795508e-08,-0.000589606
2.805508e-08,-0.000588309
2.815508e-08,-0.000584417
2.825508e-08,-0.000577931
2.835508e-08,-0.000568202
2.845508e-08,-0.000555229
2.855508e-08,-0.000539014
2.865508e-08,-0.000520204
2.875508e-08,-0.000501394
2.885508e-08,-0.000481935
2.895508e-08,-0.000463774
2.905508e-08,-0.000446261
2.915508e-08,-0.000430046
2.925508e-08,-0.000416425
2.935508e-08,-0.000403452
2.945508e-08,-0.000391128
2.955508e-08,-0.000378156
2.965508e-08,-0.000363886
2.975508e-08,-0.000347022
2.985508e-08,-0.000328861
2.995508e-08,-0.000310051
3.005508e-08,-0.000291241
3.015508e-08,-0.000273728
3.025508e-08,-0.00025881
3.035508e-08,-0.000248432
3.045508e-08,-0.000242594
3.055508e-08,-0.000242594
3.065508e-08,-0.000247783
3.075508e-08,-0.000257513
3.085508e-08,-0.000271134
3.095508e-08,-0.0002867
3.105508e-08,-0.000302267
3.115508e-08,-0.000317834
3.125508e-08,-0.000331455
3.135508e-08,-0.000342482
3.145508e-08,-0.000350265
3.155508e-08,-0.000356103
3.165508e-08,-0.000358697
3.175508e-08,-0.000358697
3.185508e-08,-0.000356751
3.195508e-08,-0.000352211
3.205508e-08,-0.000345725
3.215508e-08,-0.000337941
3.225508e-08,-0.000328212
3.235508e-08,-0.000317834
3.245508e-08,-0.000306159
3.255508e-08,-0.000294484
3.265508e-08,-0.000283457
3.275508e-08,-0.000272431
3.285508e-08,-0.00026335
3.295508e-08,-0.000255567
3.305508e-08,-0.000251026
3.315508e-08,-0.000249729
3.325508e-08,-0.000251675
3.335508e-08,-0.000258161
3.345508e-08,-0.000267891
3.355508e-08,-0.000280214
3.365508e-08,-0.000294484
3.375508e-08,-0.000308754
3.385508e-08,-0.000322375
3.395508e-08,-0.000335996
3.405508e-08,-0.000347671
3.415508e-08,-0.000358049
3.425508e-08,-0.000366481
3.435508e-08,-0.000374264
3.445508e-08,-0.00038075
3.455508e-08,-0.000386588
3.465508e-08,-0.000391777
3.475508e-08,-0.000397615
3.485508e-08,-0.000404749
3.495508e-08,-0.000411884
3.505508e-08,-0.000420316
3.515508e-08,-0.000430694
3.525508e-08,-0.000441721
3.535508e-08,-0.000454044
3.545508e-08,-0.00046572
3.555508e-08,-0.000478692
3.565508e-08,-0.000492313
3.575508e-08,-0.000504637
3.585508e-08,-0.000516961
3.595508e-08,-0.000527987
3.605508e-08,-0.000536419
3.615508e-08,-0.000542257
3.625508e-08,-0.000544203
3.635508e-08,-0.000542905
3.645508e-08,-0.000537068
3.655508e-08,-0.000527339
3.665508e-08,-0.000513069
3.675508e-08,-0.000494908
3.685508e-08,-0.0004748
3.695508e-08,-0.000452747
3.705508e-08,-0.000430694
3.715508e-08,-0.000409938
3.725508e-08,-0.000393074
3.735508e-08,-0.000380102
3.745508e-08,-0.000372318
3.755508e-08,-0.000369724
3.765508e-08,-0.00037167
3.775508e-08,-0.000377507
3.785508e-08,-0.000386588
3.795508e-08,-0.000397615
3.805508e-08,-0.00040929
3.815508e-08,-0.000420316
3.825508e-08,-0.000428748
3.835508e-08,-0.000434586
3.845508e-08,-0.000436532
3.855508e-08,-0.000434586
3.865508e-08,-0.000427451
3.875508e-08,-0.000416425
3.885508e-08,-0.000401506
3.895508e-08,-0.000382048
3.905508e-08,-0.000359995
3.915508e-08,-0.000335347
3.925508e-08,-0.000310051
3.935508e-08,-0.000284106
3.945508e-08,-0.000260107
3.955508e-08,-0.000238054
3.965508e-08,-0.000218595
3.975508e-08,-0.00020238
3.985508e-08,-0.000189407
3.995508e-08,-0.000179678
4.005508e-08,-0.000171895
4.015508e-08,-0.000165409
4.025508e-08,-0.000159571
4.035508e-08,-0.000153733
4.045508e-08,-0.000146599
4.055508e-08,-0.000137518
4.065508e-08,-0.00012714
4.075508e-08,-0.000116113
4.085508e-08,-0.000105087
4.095508e-08,-9.47089e-05
4.105508e-08,-8.62769e-05
4.115508e-08,-8.10879e-05
4.125508e-08,-7.84934e-05
4.135508e-08,-7.78448e-05
4.145508e-08,-7.97907e-05
4.155508e-08,-8.30338e-05
4.165508e-08,-8.62769e-05
4.175508e-08,-8.82227e-05
4.185508e-08,-8.82227e-05
4.195508e-08,-8.62769e-05
4.205508e-08,-8.23851e-05
4.215508e-08,-7.71962e-05
4.225508e-08,-7.20072e-05
4.235508e-08,-6.81155e-05
4.245508e-08,-6.61696e-05
4.255508e-08,-6.74669e-05
4.265508e-08,-7.26558e-05
4.275508e-08,-8.30338e-05
4.285508e-08,-9.7952e-05
4.295508e-08,-0.000115465
4.305508e-08,-0.000135572
4.315508e-08,-0.000157625
4.325508e-08,-0.000179678
4.335508e-08,-0.000201731
4.345508e-08,-0.000223136
4.355508e-08,-0.000243243
4.365508e-08,-0.000260756
4.375508e-08,-0.000276971
4.385508e-08,-0.000290592
4.395508e-08,-0.000301619
4.405508e-08,-0.000309402
4.415508e-08,-0.000314591
4.425508e-08,-0.000317834
4.435508e-08,-0.000318483
4.445508e-08,-0.000318483
4.455508e-08,-0.000317186
4.465508e-08,-0.000316537
4.475508e-08,-0.00031524
4.485508e-08,-0.000315888
4.495508e-08,-0.000316537
4.505508e-08,-0.000319131
4.515508e-08,-0.000321726
4.525508e-08,-0.000324969
4.535508e-08,-0.000326915
4.545508e-08,-0.000326266
4.555508e-08,-0.000322375
4.565508e-08,-0.000314591
4.575508e-08,-0.000303565
4.585508e-08,-0.000287998
4.595508e-08,-0.000269836
4.605508e-08,-0.000251026
4.615508e-08,-0.000232865
4.625508e-08,-0.000215352
4.635508e-08,-0.000201083
4.645508e-08,-0.000190705
4.655508e-08,-0.00018357
4.665508e-08,-0.000180975
4.675508e-08,-0.000182921
4.685508e-08,-0.00018811
4.695508e-08,-0.000195894
4.705508e-08,-0.000204326
4.715508e-08,-0.000213406
4.725508e-08,-0.000222487
4.735508e-08,-0.000230271
4.745508e-08,-0.000236108
4.755508e-08,-0.000240648
4.765508e-08,-0.000243243
4.775508e-08,-0.000243243
4.785508e-08,-0.000241946
4.795508e-08,-0.00024
4.805508e-08,-0.000236757
4.815508e-08,-0.000233514
4.825508e-08,-0.000230271
4.835508e-08,-0.000227676
4.845508e-08,-0.000226379
4.855508e-08,-0.000227027
4.865508e-08,-0.000228325
4.875508e-08,-0.000230271
4.885508e-08,-0.000231568
4.895508e-08,-0.000231568
4.905508e-08,-0.000230271
4.915508e-08,-0.000226379
4.925508e-08,-0.000220541
4.935508e-08,-0.000212109
4.945508e-08,-0.000201083
4.955508e-08,-0.000189407
4.965508e-08,-0.000177732
4.975508e-08,-0.000166057
4.985508e-08,-0.000156328
4.995508e-08,-0.000148544
5.005508e-08,-0.000143355
5.015508e-08,-0.00014141
5.025508e-08,-0.000142707
5.035508e-08,-0.00014595
5.045508e-08,-0.00015049
5.055508e-08,-0.000155031
5.065508e-08,-0.00016022
5.075508e-08,-0.00016476
5.085508e-08,-0.000168652
5.095508e-08,-0.000171895
5.105508e-08,-0.000174489
5.115508e-08,-0.000177084
5.125508e-08,-0.000180327
5.135508e-08,-0.000184219
5.145508e-08,-0.000189407
5.155508e-08,-0.000195894
5.165508e-08,-0.000203028
5.175508e-08,-0.000210163
5.185508e-08,-0.000216001
5.195508e-08,-0.000219244
5.205508e-08,-0.000220541
5.215508e-08,-0.000218595
5.225508e-08,-0.000212109
5.235508e-08,-0.00020238
5.245508e-08,-0.000189407
5.255508e-08,-0.000174489
5.265508e-08,-0.000159571
5.275508e-08,-0.000146599
5.285508e-08,-0.000135572
5.295508e-08,-0.00012714
5.305508e-08,-0.0001226
5.315508e-08,-0.000120005
5.325508e-08,-0.000120654
5.335508e-08,-0.000121951
5.345508e-08,-0.000123248
5.355508e-08,-0.000123248
5.365508e-08,-0.000121302
5.375508e-08,-0.000117411
5.385508e-08,-0.000110924
5.395508e-08,-0.000102492
5.405508e-08,-9.40603e-05
5.415508e-08,-8.62769e-05
5.425508e-08,-8.04393e-05
5.435508e-08,-7.65476e-05
5.445508e-08,-7.65476e-05
5.455508e-08,-8.04393e-05
5.465508e-08,-8.82227e-05
5.475508e-08,-9.92493e-05
5.485508e-08,-0.000113519
5.495508e-08,-0.000129734
5.505508e-08,-0.000146599
5.515508e-08,-0.000164111
5.525508e-08,-0.000179678
5.535508e-08,-0.000192651
5.545508e-08,-0.00020238
5.555508e-08,-0.000208866
5.565508e-08,-0.000212109
5.575508e-08,-0.000210812
5.585508e-08,-0.000205623
5.595508e-08,-0.000197191
5.605508e-08,-0.000187462
5.615508e-08,-0.000175786
5.625508e-08,-0.000164111
5.635508e-08,-0.000153733
5.645508e-08,-0.000146599
5.655508e-08,-0.000143355
5.665508e-08,-0.000144653
5.675508e-08,-0.000151139
5.685508e-08,-0.000162165
5.695508e-08,-0.000176435
5.705508e-08,-0.000192651
5.715508e-08,-0.000208866
5.725508e-08,-0.000223136
5.735508e-08,-0.000234162
5.745508e-08,-0.00024
5.755508e-08,-0.000240648
5.765508e-08,-0.000236757
5.775508e-08,-0.000228973
5.785508e-08,-0.000217298
5.795508e-08,-0.000204974
5.805508e-08,-0.000191353
5.815508e-08,-0.00017903
5.825508e-08,-0.000168003
5.835508e-08,-0.000158274
5.845508e-08,-0.00015049
5.855508e-08,-0.000143355
5.865508e-08,-0.000136869
5.875508e-08,-0.000129086
5.885508e-08,-0.000120654
5.895508e-08,-0.000110924
5.905508e-08,-9.98979e-05
5.915508e-08,-8.82227e-05
5.925508e-08,-7.78448e-05
5.935508e-08,-6.87641e-05
5.945508e-08,-6.16293e-05
5.955508e-08,-5.90348e-05
5.965508e-08,-5.90348e-05
5.975508e-08,-6.29265e-05
5.985508e-08,-6.87641e-05
5.995508e-08,-7.58989e-05
6.005508e-08,-8.4331e-05
6.015508e-08,-9.21144e-05
6.025508e-08,-9.86006e-05
6.035508e-08,-0.000101844
6.045508e-08,-0.000103141
6.055508e-08,-0.000101844
6.065508e-08,-9.86006e-05
6.075508e-08,-9.47089e-05
6.085508e-08,-9.08172e-05
6.095508e-08,-8.56282e-05
6.105508e-08,-7.97907e-05
6.115508e-08,-7.46017e-05
6.125508e-08,-6.81155e-05
6.135508e-08,-6.09807e-05
6.145508e-08,-5.25486e-05
6.155508e-08,-4.28193e-05
6.165508e-08,-3.11441e-05
6.175508e-08,-1.81717e-05
6.185508e-08,-3.9021e-06
6.195508e-08,1.03675e-05
6.205508e-08,2.46372e-05
6.215508e-08,3.6961e-05
6.225508e-08,4.79875e-05
6.235508e-08,5.64196e-05
6.245508e-08,6.22572e-05
6.255508e-08,6.55003e-05
6.265508e-08,6.67975e-05
6.275508e-08,6.55003e-05
6.285508e-08,6.35544e-05
6.295508e-08,6.03113e-05
6.305508e-08,5.64196e-05
6.315508e-08,5.0582e-05
6.325508e-08,4.27986e-05
6.335508e-08,3.50151e-05
6.345508e-08,2.52858e-05
6.355508e-08,1.36106e-05
6.365508e-08,-1.03779e-08
6.375508e-08,-1.55773e-05
6.385508e-08,-3.24414e-05
6.395508e-08,-5.06027e-05
6.405508e-08,-6.94127e-05
6.415508e-08,-8.82227e-05
6.425508e-08,-0.000105087
6.435508e-08,-0.000120005
6.445508e-08,-0.00013168
6.455508e-08,-0.000139464
6.465508e-08,-0.000143355
6.475508e-08,-0.000142707
6.485508e-08,-0.000137518
6.495508e-08,-0.000128437
6.505508e-08,-0.000116762
6.515508e-08,-0.000104438
6.525508e-08,-9.21144e-05
6.535508e-08,-8.04393e-05
6.545508e-08,-7.20072e-05
6.555508e-08,-6.74669e-05
6.565508e-08,-6.74669e-05
6.575508e-08,-7.33045e-05
6.585508e-08,-8.36824e-05
6.595508e-08,-9.92493e-05
6.605508e-08,-0.000118059
6.615508e-08,-0.000139464
6.625508e-08,-0.000162165
6.635508e-08,-0.000185516
6.645508e-08,-0.000208217
6.655508e-08,-0.000228973
6.665508e-08,-0.000247783
6.675508e-08,-0.000263999
6.685508e-08,-0.00027762
6.695508e-08,-0.000289944
6.705508e-08,-0.00030097
6.715508e-08,-0.000310699
6.725508e-08,-0.000318483
6.735508e-08,-0.000324969
6.745508e-08,-0.000329509
6.755508e-08,-0.000332104
6.765508e-08,-0.000332104
6.775508e-08,-0.000327564
6.785508e-08,-0.000319131
6.795508e-08,-0.000307456
6.805508e-08,-0.000291889
6.815508e-08,-0.000273728
6.825508e-08,-0.000253621
6.835508e-08,-0.000232865
6.845508e-08,-0.000213406
6.855508e-08,-0.000194596
6.865508e-08,-0.000179678
6.875508e-08,-0.000168003
6.885508e-08,-0.00016022
6.895508e-08,-0.000156328
6.905508e-08,-0.000155679
6.915508e-08,-0.000156328
6.925508e-08,-0.000157625
6.935508e-08,-0.000158922
6.945508e-08,-0.000158274
6.955508e-08,-0.000156976
6.965508e-08,-0.000152436
6.975508e-08,-0.000146599
6.985508e-08,-0.000140112
6.995508e-08,-0.000133626
7.005508e-08,-0.00012714
7.015508e-08,-0.000120654
7.025508e-08,-0.000114816
7.035508e-08,-0.000110276
7.045508e-08,-0.000107033
7.055508e-08,-0.000105087
7.065508e-08,-0.000104438
7.075508e-08,-0.000105087
7.085508e-08,-0.000106384
7.095508e-08,-0.00010833
7.105508e-08,-0.000110924
7.115508e-08,-0.000114816
7.125508e-08,-0.000118059
7.135508e-08,-0.0001226
7.145508e-08,-0.00012714
7.155508e-08,-0.00013168
7.165508e-08,-0.000136221
7.175508e-08,-0.000140761
7.185508e-08,-0.000144653
7.195508e-08,-0.000148544
7.205508e-08,-0.000152436
7.215508e-08,-0.000155031
7.225508e-08,-0.000157625
7.235508e-08,-0.000159571
7.245508e-08,-0.000161517
7.255508e-08,-0.000162165
7.265508e-08,-0.000161517
7.275508e-08,-0.00016022
7.285508e-08,-0.000158274
7.295508e-08,-0.000154382
7.305508e-08,-0.000149193
7.315508e-08,-0.000144004
7.325508e-08,-0.000138166
7.335508e-08,-0.00013168
7.345508e-08,-0.00012714
7.355508e-08,-0.000124545
7.365508e-08,-0.000125194
7.375508e-08,-0.000129086
7.385508e-08,-0.000137518
7.395508e-08,-0.000149842
7.405508e-08,-0.00016476
7.415508e-08,-0.000182273
7.425508e-08,-0.000199785
7.435508e-08,-0.00021665
7.445508e-08,-0.000231568
7.455508e-08,-0.000241946
7.465508e-08,-0.000247783
7.475508e-08,-0.000248432
7.485508e-08,-0.000243892
7.495508e-08,-0.000233514
7.505508e-08,-0.000219893
7.515508e-08,-0.000203028
7.525508e-08,-0.000185516
7.535508e-08,-0.000167354
7.545508e-08,-0.000149842
7.555508e-08,-0.000134275
7.565508e-08,-0.000121302
7.575508e-08,-0.000110276
7.585508e-08,-0.000101195
7.595508e-08,-9.47089e-05
7.605508e-08,-8.88713e-05
7.615508e-08,-8.4331e-05
7.625508e-08,-7.97907e-05
7.635508e-08,-7.65476e-05
7.645508e-08,-7.52503e-05
7.655508e-08,-7.46017e-05
7.665508e-08,-7.58989e-05
7.675508e-08,-8.04393e-05
7.685508e-08,-8.75741e-05
7.695508e-08,-9.60062e-05
7.705508e-08,-0.000105735
7.715508e-08,-0.000115465
7.725508e-08,-0.000123897
