LECROYWaveRunner‘N,20113,Waveform
Segments,1,SegmentSize,2002
Segment,TrigTime,TimeSinceSegment1
#1,28-Sep-2018 13:19:55,0                 
Time,Ampl
-1.228102e-07,-9.34117e-05
-1.227102e-07,-9.98979e-05
-1.226102e-07,-0.000105087
-1.225102e-07,-0.00010833
-1.224102e-07,-0.000110276
-1.223102e-07,-0.000113519
-1.222102e-07,-0.000116762
-1.221102e-07,-0.000120005
-1.220102e-07,-0.000123897
-1.219102e-07,-0.00012714
-1.218102e-07,-0.000127789
-1.217102e-07,-0.000125843
-1.216102e-07,-0.000118708
-1.215102e-07,-0.000106384
-1.214102e-07,-8.82227e-05
-1.213102e-07,-6.48724e-05
-1.212102e-07,-3.69817e-05
-1.211102e-07,-7.79382e-06
-1.210102e-07,2.20427e-05
-1.209102e-07,4.99334e-05
-1.208102e-07,7.52296e-05
-1.207102e-07,9.53368e-05
-1.206102e-07,0.000110255
-1.205102e-07,0.000121282
-1.204102e-07,0.000128416
-1.203102e-07,0.000132957
-1.202102e-07,0.0001362
-1.201102e-07,0.000138794
-1.200102e-07,0.000142686
-1.199102e-07,0.000147875
-1.198102e-07,0.000153713
-1.197102e-07,0.000160847
-1.196102e-07,0.000167334
-1.195102e-07,0.000173171
-1.194102e-07,0.000177712
-1.193102e-07,0.000179009
-1.192102e-07,0.000177063
-1.191102e-07,0.000171874
-1.190102e-07,0.000162145
-1.189102e-07,0.000149172
-1.188102e-07,0.000133605
-1.187102e-07,0.000115444
-1.186102e-07,9.46882e-05
-1.185102e-07,7.32837e-05
-1.184102e-07,5.25279e-05
-1.183102e-07,3.30692e-05
-1.182102e-07,1.49079e-05
-1.181102e-07,-1.03779e-08
-1.180102e-07,-1.10369e-05
-1.179102e-07,-1.9469e-05
-1.178102e-07,-2.40093e-05
-1.177102e-07,-2.53066e-05
-1.176102e-07,-2.46579e-05
-1.175102e-07,-2.20635e-05
-1.174102e-07,-1.81717e-05
-1.173102e-07,-1.428e-05
-1.172102e-07,-1.10369e-05
-1.171102e-07,-8.44244e-06
-1.170102e-07,-7.1452e-06
-1.169102e-07,-5.84796e-06
-1.168102e-07,-5.19934e-06
-1.167102e-07,-3.9021e-06
-1.166102e-07,-1.95624e-06
-1.165102e-07,1.93548e-06
-1.164102e-07,9.0703e-06
-1.163102e-07,1.94482e-05
-1.162102e-07,3.24206e-05
-1.161102e-07,4.79875e-05
-1.160102e-07,6.48516e-05
-1.159102e-07,8.23644e-05
-1.158102e-07,9.92285e-05
-1.157102e-07,0.000114147
-1.156102e-07,0.000125822
-1.155102e-07,0.000133605
-1.154102e-07,0.0001362
-1.153102e-07,0.000134254
-1.152102e-07,0.000127768
-1.151102e-07,0.000118687
-1.150102e-07,0.000107661
-1.149102e-07,9.72826e-05
-1.148102e-07,8.69047e-05
-1.147102e-07,7.84727e-05
-1.146102e-07,7.26351e-05
-1.145102e-07,6.9392e-05
-1.144102e-07,6.87434e-05
-1.143102e-07,6.9392e-05
-1.142102e-07,7.13378e-05
-1.141102e-07,7.32837e-05
-1.140102e-07,7.39323e-05
-1.139102e-07,7.26351e-05
-1.138102e-07,6.87434e-05
-1.137102e-07,6.09599e-05
-1.136102e-07,5.0582e-05
-1.135102e-07,3.6961e-05
-1.134102e-07,2.07455e-05
-1.133102e-07,3.88134e-06
-1.132102e-07,-1.36314e-05
-1.131102e-07,-3.11441e-05
-1.130102e-07,-4.86569e-05
-1.129102e-07,-6.48724e-05
-1.128102e-07,-7.97907e-05
-1.127102e-07,-9.34117e-05
-1.126102e-07,-0.00010379
-1.125102e-07,-0.000112222
-1.124102e-07,-0.000116762
-1.123102e-07,-0.000118059
-1.122102e-07,-0.000114816
-1.121102e-07,-0.000107681
-1.120102e-07,-9.60062e-05
-1.119102e-07,-8.04393e-05
-1.118102e-07,-6.16293e-05
-1.117102e-07,-4.02248e-05
-1.116102e-07,-1.81717e-05
-1.115102e-07,4.52996e-06
-1.114102e-07,2.59344e-05
-1.113102e-07,4.5393e-05
-1.112102e-07,6.16085e-05
-1.111102e-07,7.45809e-05
-1.110102e-07,8.43102e-05
-1.109102e-07,9.01478e-05
-1.108102e-07,9.33909e-05
-1.107102e-07,9.27423e-05
-1.106102e-07,8.94992e-05
-1.105102e-07,8.36616e-05
-1.104102e-07,7.52296e-05
-1.103102e-07,6.48516e-05
-1.102102e-07,5.25279e-05
-1.101102e-07,3.95555e-05
-1.100102e-07,2.6583e-05
-1.099102e-07,1.2962e-05
-1.098102e-07,-1.03779e-08
-1.097102e-07,-1.16855e-05
-1.096102e-07,-2.14148e-05
-1.095102e-07,-2.98469e-05
-1.094102e-07,-3.50359e-05
-1.093102e-07,-3.8279e-05
-1.092102e-07,-3.8279e-05
-1.091102e-07,-3.69817e-05
-1.090102e-07,-3.50359e-05
-1.089102e-07,-3.17928e-05
-1.088102e-07,-2.91983e-05
-1.087102e-07,-2.72524e-05
-1.086102e-07,-2.59552e-05
-1.085102e-07,-2.53066e-05
-1.084102e-07,-2.59552e-05
-1.083102e-07,-2.66038e-05
-1.082102e-07,-2.72524e-05
-1.081102e-07,-2.72524e-05
-1.080102e-07,-2.53066e-05
-1.079102e-07,-2.27121e-05
-1.078102e-07,-1.75231e-05
-1.077102e-07,-9.73968e-06
-1.076102e-07,6.38242e-07
-1.075102e-07,1.42593e-05
-1.074102e-07,2.91775e-05
-1.073102e-07,4.60417e-05
-1.072102e-07,6.48516e-05
-1.071102e-07,8.36616e-05
-1.070102e-07,0.00010312
-1.069102e-07,0.00012193
-1.068102e-07,0.000138794
-1.067102e-07,0.000153713
-1.066102e-07,0.000164091
-1.065102e-07,0.000169928
-1.064102e-07,0.000171225
-1.063102e-07,0.000167334
-1.062102e-07,0.00015955
-1.061102e-07,0.000148524
-1.060102e-07,0.000135551
-1.059102e-07,0.000121282
-1.058102e-07,0.000107661
-1.057102e-07,9.6634e-05
-1.056102e-07,8.88506e-05
-1.055102e-07,8.49589e-05
-1.054102e-07,8.49589e-05
-1.053102e-07,8.94992e-05
-1.052102e-07,9.6634e-05
-1.051102e-07,0.000105066
-1.050102e-07,0.000114795
-1.049102e-07,0.000123227
-1.048102e-07,0.000131011
-1.047102e-07,0.0001362
-1.046102e-07,0.000138794
-1.045102e-07,0.000140092
-1.044102e-07,0.000140092
-1.043102e-07,0.000138794
-1.042102e-07,0.000137497
-1.041102e-07,0.000137497
-1.040102e-07,0.000138794
-1.039102e-07,0.000142037
-1.038102e-07,0.000147226
-1.037102e-07,0.000153713
-1.036102e-07,0.00015955
-1.035102e-07,0.000164739
-1.034102e-07,0.000168631
-1.033102e-07,0.000170577
-1.032102e-07,0.000169928
-1.031102e-07,0.000166685
-1.030102e-07,0.000160847
-1.029102e-07,0.000154361
-1.028102e-07,0.000147875
-1.027102e-07,0.000142037
-1.026102e-07,0.000137497
-1.025102e-07,0.000134254
-1.024102e-07,0.000132957
-1.023102e-07,0.000132308
-1.022102e-07,0.000132308
-1.021102e-07,0.00013166
-1.020102e-07,0.000129714
-1.019102e-07,0.000125173
-1.018102e-07,0.000118038
-1.017102e-07,0.000108309
-1.016102e-07,9.53368e-05
-1.015102e-07,7.97699e-05
-1.014102e-07,6.29058e-05
-1.013102e-07,4.60417e-05
-1.012102e-07,2.85289e-05
-1.011102e-07,1.23134e-05
-1.010102e-07,-3.25348e-06
-1.009102e-07,-1.55773e-05
-1.008102e-07,-2.53066e-05
-1.007102e-07,-3.17928e-05
-1.006102e-07,-3.50359e-05
-1.005102e-07,-3.43872e-05
-1.004102e-07,-3.04955e-05
-1.003102e-07,-2.33607e-05
-1.002102e-07,-1.36314e-05
-1.001102e-07,-1.95624e-06
-1.000102e-07,9.71892e-06
-9.991023e-08,2.07455e-05
-9.981023e-08,2.91775e-05
-9.971023e-08,3.56637e-05
-9.961023e-08,3.76096e-05
-9.951023e-08,3.63124e-05
-9.941023e-08,3.11234e-05
-9.931023e-08,2.26913e-05
-9.921023e-08,1.23134e-05
-9.911023e-08,6.38242e-07
-9.901023e-08,-9.09106e-06
-9.891023e-08,-1.68745e-05
-9.881023e-08,-2.07662e-05
-9.871023e-08,-2.20635e-05
-9.861023e-08,-1.9469e-05
-9.851023e-08,-1.428e-05
-9.841023e-08,-6.49658e-06
-9.831023e-08,3.23272e-06
-9.821023e-08,1.36106e-05
-9.811023e-08,2.26913e-05
-9.801023e-08,2.91775e-05
-9.791023e-08,3.24206e-05
-9.781023e-08,3.30692e-05
-9.771023e-08,3.11234e-05
-9.761023e-08,2.6583e-05
-9.751023e-08,2.00968e-05
-9.741023e-08,1.16648e-05
-9.731023e-08,2.5841e-06
-9.721023e-08,-6.49658e-06
-9.711023e-08,-1.68745e-05
-9.701023e-08,-2.59552e-05
-9.691023e-08,-3.43872e-05
-9.681023e-08,-4.21707e-05
-9.671023e-08,-4.6711e-05
-9.661023e-08,-4.86569e-05
-9.651023e-08,-4.80083e-05
-9.641023e-08,-4.34679e-05
-9.631023e-08,-3.76303e-05
-9.621023e-08,-2.98469e-05
-9.611023e-08,-2.14148e-05
-9.601023e-08,-1.29828e-05
-9.591023e-08,-7.1452e-06
-9.581023e-08,-3.9021e-06
-9.571023e-08,-5.19934e-06
-9.561023e-08,-1.10369e-05
-9.551023e-08,-2.07662e-05
-9.541023e-08,-3.37386e-05
-9.531023e-08,-4.86569e-05
-9.521023e-08,-6.48724e-05
-9.511023e-08,-8.04393e-05
-9.501023e-08,-9.34117e-05
-9.491023e-08,-0.00010379
-9.481023e-08,-0.000109627
-9.471023e-08,-0.000111573
-9.461023e-08,-0.000108979
-9.451023e-08,-0.000103141
-9.441023e-08,-9.47089e-05
-9.431023e-08,-8.49796e-05
-9.421023e-08,-7.46017e-05
-9.411023e-08,-6.42238e-05
-9.401023e-08,-5.51431e-05
-9.391023e-08,-4.86569e-05
-9.381023e-08,-4.28193e-05
-9.371023e-08,-3.8279e-05
-9.361023e-08,-3.309e-05
-9.351023e-08,-2.85497e-05
-9.341023e-08,-2.20635e-05
-9.331023e-08,-1.428e-05
-9.321023e-08,-5.84796e-06
-9.311023e-08,3.88134e-06
-9.301023e-08,1.49079e-05
-9.291023e-08,2.52858e-05
-9.281023e-08,3.63124e-05
-9.271023e-08,4.60417e-05
-9.261023e-08,5.44737e-05
-9.251023e-08,6.16085e-05
-9.241023e-08,6.67975e-05
-9.231023e-08,7.06892e-05
-9.221023e-08,7.26351e-05
-9.211023e-08,7.39323e-05
-9.201023e-08,7.32837e-05
-9.191023e-08,7.13378e-05
-9.181023e-08,6.67975e-05
-9.171023e-08,6.16085e-05
-9.161023e-08,5.5771e-05
-9.151023e-08,4.86361e-05
-9.141023e-08,4.08527e-05
-9.131023e-08,3.30692e-05
-9.121023e-08,2.59344e-05
-9.111023e-08,1.94482e-05
-9.101023e-08,1.36106e-05
-9.091023e-08,9.71892e-06
-9.081023e-08,7.77306e-06
-9.071023e-08,5.8272e-06
-9.061023e-08,5.17858e-06
-9.051023e-08,2.5841e-06
-9.041023e-08,-6.58998e-07
-9.031023e-08,-6.49658e-06
-9.021023e-08,-1.36314e-05
-9.011023e-08,-2.20635e-05
-9.001023e-08,-3.24414e-05
-8.991023e-08,-4.21707e-05
-8.981023e-08,-4.99541e-05
-8.971023e-08,-5.57917e-05
-8.961023e-08,-5.83862e-05
-8.951023e-08,-5.64403e-05
-8.941023e-08,-4.99541e-05
-8.931023e-08,-3.8279e-05
-8.921023e-08,-2.27121e-05
-8.911023e-08,-5.19934e-06
-8.901023e-08,1.42593e-05
-8.891023e-08,3.30692e-05
-8.881023e-08,4.99334e-05
-8.871023e-08,6.48516e-05
-8.861023e-08,7.71754e-05
-8.851023e-08,8.49589e-05
-8.841023e-08,8.88506e-05
-8.831023e-08,8.94992e-05
-8.821023e-08,8.69047e-05
-8.811023e-08,8.23644e-05
-8.801023e-08,7.58782e-05
-8.791023e-08,6.67975e-05
-8.781023e-08,5.5771e-05
-8.771023e-08,4.40958e-05
-8.761023e-08,2.98261e-05
-8.751023e-08,1.49079e-05
-8.741023e-08,-1.95624e-06
-8.731023e-08,-2.01176e-05
-8.721023e-08,-3.95762e-05
-8.711023e-08,-5.96834e-05
-8.701023e-08,-7.97907e-05
-8.691023e-08,-9.73034e-05
-8.681023e-08,-0.000113519
-8.671023e-08,-0.000127789
-8.661023e-08,-0.000138815
-8.651023e-08,-0.00014595
-8.641023e-08,-0.000149193
-8.631023e-08,-0.000147896
-8.621023e-08,-0.000142707
-8.611023e-08,-0.000133626
-8.601023e-08,-0.0001226
-8.591023e-08,-0.000109627
-8.581023e-08,-9.60062e-05
-8.571023e-08,-8.17365e-05
-8.561023e-08,-6.87641e-05
-8.551023e-08,-5.83862e-05
-8.541023e-08,-5.12514e-05
-8.531023e-08,-4.80083e-05
-8.521023e-08,-4.86569e-05
-8.511023e-08,-5.31972e-05
-8.501023e-08,-6.03321e-05
-8.491023e-08,-7.00614e-05
-8.481023e-08,-8.10879e-05
-8.471023e-08,-9.34117e-05
-8.461023e-08,-0.000105735
-8.451023e-08,-0.000116113
-8.441023e-08,-0.000125194
-8.431023e-08,-0.00013168
-8.421023e-08,-0.000135572
-8.411023e-08,-0.000136869
-8.401023e-08,-0.000135572
-8.391023e-08,-0.000132329
-8.381023e-08,-0.000127789
-8.371023e-08,-0.000121951
-8.361023e-08,-0.000115465
-8.351023e-08,-0.000107681
-8.341023e-08,-9.86006e-05
-8.331023e-08,-8.88713e-05
-8.321023e-08,-7.71962e-05
-8.311023e-08,-6.48724e-05
-8.301023e-08,-5.06027e-05
-8.291023e-08,-3.56845e-05
-8.281023e-08,-1.9469e-05
-8.271023e-08,-2.60486e-06
-8.261023e-08,1.49079e-05
-8.251023e-08,3.11234e-05
-8.241023e-08,4.47444e-05
-8.231023e-08,5.5771e-05
-8.221023e-08,6.22572e-05
-8.211023e-08,6.35544e-05
-8.201023e-08,5.83654e-05
-8.191023e-08,4.79875e-05
-8.181023e-08,3.24206e-05
-8.171023e-08,1.23134e-05
-8.161023e-08,-1.10369e-05
-8.151023e-08,-3.69817e-05
-8.141023e-08,-6.35752e-05
-8.131023e-08,-9.01686e-05
-8.121023e-08,-0.000114168
-8.111023e-08,-0.000136221
-8.101023e-08,-0.000154382
-8.091023e-08,-0.000168652
-8.081023e-08,-0.000178381
-8.071023e-08,-0.000184219
-8.061023e-08,-0.000184867
-8.051023e-08,-0.000180975
-8.041023e-08,-0.000173192
-8.031023e-08,-0.00016022
-8.021023e-08,-0.000144004
-8.011023e-08,-0.000124545
-8.001023e-08,-0.000101844
-7.991023e-08,-7.78448e-05
-7.981023e-08,-5.31972e-05
-7.971023e-08,-2.91983e-05
-7.961023e-08,-7.1452e-06
-7.951023e-08,1.2962e-05
-7.941023e-08,2.85289e-05
-7.931023e-08,4.02041e-05
-7.921023e-08,4.73389e-05
-7.911023e-08,4.99334e-05
-7.901023e-08,4.86361e-05
-7.891023e-08,4.40958e-05
-7.881023e-08,3.76096e-05
-7.871023e-08,2.98261e-05
-7.861023e-08,2.13941e-05
-7.851023e-08,1.49079e-05
-7.841023e-08,9.0703e-06
-7.831023e-08,5.17858e-06
-7.821023e-08,3.23272e-06
-7.811023e-08,3.23272e-06
-7.801023e-08,4.52996e-06
-7.791023e-08,6.47582e-06
-7.781023e-08,9.71892e-06
-7.771023e-08,1.23134e-05
-7.761023e-08,1.49079e-05
-7.751023e-08,1.62051e-05
-7.741023e-08,1.55565e-05
-7.731023e-08,1.2962e-05
-7.721023e-08,7.77306e-06
-7.711023e-08,-1.03779e-08
-7.701023e-08,-1.10369e-05
-7.691023e-08,-2.33607e-05
-7.681023e-08,-3.69817e-05
-7.671023e-08,-4.99541e-05
-7.661023e-08,-6.22779e-05
-7.651023e-08,-7.13586e-05
-7.641023e-08,-7.71962e-05
-7.631023e-08,-7.97907e-05
-7.621023e-08,-7.78448e-05
-7.611023e-08,-7.20072e-05
-7.601023e-08,-6.22779e-05
-7.591023e-08,-4.93055e-05
-7.581023e-08,-3.56845e-05
-7.571023e-08,-2.20635e-05
-7.561023e-08,-9.73968e-06
-7.551023e-08,1.28686e-06
-7.541023e-08,9.0703e-06
-7.531023e-08,1.42593e-05
-7.521023e-08,1.62051e-05
-7.511023e-08,1.55565e-05
-7.501023e-08,1.36106e-05
-7.491023e-08,1.03675e-05
-7.481023e-08,6.47582e-06
-7.471023e-08,2.5841e-06
-7.461023e-08,-1.95624e-06
-7.451023e-08,-5.19934e-06
-7.441023e-08,-6.49658e-06
-7.431023e-08,-5.19934e-06
-7.421023e-08,-1.95624e-06
-7.411023e-08,4.52996e-06
-7.401023e-08,1.36106e-05
-7.391023e-08,2.59344e-05
-7.381023e-08,4.15013e-05
-7.371023e-08,6.03113e-05
-7.361023e-08,8.10671e-05
-7.351023e-08,0.000101174
-7.341023e-08,0.000120633
-7.331023e-08,0.0001362
-7.321023e-08,0.000146578
-7.311023e-08,0.000151118
-7.301023e-08,0.000147875
-7.291023e-08,0.000137497
-7.281023e-08,0.000119984
-7.271023e-08,9.6634e-05
-7.261023e-08,6.9392e-05
-7.251023e-08,4.02041e-05
-7.241023e-08,1.16648e-05
-7.231023e-08,-1.55773e-05
-7.221023e-08,-3.95762e-05
-7.211023e-08,-5.83862e-05
-7.201023e-08,-7.20072e-05
-7.191023e-08,-8.10879e-05
-7.181023e-08,-8.62769e-05
-7.171023e-08,-8.82227e-05
-7.161023e-08,-8.82227e-05
-7.151023e-08,-8.69255e-05
-7.141023e-08,-8.49796e-05
-7.131023e-08,-8.36824e-05
-7.121023e-08,-8.36824e-05
-7.111023e-08,-8.4331e-05
-7.101023e-08,-8.56282e-05
-7.091023e-08,-8.69255e-05
-7.081023e-08,-8.69255e-05
-7.071023e-08,-8.75741e-05
-7.061023e-08,-8.69255e-05
-7.051023e-08,-8.49796e-05
-7.041023e-08,-8.23851e-05
-7.031023e-08,-8.04393e-05
-7.021023e-08,-7.71962e-05
-7.011023e-08,-7.39531e-05
-7.001023e-08,-6.94127e-05
-6.991023e-08,-6.5521e-05
-6.981023e-08,-6.03321e-05
-6.971023e-08,-5.44945e-05
-6.961023e-08,-4.60624e-05
-6.951023e-08,-3.63331e-05
-6.941023e-08,-2.59552e-05
-6.931023e-08,-1.29828e-05
-6.921023e-08,6.38242e-07
-6.911023e-08,1.49079e-05
-6.901023e-08,2.98261e-05
-6.891023e-08,4.40958e-05
-6.881023e-08,5.70682e-05
-6.871023e-08,6.80947e-05
-6.861023e-08,7.58782e-05
-6.851023e-08,8.17158e-05
-6.841023e-08,8.36616e-05
-6.831023e-08,8.3013e-05
-6.821023e-08,7.97699e-05
-6.811023e-08,7.52296e-05
-6.801023e-08,7.06892e-05
-6.791023e-08,6.67975e-05
-6.781023e-08,6.4203e-05
-6.771023e-08,6.4203e-05
-6.761023e-08,6.80947e-05
-6.751023e-08,7.58782e-05
-6.741023e-08,8.75533e-05
-6.731023e-08,0.000101823
-6.721023e-08,0.00011739
-6.711023e-08,0.00013166
-6.701023e-08,0.000143983
-6.691023e-08,0.000151118
-6.681023e-08,0.000153064
-6.671023e-08,0.000147875
-6.661023e-08,0.0001362
-6.651023e-08,0.000118687
-6.641023e-08,9.46882e-05
-6.631023e-08,6.67975e-05
-6.621023e-08,3.63124e-05
-6.611023e-08,5.17858e-06
-6.601023e-08,-2.40093e-05
-6.591023e-08,-5.06027e-05
-6.581023e-08,-7.33045e-05
-6.571023e-08,-9.08172e-05
-6.561023e-08,-0.00010379
-6.551023e-08,-0.000112222
-6.541023e-08,-0.000116762
-6.531023e-08,-0.000117411
-6.521023e-08,-0.000113519
-6.511023e-08,-0.000106384
-6.501023e-08,-9.53575e-05
-6.491023e-08,-7.97907e-05
-6.481023e-08,-6.09807e-05
-6.471023e-08,-3.89276e-05
-6.461023e-08,-1.49286e-05
-6.451023e-08,9.71892e-06
-6.441023e-08,3.37179e-05
-6.431023e-08,5.51223e-05
-6.421023e-08,7.32837e-05
-6.411023e-08,8.69047e-05
-6.401023e-08,9.40395e-05
-6.391023e-08,9.46882e-05
-6.381023e-08,8.94992e-05
-6.371023e-08,8.04185e-05
-6.361023e-08,6.87434e-05
-6.351023e-08,5.51223e-05
-6.341023e-08,4.27986e-05
-6.331023e-08,3.24206e-05
-6.321023e-08,2.46372e-05
-6.311023e-08,2.00968e-05
-6.301023e-08,1.75024e-05
-6.291023e-08,1.62051e-05
-6.281023e-08,1.55565e-05
-6.271023e-08,1.36106e-05
-6.261023e-08,9.71892e-06
-6.251023e-08,3.88134e-06
-6.241023e-08,-5.19934e-06
-6.231023e-08,-1.75231e-05
-6.221023e-08,-3.17928e-05
-6.211023e-08,-4.60624e-05
-6.201023e-08,-5.90348e-05
-6.191023e-08,-7.071e-05
-6.181023e-08,-7.97907e-05
-6.171023e-08,-8.4331e-05
-6.161023e-08,-8.49796e-05
-6.151023e-08,-8.17365e-05
-6.141023e-08,-7.58989e-05
-6.131023e-08,-6.74669e-05
-6.121023e-08,-5.77376e-05
-6.111023e-08,-4.80083e-05
-6.101023e-08,-3.95762e-05
-6.091023e-08,-3.11441e-05
-6.081023e-08,-2.33607e-05
-6.071023e-08,-1.62259e-05
-6.061023e-08,-9.73968e-06
-6.051023e-08,-3.25348e-06
-6.041023e-08,3.23272e-06
-6.031023e-08,9.71892e-06
-6.021023e-08,1.8151e-05
-6.011023e-08,2.72317e-05
-6.001023e-08,3.6961e-05
-5.991023e-08,4.66903e-05
-5.981023e-08,5.5771e-05
-5.971023e-08,6.48516e-05
-5.961023e-08,7.39323e-05
-5.951023e-08,8.23644e-05
-5.941023e-08,9.01478e-05
-5.931023e-08,9.59854e-05
-5.921023e-08,0.000100526
-5.911023e-08,0.00010312
-5.901023e-08,0.000102472
-5.891023e-08,9.98771e-05
-5.881023e-08,9.53368e-05
-5.871023e-08,8.8202e-05
-5.861023e-08,7.91213e-05
-5.851023e-08,6.9392e-05
-5.841023e-08,5.90141e-05
-5.831023e-08,5.0582e-05
-5.821023e-08,4.34472e-05
-5.811023e-08,4.02041e-05
-5.801023e-08,4.08527e-05
-5.791023e-08,4.5393e-05
-5.781023e-08,5.38251e-05
-5.771023e-08,6.55003e-05
-5.761023e-08,7.97699e-05
-5.751023e-08,9.40395e-05
-5.741023e-08,0.000107012
-5.731023e-08,0.000118038
-5.721023e-08,0.000127119
-5.711023e-08,0.000132957
-5.701023e-08,0.0001362
-5.691023e-08,0.000136848
-5.681023e-08,0.000134254
-5.671023e-08,0.000129714
-5.661023e-08,0.000124525
-5.651023e-08,0.000118038
-5.641023e-08,0.000111552
-5.631023e-08,0.000104417
-5.621023e-08,9.79313e-05
-5.611023e-08,9.07964e-05
-5.601023e-08,8.3013e-05
-5.591023e-08,7.45809e-05
-5.581023e-08,6.55003e-05
-5.571023e-08,5.70682e-05
-5.561023e-08,4.86361e-05
-5.551023e-08,4.02041e-05
-5.541023e-08,3.24206e-05
-5.531023e-08,2.39886e-05
-5.521023e-08,1.55565e-05
-5.511023e-08,6.47582e-06
-5.501023e-08,-3.9021e-06
-5.491023e-08,-1.428e-05
-5.481023e-08,-2.59552e-05
-5.471023e-08,-3.89276e-05
-5.461023e-08,-5.25486e-05
-5.451023e-08,-6.5521e-05
-5.441023e-08,-7.9142e-05
-5.431023e-08,-9.14658e-05
-5.421023e-08,-0.000101195
-5.411023e-08,-0.00010833
-5.401023e-08,-0.000110924
-5.391023e-08,-0.000110276
-5.381023e-08,-0.000105087
-5.371023e-08,-9.66548e-05
-5.361023e-08,-8.69255e-05
-5.351023e-08,-7.65476e-05
-5.341023e-08,-6.81155e-05
-5.331023e-08,-6.16293e-05
-5.321023e-08,-5.77376e-05
-5.311023e-08,-5.83862e-05
-5.301023e-08,-6.29265e-05
-5.291023e-08,-7.00614e-05
-5.281023e-08,-7.84934e-05
-5.271023e-08,-8.75741e-05
-5.261023e-08,-9.47089e-05
-5.251023e-08,-9.92493e-05
-5.241023e-08,-9.98979e-05
-5.231023e-08,-9.60062e-05
-5.221023e-08,-8.75741e-05
-5.211023e-08,-7.58989e-05
-5.201023e-08,-6.03321e-05
-5.191023e-08,-4.34679e-05
-5.181023e-08,-2.59552e-05
-5.171023e-08,-9.09106e-06
-5.161023e-08,6.47582e-06
-5.151023e-08,2.00968e-05
-5.141023e-08,3.24206e-05
-5.131023e-08,4.27986e-05
-5.121023e-08,5.18792e-05
-5.111023e-08,6.03113e-05
-5.101023e-08,6.74461e-05
-5.091023e-08,7.45809e-05
-5.081023e-08,7.97699e-05
-5.071023e-08,8.23644e-05
-5.061023e-08,8.17158e-05
-5.051023e-08,7.84727e-05
-5.041023e-08,7.13378e-05
-5.031023e-08,6.09599e-05
-5.021023e-08,4.79875e-05
-5.011023e-08,3.24206e-05
-5.001023e-08,1.62051e-05
-4.991023e-08,-1.03779e-08
-4.981023e-08,-1.62259e-05
-4.971023e-08,-3.04955e-05
-4.961023e-08,-4.41165e-05
-4.951023e-08,-5.57917e-05
-4.941023e-08,-6.61696e-05
-4.931023e-08,-7.52503e-05
-4.921023e-08,-8.30338e-05
-4.911023e-08,-9.01686e-05
-4.901023e-08,-9.47089e-05
-4.891023e-08,-9.60062e-05
-4.881023e-08,-9.40603e-05
-4.871023e-08,-8.88713e-05
-4.861023e-08,-7.9142e-05
-4.851023e-08,-6.5521e-05
-4.841023e-08,-4.93055e-05
-4.831023e-08,-3.17928e-05
-4.821023e-08,-1.428e-05
-4.811023e-08,2.5841e-06
-4.801023e-08,1.55565e-05
-4.791023e-08,2.39886e-05
-4.781023e-08,2.72317e-05
-4.771023e-08,2.46372e-05
-4.761023e-08,1.68537e-05
-4.751023e-08,3.23272e-06
-4.741023e-08,-1.36314e-05
-4.731023e-08,-3.17928e-05
-4.721023e-08,-4.93055e-05
-4.711023e-08,-6.42238e-05
-4.701023e-08,-7.52503e-05
-4.691023e-08,-8.04393e-05
-4.681023e-08,-7.97907e-05
-4.671023e-08,-7.33045e-05
-4.661023e-08,-6.16293e-05
-4.651023e-08,-4.54138e-05
-4.641023e-08,-2.59552e-05
-4.631023e-08,-6.49658e-06
-4.621023e-08,1.16648e-05
-4.611023e-08,2.78803e-05
-4.601023e-08,3.95555e-05
-4.591023e-08,4.60417e-05
-4.581023e-08,4.73389e-05
-4.571023e-08,4.34472e-05
-4.561023e-08,3.56637e-05
-4.551023e-08,2.59344e-05
-4.541023e-08,1.49079e-05
-4.531023e-08,4.52996e-06
-4.521023e-08,-4.55072e-06
-4.511023e-08,-1.23342e-05
-4.501023e-08,-1.75231e-05
-4.491023e-08,-2.07662e-05
-4.481023e-08,-2.14148e-05
-4.471023e-08,-2.01176e-05
-4.461023e-08,-1.68745e-05
-4.451023e-08,-1.16855e-05
-4.441023e-08,-5.19934e-06
-4.431023e-08,3.23272e-06
-4.421023e-08,1.2962e-05
-4.411023e-08,2.39886e-05
-4.401023e-08,3.56637e-05
-4.391023e-08,4.73389e-05
-4.381023e-08,5.77168e-05
-4.371023e-08,6.55003e-05
-4.361023e-08,7.00406e-05
-4.351023e-08,6.9392e-05
-4.341023e-08,6.22572e-05
-4.331023e-08,4.86361e-05
-4.321023e-08,2.85289e-05
-4.311023e-08,1.93548e-06
-4.301023e-08,-2.85497e-05
-4.291023e-08,-6.09807e-05
-4.281023e-08,-9.34117e-05
-4.271023e-08,-0.000123248
-4.261023e-08,-0.000147896
-4.251023e-08,-0.00016476
-4.241023e-08,-0.000171895
-4.231023e-08,-0.0001693
-4.221023e-08,-0.000156976
-4.211023e-08,-0.000135572
-4.201023e-08,-0.000107681
-4.191023e-08,-7.46017e-05
-4.181023e-08,-3.89276e-05
-4.171023e-08,-3.25348e-06
-4.161023e-08,2.98261e-05
-4.151023e-08,5.90141e-05
-4.141023e-08,8.23644e-05
-4.131023e-08,9.98771e-05
-4.121023e-08,0.000111552
-4.111023e-08,0.00011739
-4.101023e-08,0.000118687
-4.091023e-08,0.000118038
-4.081023e-08,0.000114795
-4.071023e-08,0.000110904
-4.061023e-08,0.000107012
-4.051023e-08,0.000103769
-4.041023e-08,0.000101174
-4.031023e-08,9.98771e-05
-4.021023e-08,9.85799e-05
-4.011023e-08,9.72826e-05
-4.001023e-08,9.59854e-05
-3.991023e-08,9.46882e-05
-3.981023e-08,9.33909e-05
-3.971023e-08,9.40395e-05
-3.961023e-08,9.46882e-05
-3.951023e-08,9.79313e-05
-3.941023e-08,0.000102472
-3.931023e-08,0.000108958
-3.921023e-08,0.000116093
-3.911023e-08,0.000122579
-3.901023e-08,0.000128416
-3.891023e-08,0.000132308
-3.881023e-08,0.000133605
-3.871023e-08,0.00013166
-3.861023e-08,0.000127119
-3.851023e-08,0.000120633
-3.841023e-08,0.000111552
-3.831023e-08,0.000101823
-3.821023e-08,9.07964e-05
-3.811023e-08,7.97699e-05
-3.801023e-08,6.9392e-05
-3.791023e-08,5.96627e-05
-3.781023e-08,5.0582e-05
-3.771023e-08,4.27986e-05
-3.761023e-08,3.56637e-05
-3.751023e-08,2.91775e-05
-3.741023e-08,2.39886e-05
-3.731023e-08,2.00968e-05
-3.721023e-08,1.8151e-05
-3.711023e-08,1.75024e-05
-3.701023e-08,1.87996e-05
-3.691023e-08,2.33399e-05
-3.681023e-08,3.04748e-05
-3.671023e-08,3.89068e-05
-3.661023e-08,4.92848e-05
-3.651023e-08,6.03113e-05
-3.641023e-08,7.19865e-05
-3.631023e-08,8.17158e-05
-3.621023e-08,8.94992e-05
-3.611023e-08,9.59854e-05
-3.601023e-08,9.98771e-05
-3.591023e-08,0.000100526
-3.581023e-08,9.85799e-05
-3.571023e-08,9.40395e-05
-3.561023e-08,8.75533e-05
-3.551023e-08,7.97699e-05
-3.541023e-08,7.19865e-05
-3.531023e-08,6.4203e-05
-3.521023e-08,5.70682e-05
-3.511023e-08,5.18792e-05
-3.501023e-08,4.86361e-05
-3.491023e-08,4.79875e-05
-3.481023e-08,4.99334e-05
-3.471023e-08,5.44737e-05
-3.461023e-08,6.03113e-05
-3.451023e-08,6.80947e-05
-3.441023e-08,7.58782e-05
-3.431023e-08,8.36616e-05
-3.421023e-08,9.01478e-05
-3.411023e-08,9.59854e-05
-3.401023e-08,9.85799e-05
-3.391023e-08,9.85799e-05
-3.381023e-08,9.59854e-05
-3.371023e-08,9.14451e-05
-3.361023e-08,8.49589e-05
-3.351023e-08,7.65268e-05
-3.341023e-08,6.61489e-05
-3.331023e-08,5.5771e-05
-3.321023e-08,4.5393e-05
-3.311023e-08,3.56637e-05
-3.301023e-08,2.72317e-05
-3.291023e-08,1.94482e-05
-3.281023e-08,1.2962e-05
-3.271023e-08,7.12444e-06
-3.261023e-08,3.88134e-06
-3.251023e-08,1.28686e-06
-3.241023e-08,6.38242e-07
-3.231023e-08,1.28686e-06
-3.221023e-08,3.23272e-06
-3.211023e-08,7.12444e-06
-3.201023e-08,1.16648e-05
-3.191023e-08,1.62051e-05
-3.181023e-08,2.13941e-05
-3.171023e-08,2.6583e-05
-3.161023e-08,3.1772e-05
-3.151023e-08,3.63124e-05
-3.141023e-08,3.89068e-05
-3.131023e-08,4.15013e-05
-3.121023e-08,4.34472e-05
-3.111023e-08,4.5393e-05
-3.101023e-08,4.73389e-05
-3.091023e-08,5.0582e-05
-3.081023e-08,5.5771e-05
-3.071023e-08,6.16085e-05
-3.061023e-08,6.9392e-05
-3.051023e-08,7.65268e-05
-3.041023e-08,8.36616e-05
-3.031023e-08,8.88506e-05
-3.021023e-08,9.01478e-05
-3.011023e-08,8.88506e-05
-3.001023e-08,8.3013e-05
-2.991023e-08,7.26351e-05
-2.981023e-08,5.90141e-05
-2.971023e-08,4.27986e-05
-2.961023e-08,2.39886e-05
-2.951023e-08,5.17858e-06
-2.941023e-08,-1.36314e-05
-2.931023e-08,-2.98469e-05
-2.921023e-08,-4.34679e-05
-2.911023e-08,-5.31972e-05
-2.901023e-08,-6.09807e-05
-2.891023e-08,-6.5521e-05
-2.881023e-08,-6.81155e-05
-2.871023e-08,-6.94127e-05
-2.861023e-08,-7.00614e-05
-2.851023e-08,-7.071e-05
-2.841023e-08,-7.20072e-05
-2.831023e-08,-7.46017e-05
-2.821023e-08,-7.84934e-05
-2.811023e-08,-8.30338e-05
-2.801023e-08,-8.82227e-05
-2.791023e-08,-9.34117e-05
-2.781023e-08,-9.7952e-05
-2.771023e-08,-0.000101195
-2.761023e-08,-0.000101844
-2.751023e-08,-0.000101195
-2.741023e-08,-9.7952e-05
-2.731023e-08,-9.21144e-05
-2.721023e-08,-8.4331e-05
-2.711023e-08,-7.65476e-05
-2.701023e-08,-6.87641e-05
-2.691023e-08,-6.16293e-05
-2.681023e-08,-5.51431e-05
-2.671023e-08,-4.99541e-05
-2.661023e-08,-4.80083e-05
-2.651023e-08,-4.80083e-05
-2.641023e-08,-5.06027e-05
-2.631023e-08,-5.51431e-05
-2.621023e-08,-6.03321e-05
-2.611023e-08,-6.5521e-05
-2.601023e-08,-7.00614e-05
-2.591023e-08,-7.26558e-05
-2.581023e-08,-7.26558e-05
-2.571023e-08,-6.87641e-05
-2.561023e-08,-6.09807e-05
-2.551023e-08,-5.06027e-05
-2.541023e-08,-3.63331e-05
-2.531023e-08,-1.88204e-05
-2.521023e-08,6.38242e-07
-2.511023e-08,2.07455e-05
-2.501023e-08,4.08527e-05
-2.491023e-08,6.09599e-05
-2.481023e-08,7.91213e-05
-2.471023e-08,9.59854e-05
-2.461023e-08,0.000109606
-2.451023e-08,0.000121282
-2.441023e-08,0.000129714
-2.431023e-08,0.000135551
-2.421023e-08,0.000137497
-2.411023e-08,0.000137497
-2.401023e-08,0.0001362
-2.391023e-08,0.000134254
-2.381023e-08,0.00013166
-2.371023e-08,0.000131011
-2.361023e-08,0.000131011
-2.351023e-08,0.000132308
-2.341023e-08,0.000135551
-2.331023e-08,0.000140092
-2.321023e-08,0.000145929
-2.311023e-08,0.000152415
-2.301023e-08,0.000158253
-2.291023e-08,0.000162793
-2.281023e-08,0.000166685
-2.271023e-08,0.000168631
-2.261023e-08,0.000167982
-2.251023e-08,0.000164091
-2.241023e-08,0.000158253
-2.231023e-08,0.000151118
-2.221023e-08,0.000142037
-2.211023e-08,0.000133605
-2.201023e-08,0.000125173
-2.191023e-08,0.000118687
-2.181023e-08,0.000116093
-2.171023e-08,0.00011739
-2.161023e-08,0.000123227
-2.151023e-08,0.000134254
-2.141023e-08,0.000150469
-2.131023e-08,0.000170577
-2.121023e-08,0.000193278
-2.111023e-08,0.000216629
-2.101023e-08,0.00023933
-2.091023e-08,0.000260086
-2.081023e-08,0.000277599
-2.071023e-08,0.000289923
-2.061023e-08,0.000297706
-2.051023e-08,0.000299652
-2.041023e-08,0.000296409
-2.031023e-08,0.000288626
-2.021023e-08,0.000276302
-2.011023e-08,0.000261384
-2.001023e-08,0.000245168
-1.991023e-08,0.000228953
-1.981023e-08,0.000214034
-1.971023e-08,0.000200413
-1.961023e-08,0.000188738
-1.951023e-08,0.000179009
-1.941023e-08,0.000171225
-1.931023e-08,0.000164091
-1.921023e-08,0.000156956
-1.911023e-08,0.000148524
-1.901023e-08,0.000136848
-1.891023e-08,0.00012193
-1.881023e-08,0.000102472
-1.871023e-08,7.84727e-05
-1.861023e-08,5.0582e-05
-1.851023e-08,1.87996e-05
-1.841023e-08,-1.49286e-05
-1.831023e-08,-4.99541e-05
-1.821023e-08,-8.30338e-05
-1.811023e-08,-0.000111573
-1.801023e-08,-0.000134275
-1.791023e-08,-0.000149193
-1.781023e-08,-0.000155679
-1.771023e-08,-0.000154382
-1.761023e-08,-0.000144004
-1.751023e-08,-0.00012714
-1.741023e-08,-0.000103141
-1.731023e-08,-7.46017e-05
-1.721023e-08,-4.28193e-05
-1.711023e-08,-1.10369e-05
-1.701023e-08,1.94482e-05
-1.691023e-08,4.86361e-05
-1.681023e-08,7.32837e-05
-1.671023e-08,9.27423e-05
-1.661023e-08,0.000107661
-1.651023e-08,0.000118038
-1.641023e-08,0.000122579
-1.631023e-08,0.000123227
-1.621023e-08,0.000119336
-1.611023e-08,0.000112201
-1.601023e-08,0.000102472
-1.591023e-08,9.20937e-05
-1.581023e-08,8.17158e-05
-1.571023e-08,7.26351e-05
-1.561023e-08,6.55003e-05
-1.551023e-08,6.03113e-05
-1.541023e-08,5.70682e-05
-1.531023e-08,5.5771e-05
-1.521023e-08,5.64196e-05
-1.511023e-08,5.77168e-05
-1.501023e-08,6.03113e-05
-1.491023e-08,6.4203e-05
-1.481023e-08,6.80947e-05
-1.471023e-08,7.19865e-05
-1.461023e-08,7.58782e-05
-1.451023e-08,7.97699e-05
-1.441023e-08,8.23644e-05
-1.431023e-08,8.36616e-05
-1.421023e-08,8.3013e-05
-1.411023e-08,8.10671e-05
-1.401023e-08,7.58782e-05
-1.391023e-08,6.80947e-05
-1.381023e-08,5.5771e-05
-1.371023e-08,3.89068e-05
-1.361023e-08,1.87996e-05
-1.351023e-08,-4.55072e-06
-1.341023e-08,-2.91983e-05
-1.331023e-08,-5.31972e-05
-1.321023e-08,-7.58989e-05
-1.311023e-08,-9.53575e-05
-1.301023e-08,-0.000111573
-1.291023e-08,-0.000123897
-1.281023e-08,-0.000131032
-1.271023e-08,-0.000134275
-1.261023e-08,-0.000132978
-1.251023e-08,-0.000128437
-1.241023e-08,-0.000123248
-1.231023e-08,-0.000119356
-1.221023e-08,-0.000116762
-1.211023e-08,-0.000118059
-1.201023e-08,-0.0001226
-1.191023e-08,-0.00013168
-1.181023e-08,-0.000145301
-1.171023e-08,-0.000161517
-1.161023e-08,-0.000180975
-1.151023e-08,-0.000201083
-1.141023e-08,-0.000222487
-1.131023e-08,-0.000243243
-1.121023e-08,-0.000262702
-1.111023e-08,-0.000280863
-1.101023e-08,-0.000297078
-1.091023e-08,-0.000311997
-1.081023e-08,-0.000324969
-1.071023e-08,-0.000336644
-1.061023e-08,-0.000348319
-1.051023e-08,-0.000359346
-1.041023e-08,-0.000370372
-1.031023e-08,-0.000381399
-1.021023e-08,-0.000391777
-1.011023e-08,-0.000402155
-1.001023e-08,-0.000413181
-9.910233e-09,-0.000424208
-9.810233e-09,-0.000433937
-9.710233e-09,-0.000442369
-9.610233e-09,-0.000448207
-9.510233e-09,-0.000450801
-9.410233e-09,-0.000448207
-9.310233e-09,-0.000441721
-9.210233e-09,-0.000430046
-9.110233e-09,-0.00041383
-9.010233e-09,-0.000393723
-8.910233e-09,-0.00037167
-8.810233e-09,-0.000349617
-8.710233e-09,-0.000328861
-8.610233e-09,-0.000311997
-8.510233e-09,-0.000300322
-8.410233e-09,-0.000295781
-8.310233e-09,-0.000299024
-8.210233e-09,-0.000309402
-8.110233e-09,-0.000326915
-8.010233e-09,-0.000351563
-7.910233e-09,-0.000381399
-7.810233e-09,-0.000415776
-7.710233e-09,-0.000454693
-7.610233e-09,-0.000496853
-7.510233e-09,-0.000541608
-7.410233e-09,-0.000588309
-7.310233e-09,-0.000635658
-7.210233e-09,-0.000684305
-7.110233e-09,-0.000731005
-7.010233e-09,-0.00077576
-6.910233e-09,-0.000817272
-6.810233e-09,-0.000854243
-6.710233e-09,-0.000886026
-6.610233e-09,-0.00091197
-6.510233e-09,-0.000930132
-6.410233e-09,-0.000942455
-6.310233e-09,-0.000950888
-6.210233e-09,-0.000956076
-6.110233e-09,-0.000961265
-6.010233e-09,-0.0009684
-5.910233e-09,-0.000979427
-5.810233e-09,-0.000996291
-5.710233e-09,-0.00101899
-5.610233e-09,-0.00104818
-5.510233e-09,-0.00108385
-5.410233e-09,-0.00112342
-5.310233e-09,-0.00116623
-5.210233e-09,-0.00121163
-5.110233e-09,-0.00125639
-5.010233e-09,-0.00129985
-4.910233e-09,-0.00134006
-4.810233e-09,-0.00137573
-4.710233e-09,-0.00140687
-4.610233e-09,-0.00143216
-4.510233e-09,-0.00145097
-4.410233e-09,-0.00146395
-4.310233e-09,-0.00147173
-4.210233e-09,-0.00147368
-4.110233e-09,-0.00146914
-4.010233e-09,-0.00146005
-3.910233e-09,-0.00144773
-3.810233e-09,-0.00143216
-3.710233e-09,-0.0014166
-3.610233e-09,-0.00140168
-3.510233e-09,-0.00138806
-3.410233e-09,-0.00137768
-3.310233e-09,-0.00137054
-3.210233e-09,-0.00136795
-3.110233e-09,-0.00136925
-3.010233e-09,-0.00137379
-2.910233e-09,-0.00138222
-2.810233e-09,-0.00139195
-2.710233e-09,-0.00140362
-2.610233e-09,-0.00141465
-2.510233e-09,-0.00142438
-2.410233e-09,-0.00143152
-2.310233e-09,-0.00143541
-2.210233e-09,-0.00143606
-2.110233e-09,-0.00143476
-2.010233e-09,-0.00143087
-1.910233e-09,-0.00142568
-1.810233e-09,-0.00141854
-1.710233e-09,-0.00141076
-1.610233e-09,-0.00140103
-1.510233e-09,-0.00139
-1.410233e-09,-0.00137768
-1.310233e-09,-0.00136471
-1.210233e-09,-0.00135109
-1.110233e-09,-0.00133811
-1.010233e-09,-0.00132579
-9.10233e-10,-0.00131541
-8.10233e-10,-0.00130893
-7.10233e-10,-0.00130698
-6.10233e-10,-0.00131087
-5.10233e-10,-0.00132125
-4.10233e-10,-0.00133747
-3.10233e-10,-0.00135952
-2.10233e-10,-0.00138611
-1.10233e-10,-0.001414
-1.023303e-11,-0.00144189
8.976697e-11,-0.00146849
1.89767e-10,-0.00149119
2.89767e-10,-0.00150935
3.89767e-10,-0.00152232
4.89767e-10,-0.00153075
5.89767e-10,-0.00153465
6.89767e-10,-0.00153594
7.89767e-10,-0.00153465
8.89767e-10,-0.00153335
9.89767e-10,-0.00153205
1.089767e-09,-0.00152946
1.189767e-09,-0.00152556
1.289767e-09,-0.00152038
1.389767e-09,-0.00151194
1.489767e-09,-0.00149897
1.589767e-09,-0.00148146
1.689767e-09,-0.00145876
1.789767e-09,-0.00143216
1.889767e-09,-0.00140168
1.989767e-09,-0.00137119
2.089767e-09,-0.00134136
2.189767e-09,-0.00131411
2.289767e-09,-0.00129271
2.389767e-09,-0.00127714
2.489767e-09,-0.00126871
2.589767e-09,-0.00126741
2.689767e-09,-0.00127195
2.789767e-09,-0.00128104
2.889767e-09,-0.00129271
2.989767e-09,-0.00130503
3.089767e-09,-0.00131606
3.189767e-09,-0.00132449
3.289767e-09,-0.00133033
3.389767e-09,-0.00133163
3.489767e-09,-0.00132968
3.589767e-09,-0.00132449
3.689767e-09,-0.00131801
3.789767e-09,-0.00131152
3.889767e-09,-0.00130568
3.989767e-09,-0.00130114
4.089767e-09,-0.00130049
4.189767e-09,-0.00130179
4.289767e-09,-0.00130633
4.389767e-09,-0.00131152
4.489767e-09,-0.00131801
4.589767e-09,-0.00132449
4.689767e-09,-0.00132903
4.789767e-09,-0.00133292
4.889767e-09,-0.00133487
4.989767e-09,-0.00133617
5.089767e-09,-0.00133552
5.189767e-09,-0.00133422
5.289767e-09,-0.00133292
5.389767e-09,-0.00133098
5.489767e-09,-0.00132838
5.589767e-09,-0.00132514
5.689767e-09,-0.00132125
5.789767e-09,-0.00131606
5.889767e-09,-0.00130828
5.989767e-09,-0.0012992
6.089767e-09,-0.00128687
6.189767e-09,-0.00127325
6.289767e-09,-0.00125639
6.389767e-09,-0.00123693
6.489767e-09,-0.00121552
6.589767e-09,-0.00119217
6.689767e-09,-0.00116688
6.789767e-09,-0.00114093
6.889767e-09,-0.00111369
6.989767e-09,-0.00108645
7.089767e-09,-0.00105986
7.189767e-09,-0.00103391
7.289767e-09,-0.00100926
7.389767e-09,-0.000987859
7.489767e-09,-0.000967752
7.589767e-09,-0.000951536
7.689767e-09,-0.000937266
7.789767e-09,-0.000924943
7.889767e-09,-0.000913268
7.989767e-09,-0.000900944
8.089767e-09,-0.000889269
8.189767e-09,-0.000875648
8.289767e-09,-0.000860729
8.389767e-09,-0.000843865
8.489767e-09,-0.000825055
8.589767e-09,-0.000806245
8.689767e-09,-0.000788084
8.789767e-09,-0.000770571
8.889767e-09,-0.000755653
8.989767e-09,-0.000743978
9.089767e-09,-0.000735546
9.189767e-09,-0.000729708
9.289767e-09,-0.000727114
9.389767e-09,-0.000725816
9.489767e-09,-0.00072387
9.589767e-09,-0.000719979
9.689767e-09,-0.000714141
9.789767e-09,-0.00070506
9.889767e-09,-0.000693385
9.989767e-09,-0.000679764
1.008977e-08,-0.000664846
1.018977e-08,-0.000649928
1.028977e-08,-0.00063501
1.038977e-08,-0.00062074
1.048977e-08,-0.000609713
1.058977e-08,-0.000599984
1.068977e-08,-0.000592849
1.078977e-08,-0.000587012
1.088977e-08,-0.000582471
1.098977e-08,-0.00057858
1.108977e-08,-0.000574688
1.118977e-08,-0.000569499
1.128977e-08,-0.000563661
1.138977e-08,-0.000555878
1.148977e-08,-0.000547446
1.158977e-08,-0.000538365
1.168977e-08,-0.000527987
1.178977e-08,-0.000516961
1.188977e-08,-0.000504637
1.198977e-08,-0.000490367
1.208977e-08,-0.000475449
1.218977e-08,-0.000458585
1.228977e-08,-0.000439775
1.238977e-08,-0.000419019
1.248977e-08,-0.000396966
1.258977e-08,-0.000374264
1.268977e-08,-0.00035286
1.278977e-08,-0.000332753
1.288977e-08,-0.000316537
1.298977e-08,-0.000304862
1.308977e-08,-0.000297727
1.318977e-08,-0.000295133
1.328977e-08,-0.00029643
1.338977e-08,-0.00030097
1.348977e-08,-0.000306808
1.358977e-08,-0.000312645
1.368977e-08,-0.000316537
1.378977e-08,-0.000318483
1.388977e-08,-0.000317186
1.398977e-08,-0.000312645
1.408977e-08,-0.000306159
1.418977e-08,-0.000297078
1.428977e-08,-0.000287349
1.438977e-08,-0.000278268
1.448977e-08,-0.000269836
1.458977e-08,-0.000262053
1.468977e-08,-0.000254918
1.478977e-08,-0.000247135
1.488977e-08,-0.00024
1.498977e-08,-0.000232865
1.508977e-08,-0.00022573
1.518977e-08,-0.000219244
1.528977e-08,-0.000214055
1.538977e-08,-0.000211461
1.548977e-08,-0.000212109
1.558977e-08,-0.000217298
1.568977e-08,-0.000228973
1.578977e-08,-0.000247135
1.588977e-08,-0.000270485
1.598977e-08,-0.000299673
1.608977e-08,-0.000332104
1.618977e-08,-0.000366481
1.628977e-08,-0.00039956
1.638977e-08,-0.000429397
1.648977e-08,-0.000454693
1.658977e-08,-0.000474152
1.668977e-08,-0.000487124
1.678977e-08,-0.000494259
1.688977e-08,-0.000496853
1.698977e-08,-0.000494259
1.708977e-08,-0.00048907
1.718977e-08,-0.000480638
1.728977e-08,-0.000470909
1.738977e-08,-0.000461828
1.748977e-08,-0.000452747
1.758977e-08,-0.000444964
1.768977e-08,-0.000438478
1.778977e-08,-0.00043264
1.788977e-08,-0.000428748
1.798977e-08,-0.000425505
1.808977e-08,-0.000422911
1.818977e-08,-0.000421613
1.828977e-08,-0.000419668
1.838977e-08,-0.00041837
1.848977e-08,-0.000417073
1.858977e-08,-0.000415776
1.868977e-08,-0.000413181
1.878977e-08,-0.00040929
1.888977e-08,-0.000402803
1.898977e-08,-0.000393074
1.908977e-08,-0.000380102
1.918977e-08,-0.000364535
1.928977e-08,-0.000345725
1.938977e-08,-0.00032432
1.948977e-08,-0.00030097
1.958977e-08,-0.000276971
1.968977e-08,-0.000253621
1.978977e-08,-0.000232216
1.988977e-08,-0.000212758
1.998977e-08,-0.000195894
2.008977e-08,-0.000181624
2.018977e-08,-0.000169949
2.028977e-08,-0.00016022
2.038977e-08,-0.000153085
2.048977e-08,-0.000147247
2.058977e-08,-0.000143355
2.068977e-08,-0.000142707
2.078977e-08,-0.00014595
2.088977e-08,-0.000153085
2.098977e-08,-0.00016476
2.108977e-08,-0.000180327
2.118977e-08,-0.000200434
2.128977e-08,-0.000223136
2.138977e-08,-0.000247783
2.148977e-08,-0.000271134
2.158977e-08,-0.000291889
2.168977e-08,-0.000310051
2.178977e-08,-0.000323023
2.188977e-08,-0.000330158
2.198977e-08,-0.000331455
2.208977e-08,-0.000326266
2.218977e-08,-0.000315888
2.228977e-08,-0.000301619
2.238977e-08,-0.000284755
2.248977e-08,-0.000266593
2.258977e-08,-0.000249081
2.268977e-08,-0.000232216
2.278977e-08,-0.000217298
2.288977e-08,-0.000203677
2.298977e-08,-0.000192651
2.308977e-08,-0.00018357
2.318977e-08,-0.000178381
2.328977e-08,-0.000175786
2.338977e-08,-0.000177084
2.348977e-08,-0.000180975
2.358977e-08,-0.000188759
2.368977e-08,-0.000199785
2.378977e-08,-0.000212109
2.388977e-08,-0.000223784
2.398977e-08,-0.000234811
2.408977e-08,-0.000241946
2.418977e-08,-0.00024454
2.428977e-08,-0.000240648
2.438977e-08,-0.000230919
2.448977e-08,-0.000214704
2.458977e-08,-0.000193948
2.468977e-08,-0.000168652
2.478977e-08,-0.000142058
2.488977e-08,-0.000115465
2.498977e-08,-9.01686e-05
2.508977e-08,-6.74669e-05
2.518977e-08,-4.80083e-05
2.528977e-08,-3.24414e-05
2.538977e-08,-2.07662e-05
2.548977e-08,-1.16855e-05
2.558977e-08,-5.19934e-06
2.568977e-08,-1.30762e-06
2.578977e-08,1.28686e-06
2.588977e-08,2.5841e-06
2.598977e-08,3.88134e-06
2.608977e-08,3.23272e-06
2.618977e-08,1.93548e-06
2.628977e-08,-6.58998e-07
2.638977e-08,-3.9021e-06
2.648977e-08,-9.09106e-06
2.658977e-08,-1.49286e-05
2.668977e-08,-2.07662e-05
2.678977e-08,-2.59552e-05
2.688977e-08,-2.98469e-05
2.698977e-08,-3.11441e-05
2.708977e-08,-2.91983e-05
2.718977e-08,-2.46579e-05
2.728977e-08,-1.81717e-05
2.738977e-08,-1.03883e-05
2.748977e-08,-3.25348e-06
2.758977e-08,1.93548e-06
2.768977e-08,4.52996e-06
2.778977e-08,1.93548e-06
2.788977e-08,-5.84796e-06
2.798977e-08,-1.9469e-05
2.808977e-08,-3.76303e-05
2.818977e-08,-6.03321e-05
2.828977e-08,-8.49796e-05
2.838977e-08,-0.000111573
2.848977e-08,-0.000138166
2.858977e-08,-0.000163463
2.868977e-08,-0.000186164
2.878977e-08,-0.000205623
2.888977e-08,-0.000221838
2.898977e-08,-0.000234811
2.908977e-08,-0.000245189
2.918977e-08,-0.000252972
2.928977e-08,-0.000258161
2.938977e-08,-0.000261404
2.948977e-08,-0.000261404
2.958977e-08,-0.000260107
2.968977e-08,-0.000256215
2.978977e-08,-0.000251026
2.988977e-08,-0.000245189
2.998977e-08,-0.000238703
3.008977e-08,-0.000232865
3.018977e-08,-0.000228973
3.028977e-08,-0.000226379
3.038977e-08,-0.000226379
3.048977e-08,-0.000228325
3.058977e-08,-0.000232216
3.068977e-08,-0.000236108
3.078977e-08,-0.000239351
3.088977e-08,-0.000241946
3.098977e-08,-0.000242594
3.108977e-08,-0.00024
3.118977e-08,-0.000234162
3.128977e-08,-0.00022573
3.138977e-08,-0.000215352
3.148977e-08,-0.000203677
3.158977e-08,-0.000192002
3.168977e-08,-0.000180975
3.178977e-08,-0.000171246
3.188977e-08,-0.000162814
3.198977e-08,-0.000155031
3.208977e-08,-0.000149193
3.218977e-08,-0.000144004
3.228977e-08,-0.000138815
3.238977e-08,-0.000134275
3.248977e-08,-0.000130383
3.258977e-08,-0.000129086
3.268977e-08,-0.000129086
3.278977e-08,-0.00013168
3.288977e-08,-0.000138166
3.298977e-08,-0.000147896
3.308977e-08,-0.000160868
3.318977e-08,-0.000177732
3.328977e-08,-0.000196542
3.338977e-08,-0.000216001
3.348977e-08,-0.000233514
3.358977e-08,-0.000246486
3.368977e-08,-0.000255567
3.378977e-08,-0.00025881
3.388977e-08,-0.000255567
3.398977e-08,-0.000246486
3.408977e-08,-0.000233514
3.418977e-08,-0.000218595
3.428977e-08,-0.000201731
3.438977e-08,-0.000186164
3.448977e-08,-0.000173192
3.458977e-08,-0.000164111
3.468977e-08,-0.000157625
3.478977e-08,-0.000154382
3.488977e-08,-0.000152436
3.498977e-08,-0.000151139
3.508977e-08,-0.000148544
3.518977e-08,-0.000143355
3.528977e-08,-0.000135572
3.538977e-08,-0.000124545
3.548977e-08,-0.000109627
3.558977e-08,-9.34117e-05
3.568977e-08,-7.78448e-05
3.578977e-08,-6.48724e-05
3.588977e-08,-5.51431e-05
3.598977e-08,-4.80083e-05
3.608977e-08,-4.60624e-05
3.618977e-08,-4.80083e-05
3.628977e-08,-5.31972e-05
3.638977e-08,-6.03321e-05
3.648977e-08,-7.00614e-05
3.658977e-08,-8.04393e-05
3.668977e-08,-9.14658e-05
3.678977e-08,-0.000102492
3.688977e-08,-0.000114168
3.698977e-08,-0.000127789
3.708977e-08,-0.000142058
3.718977e-08,-0.000156976
3.728977e-08,-0.000171895
3.738977e-08,-0.000186164
3.748977e-08,-0.00019784
3.758977e-08,-0.00020692
3.768977e-08,-0.000212758
3.778977e-08,-0.000214704
3.788977e-08,-0.000211461
3.798977e-08,-0.000203677
3.808977e-08,-0.000193948
3.818977e-08,-0.00018357
3.828977e-08,-0.000173192
3.838977e-08,-0.000164111
3.848977e-08,-0.000157625
3.858977e-08,-0.000153733
3.868977e-08,-0.000151787
3.878977e-08,-0.000151139
3.888977e-08,-0.00015049
3.898977e-08,-0.000149193
3.908977e-08,-0.00014595
3.918977e-08,-0.000140761
3.928977e-08,-0.000134275
3.938977e-08,-0.000126491
3.948977e-08,-0.000120005
3.958977e-08,-0.000114168
3.968977e-08,-0.000111573
3.978977e-08,-0.000112222
3.988977e-08,-0.000116113
3.998977e-08,-0.000124545
4.008977e-08,-0.000135572
4.018977e-08,-0.000147896
4.028977e-08,-0.000159571
4.038977e-08,-0.0001693
4.048977e-08,-0.000177084
4.058977e-08,-0.000180975
4.068977e-08,-0.000182921
4.078977e-08,-0.000182921
4.088977e-08,-0.000181624
4.098977e-08,-0.000180327
4.108977e-08,-0.000178381
4.118977e-08,-0.000176435
4.128977e-08,-0.000174489
4.138977e-08,-0.000171246
4.148977e-08,-0.000166057
4.158977e-08,-0.000156976
4.168977e-08,-0.000144004
4.178977e-08,-0.000125843
4.188977e-08,-0.000100547
4.198977e-08,-6.94127e-05
4.208977e-08,-3.309e-05
4.218977e-08,6.47582e-06
4.228977e-08,4.66903e-05
4.238977e-08,8.49589e-05
4.248977e-08,0.00011739
4.258977e-08,0.000143335
4.268977e-08,0.000162145
4.278977e-08,0.000172523
4.288977e-08,0.000174468
4.298977e-08,0.000168631
4.308977e-08,0.000157604
4.318977e-08,0.000142037
4.328977e-08,0.000124525
4.338977e-08,0.000106363
4.348977e-08,8.94992e-05
4.358977e-08,7.45809e-05
4.368977e-08,6.03113e-05
4.378977e-08,4.79875e-05
4.388977e-08,3.6961e-05
4.398977e-08,2.72317e-05
4.408977e-08,2.00968e-05
4.418977e-08,1.62051e-05
4.428977e-08,1.55565e-05
4.438977e-08,1.87996e-05
4.448977e-08,2.59344e-05
4.458977e-08,3.63124e-05
4.468977e-08,4.79875e-05
4.478977e-08,6.09599e-05
4.488977e-08,7.13378e-05
4.498977e-08,7.84727e-05
4.508977e-08,8.04185e-05
4.518977e-08,7.52296e-05
4.528977e-08,6.29058e-05
4.538977e-08,4.47444e-05
4.548977e-08,2.07455e-05
4.558977e-08,-5.84796e-06
4.568977e-08,-3.17928e-05
4.578977e-08,-5.51431e-05
4.588977e-08,-7.33045e-05
4.598977e-08,-8.49796e-05
4.608977e-08,-8.952e-05
4.618977e-08,-8.82227e-05
4.628977e-08,-8.10879e-05
4.638977e-08,-7.00614e-05
4.648977e-08,-5.64403e-05
4.658977e-08,-4.21707e-05
4.668977e-08,-2.85497e-05
4.678977e-08,-1.68745e-05
4.688977e-08,-6.49658e-06
4.698977e-08,1.93548e-06
4.708977e-08,9.0703e-06
4.718977e-08,1.55565e-05
4.728977e-08,2.07455e-05
4.738977e-08,2.52858e-05
4.748977e-08,2.85289e-05
4.758977e-08,2.98261e-05
4.768977e-08,2.85289e-05
4.778977e-08,2.52858e-05
4.788977e-08,2.00968e-05
4.798977e-08,1.36106e-05
4.808977e-08,5.8272e-06
4.818977e-08,-1.30762e-06
4.828977e-08,-5.84796e-06
4.838977e-08,-7.79382e-06
4.848977e-08,-7.1452e-06
4.858977e-08,-3.25348e-06
4.868977e-08,5.17858e-06
4.878977e-08,1.62051e-05
4.888977e-08,2.85289e-05
4.898977e-08,4.02041e-05
4.908977e-08,5.0582e-05
4.918977e-08,5.83654e-05
4.928977e-08,6.35544e-05
4.938977e-08,6.48516e-05
4.948977e-08,6.29058e-05
4.958977e-08,5.90141e-05
4.968977e-08,5.25279e-05
4.978977e-08,4.60417e-05
4.988977e-08,4.02041e-05
4.998977e-08,3.50151e-05
5.008977e-08,3.04748e-05
5.018977e-08,2.72317e-05
5.028977e-08,2.39886e-05
5.038977e-08,2.07455e-05
5.048977e-08,1.62051e-05
5.058977e-08,9.71892e-06
5.068977e-08,2.5841e-06
5.078977e-08,-6.49658e-06
5.088977e-08,-1.62259e-05
5.098977e-08,-2.72524e-05
5.108977e-08,-3.69817e-05
5.118977e-08,-4.60624e-05
5.128977e-08,-5.51431e-05
5.138977e-08,-6.22779e-05
5.148977e-08,-6.87641e-05
5.158977e-08,-7.33045e-05
5.168977e-08,-7.78448e-05
5.178977e-08,-8.17365e-05
5.188977e-08,-8.69255e-05
5.198977e-08,-9.27631e-05
5.208977e-08,-9.98979e-05
5.218977e-08,-0.00010833
5.228977e-08,-0.000116762
5.238977e-08,-0.000124545
5.248977e-08,-0.000132978
5.258977e-08,-0.00014141
5.268977e-08,-0.000149193
5.278977e-08,-0.000155679
5.288977e-08,-0.000162814
5.298977e-08,-0.000169949
5.308977e-08,-0.000176435
5.318977e-08,-0.000182273
5.328977e-08,-0.000188759
5.338977e-08,-0.000195245
5.348977e-08,-0.000200434
5.358977e-08,-0.000204326
5.368977e-08,-0.000206272
5.378977e-08,-0.000205623
5.388977e-08,-0.00020238
5.398977e-08,-0.000196542
5.408977e-08,-0.000186813
5.418977e-08,-0.000175786
5.428977e-08,-0.000163463
5.438977e-08,-0.000151787
5.448977e-08,-0.000140761
5.458977e-08,-0.000131032
5.468977e-08,-0.0001226
5.478977e-08,-0.000115465
5.488977e-08,-0.000110276
5.498977e-08,-0.000105735
5.508977e-08,-0.000102492
5.518977e-08,-9.98979e-05
5.528977e-08,-9.73034e-05
5.538977e-08,-9.47089e-05
5.548977e-08,-9.27631e-05
5.558977e-08,-9.21144e-05
5.568977e-08,-9.27631e-05
5.578977e-08,-9.53575e-05
5.588977e-08,-9.98979e-05
5.598977e-08,-0.000107033
5.608977e-08,-0.000115465
5.618977e-08,-0.000125194
5.628977e-08,-0.000134275
5.638977e-08,-0.000140761
5.648977e-08,-0.000145301
5.658977e-08,-0.000145301
5.668977e-08,-0.000140112
5.678977e-08,-0.000129734
5.688977e-08,-0.000116113
5.698977e-08,-9.92493e-05
5.708977e-08,-7.97907e-05
5.718977e-08,-5.96834e-05
5.728977e-08,-4.15221e-05
5.738977e-08,-2.59552e-05
5.748977e-08,-1.49286e-05
5.758977e-08,-8.44244e-06
5.768977e-08,-7.79382e-06
5.778977e-08,-1.23342e-05
5.788977e-08,-2.01176e-05
5.798977e-08,-2.98469e-05
5.808977e-08,-4.08734e-05
5.818977e-08,-5.19e-05
5.828977e-08,-6.09807e-05
5.838977e-08,-6.81155e-05
5.848977e-08,-7.46017e-05
5.858977e-08,-7.9142e-05
5.868977e-08,-8.23851e-05
5.878977e-08,-8.56282e-05
5.888977e-08,-8.88713e-05
5.898977e-08,-9.40603e-05
5.908977e-08,-0.000100547
5.918977e-08,-0.00010833
5.928977e-08,-0.000117411
5.938977e-08,-0.00012714
5.948977e-08,-0.000136221
5.958977e-08,-0.000144004
5.968977e-08,-0.000151139
5.978977e-08,-0.000156976
5.988977e-08,-0.000159571
5.998977e-08,-0.000158922
6.008977e-08,-0.000156328
6.018977e-08,-0.00015049
6.028977e-08,-0.000140761
6.038977e-08,-0.000127789
6.048977e-08,-0.000112222
6.058977e-08,-9.40603e-05
6.068977e-08,-7.52503e-05
6.078977e-08,-5.64403e-05
6.088977e-08,-3.8279e-05
6.098977e-08,-2.27121e-05
6.108977e-08,-9.73968e-06
6.118977e-08,6.38242e-07
6.128977e-08,7.12444e-06
6.138977e-08,9.71892e-06
6.148977e-08,1.03675e-05
6.158977e-08,9.71892e-06
6.168977e-08,7.77306e-06
6.178977e-08,5.8272e-06
6.188977e-08,5.8272e-06
6.198977e-08,6.47582e-06
6.208977e-08,9.0703e-06
6.218977e-08,1.23134e-05
6.228977e-08,1.68537e-05
6.238977e-08,2.20427e-05
6.248977e-08,2.52858e-05
6.258977e-08,2.78803e-05
6.268977e-08,2.85289e-05
6.278977e-08,2.72317e-05
6.288977e-08,2.39886e-05
6.298977e-08,1.87996e-05
6.308977e-08,1.2962e-05
6.318977e-08,7.12444e-06
6.328977e-08,2.5841e-06
6.338977e-08,-1.03779e-08
6.348977e-08,-6.58998e-07
6.358977e-08,1.28686e-06
6.368977e-08,4.52996e-06
6.378977e-08,9.71892e-06
6.388977e-08,1.68537e-05
6.398977e-08,2.46372e-05
6.408977e-08,3.24206e-05
6.418977e-08,4.15013e-05
6.428977e-08,4.99334e-05
6.438977e-08,5.90141e-05
6.448977e-08,6.61489e-05
6.458977e-08,7.26351e-05
6.468977e-08,7.65268e-05
6.478977e-08,7.65268e-05
6.488977e-08,7.19865e-05
6.498977e-08,6.22572e-05
6.508977e-08,4.73389e-05
6.518977e-08,2.72317e-05
6.528977e-08,1.28686e-06
6.538977e-08,-2.7901e-05
6.548977e-08,-5.90348e-05
6.558977e-08,-9.01686e-05
6.568977e-08,-0.000118059
6.578977e-08,-0.000140761
6.588977e-08,-0.000154382
6.598977e-08,-0.000157625
6.608977e-08,-0.000149842
6.618977e-08,-0.00013168
6.628977e-08,-0.000104438
6.638977e-08,-7.00614e-05
6.648977e-08,-3.17928e-05
6.658977e-08,6.47582e-06
6.668977e-08,4.27986e-05
6.678977e-08,7.39323e-05
6.688977e-08,9.6634e-05
6.698977e-08,0.000109606
6.708977e-08,0.000113498
6.718977e-08,0.000109606
6.728977e-08,9.85799e-05
6.738977e-08,8.36616e-05
6.748977e-08,6.74461e-05
6.758977e-08,5.25279e-05
6.768977e-08,3.89068e-05
6.778977e-08,2.91775e-05
6.788977e-08,2.26913e-05
6.798977e-08,2.13941e-05
6.808977e-08,2.33399e-05
6.818977e-08,2.85289e-05
6.828977e-08,3.56637e-05
6.838977e-08,4.5393e-05
6.848977e-08,5.5771e-05
6.858977e-08,6.74461e-05
6.868977e-08,7.91213e-05
6.878977e-08,9.14451e-05
6.888977e-08,0.00010312
6.898977e-08,0.000114795
6.908977e-08,0.000126471
6.918977e-08,0.000137497
6.928977e-08,0.000147875
6.938977e-08,0.000155658
6.948977e-08,0.000162145
6.958977e-08,0.000167334
6.968977e-08,0.000171225
6.978977e-08,0.00017382
6.988977e-08,0.000175766
6.998977e-08,0.000177063
7.008977e-08,0.000177712
7.018977e-08,0.000177712
7.028977e-08,0.000176414
7.038977e-08,0.000174468
7.048977e-08,0.000171225
7.058977e-08,0.000166036
7.068977e-08,0.000158253
7.078977e-08,0.000148524
7.088977e-08,0.0001362
7.098977e-08,0.000122579
7.108977e-08,0.000107012
7.118977e-08,9.07964e-05
7.128977e-08,7.45809e-05
7.138977e-08,5.90141e-05
7.148977e-08,4.60417e-05
7.158977e-08,3.50151e-05
7.168977e-08,2.59344e-05
7.178977e-08,1.94482e-05
7.188977e-08,1.42593e-05
7.198977e-08,1.03675e-05
7.208977e-08,6.47582e-06
7.218977e-08,1.93548e-06
7.228977e-08,-4.55072e-06
7.238977e-08,-1.23342e-05
7.248977e-08,-2.14148e-05
7.258977e-08,-3.04955e-05
7.268977e-08,-4.02248e-05
7.278977e-08,-4.80083e-05
7.288977e-08,-5.44945e-05
7.298977e-08,-5.83862e-05
7.308977e-08,-5.90348e-05
7.318977e-08,-5.64403e-05
7.328977e-08,-5.12514e-05
7.338977e-08,-4.34679e-05
7.348977e-08,-3.37386e-05
7.358977e-08,-2.27121e-05
7.368977e-08,-1.16855e-05
7.378977e-08,-1.95624e-06
7.388977e-08,5.8272e-06
7.398977e-08,1.16648e-05
7.408977e-08,1.49079e-05
7.418977e-08,1.55565e-05
7.428977e-08,1.16648e-05
7.438977e-08,4.52996e-06
7.448977e-08,-5.84796e-06
7.458977e-08,-2.01176e-05
7.468977e-08,-3.69817e-05
7.478977e-08,-5.57917e-05
7.488977e-08,-7.58989e-05
7.498977e-08,-9.60062e-05
7.508977e-08,-0.000114168
7.518977e-08,-0.000129086
7.528977e-08,-0.000139464
7.538977e-08,-0.000145301
7.548977e-08,-0.000145301
7.558977e-08,-0.000139464
7.568977e-08,-0.000129086
7.578977e-08,-0.000115465
7.588977e-08,-9.98979e-05
7.598977e-08,-8.4331e-05
7.608977e-08,-7.00614e-05
7.618977e-08,-5.83862e-05
7.628977e-08,-5.12514e-05
7.638977e-08,-4.80083e-05
7.648977e-08,-4.73596e-05
7.658977e-08,-5.06027e-05
7.668977e-08,-5.57917e-05
7.678977e-08,-6.29265e-05
7.688977e-08,-7.071e-05
7.698977e-08,-7.71962e-05
7.708977e-08,-8.17365e-05
7.718977e-08,-8.36824e-05
7.728977e-08,-8.36824e-05
