LECROYWaveRunner‘N,20113,Waveform
Segments,1,SegmentSize,2002
Segment,TrigTime,TimeSinceSegment1
#1,28-Sep-2018 13:20:56,0                 
Time,Ampl
-1.228538e-07,-7.33045e-05
-1.227538e-07,-7.26558e-05
-1.226538e-07,-7.33045e-05
-1.225538e-07,-7.46017e-05
-1.224538e-07,-7.78448e-05
-1.223538e-07,-8.30338e-05
-1.222538e-07,-8.952e-05
-1.221538e-07,-9.73034e-05
-1.220538e-07,-0.000104438
-1.219538e-07,-0.000109627
-1.218538e-07,-0.000109627
-1.217538e-07,-0.000104438
-1.216538e-07,-9.34117e-05
-1.215538e-07,-7.58989e-05
-1.214538e-07,-5.25486e-05
-1.213538e-07,-2.40093e-05
-1.212538e-07,7.12444e-06
-1.211538e-07,3.82582e-05
-1.210538e-07,6.74461e-05
-1.209538e-07,9.33909e-05
-1.208538e-07,0.000115444
-1.207538e-07,0.000131011
-1.206538e-07,0.000140092
-1.205538e-07,0.000143983
-1.204538e-07,0.000142686
-1.203538e-07,0.000137497
-1.202538e-07,0.000129714
-1.201538e-07,0.000119984
-1.200538e-07,0.000110255
-1.199538e-07,0.000100526
-1.198538e-07,9.27423e-05
-1.197538e-07,8.56075e-05
-1.196538e-07,8.10671e-05
-1.195538e-07,7.84727e-05
-1.194538e-07,7.65268e-05
-1.193538e-07,7.45809e-05
-1.192538e-07,7.26351e-05
-1.191538e-07,7.06892e-05
-1.190538e-07,6.74461e-05
-1.189538e-07,6.29058e-05
-1.188538e-07,5.83654e-05
-1.187538e-07,5.31765e-05
-1.186538e-07,4.73389e-05
-1.185538e-07,4.21499e-05
-1.184538e-07,3.82582e-05
-1.183538e-07,3.56637e-05
-1.182538e-07,3.43665e-05
-1.181538e-07,3.6961e-05
-1.180538e-07,4.21499e-05
-1.179538e-07,5.12306e-05
-1.178538e-07,6.4203e-05
-1.177538e-07,8.04185e-05
-1.176538e-07,9.92285e-05
-1.175538e-07,0.000118687
-1.174538e-07,0.000138794
-1.173538e-07,0.000157604
-1.172538e-07,0.00017382
-1.171538e-07,0.000186144
-1.170538e-07,0.000193278
-1.169538e-07,0.000195873
-1.168538e-07,0.000193927
-1.167538e-07,0.000188089
-1.166538e-07,0.000180306
-1.165538e-07,0.000173171
-1.164538e-07,0.000167334
-1.163538e-07,0.000164091
-1.162538e-07,0.000164091
-1.161538e-07,0.000168631
-1.160538e-07,0.000177063
-1.159538e-07,0.000187441
-1.158538e-07,0.000198467
-1.157538e-07,0.000208845
-1.156538e-07,0.000216629
-1.155538e-07,0.00022052
-1.154538e-07,0.000219872
-1.153538e-07,0.000214034
-1.152538e-07,0.000204305
-1.151538e-07,0.000191333
-1.150538e-07,0.000177712
-1.149538e-07,0.000163442
-1.148538e-07,0.000151767
-1.147538e-07,0.000142686
-1.146538e-07,0.0001362
-1.145538e-07,0.000132308
-1.144538e-07,0.000131011
-1.143538e-07,0.000129714
-1.142538e-07,0.000127768
-1.141538e-07,0.000125173
-1.140538e-07,0.000119984
-1.139538e-07,0.00011285
-1.138538e-07,0.00010312
-1.137538e-07,9.14451e-05
-1.136538e-07,7.97699e-05
-1.135538e-07,6.74461e-05
-1.134538e-07,5.64196e-05
-1.133538e-07,4.60417e-05
-1.132538e-07,3.82582e-05
-1.131538e-07,3.30692e-05
-1.130538e-07,3.11234e-05
-1.129538e-07,3.24206e-05
-1.128538e-07,3.76096e-05
-1.127538e-07,4.60417e-05
-1.126538e-07,5.77168e-05
-1.125538e-07,7.26351e-05
-1.124538e-07,8.94992e-05
-1.123538e-07,0.000108309
-1.122538e-07,0.000127119
-1.121538e-07,0.000145929
-1.120538e-07,0.000162793
-1.119538e-07,0.000176414
-1.118538e-07,0.000184846
-1.117538e-07,0.000186792
-1.116538e-07,0.000182252
-1.115538e-07,0.000171225
-1.114538e-07,0.000153064
-1.113538e-07,0.000130362
-1.112538e-07,0.000104417
-1.111538e-07,7.7824e-05
-1.110538e-07,5.25279e-05
-1.109538e-07,3.04748e-05
-1.108538e-07,1.36106e-05
-1.107538e-07,3.23272e-06
-1.106538e-07,-6.58998e-07
-1.105538e-07,6.38242e-07
-1.104538e-07,7.12444e-06
-1.103538e-07,1.49079e-05
-1.102538e-07,2.39886e-05
-1.101538e-07,3.1772e-05
-1.100538e-07,3.82582e-05
-1.099538e-07,4.15013e-05
-1.098538e-07,4.27986e-05
-1.097538e-07,4.27986e-05
-1.096538e-07,4.21499e-05
-1.095538e-07,4.15013e-05
-1.094538e-07,4.27986e-05
-1.093538e-07,4.47444e-05
-1.092538e-07,4.79875e-05
-1.091538e-07,5.31765e-05
-1.090538e-07,5.90141e-05
-1.089538e-07,6.4203e-05
-1.088538e-07,6.87434e-05
-1.087538e-07,7.19865e-05
-1.086538e-07,7.45809e-05
-1.085538e-07,7.58782e-05
-1.084538e-07,7.65268e-05
-1.083538e-07,7.65268e-05
-1.082538e-07,7.71754e-05
-1.081538e-07,7.7824e-05
-1.080538e-07,7.91213e-05
-1.079538e-07,7.97699e-05
-1.078538e-07,7.84727e-05
-1.077538e-07,7.45809e-05
-1.076538e-07,6.67975e-05
-1.075538e-07,5.38251e-05
-1.074538e-07,3.50151e-05
-1.073538e-07,1.10162e-05
-1.072538e-07,-1.75231e-05
-1.071538e-07,-4.73596e-05
-1.070538e-07,-7.65476e-05
-1.069538e-07,-0.000101844
-1.068538e-07,-0.000120654
-1.067538e-07,-0.000132329
-1.066538e-07,-0.000132978
-1.065538e-07,-0.000123897
-1.064538e-07,-0.000105087
-1.063538e-07,-7.78448e-05
-1.062538e-07,-4.54138e-05
-1.061538e-07,-9.09106e-06
-1.060538e-07,2.72317e-05
-1.059538e-07,6.09599e-05
-1.058538e-07,9.07964e-05
-1.057538e-07,0.000115444
-1.056538e-07,0.000133605
-1.055538e-07,0.000145281
-1.054538e-07,0.000150469
-1.053538e-07,0.000149821
-1.052538e-07,0.000143335
-1.051538e-07,0.000132308
-1.050538e-07,0.00011739
-1.049538e-07,9.92285e-05
-1.048538e-07,7.97699e-05
-1.047538e-07,5.96627e-05
-1.046538e-07,3.95555e-05
-1.045538e-07,2.20427e-05
-1.044538e-07,6.47582e-06
-1.043538e-07,-6.49658e-06
-1.042538e-07,-1.49286e-05
-1.041538e-07,-2.01176e-05
-1.040538e-07,-2.07662e-05
-1.039538e-07,-1.81717e-05
-1.038538e-07,-1.36314e-05
-1.037538e-07,-8.44244e-06
-1.036538e-07,-2.60486e-06
-1.035538e-07,6.38242e-07
-1.034538e-07,1.93548e-06
-1.033538e-07,6.38242e-07
-1.032538e-07,-3.9021e-06
-1.031538e-07,-1.10369e-05
-1.030538e-07,-2.01176e-05
-1.029538e-07,-3.04955e-05
-1.028538e-07,-4.08734e-05
-1.027538e-07,-5.06027e-05
-1.026538e-07,-5.96834e-05
-1.025538e-07,-6.61696e-05
-1.024538e-07,-7.13586e-05
-1.023538e-07,-7.46017e-05
-1.022538e-07,-7.52503e-05
-1.021538e-07,-7.33045e-05
-1.020538e-07,-6.74669e-05
-1.019538e-07,-5.7089e-05
-1.018538e-07,-4.15221e-05
-1.017538e-07,-1.9469e-05
-1.016538e-07,7.77306e-06
-1.015538e-07,4.08527e-05
-1.014538e-07,7.7824e-05
-1.013538e-07,0.000116741
-1.012538e-07,0.000154361
-1.011538e-07,0.000188089
-1.010538e-07,0.000214034
-1.009538e-07,0.000230898
-1.008538e-07,0.000237385
-1.007538e-07,0.000232196
-1.006538e-07,0.000216629
-1.005538e-07,0.00019263
-1.004538e-07,0.000162793
-1.003538e-07,0.000129714
-1.002538e-07,9.59854e-05
-1.001538e-07,6.61489e-05
-1.000538e-07,4.08527e-05
-9.995377e-08,2.13941e-05
-9.985377e-08,9.71892e-06
-9.975377e-08,3.88134e-06
-9.965377e-08,3.23272e-06
-9.955377e-08,5.8272e-06
-9.945377e-08,1.03675e-05
-9.935377e-08,1.55565e-05
-9.925377e-08,1.94482e-05
-9.915377e-08,2.07455e-05
-9.905377e-08,1.94482e-05
-9.895377e-08,1.55565e-05
-9.885377e-08,8.42168e-06
-9.875377e-08,-1.95624e-06
-9.865377e-08,-1.49286e-05
-9.855377e-08,-3.04955e-05
-9.845377e-08,-4.6711e-05
-9.835377e-08,-6.35752e-05
-9.825377e-08,-7.97907e-05
-9.815377e-08,-9.47089e-05
-9.805377e-08,-0.000107033
-9.795377e-08,-0.000116113
-9.785377e-08,-0.000121951
-9.775377e-08,-0.000123897
-9.765377e-08,-0.000121951
-9.755377e-08,-0.000118059
-9.745377e-08,-0.000112222
-9.735377e-08,-0.000105735
-9.725377e-08,-0.000100547
-9.715377e-08,-9.73034e-05
-9.705377e-08,-9.60062e-05
-9.695377e-08,-9.73034e-05
-9.685377e-08,-9.92493e-05
-9.675377e-08,-0.000102492
-9.665377e-08,-0.00010379
-9.655377e-08,-0.000101844
-9.645377e-08,-9.60062e-05
-9.635377e-08,-8.49796e-05
-9.625377e-08,-6.81155e-05
-9.615377e-08,-4.6711e-05
-9.605377e-08,-2.07662e-05
-9.595377e-08,7.77306e-06
-9.585377e-08,3.6961e-05
-9.575377e-08,6.55003e-05
-9.565377e-08,9.14451e-05
-9.555377e-08,0.000113498
-9.545377e-08,0.00013166
-9.535377e-08,0.000145929
-9.525377e-08,0.000156307
-9.515377e-08,0.000162145
-9.505377e-08,0.000165388
-9.495377e-08,0.000165388
-9.485377e-08,0.000163442
-9.475377e-08,0.000157604
-9.465377e-08,0.000148524
-9.455377e-08,0.000136848
-9.445377e-08,0.00012193
-9.435377e-08,0.000104417
-9.425377e-08,8.49589e-05
-9.415377e-08,6.55003e-05
-9.405377e-08,4.73389e-05
-9.395377e-08,3.24206e-05
-9.385377e-08,2.20427e-05
-9.375377e-08,1.8151e-05
-9.365377e-08,2.07455e-05
-9.355377e-08,2.98261e-05
-9.345377e-08,4.40958e-05
-9.335377e-08,6.29058e-05
-9.325377e-08,8.43102e-05
-9.315377e-08,0.000105715
-9.305377e-08,0.000124525
-9.295377e-08,0.000140092
-9.285377e-08,0.000151118
-9.275377e-08,0.000156307
-9.265377e-08,0.000156956
-9.255377e-08,0.000153713
-9.245377e-08,0.000148524
-9.235377e-08,0.000142686
-9.225377e-08,0.0001362
-9.215377e-08,0.000129065
-9.205377e-08,0.00012193
-9.195377e-08,0.000115444
-9.185377e-08,0.000107661
-9.175377e-08,9.98771e-05
-9.165377e-08,9.07964e-05
-9.155377e-08,7.97699e-05
-9.145377e-08,6.87434e-05
-9.135377e-08,5.77168e-05
-9.125377e-08,4.79875e-05
-9.115377e-08,4.08527e-05
-9.105377e-08,3.63124e-05
-9.095377e-08,3.50151e-05
-9.085377e-08,3.6961e-05
-9.075377e-08,4.15013e-05
-9.065377e-08,4.66903e-05
-9.055377e-08,5.25279e-05
-9.045377e-08,5.70682e-05
-9.035377e-08,5.90141e-05
-9.025377e-08,5.77168e-05
-9.015377e-08,5.31765e-05
-9.005377e-08,4.60417e-05
-8.995377e-08,3.63124e-05
-8.985377e-08,2.52858e-05
-8.975377e-08,1.2962e-05
-8.965377e-08,1.93548e-06
-8.955377e-08,-8.44244e-06
-8.945377e-08,-1.62259e-05
-8.935377e-08,-2.07662e-05
-8.925377e-08,-2.20635e-05
-8.915377e-08,-1.9469e-05
-8.905377e-08,-1.428e-05
-8.895377e-08,-6.49658e-06
-8.885377e-08,3.88134e-06
-8.875377e-08,1.62051e-05
-8.865377e-08,2.98261e-05
-8.855377e-08,4.40958e-05
-8.845377e-08,5.77168e-05
-8.835377e-08,7.06892e-05
-8.825377e-08,8.10671e-05
-8.815377e-08,8.94992e-05
-8.805377e-08,9.40395e-05
-8.795377e-08,9.40395e-05
-8.785377e-08,9.07964e-05
-8.775377e-08,8.43102e-05
-8.765377e-08,7.39323e-05
-8.755377e-08,6.09599e-05
-8.745377e-08,4.60417e-05
-8.735377e-08,3.04748e-05
-8.725377e-08,1.55565e-05
-8.715377e-08,2.5841e-06
-8.705377e-08,-9.09106e-06
-8.695377e-08,-1.9469e-05
-8.685377e-08,-2.72524e-05
-8.675377e-08,-3.43872e-05
-8.665377e-08,-3.95762e-05
-8.655377e-08,-4.47652e-05
-8.645377e-08,-5.06027e-05
-8.635377e-08,-5.7089e-05
-8.625377e-08,-6.42238e-05
-8.615377e-08,-7.26558e-05
-8.605377e-08,-8.17365e-05
-8.595377e-08,-9.01686e-05
-8.585377e-08,-9.86006e-05
-8.575377e-08,-0.000104438
-8.565377e-08,-0.000107681
-8.555377e-08,-0.000107681
-8.545377e-08,-0.00010379
-8.535377e-08,-9.73034e-05
-8.525377e-08,-8.75741e-05
-8.515377e-08,-7.65476e-05
-8.505377e-08,-6.42238e-05
-8.495377e-08,-5.19e-05
-8.485377e-08,-4.15221e-05
-8.475377e-08,-3.309e-05
-8.465377e-08,-2.7901e-05
-8.455377e-08,-2.59552e-05
-8.445377e-08,-2.66038e-05
-8.435377e-08,-2.98469e-05
-8.425377e-08,-3.309e-05
-8.415377e-08,-3.69817e-05
-8.405377e-08,-4.02248e-05
-8.395377e-08,-4.21707e-05
-8.385377e-08,-4.28193e-05
-8.375377e-08,-4.08734e-05
-8.365377e-08,-3.69817e-05
-8.355377e-08,-3.24414e-05
-8.345377e-08,-2.7901e-05
-8.335377e-08,-2.33607e-05
-8.325377e-08,-1.9469e-05
-8.315377e-08,-1.68745e-05
-8.305377e-08,-1.55773e-05
-8.295377e-08,-1.62259e-05
-8.285377e-08,-1.75231e-05
-8.275377e-08,-2.01176e-05
-8.265377e-08,-2.33607e-05
-8.255377e-08,-2.72524e-05
-8.245377e-08,-3.11441e-05
-8.235377e-08,-3.69817e-05
-8.225377e-08,-4.28193e-05
-8.215377e-08,-4.93055e-05
-8.205377e-08,-5.64403e-05
-8.195377e-08,-6.35752e-05
-8.185377e-08,-7.00614e-05
-8.175377e-08,-7.46017e-05
-8.165377e-08,-7.78448e-05
-8.155377e-08,-7.9142e-05
-8.145377e-08,-7.9142e-05
-8.135377e-08,-7.65476e-05
-8.125377e-08,-7.20072e-05
-8.115377e-08,-6.61696e-05
-8.105377e-08,-6.03321e-05
-8.095377e-08,-5.51431e-05
-8.085377e-08,-4.99541e-05
-8.075377e-08,-4.60624e-05
-8.065377e-08,-4.34679e-05
-8.055377e-08,-4.08734e-05
-8.045377e-08,-3.95762e-05
-8.035377e-08,-3.76303e-05
-8.025377e-08,-3.56845e-05
-8.015377e-08,-3.24414e-05
-8.005377e-08,-2.85497e-05
-7.995377e-08,-2.33607e-05
-7.985377e-08,-1.75231e-05
-7.975377e-08,-1.10369e-05
-7.965377e-08,-4.55072e-06
-7.955377e-08,6.38242e-07
-7.945377e-08,5.17858e-06
-7.935377e-08,9.71892e-06
-7.925377e-08,1.42593e-05
-7.915377e-08,1.94482e-05
-7.905377e-08,2.52858e-05
-7.895377e-08,3.30692e-05
-7.885377e-08,4.27986e-05
-7.875377e-08,5.5771e-05
-7.865377e-08,7.00406e-05
-7.855377e-08,8.56075e-05
-7.845377e-08,0.000101174
-7.835377e-08,0.000114795
-7.825377e-08,0.000125173
-7.815377e-08,0.00013166
-7.805377e-08,0.000132957
-7.795377e-08,0.000129714
-7.785377e-08,0.000121282
-7.775377e-08,0.000108958
-7.765377e-08,9.27423e-05
-7.755377e-08,7.39323e-05
-7.745377e-08,5.31765e-05
-7.735377e-08,3.24206e-05
-7.725377e-08,1.16648e-05
-7.715377e-08,-9.73968e-06
-7.705377e-08,-2.98469e-05
-7.695377e-08,-4.86569e-05
-7.685377e-08,-6.48724e-05
-7.675377e-08,-7.84934e-05
-7.665377e-08,-8.82227e-05
-7.655377e-08,-9.34117e-05
-7.645377e-08,-9.47089e-05
-7.635377e-08,-9.14658e-05
-7.625377e-08,-8.4331e-05
-7.615377e-08,-7.33045e-05
-7.605377e-08,-6.09807e-05
-7.595377e-08,-4.80083e-05
-7.585377e-08,-3.63331e-05
-7.575377e-08,-2.59552e-05
-7.565377e-08,-1.9469e-05
-7.555377e-08,-1.62259e-05
-7.545377e-08,-1.62259e-05
-7.535377e-08,-1.81717e-05
-7.525377e-08,-2.07662e-05
-7.515377e-08,-2.20635e-05
-7.505377e-08,-2.14148e-05
-7.495377e-08,-1.75231e-05
-7.485377e-08,-1.16855e-05
-7.475377e-08,-3.25348e-06
-7.465377e-08,5.17858e-06
-7.455377e-08,1.42593e-05
-7.445377e-08,2.00968e-05
-7.435377e-08,2.20427e-05
-7.425377e-08,2.00968e-05
-7.415377e-08,1.36106e-05
-7.405377e-08,4.52996e-06
-7.395377e-08,-7.1452e-06
-7.385377e-08,-1.9469e-05
-7.375377e-08,-2.98469e-05
-7.365377e-08,-3.69817e-05
-7.355377e-08,-3.89276e-05
-7.345377e-08,-3.69817e-05
-7.335377e-08,-2.98469e-05
-7.325377e-08,-2.01176e-05
-7.315377e-08,-9.09106e-06
-7.305377e-08,6.38242e-07
-7.295377e-08,6.47582e-06
-7.285377e-08,7.12444e-06
-7.275377e-08,1.28686e-06
-7.265377e-08,-1.10369e-05
-7.255377e-08,-2.7901e-05
-7.245377e-08,-4.86569e-05
-7.235377e-08,-7.13586e-05
-7.225377e-08,-9.40603e-05
-7.215377e-08,-0.00011287
-7.205377e-08,-0.00012714
-7.195377e-08,-0.000135572
-7.185377e-08,-0.000136869
-7.175377e-08,-0.000132329
-7.165377e-08,-0.000121951
-7.155377e-08,-0.000107033
-7.145377e-08,-8.88713e-05
-7.135377e-08,-6.94127e-05
-7.125377e-08,-4.93055e-05
-7.115377e-08,-2.98469e-05
-7.105377e-08,-1.03883e-05
-7.095377e-08,7.12444e-06
-7.085377e-08,2.33399e-05
-7.075377e-08,3.63124e-05
-7.065377e-08,4.60417e-05
-7.055377e-08,5.18792e-05
-7.045377e-08,5.38251e-05
-7.035377e-08,5.0582e-05
-7.025377e-08,4.21499e-05
-7.015377e-08,2.85289e-05
-7.005377e-08,1.10162e-05
-6.995377e-08,-9.09106e-06
-6.985377e-08,-3.04955e-05
-6.975377e-08,-5.19e-05
-6.965377e-08,-7.13586e-05
-6.955377e-08,-8.69255e-05
-6.945377e-08,-9.73034e-05
-6.935377e-08,-0.000101844
-6.925377e-08,-0.000100547
-6.915377e-08,-9.53575e-05
-6.905377e-08,-8.62769e-05
-6.895377e-08,-7.46017e-05
-6.885377e-08,-6.29265e-05
-6.875377e-08,-5.25486e-05
-6.865377e-08,-4.28193e-05
-6.855377e-08,-3.43872e-05
-6.845377e-08,-2.66038e-05
-6.835377e-08,-1.9469e-05
-6.825377e-08,-1.29828e-05
-6.815377e-08,-5.19934e-06
-6.805377e-08,2.5841e-06
-6.795377e-08,1.10162e-05
-6.785377e-08,1.94482e-05
-6.775377e-08,2.6583e-05
-6.765377e-08,3.11234e-05
-6.755377e-08,3.1772e-05
-6.745377e-08,2.85289e-05
-6.735377e-08,2.20427e-05
-6.725377e-08,1.10162e-05
-6.715377e-08,-3.9021e-06
-6.705377e-08,-2.07662e-05
-6.695377e-08,-3.8279e-05
-6.685377e-08,-5.38459e-05
-6.675377e-08,-6.81155e-05
-6.665377e-08,-7.9142e-05
-6.655377e-08,-8.62769e-05
-6.645377e-08,-9.08172e-05
-6.635377e-08,-9.27631e-05
-6.625377e-08,-9.27631e-05
-6.615377e-08,-8.952e-05
-6.605377e-08,-8.4331e-05
-6.595377e-08,-7.84934e-05
-6.585377e-08,-7.071e-05
-6.575377e-08,-6.09807e-05
-6.565377e-08,-4.86569e-05
-6.555377e-08,-3.43872e-05
-6.545377e-08,-1.75231e-05
-6.535377e-08,1.28686e-06
-6.525377e-08,2.07455e-05
-6.515377e-08,3.95555e-05
-6.505377e-08,5.64196e-05
-6.495377e-08,7.13378e-05
-6.485377e-08,8.3013e-05
-6.475377e-08,9.01478e-05
-6.465377e-08,9.40395e-05
-6.455377e-08,9.46882e-05
-6.445377e-08,9.40395e-05
-6.435377e-08,9.33909e-05
-6.425377e-08,9.20937e-05
-6.415377e-08,9.20937e-05
-6.405377e-08,9.27423e-05
-6.395377e-08,9.46882e-05
-6.385377e-08,9.6634e-05
-6.375377e-08,9.79313e-05
-6.365377e-08,9.72826e-05
-6.355377e-08,9.33909e-05
-6.345377e-08,8.62561e-05
-6.335377e-08,7.52296e-05
-6.325377e-08,6.03113e-05
-6.315377e-08,4.34472e-05
-6.305377e-08,2.39886e-05
-6.295377e-08,3.88134e-06
-6.285377e-08,-1.55773e-05
-6.275377e-08,-3.43872e-05
-6.265377e-08,-5.06027e-05
-6.255377e-08,-6.35752e-05
-6.245377e-08,-7.39531e-05
-6.235377e-08,-7.97907e-05
-6.225377e-08,-8.23851e-05
-6.215377e-08,-8.04393e-05
-6.205377e-08,-7.46017e-05
-6.195377e-08,-6.42238e-05
-6.185377e-08,-4.93055e-05
-6.175377e-08,-2.98469e-05
-6.165377e-08,-7.1452e-06
-6.155377e-08,1.75024e-05
-6.145377e-08,4.47444e-05
-6.135377e-08,7.19865e-05
-6.125377e-08,9.72826e-05
-6.115377e-08,0.000118038
-6.105377e-08,0.000132957
-6.095377e-08,0.000142037
-6.085377e-08,0.000143335
-6.075377e-08,0.000138146
-6.065377e-08,0.000127119
-6.055377e-08,0.000112201
-6.045377e-08,9.40395e-05
-6.035377e-08,7.52296e-05
-6.025377e-08,5.70682e-05
-6.015377e-08,4.21499e-05
-6.005377e-08,3.1772e-05
-5.995377e-08,2.72317e-05
-5.985377e-08,2.85289e-05
-5.975377e-08,3.56637e-05
-5.965377e-08,4.79875e-05
-5.955377e-08,6.48516e-05
-5.945377e-08,8.56075e-05
-5.935377e-08,0.000108309
-5.925377e-08,0.00013166
-5.915377e-08,0.000154361
-5.905377e-08,0.000175117
-5.895377e-08,0.000193278
-5.885377e-08,0.000207548
-5.875377e-08,0.000216629
-5.865377e-08,0.000221169
-5.855377e-08,0.000221818
-5.845377e-08,0.000217926
-5.835377e-08,0.00021144
-5.825377e-08,0.000203008
-5.815377e-08,0.000194576
-5.805377e-08,0.000187441
-5.795377e-08,0.000180306
-5.785377e-08,0.00017382
-5.775377e-08,0.000169279
-5.765377e-08,0.000164739
-5.755377e-08,0.000160199
-5.745377e-08,0.00015501
-5.735377e-08,0.000148524
-5.725377e-08,0.000138794
-5.715377e-08,0.000125822
-5.705377e-08,0.000110904
-5.695377e-08,9.40395e-05
-5.685377e-08,7.65268e-05
-5.675377e-08,5.96627e-05
-5.665377e-08,4.47444e-05
-5.655377e-08,3.30692e-05
-5.645377e-08,2.59344e-05
-5.635377e-08,2.26913e-05
-5.625377e-08,2.39886e-05
-5.615377e-08,2.78803e-05
-5.605377e-08,3.30692e-05
-5.595377e-08,3.76096e-05
-5.585377e-08,4.08527e-05
-5.575377e-08,3.95555e-05
-5.565377e-08,3.43665e-05
-5.555377e-08,2.33399e-05
-5.545377e-08,7.12444e-06
-5.535377e-08,-1.29828e-05
-5.525377e-08,-3.50359e-05
-5.515377e-08,-5.83862e-05
-5.505377e-08,-7.97907e-05
-5.495377e-08,-9.7952e-05
-5.485377e-08,-0.000110276
-5.475377e-08,-0.000117411
-5.465377e-08,-0.000118708
-5.455377e-08,-0.000114168
-5.445377e-08,-0.000105735
-5.435377e-08,-9.34117e-05
-5.425377e-08,-7.9142e-05
-5.415377e-08,-6.35752e-05
-5.405377e-08,-4.73596e-05
-5.395377e-08,-3.17928e-05
-5.385377e-08,-1.55773e-05
-5.375377e-08,6.38242e-07
-5.365377e-08,1.8151e-05
-5.355377e-08,3.6961e-05
-5.345377e-08,5.70682e-05
-5.335377e-08,7.84727e-05
-5.325377e-08,0.000100526
-5.315377e-08,0.00012193
-5.305377e-08,0.000142037
-5.295377e-08,0.00015955
-5.285377e-08,0.00017382
-5.275377e-08,0.000182901
-5.265377e-08,0.000186792
-5.255377e-08,0.000185495
-5.245377e-08,0.000180306
-5.235377e-08,0.000171225
-5.225377e-08,0.000160199
-5.215377e-08,0.000147875
-5.205377e-08,0.0001362
-5.195377e-08,0.000125822
-5.185377e-08,0.00011739
-5.175377e-08,0.000110904
-5.165377e-08,0.000107012
-5.155377e-08,0.000104417
-5.145377e-08,0.000102472
-5.135377e-08,0.000100526
-5.125377e-08,9.92285e-05
-5.115377e-08,9.79313e-05
-5.105377e-08,9.59854e-05
-5.095377e-08,9.46882e-05
-5.085377e-08,9.20937e-05
-5.075377e-08,8.94992e-05
-5.065377e-08,8.49589e-05
-5.055377e-08,7.97699e-05
-5.045377e-08,7.39323e-05
-5.035377e-08,6.67975e-05
-5.025377e-08,5.83654e-05
-5.015377e-08,4.86361e-05
-5.005377e-08,3.76096e-05
-4.995377e-08,2.6583e-05
-4.985377e-08,1.55565e-05
-4.975377e-08,5.8272e-06
-4.965377e-08,-3.25348e-06
-4.955377e-08,-1.03883e-05
-4.945377e-08,-1.55773e-05
-4.935377e-08,-1.88204e-05
-4.925377e-08,-2.07662e-05
-4.915377e-08,-2.20635e-05
-4.905377e-08,-2.27121e-05
-4.895377e-08,-2.27121e-05
-4.885377e-08,-2.46579e-05
-4.875377e-08,-2.72524e-05
-4.865377e-08,-3.11441e-05
-4.855377e-08,-3.63331e-05
-4.845377e-08,-4.21707e-05
-4.835377e-08,-4.80083e-05
-4.825377e-08,-5.44945e-05
-4.815377e-08,-5.96834e-05
-4.805377e-08,-6.48724e-05
-4.795377e-08,-6.87641e-05
-4.785377e-08,-7.26558e-05
-4.775377e-08,-7.65476e-05
-4.765377e-08,-8.04393e-05
-4.755377e-08,-8.4331e-05
-4.745377e-08,-8.82227e-05
-4.735377e-08,-9.08172e-05
-4.725377e-08,-9.08172e-05
-4.715377e-08,-8.952e-05
-4.705377e-08,-8.4331e-05
-4.695377e-08,-7.52503e-05
-4.685377e-08,-6.35752e-05
-4.675377e-08,-4.93055e-05
-4.665377e-08,-3.37386e-05
-4.655377e-08,-1.75231e-05
-4.645377e-08,-2.60486e-06
-4.635377e-08,1.03675e-05
-4.625377e-08,1.94482e-05
-4.615377e-08,2.59344e-05
-4.605377e-08,2.91775e-05
-4.595377e-08,3.04748e-05
-4.585377e-08,3.04748e-05
-4.575377e-08,3.04748e-05
-4.565377e-08,3.1772e-05
-4.555377e-08,3.30692e-05
-4.545377e-08,3.50151e-05
-4.535377e-08,3.6961e-05
-4.525377e-08,3.82582e-05
-4.515377e-08,3.6961e-05
-4.505377e-08,3.30692e-05
-4.495377e-08,2.52858e-05
-4.485377e-08,1.36106e-05
-4.475377e-08,-1.95624e-06
-4.465377e-08,-1.9469e-05
-4.455377e-08,-3.76303e-05
-4.445377e-08,-5.31972e-05
-4.435377e-08,-6.61696e-05
-4.425377e-08,-7.33045e-05
-4.415377e-08,-7.39531e-05
-4.405377e-08,-6.81155e-05
-4.395377e-08,-5.7089e-05
-4.385377e-08,-4.21707e-05
-4.375377e-08,-2.53066e-05
-4.365377e-08,-8.44244e-06
-4.355377e-08,5.8272e-06
-4.345377e-08,1.68537e-05
-4.335377e-08,2.33399e-05
-4.325377e-08,2.52858e-05
-4.315377e-08,2.20427e-05
-4.305377e-08,1.55565e-05
-4.295377e-08,7.77306e-06
-4.285377e-08,-1.30762e-06
-4.275377e-08,-9.73968e-06
-4.265377e-08,-1.68745e-05
-4.255377e-08,-2.07662e-05
-4.245377e-08,-2.14148e-05
-4.235377e-08,-1.9469e-05
-4.225377e-08,-1.36314e-05
-4.215377e-08,-4.55072e-06
-4.205377e-08,7.12444e-06
-4.195377e-08,2.07455e-05
-4.185377e-08,3.76096e-05
-4.175377e-08,5.64196e-05
-4.165377e-08,7.84727e-05
-4.155377e-08,0.000101174
-4.145377e-08,0.000123876
-4.135377e-08,0.000145929
-4.125377e-08,0.000166036
-4.115377e-08,0.000183549
-4.105377e-08,0.000195873
-4.095377e-08,0.000203008
-4.085377e-08,0.000203008
-4.075377e-08,0.000195873
-4.065377e-08,0.000182252
-4.055377e-08,0.000163442
-4.045377e-08,0.000140092
-4.035377e-08,0.000114147
-4.025377e-08,8.69047e-05
-4.015377e-08,6.16085e-05
-4.005377e-08,3.95555e-05
-3.995377e-08,2.07455e-05
-3.985377e-08,6.47582e-06
-3.975377e-08,-3.25348e-06
-3.965377e-08,-8.44244e-06
-3.955377e-08,-1.16855e-05
-3.945377e-08,-1.23342e-05
-3.935377e-08,-1.23342e-05
-3.925377e-08,-1.16855e-05
-3.915377e-08,-1.16855e-05
-3.905377e-08,-1.23342e-05
-3.895377e-08,-1.428e-05
-3.885377e-08,-1.62259e-05
-3.875377e-08,-1.88204e-05
-3.865377e-08,-2.14148e-05
-3.855377e-08,-2.33607e-05
-3.845377e-08,-2.53066e-05
-3.835377e-08,-2.72524e-05
-3.825377e-08,-2.98469e-05
-3.815377e-08,-3.24414e-05
-3.805377e-08,-3.50359e-05
-3.795377e-08,-3.95762e-05
-3.785377e-08,-4.41165e-05
-3.775377e-08,-4.86569e-05
-3.765377e-08,-5.19e-05
-3.755377e-08,-5.38459e-05
-3.745377e-08,-5.51431e-05
-3.735377e-08,-5.38459e-05
-3.725377e-08,-5.12514e-05
-3.715377e-08,-4.73596e-05
-3.705377e-08,-4.28193e-05
-3.695377e-08,-3.76303e-05
-3.685377e-08,-3.43872e-05
-3.675377e-08,-3.17928e-05
-3.665377e-08,-3.04955e-05
-3.655377e-08,-2.98469e-05
-3.645377e-08,-2.91983e-05
-3.635377e-08,-2.72524e-05
-3.625377e-08,-2.46579e-05
-3.615377e-08,-1.88204e-05
-3.605377e-08,-9.73968e-06
-3.595377e-08,1.28686e-06
-3.585377e-08,1.2962e-05
-3.575377e-08,2.52858e-05
-3.565377e-08,3.50151e-05
-3.555377e-08,4.15013e-05
-3.545377e-08,4.34472e-05
-3.535377e-08,4.08527e-05
-3.525377e-08,3.37179e-05
-3.515377e-08,2.33399e-05
-3.505377e-08,1.10162e-05
-3.495377e-08,-1.30762e-06
-3.485377e-08,-1.16855e-05
-3.475377e-08,-1.88204e-05
-3.465377e-08,-2.20635e-05
-3.455377e-08,-1.9469e-05
-3.445377e-08,-1.29828e-05
-3.435377e-08,-3.25348e-06
-3.425377e-08,9.0703e-06
-3.415377e-08,2.26913e-05
-3.405377e-08,3.63124e-05
-3.395377e-08,4.86361e-05
-3.385377e-08,5.90141e-05
-3.375377e-08,6.87434e-05
-3.365377e-08,7.7824e-05
-3.355377e-08,8.69047e-05
-3.345377e-08,9.6634e-05
-3.335377e-08,0.000108309
-3.325377e-08,0.000120633
-3.315377e-08,0.000133605
-3.305377e-08,0.000147875
-3.295377e-08,0.000161496
-3.285377e-08,0.000174468
-3.275377e-08,0.000185495
-3.265377e-08,0.000195224
-3.255377e-08,0.000202359
-3.245377e-08,0.000208197
-3.235377e-08,0.000212737
-3.225377e-08,0.000216629
-3.215377e-08,0.000221169
-3.205377e-08,0.000225709
-3.195377e-08,0.00023025
-3.185377e-08,0.000234141
-3.175377e-08,0.000235439
-3.165377e-08,0.000233493
-3.155377e-08,0.000227007
-3.145377e-08,0.00021598
-3.135377e-08,0.000201062
-3.125377e-08,0.000182252
-3.115377e-08,0.000162793
-3.105377e-08,0.000143983
-3.095377e-08,0.000127768
-3.085377e-08,0.000116093
-3.075377e-08,0.000109606
-3.065377e-08,0.000108958
-3.055377e-08,0.000113498
-3.045377e-08,0.00012193
-3.035377e-08,0.00013166
-3.025377e-08,0.00014074
-3.015377e-08,0.000146578
-3.005377e-08,0.000147875
-2.995377e-08,0.000143983
-2.985377e-08,0.000135551
-2.975377e-08,0.00012193
-2.965377e-08,0.000106363
-2.955377e-08,8.94992e-05
-2.945377e-08,7.39323e-05
-2.935377e-08,6.16085e-05
-2.925377e-08,5.38251e-05
-2.915377e-08,5.0582e-05
-2.905377e-08,5.18792e-05
-2.895377e-08,5.64196e-05
-2.885377e-08,6.35544e-05
-2.875377e-08,7.19865e-05
-2.865377e-08,8.04185e-05
-2.855377e-08,8.8202e-05
-2.845377e-08,9.53368e-05
-2.835377e-08,0.000101174
-2.825377e-08,0.000105715
-2.815377e-08,0.000110255
-2.805377e-08,0.000114795
-2.795377e-08,0.000119336
-2.785377e-08,0.000123227
-2.775377e-08,0.000126471
-2.765377e-08,0.000128416
-2.755377e-08,0.000127119
-2.745377e-08,0.000123876
-2.735377e-08,0.00011739
-2.725377e-08,0.000108958
-2.715377e-08,9.72826e-05
-2.705377e-08,8.43102e-05
-2.695377e-08,7.06892e-05
-2.685377e-08,5.77168e-05
-2.675377e-08,4.5393e-05
-2.665377e-08,3.50151e-05
-2.655377e-08,2.46372e-05
-2.645377e-08,1.49079e-05
-2.635377e-08,3.88134e-06
-2.625377e-08,-7.1452e-06
-2.615377e-08,-1.9469e-05
-2.605377e-08,-3.17928e-05
-2.595377e-08,-4.41165e-05
-2.585377e-08,-5.57917e-05
-2.575377e-08,-6.48724e-05
-2.565377e-08,-7.00614e-05
-2.555377e-08,-7.00614e-05
-2.545377e-08,-6.29265e-05
-2.535377e-08,-4.93055e-05
-2.525377e-08,-2.85497e-05
-2.515377e-08,-2.60486e-06
-2.505377e-08,2.6583e-05
-2.495377e-08,5.83654e-05
-2.485377e-08,8.94992e-05
-2.475377e-08,0.000119336
-2.465377e-08,0.000145281
-2.455377e-08,0.000167982
-2.445377e-08,0.000186144
-2.435377e-08,0.000199765
-2.425377e-08,0.000210143
-2.415377e-08,0.000218575
-2.405377e-08,0.000224412
-2.395377e-08,0.000228304
-2.385377e-08,0.000230898
-2.375377e-08,0.000231547
-2.365377e-08,0.00023025
-2.355377e-08,0.000226358
-2.345377e-08,0.000219872
-2.335377e-08,0.000210143
-2.325377e-08,0.000197819
-2.315377e-08,0.000183549
-2.305377e-08,0.000167982
-2.295377e-08,0.000153713
-2.285377e-08,0.000140092
-2.275377e-08,0.000129714
-2.265377e-08,0.00012193
-2.255377e-08,0.000116741
-2.245377e-08,0.000113498
-2.235377e-08,0.000110904
-2.225377e-08,0.000108309
-2.215377e-08,0.000103769
-2.205377e-08,9.59854e-05
-2.195377e-08,8.43102e-05
-2.185377e-08,6.87434e-05
-2.175377e-08,5.0582e-05
-2.165377e-08,3.04748e-05
-2.155377e-08,9.71892e-06
-2.145377e-08,-9.73968e-06
-2.135377e-08,-2.66038e-05
-2.125377e-08,-3.95762e-05
-2.115377e-08,-4.80083e-05
-2.105377e-08,-5.12514e-05
-2.095377e-08,-4.80083e-05
-2.085377e-08,-3.95762e-05
-2.075377e-08,-2.66038e-05
-2.065377e-08,-8.44244e-06
-2.055377e-08,1.42593e-05
-2.045377e-08,4.02041e-05
-2.035377e-08,7.00406e-05
-2.025377e-08,0.000101823
-2.015377e-08,0.000134903
-2.005377e-08,0.000168631
-1.995377e-08,0.000201062
-1.985377e-08,0.000230898
-1.975377e-08,0.000254897
-1.965377e-08,0.000273059
-1.955377e-08,0.000284085
-1.945377e-08,0.000286031
-1.935377e-08,0.000280842
-1.925377e-08,0.00026787
-1.915377e-08,0.00024906
-1.905377e-08,0.000226358
-1.895377e-08,0.00020171
-1.885377e-08,0.000177063
-1.875377e-08,0.000154361
-1.865377e-08,0.000134903
-1.855377e-08,0.000119336
-1.845377e-08,0.000108309
-1.835377e-08,9.98771e-05
-1.825377e-08,9.46882e-05
-1.815377e-08,9.14451e-05
-1.805377e-08,8.88506e-05
-1.795377e-08,8.69047e-05
-1.785377e-08,8.49589e-05
-1.775377e-08,8.3013e-05
-1.765377e-08,8.17158e-05
-1.755377e-08,8.10671e-05
-1.745377e-08,8.23644e-05
-1.735377e-08,8.43102e-05
-1.725377e-08,8.69047e-05
-1.715377e-08,8.94992e-05
-1.705377e-08,9.14451e-05
-1.695377e-08,9.33909e-05
-1.685377e-08,9.46882e-05
-1.675377e-08,9.46882e-05
-1.665377e-08,9.40395e-05
-1.655377e-08,9.40395e-05
-1.645377e-08,9.53368e-05
-1.635377e-08,9.85799e-05
-1.625377e-08,0.000103769
-1.615377e-08,0.00011285
-1.605377e-08,0.000125173
-1.595377e-08,0.000139443
-1.585377e-08,0.000153064
-1.575377e-08,0.000165388
-1.565377e-08,0.000173171
-1.555377e-08,0.000175766
-1.545377e-08,0.000169928
-1.535377e-08,0.000157604
-1.525377e-08,0.000138794
-1.515377e-08,0.000114795
-1.505377e-08,8.8202e-05
-1.495377e-08,6.16085e-05
-1.485377e-08,3.82582e-05
-1.475377e-08,2.00968e-05
-1.465377e-08,8.42168e-06
-1.455377e-08,3.23272e-06
-1.445377e-08,5.8272e-06
-1.435377e-08,1.2962e-05
-1.425377e-08,2.33399e-05
-1.415377e-08,3.37179e-05
-1.405377e-08,4.27986e-05
-1.395377e-08,4.86361e-05
-1.385377e-08,4.99334e-05
-1.375377e-08,4.79875e-05
-1.365377e-08,4.40958e-05
-1.355377e-08,3.89068e-05
-1.345377e-08,3.43665e-05
-1.335377e-08,3.24206e-05
-1.325377e-08,3.37179e-05
-1.315377e-08,3.89068e-05
-1.305377e-08,4.73389e-05
-1.295377e-08,5.83654e-05
-1.285377e-08,7.06892e-05
-1.275377e-08,8.23644e-05
-1.265377e-08,9.27423e-05
-1.255377e-08,9.98771e-05
-1.245377e-08,0.000103769
-1.235377e-08,0.000103769
-1.225377e-08,0.000101174
-1.215377e-08,9.6634e-05
-1.205377e-08,9.14451e-05
-1.195377e-08,8.56075e-05
-1.185377e-08,8.10671e-05
-1.175377e-08,7.71754e-05
-1.165377e-08,7.39323e-05
-1.155377e-08,7.00406e-05
-1.145377e-08,6.67975e-05
-1.135377e-08,6.35544e-05
-1.125377e-08,6.09599e-05
-1.115377e-08,5.90141e-05
-1.105377e-08,5.83654e-05
-1.095377e-08,6.03113e-05
-1.085377e-08,6.55003e-05
-1.075377e-08,7.45809e-05
-1.065377e-08,8.75533e-05
-1.055377e-08,0.000103769
-1.045377e-08,0.00012193
-1.035377e-08,0.000138794
-1.025377e-08,0.000153064
-1.015377e-08,0.000163442
-1.005377e-08,0.000168631
-9.953774e-09,0.000166685
-9.853774e-09,0.00015955
-9.753774e-09,0.000147226
-9.653774e-09,0.000132957
-9.553774e-09,0.000118038
-9.453774e-09,0.000105066
-9.353774e-09,9.6634e-05
-9.253774e-09,9.27423e-05
-9.153774e-09,9.33909e-05
-9.053774e-09,9.72826e-05
-8.953774e-09,0.000102472
-8.853774e-09,0.000108958
-8.753774e-09,0.000113498
-8.653774e-09,0.00011739
-8.553774e-09,0.000118687
-8.453774e-09,0.000118038
-8.353774e-09,0.000116741
-8.253774e-09,0.000116741
-8.153774e-09,0.000118687
-8.053774e-09,0.000123876
-7.953774e-09,0.000131011
-7.853774e-09,0.00014074
-7.753774e-09,0.000150469
-7.653774e-09,0.000157604
-7.553774e-09,0.000160847
-7.453774e-09,0.000158902
-7.353774e-09,0.000149172
-7.253774e-09,0.000132308
-7.153774e-09,0.000108958
-7.053774e-09,8.10671e-05
-6.953774e-09,5.12306e-05
-6.853774e-09,2.33399e-05
-6.753774e-09,-6.58998e-07
-6.653774e-09,-1.88204e-05
-6.553774e-09,-3.04955e-05
-6.453774e-09,-3.69817e-05
-6.353774e-09,-3.8279e-05
-6.253774e-09,-3.69817e-05
-6.153774e-09,-3.37386e-05
-6.053774e-09,-3.24414e-05
-5.953774e-09,-3.309e-05
-5.853774e-09,-3.63331e-05
-5.753774e-09,-4.21707e-05
-5.653774e-09,-4.86569e-05
-5.553774e-09,-5.51431e-05
-5.453774e-09,-5.83862e-05
-5.353774e-09,-5.90348e-05
-5.253774e-09,-5.57917e-05
-5.153774e-09,-4.99541e-05
-5.053774e-09,-4.15221e-05
-4.953774e-09,-3.11441e-05
-4.853774e-09,-2.20635e-05
-4.753774e-09,-1.55773e-05
-4.653774e-09,-1.16855e-05
-4.553774e-09,-1.16855e-05
-4.453774e-09,-1.29828e-05
-4.353774e-09,-1.62259e-05
-4.253774e-09,-1.88204e-05
-4.153774e-09,-2.07662e-05
-4.053774e-09,-2.07662e-05
-3.953774e-09,-1.88204e-05
-3.853774e-09,-1.62259e-05
-3.753774e-09,-1.23342e-05
-3.653774e-09,-8.44244e-06
-3.553774e-09,-5.84796e-06
-3.453774e-09,-7.1452e-06
-3.353774e-09,-1.29828e-05
-3.253774e-09,-2.27121e-05
-3.153774e-09,-3.8279e-05
-3.053774e-09,-5.7089e-05
-2.953774e-09,-7.97907e-05
-2.853774e-09,-0.000104438
-2.753774e-09,-0.000131032
-2.653774e-09,-0.000157625
-2.553774e-09,-0.000184867
-2.453774e-09,-0.000212758
-2.353774e-09,-0.000243892
-2.253774e-09,-0.000278917
-2.153774e-09,-0.000318483
-2.053774e-09,-0.000364535
-1.953774e-09,-0.000415776
-1.853774e-09,-0.000473503
-1.753774e-09,-0.000534473
-1.653774e-09,-0.000598687
-1.553774e-09,-0.000664197
-1.453774e-09,-0.000728411
-1.353774e-09,-0.00079003
-1.253774e-09,-0.000847757
-1.153774e-09,-0.00090289
-1.053774e-09,-0.000954779
-9.537744e-10,-0.00100667
-8.537744e-10,-0.0010605
-7.537744e-10,-0.00111758
-6.537744e-10,-0.0011805
-5.537744e-10,-0.00124925
-4.537744e-10,-0.00132514
-3.537744e-10,-0.00140687
-2.537744e-10,-0.00149378
-1.537744e-10,-0.00158329
-5.377439e-11,-0.0016741
4.622561e-11,-0.00176426
1.462256e-10,-0.00185182
2.462256e-10,-0.00193484
3.462256e-10,-0.00201333
4.462256e-10,-0.00208662
5.462256e-10,-0.00215343
6.462256e-10,-0.0022144
7.462256e-10,-0.00226824
8.462256e-10,-0.00231558
9.462256e-10,-0.0023558
1.046226e-09,-0.00238823
1.146226e-09,-0.00241158
1.246226e-09,-0.00242585
1.346226e-09,-0.00243169
1.446226e-09,-0.00243039
1.546226e-09,-0.0024239
1.646226e-09,-0.00241417
1.746226e-09,-0.00240315
1.846226e-09,-0.00239342
1.946226e-09,-0.00238564
2.046226e-09,-0.00238109
2.146226e-09,-0.0023798
2.246226e-09,-0.00238045
2.346226e-09,-0.0023798
2.446226e-09,-0.00237655
2.546226e-09,-0.00236942
2.646226e-09,-0.00235515
2.746226e-09,-0.00233375
2.846226e-09,-0.00230521
2.946226e-09,-0.00227083
3.046226e-09,-0.00223321
3.146226e-09,-0.00219494
3.246226e-09,-0.00215862
3.346226e-09,-0.00212684
3.446226e-09,-0.00210154
3.546226e-09,-0.00208338
3.646226e-09,-0.00207041
3.746226e-09,-0.00206327
3.846226e-09,-0.00205808
3.946226e-09,-0.00205289
4.046226e-09,-0.00204641
4.146226e-09,-0.00203668
4.246226e-09,-0.00202241
4.346226e-09,-0.00200425
4.446226e-09,-0.00198284
4.546226e-09,-0.00195949
4.646226e-09,-0.00193355
4.746226e-09,-0.0019076
4.846226e-09,-0.00188036
4.946226e-09,-0.00185182
5.046226e-09,-0.00182134
5.146226e-09,-0.00178696
5.246226e-09,-0.00174739
5.346226e-09,-0.00170264
5.446226e-09,-0.00165334
5.546226e-09,-0.00159951
5.646226e-09,-0.00154373
5.746226e-09,-0.00148795
5.846226e-09,-0.00143411
5.946226e-09,-0.00138611
6.046226e-09,-0.00134525
6.146226e-09,-0.00131217
6.246226e-09,-0.00128687
6.346226e-09,-0.00126871
6.446226e-09,-0.00125574
6.546226e-09,-0.00124601
6.646226e-09,-0.00123693
6.746226e-09,-0.0012272
6.846226e-09,-0.00121682
6.946226e-09,-0.00120385
7.046226e-09,-0.00118893
7.146226e-09,-0.00117336
7.246226e-09,-0.00115715
7.346226e-09,-0.00114093
7.446226e-09,-0.00112472
7.546226e-09,-0.00110915
7.646226e-09,-0.00109229
7.746226e-09,-0.00107153
7.846226e-09,-0.00104623
7.946226e-09,-0.00101575
8.046226e-09,-0.000978778
8.146226e-09,-0.000935969
8.246226e-09,-0.000889269
8.346226e-09,-0.000840622
8.446226e-09,-0.000793273
8.546226e-09,-0.000749815
8.646226e-09,-0.000712195
8.746226e-09,-0.000681062
8.846226e-09,-0.000657711
8.946226e-09,-0.000640847
9.046226e-09,-0.000629172
9.146226e-09,-0.00062074
9.246226e-09,-0.000612308
9.346226e-09,-0.000603227
9.446226e-09,-0.000590255
9.546226e-09,-0.000574688
9.646226e-09,-0.000555878
9.746226e-09,-0.000536419
9.846226e-09,-0.000516961
9.946226e-09,-0.000500097
1.004623e-08,-0.000487773
1.014623e-08,-0.000481287
1.024623e-08,-0.000478692
1.034623e-08,-0.000480638
1.044623e-08,-0.000485827
1.054623e-08,-0.000492313
1.064623e-08,-0.000498799
1.074623e-08,-0.000503988
1.084623e-08,-0.00050788
1.094623e-08,-0.000509177
1.104623e-08,-0.000509177
1.114623e-08,-0.00050788
1.124623e-08,-0.000507231
1.134623e-08,-0.000508529
1.144623e-08,-0.000510474
1.154623e-08,-0.000514366
1.164623e-08,-0.000519555
1.174623e-08,-0.000524095
1.184623e-08,-0.000528636
1.194623e-08,-0.000531879
1.204623e-08,-0.000535122
1.214623e-08,-0.000539014
1.224623e-08,-0.000543554
1.234623e-08,-0.00055004
1.244623e-08,-0.00055977
1.254623e-08,-0.000574039
1.264623e-08,-0.000590903
1.274623e-08,-0.000609713
1.284623e-08,-0.000629172
1.294623e-08,-0.000647333
1.304623e-08,-0.000661603
1.314623e-08,-0.000670035
1.324623e-08,-0.000671332
1.334623e-08,-0.000664846
1.344623e-08,-0.000650576
1.354623e-08,-0.000629821
1.364623e-08,-0.000605822
1.374623e-08,-0.000581174
1.384623e-08,-0.000557175
1.394623e-08,-0.000537068
1.404623e-08,-0.000522798
1.414623e-08,-0.000513069
1.424623e-08,-0.000507231
1.434623e-08,-0.000504637
1.444623e-08,-0.00050334
1.454623e-08,-0.000502042
1.464623e-08,-0.000498799
1.474623e-08,-0.00049361
1.484623e-08,-0.000486475
1.494623e-08,-0.000478043
1.504623e-08,-0.000469611
1.514623e-08,-0.000461828
1.524623e-08,-0.000457288
1.534623e-08,-0.000456639
1.544623e-08,-0.000459233
1.554623e-08,-0.000465071
1.564623e-08,-0.000473503
1.574623e-08,-0.000483232
1.584623e-08,-0.000492313
1.594623e-08,-0.000500745
1.604623e-08,-0.00050788
1.614623e-08,-0.00051242
1.624623e-08,-0.000516312
1.634623e-08,-0.000520204
1.644623e-08,-0.00052669
1.654623e-08,-0.000534473
1.664623e-08,-0.000544203
1.674623e-08,-0.000555229
1.684623e-08,-0.000566904
1.694623e-08,-0.000577282
1.704623e-08,-0.000583769
1.714623e-08,-0.000585066
1.724623e-08,-0.000579877
1.734623e-08,-0.000565607
1.744623e-08,-0.000542257
1.754623e-08,-0.000511772
1.764623e-08,-0.0004748
1.774623e-08,-0.000434586
1.784623e-08,-0.000392426
1.794623e-08,-0.000350914
1.804623e-08,-0.000313294
1.814623e-08,-0.000280214
1.824623e-08,-0.000251675
1.834623e-08,-0.000229622
1.844623e-08,-0.000212109
1.854623e-08,-0.000198488
1.864623e-08,-0.000187462
1.874623e-08,-0.000178381
1.884623e-08,-0.000171246
1.894623e-08,-0.000165409
1.904623e-08,-0.000160868
1.914623e-08,-0.000156976
1.924623e-08,-0.000154382
1.934623e-08,-0.000153733
1.944623e-08,-0.000153085
1.954623e-08,-0.000154382
1.964623e-08,-0.000156328
1.974623e-08,-0.000158274
1.984623e-08,-0.000158274
1.994623e-08,-0.000157625
2.004623e-08,-0.000155679
2.014623e-08,-0.000152436
2.024623e-08,-0.000147896
2.034623e-08,-0.000142707
2.044623e-08,-0.000139464
2.054623e-08,-0.000138166
2.064623e-08,-0.000139464
2.074623e-08,-0.000144004
2.084623e-08,-0.000151139
2.094623e-08,-0.000160868
2.104623e-08,-0.0001693
2.114623e-08,-0.000177084
2.124623e-08,-0.000181624
2.134623e-08,-0.000181624
2.144623e-08,-0.000177732
2.154623e-08,-0.0001693
2.164623e-08,-0.000157625
2.174623e-08,-0.000145301
2.184623e-08,-0.000132978
2.194623e-08,-0.000121951
2.204623e-08,-0.000115465
2.214623e-08,-0.000112222
2.224623e-08,-0.00011287
2.234623e-08,-0.000116762
2.244623e-08,-0.0001226
2.254623e-08,-0.000128437
2.264623e-08,-0.000132329
2.274623e-08,-0.000134923
2.284623e-08,-0.000136221
2.294623e-08,-0.000134923
2.304623e-08,-0.000132978
2.314623e-08,-0.000131032
2.324623e-08,-0.00013168
2.334623e-08,-0.000136221
2.344623e-08,-0.000144653
2.354623e-08,-0.000158274
2.364623e-08,-0.000175786
2.374623e-08,-0.000195894
2.384623e-08,-0.00021665
2.394623e-08,-0.000238054
2.404623e-08,-0.000256864
2.414623e-08,-0.000273728
2.424623e-08,-0.0002867
2.434623e-08,-0.000295781
2.444623e-08,-0.000302916
2.454623e-08,-0.000308754
2.464623e-08,-0.000313943
2.474623e-08,-0.000319131
2.484623e-08,-0.000325618
2.494623e-08,-0.000332104
2.504623e-08,-0.000336644
2.514623e-08,-0.00033859
2.524623e-08,-0.000337293
2.534623e-08,-0.000331455
2.544623e-08,-0.000321077
2.554623e-08,-0.00030551
2.564623e-08,-0.0002867
2.574623e-08,-0.000265945
2.584623e-08,-0.000245837
2.594623e-08,-0.000227676
2.604623e-08,-0.000213406
2.614623e-08,-0.000203677
2.624623e-08,-0.000199785
2.634623e-08,-0.000199785
2.644623e-08,-0.000204326
2.654623e-08,-0.000210812
2.664623e-08,-0.000218595
2.674623e-08,-0.00022573
2.684623e-08,-0.000231568
2.694623e-08,-0.000236108
2.704623e-08,-0.000239351
2.714623e-08,-0.000242594
2.724623e-08,-0.000246486
2.734623e-08,-0.000251026
2.744623e-08,-0.000256215
2.754623e-08,-0.000260107
2.764623e-08,-0.000262702
2.774623e-08,-0.000262053
2.784623e-08,-0.000256864
2.794623e-08,-0.000245837
2.804623e-08,-0.000229622
2.814623e-08,-0.000208217
2.824623e-08,-0.000182921
2.834623e-08,-0.000156328
2.844623e-08,-0.000130383
2.854623e-08,-0.000108979
2.864623e-08,-9.40603e-05
2.874623e-08,-8.75741e-05
2.884623e-08,-8.952e-05
2.894623e-08,-9.86006e-05
2.904623e-08,-0.00011287
2.914623e-08,-0.000129734
2.924623e-08,-0.00014595
2.934623e-08,-0.000158274
2.944623e-08,-0.00016476
2.954623e-08,-0.000164111
2.964623e-08,-0.000156328
2.974623e-08,-0.00014141
2.984623e-08,-0.000121951
2.994623e-08,-9.92493e-05
3.004623e-08,-7.65476e-05
3.014623e-08,-5.51431e-05
3.024623e-08,-3.63331e-05
3.034623e-08,-2.07662e-05
3.044623e-08,-8.44244e-06
3.054623e-08,3.23272e-06
3.064623e-08,1.42593e-05
3.074623e-08,2.72317e-05
3.084623e-08,4.15013e-05
3.094623e-08,5.77168e-05
3.104623e-08,7.52296e-05
3.114623e-08,9.14451e-05
3.124623e-08,0.000105066
3.134623e-08,0.000114795
3.144623e-08,0.000118687
3.154623e-08,0.000118038
3.164623e-08,0.000111552
3.174623e-08,0.000100526
3.184623e-08,8.62561e-05
3.194623e-08,7.06892e-05
3.204623e-08,5.5771e-05
3.214623e-08,4.21499e-05
3.224623e-08,3.11234e-05
3.234623e-08,2.26913e-05
3.244623e-08,1.68537e-05
3.254623e-08,1.23134e-05
3.264623e-08,8.42168e-06
3.274623e-08,3.23272e-06
3.284623e-08,-3.9021e-06
3.294623e-08,-1.23342e-05
3.304623e-08,-2.27121e-05
3.314623e-08,-3.43872e-05
3.324623e-08,-4.54138e-05
3.334623e-08,-5.64403e-05
3.344623e-08,-6.5521e-05
3.354623e-08,-7.20072e-05
3.364623e-08,-7.65476e-05
3.374623e-08,-7.9142e-05
3.384623e-08,-8.04393e-05
3.394623e-08,-8.17365e-05
3.404623e-08,-8.36824e-05
3.414623e-08,-8.56282e-05
3.424623e-08,-8.88713e-05
3.434623e-08,-9.21144e-05
3.444623e-08,-9.47089e-05
3.454623e-08,-9.66548e-05
3.464623e-08,-9.53575e-05
3.474623e-08,-9.08172e-05
3.484623e-08,-8.36824e-05
3.494623e-08,-7.20072e-05
3.504623e-08,-5.77376e-05
3.514623e-08,-4.21707e-05
3.524623e-08,-2.59552e-05
3.534623e-08,-1.03883e-05
3.544623e-08,2.5841e-06
3.554623e-08,1.23134e-05
3.564623e-08,1.87996e-05
3.574623e-08,2.20427e-05
3.584623e-08,2.33399e-05
3.594623e-08,2.26913e-05
3.604623e-08,2.13941e-05
3.614623e-08,1.94482e-05
3.624623e-08,1.75024e-05
3.634623e-08,1.62051e-05
3.644623e-08,1.42593e-05
3.654623e-08,1.16648e-05
3.664623e-08,7.77306e-06
3.674623e-08,2.5841e-06
3.684623e-08,-4.55072e-06
3.694623e-08,-1.29828e-05
3.704623e-08,-2.14148e-05
3.714623e-08,-2.7901e-05
3.724623e-08,-3.17928e-05
3.734623e-08,-3.24414e-05
3.744623e-08,-2.85497e-05
3.754623e-08,-2.01176e-05
3.764623e-08,-8.44244e-06
3.774623e-08,6.47582e-06
3.784623e-08,2.13941e-05
3.794623e-08,3.43665e-05
3.804623e-08,4.47444e-05
3.814623e-08,4.99334e-05
3.824623e-08,5.0582e-05
3.834623e-08,4.60417e-05
3.844623e-08,3.6961e-05
3.854623e-08,2.46372e-05
3.864623e-08,1.03675e-05
3.874623e-08,-3.9021e-06
3.884623e-08,-1.81717e-05
3.894623e-08,-3.24414e-05
3.904623e-08,-4.73596e-05
3.914623e-08,-6.35752e-05
3.924623e-08,-8.23851e-05
3.934623e-08,-0.00010379
3.944623e-08,-0.000128437
3.954623e-08,-0.000155679
3.964623e-08,-0.000184219
3.974623e-08,-0.000211461
3.984623e-08,-0.000236757
3.994623e-08,-0.000256864
4.004623e-08,-0.000269836
4.014623e-08,-0.000273728
4.024623e-08,-0.000267891
4.034623e-08,-0.000253621
4.044623e-08,-0.000232865
4.054623e-08,-0.000208866
4.064623e-08,-0.000182921
4.074623e-08,-0.000159571
4.084623e-08,-0.000140112
4.094623e-08,-0.000126491
4.104623e-08,-0.000118059
4.114623e-08,-0.000114168
4.124623e-08,-0.000114816
4.134623e-08,-0.000118059
4.144623e-08,-0.000121951
4.154623e-08,-0.000126491
4.164623e-08,-0.000130383
4.174623e-08,-0.000132978
4.184623e-08,-0.000134923
4.194623e-08,-0.000137518
4.204623e-08,-0.000140112
4.214623e-08,-0.000144653
4.224623e-08,-0.000149842
4.234623e-08,-0.000156328
4.244623e-08,-0.000162165
4.254623e-08,-0.000166706
4.264623e-08,-0.000168003
4.274623e-08,-0.000165409
4.284623e-08,-0.000157625
4.294623e-08,-0.000144653
4.304623e-08,-0.00012714
4.314623e-08,-0.000107033
4.324623e-08,-8.56282e-05
4.334623e-08,-6.5521e-05
4.344623e-08,-4.73596e-05
4.354623e-08,-3.24414e-05
4.364623e-08,-2.27121e-05
4.374623e-08,-1.68745e-05
4.384623e-08,-1.49286e-05
4.394623e-08,-1.55773e-05
4.404623e-08,-1.68745e-05
4.414623e-08,-1.62259e-05
4.424623e-08,-1.23342e-05
4.434623e-08,-3.25348e-06
4.444623e-08,9.71892e-06
4.454623e-08,2.78803e-05
4.464623e-08,4.92848e-05
4.474623e-08,7.13378e-05
4.484623e-08,9.27423e-05
4.494623e-08,0.000112201
4.504623e-08,0.000128416
4.514623e-08,0.000140092
4.524623e-08,0.000146578
4.534623e-08,0.000148524
4.544623e-08,0.000147226
4.554623e-08,0.000142686
4.564623e-08,0.0001362
4.574623e-08,0.000127119
4.584623e-08,0.000115444
4.594623e-08,0.000102472
4.604623e-08,8.69047e-05
4.614623e-08,6.80947e-05
4.624623e-08,4.60417e-05
4.634623e-08,2.00968e-05
4.644623e-08,-9.09106e-06
4.654623e-08,-3.89276e-05
4.664623e-08,-6.94127e-05
4.674623e-08,-9.86006e-05
4.684623e-08,-0.000123897
4.694623e-08,-0.000144653
4.704623e-08,-0.000158274
4.714623e-08,-0.00016476
4.724623e-08,-0.000166057
4.734623e-08,-0.000163463
4.744623e-08,-0.000156976
4.754623e-08,-0.000149193
4.764623e-08,-0.000142058
4.774623e-08,-0.000137518
4.784623e-08,-0.000135572
4.794623e-08,-0.000136221
4.804623e-08,-0.000140112
4.814623e-08,-0.00014595
4.824623e-08,-0.000151787
4.834623e-08,-0.000155679
4.844623e-08,-0.000157625
4.854623e-08,-0.000155679
4.864623e-08,-0.00015049
4.874623e-08,-0.000142058
4.884623e-08,-0.000131032
4.894623e-08,-0.000118059
4.904623e-08,-0.000102492
4.914623e-08,-8.69255e-05
4.924623e-08,-7.071e-05
4.934623e-08,-5.44945e-05
4.944623e-08,-3.8279e-05
4.954623e-08,-2.33607e-05
4.964623e-08,-9.73968e-06
4.974623e-08,-1.03779e-08
4.984623e-08,6.47582e-06
4.994623e-08,7.77306e-06
5.004623e-08,3.23272e-06
5.014623e-08,-7.79382e-06
5.024623e-08,-2.33607e-05
5.034623e-08,-4.21707e-05
5.044623e-08,-6.22779e-05
5.054623e-08,-8.10879e-05
5.064623e-08,-9.53575e-05
5.074623e-08,-0.000102492
5.084623e-08,-0.000100547
5.094623e-08,-8.88713e-05
5.104623e-08,-6.61696e-05
5.114623e-08,-3.50359e-05
5.124623e-08,1.28686e-06
5.134623e-08,4.02041e-05
5.144623e-08,7.7824e-05
5.154623e-08,0.000110904
5.164623e-08,0.000135551
5.174623e-08,0.000151767
5.184623e-08,0.000157604
5.194623e-08,0.000154361
5.204623e-08,0.000142686
5.214623e-08,0.000125173
5.224623e-08,0.000105066
5.234623e-08,8.43102e-05
5.244623e-08,6.55003e-05
5.254623e-08,4.86361e-05
5.264623e-08,3.50151e-05
5.274623e-08,2.59344e-05
5.284623e-08,1.94482e-05
5.294623e-08,1.68537e-05
5.304623e-08,1.68537e-05
5.314623e-08,1.94482e-05
5.324623e-08,2.39886e-05
5.334623e-08,2.98261e-05
5.344623e-08,3.76096e-05
5.354623e-08,4.60417e-05
5.364623e-08,5.5771e-05
5.374623e-08,6.48516e-05
5.384623e-08,7.32837e-05
5.394623e-08,8.04185e-05
5.404623e-08,8.56075e-05
5.414623e-08,8.69047e-05
5.424623e-08,8.49589e-05
5.434623e-08,7.84727e-05
5.444623e-08,6.9392e-05
5.454623e-08,5.70682e-05
5.464623e-08,4.40958e-05
5.474623e-08,2.98261e-05
5.484623e-08,1.62051e-05
5.494623e-08,3.88134e-06
5.504623e-08,-5.84796e-06
5.514623e-08,-1.36314e-05
5.524623e-08,-1.9469e-05
5.534623e-08,-2.27121e-05
5.544623e-08,-2.33607e-05
5.554623e-08,-2.27121e-05
5.564623e-08,-2.07662e-05
5.574623e-08,-1.68745e-05
5.584623e-08,-1.10369e-05
5.594623e-08,-3.9021e-06
5.604623e-08,5.17858e-06
5.614623e-08,1.55565e-05
5.624623e-08,2.72317e-05
5.634623e-08,4.02041e-05
5.644623e-08,5.38251e-05
5.654623e-08,6.67975e-05
5.664623e-08,7.7824e-05
5.674623e-08,8.75533e-05
5.684623e-08,9.33909e-05
5.694623e-08,9.72826e-05
5.704623e-08,9.92285e-05
5.714623e-08,9.85799e-05
5.724623e-08,9.53368e-05
5.734623e-08,9.01478e-05
5.744623e-08,8.43102e-05
5.754623e-08,7.84727e-05
5.764623e-08,7.32837e-05
5.774623e-08,6.80947e-05
5.784623e-08,6.55003e-05
5.794623e-08,6.35544e-05
5.804623e-08,6.35544e-05
5.814623e-08,6.48516e-05
5.824623e-08,6.74461e-05
5.834623e-08,7.00406e-05
5.844623e-08,7.26351e-05
5.854623e-08,7.45809e-05
5.864623e-08,7.58782e-05
5.874623e-08,7.58782e-05
5.884623e-08,7.45809e-05
5.894623e-08,7.06892e-05
5.904623e-08,6.61489e-05
5.914623e-08,5.83654e-05
5.924623e-08,4.73389e-05
5.934623e-08,3.30692e-05
5.944623e-08,1.55565e-05
5.954623e-08,-5.19934e-06
5.964623e-08,-2.91983e-05
5.974623e-08,-5.64403e-05
5.984623e-08,-8.56282e-05
5.994623e-08,-0.000114816
6.004623e-08,-0.000143355
6.014623e-08,-0.000169949
6.024623e-08,-0.000192002
6.034623e-08,-0.000208866
6.044623e-08,-0.000220541
6.054623e-08,-0.00022573
6.064623e-08,-0.00022573
6.074623e-08,-0.00022119
6.084623e-08,-0.000212758
6.094623e-08,-0.000201731
6.104623e-08,-0.000188759
6.114623e-08,-0.000174489
6.124623e-08,-0.000159571
6.134623e-08,-0.000144653
6.144623e-08,-0.000127789
6.154623e-08,-0.000109627
6.164623e-08,-8.952e-05
6.174623e-08,-6.81155e-05
6.184623e-08,-4.47652e-05
6.194623e-08,-2.14148e-05
6.204623e-08,1.93548e-06
6.214623e-08,2.26913e-05
6.224623e-08,4.15013e-05
6.234623e-08,5.5771e-05
6.244623e-08,6.48516e-05
6.254623e-08,6.87434e-05
6.264623e-08,6.9392e-05
6.274623e-08,6.61489e-05
6.284623e-08,6.09599e-05
6.294623e-08,5.51223e-05
6.304623e-08,4.86361e-05
6.314623e-08,4.27986e-05
6.324623e-08,3.82582e-05
6.334623e-08,3.37179e-05
6.344623e-08,3.04748e-05
6.354623e-08,2.72317e-05
6.364623e-08,2.33399e-05
6.374623e-08,1.8151e-05
6.384623e-08,1.23134e-05
6.394623e-08,7.12444e-06
6.404623e-08,2.5841e-06
6.414623e-08,-6.58998e-07
6.424623e-08,-1.30762e-06
6.434623e-08,-1.03779e-08
6.444623e-08,2.5841e-06
6.454623e-08,7.77306e-06
6.464623e-08,1.42593e-05
6.474623e-08,2.13941e-05
6.484623e-08,2.72317e-05
6.494623e-08,3.1772e-05
6.504623e-08,3.50151e-05
6.514623e-08,3.63124e-05
6.524623e-08,3.63124e-05
6.534623e-08,3.56637e-05
6.544623e-08,3.50151e-05
6.554623e-08,3.56637e-05
6.564623e-08,3.76096e-05
6.574623e-08,4.21499e-05
6.584623e-08,4.86361e-05
6.594623e-08,5.64196e-05
6.604623e-08,6.35544e-05
6.614623e-08,7.00406e-05
6.624623e-08,7.52296e-05
6.634623e-08,7.84727e-05
6.644623e-08,7.97699e-05
6.654623e-08,7.97699e-05
6.664623e-08,7.97699e-05
6.674623e-08,8.04185e-05
6.684623e-08,8.3013e-05
6.694623e-08,8.8202e-05
6.704623e-08,9.72826e-05
6.714623e-08,0.000110255
6.724623e-08,0.000125822
6.734623e-08,0.000142686
6.744623e-08,0.00015955
6.754623e-08,0.000174468
6.764623e-08,0.000184846
6.774623e-08,0.000191333
6.784623e-08,0.000191981
6.794623e-08,0.000187441
6.804623e-08,0.00017836
6.814623e-08,0.000165388
6.824623e-08,0.000150469
6.834623e-08,0.000133605
6.844623e-08,0.00011739
6.854623e-08,0.000101174
6.864623e-08,8.75533e-05
6.874623e-08,7.45809e-05
6.884623e-08,6.22572e-05
6.894623e-08,4.86361e-05
6.904623e-08,3.50151e-05
6.914623e-08,2.00968e-05
6.924623e-08,3.88134e-06
6.934623e-08,-1.23342e-05
6.944623e-08,-2.85497e-05
6.954623e-08,-4.21707e-05
6.964623e-08,-5.19e-05
6.974623e-08,-5.7089e-05
6.984623e-08,-5.57917e-05
6.994623e-08,-4.99541e-05
7.004623e-08,-3.95762e-05
7.014623e-08,-2.72524e-05
7.024623e-08,-1.36314e-05
7.034623e-08,-2.60486e-06
7.044623e-08,4.52996e-06
7.054623e-08,6.47582e-06
7.064623e-08,3.23272e-06
7.074623e-08,-6.49658e-06
7.084623e-08,-2.14148e-05
7.094623e-08,-3.95762e-05
7.104623e-08,-5.96834e-05
7.114623e-08,-7.9142e-05
7.124623e-08,-9.73034e-05
7.134623e-08,-0.00011287
7.144623e-08,-0.000125194
7.154623e-08,-0.000134275
7.164623e-08,-0.000140112
7.174623e-08,-0.000143355
7.184623e-08,-0.000144653
7.194623e-08,-0.000144653
7.204623e-08,-0.000144653
7.214623e-08,-0.00014595
7.224623e-08,-0.000146599
7.234623e-08,-0.000149193
7.244623e-08,-0.000151787
7.254623e-08,-0.000155679
7.264623e-08,-0.000158922
7.274623e-08,-0.000162814
7.284623e-08,-0.000166057
7.294623e-08,-0.000167354
7.304623e-08,-0.000166057
7.314623e-08,-0.000163463
7.324623e-08,-0.000157625
7.334623e-08,-0.000148544
7.344623e-08,-0.000135572
7.354623e-08,-0.000119356
7.364623e-08,-0.000100547
7.374623e-08,-7.97907e-05
7.384623e-08,-5.7089e-05
7.394623e-08,-3.50359e-05
7.404623e-08,-1.55773e-05
7.414623e-08,6.38242e-07
7.424623e-08,1.23134e-05
7.434623e-08,1.94482e-05
7.444623e-08,2.07455e-05
7.454623e-08,1.68537e-05
7.464623e-08,9.0703e-06
7.474623e-08,-1.95624e-06
7.484623e-08,-1.49286e-05
7.494623e-08,-2.85497e-05
7.504623e-08,-4.02248e-05
7.514623e-08,-5.06027e-05
7.524623e-08,-5.83862e-05
7.534623e-08,-6.35752e-05
7.544623e-08,-6.5521e-05
7.554623e-08,-6.48724e-05
7.564623e-08,-6.29265e-05
7.574623e-08,-5.96834e-05
7.584623e-08,-5.51431e-05
7.594623e-08,-5.06027e-05
7.604623e-08,-4.60624e-05
7.614623e-08,-4.15221e-05
7.624623e-08,-3.69817e-05
7.634623e-08,-3.309e-05
7.644623e-08,-2.91983e-05
7.654623e-08,-2.53066e-05
7.664623e-08,-2.07662e-05
7.674623e-08,-1.62259e-05
7.684623e-08,-1.23342e-05
7.694623e-08,-8.44244e-06
7.704623e-08,-4.55072e-06
7.714623e-08,-1.95624e-06
7.724623e-08,6.38242e-07
