LECROYWaveRunner‘N,20113,Waveform
Segments,1,SegmentSize,2002
Segment,TrigTime,TimeSinceSegment1
#1,28-Sep-2018 13:20:17,0                 
Time,Ampl
-1.228866e-07,6.29058e-05
-1.227866e-07,5.77168e-05
-1.226866e-07,5.38251e-05
-1.225866e-07,5.0582e-05
-1.224866e-07,4.92848e-05
-1.223866e-07,5.0582e-05
-1.222866e-07,5.51223e-05
-1.221866e-07,6.29058e-05
-1.220866e-07,7.26351e-05
-1.219866e-07,8.43102e-05
-1.218866e-07,9.72826e-05
-1.217866e-07,0.000110255
-1.216866e-07,0.000122579
-1.215866e-07,0.000132308
-1.214866e-07,0.000138794
-1.213866e-07,0.000139443
-1.212866e-07,0.000134903
-1.211866e-07,0.000125173
-1.210866e-07,0.000110904
-1.209866e-07,9.14451e-05
-1.208866e-07,6.9392e-05
-1.207866e-07,4.66903e-05
-1.206866e-07,2.39886e-05
-1.205866e-07,3.88134e-06
-1.204866e-07,-1.29828e-05
-1.203866e-07,-2.46579e-05
-1.202866e-07,-3.04955e-05
-1.201866e-07,-2.98469e-05
-1.200866e-07,-2.46579e-05
-1.199866e-07,-1.49286e-05
-1.198866e-07,-1.03779e-08
-1.197866e-07,1.68537e-05
-1.196866e-07,3.56637e-05
-1.195866e-07,5.51223e-05
-1.194866e-07,7.39323e-05
-1.193866e-07,9.07964e-05
-1.192866e-07,0.000105066
-1.191866e-07,0.000118038
-1.190866e-07,0.000127768
-1.189866e-07,0.0001362
-1.188866e-07,0.000142037
-1.187866e-07,0.000147875
-1.186866e-07,0.000153064
-1.185866e-07,0.000157604
-1.184866e-07,0.000163442
-1.183866e-07,0.000169928
-1.182866e-07,0.000177712
-1.181866e-07,0.000184198
-1.180866e-07,0.000190035
-1.179866e-07,0.000193278
-1.178866e-07,0.00019263
-1.177866e-07,0.000188738
-1.176866e-07,0.000180306
-1.175866e-07,0.000166685
-1.174866e-07,0.000149172
-1.173866e-07,0.000128416
-1.172866e-07,0.000105715
-1.171866e-07,8.3013e-05
-1.170866e-07,6.29058e-05
-1.169866e-07,4.5393e-05
-1.168866e-07,3.1772e-05
-1.167866e-07,2.39886e-05
-1.166866e-07,2.13941e-05
-1.165866e-07,2.20427e-05
-1.164866e-07,2.6583e-05
-1.163866e-07,3.43665e-05
-1.162866e-07,4.21499e-05
-1.161866e-07,4.99334e-05
-1.160866e-07,5.51223e-05
-1.159866e-07,5.90141e-05
-1.158866e-07,6.03113e-05
-1.157866e-07,5.96627e-05
-1.156866e-07,5.70682e-05
-1.155866e-07,5.25279e-05
-1.154866e-07,4.66903e-05
-1.153866e-07,3.89068e-05
-1.152866e-07,2.98261e-05
-1.151866e-07,2.00968e-05
-1.150866e-07,9.71892e-06
-1.149866e-07,-1.95624e-06
-1.148866e-07,-1.36314e-05
-1.147866e-07,-2.40093e-05
-1.146866e-07,-3.37386e-05
-1.145866e-07,-4.08734e-05
-1.144866e-07,-4.54138e-05
-1.143866e-07,-4.60624e-05
-1.142866e-07,-4.34679e-05
-1.141866e-07,-3.8279e-05
-1.140866e-07,-3.04955e-05
-1.139866e-07,-2.14148e-05
-1.138866e-07,-1.10369e-05
-1.137866e-07,-6.58998e-07
-1.136866e-07,7.77306e-06
-1.135866e-07,1.49079e-05
-1.134866e-07,2.07455e-05
-1.133866e-07,2.46372e-05
-1.132866e-07,2.85289e-05
-1.131866e-07,3.1772e-05
-1.130866e-07,3.50151e-05
-1.129866e-07,3.76096e-05
-1.128866e-07,4.08527e-05
-1.127866e-07,4.47444e-05
-1.126866e-07,4.73389e-05
-1.125866e-07,4.86361e-05
-1.124866e-07,4.73389e-05
-1.123866e-07,4.21499e-05
-1.122866e-07,3.1772e-05
-1.121866e-07,1.68537e-05
-1.120866e-07,-2.60486e-06
-1.119866e-07,-2.66038e-05
-1.118866e-07,-5.25486e-05
-1.117866e-07,-7.84934e-05
-1.116866e-07,-0.00010379
-1.115866e-07,-0.000125194
-1.114866e-07,-0.00014141
-1.113866e-07,-0.00015049
-1.112866e-07,-0.000152436
-1.111866e-07,-0.000146599
-1.110866e-07,-0.000134275
-1.109866e-07,-0.000115465
-1.108866e-07,-9.14658e-05
-1.107866e-07,-6.35752e-05
-1.106866e-07,-3.50359e-05
-1.105866e-07,-7.1452e-06
-1.104866e-07,1.87996e-05
-1.103866e-07,4.08527e-05
-1.102866e-07,5.96627e-05
-1.101866e-07,7.39323e-05
-1.100866e-07,8.23644e-05
-1.099866e-07,8.62561e-05
-1.098866e-07,8.56075e-05
-1.097866e-07,7.97699e-05
-1.096866e-07,7.19865e-05
-1.095866e-07,6.35544e-05
-1.094866e-07,5.5771e-05
-1.093866e-07,4.99334e-05
-1.092866e-07,4.66903e-05
-1.091866e-07,4.66903e-05
-1.090866e-07,5.12306e-05
-1.089866e-07,5.83654e-05
-1.088866e-07,6.74461e-05
-1.087866e-07,7.58782e-05
-1.086866e-07,8.17158e-05
-1.085866e-07,8.36616e-05
-1.084866e-07,7.97699e-05
-1.083866e-07,7.00406e-05
-1.082866e-07,5.31765e-05
-1.081866e-07,2.98261e-05
-1.080866e-07,2.5841e-06
-1.079866e-07,-2.66038e-05
-1.078866e-07,-5.51431e-05
-1.077866e-07,-8.04393e-05
-1.076866e-07,-9.92493e-05
-1.075866e-07,-0.000110276
-1.074866e-07,-0.000113519
-1.073866e-07,-0.000109627
-1.072866e-07,-9.86006e-05
-1.071866e-07,-8.17365e-05
-1.070866e-07,-6.16293e-05
-1.069866e-07,-4.08734e-05
-1.068866e-07,-2.14148e-05
-1.067866e-07,-3.9021e-06
-1.066866e-07,9.71892e-06
-1.065866e-07,2.07455e-05
-1.064866e-07,2.85289e-05
-1.063866e-07,3.50151e-05
-1.062866e-07,4.15013e-05
-1.061866e-07,4.79875e-05
-1.060866e-07,5.5771e-05
-1.059866e-07,6.48516e-05
-1.058866e-07,7.45809e-05
-1.057866e-07,8.43102e-05
-1.056866e-07,9.20937e-05
-1.055866e-07,9.79313e-05
-1.054866e-07,9.98771e-05
-1.053866e-07,9.72826e-05
-1.052866e-07,9.14451e-05
-1.051866e-07,8.3013e-05
-1.050866e-07,7.32837e-05
-1.049866e-07,6.35544e-05
-1.048866e-07,5.51223e-05
-1.047866e-07,4.99334e-05
-1.046866e-07,4.92848e-05
-1.045866e-07,5.18792e-05
-1.044866e-07,5.90141e-05
-1.043866e-07,6.87434e-05
-1.042866e-07,7.91213e-05
-1.041866e-07,8.88506e-05
-1.040866e-07,9.59854e-05
-1.039866e-07,9.85799e-05
-1.038866e-07,9.6634e-05
-1.037866e-07,8.94992e-05
-1.036866e-07,7.91213e-05
-1.035866e-07,6.61489e-05
-1.034866e-07,5.18792e-05
-1.033866e-07,3.82582e-05
-1.032866e-07,2.78803e-05
-1.031866e-07,2.26913e-05
-1.030866e-07,2.26913e-05
-1.029866e-07,2.78803e-05
-1.028866e-07,3.82582e-05
-1.027866e-07,5.31765e-05
-1.026866e-07,7.19865e-05
-1.025866e-07,9.27423e-05
-1.024866e-07,0.000113498
-1.023866e-07,0.000133605
-1.022866e-07,0.000151118
-1.021866e-07,0.000166036
-1.020866e-07,0.000177712
-1.019866e-07,0.000186144
-1.018866e-07,0.000189387
-1.017866e-07,0.000188738
-1.016866e-07,0.000184198
-1.015866e-07,0.000175766
-1.014866e-07,0.000162793
-1.013866e-07,0.000147226
-1.012866e-07,0.000128416
-1.011866e-07,0.000108958
-1.010866e-07,8.8202e-05
-1.009866e-07,6.80947e-05
-1.008866e-07,4.86361e-05
-1.007866e-07,3.24206e-05
-1.006866e-07,1.87996e-05
-1.005866e-07,9.0703e-06
-1.004866e-07,3.88134e-06
-1.003866e-07,3.23272e-06
-1.002866e-07,7.77306e-06
-1.001866e-07,1.62051e-05
-1.000866e-07,2.91775e-05
-9.998658e-08,4.60417e-05
-9.988658e-08,6.61489e-05
-9.978658e-08,8.8202e-05
-9.968658e-08,0.00011285
-9.958658e-08,0.000138146
-9.948658e-08,0.000162793
-9.938658e-08,0.000185495
-9.928658e-08,0.000205602
-9.918658e-08,0.000223115
-9.908658e-08,0.000236087
-9.898658e-08,0.000245168
-9.888658e-08,0.000249708
-9.878658e-08,0.000249708
-9.868658e-08,0.000246465
-9.858658e-08,0.000240628
-9.848658e-08,0.000232196
-9.838658e-08,0.000223115
-9.828658e-08,0.000214034
-9.818658e-08,0.000205602
-9.808658e-08,0.000198467
-9.798658e-08,0.000193927
-9.788658e-08,0.000190684
-9.778658e-08,0.000189387
-9.768658e-08,0.000188738
-9.758658e-08,0.000187441
-9.748658e-08,0.000185495
-9.738658e-08,0.000180306
-9.728658e-08,0.000171874
-9.718658e-08,0.000160199
-9.708658e-08,0.000145281
-9.698658e-08,0.000126471
-9.688658e-08,0.000104417
-9.678658e-08,8.17158e-05
-9.668658e-08,5.83654e-05
-9.658658e-08,3.56637e-05
-9.648658e-08,1.49079e-05
-9.638658e-08,-2.60486e-06
-9.628658e-08,-1.62259e-05
-9.618658e-08,-2.66038e-05
-9.608658e-08,-3.24414e-05
-9.598658e-08,-3.37386e-05
-9.588658e-08,-3.11441e-05
-9.578658e-08,-2.53066e-05
-9.568658e-08,-1.68745e-05
-9.558658e-08,-7.1452e-06
-9.548658e-08,3.88134e-06
-9.538658e-08,1.55565e-05
-9.528658e-08,2.72317e-05
-9.518658e-08,3.82582e-05
-9.508658e-08,4.92848e-05
-9.498658e-08,5.90141e-05
-9.488658e-08,6.87434e-05
-9.478658e-08,7.84727e-05
-9.468658e-08,8.75533e-05
-9.458658e-08,9.6634e-05
-9.448658e-08,0.000104417
-9.438658e-08,0.000110904
-9.428658e-08,0.000116093
-9.418658e-08,0.000118687
-9.408658e-08,0.000118687
-9.398658e-08,0.000116093
-9.388658e-08,0.000111552
-9.378658e-08,0.000104417
-9.368658e-08,9.59854e-05
-9.358658e-08,8.69047e-05
-9.348658e-08,7.91213e-05
-9.338658e-08,7.26351e-05
-9.328658e-08,6.87434e-05
-9.318658e-08,6.80947e-05
-9.308658e-08,7.00406e-05
-9.298658e-08,7.52296e-05
-9.288658e-08,8.17158e-05
-9.278658e-08,8.88506e-05
-9.268658e-08,9.40395e-05
-9.258658e-08,9.6634e-05
-9.248658e-08,9.46882e-05
-9.238658e-08,8.8202e-05
-9.228658e-08,7.71754e-05
-9.218658e-08,6.29058e-05
-9.208658e-08,4.66903e-05
-9.198658e-08,3.11234e-05
-9.188658e-08,1.68537e-05
-9.178658e-08,7.12444e-06
-9.168658e-08,1.28686e-06
-9.158658e-08,1.28686e-06
-9.148658e-08,7.12444e-06
-9.138658e-08,1.68537e-05
-9.128658e-08,2.91775e-05
-9.118658e-08,4.34472e-05
-9.108658e-08,5.70682e-05
-9.098658e-08,6.80947e-05
-9.088658e-08,7.58782e-05
-9.078658e-08,8.04185e-05
-9.068658e-08,8.17158e-05
-9.058658e-08,7.97699e-05
-9.048658e-08,7.45809e-05
-9.038658e-08,6.9392e-05
-9.028658e-08,6.4203e-05
-9.018658e-08,6.09599e-05
-9.008658e-08,6.03113e-05
-8.998658e-08,6.29058e-05
-8.988658e-08,6.87434e-05
-8.978658e-08,7.65268e-05
-8.968658e-08,8.69047e-05
-8.958658e-08,9.79313e-05
-8.948658e-08,0.000110255
-8.938658e-08,0.000120633
-8.928658e-08,0.000129065
-8.918658e-08,0.0001362
-8.908658e-08,0.00014074
-8.898658e-08,0.000143335
-8.888658e-08,0.000143983
-8.878658e-08,0.000143983
-8.868658e-08,0.000143335
-8.858658e-08,0.000142037
-8.848658e-08,0.000140092
-8.838658e-08,0.000139443
-8.828658e-08,0.000137497
-8.818658e-08,0.000134903
-8.808658e-08,0.000130362
-8.798658e-08,0.000124525
-8.788658e-08,0.000118038
-8.778658e-08,0.000108958
-8.768658e-08,9.85799e-05
-8.758658e-08,8.62561e-05
-8.748658e-08,7.19865e-05
-8.738658e-08,5.64196e-05
-8.728658e-08,3.89068e-05
-8.718658e-08,2.20427e-05
-8.708658e-08,5.17858e-06
-8.698658e-08,-1.03883e-05
-8.688658e-08,-2.66038e-05
-8.678658e-08,-4.21707e-05
-8.668658e-08,-5.64403e-05
-8.658658e-08,-7.00614e-05
-8.648658e-08,-8.23851e-05
-8.638658e-08,-9.40603e-05
-8.628658e-08,-0.000104438
-8.618658e-08,-0.000113519
-8.608658e-08,-0.000121302
-8.598658e-08,-0.000128437
-8.588658e-08,-0.000133626
-8.578658e-08,-0.000137518
-8.568658e-08,-0.000140761
-8.558658e-08,-0.000142058
-8.548658e-08,-0.000142058
-8.538658e-08,-0.000140761
-8.528658e-08,-0.000136869
-8.518658e-08,-0.000131032
-8.508658e-08,-0.000123248
-8.498658e-08,-0.00011287
-8.488658e-08,-0.000100547
-8.478658e-08,-8.49796e-05
-8.468658e-08,-6.81155e-05
-8.458658e-08,-4.86569e-05
-8.448658e-08,-2.7901e-05
-8.438658e-08,-7.1452e-06
-8.428658e-08,1.36106e-05
-8.418658e-08,3.24206e-05
-8.408658e-08,4.92848e-05
-8.398658e-08,6.29058e-05
-8.388658e-08,7.32837e-05
-8.378658e-08,7.97699e-05
-8.368658e-08,8.23644e-05
-8.358658e-08,8.04185e-05
-8.348658e-08,7.45809e-05
-8.338658e-08,6.67975e-05
-8.328658e-08,5.77168e-05
-8.318658e-08,5.0582e-05
-8.308658e-08,4.47444e-05
-8.298658e-08,4.27986e-05
-8.288658e-08,4.5393e-05
-8.278658e-08,5.44737e-05
-8.268658e-08,6.9392e-05
-8.258658e-08,8.88506e-05
-8.248658e-08,0.00011285
-8.238658e-08,0.000138146
-8.228658e-08,0.000162793
-8.218658e-08,0.000184198
-8.208658e-08,0.00020171
-8.198658e-08,0.000212737
-8.188658e-08,0.000216629
-8.178658e-08,0.000212737
-8.168658e-08,0.00020171
-8.158658e-08,0.000185495
-8.148658e-08,0.000166036
-8.138658e-08,0.000144632
-8.128658e-08,0.000124525
-8.118658e-08,0.000105066
-8.108658e-08,8.8202e-05
-8.098658e-08,7.32837e-05
-8.088658e-08,6.09599e-05
-8.078658e-08,5.12306e-05
-8.068658e-08,4.15013e-05
-8.058658e-08,3.1772e-05
-8.048658e-08,2.13941e-05
-8.038658e-08,9.71892e-06
-8.028658e-08,-2.60486e-06
-8.018658e-08,-1.68745e-05
-8.008658e-08,-3.17928e-05
-7.998658e-08,-4.6711e-05
-7.988658e-08,-6.16293e-05
-7.978658e-08,-7.65476e-05
-7.968658e-08,-9.01686e-05
-7.958658e-08,-0.000101195
-7.948658e-08,-0.000110924
-7.938658e-08,-0.000119356
-7.928658e-08,-0.000124545
-7.918658e-08,-0.000127789
-7.908658e-08,-0.000128437
-7.898658e-08,-0.000125843
-7.888658e-08,-0.000118708
-7.878658e-08,-0.000107681
-7.868658e-08,-9.14658e-05
-7.858658e-08,-7.20072e-05
-7.848658e-08,-4.80083e-05
-7.838658e-08,-2.01176e-05
-7.828658e-08,1.03675e-05
-7.818658e-08,4.15013e-05
-7.808658e-08,7.39323e-05
-7.798658e-08,0.000105066
-7.788658e-08,0.000134903
-7.778658e-08,0.000162145
-7.768658e-08,0.000185495
-7.758658e-08,0.000204954
-7.748658e-08,0.00022052
-7.738658e-08,0.000232196
-7.728658e-08,0.000239979
-7.718658e-08,0.000244519
-7.708658e-08,0.000247114
-7.698658e-08,0.000247114
-7.688658e-08,0.000246465
-7.678658e-08,0.000244519
-7.668658e-08,0.000242574
-7.658658e-08,0.00023933
-7.648658e-08,0.000236087
-7.638658e-08,0.000232196
-7.628658e-08,0.000228304
-7.618658e-08,0.000222466
-7.608658e-08,0.000214683
-7.598658e-08,0.000203656
-7.588658e-08,0.000190035
-7.578658e-08,0.000173171
-7.568658e-08,0.000154361
-7.558658e-08,0.000133605
-7.548658e-08,0.000112201
-7.538658e-08,9.14451e-05
-7.528658e-08,7.26351e-05
-7.518658e-08,5.64196e-05
-7.508658e-08,4.40958e-05
-7.498658e-08,3.50151e-05
-7.488658e-08,3.04748e-05
-7.478658e-08,3.04748e-05
-7.468658e-08,3.30692e-05
-7.458658e-08,3.6961e-05
-7.448658e-08,4.02041e-05
-7.438658e-08,4.08527e-05
-7.428658e-08,3.82582e-05
-7.418658e-08,3.11234e-05
-7.408658e-08,1.87996e-05
-7.398658e-08,1.93548e-06
-7.388658e-08,-1.88204e-05
-7.378658e-08,-4.15221e-05
-7.368658e-08,-6.5521e-05
-7.358658e-08,-9.01686e-05
-7.348658e-08,-0.000113519
-7.338658e-08,-0.000134923
-7.328658e-08,-0.000153085
-7.318658e-08,-0.000168003
-7.308658e-08,-0.000177732
-7.298658e-08,-0.000182921
-7.288658e-08,-0.00018357
-7.278658e-08,-0.000179678
-7.268658e-08,-0.000172543
-7.258658e-08,-0.000161517
-7.248658e-08,-0.000147247
-7.238658e-08,-0.000129734
-7.228658e-08,-0.000109627
-7.218658e-08,-8.952e-05
-7.208658e-08,-6.81155e-05
-7.198658e-08,-4.80083e-05
-7.188658e-08,-2.7901e-05
-7.178658e-08,-9.73968e-06
-7.168658e-08,7.77306e-06
-7.158658e-08,2.33399e-05
-7.148658e-08,3.6961e-05
-7.138658e-08,4.86361e-05
-7.128658e-08,5.77168e-05
-7.118658e-08,6.55003e-05
-7.108658e-08,7.13378e-05
-7.098658e-08,7.65268e-05
-7.088658e-08,8.10671e-05
-7.078658e-08,8.62561e-05
-7.068658e-08,9.14451e-05
-7.058658e-08,9.72826e-05
-7.048658e-08,0.000102472
-7.038658e-08,0.000107661
-7.028658e-08,0.00011285
-7.018658e-08,0.000116741
-7.008658e-08,0.000118038
-6.998658e-08,0.000118038
-6.988658e-08,0.000115444
-6.978658e-08,0.000110904
-6.968658e-08,0.000102472
-6.958658e-08,9.14451e-05
-6.948658e-08,7.71754e-05
-6.938658e-08,5.96627e-05
-6.928658e-08,4.02041e-05
-6.918658e-08,1.94482e-05
-6.908658e-08,-1.30762e-06
-6.898658e-08,-2.20635e-05
-6.888658e-08,-4.08734e-05
-6.878658e-08,-5.7089e-05
-6.868658e-08,-6.94127e-05
-6.858658e-08,-7.71962e-05
-6.848658e-08,-8.10879e-05
-6.838658e-08,-7.9142e-05
-6.828658e-08,-7.33045e-05
-6.818658e-08,-6.42238e-05
-6.808658e-08,-5.25486e-05
-6.798658e-08,-3.95762e-05
-6.788658e-08,-2.46579e-05
-6.778658e-08,-1.10369e-05
-6.768658e-08,1.93548e-06
-6.758658e-08,1.2962e-05
-6.748658e-08,2.26913e-05
-6.738658e-08,3.11234e-05
-6.728658e-08,3.82582e-05
-6.718658e-08,4.5393e-05
-6.708658e-08,5.25279e-05
-6.698658e-08,6.09599e-05
-6.688658e-08,7.19865e-05
-6.678658e-08,8.69047e-05
-6.668658e-08,0.000104417
-6.658658e-08,0.000124525
-6.648658e-08,0.000146578
-6.638658e-08,0.000169279
-6.628658e-08,0.000191981
-6.618658e-08,0.000212737
-6.608658e-08,0.000230898
-6.598658e-08,0.000246465
-6.588658e-08,0.000258789
-6.578658e-08,0.000267221
-6.568658e-08,0.00027241
-6.558658e-08,0.000273707
-6.548658e-08,0.000271761
-6.538658e-08,0.000266573
-6.528658e-08,0.000257492
-6.518658e-08,0.000245168
-6.508658e-08,0.000229601
-6.498658e-08,0.00021144
-6.488658e-08,0.000190035
-6.478658e-08,0.000167982
-6.468658e-08,0.000144632
-6.458658e-08,0.000122579
-6.448658e-08,0.000101174
-6.438658e-08,8.36616e-05
-6.428658e-08,6.87434e-05
-6.418658e-08,5.83654e-05
-6.408658e-08,5.0582e-05
-6.398658e-08,4.79875e-05
-6.388658e-08,4.79875e-05
-6.378658e-08,5.12306e-05
-6.368658e-08,5.51223e-05
-6.358658e-08,5.96627e-05
-6.348658e-08,6.4203e-05
-6.338658e-08,6.67975e-05
-6.328658e-08,6.74461e-05
-6.318658e-08,6.61489e-05
-6.308658e-08,6.22572e-05
-6.298658e-08,5.5771e-05
-6.288658e-08,4.73389e-05
-6.278658e-08,3.82582e-05
-6.268658e-08,2.72317e-05
-6.258658e-08,1.55565e-05
-6.248658e-08,2.5841e-06
-6.238658e-08,-1.10369e-05
-6.228658e-08,-2.40093e-05
-6.218658e-08,-3.8279e-05
-6.208658e-08,-5.19e-05
-6.198658e-08,-6.42238e-05
-6.188658e-08,-7.52503e-05
-6.178658e-08,-8.36824e-05
-6.168658e-08,-9.08172e-05
-6.158658e-08,-9.47089e-05
-6.148658e-08,-9.53575e-05
-6.138658e-08,-9.34117e-05
-6.128658e-08,-9.08172e-05
-6.118658e-08,-8.62769e-05
-6.108658e-08,-8.23851e-05
-6.098658e-08,-7.84934e-05
-6.088658e-08,-7.58989e-05
-6.078658e-08,-7.39531e-05
-6.068658e-08,-7.33045e-05
-6.058658e-08,-7.33045e-05
-6.048658e-08,-7.39531e-05
-6.038658e-08,-7.33045e-05
-6.028658e-08,-7.26558e-05
-6.018658e-08,-7.071e-05
-6.008658e-08,-6.74669e-05
-5.998658e-08,-6.22779e-05
-5.988658e-08,-5.57917e-05
-5.978658e-08,-4.80083e-05
-5.968658e-08,-3.95762e-05
-5.958658e-08,-3.04955e-05
-5.948658e-08,-2.14148e-05
-5.938658e-08,-1.10369e-05
-5.928658e-08,-6.58998e-07
-5.918658e-08,1.03675e-05
-5.908658e-08,2.20427e-05
-5.898658e-08,3.56637e-05
-5.888658e-08,4.99334e-05
-5.878658e-08,6.48516e-05
-5.868658e-08,7.84727e-05
-5.858658e-08,9.01478e-05
-5.848658e-08,9.79313e-05
-5.838658e-08,0.000101823
-5.828658e-08,9.92285e-05
-5.818658e-08,9.01478e-05
-5.808658e-08,7.52296e-05
-5.798658e-08,5.44737e-05
-5.788658e-08,2.98261e-05
-5.778658e-08,2.5841e-06
-5.768658e-08,-2.59552e-05
-5.758658e-08,-5.38459e-05
-5.748658e-08,-7.84934e-05
-5.738658e-08,-9.98979e-05
-5.728658e-08,-0.000116762
-5.718658e-08,-0.000129086
-5.708658e-08,-0.000136869
-5.698658e-08,-0.00014141
-5.688658e-08,-0.000142707
-5.678658e-08,-0.00014141
-5.668658e-08,-0.000138166
-5.658658e-08,-0.000133626
-5.648658e-08,-0.000128437
-5.638658e-08,-0.000121951
-5.628658e-08,-0.000114816
-5.618658e-08,-0.000107033
-5.608658e-08,-9.7952e-05
-5.598658e-08,-8.82227e-05
-5.588658e-08,-7.78448e-05
-5.578658e-08,-6.81155e-05
-5.568658e-08,-5.90348e-05
-5.558658e-08,-4.99541e-05
-5.548658e-08,-4.15221e-05
-5.538658e-08,-3.50359e-05
-5.528658e-08,-2.98469e-05
-5.518658e-08,-2.40093e-05
-5.508658e-08,-1.75231e-05
-5.498658e-08,-9.73968e-06
-5.488658e-08,-1.30762e-06
-5.478658e-08,8.42168e-06
-5.468658e-08,2.00968e-05
-5.458658e-08,3.30692e-05
-5.448658e-08,4.73389e-05
-5.438658e-08,6.22572e-05
-5.428658e-08,7.71754e-05
-5.418658e-08,9.07964e-05
-5.408658e-08,0.00010312
-5.398658e-08,0.000114147
-5.388658e-08,0.000123876
-5.378658e-08,0.000132308
-5.368658e-08,0.00014074
-5.358658e-08,0.000149821
-5.348658e-08,0.000158902
-5.338658e-08,0.000167982
-5.328658e-08,0.000175766
-5.318658e-08,0.000182901
-5.308658e-08,0.000187441
-5.298658e-08,0.000188089
-5.288658e-08,0.000184846
-5.278658e-08,0.000177063
-5.268658e-08,0.000164739
-5.258658e-08,0.000148524
-5.248658e-08,0.000129714
-5.238658e-08,0.000109606
-5.228658e-08,8.94992e-05
-5.218658e-08,7.13378e-05
-5.208658e-08,5.70682e-05
-5.198658e-08,4.66903e-05
-5.188658e-08,4.02041e-05
-5.178658e-08,3.63124e-05
-5.168658e-08,3.50151e-05
-5.158658e-08,3.43665e-05
-5.148658e-08,3.37179e-05
-5.138658e-08,3.24206e-05
-5.128658e-08,2.91775e-05
-5.118658e-08,2.46372e-05
-5.108658e-08,1.94482e-05
-5.098658e-08,1.42593e-05
-5.088658e-08,9.71892e-06
-5.078658e-08,7.12444e-06
-5.068658e-08,7.12444e-06
-5.058658e-08,9.71892e-06
-5.048658e-08,1.49079e-05
-5.038658e-08,2.33399e-05
-5.028658e-08,3.24206e-05
-5.018658e-08,4.21499e-05
-5.008658e-08,5.25279e-05
-4.998658e-08,6.35544e-05
-4.988658e-08,7.45809e-05
-4.978658e-08,8.62561e-05
-4.968658e-08,9.85799e-05
-4.958658e-08,0.000112201
-4.948658e-08,0.000127119
-4.938658e-08,0.000142037
-4.928658e-08,0.000156956
-4.918658e-08,0.000171225
-4.908658e-08,0.000182252
-4.898658e-08,0.000189387
-4.888658e-08,0.000190684
-4.878658e-08,0.000184846
-4.868658e-08,0.000171225
-4.858658e-08,0.000149172
-4.848658e-08,0.000120633
-4.838658e-08,8.75533e-05
-4.828658e-08,4.99334e-05
-4.818658e-08,9.71892e-06
-4.808658e-08,-2.98469e-05
-4.798658e-08,-6.81155e-05
-4.788658e-08,-0.00010379
-4.778658e-08,-0.000134923
-4.768658e-08,-0.000161517
-4.758658e-08,-0.000182921
-4.748658e-08,-0.000198488
-4.738658e-08,-0.000209515
-4.728658e-08,-0.000215352
-4.718658e-08,-0.00021665
-4.708658e-08,-0.000213406
-4.698658e-08,-0.000205623
-4.688658e-08,-0.000193299
-4.678658e-08,-0.000176435
-4.668658e-08,-0.000156328
-4.658658e-08,-0.000132978
-4.648658e-08,-0.000107681
-4.638658e-08,-8.04393e-05
-4.628658e-08,-5.31972e-05
-4.618658e-08,-2.59552e-05
-4.608658e-08,-6.58998e-07
-4.598658e-08,2.39886e-05
-4.588658e-08,4.60417e-05
-4.578658e-08,6.67975e-05
-4.568658e-08,8.56075e-05
-4.558658e-08,0.00010312
-4.548658e-08,0.000118687
-4.538658e-08,0.000132957
-4.528658e-08,0.000145281
-4.518658e-08,0.000156307
-4.508658e-08,0.000166036
-4.498658e-08,0.000173171
-4.488658e-08,0.00017836
-4.478658e-08,0.000181603
-4.468658e-08,0.000182901
-4.458658e-08,0.000181603
-4.448658e-08,0.000179657
-4.438658e-08,0.00017836
-4.428658e-08,0.000177712
-4.418658e-08,0.00017836
-4.408658e-08,0.000180306
-4.398658e-08,0.000182901
-4.388658e-08,0.000186144
-4.378658e-08,0.000188089
-4.368658e-08,0.000188089
-4.358658e-08,0.000185495
-4.348658e-08,0.000179009
-4.338658e-08,0.000168631
-4.328658e-08,0.000153713
-4.318658e-08,0.000134254
-4.308658e-08,0.000112201
-4.298658e-08,8.69047e-05
-4.288658e-08,6.09599e-05
-4.278658e-08,3.50151e-05
-4.268658e-08,1.10162e-05
-4.258658e-08,-1.16855e-05
-4.248658e-08,-3.11441e-05
-4.238658e-08,-4.60624e-05
-4.228658e-08,-5.77376e-05
-4.218658e-08,-6.48724e-05
-4.208658e-08,-6.81155e-05
-4.198658e-08,-6.61696e-05
-4.188658e-08,-5.90348e-05
-4.178658e-08,-4.6711e-05
-4.168658e-08,-3.04955e-05
-4.158658e-08,-9.73968e-06
-4.148658e-08,1.36106e-05
-4.138658e-08,3.82582e-05
-4.128658e-08,6.22572e-05
-4.118658e-08,8.43102e-05
-4.108658e-08,0.000102472
-4.098658e-08,0.000116093
-4.088658e-08,0.000123876
-4.078658e-08,0.000125822
-4.068658e-08,0.000122579
-4.058658e-08,0.000115444
-4.048658e-08,0.000106363
-4.038658e-08,9.72826e-05
-4.028658e-08,8.94992e-05
-4.018658e-08,8.36616e-05
-4.008658e-08,8.04185e-05
-3.998658e-08,7.97699e-05
-3.988658e-08,8.17158e-05
-3.978658e-08,8.43102e-05
-3.968658e-08,8.75533e-05
-3.958658e-08,9.07964e-05
-3.948658e-08,9.27423e-05
-3.938658e-08,9.40395e-05
-3.928658e-08,9.40395e-05
-3.918658e-08,9.46882e-05
-3.908658e-08,9.6634e-05
-3.898658e-08,9.98771e-05
-3.888658e-08,0.000105715
-3.878658e-08,0.000114147
-3.868658e-08,0.000124525
-3.858658e-08,0.0001362
-3.848658e-08,0.000149172
-3.838658e-08,0.000161496
-3.828658e-08,0.000172523
-3.818658e-08,0.000180955
-3.808658e-08,0.000187441
-3.798658e-08,0.000191333
-3.788658e-08,0.000193927
-3.778658e-08,0.000193927
-3.768658e-08,0.000193278
-3.758658e-08,0.00019263
-3.748658e-08,0.000191981
-3.738658e-08,0.000191333
-3.728658e-08,0.000190035
-3.718658e-08,0.000189387
-3.708658e-08,0.000188089
-3.698658e-08,0.000185495
-3.688658e-08,0.000182252
-3.678658e-08,0.00017836
-3.668658e-08,0.000174468
-3.658658e-08,0.000171874
-3.648658e-08,0.000170577
-3.638658e-08,0.000171874
-3.628658e-08,0.000175766
-3.618658e-08,0.000180955
-3.608658e-08,0.000188089
-3.598658e-08,0.000195224
-3.588658e-08,0.000200413
-3.578658e-08,0.000201062
-3.568658e-08,0.000196522
-3.558658e-08,0.000186144
-3.548658e-08,0.000169279
-3.538658e-08,0.000146578
-3.528658e-08,0.000119336
-3.518658e-08,8.88506e-05
-3.508658e-08,5.83654e-05
-3.498658e-08,2.91775e-05
-3.488658e-08,1.93548e-06
-3.478658e-08,-2.01176e-05
-3.468658e-08,-3.76303e-05
-3.458658e-08,-5.12514e-05
-3.448658e-08,-6.03321e-05
-3.438658e-08,-6.61696e-05
-3.428658e-08,-6.94127e-05
-3.418658e-08,-6.94127e-05
-3.408658e-08,-6.74669e-05
-3.398658e-08,-6.35752e-05
-3.388658e-08,-5.64403e-05
-3.378658e-08,-4.6711e-05
-3.368658e-08,-3.37386e-05
-3.358658e-08,-1.62259e-05
-3.348658e-08,5.17858e-06
-3.338658e-08,3.04748e-05
-3.328658e-08,5.83654e-05
-3.318658e-08,8.75533e-05
-3.308658e-08,0.000116093
-3.298658e-08,0.000142686
-3.288658e-08,0.000165388
-3.278658e-08,0.000183549
-3.268658e-08,0.00019717
-3.258658e-08,0.000206251
-3.248658e-08,0.00021144
-3.238658e-08,0.000215332
-3.228658e-08,0.000218575
-3.218658e-08,0.000223115
-3.208658e-08,0.000228304
-3.198658e-08,0.000235439
-3.188658e-08,0.000245168
-3.178658e-08,0.000254897
-3.168658e-08,0.000262681
-3.158658e-08,0.000267221
-3.148658e-08,0.000267221
-3.138658e-08,0.000262032
-3.128658e-08,0.000250357
-3.118658e-08,0.000232196
-3.108658e-08,0.000209494
-3.098658e-08,0.000181603
-3.088658e-08,0.000151118
-3.078658e-08,0.000119984
-3.068658e-08,9.01478e-05
-3.058658e-08,6.22572e-05
-3.048658e-08,3.76096e-05
-3.038658e-08,1.8151e-05
-3.028658e-08,4.52996e-06
-3.018658e-08,-3.9021e-06
-3.008658e-08,-6.49658e-06
-2.998658e-08,-3.9021e-06
-2.988658e-08,2.5841e-06
-2.978658e-08,1.36106e-05
-2.968658e-08,2.85289e-05
-2.958658e-08,4.60417e-05
-2.948658e-08,6.55003e-05
-2.938658e-08,8.49589e-05
-2.928658e-08,0.000104417
-2.918658e-08,0.000120633
-2.908658e-08,0.000133605
-2.898658e-08,0.000142037
-2.888658e-08,0.000144632
-2.878658e-08,0.000141389
-2.868658e-08,0.000132308
-2.858658e-08,0.00011739
-2.848658e-08,9.79313e-05
-2.838658e-08,7.58782e-05
-2.828658e-08,5.31765e-05
-2.818658e-08,2.98261e-05
-2.808658e-08,8.42168e-06
-2.798658e-08,-1.16855e-05
-2.788658e-08,-2.98469e-05
-2.778658e-08,-4.47652e-05
-2.768658e-08,-5.7089e-05
-2.758658e-08,-6.68183e-05
-2.748658e-08,-7.26558e-05
-2.738658e-08,-7.58989e-05
-2.728658e-08,-7.39531e-05
-2.718658e-08,-6.81155e-05
-2.708658e-08,-5.7089e-05
-2.698658e-08,-4.02248e-05
-2.688658e-08,-1.88204e-05
-2.678658e-08,7.12444e-06
-2.668658e-08,3.63124e-05
-2.658658e-08,6.67975e-05
-2.648658e-08,9.72826e-05
-2.638658e-08,0.000125822
-2.628658e-08,0.000149172
-2.618658e-08,0.000166036
-2.608658e-08,0.000175766
-2.598658e-08,0.000177712
-2.588658e-08,0.000173171
-2.578658e-08,0.000163442
-2.568658e-08,0.000149821
-2.558658e-08,0.000134903
-2.548658e-08,0.000119336
-2.538658e-08,0.000105066
-2.528658e-08,9.33909e-05
-2.518658e-08,8.43102e-05
-2.508658e-08,7.91213e-05
-2.498658e-08,7.52296e-05
-2.488658e-08,7.32837e-05
-2.478658e-08,7.26351e-05
-2.468658e-08,7.13378e-05
-2.458658e-08,7.00406e-05
-2.448658e-08,6.87434e-05
-2.438658e-08,6.80947e-05
-2.428658e-08,7.00406e-05
-2.418658e-08,7.32837e-05
-2.408658e-08,8.10671e-05
-2.398658e-08,9.20937e-05
-2.388658e-08,0.000107012
-2.378658e-08,0.000124525
-2.368658e-08,0.000143983
-2.358658e-08,0.000162793
-2.348658e-08,0.000179657
-2.338658e-08,0.000193278
-2.328658e-08,0.000203656
-2.318658e-08,0.000208845
-2.308658e-08,0.000209494
-2.298658e-08,0.000205602
-2.288658e-08,0.000198467
-2.278658e-08,0.000188738
-2.268658e-08,0.000177063
-2.258658e-08,0.000164091
-2.248658e-08,0.000149172
-2.238658e-08,0.000133605
-2.228658e-08,0.000115444
-2.218658e-08,9.53368e-05
-2.208658e-08,7.26351e-05
-2.198658e-08,4.79875e-05
-2.188658e-08,2.20427e-05
-2.178658e-08,-4.55072e-06
-2.168658e-08,-2.91983e-05
-2.158658e-08,-4.93055e-05
-2.148658e-08,-6.48724e-05
-2.138658e-08,-7.39531e-05
-2.128658e-08,-7.52503e-05
-2.118658e-08,-7.071e-05
-2.108658e-08,-6.03321e-05
-2.098658e-08,-4.60624e-05
-2.088658e-08,-2.91983e-05
-2.078658e-08,-1.16855e-05
-2.068658e-08,5.17858e-06
-2.058658e-08,1.94482e-05
-2.048658e-08,3.11234e-05
-2.038658e-08,3.89068e-05
-2.028658e-08,4.34472e-05
-2.018658e-08,4.5393e-05
-2.008658e-08,4.47444e-05
-1.998658e-08,4.21499e-05
-1.988658e-08,3.82582e-05
-1.978658e-08,3.37179e-05
-1.968658e-08,2.78803e-05
-1.958658e-08,2.26913e-05
-1.948658e-08,1.62051e-05
-1.938658e-08,9.0703e-06
-1.928658e-08,1.93548e-06
-1.918658e-08,-4.55072e-06
-1.908658e-08,-1.03883e-05
-1.898658e-08,-1.36314e-05
-1.888658e-08,-1.49286e-05
-1.878658e-08,-1.428e-05
-1.868658e-08,-1.10369e-05
-1.858658e-08,-5.84796e-06
-1.848658e-08,-6.58998e-07
-1.838658e-08,5.17858e-06
-1.828658e-08,1.03675e-05
-1.818658e-08,1.36106e-05
-1.808658e-08,1.55565e-05
-1.798658e-08,1.49079e-05
-1.788658e-08,1.23134e-05
-1.778658e-08,9.0703e-06
-1.768658e-08,7.12444e-06
-1.758658e-08,7.77306e-06
-1.748658e-08,1.23134e-05
-1.738658e-08,2.07455e-05
-1.728658e-08,3.43665e-05
-1.718658e-08,5.25279e-05
-1.708658e-08,7.39323e-05
-1.698658e-08,9.59854e-05
-1.688658e-08,0.000118038
-1.678658e-08,0.000137497
-1.668658e-08,0.000153713
-1.658658e-08,0.000164091
-1.648658e-08,0.000169279
-1.638658e-08,0.000168631
-1.628658e-08,0.000163442
-1.618658e-08,0.000153713
-1.608658e-08,0.000141389
-1.598658e-08,0.000127768
-1.588658e-08,0.000114147
-1.578658e-08,0.000101174
-1.568658e-08,8.94992e-05
-1.558658e-08,7.84727e-05
-1.548658e-08,6.87434e-05
-1.538658e-08,5.96627e-05
-1.528658e-08,4.99334e-05
-1.518658e-08,4.08527e-05
-1.508658e-08,3.24206e-05
-1.498658e-08,2.46372e-05
-1.488658e-08,1.8151e-05
-1.478658e-08,1.42593e-05
-1.468658e-08,1.23134e-05
-1.458658e-08,1.36106e-05
-1.448658e-08,1.87996e-05
-1.438658e-08,2.72317e-05
-1.428658e-08,3.82582e-05
-1.418658e-08,4.99334e-05
-1.408658e-08,6.22572e-05
-1.398658e-08,7.52296e-05
-1.388658e-08,8.75533e-05
-1.378658e-08,0.000100526
-1.368658e-08,0.000113498
-1.358658e-08,0.000127768
-1.348658e-08,0.000142037
-1.338658e-08,0.000156956
-1.328658e-08,0.000171225
-1.318658e-08,0.000184846
-1.308658e-08,0.000196522
-1.298658e-08,0.000205602
-1.288658e-08,0.000210791
-1.278658e-08,0.000212737
-1.268658e-08,0.000210791
-1.258658e-08,0.000206251
-1.248658e-08,0.000199116
-1.238658e-08,0.000190684
-1.228658e-08,0.000182252
-1.218658e-08,0.00017382
-1.208658e-08,0.000166036
-1.198658e-08,0.000158902
-1.188658e-08,0.000151767
-1.178658e-08,0.000143335
-1.168658e-08,0.000132308
-1.158658e-08,0.000118687
-1.148658e-08,0.00010312
-1.138658e-08,8.56075e-05
-1.128658e-08,6.67975e-05
-1.118658e-08,4.99334e-05
-1.108658e-08,3.63124e-05
-1.098658e-08,2.6583e-05
-1.088658e-08,2.33399e-05
-1.078658e-08,2.85289e-05
-1.068658e-08,4.15013e-05
-1.058658e-08,6.09599e-05
-1.048658e-08,8.36616e-05
-1.038658e-08,0.000107661
-1.028658e-08,0.000130362
-1.018658e-08,0.000149172
-1.008658e-08,0.000161496
-9.986576e-09,0.000166685
-9.886576e-09,0.000164739
-9.786576e-09,0.000156307
-9.686576e-09,0.000143335
-9.586576e-09,0.000128416
-9.486576e-09,0.000114147
-9.386576e-09,0.000101823
-9.286576e-09,9.33909e-05
-9.186576e-09,9.01478e-05
-9.086576e-09,9.07964e-05
-8.986576e-09,9.46882e-05
-8.886576e-09,0.000100526
-8.786576e-09,0.000106363
-8.686576e-09,0.000112201
-8.586576e-09,0.000114795
-8.486576e-09,0.000115444
-8.386576e-09,0.000114795
-8.286576e-09,0.000114147
-8.186576e-09,0.000113498
-8.086576e-09,0.000114147
-7.986576e-09,0.000116741
-7.886576e-09,0.000120633
-7.786576e-09,0.000125173
-7.686576e-09,0.000129714
-7.586576e-09,0.000132308
-7.486576e-09,0.000131011
-7.386576e-09,0.000125173
-7.286576e-09,0.000114147
-7.186576e-09,9.85799e-05
-7.086576e-09,7.97699e-05
-6.986576e-09,5.90141e-05
-6.886576e-09,4.02041e-05
-6.786576e-09,2.52858e-05
-6.686576e-09,1.49079e-05
-6.586576e-09,1.03675e-05
-6.486576e-09,1.03675e-05
-6.386576e-09,1.55565e-05
-6.286576e-09,2.26913e-05
-6.186576e-09,2.91775e-05
-6.086576e-09,3.30692e-05
-5.986576e-09,3.24206e-05
-5.886576e-09,2.6583e-05
-5.786576e-09,1.36106e-05
-5.686576e-09,-4.55072e-06
-5.586576e-09,-2.59552e-05
-5.486576e-09,-4.80083e-05
-5.386576e-09,-6.87641e-05
-5.286576e-09,-8.49796e-05
-5.186576e-09,-9.40603e-05
-5.086576e-09,-9.53575e-05
-4.986576e-09,-8.952e-05
-4.886576e-09,-7.58989e-05
-4.786576e-09,-5.64403e-05
-4.686576e-09,-3.309e-05
-4.586576e-09,-6.49658e-06
-4.486576e-09,2.13941e-05
-4.386576e-09,4.86361e-05
-4.286576e-09,7.39323e-05
-4.186576e-09,9.59854e-05
-4.086576e-09,0.000114795
-3.986576e-09,0.000129065
-3.886576e-09,0.000139443
-3.786576e-09,0.000145281
-3.686576e-09,0.000145929
-3.586576e-09,0.000143335
-3.486576e-09,0.000136848
-3.386576e-09,0.000127768
-3.286576e-09,0.00011739
-3.186576e-09,0.000107012
-3.086576e-09,9.72826e-05
-2.986576e-09,8.88506e-05
-2.886576e-09,8.23644e-05
-2.786576e-09,7.7824e-05
-2.686576e-09,7.19865e-05
-2.586576e-09,6.4203e-05
-2.486576e-09,5.12306e-05
-2.386576e-09,3.1772e-05
-2.286576e-09,3.88134e-06
-2.186576e-09,-3.50359e-05
-2.086576e-09,-8.4331e-05
-1.986576e-09,-0.000143355
-1.886576e-09,-0.000212109
-1.786576e-09,-0.000287998
-1.686576e-09,-0.000367129
-1.586576e-09,-0.000447558
-1.486576e-09,-0.000525393
-1.386576e-09,-0.000599984
-1.286576e-09,-0.000669386
-1.186576e-09,-0.000732951
-1.086576e-09,-0.000791327
-9.865756e-10,-0.000847757
-8.865756e-10,-0.000902241
-7.865756e-10,-0.000958022
-6.865756e-10,-0.0010164
-5.865756e-10,-0.00107931
-4.865756e-10,-0.00114742
-3.865756e-10,-0.00122071
-2.865756e-10,-0.00129985
-1.865756e-10,-0.00138417
-8.657556e-11,-0.00147368
1.342444e-11,-0.00156773
1.134244e-10,-0.00166567
2.134244e-10,-0.0017688
3.134244e-10,-0.00187712
4.134244e-10,-0.00199063
5.134244e-10,-0.00211062
6.134244e-10,-0.0022371
7.134244e-10,-0.00236877
8.134244e-10,-0.00250304
9.134244e-10,-0.0026386
1.013424e-09,-0.00277286
1.113424e-09,-0.00290323
1.213424e-09,-0.00302647
1.313424e-09,-0.00314128
1.413424e-09,-0.00324506
1.513424e-09,-0.00333781
1.613424e-09,-0.00341954
1.713424e-09,-0.00349153
1.813424e-09,-0.00355575
1.913424e-09,-0.00361282
2.013424e-09,-0.00366407
2.113424e-09,-0.00371012
2.213424e-09,-0.00375163
2.313424e-09,-0.00378795
2.413424e-09,-0.00381909
2.513424e-09,-0.00384373
2.613424e-09,-0.00386254
2.713424e-09,-0.00387357
2.813424e-09,-0.00387681
2.913424e-09,-0.00387227
3.013424e-09,-0.00385995
3.113424e-09,-0.00384049
3.213424e-09,-0.0038139
3.313424e-09,-0.00378017
3.413424e-09,-0.00373995
3.513424e-09,-0.00369455
3.613424e-09,-0.00364396
3.713424e-09,-0.00358883
3.813424e-09,-0.0035298
3.913424e-09,-0.00346818
4.013424e-09,-0.00340591
4.113424e-09,-0.00334494
4.213424e-09,-0.00328851
4.313424e-09,-0.00323792
4.413424e-09,-0.00319446
4.513424e-09,-0.00315814
4.613424e-09,-0.00313025
4.713424e-09,-0.0031082
4.813424e-09,-0.00309198
4.913424e-09,-0.00307901
5.013424e-09,-0.00306798
5.113424e-09,-0.00305566
5.213424e-09,-0.00304009
5.313424e-09,-0.00301869
5.413424e-09,-0.0029921
5.513424e-09,-0.00295902
5.613424e-09,-0.00292075
5.713424e-09,-0.00287794
5.813424e-09,-0.00283189
5.913424e-09,-0.00278259
6.013424e-09,-0.00273135
6.113424e-09,-0.00267881
6.213424e-09,-0.00262498
6.313424e-09,-0.00256984
6.413424e-09,-0.00251406
6.513424e-09,-0.00245893
6.613424e-09,-0.00240315
6.713424e-09,-0.00234931
6.813424e-09,-0.00229742
6.913424e-09,-0.00224813
7.013424e-09,-0.00220143
7.113424e-09,-0.00215797
7.213424e-09,-0.00211711
7.313424e-09,-0.00207819
7.413424e-09,-0.00203992
7.513424e-09,-0.00200035
7.613424e-09,-0.00195755
7.713424e-09,-0.0019102
7.813424e-09,-0.00185636
7.913424e-09,-0.00179604
8.013424e-09,-0.00173053
8.113424e-09,-0.00166178
8.213424e-09,-0.00159043
8.313424e-09,-0.00151973
8.413424e-09,-0.00145097
8.513424e-09,-0.00138676
8.613424e-09,-0.00132838
8.713424e-09,-0.00127649
8.813424e-09,-0.00123174
8.913424e-09,-0.00119347
9.013424e-09,-0.00115974
9.113424e-09,-0.00112926
9.213424e-09,-0.00110072
9.313424e-09,-0.00107413
9.413424e-09,-0.00104883
9.513424e-09,-0.00102483
9.613424e-09,-0.00100278
9.713424e-09,-0.00098267
9.813424e-09,-0.000965806
9.913424e-09,-0.000951536
1.001342e-08,-0.000941158
1.011342e-08,-0.000934672
1.021342e-08,-0.000930132
1.031342e-08,-0.000927537
1.041342e-08,-0.000924943
1.051342e-08,-0.0009217
1.061342e-08,-0.000917808
1.071342e-08,-0.000911322
1.081342e-08,-0.000903538
1.091342e-08,-0.000893809
1.101342e-08,-0.000883431
1.111342e-08,-0.000873053
1.121342e-08,-0.000863324
1.131342e-08,-0.000856189
1.141342e-08,-0.000851
1.151342e-08,-0.000847108
1.161342e-08,-0.000845811
1.171342e-08,-0.000845811
1.181342e-08,-0.000847757
1.191342e-08,-0.000851
1.201342e-08,-0.000854243
1.211342e-08,-0.000858783
1.221342e-08,-0.000863972
1.231342e-08,-0.000869161
1.241342e-08,-0.000874999
1.251342e-08,-0.000881485
1.261342e-08,-0.00088862
1.271342e-08,-0.000897052
1.281342e-08,-0.000904835
1.291342e-08,-0.00091197
1.301342e-08,-0.000917159
1.311342e-08,-0.000921051
1.321342e-08,-0.0009217
1.331342e-08,-0.000921051
1.341342e-08,-0.000917808
1.351342e-08,-0.000913268
1.361342e-08,-0.00090743
1.371342e-08,-0.000900295
1.381342e-08,-0.000892512
1.391342e-08,-0.000883431
1.401342e-08,-0.000872404
1.411342e-08,-0.000860081
1.421342e-08,-0.00084646
1.431342e-08,-0.000829596
1.441342e-08,-0.000810786
1.451342e-08,-0.000789381
1.461342e-08,-0.000766031
1.471342e-08,-0.000741383
1.481342e-08,-0.000716087
1.491342e-08,-0.000690142
1.501342e-08,-0.000666792
1.511342e-08,-0.000646036
1.521342e-08,-0.000629821
1.531342e-08,-0.000618794
1.541342e-08,-0.000611659
1.551342e-08,-0.000607767
1.561342e-08,-0.000607767
1.571342e-08,-0.000609713
1.581342e-08,-0.000612956
1.591342e-08,-0.000615551
1.601342e-08,-0.0006162
1.611342e-08,-0.000614902
1.621342e-08,-0.000612308
1.631342e-08,-0.000607119
1.641342e-08,-0.000600633
1.651342e-08,-0.000593498
1.661342e-08,-0.000586363
1.671342e-08,-0.000580525
1.681342e-08,-0.000574039
1.691342e-08,-0.000567553
1.701342e-08,-0.000560418
1.711342e-08,-0.000551986
1.721342e-08,-0.00054096
1.731342e-08,-0.000527987
1.741342e-08,-0.00051242
1.751342e-08,-0.000494908
1.761342e-08,-0.000476098
1.771342e-08,-0.000457936
1.781342e-08,-0.000441072
1.791342e-08,-0.000427451
1.801342e-08,-0.000416425
1.811342e-08,-0.00040929
1.821342e-08,-0.000407344
1.831342e-08,-0.000408641
1.841342e-08,-0.000413181
1.851342e-08,-0.000417722
1.861342e-08,-0.000423559
1.871342e-08,-0.0004281
1.881342e-08,-0.000430046
1.891342e-08,-0.000429397
1.901342e-08,-0.000425505
1.911342e-08,-0.000419668
1.921342e-08,-0.000410587
1.931342e-08,-0.000400858
1.941342e-08,-0.000389182
1.951342e-08,-0.000376859
1.961342e-08,-0.000363886
1.971342e-08,-0.000350265
1.981342e-08,-0.000335347
1.991342e-08,-0.000319131
2.001342e-08,-0.000301619
2.011342e-08,-0.000284106
2.021342e-08,-0.000266593
2.031342e-08,-0.000251026
2.041342e-08,-0.000237405
2.051342e-08,-0.000226379
2.061342e-08,-0.000219244
2.071342e-08,-0.00021665
2.081342e-08,-0.000217298
2.091342e-08,-0.00022119
2.101342e-08,-0.000227027
2.111342e-08,-0.000232865
2.121342e-08,-0.000236757
2.131342e-08,-0.000238703
2.141342e-08,-0.000236108
2.151342e-08,-0.000229622
2.161342e-08,-0.000219244
2.171342e-08,-0.000206272
2.181342e-08,-0.000192002
2.191342e-08,-0.000177732
2.201342e-08,-0.000164111
2.211342e-08,-0.000153733
2.221342e-08,-0.000147896
2.231342e-08,-0.000145301
2.241342e-08,-0.000147896
2.251342e-08,-0.000153733
2.261342e-08,-0.000161517
2.271342e-08,-0.000170597
2.281342e-08,-0.000179678
2.291342e-08,-0.000186813
2.301342e-08,-0.000192002
2.311342e-08,-0.000194596
2.321342e-08,-0.000194596
2.331342e-08,-0.000192651
2.341342e-08,-0.00018811
2.351342e-08,-0.000182273
2.361342e-08,-0.000174489
2.371342e-08,-0.000165409
2.381342e-08,-0.000156328
2.391342e-08,-0.00014595
2.401342e-08,-0.000135572
2.411342e-08,-0.000125843
2.421342e-08,-0.000118059
2.431342e-08,-0.000112222
2.441342e-08,-0.000109627
2.451342e-08,-0.000111573
2.461342e-08,-0.000119356
2.471342e-08,-0.000132978
2.481342e-08,-0.000151787
2.491342e-08,-0.000175786
2.501342e-08,-0.000204326
2.511342e-08,-0.000235459
2.521342e-08,-0.000266593
2.531342e-08,-0.000297078
2.541342e-08,-0.00032432
2.551342e-08,-0.000348968
2.561342e-08,-0.000369075
2.571342e-08,-0.000385939
2.581342e-08,-0.00039956
2.591342e-08,-0.000409938
2.601342e-08,-0.000417073
2.611342e-08,-0.000422262
2.621342e-08,-0.000425505
2.631342e-08,-0.000427451
2.641342e-08,-0.000426154
2.651342e-08,-0.000422911
2.661342e-08,-0.000416425
2.671342e-08,-0.000407344
2.681342e-08,-0.000393723
2.691342e-08,-0.00037621
2.701342e-08,-0.000356103
2.711342e-08,-0.000333401
2.721342e-08,-0.000309402
2.731342e-08,-0.000285403
2.741342e-08,-0.000262702
2.751342e-08,-0.000242594
2.761342e-08,-0.000225082
2.771342e-08,-0.000211461
2.781342e-08,-0.000201731
2.791342e-08,-0.000196542
2.801342e-08,-0.000195894
2.811342e-08,-0.000199785
2.821342e-08,-0.000207569
2.831342e-08,-0.000218595
2.841342e-08,-0.000230271
2.851342e-08,-0.000243243
2.861342e-08,-0.000254918
2.871342e-08,-0.000263999
2.881342e-08,-0.000268539
2.891342e-08,-0.000267891
2.901342e-08,-0.000262053
2.911342e-08,-0.000249729
2.921342e-08,-0.000232216
2.931342e-08,-0.000210812
2.941342e-08,-0.00018811
2.951342e-08,-0.000167354
2.961342e-08,-0.00015049
2.971342e-08,-0.000140761
2.981342e-08,-0.000140112
2.991342e-08,-0.000149842
3.001342e-08,-0.000168003
3.011342e-08,-0.000193299
3.021342e-08,-0.000225082
3.031342e-08,-0.000260107
3.041342e-08,-0.000294484
3.051342e-08,-0.000326266
3.061342e-08,-0.000351563
3.071342e-08,-0.000367778
3.081342e-08,-0.000373616
3.091342e-08,-0.000369724
3.101342e-08,-0.000356103
3.111342e-08,-0.000334698
3.121342e-08,-0.000306808
3.131342e-08,-0.000275025
3.141342e-08,-0.000241297
3.151342e-08,-0.000208217
3.161342e-08,-0.000177084
3.171342e-08,-0.000149193
3.181342e-08,-0.000125194
3.191342e-08,-0.000105735
3.201342e-08,-9.08172e-05
3.211342e-08,-8.04393e-05
3.221342e-08,-7.46017e-05
3.231342e-08,-7.26558e-05
3.241342e-08,-7.46017e-05
3.251342e-08,-7.97907e-05
3.261342e-08,-8.88713e-05
3.271342e-08,-0.000101844
3.281342e-08,-0.000118059
3.291342e-08,-0.000137518
3.301342e-08,-0.000159571
3.311342e-08,-0.000182273
3.321342e-08,-0.000205623
3.331342e-08,-0.000229622
3.341342e-08,-0.000252972
3.351342e-08,-0.000276323
3.361342e-08,-0.000297078
3.371342e-08,-0.00031524
3.381342e-08,-0.000331455
3.391342e-08,-0.00034313
3.401342e-08,-0.000350914
3.411342e-08,-0.000354157
3.421342e-08,-0.000353508
3.431342e-08,-0.000348968
3.441342e-08,-0.000340536
3.451342e-08,-0.000329509
3.461342e-08,-0.000315888
3.471342e-08,-0.000301619
3.481342e-08,-0.000287998
3.491342e-08,-0.000276323
3.501342e-08,-0.000267242
3.511342e-08,-0.000262702
3.521342e-08,-0.000262702
3.531342e-08,-0.000268539
3.541342e-08,-0.000278917
3.551342e-08,-0.000292538
3.561342e-08,-0.000308105
3.571342e-08,-0.000323672
3.581342e-08,-0.00033859
3.591342e-08,-0.000351563
3.601342e-08,-0.000359995
3.611342e-08,-0.000364535
3.621342e-08,-0.000364535
3.631342e-08,-0.000358697
3.641342e-08,-0.000349617
3.651342e-08,-0.000336644
3.661342e-08,-0.000321726
3.671342e-08,-0.000306808
3.681342e-08,-0.000292538
3.691342e-08,-0.000278917
3.701342e-08,-0.000267891
3.711342e-08,-0.000258161
3.721342e-08,-0.000249729
3.731342e-08,-0.000243243
3.741342e-08,-0.000238703
3.751342e-08,-0.000234162
3.761342e-08,-0.000228973
3.771342e-08,-0.000222487
3.781342e-08,-0.000215352
3.791342e-08,-0.000205623
3.801342e-08,-0.000193299
3.811342e-08,-0.000177084
3.821342e-08,-0.000157625
3.831342e-08,-0.000136221
3.841342e-08,-0.000112222
3.851342e-08,-8.75741e-05
3.861342e-08,-6.22779e-05
3.871342e-08,-3.63331e-05
3.881342e-08,-1.10369e-05
3.891342e-08,1.36106e-05
3.901342e-08,3.50151e-05
3.911342e-08,5.38251e-05
3.921342e-08,6.9392e-05
3.931342e-08,8.10671e-05
3.941342e-08,9.01478e-05
3.951342e-08,9.59854e-05
3.961342e-08,9.98771e-05
3.971342e-08,0.000102472
3.981342e-08,0.000102472
3.991342e-08,9.98771e-05
4.001342e-08,9.59854e-05
4.011342e-08,8.94992e-05
4.021342e-08,7.91213e-05
4.031342e-08,6.55003e-05
4.041342e-08,4.79875e-05
4.051342e-08,2.85289e-05
4.061342e-08,5.8272e-06
4.071342e-08,-1.88204e-05
4.081342e-08,-4.34679e-05
4.091342e-08,-6.61696e-05
4.101342e-08,-8.56282e-05
4.111342e-08,-9.98979e-05
4.121342e-08,-0.000106384
4.131342e-08,-0.000105735
4.141342e-08,-9.86006e-05
4.151342e-08,-8.56282e-05
4.161342e-08,-6.81155e-05
4.171342e-08,-4.93055e-05
4.181342e-08,-3.17928e-05
4.191342e-08,-1.68745e-05
4.201342e-08,-6.49658e-06
4.211342e-08,-3.25348e-06
4.221342e-08,-7.1452e-06
4.231342e-08,-1.88204e-05
4.241342e-08,-3.69817e-05
4.251342e-08,-5.96834e-05
4.261342e-08,-8.62769e-05
4.271342e-08,-0.000113519
4.281342e-08,-0.000138166
4.291342e-08,-0.000159571
4.301342e-08,-0.000175786
4.311342e-08,-0.000185516
4.321342e-08,-0.000189407
4.331342e-08,-0.000187462
4.341342e-08,-0.000180327
4.351342e-08,-0.000169949
4.361342e-08,-0.000156328
4.371342e-08,-0.00014141
4.381342e-08,-0.00012714
4.391342e-08,-0.000115465
4.401342e-08,-0.000106384
4.411342e-08,-0.000100547
4.421342e-08,-9.7952e-05
4.431342e-08,-9.98979e-05
4.441342e-08,-0.000104438
4.451342e-08,-0.000111573
4.461342e-08,-0.000121302
4.471342e-08,-0.00013168
4.481342e-08,-0.000140761
4.491342e-08,-0.000147896
4.501342e-08,-0.000151787
4.511342e-08,-0.00015049
4.521342e-08,-0.000142058
4.531342e-08,-0.00012714
4.541342e-08,-0.000104438
4.551342e-08,-7.52503e-05
4.561342e-08,-4.02248e-05
4.571342e-08,-1.95624e-06
4.581342e-08,3.82582e-05
4.591342e-08,7.7824e-05
4.601342e-08,0.000114147
4.611342e-08,0.000146578
4.621342e-08,0.000170577
4.631342e-08,0.000186792
4.641342e-08,0.000193278
4.651342e-08,0.000190684
4.661342e-08,0.000180955
4.671342e-08,0.000164739
4.681342e-08,0.000144632
4.691342e-08,0.00012193
4.701342e-08,9.79313e-05
4.711342e-08,7.39323e-05
4.721342e-08,5.12306e-05
4.731342e-08,3.04748e-05
4.741342e-08,1.16648e-05
4.751342e-08,-5.19934e-06
4.761342e-08,-2.07662e-05
4.771342e-08,-3.43872e-05
4.781342e-08,-4.73596e-05
4.791342e-08,-6.03321e-05
4.801342e-08,-7.26558e-05
4.811342e-08,-8.49796e-05
4.821342e-08,-9.7952e-05
4.831342e-08,-0.000110924
4.841342e-08,-0.000124545
4.851342e-08,-0.000138166
4.861342e-08,-0.000153085
4.871342e-08,-0.000168652
4.881342e-08,-0.000185516
4.891342e-08,-0.000201731
4.901342e-08,-0.000218595
4.911342e-08,-0.000232865
4.921342e-08,-0.000243243
4.931342e-08,-0.000249729
4.941342e-08,-0.000250378
4.951342e-08,-0.000245837
4.961342e-08,-0.000234811
4.971342e-08,-0.000217947
4.981342e-08,-0.000197191
4.991342e-08,-0.000173192
5.001342e-08,-0.000147247
5.011342e-08,-0.000121302
5.021342e-08,-9.73034e-05
5.031342e-08,-7.52503e-05
5.041342e-08,-5.57917e-05
5.051342e-08,-3.89276e-05
5.061342e-08,-2.40093e-05
5.071342e-08,-8.44244e-06
5.081342e-08,7.12444e-06
5.091342e-08,2.46372e-05
5.101342e-08,4.27986e-05
5.111342e-08,6.09599e-05
5.121342e-08,7.97699e-05
5.131342e-08,9.59854e-05
5.141342e-08,0.000109606
5.151342e-08,0.000118038
5.161342e-08,0.000121282
5.171342e-08,0.000118038
5.181342e-08,0.000108958
5.191342e-08,9.40395e-05
5.201342e-08,7.58782e-05
5.211342e-08,5.44737e-05
5.221342e-08,3.24206e-05
5.231342e-08,1.03675e-05
5.241342e-08,-9.09106e-06
5.251342e-08,-2.66038e-05
5.261342e-08,-4.28193e-05
5.271342e-08,-5.83862e-05
5.281342e-08,-7.33045e-05
5.291342e-08,-8.952e-05
5.301342e-08,-0.000107681
5.311342e-08,-0.00012714
5.321342e-08,-0.000146599
5.331342e-08,-0.000165409
5.341342e-08,-0.000181624
5.351342e-08,-0.000193948
5.361342e-08,-0.000199137
5.371342e-08,-0.000197191
5.381342e-08,-0.00018811
5.391342e-08,-0.000171895
5.401342e-08,-0.000149842
5.411342e-08,-0.000123897
5.421342e-08,-9.66548e-05
5.431342e-08,-7.071e-05
5.441342e-08,-4.80083e-05
5.451342e-08,-2.98469e-05
5.461342e-08,-1.88204e-05
5.471342e-08,-1.428e-05
5.481342e-08,-1.49286e-05
5.491342e-08,-2.14148e-05
5.501342e-08,-3.24414e-05
5.511342e-08,-4.60624e-05
5.521342e-08,-6.03321e-05
5.531342e-08,-7.46017e-05
5.541342e-08,-8.69255e-05
5.551342e-08,-9.66548e-05
5.561342e-08,-0.000103141
5.571342e-08,-0.000105735
5.581342e-08,-0.000105735
5.591342e-08,-0.000102492
5.601342e-08,-9.53575e-05
5.611342e-08,-8.62769e-05
5.621342e-08,-7.65476e-05
5.631342e-08,-6.61696e-05
5.641342e-08,-5.57917e-05
5.651342e-08,-4.54138e-05
5.661342e-08,-3.63331e-05
5.671342e-08,-2.91983e-05
5.681342e-08,-2.27121e-05
5.691342e-08,-1.81717e-05
5.701342e-08,-1.428e-05
5.711342e-08,-1.16855e-05
5.721342e-08,-9.09106e-06
5.731342e-08,-5.19934e-06
5.741342e-08,-6.58998e-07
5.751342e-08,5.8272e-06
5.761342e-08,1.2962e-05
5.771342e-08,2.07455e-05
5.781342e-08,2.91775e-05
5.791342e-08,3.63124e-05
5.801342e-08,4.15013e-05
5.811342e-08,4.47444e-05
5.821342e-08,4.27986e-05
5.831342e-08,3.76096e-05
5.841342e-08,2.85289e-05
5.851342e-08,1.62051e-05
5.861342e-08,1.28686e-06
5.871342e-08,-1.55773e-05
5.881342e-08,-3.43872e-05
5.891342e-08,-5.31972e-05
5.901342e-08,-7.20072e-05
5.911342e-08,-9.01686e-05
5.921342e-08,-0.00010833
5.931342e-08,-0.000125843
5.941342e-08,-0.000142707
5.951342e-08,-0.000159571
5.961342e-08,-0.000175786
5.971342e-08,-0.000190705
5.981342e-08,-0.000204974
5.991342e-08,-0.00021665
6.001342e-08,-0.000225082
6.011342e-08,-0.000229622
6.021342e-08,-0.000230271
6.031342e-08,-0.000225082
6.041342e-08,-0.000214704
6.051342e-08,-0.000199137
6.061342e-08,-0.000179678
6.071342e-08,-0.000157625
6.081342e-08,-0.000134275
6.091342e-08,-0.000112222
6.101342e-08,-9.21144e-05
6.111342e-08,-7.58989e-05
6.121342e-08,-6.35752e-05
6.131342e-08,-5.64403e-05
6.141342e-08,-5.38459e-05
6.151342e-08,-5.44945e-05
6.161342e-08,-5.7089e-05
6.171342e-08,-6.03321e-05
6.181342e-08,-6.29265e-05
6.191342e-08,-6.35752e-05
6.201342e-08,-6.22779e-05
6.211342e-08,-5.96834e-05
6.221342e-08,-5.51431e-05
6.231342e-08,-4.93055e-05
6.241342e-08,-4.28193e-05
6.251342e-08,-3.50359e-05
6.261342e-08,-2.7901e-05
6.271342e-08,-2.20635e-05
6.281342e-08,-1.68745e-05
6.291342e-08,-1.36314e-05
6.301342e-08,-1.10369e-05
6.311342e-08,-1.03883e-05
6.321342e-08,-1.10369e-05
6.331342e-08,-1.36314e-05
6.341342e-08,-1.75231e-05
6.351342e-08,-2.33607e-05
6.361342e-08,-3.04955e-05
6.371342e-08,-3.95762e-05
6.381342e-08,-4.93055e-05
6.391342e-08,-5.90348e-05
6.401342e-08,-6.81155e-05
6.411342e-08,-7.52503e-05
6.421342e-08,-7.97907e-05
6.431342e-08,-7.97907e-05
6.441342e-08,-7.46017e-05
6.451342e-08,-6.5521e-05
6.461342e-08,-5.25486e-05
6.471342e-08,-3.63331e-05
6.481342e-08,-1.81717e-05
6.491342e-08,6.38242e-07
6.501342e-08,1.87996e-05
6.511342e-08,3.50151e-05
6.521342e-08,4.79875e-05
6.531342e-08,5.77168e-05
6.541342e-08,6.48516e-05
6.551342e-08,6.9392e-05
6.561342e-08,7.19865e-05
6.571342e-08,7.39323e-05
6.581342e-08,7.58782e-05
6.591342e-08,7.65268e-05
6.601342e-08,7.71754e-05
6.611342e-08,7.71754e-05
6.621342e-08,7.52296e-05
6.631342e-08,7.26351e-05
6.641342e-08,6.87434e-05
6.651342e-08,6.48516e-05
6.661342e-08,6.03113e-05
6.671342e-08,5.83654e-05
6.681342e-08,5.96627e-05
6.691342e-08,6.4203e-05
6.701342e-08,7.26351e-05
6.711342e-08,8.49589e-05
6.721342e-08,0.000100526
6.731342e-08,0.000118038
6.741342e-08,0.0001362
6.751342e-08,0.000153713
6.761342e-08,0.000168631
6.771342e-08,0.000180306
6.781342e-08,0.000186792
6.791342e-08,0.000189387
6.801342e-08,0.000187441
6.811342e-08,0.000182252
6.821342e-08,0.000174468
6.831342e-08,0.000166036
6.841342e-08,0.000156307
6.851342e-08,0.000147226
6.861342e-08,0.000136848
6.871342e-08,0.000126471
6.881342e-08,0.000116093
6.891342e-08,0.000104417
6.901342e-08,9.14451e-05
6.911342e-08,7.71754e-05
6.921342e-08,6.22572e-05
6.931342e-08,4.79875e-05
6.941342e-08,3.43665e-05
6.951342e-08,2.33399e-05
6.961342e-08,1.55565e-05
6.971342e-08,1.10162e-05
6.981342e-08,1.10162e-05
6.991342e-08,1.42593e-05
7.001342e-08,2.07455e-05
7.011342e-08,2.98261e-05
7.021342e-08,4.02041e-05
7.031342e-08,5.0582e-05
7.041342e-08,6.22572e-05
7.051342e-08,7.32837e-05
7.061342e-08,8.36616e-05
7.071342e-08,9.33909e-05
7.081342e-08,0.000103769
7.091342e-08,0.000113498
7.101342e-08,0.00012193
7.111342e-08,0.000128416
7.121342e-08,0.000134903
7.131342e-08,0.000138146
7.141342e-08,0.000138794
7.151342e-08,0.000134903
7.161342e-08,0.000127119
7.171342e-08,0.000114795
7.181342e-08,9.85799e-05
7.191342e-08,7.91213e-05
7.201342e-08,5.70682e-05
7.211342e-08,3.30692e-05
7.221342e-08,7.77306e-06
7.231342e-08,-1.75231e-05
7.241342e-08,-4.08734e-05
7.251342e-08,-6.29265e-05
7.261342e-08,-8.36824e-05
7.271342e-08,-0.00010379
7.281342e-08,-0.000121302
7.291342e-08,-0.000136869
7.301342e-08,-0.000152436
7.311342e-08,-0.000166057
7.321342e-08,-0.000178381
7.331342e-08,-0.000187462
7.341342e-08,-0.000193299
7.351342e-08,-0.000193948
7.361342e-08,-0.000187462
7.371342e-08,-0.000173192
7.381342e-08,-0.000151787
7.391342e-08,-0.000123248
7.401342e-08,-8.952e-05
7.411342e-08,-5.19e-05
7.421342e-08,-1.428e-05
7.431342e-08,2.07455e-05
7.441342e-08,5.12306e-05
7.451342e-08,7.39323e-05
7.461342e-08,8.75533e-05
7.471342e-08,9.07964e-05
7.481342e-08,8.49589e-05
7.491342e-08,7.00406e-05
7.501342e-08,4.86361e-05
7.511342e-08,2.07455e-05
7.521342e-08,-9.73968e-06
7.531342e-08,-4.28193e-05
7.541342e-08,-7.58989e-05
7.551342e-08,-0.000107681
7.561342e-08,-0.000138166
7.571342e-08,-0.00016476
7.581342e-08,-0.000187462
7.591342e-08,-0.000204974
7.601342e-08,-0.000214704
7.611342e-08,-0.00021665
7.621342e-08,-0.000209515
7.631342e-08,-0.000192651
7.641342e-08,-0.000167354
7.651342e-08,-0.000135572
7.661342e-08,-9.92493e-05
7.671342e-08,-6.16293e-05
7.681342e-08,-2.59552e-05
7.691342e-08,5.17858e-06
7.701342e-08,2.91775e-05
7.711342e-08,4.5393e-05
7.721342e-08,5.31765e-05
