LECROYWaveRunner‘N,20113,Waveform
Segments,1,SegmentSize,2002
Segment,TrigTime,TimeSinceSegment1
#1,28-Sep-2018 13:21:04,0                 
Time,Ampl
-1.228454e-07,-7.65476e-05
-1.227454e-07,-7.78448e-05
-1.226454e-07,-7.26558e-05
-1.225454e-07,-6.29265e-05
-1.224454e-07,-4.93055e-05
-1.223454e-07,-3.37386e-05
-1.222454e-07,-1.88204e-05
-1.221454e-07,-7.79382e-06
-1.220454e-07,-1.03779e-08
-1.219454e-07,2.5841e-06
-1.218454e-07,6.38242e-07
-1.217454e-07,-5.84796e-06
-1.216454e-07,-1.49286e-05
-1.215454e-07,-2.53066e-05
-1.214454e-07,-3.50359e-05
-1.213454e-07,-4.34679e-05
-1.212454e-07,-4.99541e-05
-1.211454e-07,-5.31972e-05
-1.210454e-07,-5.31972e-05
-1.209454e-07,-5.12514e-05
-1.208454e-07,-4.73596e-05
-1.207454e-07,-4.21707e-05
-1.206454e-07,-3.63331e-05
-1.205454e-07,-2.98469e-05
-1.204454e-07,-2.40093e-05
-1.203454e-07,-1.88204e-05
-1.202454e-07,-1.49286e-05
-1.201454e-07,-1.36314e-05
-1.200454e-07,-1.428e-05
-1.199454e-07,-1.62259e-05
-1.198454e-07,-2.01176e-05
-1.197454e-07,-2.59552e-05
-1.196454e-07,-3.309e-05
-1.195454e-07,-4.08734e-05
-1.194454e-07,-4.80083e-05
-1.193454e-07,-5.51431e-05
-1.192454e-07,-6.03321e-05
-1.191454e-07,-6.29265e-05
-1.190454e-07,-6.16293e-05
-1.189454e-07,-5.7089e-05
-1.188454e-07,-4.93055e-05
-1.187454e-07,-3.8279e-05
-1.186454e-07,-2.40093e-05
-1.185454e-07,-7.79382e-06
-1.184454e-07,1.03675e-05
-1.183454e-07,2.91775e-05
-1.182454e-07,4.73389e-05
-1.181454e-07,6.4203e-05
-1.180454e-07,7.97699e-05
-1.179454e-07,9.40395e-05
-1.178454e-07,0.000106363
-1.177454e-07,0.000116741
-1.176454e-07,0.000125173
-1.175454e-07,0.000132957
-1.174454e-07,0.000138794
-1.173454e-07,0.000142686
-1.172454e-07,0.000143983
-1.171454e-07,0.000143335
-1.170454e-07,0.00014074
-1.169454e-07,0.000134903
-1.168454e-07,0.000127768
-1.167454e-07,0.000120633
-1.166454e-07,0.000113498
-1.165454e-07,0.000107012
-1.164454e-07,0.00010312
-1.163454e-07,0.000101174
-1.162454e-07,0.000102472
-1.161454e-07,0.000106363
-1.160454e-07,0.000112201
-1.159454e-07,0.000119336
-1.158454e-07,0.000126471
-1.157454e-07,0.00013166
-1.156454e-07,0.000135551
-1.155454e-07,0.000136848
-1.154454e-07,0.000134903
-1.153454e-07,0.000129714
-1.152454e-07,0.000122579
-1.151454e-07,0.00011285
-1.150454e-07,0.000102472
-1.149454e-07,9.14451e-05
-1.148454e-07,8.04185e-05
-1.147454e-07,6.9392e-05
-1.146454e-07,5.90141e-05
-1.145454e-07,4.86361e-05
-1.144454e-07,3.76096e-05
-1.143454e-07,2.6583e-05
-1.142454e-07,1.55565e-05
-1.141454e-07,3.88134e-06
-1.140454e-07,-7.79382e-06
-1.139454e-07,-1.88204e-05
-1.138454e-07,-2.7901e-05
-1.137454e-07,-3.50359e-05
-1.136454e-07,-3.89276e-05
-1.135454e-07,-3.89276e-05
-1.134454e-07,-3.43872e-05
-1.133454e-07,-2.66038e-05
-1.132454e-07,-1.68745e-05
-1.131454e-07,-5.84796e-06
-1.130454e-07,5.17858e-06
-1.129454e-07,1.49079e-05
-1.128454e-07,2.20427e-05
-1.127454e-07,2.59344e-05
-1.126454e-07,2.59344e-05
-1.125454e-07,2.20427e-05
-1.124454e-07,1.49079e-05
-1.123454e-07,4.52996e-06
-1.122454e-07,-9.09106e-06
-1.121454e-07,-2.40093e-05
-1.120454e-07,-4.08734e-05
-1.119454e-07,-5.7089e-05
-1.118454e-07,-7.33045e-05
-1.117454e-07,-8.82227e-05
-1.116454e-07,-0.000101844
-1.115454e-07,-0.000114168
-1.114454e-07,-0.000124545
-1.113454e-07,-0.000134275
-1.112454e-07,-0.00014141
-1.111454e-07,-0.00014595
-1.110454e-07,-0.000147247
-1.109454e-07,-0.000145301
-1.108454e-07,-0.000140112
-1.107454e-07,-0.000132329
-1.106454e-07,-0.0001226
-1.105454e-07,-0.000110924
-1.104454e-07,-9.86006e-05
-1.103454e-07,-8.4331e-05
-1.102454e-07,-7.071e-05
-1.101454e-07,-5.83862e-05
-1.100454e-07,-4.73596e-05
-1.099454e-07,-3.69817e-05
-1.098454e-07,-2.91983e-05
-1.097454e-07,-2.27121e-05
-1.096454e-07,-1.88204e-05
-1.095454e-07,-1.55773e-05
-1.094454e-07,-1.36314e-05
-1.093454e-07,-1.36314e-05
-1.092454e-07,-1.49286e-05
-1.091454e-07,-1.68745e-05
-1.090454e-07,-2.01176e-05
-1.089454e-07,-2.46579e-05
-1.088454e-07,-2.91983e-05
-1.087454e-07,-3.309e-05
-1.086454e-07,-3.69817e-05
-1.085454e-07,-3.95762e-05
-1.084454e-07,-4.08734e-05
-1.083454e-07,-3.95762e-05
-1.082454e-07,-3.56845e-05
-1.081454e-07,-3.04955e-05
-1.080454e-07,-2.20635e-05
-1.079454e-07,-1.16855e-05
-1.078454e-07,-1.03779e-08
-1.077454e-07,1.23134e-05
-1.076454e-07,2.46372e-05
-1.075454e-07,3.63124e-05
-1.074454e-07,4.73389e-05
-1.073454e-07,5.70682e-05
-1.072454e-07,6.55003e-05
-1.071454e-07,7.32837e-05
-1.070454e-07,7.97699e-05
-1.069454e-07,8.49589e-05
-1.068454e-07,8.8202e-05
-1.067454e-07,8.94992e-05
-1.066454e-07,8.75533e-05
-1.065454e-07,8.17158e-05
-1.064454e-07,7.06892e-05
-1.063454e-07,5.64196e-05
-1.062454e-07,3.6961e-05
-1.061454e-07,1.2962e-05
-1.060454e-07,-1.29828e-05
-1.059454e-07,-3.95762e-05
-1.058454e-07,-6.5521e-05
-1.057454e-07,-8.88713e-05
-1.056454e-07,-0.00010833
-1.055454e-07,-0.000121951
-1.054454e-07,-0.000129734
-1.053454e-07,-0.00013168
-1.052454e-07,-0.000128437
-1.051454e-07,-0.000119356
-1.050454e-07,-0.000105735
-1.049454e-07,-8.88713e-05
-1.048454e-07,-6.94127e-05
-1.047454e-07,-4.86569e-05
-1.046454e-07,-2.72524e-05
-1.045454e-07,-6.49658e-06
-1.044454e-07,1.2962e-05
-1.043454e-07,3.04748e-05
-1.042454e-07,4.66903e-05
-1.041454e-07,6.03113e-05
-1.040454e-07,7.06892e-05
-1.039454e-07,7.71754e-05
-1.038454e-07,8.04185e-05
-1.037454e-07,7.97699e-05
-1.036454e-07,7.52296e-05
-1.035454e-07,6.80947e-05
-1.034454e-07,5.90141e-05
-1.033454e-07,4.86361e-05
-1.032454e-07,3.89068e-05
-1.031454e-07,3.04748e-05
-1.030454e-07,2.39886e-05
-1.029454e-07,2.07455e-05
-1.028454e-07,2.00968e-05
-1.027454e-07,2.07455e-05
-1.026454e-07,2.33399e-05
-1.025454e-07,2.52858e-05
-1.024454e-07,2.6583e-05
-1.023454e-07,2.52858e-05
-1.022454e-07,2.20427e-05
-1.021454e-07,1.42593e-05
-1.020454e-07,3.88134e-06
-1.019454e-07,-9.09106e-06
-1.018454e-07,-2.27121e-05
-1.017454e-07,-3.69817e-05
-1.016454e-07,-4.93055e-05
-1.015454e-07,-5.83862e-05
-1.014454e-07,-6.48724e-05
-1.013454e-07,-6.87641e-05
-1.012454e-07,-6.94127e-05
-1.011454e-07,-6.87641e-05
-1.010454e-07,-6.68183e-05
-1.009454e-07,-6.5521e-05
-1.008454e-07,-6.48724e-05
-1.007454e-07,-6.48724e-05
-1.006454e-07,-6.5521e-05
-1.005454e-07,-6.68183e-05
-1.004454e-07,-6.74669e-05
-1.003454e-07,-6.61696e-05
-1.002454e-07,-6.22779e-05
-1.001454e-07,-5.44945e-05
-1.000454e-07,-4.34679e-05
-9.994536e-08,-2.85497e-05
-9.984536e-08,-1.03883e-05
-9.974536e-08,9.0703e-06
-9.964536e-08,2.91775e-05
-9.954536e-08,4.92848e-05
-9.944536e-08,6.87434e-05
-9.934536e-08,8.62561e-05
-9.924536e-08,0.000101174
-9.914536e-08,0.000114147
-9.904536e-08,0.000125822
-9.894536e-08,0.000134903
-9.884536e-08,0.000141389
-9.874536e-08,0.000145929
-9.864536e-08,0.000147226
-9.854536e-08,0.000144632
-9.844536e-08,0.000138146
-9.834536e-08,0.000127119
-9.824536e-08,0.000112201
-9.814536e-08,9.33909e-05
-9.804536e-08,7.13378e-05
-9.794536e-08,4.86361e-05
-9.784536e-08,2.6583e-05
-9.774536e-08,7.12444e-06
-9.764536e-08,-8.44244e-06
-9.754536e-08,-1.88204e-05
-9.744536e-08,-2.33607e-05
-9.734536e-08,-2.27121e-05
-9.724536e-08,-1.62259e-05
-9.714536e-08,-6.49658e-06
-9.704536e-08,6.47582e-06
-9.694536e-08,2.07455e-05
-9.684536e-08,3.43665e-05
-9.674536e-08,4.66903e-05
-9.664536e-08,5.77168e-05
-9.654536e-08,6.61489e-05
-9.644536e-08,7.32837e-05
-9.634536e-08,7.91213e-05
-9.624536e-08,8.43102e-05
-9.614536e-08,8.94992e-05
-9.604536e-08,9.53368e-05
-9.594536e-08,0.000101174
-9.584536e-08,0.000107012
-9.574536e-08,0.00011285
-9.564536e-08,0.000118038
-9.554536e-08,0.000123227
-9.544536e-08,0.000127119
-9.534536e-08,0.000129714
-9.524536e-08,0.000130362
-9.514536e-08,0.000129714
-9.504536e-08,0.000127768
-9.494536e-08,0.000125822
-9.484536e-08,0.000123227
-9.474536e-08,0.000122579
-9.464536e-08,0.000123876
-9.454536e-08,0.000127119
-9.444536e-08,0.000133605
-9.434536e-08,0.000142686
-9.424536e-08,0.000153064
-9.414536e-08,0.000164739
-9.404536e-08,0.000175117
-9.394536e-08,0.000184198
-9.384536e-08,0.000190035
-9.374536e-08,0.000191333
-9.364536e-08,0.000188089
-9.354536e-08,0.00017836
-9.344536e-08,0.000164091
-9.334536e-08,0.000144632
-9.324536e-08,0.00012193
-9.314536e-08,9.85799e-05
-9.304536e-08,7.52296e-05
-9.294536e-08,5.44737e-05
-9.284536e-08,3.63124e-05
-9.274536e-08,2.46372e-05
-9.264536e-08,1.8151e-05
-9.254536e-08,1.87996e-05
-9.244536e-08,2.59344e-05
-9.234536e-08,3.82582e-05
-9.224536e-08,5.64196e-05
-9.214536e-08,7.71754e-05
-9.204536e-08,9.92285e-05
-9.194536e-08,0.000121282
-9.184536e-08,0.00014074
-9.174536e-08,0.000155658
-9.164536e-08,0.000165388
-9.154536e-08,0.000169279
-9.144536e-08,0.000166685
-9.134536e-08,0.000158253
-9.124536e-08,0.000144632
-9.114536e-08,0.000127119
-9.104536e-08,0.000107012
-9.094536e-08,8.62561e-05
-9.084536e-08,6.61489e-05
-9.074536e-08,4.79875e-05
-9.064536e-08,3.30692e-05
-9.054536e-08,2.07455e-05
-9.044536e-08,1.2962e-05
-9.034536e-08,9.0703e-06
-9.024536e-08,7.77306e-06
-9.014536e-08,8.42168e-06
-9.004536e-08,9.71892e-06
-8.994536e-08,1.16648e-05
-8.984536e-08,1.2962e-05
-8.974536e-08,1.36106e-05
-8.964536e-08,1.36106e-05
-8.954536e-08,1.42593e-05
-8.944536e-08,1.42593e-05
-8.934536e-08,1.42593e-05
-8.924536e-08,1.42593e-05
-8.914536e-08,1.49079e-05
-8.904536e-08,1.62051e-05
-8.894536e-08,1.75024e-05
-8.884536e-08,1.94482e-05
-8.874536e-08,2.20427e-05
-8.864536e-08,2.52858e-05
-8.854536e-08,2.91775e-05
-8.844536e-08,3.30692e-05
-8.834536e-08,3.89068e-05
-8.824536e-08,4.5393e-05
-8.814536e-08,5.25279e-05
-8.804536e-08,6.16085e-05
-8.794536e-08,7.19865e-05
-8.784536e-08,8.3013e-05
-8.774536e-08,9.33909e-05
-8.764536e-08,0.000102472
-8.754536e-08,0.000109606
-8.744536e-08,0.00011285
-8.734536e-08,0.000111552
-8.724536e-08,0.000105066
-8.714536e-08,9.46882e-05
-8.704536e-08,8.10671e-05
-8.694536e-08,6.4203e-05
-8.684536e-08,4.60417e-05
-8.674536e-08,2.85289e-05
-8.664536e-08,1.36106e-05
-8.654536e-08,1.28686e-06
-8.644536e-08,-6.49658e-06
-8.634536e-08,-9.73968e-06
-8.624536e-08,-8.44244e-06
-8.614536e-08,-3.9021e-06
-8.604536e-08,2.5841e-06
-8.594536e-08,1.10162e-05
-8.584536e-08,1.87996e-05
-8.574536e-08,2.59344e-05
-8.564536e-08,2.98261e-05
-8.554536e-08,2.98261e-05
-8.544536e-08,2.59344e-05
-8.534536e-08,1.8151e-05
-8.524536e-08,5.17858e-06
-8.514536e-08,-1.03883e-05
-8.504536e-08,-2.98469e-05
-8.494536e-08,-5.06027e-05
-8.484536e-08,-7.33045e-05
-8.474536e-08,-9.47089e-05
-8.464536e-08,-0.000114816
-8.454536e-08,-0.000131032
-8.444536e-08,-0.000144004
-8.434536e-08,-0.000151787
-8.424536e-08,-0.000154382
-8.414536e-08,-0.000151139
-8.404536e-08,-0.000142058
-8.394536e-08,-0.000129086
-8.384536e-08,-0.000112222
-8.374536e-08,-9.34117e-05
-8.364536e-08,-7.33045e-05
-8.354536e-08,-5.25486e-05
-8.344536e-08,-3.17928e-05
-8.334536e-08,-1.16855e-05
-8.324536e-08,7.12444e-06
-8.314536e-08,2.52858e-05
-8.304536e-08,4.15013e-05
-8.294536e-08,5.5771e-05
-8.284536e-08,6.87434e-05
-8.274536e-08,8.04185e-05
-8.264536e-08,9.07964e-05
-8.254536e-08,0.000100526
-8.244536e-08,0.000108309
-8.234536e-08,0.000114147
-8.224536e-08,0.000119336
-8.214536e-08,0.000122579
-8.204536e-08,0.000124525
-8.194536e-08,0.000125173
-8.184536e-08,0.000123876
-8.174536e-08,0.000121282
-8.164536e-08,0.00011739
-8.154536e-08,0.000112201
-8.144536e-08,0.000105715
-8.134536e-08,9.72826e-05
-8.124536e-08,8.56075e-05
-8.114536e-08,7.26351e-05
-8.104536e-08,5.83654e-05
-8.094536e-08,4.21499e-05
-8.084536e-08,2.39886e-05
-8.074536e-08,5.17858e-06
-8.064536e-08,-1.428e-05
-8.054536e-08,-3.309e-05
-8.044536e-08,-5.12514e-05
-8.034536e-08,-6.74669e-05
-8.024536e-08,-8.04393e-05
-8.014536e-08,-9.01686e-05
-8.004536e-08,-9.53575e-05
-7.994536e-08,-9.60062e-05
-7.984536e-08,-9.27631e-05
-7.974536e-08,-8.56282e-05
-7.964536e-08,-7.58989e-05
-7.954536e-08,-6.29265e-05
-7.944536e-08,-4.80083e-05
-7.934536e-08,-3.11441e-05
-7.924536e-08,-1.49286e-05
-7.914536e-08,1.93548e-06
-7.904536e-08,1.75024e-05
-7.894536e-08,3.1772e-05
-7.884536e-08,4.40958e-05
-7.874536e-08,5.31765e-05
-7.864536e-08,5.90141e-05
-7.854536e-08,6.16085e-05
-7.844536e-08,5.96627e-05
-7.834536e-08,5.31765e-05
-7.824536e-08,4.21499e-05
-7.814536e-08,2.59344e-05
-7.804536e-08,4.52996e-06
-7.794536e-08,-2.01176e-05
-7.784536e-08,-4.80083e-05
-7.774536e-08,-7.65476e-05
-7.764536e-08,-0.000104438
-7.754536e-08,-0.000129086
-7.744536e-08,-0.000148544
-7.734536e-08,-0.000162165
-7.724536e-08,-0.000168003
-7.714536e-08,-0.000166057
-7.704536e-08,-0.000156328
-7.694536e-08,-0.000140761
-7.684536e-08,-0.000119356
-7.674536e-08,-9.60062e-05
-7.664536e-08,-7.20072e-05
-7.654536e-08,-4.93055e-05
-7.644536e-08,-2.98469e-05
-7.634536e-08,-1.36314e-05
-7.624536e-08,-1.95624e-06
-7.614536e-08,4.52996e-06
-7.604536e-08,6.47582e-06
-7.594536e-08,5.8272e-06
-7.584536e-08,1.93548e-06
-7.574536e-08,-3.9021e-06
-7.564536e-08,-1.23342e-05
-7.554536e-08,-2.07662e-05
-7.544536e-08,-2.98469e-05
-7.534536e-08,-3.89276e-05
-7.524536e-08,-4.93055e-05
-7.514536e-08,-6.09807e-05
-7.504536e-08,-7.26558e-05
-7.494536e-08,-8.49796e-05
-7.484536e-08,-9.7952e-05
-7.474536e-08,-0.000111573
-7.464536e-08,-0.000124545
-7.454536e-08,-0.000136221
-7.444536e-08,-0.00014595
-7.434536e-08,-0.000153085
-7.424536e-08,-0.000156976
-7.414536e-08,-0.000158922
-7.404536e-08,-0.000157625
-7.394536e-08,-0.000154382
-7.384536e-08,-0.000149842
-7.374536e-08,-0.000144004
-7.364536e-08,-0.000138166
-7.354536e-08,-0.00013168
-7.344536e-08,-0.000126491
-7.334536e-08,-0.000121951
-7.324536e-08,-0.000118708
-7.314536e-08,-0.000115465
-7.304536e-08,-0.000111573
-7.294536e-08,-0.000107033
-7.284536e-08,-0.000101195
-7.274536e-08,-9.53575e-05
-7.264536e-08,-8.82227e-05
-7.254536e-08,-8.04393e-05
-7.244536e-08,-7.20072e-05
-7.234536e-08,-6.29265e-05
-7.224536e-08,-5.25486e-05
-7.214536e-08,-4.28193e-05
-7.204536e-08,-3.309e-05
-7.194536e-08,-2.40093e-05
-7.184536e-08,-1.68745e-05
-7.174536e-08,-1.23342e-05
-7.164536e-08,-1.03883e-05
-7.154536e-08,-1.16855e-05
-7.144536e-08,-1.62259e-05
-7.134536e-08,-2.33607e-05
-7.124536e-08,-3.17928e-05
-7.114536e-08,-4.21707e-05
-7.104536e-08,-5.31972e-05
-7.094536e-08,-6.35752e-05
-7.084536e-08,-7.26558e-05
-7.074536e-08,-7.84934e-05
-7.064536e-08,-8.17365e-05
-7.054536e-08,-8.10879e-05
-7.044536e-08,-7.78448e-05
-7.034536e-08,-7.26558e-05
-7.024536e-08,-6.68183e-05
-7.014536e-08,-6.16293e-05
-7.004536e-08,-5.83862e-05
-6.994536e-08,-5.83862e-05
-6.984536e-08,-6.22779e-05
-6.974536e-08,-6.94127e-05
-6.964536e-08,-8.04393e-05
-6.954536e-08,-9.47089e-05
-6.944536e-08,-0.000110276
-6.934536e-08,-0.000126491
-6.924536e-08,-0.000142707
-6.914536e-08,-0.000156976
-6.904536e-08,-0.000169949
-6.894536e-08,-0.000180975
-6.884536e-08,-0.000188759
-6.874536e-08,-0.000193948
-6.864536e-08,-0.000197191
-6.854536e-08,-0.000197191
-6.844536e-08,-0.000194596
-6.834536e-08,-0.000187462
-6.824536e-08,-0.000175138
-6.814536e-08,-0.000158274
-6.804536e-08,-0.000134275
-6.794536e-08,-0.00010379
-6.784536e-08,-6.81155e-05
-6.774536e-08,-2.66038e-05
-6.764536e-08,1.75024e-05
-6.754536e-08,6.29058e-05
-6.744536e-08,0.000108309
-6.734536e-08,0.000150469
-6.724536e-08,0.000188738
-6.714536e-08,0.000221169
-6.704536e-08,0.000245817
-6.694536e-08,0.000262681
-6.684536e-08,0.000271761
-6.674536e-08,0.000273707
-6.664536e-08,0.000269816
-6.654536e-08,0.000260735
-6.644536e-08,0.000248411
-6.634536e-08,0.000234141
-6.624536e-08,0.000219223
-6.614536e-08,0.000204305
-6.604536e-08,0.000189387
-6.594536e-08,0.000175117
-6.584536e-08,0.000162145
-6.574536e-08,0.000149172
-6.564536e-08,0.000137497
-6.554536e-08,0.000126471
-6.544536e-08,0.000116093
-6.534536e-08,0.000106363
-6.524536e-08,9.79313e-05
-6.514536e-08,9.01478e-05
-6.504536e-08,8.3013e-05
-6.494536e-08,7.65268e-05
-6.484536e-08,7.19865e-05
-6.474536e-08,6.9392e-05
-6.464536e-08,6.80947e-05
-6.454536e-08,6.80947e-05
-6.444536e-08,6.87434e-05
-6.434536e-08,7.13378e-05
-6.424536e-08,7.52296e-05
-6.414536e-08,7.97699e-05
-6.404536e-08,8.49589e-05
-6.394536e-08,9.01478e-05
-6.384536e-08,9.46882e-05
-6.374536e-08,9.79313e-05
-6.364536e-08,9.85799e-05
-6.354536e-08,9.6634e-05
-6.344536e-08,9.07964e-05
-6.334536e-08,8.17158e-05
-6.324536e-08,6.80947e-05
-6.314536e-08,4.99334e-05
-6.304536e-08,2.85289e-05
-6.294536e-08,4.52996e-06
-6.284536e-08,-2.07662e-05
-6.274536e-08,-4.47652e-05
-6.264536e-08,-6.74669e-05
-6.254536e-08,-8.69255e-05
-6.244536e-08,-0.000101195
-6.234536e-08,-0.000109627
-6.224536e-08,-0.000110924
-6.214536e-08,-0.000106384
-6.204536e-08,-9.47089e-05
-6.194536e-08,-7.84934e-05
-6.184536e-08,-5.83862e-05
-6.174536e-08,-3.63331e-05
-6.164536e-08,-1.36314e-05
-6.154536e-08,7.77306e-06
-6.144536e-08,2.78803e-05
-6.134536e-08,4.40958e-05
-6.124536e-08,5.64196e-05
-6.114536e-08,6.4203e-05
-6.104536e-08,7.00406e-05
-6.094536e-08,7.26351e-05
-6.084536e-08,7.45809e-05
-6.074536e-08,7.71754e-05
-6.064536e-08,8.17158e-05
-6.054536e-08,8.75533e-05
-6.044536e-08,9.72826e-05
-6.034536e-08,0.000110255
-6.024536e-08,0.000125822
-6.014536e-08,0.000143335
-6.004536e-08,0.000160199
-5.994536e-08,0.000175766
-5.984536e-08,0.000188738
-5.974536e-08,0.000195873
-5.964536e-08,0.00019717
-5.954536e-08,0.00019263
-5.944536e-08,0.000180306
-5.934536e-08,0.000160847
-5.924536e-08,0.000135551
-5.914536e-08,0.000104417
-5.904536e-08,7.00406e-05
-5.894536e-08,3.30692e-05
-5.884536e-08,-3.25348e-06
-5.874536e-08,-3.69817e-05
-5.864536e-08,-6.87641e-05
-5.854536e-08,-9.60062e-05
-5.844536e-08,-0.000118059
-5.834536e-08,-0.000134923
-5.824536e-08,-0.000146599
-5.814536e-08,-0.000153733
-5.804536e-08,-0.000156976
-5.794536e-08,-0.000156328
-5.784536e-08,-0.000152436
-5.774536e-08,-0.000146599
-5.764536e-08,-0.000138815
-5.754536e-08,-0.000129086
-5.744536e-08,-0.000118059
-5.734536e-08,-0.000107033
-5.724536e-08,-9.53575e-05
-5.714536e-08,-8.23851e-05
-5.704536e-08,-6.87641e-05
-5.694536e-08,-5.51431e-05
-5.684536e-08,-4.08734e-05
-5.674536e-08,-2.72524e-05
-5.664536e-08,-1.23342e-05
-5.654536e-08,2.5841e-06
-5.644536e-08,1.94482e-05
-5.634536e-08,3.82582e-05
-5.624536e-08,5.83654e-05
-5.614536e-08,7.97699e-05
-5.604536e-08,0.000101823
-5.594536e-08,0.000123876
-5.584536e-08,0.000143983
-5.574536e-08,0.000161496
-5.564536e-08,0.000175117
-5.554536e-08,0.000185495
-5.544536e-08,0.000189387
-5.534536e-08,0.000188738
-5.524536e-08,0.000182901
-5.514536e-08,0.000173171
-5.504536e-08,0.000160847
-5.494536e-08,0.000146578
-5.484536e-08,0.00013166
-5.474536e-08,0.000118038
-5.464536e-08,0.000107012
-5.454536e-08,9.72826e-05
-5.444536e-08,8.88506e-05
-5.434536e-08,8.23644e-05
-5.424536e-08,7.65268e-05
-5.414536e-08,7.00406e-05
-5.404536e-08,6.29058e-05
-5.394536e-08,5.51223e-05
-5.384536e-08,4.66903e-05
-5.374536e-08,3.63124e-05
-5.364536e-08,2.59344e-05
-5.354536e-08,1.49079e-05
-5.344536e-08,4.52996e-06
-5.334536e-08,-5.19934e-06
-5.324536e-08,-1.29828e-05
-5.314536e-08,-1.88204e-05
-5.304536e-08,-2.33607e-05
-5.294536e-08,-2.72524e-05
-5.284536e-08,-3.11441e-05
-5.274536e-08,-3.43872e-05
-5.264536e-08,-3.69817e-05
-5.254536e-08,-3.95762e-05
-5.244536e-08,-4.21707e-05
-5.234536e-08,-4.41165e-05
-5.224536e-08,-4.47652e-05
-5.214536e-08,-4.47652e-05
-5.204536e-08,-4.34679e-05
-5.194536e-08,-4.02248e-05
-5.184536e-08,-3.69817e-05
-5.174536e-08,-3.309e-05
-5.164536e-08,-2.85497e-05
-5.154536e-08,-2.27121e-05
-5.144536e-08,-1.62259e-05
-5.134536e-08,-9.09106e-06
-5.124536e-08,-1.30762e-06
-5.114536e-08,7.77306e-06
-5.104536e-08,1.8151e-05
-5.094536e-08,2.98261e-05
-5.084536e-08,4.21499e-05
-5.074536e-08,5.64196e-05
-5.064536e-08,7.13378e-05
-5.054536e-08,8.49589e-05
-5.044536e-08,9.72826e-05
-5.034536e-08,0.000107661
-5.024536e-08,0.000115444
-5.014536e-08,0.000120633
-5.004536e-08,0.000122579
-4.994536e-08,0.000122579
-4.984536e-08,0.000119336
-4.974536e-08,0.000114147
-4.964536e-08,0.000108309
-4.954536e-08,0.000101823
-4.944536e-08,9.59854e-05
-4.934536e-08,9.14451e-05
-4.924536e-08,8.75533e-05
-4.914536e-08,8.43102e-05
-4.904536e-08,8.23644e-05
-4.894536e-08,7.84727e-05
-4.884536e-08,7.45809e-05
-4.874536e-08,6.87434e-05
-4.864536e-08,6.16085e-05
-4.854536e-08,5.0582e-05
-4.844536e-08,3.82582e-05
-4.834536e-08,2.39886e-05
-4.824536e-08,9.0703e-06
-4.814536e-08,-6.49658e-06
-4.804536e-08,-2.14148e-05
-4.794536e-08,-3.43872e-05
-4.784536e-08,-4.47652e-05
-4.774536e-08,-5.25486e-05
-4.764536e-08,-5.7089e-05
-4.754536e-08,-5.77376e-05
-4.744536e-08,-5.44945e-05
-4.734536e-08,-4.86569e-05
-4.724536e-08,-3.89276e-05
-4.714536e-08,-2.59552e-05
-4.704536e-08,-1.03883e-05
-4.694536e-08,6.47582e-06
-4.684536e-08,2.52858e-05
-4.674536e-08,4.47444e-05
-4.664536e-08,6.22572e-05
-4.654536e-08,7.7824e-05
-4.644536e-08,8.94992e-05
-4.634536e-08,9.6634e-05
-4.624536e-08,9.79313e-05
-4.614536e-08,9.27423e-05
-4.604536e-08,8.17158e-05
-4.594536e-08,6.4203e-05
-4.584536e-08,4.27986e-05
-4.574536e-08,1.8151e-05
-4.564536e-08,-7.79382e-06
-4.554536e-08,-3.309e-05
-4.544536e-08,-5.51431e-05
-4.534536e-08,-7.39531e-05
-4.524536e-08,-8.69255e-05
-4.514536e-08,-9.47089e-05
-4.504536e-08,-9.66548e-05
-4.494536e-08,-9.53575e-05
-4.484536e-08,-9.08172e-05
-4.474536e-08,-8.4331e-05
-4.464536e-08,-7.78448e-05
-4.454536e-08,-7.33045e-05
-4.444536e-08,-7.13586e-05
-4.434536e-08,-7.071e-05
-4.424536e-08,-7.13586e-05
-4.414536e-08,-7.26558e-05
-4.404536e-08,-7.39531e-05
-4.394536e-08,-7.33045e-05
-4.384536e-08,-6.94127e-05
-4.374536e-08,-6.29265e-05
-4.364536e-08,-5.25486e-05
-4.354536e-08,-3.89276e-05
-4.344536e-08,-2.33607e-05
-4.334536e-08,-7.1452e-06
-4.324536e-08,9.0703e-06
-4.314536e-08,2.46372e-05
-4.304536e-08,3.82582e-05
-4.294536e-08,4.92848e-05
-4.284536e-08,5.90141e-05
-4.274536e-08,6.80947e-05
-4.264536e-08,7.65268e-05
-4.254536e-08,8.56075e-05
-4.244536e-08,9.59854e-05
-4.234536e-08,0.000108958
-4.224536e-08,0.000123876
-4.214536e-08,0.000139443
-4.204536e-08,0.000155658
-4.194536e-08,0.000170577
-4.184536e-08,0.000182901
-4.174536e-08,0.000191981
-4.164536e-08,0.00019717
-4.154536e-08,0.00019717
-4.144536e-08,0.000191981
-4.134536e-08,0.000182252
-4.124536e-08,0.000167982
-4.114536e-08,0.000152415
-4.104536e-08,0.000134254
-4.094536e-08,0.000114795
-4.084536e-08,9.53368e-05
-4.074536e-08,7.52296e-05
-4.064536e-08,5.5771e-05
-4.054536e-08,3.63124e-05
-4.044536e-08,1.75024e-05
-4.034536e-08,-6.58998e-07
-4.024536e-08,-1.68745e-05
-4.014536e-08,-3.11441e-05
-4.004536e-08,-4.15221e-05
-3.994536e-08,-4.73596e-05
-3.984536e-08,-4.6711e-05
-3.974536e-08,-4.08734e-05
-3.964536e-08,-3.04955e-05
-3.954536e-08,-1.55773e-05
-3.944536e-08,1.93548e-06
-3.934536e-08,1.87996e-05
-3.924536e-08,3.30692e-05
-3.914536e-08,4.34472e-05
-3.904536e-08,4.66903e-05
-3.894536e-08,4.02041e-05
-3.884536e-08,2.52858e-05
-3.874536e-08,2.5841e-06
-3.864536e-08,-2.66038e-05
-3.854536e-08,-6.03321e-05
-3.844536e-08,-9.60062e-05
-3.834536e-08,-0.000131032
-3.824536e-08,-0.000162814
-3.814536e-08,-0.000188759
-3.804536e-08,-0.000207569
-3.794536e-08,-0.000217947
-3.784536e-08,-0.000220541
-3.774536e-08,-0.00021665
-3.764536e-08,-0.00020692
-3.754536e-08,-0.000193948
-3.744536e-08,-0.000179678
-3.734536e-08,-0.000166057
-3.724536e-08,-0.000153733
-3.714536e-08,-0.000144004
-3.704536e-08,-0.000137518
-3.694536e-08,-0.000134923
-3.684536e-08,-0.000134275
-3.674536e-08,-0.000134923
-3.664536e-08,-0.000136869
-3.654536e-08,-0.000139464
-3.644536e-08,-0.000142058
-3.634536e-08,-0.000143355
-3.624536e-08,-0.000142707
-3.614536e-08,-0.000140112
-3.604536e-08,-0.000134275
-3.594536e-08,-0.000125843
-3.584536e-08,-0.000114168
-3.574536e-08,-0.000100547
-3.564536e-08,-8.36824e-05
-3.554536e-08,-6.48724e-05
-3.544536e-08,-4.41165e-05
-3.534536e-08,-2.27121e-05
-3.524536e-08,-1.30762e-06
-3.514536e-08,2.00968e-05
-3.504536e-08,3.95555e-05
-3.494536e-08,5.77168e-05
-3.484536e-08,7.32837e-05
-3.474536e-08,8.69047e-05
-3.464536e-08,9.79313e-05
-3.454536e-08,0.000105715
-3.444536e-08,0.000110255
-3.434536e-08,0.000112201
-3.424536e-08,0.000111552
-3.414536e-08,0.000108958
-3.404536e-08,0.000104417
-3.394536e-08,9.92285e-05
-3.384536e-08,9.33909e-05
-3.374536e-08,8.62561e-05
-3.364536e-08,7.97699e-05
-3.354536e-08,7.39323e-05
-3.344536e-08,7.00406e-05
-3.334536e-08,6.80947e-05
-3.324536e-08,6.80947e-05
-3.314536e-08,7.13378e-05
-3.304536e-08,7.71754e-05
-3.294536e-08,8.56075e-05
-3.284536e-08,9.59854e-05
-3.274536e-08,0.000108309
-3.264536e-08,0.000120633
-3.254536e-08,0.000132308
-3.244536e-08,0.000142037
-3.234536e-08,0.000149821
-3.224536e-08,0.00015501
-3.214536e-08,0.000156956
-3.204536e-08,0.000155658
-3.194536e-08,0.000151118
-3.184536e-08,0.000143335
-3.174536e-08,0.00013166
-3.164536e-08,0.00011739
-3.154536e-08,0.000100526
-3.144536e-08,8.10671e-05
-3.134536e-08,5.90141e-05
-3.124536e-08,3.56637e-05
-3.114536e-08,1.16648e-05
-3.104536e-08,-1.23342e-05
-3.094536e-08,-3.63331e-05
-3.084536e-08,-5.83862e-05
-3.074536e-08,-7.84934e-05
-3.064536e-08,-9.73034e-05
-3.054536e-08,-0.00011287
-3.044536e-08,-0.000125843
-3.034536e-08,-0.000136221
-3.024536e-08,-0.000143355
-3.014536e-08,-0.000148544
-3.004536e-08,-0.00015049
-2.994536e-08,-0.000151139
-2.984536e-08,-0.00015049
-2.974536e-08,-0.000148544
-2.964536e-08,-0.000145301
-2.954536e-08,-0.000142058
-2.944536e-08,-0.000138815
-2.934536e-08,-0.000136221
-2.924536e-08,-0.000133626
-2.914536e-08,-0.000132329
-2.904536e-08,-0.000130383
-2.894536e-08,-0.000128437
-2.884536e-08,-0.000125843
-2.874536e-08,-0.000121302
-2.864536e-08,-0.000114816
-2.854536e-08,-0.000107033
-2.844536e-08,-9.73034e-05
-2.834536e-08,-8.62769e-05
-2.824536e-08,-7.52503e-05
-2.814536e-08,-6.48724e-05
-2.804536e-08,-5.57917e-05
-2.794536e-08,-4.86569e-05
-2.784536e-08,-4.47652e-05
-2.774536e-08,-4.47652e-05
-2.764536e-08,-4.80083e-05
-2.754536e-08,-5.44945e-05
-2.744536e-08,-6.29265e-05
-2.734536e-08,-7.20072e-05
-2.724536e-08,-8.10879e-05
-2.714536e-08,-8.75741e-05
-2.704536e-08,-9.08172e-05
-2.694536e-08,-9.14658e-05
-2.684536e-08,-8.88713e-05
-2.674536e-08,-8.23851e-05
-2.664536e-08,-7.39531e-05
-2.654536e-08,-6.35752e-05
-2.644536e-08,-5.25486e-05
-2.634536e-08,-4.08734e-05
-2.624536e-08,-3.04955e-05
-2.614536e-08,-2.14148e-05
-2.604536e-08,-1.29828e-05
-2.594536e-08,-5.84796e-06
-2.584536e-08,1.93548e-06
-2.574536e-08,9.71892e-06
-2.564536e-08,1.94482e-05
-2.554536e-08,3.1772e-05
-2.544536e-08,4.66903e-05
-2.534536e-08,6.35544e-05
-2.524536e-08,8.17158e-05
-2.514536e-08,9.92285e-05
-2.504536e-08,0.000116093
-2.494536e-08,0.000129714
-2.484536e-08,0.000137497
-2.474536e-08,0.000140092
-2.464536e-08,0.000135551
-2.454536e-08,0.000123227
-2.444536e-08,0.000104417
-2.434536e-08,8.04185e-05
-2.424536e-08,5.25279e-05
-2.414536e-08,2.33399e-05
-2.404536e-08,-5.19934e-06
-2.394536e-08,-2.98469e-05
-2.384536e-08,-4.86569e-05
-2.374536e-08,-6.16293e-05
-2.364536e-08,-6.61696e-05
-2.354536e-08,-6.35752e-05
-2.344536e-08,-5.31972e-05
-2.334536e-08,-3.69817e-05
-2.324536e-08,-1.62259e-05
-2.314536e-08,7.77306e-06
-2.304536e-08,3.30692e-05
-2.294536e-08,5.70682e-05
-2.284536e-08,7.91213e-05
-2.274536e-08,9.85799e-05
-2.264536e-08,0.000114795
-2.254536e-08,0.000126471
-2.244536e-08,0.000135551
-2.234536e-08,0.000141389
-2.224536e-08,0.000145281
-2.214536e-08,0.000147875
-2.204536e-08,0.000150469
-2.194536e-08,0.000153713
-2.184536e-08,0.000158253
-2.174536e-08,0.000164739
-2.164536e-08,0.000172523
-2.154536e-08,0.000181603
-2.144536e-08,0.000190035
-2.134536e-08,0.000195873
-2.124536e-08,0.000198467
-2.114536e-08,0.000195873
-2.104536e-08,0.000186792
-2.094536e-08,0.000170577
-2.084536e-08,0.000146578
-2.074536e-08,0.000116741
-2.064536e-08,8.23644e-05
-2.054536e-08,4.66903e-05
-2.044536e-08,1.10162e-05
-2.034536e-08,-2.14148e-05
-2.024536e-08,-4.73596e-05
-2.014536e-08,-6.68183e-05
-2.004536e-08,-7.78448e-05
-1.994536e-08,-7.97907e-05
-1.984536e-08,-7.46017e-05
-1.974536e-08,-6.29265e-05
-1.964536e-08,-4.60624e-05
-1.954536e-08,-2.59552e-05
-1.944536e-08,-5.19934e-06
-1.934536e-08,1.42593e-05
-1.924536e-08,3.11234e-05
-1.914536e-08,4.40958e-05
-1.904536e-08,5.31765e-05
-1.894536e-08,5.64196e-05
-1.884536e-08,5.51223e-05
-1.874536e-08,4.99334e-05
-1.864536e-08,4.08527e-05
-1.854536e-08,2.85289e-05
-1.844536e-08,1.49079e-05
-1.834536e-08,-6.58998e-07
-1.824536e-08,-1.49286e-05
-1.814536e-08,-2.85497e-05
-1.804536e-08,-4.08734e-05
-1.794536e-08,-4.99541e-05
-1.784536e-08,-5.57917e-05
-1.774536e-08,-5.77376e-05
-1.764536e-08,-5.57917e-05
-1.754536e-08,-4.93055e-05
-1.744536e-08,-3.95762e-05
-1.734536e-08,-2.7901e-05
-1.724536e-08,-1.49286e-05
-1.714536e-08,-1.30762e-06
-1.704536e-08,9.71892e-06
-1.694536e-08,1.75024e-05
-1.684536e-08,2.00968e-05
-1.674536e-08,1.75024e-05
-1.664536e-08,9.0703e-06
-1.654536e-08,-3.9021e-06
-1.644536e-08,-1.9469e-05
-1.634536e-08,-3.69817e-05
-1.624536e-08,-5.44945e-05
-1.614536e-08,-6.87641e-05
-1.604536e-08,-7.97907e-05
-1.594536e-08,-8.49796e-05
-1.584536e-08,-8.36824e-05
-1.574536e-08,-7.52503e-05
-1.564536e-08,-6.03321e-05
-1.554536e-08,-4.08734e-05
-1.544536e-08,-1.75231e-05
-1.534536e-08,7.12444e-06
-1.524536e-08,3.11234e-05
-1.514536e-08,5.25279e-05
-1.504536e-08,6.9392e-05
-1.494536e-08,8.17158e-05
-1.484536e-08,8.75533e-05
-1.474536e-08,8.88506e-05
-1.464536e-08,8.49589e-05
-1.454536e-08,7.71754e-05
-1.444536e-08,6.74461e-05
-1.434536e-08,5.64196e-05
-1.424536e-08,4.60417e-05
-1.414536e-08,3.76096e-05
-1.404536e-08,3.24206e-05
-1.394536e-08,3.11234e-05
-1.384536e-08,3.43665e-05
-1.374536e-08,4.15013e-05
-1.364536e-08,5.31765e-05
-1.354536e-08,6.67975e-05
-1.344536e-08,8.23644e-05
-1.334536e-08,9.6634e-05
-1.324536e-08,0.000110255
-1.314536e-08,0.000120633
-1.304536e-08,0.000127119
-1.294536e-08,0.000129065
-1.284536e-08,0.000125173
-1.274536e-08,0.000116093
-1.264536e-08,0.00010312
-1.254536e-08,8.75533e-05
-1.244536e-08,6.9392e-05
-1.234536e-08,5.18792e-05
-1.224536e-08,3.56637e-05
-1.214536e-08,2.20427e-05
-1.204536e-08,1.10162e-05
-1.194536e-08,3.88134e-06
-1.184536e-08,-1.03779e-08
-1.174536e-08,-6.58998e-07
-1.164536e-08,1.28686e-06
-1.154536e-08,5.17858e-06
-1.144536e-08,1.03675e-05
-1.134536e-08,1.49079e-05
-1.124536e-08,2.00968e-05
-1.114536e-08,2.59344e-05
-1.104536e-08,3.11234e-05
-1.094536e-08,3.63124e-05
-1.084536e-08,4.21499e-05
-1.074536e-08,4.86361e-05
-1.064536e-08,5.64196e-05
-1.054536e-08,6.48516e-05
-1.044536e-08,7.39323e-05
-1.034536e-08,8.43102e-05
-1.024536e-08,9.46882e-05
-1.014536e-08,0.000105066
-1.004536e-08,0.000116093
-9.945356e-09,0.000127768
-9.845356e-09,0.000140092
-9.745356e-09,0.000153713
-9.645356e-09,0.000167982
-9.545356e-09,0.000183549
-9.445356e-09,0.000199116
-9.345356e-09,0.000214034
-9.245356e-09,0.000227655
-9.145356e-09,0.000239979
-9.045356e-09,0.000248411
-8.945356e-09,0.000251654
-8.845356e-09,0.000250357
-8.745356e-09,0.000244519
-8.645356e-09,0.000234141
-8.545356e-09,0.000219223
-8.445356e-09,0.000201062
-8.345356e-09,0.000180306
-8.245356e-09,0.000160199
-8.145356e-09,0.000141389
-8.045356e-09,0.000124525
-7.945356e-09,0.000110255
-7.845356e-09,9.92285e-05
-7.745356e-09,9.01478e-05
-7.645356e-09,8.23644e-05
-7.545356e-09,7.52296e-05
-7.445356e-09,6.74461e-05
-7.345356e-09,5.77168e-05
-7.245356e-09,4.47444e-05
-7.145356e-09,2.91775e-05
-7.045356e-09,1.03675e-05
-6.945356e-09,-1.16855e-05
-6.845356e-09,-3.50359e-05
-6.745356e-09,-5.90348e-05
-6.645356e-09,-8.30338e-05
-6.545356e-09,-0.000105735
-6.445356e-09,-0.000126491
-6.345356e-09,-0.000144004
-6.245356e-09,-0.000156976
-6.145356e-09,-0.000166057
-6.045356e-09,-0.000169949
-5.945356e-09,-0.000168652
-5.845356e-09,-0.000162165
-5.745356e-09,-0.00015049
-5.645356e-09,-0.000133626
-5.545356e-09,-0.000112222
-5.445356e-09,-8.75741e-05
-5.345356e-09,-6.03321e-05
-5.245356e-09,-3.17928e-05
-5.145356e-09,-3.25348e-06
-5.045356e-09,2.39886e-05
-4.945356e-09,4.79875e-05
-4.845356e-09,6.80947e-05
-4.745356e-09,8.3013e-05
-4.645356e-09,9.27423e-05
-4.545356e-09,9.6634e-05
-4.445356e-09,9.59854e-05
-4.345356e-09,9.01478e-05
-4.245356e-09,8.17158e-05
-4.145356e-09,7.00406e-05
-4.045356e-09,5.70682e-05
-3.945356e-09,4.40958e-05
-3.845356e-09,3.30692e-05
-3.745356e-09,2.33399e-05
-3.645356e-09,1.55565e-05
-3.545356e-09,9.71892e-06
-3.445356e-09,5.8272e-06
-3.345356e-09,3.23272e-06
-3.245356e-09,2.5841e-06
-3.145356e-09,3.23272e-06
-3.045356e-09,4.52996e-06
-2.945356e-09,6.47582e-06
-2.845356e-09,8.42168e-06
-2.745356e-09,1.10162e-05
-2.645356e-09,1.2962e-05
-2.545356e-09,1.36106e-05
-2.445356e-09,1.16648e-05
-2.345356e-09,7.12444e-06
-2.245356e-09,-2.60486e-06
-2.145356e-09,-1.75231e-05
-2.045356e-09,-3.76303e-05
-1.945356e-09,-6.35752e-05
-1.845356e-09,-9.47089e-05
-1.745356e-09,-0.000131032
-1.645356e-09,-0.000171895
-1.545356e-09,-0.000216001
-1.445356e-09,-0.000262702
-1.345356e-09,-0.000311997
-1.245356e-09,-0.000363886
-1.145356e-09,-0.000419668
-1.045356e-09,-0.000479989
-9.453564e-10,-0.000546149
-8.453564e-10,-0.000620091
-7.453564e-10,-0.000703115
-6.453564e-10,-0.000797813
-5.453564e-10,-0.000904835
-4.453564e-10,-0.00102548
-3.453564e-10,-0.00115974
-2.453564e-10,-0.00130763
-1.453564e-10,-0.00146849
-4.53564e-11,-0.00164361
5.46436e-11,-0.00183236
1.546436e-10,-0.00203279
2.546436e-10,-0.00224618
3.546436e-10,-0.0024706
4.546436e-10,-0.00270541
5.546436e-10,-0.00294929
6.546436e-10,-0.003199
7.546436e-10,-0.00345262
8.546436e-10,-0.00370623
9.546436e-10,-0.00395724
1.054644e-09,-0.00420112
1.154644e-09,-0.00443592
1.254644e-09,-0.0046584
1.354644e-09,-0.00486661
1.454644e-09,-0.00506054
1.554644e-09,-0.00524021
1.654644e-09,-0.00540626
1.754644e-09,-0.00555998
1.854644e-09,-0.00570268
1.954644e-09,-0.00583629
2.054644e-09,-0.00596148
2.154644e-09,-0.00607888
2.254644e-09,-0.0061885
2.354644e-09,-0.00629098
2.454644e-09,-0.00638373
2.554644e-09,-0.00646675
2.654644e-09,-0.00653875
2.754644e-09,-0.00659777
2.854644e-09,-0.00664383
2.954644e-09,-0.00667691
3.054644e-09,-0.00669572
3.154644e-09,-0.00670091
3.254644e-09,-0.00669442
3.354644e-09,-0.00667496
3.454644e-09,-0.00664512
3.554644e-09,-0.00660426
3.654644e-09,-0.00655367
3.754644e-09,-0.006494
3.854644e-09,-0.00642654
3.954644e-09,-0.0063513
4.054644e-09,-0.00627022
4.154644e-09,-0.00618395
4.254644e-09,-0.00609185
4.354644e-09,-0.00599586
4.454644e-09,-0.00589791
4.554644e-09,-0.00579932
4.654644e-09,-0.00569944
4.754644e-09,-0.00559955
4.854644e-09,-0.00550031
4.954644e-09,-0.00540366
5.054644e-09,-0.00530832
5.154644e-09,-0.00521621
5.254644e-09,-0.00512735
5.354644e-09,-0.00504109
5.454644e-09,-0.00496001
5.554644e-09,-0.00488412
5.654644e-09,-0.00481277
5.754644e-09,-0.00474791
5.854644e-09,-0.00468824
5.954644e-09,-0.0046331
6.054644e-09,-0.00458121
6.154644e-09,-0.00453062
6.254644e-09,-0.00448003
6.354644e-09,-0.00442684
6.454644e-09,-0.00437041
6.554644e-09,-0.00430944
6.654644e-09,-0.00424328
6.754644e-09,-0.00417194
6.854644e-09,-0.00409734
6.954644e-09,-0.00402081
7.054644e-09,-0.00394492
7.154644e-09,-0.00387033
7.254644e-09,-0.00379898
7.354644e-09,-0.00373217
7.454644e-09,-0.0036699
7.554644e-09,-0.00361088
7.654644e-09,-0.00355445
7.754644e-09,-0.00349867
7.854644e-09,-0.00344224
7.954644e-09,-0.00338386
8.054644e-09,-0.00332224
8.154644e-09,-0.00325673
8.254644e-09,-0.00318603
8.354644e-09,-0.00311144
8.454644e-09,-0.00303231
8.554644e-09,-0.00295188
8.654644e-09,-0.00286886
8.754644e-09,-0.00278519
8.854644e-09,-0.00270151
8.954644e-09,-0.00261849
9.054644e-09,-0.00253547
9.154644e-09,-0.00245309
9.254644e-09,-0.00237137
9.354644e-09,-0.00229029
9.454644e-09,-0.00221116
9.554644e-09,-0.00213397
9.654644e-09,-0.00205938
9.754644e-09,-0.00198803
9.854644e-09,-0.00192122
9.954644e-09,-0.00185896
1.005464e-08,-0.00180188
1.015464e-08,-0.00175128
1.025464e-08,-0.00170718
1.035464e-08,-0.00166956
1.045464e-08,-0.00163842
1.055464e-08,-0.00161313
1.065464e-08,-0.00159367
1.075464e-08,-0.0015807
1.085464e-08,-0.00157227
1.095464e-08,-0.00156967
1.105464e-08,-0.00157097
1.115464e-08,-0.00157616
1.125464e-08,-0.00158264
1.135464e-08,-0.00158978
1.145464e-08,-0.00159562
1.155464e-08,-0.0016008
1.165464e-08,-0.00160405
1.175464e-08,-0.0016047
1.185464e-08,-0.0016034
1.195464e-08,-0.00159886
1.205464e-08,-0.00159302
1.215464e-08,-0.00158524
1.225464e-08,-0.00157616
1.235464e-08,-0.00156773
1.245464e-08,-0.00155864
1.255464e-08,-0.00155151
1.265464e-08,-0.00154632
1.275464e-08,-0.00154308
1.285464e-08,-0.00154243
1.295464e-08,-0.00154373
1.305464e-08,-0.00154632
1.315464e-08,-0.00155086
1.325464e-08,-0.0015554
1.335464e-08,-0.00155994
1.345464e-08,-0.00156448
1.355464e-08,-0.00156643
1.365464e-08,-0.00156578
1.375464e-08,-0.00156189
1.385464e-08,-0.00155346
1.395464e-08,-0.00154113
1.405464e-08,-0.00152427
1.415464e-08,-0.00150416
1.425464e-08,-0.00148081
1.435464e-08,-0.00145422
1.445464e-08,-0.00142503
1.455464e-08,-0.00139454
1.465464e-08,-0.00136536
1.475464e-08,-0.00133682
1.485464e-08,-0.00131087
1.495464e-08,-0.00128882
1.505464e-08,-0.00127066
1.515464e-08,-0.00125768
1.525464e-08,-0.0012486
1.535464e-08,-0.00124471
1.545464e-08,-0.00124406
1.555464e-08,-0.00124601
1.565464e-08,-0.00124925
1.575464e-08,-0.0012525
1.585464e-08,-0.00125639
1.595464e-08,-0.00125768
1.605464e-08,-0.00125704
1.615464e-08,-0.0012525
1.625464e-08,-0.00124471
1.635464e-08,-0.00123304
1.645464e-08,-0.00121747
1.655464e-08,-0.00119931
1.665464e-08,-0.0011779
1.675464e-08,-0.00115326
1.685464e-08,-0.00112472
1.695464e-08,-0.00109294
1.705464e-08,-0.00105856
1.715464e-08,-0.00102288
1.725464e-08,-0.000986562
1.735464e-08,-0.000950888
1.745464e-08,-0.000916511
1.755464e-08,-0.000884728
1.765464e-08,-0.000856838
1.775464e-08,-0.000833487
1.785464e-08,-0.000815326
1.795464e-08,-0.000801056
1.805464e-08,-0.00079003
1.815464e-08,-0.000780949
1.825464e-08,-0.000773166
1.835464e-08,-0.000764734
1.845464e-08,-0.000755004
1.855464e-08,-0.000743978
1.865464e-08,-0.000732303
1.875464e-08,-0.000719979
1.885464e-08,-0.000708952
1.895464e-08,-0.000699872
1.905464e-08,-0.000694034
1.915464e-08,-0.000691439
1.925464e-08,-0.000690791
1.935464e-08,-0.000692737
1.945464e-08,-0.000694683
1.955464e-08,-0.000696628
1.965464e-08,-0.00069598
1.975464e-08,-0.000690791
1.985464e-08,-0.000681062
1.995464e-08,-0.000666143
2.005464e-08,-0.000645387
2.015464e-08,-0.000620091
2.025464e-08,-0.000591552
2.035464e-08,-0.000561067
2.045464e-08,-0.000529933
2.055464e-08,-0.000499448
2.065464e-08,-0.000470909
2.075464e-08,-0.000443667
2.085464e-08,-0.00041837
2.095464e-08,-0.000396317
2.105464e-08,-0.000377507
2.115464e-08,-0.00036194
2.125464e-08,-0.000348968
2.135464e-08,-0.000340536
2.145464e-08,-0.000336644
2.155464e-08,-0.000337941
2.165464e-08,-0.000343779
2.175464e-08,-0.00035286
2.185464e-08,-0.000365832
2.195464e-08,-0.000380102
2.205464e-08,-0.000394371
2.215464e-08,-0.000407344
2.225464e-08,-0.000417722
2.235464e-08,-0.000424208
2.245464e-08,-0.000425505
2.255464e-08,-0.000423559
2.265464e-08,-0.00041837
2.275464e-08,-0.000411236
2.285464e-08,-0.000404749
2.295464e-08,-0.00039956
2.305464e-08,-0.000397615
2.315464e-08,-0.00039956
2.325464e-08,-0.000405398
2.335464e-08,-0.000415127
2.345464e-08,-0.000428748
2.355464e-08,-0.000444315
2.365464e-08,-0.000461828
2.375464e-08,-0.000478692
2.385464e-08,-0.00049361
2.395464e-08,-0.000506583
2.405464e-08,-0.000516312
2.415464e-08,-0.000524095
2.425464e-08,-0.000529284
2.435464e-08,-0.000532528
2.445464e-08,-0.000534473
2.455464e-08,-0.000536419
2.465464e-08,-0.000538365
2.475464e-08,-0.00054096
2.485464e-08,-0.000544203
2.495464e-08,-0.000548743
2.505464e-08,-0.000554581
2.515464e-08,-0.000562364
2.525464e-08,-0.000572093
2.535464e-08,-0.000582471
2.545464e-08,-0.000594795
2.555464e-08,-0.00060647
2.565464e-08,-0.000616848
2.575464e-08,-0.000625929
2.585464e-08,-0.000632415
2.595464e-08,-0.000636307
2.605464e-08,-0.000636955
2.615464e-08,-0.000633064
2.625464e-08,-0.000625929
2.635464e-08,-0.0006162
2.645464e-08,-0.000605173
2.655464e-08,-0.000594795
2.665464e-08,-0.000587012
2.675464e-08,-0.00058312
2.685464e-08,-0.000584417
2.695464e-08,-0.000591552
2.705464e-08,-0.000604524
2.715464e-08,-0.000622037
2.725464e-08,-0.000643442
2.735464e-08,-0.000666792
2.745464e-08,-0.000689494
2.755464e-08,-0.000709601
2.765464e-08,-0.000725168
2.775464e-08,-0.000734897
2.785464e-08,-0.00073814
2.795464e-08,-0.000734248
2.805464e-08,-0.000723222
2.815464e-08,-0.000706358
2.825464e-08,-0.000685602
2.835464e-08,-0.000660306
2.845464e-08,-0.000632415
2.855464e-08,-0.000602578
2.865464e-08,-0.000571445
2.875464e-08,-0.000538365
2.885464e-08,-0.000505285
2.895464e-08,-0.000471557
2.905464e-08,-0.000437829
2.915464e-08,-0.000405398
2.925464e-08,-0.000375561
2.935464e-08,-0.000348319
2.945464e-08,-0.000326266
2.955464e-08,-0.000309402
2.965464e-08,-0.000299024
2.975464e-08,-0.000295781
2.985464e-08,-0.000299673
2.995464e-08,-0.000310051
3.005464e-08,-0.000325618
3.015464e-08,-0.000345725
3.025464e-08,-0.000367778
3.035464e-08,-0.000389182
3.045464e-08,-0.000408641
3.055464e-08,-0.000424208
3.065464e-08,-0.000433937
3.075464e-08,-0.000437829
3.085464e-08,-0.000433937
3.095464e-08,-0.000422262
3.105464e-08,-0.000404749
3.115464e-08,-0.00038075
3.125464e-08,-0.000351563
3.135464e-08,-0.000317834
3.145464e-08,-0.00028216
3.155464e-08,-0.000245837
3.165464e-08,-0.000208866
3.175464e-08,-0.000173841
3.185464e-08,-0.000142058
3.195464e-08,-0.000114168
3.205464e-08,-8.952e-05
3.215464e-08,-6.94127e-05
3.225464e-08,-5.44945e-05
3.235464e-08,-4.34679e-05
3.245464e-08,-3.63331e-05
3.255464e-08,-3.24414e-05
3.265464e-08,-3.04955e-05
3.275464e-08,-2.91983e-05
3.285464e-08,-2.85497e-05
3.295464e-08,-2.85497e-05
3.305464e-08,-2.91983e-05
3.315464e-08,-3.04955e-05
3.325464e-08,-3.37386e-05
3.335464e-08,-3.95762e-05
3.345464e-08,-4.93055e-05
3.355464e-08,-6.42238e-05
3.365464e-08,-8.36824e-05
3.375464e-08,-0.000107033
3.385464e-08,-0.000133626
3.395464e-08,-0.000162814
3.405464e-08,-0.000192002
3.415464e-08,-0.000219893
3.425464e-08,-0.000245837
3.435464e-08,-0.000267242
3.445464e-08,-0.000285403
3.455464e-08,-0.000299673
3.465464e-08,-0.000312645
3.475464e-08,-0.000324969
3.485464e-08,-0.000337941
3.495464e-08,-0.000354157
3.505464e-08,-0.000373616
3.515464e-08,-0.000397615
3.525464e-08,-0.000423559
3.535464e-08,-0.000450801
3.545464e-08,-0.000477395
3.555464e-08,-0.000500745
3.565464e-08,-0.000518258
3.575464e-08,-0.000529284
3.585464e-08,-0.000533176
3.595464e-08,-0.000530582
3.605464e-08,-0.00052215
3.615464e-08,-0.000510474
3.625464e-08,-0.000497502
3.635464e-08,-0.000485178
3.645464e-08,-0.000476746
3.655464e-08,-0.000471557
3.665464e-08,-0.000472206
3.675464e-08,-0.000476746
3.685464e-08,-0.000483232
3.695464e-08,-0.000490367
3.705464e-08,-0.000495556
3.715464e-08,-0.000495556
3.725464e-08,-0.000488421
3.735464e-08,-0.000472854
3.745464e-08,-0.000448856
3.755464e-08,-0.000417073
3.765464e-08,-0.000378156
3.775464e-08,-0.000335347
3.785464e-08,-0.000291241
3.795464e-08,-0.000248432
3.805464e-08,-0.000208866
3.815464e-08,-0.000175786
3.825464e-08,-0.00015049
3.835464e-08,-0.000132978
3.845464e-08,-0.0001226
3.855464e-08,-0.000118059
3.865464e-08,-0.000118708
3.875464e-08,-0.000121951
3.885464e-08,-0.000126491
3.895464e-08,-0.000131032
3.905464e-08,-0.000135572
3.915464e-08,-0.000138815
3.925464e-08,-0.000142058
3.935464e-08,-0.000144004
3.945464e-08,-0.000145301
3.955464e-08,-0.000146599
3.965464e-08,-0.000147247
3.975464e-08,-0.000147247
3.985464e-08,-0.000147247
3.995464e-08,-0.000146599
4.005464e-08,-0.000144653
4.015464e-08,-0.00014141
4.025464e-08,-0.000137518
4.035464e-08,-0.000133626
4.045464e-08,-0.000129086
4.055464e-08,-0.000126491
4.065464e-08,-0.000125194
4.075464e-08,-0.000126491
4.085464e-08,-0.000129086
4.095464e-08,-0.000133626
4.105464e-08,-0.000139464
4.115464e-08,-0.00014595
4.125464e-08,-0.000152436
4.135464e-08,-0.000158274
4.145464e-08,-0.000162814
4.155464e-08,-0.000166057
4.165464e-08,-0.000168003
4.175464e-08,-0.0001693
4.185464e-08,-0.000169949
4.195464e-08,-0.000169949
4.205464e-08,-0.000170597
4.215464e-08,-0.000171246
4.225464e-08,-0.000173192
4.235464e-08,-0.000175786
4.245464e-08,-0.000178381
4.255464e-08,-0.000181624
4.265464e-08,-0.000185516
4.275464e-08,-0.000190705
4.285464e-08,-0.000197191
4.295464e-08,-0.000206272
4.305464e-08,-0.000217947
4.315464e-08,-0.000234162
4.325464e-08,-0.000252972
4.335464e-08,-0.000274377
4.345464e-08,-0.000297727
4.355464e-08,-0.000320429
4.365464e-08,-0.000341185
4.375464e-08,-0.0003574
4.385464e-08,-0.000368427
4.395464e-08,-0.000373616
4.405464e-08,-0.000372318
4.415464e-08,-0.000367129
4.425464e-08,-0.000358697
4.435464e-08,-0.000350265
4.445464e-08,-0.000341833
4.455464e-08,-0.000337293
4.465464e-08,-0.000336644
4.475464e-08,-0.000340536
4.485464e-08,-0.000348968
4.495464e-08,-0.000360643
4.505464e-08,-0.000373616
4.515464e-08,-0.000386588
4.525464e-08,-0.000398263
4.535464e-08,-0.000406695
4.545464e-08,-0.000411884
4.555464e-08,-0.000412533
4.565464e-08,-0.000409938
4.575464e-08,-0.000404101
4.585464e-08,-0.000395669
4.595464e-08,-0.000385939
4.605464e-08,-0.000374264
4.615464e-08,-0.00036194
4.625464e-08,-0.000348319
4.635464e-08,-0.000332753
4.645464e-08,-0.000314591
4.655464e-08,-0.000292538
4.665464e-08,-0.000267242
4.675464e-08,-0.000237405
4.685464e-08,-0.000203677
4.695464e-08,-0.000168003
4.705464e-08,-0.00013168
4.715464e-08,-9.66548e-05
4.725464e-08,-6.5521e-05
4.735464e-08,-4.08734e-05
4.745464e-08,-2.46579e-05
4.755464e-08,-1.68745e-05
4.765464e-08,-1.88204e-05
4.775464e-08,-2.98469e-05
4.785464e-08,-4.99541e-05
4.795464e-08,-7.58989e-05
4.805464e-08,-0.000106384
4.815464e-08,-0.000138815
4.825464e-08,-0.000169949
4.835464e-08,-0.000199137
4.845464e-08,-0.000223784
4.855464e-08,-0.000241946
4.865464e-08,-0.000254918
4.875464e-08,-0.000262053
4.885464e-08,-0.00026335
4.895464e-08,-0.000260756
4.905464e-08,-0.000256864
4.915464e-08,-0.000252324
4.925464e-08,-0.000249729
4.935464e-08,-0.000251026
4.945464e-08,-0.000257513
4.955464e-08,-0.000268539
4.965464e-08,-0.000284106
4.975464e-08,-0.000303565
4.985464e-08,-0.000325618
4.995464e-08,-0.000348968
5.005464e-08,-0.000369724
5.015464e-08,-0.000387237
5.025464e-08,-0.00039956
5.035464e-08,-0.000405398
5.045464e-08,-0.000404749
5.055464e-08,-0.000397615
5.065464e-08,-0.000385939
5.075464e-08,-0.000370372
5.085464e-08,-0.00035286
5.095464e-08,-0.000335347
5.105464e-08,-0.00031978
5.115464e-08,-0.000307456
5.125464e-08,-0.000298376
5.135464e-08,-0.000291889
5.145464e-08,-0.000288646
5.155464e-08,-0.000287349
5.165464e-08,-0.000286052
5.175464e-08,-0.000284106
5.185464e-08,-0.000281512
5.195464e-08,-0.000276971
5.205464e-08,-0.000269188
5.215464e-08,-0.00025881
5.225464e-08,-0.000246486
5.235464e-08,-0.000231568
5.245464e-08,-0.000214055
5.255464e-08,-0.000195245
5.265464e-08,-0.000174489
5.275464e-08,-0.000151787
5.285464e-08,-0.000128437
5.295464e-08,-0.00010379
5.305464e-08,-8.04393e-05
5.315464e-08,-5.7089e-05
5.325464e-08,-3.56845e-05
5.335464e-08,-1.68745e-05
5.345464e-08,-1.95624e-06
5.355464e-08,9.0703e-06
5.365464e-08,1.49079e-05
5.375464e-08,1.62051e-05
5.385464e-08,1.23134e-05
5.395464e-08,4.52996e-06
5.405464e-08,-7.1452e-06
5.415464e-08,-2.07662e-05
5.425464e-08,-3.63331e-05
5.435464e-08,-5.19e-05
5.445464e-08,-6.74669e-05
5.455464e-08,-8.17365e-05
5.465464e-08,-9.60062e-05
5.475464e-08,-0.00010833
5.485464e-08,-0.000118708
5.495464e-08,-0.000127789
5.505464e-08,-0.000136221
5.515464e-08,-0.000143355
5.525464e-08,-0.000149193
5.535464e-08,-0.000153733
5.545464e-08,-0.000157625
5.555464e-08,-0.00016022
5.565464e-08,-0.000161517
5.575464e-08,-0.000162165
5.585464e-08,-0.000161517
5.595464e-08,-0.000159571
5.605464e-08,-0.000156328
5.615464e-08,-0.000153085
5.625464e-08,-0.000149842
5.635464e-08,-0.000146599
5.645464e-08,-0.000143355
5.655464e-08,-0.000140112
5.665464e-08,-0.000137518
5.675464e-08,-0.000134923
5.685464e-08,-0.00013168
5.695464e-08,-0.000128437
5.705464e-08,-0.000126491
5.715464e-08,-0.000124545
5.725464e-08,-0.000123897
5.735464e-08,-0.000124545
5.745464e-08,-0.00012714
5.755464e-08,-0.000132329
5.765464e-08,-0.000139464
5.775464e-08,-0.000148544
5.785464e-08,-0.000159571
5.795464e-08,-0.000171895
5.805464e-08,-0.000184219
5.815464e-08,-0.000195894
5.825464e-08,-0.000206272
5.835464e-08,-0.000214704
5.845464e-08,-0.000220541
5.855464e-08,-0.000225082
5.865464e-08,-0.000227027
5.875464e-08,-0.000227676
5.885464e-08,-0.000226379
5.895464e-08,-0.000225082
5.905464e-08,-0.000223784
5.915464e-08,-0.000223136
5.925464e-08,-0.000221838
5.935464e-08,-0.000220541
5.945464e-08,-0.000219244
5.955464e-08,-0.000217298
5.965464e-08,-0.000214055
5.975464e-08,-0.000210163
5.985464e-08,-0.000204974
5.995464e-08,-0.00019784
6.005464e-08,-0.000190705
6.015464e-08,-0.00018357
6.025464e-08,-0.000177732
6.035464e-08,-0.000174489
6.045464e-08,-0.000173841
6.055464e-08,-0.000175138
6.065464e-08,-0.00017903
6.075464e-08,-0.000184219
6.085464e-08,-0.00018811
6.095464e-08,-0.000190705
6.105464e-08,-0.000189407
6.115464e-08,-0.000182921
6.125464e-08,-0.000170597
6.135464e-08,-0.000151787
6.145464e-08,-0.000127789
6.155464e-08,-9.92493e-05
6.165464e-08,-6.68183e-05
6.175464e-08,-3.24414e-05
6.185464e-08,1.28686e-06
6.195464e-08,3.30692e-05
6.205464e-08,6.09599e-05
6.215464e-08,8.43102e-05
6.225464e-08,0.000102472
6.235464e-08,0.000114795
6.245464e-08,0.000122579
6.255464e-08,0.000125173
6.265464e-08,0.000123227
6.275464e-08,0.00011739
6.285464e-08,0.000108309
6.295464e-08,9.72826e-05
6.305464e-08,8.36616e-05
6.315464e-08,6.9392e-05
6.325464e-08,5.38251e-05
6.335464e-08,3.82582e-05
6.345464e-08,2.26913e-05
6.355464e-08,7.77306e-06
6.365464e-08,-5.19934e-06
6.375464e-08,-1.62259e-05
6.385464e-08,-2.66038e-05
6.395464e-08,-3.56845e-05
6.405464e-08,-4.34679e-05
6.415464e-08,-4.99541e-05
6.425464e-08,-5.77376e-05
6.435464e-08,-6.61696e-05
6.445464e-08,-7.65476e-05
6.455464e-08,-8.82227e-05
6.465464e-08,-0.000101844
6.475464e-08,-0.000116762
6.485464e-08,-0.00013168
6.495464e-08,-0.000145301
6.505464e-08,-0.000157625
6.515464e-08,-0.000166057
6.525464e-08,-0.000171246
6.535464e-08,-0.000172543
6.545464e-08,-0.000169949
6.555464e-08,-0.000163463
6.565464e-08,-0.000153085
6.575464e-08,-0.000140761
6.585464e-08,-0.000125843
6.595464e-08,-0.000108979
6.605464e-08,-9.01686e-05
6.615464e-08,-7.00614e-05
6.625464e-08,-4.86569e-05
6.635464e-08,-2.7901e-05
6.645464e-08,-7.1452e-06
6.655464e-08,1.10162e-05
6.665464e-08,2.6583e-05
6.675464e-08,3.82582e-05
6.685464e-08,4.5393e-05
6.695464e-08,4.66903e-05
6.705464e-08,4.15013e-05
6.715464e-08,2.98261e-05
6.725464e-08,1.2962e-05
6.735464e-08,-8.44244e-06
6.745464e-08,-3.37386e-05
6.755464e-08,-6.09807e-05
6.765464e-08,-8.82227e-05
6.775464e-08,-0.000114168
6.785464e-08,-0.000138166
6.795464e-08,-0.000159571
6.805464e-08,-0.000175786
6.815464e-08,-0.000187462
6.825464e-08,-0.000193948
6.835464e-08,-0.000196542
6.845464e-08,-0.000194596
6.855464e-08,-0.000190056
6.865464e-08,-0.000182273
6.875464e-08,-0.000171895
6.885464e-08,-0.000160868
6.895464e-08,-0.000148544
6.905464e-08,-0.000136221
6.915464e-08,-0.0001226
6.925464e-08,-0.000107033
6.935464e-08,-9.08172e-05
6.945464e-08,-7.39531e-05
6.955464e-08,-5.57917e-05
6.965464e-08,-3.69817e-05
6.975464e-08,-1.81717e-05
6.985464e-08,-6.58998e-07
6.995464e-08,1.55565e-05
7.005464e-08,2.91775e-05
7.015464e-08,3.95555e-05
7.025464e-08,4.60417e-05
7.035464e-08,4.73389e-05
7.045464e-08,4.5393e-05
7.055464e-08,3.89068e-05
7.065464e-08,2.98261e-05
7.075464e-08,1.87996e-05
7.085464e-08,7.12444e-06
7.095464e-08,-5.19934e-06
7.105464e-08,-1.62259e-05
7.115464e-08,-2.66038e-05
7.125464e-08,-3.43872e-05
7.135464e-08,-4.08734e-05
7.145464e-08,-4.6711e-05
7.155464e-08,-5.19e-05
7.165464e-08,-5.7089e-05
7.175464e-08,-6.22779e-05
7.185464e-08,-6.74669e-05
7.195464e-08,-7.39531e-05
7.205464e-08,-8.04393e-05
7.215464e-08,-8.75741e-05
7.225464e-08,-9.40603e-05
7.235464e-08,-0.000101195
7.245464e-08,-0.000107033
7.255464e-08,-0.000111573
7.265464e-08,-0.000114816
7.275464e-08,-0.000116762
7.285464e-08,-0.000116113
7.295464e-08,-0.000113519
7.305464e-08,-0.000109627
7.315464e-08,-0.000105087
7.325464e-08,-0.000100547
7.335464e-08,-9.60062e-05
7.345464e-08,-9.34117e-05
7.355464e-08,-9.27631e-05
7.365464e-08,-9.47089e-05
7.375464e-08,-9.98979e-05
7.385464e-08,-0.00010833
7.395464e-08,-0.000120005
7.405464e-08,-0.000133626
7.415464e-08,-0.000147247
7.425464e-08,-0.000160868
7.435464e-08,-0.000171895
7.445464e-08,-0.000178381
7.455464e-08,-0.000179678
7.465464e-08,-0.000176435
7.475464e-08,-0.000167354
7.485464e-08,-0.000153085
7.495464e-08,-0.000133626
7.505464e-08,-0.000110924
7.515464e-08,-8.62769e-05
7.525464e-08,-6.03321e-05
7.535464e-08,-3.43872e-05
7.545464e-08,-9.73968e-06
7.555464e-08,1.2962e-05
7.565464e-08,3.43665e-05
7.575464e-08,5.38251e-05
7.585464e-08,7.00406e-05
7.595464e-08,8.43102e-05
7.605464e-08,9.59854e-05
7.615464e-08,0.000105715
7.625464e-08,0.000111552
7.635464e-08,0.000114795
7.645464e-08,0.000113498
7.655464e-08,0.000108958
7.665464e-08,9.98771e-05
7.675464e-08,8.8202e-05
7.685464e-08,7.58782e-05
7.695464e-08,6.29058e-05
7.705464e-08,5.12306e-05
7.715464e-08,4.21499e-05
7.725464e-08,3.63124e-05
