LECROYWaveRunner‘N,20113,Waveform
Segments,1,SegmentSize,2002
Segment,TrigTime,TimeSinceSegment1
#1,28-Sep-2018 13:21:06,0                 
Time,Ampl
-1.228748e-07,7.7824e-05
-1.227748e-07,0.000106363
-1.226748e-07,0.000133605
-1.225748e-07,0.000156956
-1.224748e-07,0.000175766
-1.223748e-07,0.000188738
-1.222748e-07,0.000195224
-1.221748e-07,0.000195224
-1.220748e-07,0.000190035
-1.219748e-07,0.000179657
-1.218748e-07,0.000167334
-1.217748e-07,0.000152415
-1.216748e-07,0.000138794
-1.215748e-07,0.000125822
-1.214748e-07,0.000116093
-1.213748e-07,0.000107661
-1.212748e-07,0.000101174
-1.211748e-07,9.59854e-05
-1.210748e-07,9.27423e-05
-1.209748e-07,9.01478e-05
-1.208748e-07,8.8202e-05
-1.207748e-07,8.56075e-05
-1.206748e-07,8.3013e-05
-1.205748e-07,8.04185e-05
-1.204748e-07,7.84727e-05
-1.203748e-07,7.7824e-05
-1.202748e-07,7.84727e-05
-1.201748e-07,8.23644e-05
-1.200748e-07,8.88506e-05
-1.199748e-07,9.72826e-05
-1.198748e-07,0.000107012
-1.197748e-07,0.000118038
-1.196748e-07,0.000127768
-1.195748e-07,0.0001362
-1.194748e-07,0.000141389
-1.193748e-07,0.000142686
-1.192748e-07,0.000140092
-1.191748e-07,0.000132957
-1.190748e-07,0.000122579
-1.189748e-07,0.000110255
-1.188748e-07,9.59854e-05
-1.187748e-07,8.17158e-05
-1.186748e-07,6.87434e-05
-1.185748e-07,5.83654e-05
-1.184748e-07,5.12306e-05
-1.183748e-07,4.66903e-05
-1.182748e-07,4.47444e-05
-1.181748e-07,4.47444e-05
-1.180748e-07,4.66903e-05
-1.179748e-07,5.12306e-05
-1.178748e-07,5.77168e-05
-1.177748e-07,6.61489e-05
-1.176748e-07,7.65268e-05
-1.175748e-07,8.75533e-05
-1.174748e-07,0.000100526
-1.173748e-07,0.00011285
-1.172748e-07,0.000125173
-1.171748e-07,0.0001362
-1.170748e-07,0.000143983
-1.169748e-07,0.000148524
-1.168748e-07,0.000147875
-1.167748e-07,0.000142686
-1.166748e-07,0.00013166
-1.165748e-07,0.000116093
-1.164748e-07,9.72826e-05
-1.163748e-07,7.65268e-05
-1.162748e-07,5.64196e-05
-1.161748e-07,3.82582e-05
-1.160748e-07,2.46372e-05
-1.159748e-07,1.68537e-05
-1.158748e-07,1.42593e-05
-1.157748e-07,1.75024e-05
-1.156748e-07,2.72317e-05
-1.155748e-07,4.08527e-05
-1.154748e-07,5.83654e-05
-1.153748e-07,7.71754e-05
-1.152748e-07,9.46882e-05
-1.151748e-07,0.000110904
-1.150748e-07,0.000123227
-1.149748e-07,0.00013166
-1.148748e-07,0.000136848
-1.147748e-07,0.000137497
-1.146748e-07,0.000134903
-1.145748e-07,0.000129714
-1.144748e-07,0.000122579
-1.143748e-07,0.000115444
-1.142748e-07,0.000107012
-1.141748e-07,9.92285e-05
-1.140748e-07,9.27423e-05
-1.139748e-07,8.62561e-05
-1.138748e-07,8.17158e-05
-1.137748e-07,7.71754e-05
-1.136748e-07,7.45809e-05
-1.135748e-07,7.26351e-05
-1.134748e-07,7.06892e-05
-1.133748e-07,7.06892e-05
-1.132748e-07,7.19865e-05
-1.131748e-07,7.58782e-05
-1.130748e-07,8.23644e-05
-1.129748e-07,9.07964e-05
-1.128748e-07,0.000101823
-1.127748e-07,0.000114147
-1.126748e-07,0.000126471
-1.125748e-07,0.000137497
-1.124748e-07,0.000147226
-1.123748e-07,0.000153713
-1.122748e-07,0.00015501
-1.121748e-07,0.000152415
-1.120748e-07,0.000143983
-1.119748e-07,0.000131011
-1.118748e-07,0.000112201
-1.117748e-07,9.01478e-05
-1.116748e-07,6.55003e-05
-1.115748e-07,4.08527e-05
-1.114748e-07,1.68537e-05
-1.113748e-07,-4.55072e-06
-1.112748e-07,-2.14148e-05
-1.111748e-07,-3.309e-05
-1.110748e-07,-3.8279e-05
-1.109748e-07,-3.69817e-05
-1.108748e-07,-2.7901e-05
-1.107748e-07,-1.23342e-05
-1.106748e-07,9.0703e-06
-1.105748e-07,3.50151e-05
-1.104748e-07,6.35544e-05
-1.103748e-07,9.27423e-05
-1.102748e-07,0.000119336
-1.101748e-07,0.000142037
-1.100748e-07,0.000158902
-1.099748e-07,0.000170577
-1.098748e-07,0.000174468
-1.097748e-07,0.000172523
-1.096748e-07,0.000166036
-1.095748e-07,0.000155658
-1.094748e-07,0.000141389
-1.093748e-07,0.000127119
-1.092748e-07,0.000112201
-1.091748e-07,9.92285e-05
-1.090748e-07,8.62561e-05
-1.089748e-07,7.52296e-05
-1.088748e-07,6.48516e-05
-1.087748e-07,5.44737e-05
-1.086748e-07,4.40958e-05
-1.085748e-07,3.30692e-05
-1.084748e-07,2.20427e-05
-1.083748e-07,9.71892e-06
-1.082748e-07,-1.95624e-06
-1.081748e-07,-1.23342e-05
-1.080748e-07,-1.9469e-05
-1.079748e-07,-2.33607e-05
-1.078748e-07,-2.40093e-05
-1.077748e-07,-2.14148e-05
-1.076748e-07,-1.49286e-05
-1.075748e-07,-6.49658e-06
-1.074748e-07,2.5841e-06
-1.073748e-07,1.10162e-05
-1.072748e-07,1.75024e-05
-1.071748e-07,2.13941e-05
-1.070748e-07,2.13941e-05
-1.069748e-07,1.8151e-05
-1.068748e-07,1.23134e-05
-1.067748e-07,5.8272e-06
-1.066748e-07,-1.30762e-06
-1.065748e-07,-7.1452e-06
-1.064748e-07,-1.16855e-05
-1.063748e-07,-1.36314e-05
-1.062748e-07,-1.16855e-05
-1.061748e-07,-6.49658e-06
-1.060748e-07,1.93548e-06
-1.059748e-07,1.2962e-05
-1.058748e-07,2.52858e-05
-1.057748e-07,3.95555e-05
-1.056748e-07,5.44737e-05
-1.055748e-07,7.00406e-05
-1.054748e-07,8.49589e-05
-1.053748e-07,9.92285e-05
-1.052748e-07,0.000113498
-1.051748e-07,0.000127768
-1.050748e-07,0.00014074
-1.049748e-07,0.000153064
-1.048748e-07,0.000166036
-1.047748e-07,0.000177712
-1.046748e-07,0.000188089
-1.045748e-07,0.00019717
-1.044748e-07,0.000203656
-1.043748e-07,0.000208845
-1.042748e-07,0.000210791
-1.041748e-07,0.000210143
-1.040748e-07,0.000206899
-1.039748e-07,0.000202359
-1.038748e-07,0.00019717
-1.037748e-07,0.000190684
-1.036748e-07,0.000184198
-1.035748e-07,0.000176414
-1.034748e-07,0.000167982
-1.033748e-07,0.000158253
-1.032748e-07,0.000147226
-1.031748e-07,0.000134903
-1.030748e-07,0.000121282
-1.029748e-07,0.000106363
-1.028748e-07,9.20937e-05
-1.027748e-07,7.7824e-05
-1.026748e-07,6.55003e-05
-1.025748e-07,5.51223e-05
-1.024748e-07,4.86361e-05
-1.023748e-07,4.5393e-05
-1.022748e-07,4.66903e-05
-1.021748e-07,5.12306e-05
-1.020748e-07,5.90141e-05
-1.019748e-07,6.9392e-05
-1.018748e-07,8.17158e-05
-1.017748e-07,9.40395e-05
-1.016748e-07,0.000107012
-1.015748e-07,0.000119336
-1.014748e-07,0.000130362
-1.013748e-07,0.00014074
-1.012748e-07,0.000149821
-1.011748e-07,0.000157604
-1.010748e-07,0.000164091
-1.009748e-07,0.000169279
-1.008748e-07,0.000173171
-1.007748e-07,0.000174468
-1.006748e-07,0.000173171
-1.005748e-07,0.000168631
-1.004748e-07,0.00015955
-1.003748e-07,0.000147226
-1.002748e-07,0.000131011
-1.001748e-07,0.000111552
-1.000748e-07,9.07964e-05
-9.997482e-08,7.00406e-05
-9.987482e-08,5.0582e-05
-9.977482e-08,3.50151e-05
-9.967482e-08,2.46372e-05
-9.957482e-08,1.94482e-05
-9.947482e-08,1.94482e-05
-9.937482e-08,2.46372e-05
-9.927482e-08,3.43665e-05
-9.917482e-08,4.60417e-05
-9.907482e-08,5.77168e-05
-9.897482e-08,6.80947e-05
-9.887482e-08,7.65268e-05
-9.877482e-08,8.17158e-05
-9.867482e-08,8.43102e-05
-9.857482e-08,8.49589e-05
-9.847482e-08,8.43102e-05
-9.837482e-08,8.3013e-05
-9.827482e-08,8.23644e-05
-9.817482e-08,8.3013e-05
-9.807482e-08,8.69047e-05
-9.797482e-08,9.20937e-05
-9.787482e-08,9.92285e-05
-9.777482e-08,0.000107661
-9.767482e-08,0.00011739
-9.757482e-08,0.000125822
-9.747482e-08,0.000133605
-9.737482e-08,0.000139443
-9.727482e-08,0.000145281
-9.717482e-08,0.000151118
-9.707482e-08,0.000156956
-9.697482e-08,0.000162793
-9.687482e-08,0.000168631
-9.677482e-08,0.000175766
-9.667482e-08,0.000182252
-9.657482e-08,0.000188089
-9.647482e-08,0.000193927
-9.637482e-08,0.000197819
-9.627482e-08,0.000200413
-9.617482e-08,0.00020171
-9.607482e-08,0.000201062
-9.597482e-08,0.000199765
-9.587482e-08,0.000197819
-9.577482e-08,0.000196522
-9.567482e-08,0.000196522
-9.557482e-08,0.000199116
-9.547482e-08,0.000203008
-9.537482e-08,0.000207548
-9.527482e-08,0.000212088
-9.517482e-08,0.000216629
-9.507482e-08,0.000217926
-9.497482e-08,0.00021598
-9.487482e-08,0.000210143
-9.477482e-08,0.00020171
-9.467482e-08,0.000190684
-9.457482e-08,0.000177712
-9.447482e-08,0.000164739
-9.437482e-08,0.000153713
-9.427482e-08,0.000145929
-9.417482e-08,0.000142037
-9.407482e-08,0.000142686
-9.397482e-08,0.000147226
-9.387482e-08,0.000153713
-9.377482e-08,0.000162145
-9.367482e-08,0.000169928
-9.357482e-08,0.000175117
-9.347482e-08,0.000177063
-9.337482e-08,0.000174468
-9.327482e-08,0.000166685
-9.317482e-08,0.00015501
-9.307482e-08,0.000139443
-9.297482e-08,0.000122579
-9.287482e-08,0.000105715
-9.277482e-08,8.94992e-05
-9.267482e-08,7.45809e-05
-9.257482e-08,6.09599e-05
-9.247482e-08,4.99334e-05
-9.237482e-08,4.02041e-05
-9.227482e-08,3.24206e-05
-9.217482e-08,2.6583e-05
-9.207482e-08,2.20427e-05
-9.197482e-08,1.94482e-05
-9.187482e-08,1.94482e-05
-9.177482e-08,2.20427e-05
-9.167482e-08,2.78803e-05
-9.157482e-08,3.82582e-05
-9.147482e-08,5.18792e-05
-9.137482e-08,6.74461e-05
-9.127482e-08,8.43102e-05
-9.117482e-08,0.000100526
-9.107482e-08,0.000113498
-9.097482e-08,0.00012193
-9.087482e-08,0.000123876
-9.077482e-08,0.000118687
-9.067482e-08,0.000107661
-9.057482e-08,9.07964e-05
-9.047482e-08,7.06892e-05
-9.037482e-08,4.86361e-05
-9.027482e-08,2.85289e-05
-9.017482e-08,1.03675e-05
-9.007482e-08,-3.25348e-06
-8.997482e-08,-1.23342e-05
-8.987482e-08,-1.62259e-05
-8.977482e-08,-1.55773e-05
-8.967482e-08,-1.16855e-05
-8.957482e-08,-4.55072e-06
-8.947482e-08,3.88134e-06
-8.937482e-08,1.42593e-05
-8.927482e-08,2.72317e-05
-8.917482e-08,4.27986e-05
-8.907482e-08,6.09599e-05
-8.897482e-08,8.3013e-05
-8.887482e-08,0.000108309
-8.877482e-08,0.000134903
-8.867482e-08,0.000162793
-8.857482e-08,0.000188738
-8.847482e-08,0.000210143
-8.837482e-08,0.000225709
-8.827482e-08,0.000232196
-8.817482e-08,0.000229601
-8.807482e-08,0.000218575
-8.797482e-08,0.000199116
-8.787482e-08,0.000174468
-8.777482e-08,0.000147875
-8.767482e-08,0.00012193
-8.757482e-08,9.98771e-05
-8.747482e-08,8.43102e-05
-8.737482e-08,7.58782e-05
-8.727482e-08,7.39323e-05
-8.717482e-08,7.84727e-05
-8.707482e-08,8.62561e-05
-8.697482e-08,9.59854e-05
-8.687482e-08,0.000104417
-8.677482e-08,0.000110904
-8.667482e-08,0.000112201
-8.657482e-08,0.000108958
-8.647482e-08,0.000101174
-8.637482e-08,9.01478e-05
-8.627482e-08,7.7824e-05
-8.617482e-08,6.48516e-05
-8.607482e-08,5.44737e-05
-8.597482e-08,4.66903e-05
-8.587482e-08,4.27986e-05
-8.577482e-08,4.15013e-05
-8.567482e-08,4.34472e-05
-8.557482e-08,4.73389e-05
-8.547482e-08,5.18792e-05
-8.537482e-08,5.5771e-05
-8.527482e-08,5.77168e-05
-8.517482e-08,5.77168e-05
-8.507482e-08,5.5771e-05
-8.497482e-08,5.25279e-05
-8.487482e-08,4.73389e-05
-8.477482e-08,4.02041e-05
-8.467482e-08,3.24206e-05
-8.457482e-08,2.33399e-05
-8.447482e-08,1.36106e-05
-8.437482e-08,3.88134e-06
-8.427482e-08,-6.49658e-06
-8.417482e-08,-1.75231e-05
-8.407482e-08,-2.7901e-05
-8.397482e-08,-3.76303e-05
-8.387482e-08,-4.41165e-05
-8.377482e-08,-4.6711e-05
-8.367482e-08,-4.41165e-05
-8.357482e-08,-3.50359e-05
-8.347482e-08,-2.01176e-05
-8.337482e-08,-1.03779e-08
-8.327482e-08,2.33399e-05
-8.317482e-08,4.92848e-05
-8.307482e-08,7.52296e-05
-8.297482e-08,9.79313e-05
-8.287482e-08,0.000116093
-8.277482e-08,0.000127768
-8.267482e-08,0.000134254
-8.257482e-08,0.0001362
-8.247482e-08,0.000134903
-8.237482e-08,0.00013166
-8.227482e-08,0.000128416
-8.217482e-08,0.000127119
-8.207482e-08,0.000128416
-8.197482e-08,0.000133605
-8.187482e-08,0.000142037
-8.177482e-08,0.000151118
-8.167482e-08,0.000160847
-8.157482e-08,0.000167982
-8.147482e-08,0.000171874
-8.137482e-08,0.000172523
-8.127482e-08,0.000169928
-8.117482e-08,0.000164091
-8.107482e-08,0.000156956
-8.097482e-08,0.000148524
-8.087482e-08,0.00014074
-8.077482e-08,0.000135551
-8.067482e-08,0.000132957
-8.057482e-08,0.000132957
-8.047482e-08,0.000134903
-8.037482e-08,0.0001362
-8.027482e-08,0.000137497
-8.017482e-08,0.000138146
-8.007482e-08,0.000136848
-7.997482e-08,0.000134254
-7.987482e-08,0.000131011
-7.977482e-08,0.000127119
-7.967482e-08,0.000125173
-7.957482e-08,0.000124525
-7.947482e-08,0.000125822
-7.937482e-08,0.000129065
-7.927482e-08,0.000132308
-7.917482e-08,0.000134254
-7.907482e-08,0.000132957
-7.897482e-08,0.000126471
-7.887482e-08,0.000114795
-7.877482e-08,9.79313e-05
-7.867482e-08,7.58782e-05
-7.857482e-08,4.92848e-05
-7.847482e-08,2.13941e-05
-7.837482e-08,-6.49658e-06
-7.827482e-08,-3.11441e-05
-7.817482e-08,-4.99541e-05
-7.807482e-08,-6.22779e-05
-7.797482e-08,-6.74669e-05
-7.787482e-08,-6.61696e-05
-7.777482e-08,-6.03321e-05
-7.767482e-08,-5.12514e-05
-7.757482e-08,-3.95762e-05
-7.747482e-08,-2.7901e-05
-7.737482e-08,-1.68745e-05
-7.727482e-08,-7.1452e-06
-7.717482e-08,-1.03779e-08
-7.707482e-08,6.47582e-06
-7.697482e-08,1.23134e-05
-7.687482e-08,1.94482e-05
-7.677482e-08,2.85289e-05
-7.667482e-08,3.95555e-05
-7.657482e-08,5.25279e-05
-7.647482e-08,6.61489e-05
-7.637482e-08,7.91213e-05
-7.627482e-08,9.14451e-05
-7.617482e-08,0.000100526
-7.607482e-08,0.000107012
-7.597482e-08,0.000109606
-7.587482e-08,0.000108309
-7.577482e-08,0.000104417
-7.567482e-08,9.98771e-05
-7.557482e-08,9.53368e-05
-7.547482e-08,9.20937e-05
-7.537482e-08,9.07964e-05
-7.527482e-08,9.14451e-05
-7.517482e-08,9.46882e-05
-7.507482e-08,9.98771e-05
-7.497482e-08,0.000105715
-7.487482e-08,0.000111552
-7.477482e-08,0.000116093
-7.467482e-08,0.000119336
-7.457482e-08,0.000119336
-7.447482e-08,0.000118687
-7.437482e-08,0.000116093
-7.427482e-08,0.000114147
-7.417482e-08,0.00011285
-7.407482e-08,0.000111552
-7.397482e-08,0.000110255
-7.387482e-08,0.000108958
-7.377482e-08,0.000106363
-7.367482e-08,0.000102472
-7.357482e-08,9.6634e-05
-7.347482e-08,8.8202e-05
-7.337482e-08,7.7824e-05
-7.327482e-08,6.61489e-05
-7.317482e-08,5.51223e-05
-7.307482e-08,4.60417e-05
-7.297482e-08,4.02041e-05
-7.287482e-08,4.08527e-05
-7.277482e-08,4.73389e-05
-7.267482e-08,5.96627e-05
-7.257482e-08,7.84727e-05
-7.247482e-08,0.000100526
-7.237482e-08,0.000125173
-7.227482e-08,0.000149172
-7.217482e-08,0.000170577
-7.207482e-08,0.000188089
-7.197482e-08,0.000199765
-7.187482e-08,0.000204954
-7.177482e-08,0.000203656
-7.167482e-08,0.000198467
-7.157482e-08,0.000188738
-7.147482e-08,0.000175117
-7.137482e-08,0.000160199
-7.127482e-08,0.000144632
-7.117482e-08,0.000129065
-7.107482e-08,0.00011285
-7.097482e-08,9.6634e-05
-7.087482e-08,7.97699e-05
-7.077482e-08,6.16085e-05
-7.067482e-08,4.21499e-05
-7.057482e-08,2.26913e-05
-7.047482e-08,2.5841e-06
-7.037482e-08,-1.55773e-05
-7.027482e-08,-3.17928e-05
-7.017482e-08,-4.47652e-05
-7.007482e-08,-5.31972e-05
-6.997482e-08,-5.7089e-05
-6.987482e-08,-5.64403e-05
-6.977482e-08,-5.25486e-05
-6.967482e-08,-4.47652e-05
-6.957482e-08,-3.50359e-05
-6.947482e-08,-2.53066e-05
-6.937482e-08,-1.49286e-05
-6.927482e-08,-5.84796e-06
-6.917482e-08,3.23272e-06
-6.907482e-08,1.10162e-05
-6.897482e-08,1.8151e-05
-6.887482e-08,2.52858e-05
-6.877482e-08,3.30692e-05
-6.867482e-08,4.15013e-05
-6.857482e-08,5.12306e-05
-6.847482e-08,6.35544e-05
-6.837482e-08,7.71754e-05
-6.827482e-08,9.20937e-05
-6.817482e-08,0.000108309
-6.807482e-08,0.000124525
-6.797482e-08,0.00014074
-6.787482e-08,0.000156307
-6.777482e-08,0.000171225
-6.767482e-08,0.000184846
-6.757482e-08,0.000196522
-6.747482e-08,0.000206251
-6.737482e-08,0.000214034
-6.727482e-08,0.000219223
-6.717482e-08,0.00022052
-6.707482e-08,0.000217277
-6.697482e-08,0.000208845
-6.687482e-08,0.000195873
-6.677482e-08,0.00017836
-6.667482e-08,0.000156956
-6.657482e-08,0.000132308
-6.647482e-08,0.000107012
-6.637482e-08,8.23644e-05
-6.627482e-08,5.96627e-05
-6.617482e-08,4.15013e-05
-6.607482e-08,2.72317e-05
-6.597482e-08,1.75024e-05
-6.587482e-08,1.23134e-05
-6.577482e-08,1.03675e-05
-6.567482e-08,1.16648e-05
-6.557482e-08,1.42593e-05
-6.547482e-08,1.68537e-05
-6.537482e-08,1.87996e-05
-6.527482e-08,2.07455e-05
-6.517482e-08,2.26913e-05
-6.507482e-08,2.52858e-05
-6.497482e-08,2.91775e-05
-6.487482e-08,3.56637e-05
-6.477482e-08,4.40958e-05
-6.467482e-08,5.31765e-05
-6.457482e-08,6.35544e-05
-6.447482e-08,7.45809e-05
-6.437482e-08,8.49589e-05
-6.427482e-08,9.20937e-05
-6.417482e-08,9.72826e-05
-6.407482e-08,9.92285e-05
-6.397482e-08,9.79313e-05
-6.387482e-08,9.53368e-05
-6.377482e-08,9.20937e-05
-6.367482e-08,8.94992e-05
-6.357482e-08,9.01478e-05
-6.347482e-08,9.40395e-05
-6.337482e-08,0.00010312
-6.327482e-08,0.000115444
-6.317482e-08,0.000131011
-6.307482e-08,0.000147226
-6.297482e-08,0.000162145
-6.287482e-08,0.000173171
-6.277482e-08,0.000179009
-6.267482e-08,0.000177712
-6.257482e-08,0.000169279
-6.247482e-08,0.000156307
-6.237482e-08,0.000137497
-6.227482e-08,0.000116093
-6.217482e-08,9.46882e-05
-6.207482e-08,7.58782e-05
-6.197482e-08,6.22572e-05
-6.187482e-08,5.44737e-05
-6.177482e-08,5.38251e-05
-6.167482e-08,5.90141e-05
-6.157482e-08,6.9392e-05
-6.147482e-08,8.23644e-05
-6.137482e-08,9.53368e-05
-6.127482e-08,0.000105715
-6.117482e-08,0.000111552
-6.107482e-08,0.00011285
-6.097482e-08,0.000109606
-6.087482e-08,0.000102472
-6.077482e-08,9.27423e-05
-6.067482e-08,8.10671e-05
-6.057482e-08,7.00406e-05
-6.047482e-08,6.03113e-05
-6.037482e-08,5.12306e-05
-6.027482e-08,4.40958e-05
-6.017482e-08,3.82582e-05
-6.007482e-08,3.24206e-05
-5.997482e-08,2.52858e-05
-5.987482e-08,1.62051e-05
-5.977482e-08,5.17858e-06
-5.967482e-08,-7.1452e-06
-5.957482e-08,-2.01176e-05
-5.947482e-08,-3.37386e-05
-5.937482e-08,-4.60624e-05
-5.927482e-08,-5.57917e-05
-5.917482e-08,-6.16293e-05
-5.907482e-08,-6.35752e-05
-5.897482e-08,-6.22779e-05
-5.887482e-08,-5.7089e-05
-5.877482e-08,-5.06027e-05
-5.867482e-08,-4.47652e-05
-5.857482e-08,-3.8279e-05
-5.847482e-08,-3.309e-05
-5.837482e-08,-2.85497e-05
-5.827482e-08,-2.59552e-05
-5.817482e-08,-2.40093e-05
-5.807482e-08,-2.20635e-05
-5.797482e-08,-1.9469e-05
-5.787482e-08,-1.55773e-05
-5.777482e-08,-1.10369e-05
-5.767482e-08,-4.55072e-06
-5.757482e-08,1.93548e-06
-5.747482e-08,7.12444e-06
-5.737482e-08,1.03675e-05
-5.727482e-08,1.10162e-05
-5.717482e-08,9.0703e-06
-5.707482e-08,5.8272e-06
-5.697482e-08,2.5841e-06
-5.687482e-08,-1.03779e-08
-5.677482e-08,6.38242e-07
-5.667482e-08,5.8272e-06
-5.657482e-08,1.68537e-05
-5.647482e-08,3.24206e-05
-5.637482e-08,5.18792e-05
-5.627482e-08,7.32837e-05
-5.617482e-08,9.46882e-05
-5.607482e-08,0.000114795
-5.597482e-08,0.000131011
-5.587482e-08,0.000143335
-5.577482e-08,0.000151118
-5.567482e-08,0.000154361
-5.557482e-08,0.000154361
-5.547482e-08,0.000153064
-5.537482e-08,0.000152415
-5.527482e-08,0.000152415
-5.517482e-08,0.00015501
-5.507482e-08,0.000158902
-5.497482e-08,0.000163442
-5.487482e-08,0.000167334
-5.477482e-08,0.000169279
-5.467482e-08,0.000167982
-5.457482e-08,0.000162145
-5.447482e-08,0.000152415
-5.437482e-08,0.000139443
-5.427482e-08,0.000123876
-5.417482e-08,0.000107661
-5.407482e-08,9.20937e-05
-5.397482e-08,8.04185e-05
-5.387482e-08,7.32837e-05
-5.377482e-08,7.06892e-05
-5.367482e-08,7.26351e-05
-5.357482e-08,7.84727e-05
-5.347482e-08,8.69047e-05
-5.337482e-08,9.6634e-05
-5.327482e-08,0.000106363
-5.317482e-08,0.000116093
-5.307482e-08,0.000124525
-5.297482e-08,0.000132957
-5.287482e-08,0.000141389
-5.277482e-08,0.000149172
-5.267482e-08,0.000157604
-5.257482e-08,0.000166036
-5.247482e-08,0.000175117
-5.237482e-08,0.000183549
-5.227482e-08,0.000190684
-5.217482e-08,0.000195224
-5.207482e-08,0.000199116
-5.197482e-08,0.000200413
-5.187482e-08,0.000201062
-5.177482e-08,0.000201062
-5.167482e-08,0.000202359
-5.157482e-08,0.000205602
-5.147482e-08,0.00021144
-5.137482e-08,0.00022052
-5.127482e-08,0.000231547
-5.117482e-08,0.000243871
-5.107482e-08,0.000255546
-5.097482e-08,0.000264627
-5.087482e-08,0.000268518
-5.077482e-08,0.000265924
-5.067482e-08,0.000255546
-5.057482e-08,0.000237385
-5.047482e-08,0.000212088
-5.037482e-08,0.000181603
-5.027482e-08,0.000147226
-5.017482e-08,0.000111552
-5.007482e-08,7.84727e-05
-4.997482e-08,4.99334e-05
-4.987482e-08,2.6583e-05
-4.977482e-08,9.71892e-06
-4.967482e-08,-1.03779e-08
-4.957482e-08,-2.60486e-06
-4.947482e-08,6.38242e-07
-4.937482e-08,9.71892e-06
-4.927482e-08,2.20427e-05
-4.917482e-08,3.6961e-05
-4.907482e-08,5.38251e-05
-4.897482e-08,7.06892e-05
-4.887482e-08,8.8202e-05
-4.877482e-08,0.000103769
-4.867482e-08,0.00011739
-4.857482e-08,0.000129065
-4.847482e-08,0.000136848
-4.837482e-08,0.000142037
-4.827482e-08,0.000143335
-4.817482e-08,0.00014074
-4.807482e-08,0.000135551
-4.797482e-08,0.000128416
-4.787482e-08,0.000120633
-4.777482e-08,0.00011285
-4.767482e-08,0.000107012
-4.757482e-08,0.000103769
-4.747482e-08,0.00010312
-4.737482e-08,0.000105715
-4.727482e-08,0.000110904
-4.717482e-08,0.000119336
-4.707482e-08,0.000129065
-4.697482e-08,0.000139443
-4.687482e-08,0.000150469
-4.677482e-08,0.000160199
-4.667482e-08,0.000167982
-4.657482e-08,0.00017382
-4.647482e-08,0.000177712
-4.637482e-08,0.000180306
-4.627482e-08,0.000181603
-4.617482e-08,0.000181603
-4.607482e-08,0.000181603
-4.597482e-08,0.000181603
-4.587482e-08,0.000180955
-4.577482e-08,0.000179009
-4.567482e-08,0.000175766
-4.557482e-08,0.000170577
-4.547482e-08,0.000163442
-4.537482e-08,0.000153064
-4.527482e-08,0.00014074
-4.517482e-08,0.000125822
-4.507482e-08,0.000108309
-4.497482e-08,8.88506e-05
-4.487482e-08,6.87434e-05
-4.477482e-08,4.86361e-05
-4.467482e-08,2.98261e-05
-4.457482e-08,1.23134e-05
-4.447482e-08,-3.25348e-06
-4.437482e-08,-1.68745e-05
-4.427482e-08,-2.91983e-05
-4.417482e-08,-4.02248e-05
-4.407482e-08,-5.12514e-05
-4.397482e-08,-6.16293e-05
-4.387482e-08,-7.13586e-05
-4.377482e-08,-8.04393e-05
-4.367482e-08,-8.82227e-05
-4.357482e-08,-9.40603e-05
-4.347482e-08,-9.7952e-05
-4.337482e-08,-9.92493e-05
-4.327482e-08,-9.7952e-05
-4.317482e-08,-9.34117e-05
-4.307482e-08,-8.62769e-05
-4.297482e-08,-7.58989e-05
-4.287482e-08,-6.22779e-05
-4.277482e-08,-4.6711e-05
-4.267482e-08,-3.04955e-05
-4.257482e-08,-1.36314e-05
-4.247482e-08,3.88134e-06
-4.237482e-08,2.13941e-05
-4.227482e-08,3.76096e-05
-4.217482e-08,5.38251e-05
-4.207482e-08,6.87434e-05
-4.197482e-08,8.23644e-05
-4.187482e-08,9.53368e-05
-4.177482e-08,0.000105715
-4.167482e-08,0.000114147
-4.157482e-08,0.000120633
-4.147482e-08,0.000123876
-4.137482e-08,0.000123876
-4.127482e-08,0.000121282
-4.117482e-08,0.000116741
-4.107482e-08,0.000108958
-4.097482e-08,9.98771e-05
-4.087482e-08,8.94992e-05
-4.077482e-08,7.71754e-05
-4.067482e-08,6.4203e-05
-4.057482e-08,5.18792e-05
-4.047482e-08,4.02041e-05
-4.037482e-08,2.91775e-05
-4.027482e-08,1.8151e-05
-4.017482e-08,7.12444e-06
-4.007482e-08,-3.25348e-06
-3.997482e-08,-1.23342e-05
-3.987482e-08,-1.88204e-05
-3.977482e-08,-2.27121e-05
-3.967482e-08,-2.27121e-05
-3.957482e-08,-1.81717e-05
-3.947482e-08,-8.44244e-06
-3.937482e-08,5.8272e-06
-3.927482e-08,2.52858e-05
-3.917482e-08,4.79875e-05
-3.907482e-08,7.26351e-05
-3.897482e-08,9.79313e-05
-3.887482e-08,0.000122579
-3.877482e-08,0.000145281
-3.867482e-08,0.000164091
-3.857482e-08,0.00017836
-3.847482e-08,0.000187441
-3.837482e-08,0.000190035
-3.827482e-08,0.000187441
-3.817482e-08,0.000179657
-3.807482e-08,0.000169279
-3.797482e-08,0.00015501
-3.787482e-08,0.000138794
-3.777482e-08,0.00012193
-3.767482e-08,0.000104417
-3.757482e-08,8.75533e-05
-3.747482e-08,7.26351e-05
-3.737482e-08,5.90141e-05
-3.727482e-08,4.86361e-05
-3.717482e-08,4.15013e-05
-3.707482e-08,3.6961e-05
-3.697482e-08,3.63124e-05
-3.687482e-08,3.89068e-05
-3.677482e-08,4.47444e-05
-3.667482e-08,5.31765e-05
-3.657482e-08,6.29058e-05
-3.647482e-08,7.32837e-05
-3.637482e-08,8.23644e-05
-3.627482e-08,8.8202e-05
-3.617482e-08,9.07964e-05
-3.607482e-08,8.94992e-05
-3.597482e-08,8.36616e-05
-3.587482e-08,7.52296e-05
-3.577482e-08,6.48516e-05
-3.567482e-08,5.31765e-05
-3.557482e-08,4.27986e-05
-3.547482e-08,3.37179e-05
-3.537482e-08,2.72317e-05
-3.527482e-08,2.46372e-05
-3.517482e-08,2.59344e-05
-3.507482e-08,3.04748e-05
-3.497482e-08,3.76096e-05
-3.487482e-08,4.5393e-05
-3.477482e-08,5.31765e-05
-3.467482e-08,5.96627e-05
-3.457482e-08,6.4203e-05
-3.447482e-08,6.67975e-05
-3.437482e-08,6.67975e-05
-3.427482e-08,6.48516e-05
-3.417482e-08,6.29058e-05
-3.407482e-08,6.09599e-05
-3.397482e-08,6.03113e-05
-3.387482e-08,6.09599e-05
-3.377482e-08,6.4203e-05
-3.367482e-08,7.00406e-05
-3.357482e-08,7.91213e-05
-3.347482e-08,9.14451e-05
-3.337482e-08,0.000106363
-3.327482e-08,0.000123227
-3.317482e-08,0.000140092
-3.307482e-08,0.000155658
-3.297482e-08,0.000170577
-3.287482e-08,0.000182901
-3.277482e-08,0.00019263
-3.267482e-08,0.000197819
-3.257482e-08,0.000198467
-3.247482e-08,0.000195224
-3.237482e-08,0.000186792
-3.227482e-08,0.000173171
-3.217482e-08,0.000156956
-3.207482e-08,0.000137497
-3.197482e-08,0.000116741
-3.187482e-08,9.53368e-05
-3.177482e-08,7.58782e-05
-3.167482e-08,5.96627e-05
-3.157482e-08,4.73389e-05
-3.147482e-08,3.89068e-05
-3.137482e-08,3.63124e-05
-3.127482e-08,3.82582e-05
-3.117482e-08,4.47444e-05
-3.107482e-08,5.44737e-05
-3.097482e-08,6.67975e-05
-3.087482e-08,8.10671e-05
-3.077482e-08,9.59854e-05
-3.067482e-08,0.000109606
-3.057482e-08,0.000122579
-3.047482e-08,0.000134254
-3.037482e-08,0.000143335
-3.027482e-08,0.000151118
-3.017482e-08,0.000156956
-3.007482e-08,0.000162145
-2.997482e-08,0.000166685
-2.987482e-08,0.000171225
-2.977482e-08,0.000175117
-2.967482e-08,0.00017836
-2.957482e-08,0.000179657
-2.947482e-08,0.000179657
-2.937482e-08,0.000177063
-2.927482e-08,0.000173171
-2.917482e-08,0.000166036
-2.907482e-08,0.000155658
-2.897482e-08,0.000142686
-2.887482e-08,0.000127768
-2.877482e-08,0.00011285
-2.867482e-08,9.85799e-05
-2.857482e-08,8.56075e-05
-2.847482e-08,7.58782e-05
-2.837482e-08,7.00406e-05
-2.827482e-08,6.74461e-05
-2.817482e-08,6.87434e-05
-2.807482e-08,7.26351e-05
-2.797482e-08,7.97699e-05
-2.787482e-08,8.88506e-05
-2.777482e-08,9.92285e-05
-2.767482e-08,0.000110255
-2.757482e-08,0.000121282
-2.747482e-08,0.000132308
-2.737482e-08,0.000142037
-2.727482e-08,0.000151118
-2.717482e-08,0.000158253
-2.707482e-08,0.000163442
-2.697482e-08,0.000166036
-2.687482e-08,0.000167334
-2.677482e-08,0.000166685
-2.667482e-08,0.000163442
-2.657482e-08,0.000157604
-2.647482e-08,0.000149821
-2.637482e-08,0.000140092
-2.627482e-08,0.000128416
-2.617482e-08,0.000115444
-2.607482e-08,0.000100526
-2.597482e-08,8.43102e-05
-2.587482e-08,6.74461e-05
-2.577482e-08,4.99334e-05
-2.567482e-08,3.24206e-05
-2.557482e-08,1.49079e-05
-2.547482e-08,-3.25348e-06
-2.537482e-08,-2.01176e-05
-2.527482e-08,-3.56845e-05
-2.517482e-08,-4.93055e-05
-2.507482e-08,-6.16293e-05
-2.497482e-08,-7.20072e-05
-2.487482e-08,-7.84934e-05
-2.477482e-08,-8.30338e-05
-2.467482e-08,-8.4331e-05
-2.457482e-08,-8.36824e-05
-2.447482e-08,-7.97907e-05
-2.437482e-08,-7.46017e-05
-2.427482e-08,-6.68183e-05
-2.417482e-08,-5.83862e-05
-2.407482e-08,-4.86569e-05
-2.397482e-08,-3.76303e-05
-2.387482e-08,-2.66038e-05
-2.377482e-08,-1.428e-05
-2.367482e-08,-1.30762e-06
-2.357482e-08,1.36106e-05
-2.347482e-08,3.04748e-05
-2.337482e-08,4.99334e-05
-2.327482e-08,7.13378e-05
-2.317482e-08,9.46882e-05
-2.307482e-08,0.000118038
-2.297482e-08,0.000142037
-2.287482e-08,0.000164091
-2.277482e-08,0.000184846
-2.267482e-08,0.000202359
-2.257482e-08,0.00021598
-2.247482e-08,0.000224412
-2.237482e-08,0.000227007
-2.227482e-08,0.000223764
-2.217482e-08,0.000214683
-2.207482e-08,0.000200413
-2.197482e-08,0.000182252
-2.187482e-08,0.000161496
-2.177482e-08,0.000139443
-2.167482e-08,0.000118687
-2.157482e-08,9.98771e-05
-2.147482e-08,8.49589e-05
-2.137482e-08,7.26351e-05
-2.127482e-08,6.48516e-05
-2.117482e-08,6.09599e-05
-2.107482e-08,6.09599e-05
-2.097482e-08,6.48516e-05
-2.087482e-08,7.13378e-05
-2.077482e-08,8.10671e-05
-2.067482e-08,9.20937e-05
-2.057482e-08,0.000104417
-2.047482e-08,0.00011739
-2.037482e-08,0.000129714
-2.027482e-08,0.00014074
-2.017482e-08,0.000149821
-2.007482e-08,0.000156307
-1.997482e-08,0.000158253
-1.987482e-08,0.000156307
-1.977482e-08,0.000149821
-1.967482e-08,0.000139443
-1.957482e-08,0.000125173
-1.947482e-08,0.000108958
-1.937482e-08,9.20937e-05
-1.927482e-08,7.7824e-05
-1.917482e-08,6.67975e-05
-1.907482e-08,6.09599e-05
-1.897482e-08,6.09599e-05
-1.887482e-08,6.80947e-05
-1.877482e-08,8.23644e-05
-1.867482e-08,0.000101823
-1.857482e-08,0.000127119
-1.847482e-08,0.00015501
-1.837482e-08,0.000182901
-1.827482e-08,0.000207548
-1.817482e-08,0.000227655
-1.807482e-08,0.000240628
-1.797482e-08,0.000246465
-1.787482e-08,0.000244519
-1.777482e-08,0.000236087
-1.767482e-08,0.000223115
-1.757482e-08,0.000206899
-1.747482e-08,0.000189387
-1.737482e-08,0.000171874
-1.727482e-08,0.000156956
-1.717482e-08,0.000144632
-1.707482e-08,0.000132957
-1.697482e-08,0.000122579
-1.687482e-08,0.000112201
-1.677482e-08,0.000101823
-1.667482e-08,9.01478e-05
-1.657482e-08,7.65268e-05
-1.647482e-08,6.09599e-05
-1.637482e-08,4.34472e-05
-1.627482e-08,2.6583e-05
-1.617482e-08,1.10162e-05
-1.607482e-08,-6.58998e-07
-1.597482e-08,-8.44244e-06
-1.587482e-08,-1.16855e-05
-1.577482e-08,-9.73968e-06
-1.567482e-08,-3.9021e-06
-1.557482e-08,5.17858e-06
-1.547482e-08,1.55565e-05
-1.537482e-08,2.52858e-05
-1.527482e-08,3.43665e-05
-1.517482e-08,4.02041e-05
-1.507482e-08,4.27986e-05
-1.497482e-08,4.08527e-05
-1.487482e-08,3.50151e-05
-1.477482e-08,2.59344e-05
-1.467482e-08,1.23134e-05
-1.457482e-08,-3.9021e-06
-1.447482e-08,-2.33607e-05
-1.437482e-08,-4.54138e-05
-1.427482e-08,-6.94127e-05
-1.417482e-08,-9.34117e-05
-1.407482e-08,-0.000117411
-1.397482e-08,-0.000140112
-1.387482e-08,-0.000159571
-1.377482e-08,-0.000173192
-1.367482e-08,-0.00017903
-1.357482e-08,-0.000175138
-1.347482e-08,-0.000160868
-1.337482e-08,-0.000136221
-1.327482e-08,-0.000102492
-1.317482e-08,-6.16293e-05
-1.307482e-08,-1.62259e-05
-1.297482e-08,2.98261e-05
-1.287482e-08,7.39323e-05
-1.277482e-08,0.000114147
-1.267482e-08,0.000146578
-1.257482e-08,0.000171874
-1.247482e-08,0.000188738
-1.237482e-08,0.000198467
-1.227482e-08,0.000202359
-1.217482e-08,0.000202359
-1.207482e-08,0.000201062
-1.197482e-08,0.000199116
-1.187482e-08,0.000197819
-1.177482e-08,0.000198467
-1.167482e-08,0.000201062
-1.157482e-08,0.000204954
-1.147482e-08,0.000208197
-1.137482e-08,0.000210143
-1.127482e-08,0.000210143
-1.117482e-08,0.000208845
-1.107482e-08,0.000206251
-1.097482e-08,0.000203008
-1.087482e-08,0.000199765
-1.077482e-08,0.00019717
-1.067482e-08,0.00019717
-1.057482e-08,0.000199116
-1.047482e-08,0.000203656
-1.037482e-08,0.000210791
-1.027482e-08,0.000217277
-1.017482e-08,0.000221818
-1.007482e-08,0.000222466
-9.974819e-09,0.000217277
-9.874819e-09,0.000204305
-9.774819e-09,0.000182901
-9.674819e-09,0.000153713
-9.574819e-09,0.00011739
-9.474819e-09,7.52296e-05
-9.374819e-09,3.04748e-05
-9.274819e-09,-1.36314e-05
-9.174819e-09,-5.57917e-05
-9.074819e-09,-9.40603e-05
-8.974819e-09,-0.000125843
-8.874819e-09,-0.000151139
-8.774819e-09,-0.000168652
-8.674819e-09,-0.00017903
-8.574819e-09,-0.000182921
-8.474819e-09,-0.000180327
-8.374819e-09,-0.000171895
-8.274819e-09,-0.00016022
-8.174819e-09,-0.000144004
-8.074819e-09,-0.000123248
-7.974819e-09,-9.73034e-05
-7.874819e-09,-6.68183e-05
-7.774819e-09,-3.24414e-05
-7.674819e-09,6.47582e-06
-7.574819e-09,4.79875e-05
-7.474819e-09,9.07964e-05
-7.374819e-09,0.000134254
-7.274819e-09,0.000176414
-7.174819e-09,0.000215332
-7.074819e-09,0.00024906
-6.974819e-09,0.000275653
-6.874819e-09,0.000295112
-6.774819e-09,0.000306138
-6.674819e-09,0.000308084
-6.574819e-09,0.000302895
-6.474819e-09,0.000290571
-6.374819e-09,0.000273059
-6.274819e-09,0.000251654
-6.174819e-09,0.000228304
-6.074819e-09,0.000204954
-5.974819e-09,0.000183549
-5.874819e-09,0.000164091
-5.774819e-09,0.000147875
-5.674819e-09,0.000134903
-5.574819e-09,0.000127768
-5.474819e-09,0.000123876
-5.374819e-09,0.000124525
-5.274819e-09,0.000127119
-5.174819e-09,0.000132308
-5.074819e-09,0.000139443
-4.974819e-09,0.000147226
-4.874819e-09,0.00015501
-4.774819e-09,0.000161496
-4.674819e-09,0.000166036
-4.574819e-09,0.000167982
-4.474819e-09,0.000167334
-4.374819e-09,0.000164091
-4.274819e-09,0.000158902
-4.174819e-09,0.000151118
-4.074819e-09,0.000142686
-3.974819e-09,0.000134903
-3.874819e-09,0.000127768
-3.774819e-09,0.000120633
-3.674819e-09,0.000115444
-3.574819e-09,0.000110255
-3.474819e-09,0.000104417
-3.374819e-09,9.72826e-05
-3.274819e-09,8.75533e-05
-3.174819e-09,7.58782e-05
-3.074819e-09,6.09599e-05
-2.974819e-09,4.27986e-05
-2.874819e-09,2.00968e-05
-2.774819e-09,-5.84796e-06
-2.674819e-09,-3.43872e-05
-2.574819e-09,-6.48724e-05
-2.474819e-09,-9.60062e-05
-2.374819e-09,-0.000129086
-2.274819e-09,-0.000162814
-2.174819e-09,-0.000198488
-2.074819e-09,-0.000236108
-1.974819e-09,-0.000275674
-1.874819e-09,-0.000318483
-1.774819e-09,-0.000363886
-1.674819e-09,-0.000412533
-1.574819e-09,-0.000464422
-1.474819e-09,-0.000518258
-1.374819e-09,-0.000573391
-1.274819e-09,-0.000629821
-1.174819e-09,-0.000687548
-1.074819e-09,-0.000745924
-9.748194e-10,-0.000806245
-8.748194e-10,-0.000869161
-7.748194e-10,-0.000935969
-6.748194e-10,-0.00100926
-5.748194e-10,-0.00109034
-4.748194e-10,-0.00117985
-3.748194e-10,-0.00127909
-2.748194e-10,-0.00138741
-1.748194e-10,-0.00150351
-7.481939e-11,-0.0016261
2.518061e-11,-0.00175518
1.251806e-10,-0.00188879
2.251806e-10,-0.00202565
3.251806e-10,-0.0021651
4.251806e-10,-0.00230521
5.251806e-10,-0.00244466
6.251806e-10,-0.00258282
7.251806e-10,-0.00271773
8.251806e-10,-0.00284616
9.251806e-10,-0.0029668
1.025181e-09,-0.00307771
1.125181e-09,-0.00317695
1.225181e-09,-0.00326257
1.325181e-09,-0.00333457
1.425181e-09,-0.00339165
1.525181e-09,-0.0034364
1.625181e-09,-0.00346948
1.725181e-09,-0.00349348
1.825181e-09,-0.00351229
1.925181e-09,-0.00352915
2.025181e-09,-0.00354537
2.125181e-09,-0.00356158
2.225181e-09,-0.00357845
2.325181e-09,-0.00359531
2.425181e-09,-0.00360958
2.525181e-09,-0.00361866
2.625181e-09,-0.00361996
2.725181e-09,-0.00361088
2.825181e-09,-0.00358947
2.925181e-09,-0.00355575
3.025181e-09,-0.00350905
3.125181e-09,-0.00345132
3.225181e-09,-0.00338581
3.325181e-09,-0.00331576
3.425181e-09,-0.00324376
3.525181e-09,-0.00317501
3.625181e-09,-0.00311014
3.725181e-09,-0.00305177
3.825181e-09,-0.00299988
3.925181e-09,-0.00295448
4.025181e-09,-0.00291426
4.125181e-09,-0.00287794
4.225181e-09,-0.00284356
4.325181e-09,-0.00280983
4.425181e-09,-0.00277481
4.525181e-09,-0.00273848
4.625181e-09,-0.00270022
4.725181e-09,-0.00266065
4.825181e-09,-0.00261914
4.925181e-09,-0.00257763
5.025181e-09,-0.00253612
5.125181e-09,-0.0024959
5.225181e-09,-0.00245698
5.325181e-09,-0.00242001
5.425181e-09,-0.00238434
5.525181e-09,-0.00234996
5.625181e-09,-0.00231623
5.725181e-09,-0.0022825
5.825181e-09,-0.00224878
5.925181e-09,-0.00221505
6.025181e-09,-0.00218262
6.125181e-09,-0.00215083
6.225181e-09,-0.0021184
6.325181e-09,-0.00208662
6.425181e-09,-0.00205419
6.525181e-09,-0.00202176
6.625181e-09,-0.00198933
6.725181e-09,-0.00195625
6.825181e-09,-0.00192317
6.925181e-09,-0.00189009
7.025181e-09,-0.00185896
7.125181e-09,-0.00182977
7.225181e-09,-0.00180253
7.325181e-09,-0.00177788
7.425181e-09,-0.00175647
7.525181e-09,-0.00173572
7.625181e-09,-0.00171561
7.725181e-09,-0.00169485
7.825181e-09,-0.00167086
7.925181e-09,-0.00164232
8.025181e-09,-0.00160729
8.125181e-09,-0.00156578
8.225181e-09,-0.00151713
8.325181e-09,-0.00146265
8.425181e-09,-0.00140427
8.525181e-09,-0.0013446
8.625181e-09,-0.00128622
8.725181e-09,-0.00123044
8.825181e-09,-0.00117985
8.925181e-09,-0.00113574
9.025181e-09,-0.00109877
9.125181e-09,-0.00106764
9.225181e-09,-0.00104169
9.325181e-09,-0.00101834
9.425181e-09,-0.000996291
9.525181e-09,-0.000973589
9.625181e-09,-0.00094959
9.725181e-09,-0.000924294
9.825181e-09,-0.000899647
9.925181e-09,-0.000875648
1.002518e-08,-0.000854243
1.012518e-08,-0.000837379
1.022518e-08,-0.000826352
1.032518e-08,-0.000821163
1.042518e-08,-0.000823758
1.052518e-08,-0.000832839
1.062518e-08,-0.00084646
1.072518e-08,-0.000862675
1.082518e-08,-0.000880837
1.092518e-08,-0.000898998
1.102518e-08,-0.000916511
1.112518e-08,-0.000932726
1.122518e-08,-0.000946996
1.132518e-08,-0.000960617
1.142518e-08,-0.000972941
1.152518e-08,-0.000983967
1.162518e-08,-0.000994994
1.172518e-08,-0.00100407
1.182518e-08,-0.00101186
1.192518e-08,-0.00101705
1.202518e-08,-0.00101834
1.212518e-08,-0.00101575
1.222518e-08,-0.00100926
1.232518e-08,-0.000998885
1.242518e-08,-0.00098721
1.252518e-08,-0.000974886
1.262518e-08,-0.000962563
1.272518e-08,-0.000952185
1.282518e-08,-0.000945699
1.292518e-08,-0.000943104
1.302518e-08,-0.000944401
1.312518e-08,-0.000948293
1.322518e-08,-0.000952185
1.332518e-08,-0.000953482
1.342518e-08,-0.000950239
1.352518e-08,-0.000941158
1.362518e-08,-0.000923645
1.372518e-08,-0.000899647
1.382518e-08,-0.000867864
1.392518e-08,-0.000830244
1.402518e-08,-0.00079003
1.412518e-08,-0.000749167
1.422518e-08,-0.000709601
1.432518e-08,-0.000675224
1.442518e-08,-0.000646036
1.452518e-08,-0.000623334
1.462518e-08,-0.000607767
1.472518e-08,-0.00059739
1.482518e-08,-0.000591552
1.492518e-08,-0.000588957
1.502518e-08,-0.000588957
1.512518e-08,-0.000589606
1.522518e-08,-0.000590255
1.532518e-08,-0.000590255
1.542518e-08,-0.000588957
1.552518e-08,-0.000586363
1.562518e-08,-0.000581174
1.572518e-08,-0.000574688
1.582518e-08,-0.000565607
1.592518e-08,-0.000555229
1.602518e-08,-0.000543554
1.612518e-08,-0.000531879
1.622518e-08,-0.000521501
1.632518e-08,-0.000513069
1.642518e-08,-0.000507231
1.652518e-08,-0.000505934
1.662518e-08,-0.000509177
1.672518e-08,-0.000517609
1.682518e-08,-0.00053123
1.692518e-08,-0.000548743
1.702518e-08,-0.00056885
1.712518e-08,-0.000589606
1.722518e-08,-0.000609065
1.732518e-08,-0.000625929
1.742518e-08,-0.00063955
1.752518e-08,-0.000648631
1.762518e-08,-0.000653171
1.772518e-08,-0.000655117
1.782518e-08,-0.000654468
1.792518e-08,-0.000652522
1.802518e-08,-0.000651874
1.812518e-08,-0.000653171
1.822518e-08,-0.00065836
1.832518e-08,-0.000667441
1.842518e-08,-0.000679764
1.852518e-08,-0.000694683
1.862518e-08,-0.000710898
1.872518e-08,-0.000726465
1.882518e-08,-0.000739437
1.892518e-08,-0.000749167
1.902518e-08,-0.000755004
1.912518e-08,-0.000756301
1.922518e-08,-0.000753707
1.932518e-08,-0.000748518
1.942518e-08,-0.000741383
1.952518e-08,-0.000731654
1.962518e-08,-0.000719979
1.972518e-08,-0.000707655
1.982518e-08,-0.000692737
1.992518e-08,-0.000676521
2.002518e-08,-0.00065836
2.012518e-08,-0.000637604
2.022518e-08,-0.000615551
2.032518e-08,-0.000591552
2.042518e-08,-0.000567553
2.052518e-08,-0.0005455
2.062518e-08,-0.000527339
2.072518e-08,-0.000513069
2.082518e-08,-0.000505934
2.092518e-08,-0.000505285
2.102518e-08,-0.000511772
2.112518e-08,-0.000524095
2.122518e-08,-0.000541608
2.132518e-08,-0.000562364
2.142518e-08,-0.000584417
2.152518e-08,-0.000604524
2.162518e-08,-0.000622686
2.172518e-08,-0.000638253
2.182518e-08,-0.000650576
2.192518e-08,-0.000659008
2.202518e-08,-0.000664846
2.212518e-08,-0.000668738
2.222518e-08,-0.000670035
2.232518e-08,-0.000669386
2.242518e-08,-0.000666792
2.252518e-08,-0.0006629
2.262518e-08,-0.000656414
2.272518e-08,-0.000645387
2.282518e-08,-0.000630469
2.292518e-08,-0.000611011
2.302518e-08,-0.00058766
2.312518e-08,-0.000562364
2.322518e-08,-0.000535122
2.332518e-08,-0.000509177
2.342518e-08,-0.000485827
2.352518e-08,-0.000466368
2.362518e-08,-0.000452099
2.372518e-08,-0.000442369
2.382518e-08,-0.00043718
2.392518e-08,-0.000435883
2.402518e-08,-0.000436532
2.412518e-08,-0.000437829
2.422518e-08,-0.000439126
2.432518e-08,-0.000438478
2.442518e-08,-0.000434586
2.452518e-08,-0.000428748
2.462518e-08,-0.000420316
2.472518e-08,-0.000410587
2.482518e-08,-0.000400209
2.492518e-08,-0.00039048
2.502518e-08,-0.000383345
2.512518e-08,-0.000378156
2.522518e-08,-0.000375561
2.532518e-08,-0.000375561
2.542518e-08,-0.000378156
2.552518e-08,-0.000381399
2.562518e-08,-0.000386588
2.572518e-08,-0.000391128
2.582518e-08,-0.000395669
2.592518e-08,-0.000398912
2.602518e-08,-0.00039956
2.612518e-08,-0.000398263
2.622518e-08,-0.00039502
2.632518e-08,-0.000387885
2.642518e-08,-0.000378156
2.652518e-08,-0.000365184
2.662518e-08,-0.000348319
2.672518e-08,-0.000328861
2.682518e-08,-0.00030551
2.692518e-08,-0.000280214
2.702518e-08,-0.000253621
2.712518e-08,-0.000227027
2.722518e-08,-0.000201731
2.732518e-08,-0.000179678
2.742518e-08,-0.000162165
2.752518e-08,-0.000149193
2.762518e-08,-0.000143355
2.772518e-08,-0.000142707
2.782518e-08,-0.000148544
2.792518e-08,-0.000158274
2.802518e-08,-0.000170597
2.812518e-08,-0.000184867
2.822518e-08,-0.000199785
2.832518e-08,-0.000214055
2.842518e-08,-0.000227027
2.852518e-08,-0.000238703
2.862518e-08,-0.000249081
2.872518e-08,-0.00025881
2.882518e-08,-0.000268539
2.892518e-08,-0.000278268
2.902518e-08,-0.000289295
2.912518e-08,-0.00030097
2.922518e-08,-0.000311997
2.932518e-08,-0.000322375
2.942518e-08,-0.000330807
2.952518e-08,-0.000335996
2.962518e-08,-0.00033859
2.972518e-08,-0.000337293
2.982518e-08,-0.000332753
2.992518e-08,-0.000326915
3.002518e-08,-0.000320429
3.012518e-08,-0.00031524
3.022518e-08,-0.000311348
3.032518e-08,-0.000309402
3.042518e-08,-0.000309402
3.052518e-08,-0.000309402
3.062518e-08,-0.000308754
3.072518e-08,-0.000306159
3.082518e-08,-0.000299024
3.092518e-08,-0.000287998
3.102518e-08,-0.000271134
3.112518e-08,-0.000250378
3.122518e-08,-0.000225082
3.132518e-08,-0.000198488
3.142518e-08,-0.000173841
3.152518e-08,-0.000153085
3.162518e-08,-0.000136869
3.172518e-08,-0.000127789
3.182518e-08,-0.000125194
3.192518e-08,-0.000128437
3.202518e-08,-0.000136221
3.212518e-08,-0.000147247
3.222518e-08,-0.000160868
3.232518e-08,-0.000174489
3.242518e-08,-0.000186813
3.252518e-08,-0.000196542
3.262518e-08,-0.000203028
3.272518e-08,-0.000207569
3.282518e-08,-0.000210163
3.292518e-08,-0.000211461
3.302518e-08,-0.000212109
3.312518e-08,-0.000212109
3.322518e-08,-0.000210812
3.332518e-08,-0.000209515
3.342518e-08,-0.00020692
3.352518e-08,-0.000203677
3.362518e-08,-0.00019784
3.372518e-08,-0.000191353
3.382518e-08,-0.00018357
3.392518e-08,-0.000176435
3.402518e-08,-0.000170597
3.412518e-08,-0.000166057
3.422518e-08,-0.00016476
3.432518e-08,-0.000166057
3.442518e-08,-0.000169949
3.452518e-08,-0.000175786
3.462518e-08,-0.000182921
3.472518e-08,-0.000190056
3.482518e-08,-0.000196542
3.492518e-08,-0.000201731
3.502518e-08,-0.000204974
3.512518e-08,-0.000205623
3.522518e-08,-0.000205623
3.532518e-08,-0.000206272
3.542518e-08,-0.000207569
3.552518e-08,-0.000209515
3.562518e-08,-0.000213406
3.572518e-08,-0.000218595
3.582518e-08,-0.00022573
3.592518e-08,-0.000233514
3.602518e-08,-0.000242594
3.612518e-08,-0.000252324
3.622518e-08,-0.000260756
3.632518e-08,-0.000268539
3.642518e-08,-0.000276323
3.652518e-08,-0.000283457
3.662518e-08,-0.000291241
3.672518e-08,-0.000299024
3.682518e-08,-0.000306808
3.692518e-08,-0.00031524
3.702518e-08,-0.000322375
3.712518e-08,-0.000327564
3.722518e-08,-0.000329509
3.732518e-08,-0.000326915
3.742518e-08,-0.000317834
3.752518e-08,-0.000302267
3.762518e-08,-0.000279566
3.772518e-08,-0.000251026
3.782518e-08,-0.000217947
3.792518e-08,-0.000180327
3.802518e-08,-0.000142058
3.812518e-08,-0.000105087
3.822518e-08,-7.00614e-05
3.832518e-08,-3.89276e-05
3.842518e-08,-1.23342e-05
3.852518e-08,9.71892e-06
3.862518e-08,2.91775e-05
3.872518e-08,4.66903e-05
3.882518e-08,6.4203e-05
3.892518e-08,7.97699e-05
3.902518e-08,9.53368e-05
3.912518e-08,0.000110255
3.922518e-08,0.000123876
3.932518e-08,0.000134903
3.942518e-08,0.000142686
3.952518e-08,0.000145281
3.962518e-08,0.000143335
3.972518e-08,0.000135551
3.982518e-08,0.000123876
3.992518e-08,0.000109606
4.002518e-08,9.27423e-05
4.012518e-08,7.58782e-05
4.022518e-08,6.16085e-05
4.032518e-08,5.0582e-05
4.042518e-08,4.34472e-05
4.052518e-08,3.89068e-05
4.062518e-08,3.82582e-05
4.072518e-08,3.95555e-05
4.082518e-08,4.15013e-05
4.092518e-08,4.21499e-05
4.102518e-08,4.21499e-05
4.112518e-08,4.02041e-05
4.122518e-08,3.56637e-05
4.132518e-08,2.91775e-05
4.142518e-08,2.00968e-05
4.152518e-08,1.10162e-05
4.162518e-08,1.28686e-06
4.172518e-08,-7.1452e-06
4.182518e-08,-1.428e-05
4.192518e-08,-1.9469e-05
4.202518e-08,-2.46579e-05
4.212518e-08,-2.85497e-05
4.222518e-08,-3.24414e-05
4.232518e-08,-3.69817e-05
4.242518e-08,-4.34679e-05
4.252518e-08,-5.25486e-05
4.262518e-08,-6.29265e-05
4.272518e-08,-7.52503e-05
4.282518e-08,-8.88713e-05
4.292518e-08,-0.000104438
4.302518e-08,-0.000119356
4.312518e-08,-0.000132978
4.322518e-08,-0.000144004
4.332518e-08,-0.000153085
4.342518e-08,-0.000158922
4.352518e-08,-0.000160868
4.362518e-08,-0.000158922
4.372518e-08,-0.000155031
4.382518e-08,-0.000147896
4.392518e-08,-0.000138815
4.402518e-08,-0.000129086
4.412518e-08,-0.000119356
4.422518e-08,-0.000111573
4.432518e-08,-0.00010379
4.442518e-08,-9.7952e-05
4.452518e-08,-9.34117e-05
4.462518e-08,-8.952e-05
4.472518e-08,-8.49796e-05
4.482518e-08,-8.04393e-05
4.492518e-08,-7.65476e-05
4.502518e-08,-7.26558e-05
4.512518e-08,-6.87641e-05
4.522518e-08,-6.68183e-05
4.532518e-08,-6.68183e-05
4.542518e-08,-7.13586e-05
4.552518e-08,-7.97907e-05
4.562518e-08,-9.34117e-05
4.572518e-08,-0.000111573
4.582518e-08,-0.000133626
4.592518e-08,-0.000157625
4.602518e-08,-0.000182921
4.612518e-08,-0.000205623
4.622518e-08,-0.000223784
4.632518e-08,-0.000234811
4.642518e-08,-0.000237405
4.652518e-08,-0.000230919
4.662518e-08,-0.000216001
4.672518e-08,-0.000192651
4.682518e-08,-0.000162165
4.692518e-08,-0.000128437
4.702518e-08,-9.34117e-05
4.712518e-08,-5.90348e-05
4.722518e-08,-2.72524e-05
4.732518e-08,1.28686e-06
4.742518e-08,2.46372e-05
4.752518e-08,4.34472e-05
4.762518e-08,5.77168e-05
4.772518e-08,6.80947e-05
4.782518e-08,7.52296e-05
4.792518e-08,8.04185e-05
4.802518e-08,8.3013e-05
4.812518e-08,8.43102e-05
4.822518e-08,8.3013e-05
4.832518e-08,8.04185e-05
4.842518e-08,7.58782e-05
4.852518e-08,6.9392e-05
4.862518e-08,6.22572e-05
4.872518e-08,5.38251e-05
4.882518e-08,4.47444e-05
4.892518e-08,3.56637e-05
4.902518e-08,2.52858e-05
4.912518e-08,1.42593e-05
4.922518e-08,2.5841e-06
4.932518e-08,-9.73968e-06
4.942518e-08,-2.33607e-05
4.952518e-08,-3.76303e-05
4.962518e-08,-5.25486e-05
4.972518e-08,-6.68183e-05
4.982518e-08,-7.97907e-05
4.992518e-08,-9.08172e-05
5.002518e-08,-9.7952e-05
5.012518e-08,-0.000101844
5.022518e-08,-0.000101195
5.032518e-08,-9.47089e-05
5.042518e-08,-8.36824e-05
5.052518e-08,-6.87641e-05
5.062518e-08,-5.06027e-05
5.072518e-08,-3.11441e-05
5.082518e-08,-1.23342e-05
5.092518e-08,3.23272e-06
5.102518e-08,1.49079e-05
5.112518e-08,2.07455e-05
5.122518e-08,1.94482e-05
5.132518e-08,1.23134e-05
5.142518e-08,-6.58998e-07
5.152518e-08,-1.68745e-05
5.162518e-08,-3.50359e-05
5.172518e-08,-5.44945e-05
5.182518e-08,-7.13586e-05
5.192518e-08,-8.49796e-05
5.202518e-08,-9.47089e-05
5.212518e-08,-9.98979e-05
5.222518e-08,-0.000100547
5.232518e-08,-9.53575e-05
5.242518e-08,-8.69255e-05
5.252518e-08,-7.52503e-05
5.262518e-08,-6.22779e-05
5.272518e-08,-4.86569e-05
5.282518e-08,-3.56845e-05
5.292518e-08,-2.40093e-05
5.302518e-08,-1.49286e-05
5.312518e-08,-7.79382e-06
5.322518e-08,-2.60486e-06
5.332518e-08,6.38242e-07
5.342518e-08,2.5841e-06
5.352518e-08,4.52996e-06
5.362518e-08,5.17858e-06
5.372518e-08,5.17858e-06
5.382518e-08,4.52996e-06
5.392518e-08,3.23272e-06
5.402518e-08,1.93548e-06
5.412518e-08,-1.30762e-06
5.422518e-08,-6.49658e-06
5.432518e-08,-1.36314e-05
5.442518e-08,-2.27121e-05
5.452518e-08,-3.309e-05
5.462518e-08,-4.41165e-05
5.472518e-08,-5.51431e-05
5.482518e-08,-6.5521e-05
5.492518e-08,-7.52503e-05
5.502518e-08,-8.36824e-05
5.512518e-08,-9.08172e-05
5.522518e-08,-9.60062e-05
5.532518e-08,-9.86006e-05
5.542518e-08,-9.86006e-05
5.552518e-08,-9.66548e-05
5.562518e-08,-9.01686e-05
5.572518e-08,-8.04393e-05
5.582518e-08,-6.68183e-05
5.592518e-08,-5.06027e-05
5.602518e-08,-3.24414e-05
5.612518e-08,-1.36314e-05
5.622518e-08,5.8272e-06
5.632518e-08,2.39886e-05
5.642518e-08,4.08527e-05
5.652518e-08,5.51223e-05
5.662518e-08,6.48516e-05
5.672518e-08,7.13378e-05
5.682518e-08,7.52296e-05
5.692518e-08,7.71754e-05
5.702518e-08,7.84727e-05
5.712518e-08,7.97699e-05
5.722518e-08,8.36616e-05
5.732518e-08,9.01478e-05
5.742518e-08,9.92285e-05
5.752518e-08,0.000112201
5.762518e-08,0.000127768
5.772518e-08,0.000145281
5.782518e-08,0.000162145
5.792518e-08,0.000177712
5.802518e-08,0.000189387
5.812518e-08,0.000195873
5.822518e-08,0.00019717
5.832518e-08,0.000191981
5.842518e-08,0.000181603
5.852518e-08,0.000167334
5.862518e-08,0.000150469
5.872518e-08,0.000134254
5.882518e-08,0.000120633
5.892518e-08,0.000110904
5.902518e-08,0.000106363
5.912518e-08,0.000106363
5.922518e-08,0.000111552
5.932518e-08,0.000120633
5.942518e-08,0.00013166
5.952518e-08,0.000142686
5.962518e-08,0.000152415
5.972518e-08,0.000158253
5.982518e-08,0.00015955
5.992518e-08,0.000155658
6.002518e-08,0.000147226
6.012518e-08,0.000134903
6.022518e-08,0.000118038
6.032518e-08,9.85799e-05
6.042518e-08,7.71754e-05
6.052518e-08,5.5771e-05
6.062518e-08,3.43665e-05
6.072518e-08,1.49079e-05
6.082518e-08,-1.95624e-06
6.092518e-08,-1.62259e-05
6.102518e-08,-2.66038e-05
6.112518e-08,-3.43872e-05
6.122518e-08,-3.8279e-05
6.132518e-08,-3.8279e-05
6.142518e-08,-3.43872e-05
6.152518e-08,-2.66038e-05
6.162518e-08,-1.49286e-05
6.172518e-08,-1.30762e-06
6.182518e-08,1.42593e-05
6.192518e-08,3.11234e-05
6.202518e-08,4.86361e-05
6.212518e-08,6.55003e-05
6.222518e-08,7.91213e-05
6.232518e-08,9.07964e-05
6.242518e-08,9.85799e-05
6.252518e-08,0.00010312
6.262518e-08,0.000104417
6.272518e-08,0.000102472
6.282518e-08,9.85799e-05
6.292518e-08,9.07964e-05
6.302518e-08,8.17158e-05
6.312518e-08,7.06892e-05
6.322518e-08,5.83654e-05
6.332518e-08,4.60417e-05
6.342518e-08,3.30692e-05
6.352518e-08,2.07455e-05
6.362518e-08,9.0703e-06
6.372518e-08,-1.95624e-06
6.382518e-08,-1.23342e-05
6.392518e-08,-2.07662e-05
6.402518e-08,-2.85497e-05
6.412518e-08,-3.69817e-05
6.422518e-08,-4.60624e-05
6.432518e-08,-5.57917e-05
6.442518e-08,-6.5521e-05
6.452518e-08,-7.46017e-05
6.462518e-08,-8.30338e-05
6.472518e-08,-8.82227e-05
6.482518e-08,-9.08172e-05
6.492518e-08,-8.82227e-05
6.502518e-08,-8.10879e-05
6.512518e-08,-6.87641e-05
6.522518e-08,-5.19e-05
6.532518e-08,-3.17928e-05
6.542518e-08,-9.73968e-06
6.552518e-08,1.2962e-05
6.562518e-08,3.43665e-05
6.572518e-08,5.25279e-05
6.582518e-08,6.74461e-05
6.592518e-08,7.71754e-05
6.602518e-08,8.23644e-05
6.612518e-08,8.3013e-05
6.622518e-08,8.10671e-05
6.632518e-08,7.71754e-05
6.642518e-08,7.32837e-05
6.652518e-08,7.00406e-05
6.662518e-08,6.74461e-05
6.672518e-08,6.74461e-05
6.682518e-08,6.87434e-05
6.692518e-08,7.26351e-05
6.702518e-08,7.84727e-05
6.712518e-08,8.56075e-05
6.722518e-08,9.33909e-05
6.732518e-08,0.000101823
6.742518e-08,0.000110255
6.752518e-08,0.000119984
6.762518e-08,0.000129714
6.772518e-08,0.00014074
6.782518e-08,0.000153064
6.792518e-08,0.000166685
6.802518e-08,0.000181603
6.812518e-08,0.000195873
6.822518e-08,0.000208197
6.832518e-08,0.000219223
6.842518e-08,0.000227007
6.852518e-08,0.000230898
6.862518e-08,0.00023025
6.872518e-08,0.000225709
6.882518e-08,0.00021598
6.892518e-08,0.000203008
6.902518e-08,0.000186792
6.912518e-08,0.000169928
6.922518e-08,0.000153064
6.932518e-08,0.000138146
6.942518e-08,0.000126471
6.952518e-08,0.000118687
6.962518e-08,0.000115444
6.972518e-08,0.000114795
6.982518e-08,0.000116741
6.992518e-08,0.000120633
7.002518e-08,0.000124525
7.012518e-08,0.000127768
7.022518e-08,0.000127768
7.032518e-08,0.000125173
7.042518e-08,0.000118687
7.052518e-08,0.000107012
7.062518e-08,9.07964e-05
7.072518e-08,7.00406e-05
7.082518e-08,4.5393e-05
7.092518e-08,1.75024e-05
7.102518e-08,-1.23342e-05
7.112518e-08,-4.21707e-05
7.122518e-08,-7.13586e-05
7.132518e-08,-9.7952e-05
7.142518e-08,-0.000120005
7.152518e-08,-0.000135572
7.162518e-08,-0.000143355
7.172518e-08,-0.000142707
7.182518e-08,-0.000132978
7.192518e-08,-0.000115465
7.202518e-08,-9.14658e-05
7.212518e-08,-6.16293e-05
7.222518e-08,-2.85497e-05
7.232518e-08,5.17858e-06
7.242518e-08,3.82582e-05
7.252518e-08,6.80947e-05
7.262518e-08,9.40395e-05
7.272518e-08,0.000115444
7.282518e-08,0.00013166
7.292518e-08,0.000142686
7.302518e-08,0.000149821
7.312518e-08,0.000151767
7.322518e-08,0.000150469
7.332518e-08,0.000145281
7.342518e-08,0.000136848
7.352518e-08,0.000125173
7.362518e-08,0.000110904
7.372518e-08,9.46882e-05
7.382518e-08,7.7824e-05
7.392518e-08,6.16085e-05
7.402518e-08,4.73389e-05
7.412518e-08,3.56637e-05
7.422518e-08,2.91775e-05
7.432518e-08,2.72317e-05
7.442518e-08,3.04748e-05
7.452518e-08,3.6961e-05
7.462518e-08,4.66903e-05
7.472518e-08,5.77168e-05
7.482518e-08,6.74461e-05
7.492518e-08,7.52296e-05
7.502518e-08,7.97699e-05
7.512518e-08,8.04185e-05
7.522518e-08,7.7824e-05
7.532518e-08,7.45809e-05
7.542518e-08,7.13378e-05
7.552518e-08,7.13378e-05
7.562518e-08,7.58782e-05
7.572518e-08,8.62561e-05
7.582518e-08,0.000102472
7.592518e-08,0.000125173
7.602518e-08,0.000152415
7.612518e-08,0.000181603
7.622518e-08,0.000210791
7.632518e-08,0.000237385
7.642518e-08,0.000258789
7.652518e-08,0.000273059
7.662518e-08,0.000278896
7.672518e-08,0.00027695
7.682518e-08,0.000266573
7.692518e-08,0.000249708
7.702518e-08,0.000227007
7.712518e-08,0.000200413
7.722518e-08,0.000171225
