LECROYWaveRunner‘N,20113,Waveform
Segments,1,SegmentSize,2002
Segment,TrigTime,TimeSinceSegment1
#1,28-Sep-2018 13:21:17,0                 
Time,Ampl
-1.228613e-07,6.38242e-07
-1.227613e-07,-9.73968e-06
-1.226613e-07,-1.81717e-05
-1.225613e-07,-2.20635e-05
-1.224613e-07,-2.14148e-05
-1.223613e-07,-1.55773e-05
-1.222613e-07,-3.9021e-06
-1.221613e-07,1.23134e-05
-1.220613e-07,3.30692e-05
-1.219613e-07,5.51223e-05
-1.218613e-07,7.71754e-05
-1.217613e-07,9.79313e-05
-1.216613e-07,0.000114795
-1.215613e-07,0.000127119
-1.214613e-07,0.000134903
-1.213613e-07,0.000138146
-1.212613e-07,0.000136848
-1.211613e-07,0.000133605
-1.210613e-07,0.000129065
-1.209613e-07,0.000124525
-1.208613e-07,0.000121282
-1.207613e-07,0.000119984
-1.206613e-07,0.000118687
-1.205613e-07,0.000118687
-1.204613e-07,0.000118687
-1.203613e-07,0.000116741
-1.202613e-07,0.000112201
-1.201613e-07,0.000105066
-1.200613e-07,9.46882e-05
-1.199613e-07,8.10671e-05
-1.198613e-07,6.48516e-05
-1.197613e-07,4.73389e-05
-1.196613e-07,2.85289e-05
-1.195613e-07,1.10162e-05
-1.194613e-07,-5.19934e-06
-1.193613e-07,-2.07662e-05
-1.192613e-07,-3.43872e-05
-1.191613e-07,-4.73596e-05
-1.190613e-07,-5.90348e-05
-1.189613e-07,-7.071e-05
-1.188613e-07,-8.17365e-05
-1.187613e-07,-9.27631e-05
-1.186613e-07,-0.000102492
-1.185613e-07,-0.000110276
-1.184613e-07,-0.000116113
-1.183613e-07,-0.000118059
-1.182613e-07,-0.000115465
-1.181613e-07,-0.000107681
-1.180613e-07,-9.40603e-05
-1.179613e-07,-7.52503e-05
-1.178613e-07,-5.31972e-05
-1.177613e-07,-2.98469e-05
-1.176613e-07,-5.19934e-06
-1.175613e-07,1.8151e-05
-1.174613e-07,3.76096e-05
-1.173613e-07,5.31765e-05
-1.172613e-07,6.35544e-05
-1.171613e-07,6.87434e-05
-1.170613e-07,7.06892e-05
-1.169613e-07,7.00406e-05
-1.168613e-07,6.80947e-05
-1.167613e-07,6.61489e-05
-1.166613e-07,6.48516e-05
-1.165613e-07,6.61489e-05
-1.164613e-07,6.87434e-05
-1.163613e-07,7.32837e-05
-1.162613e-07,7.7824e-05
-1.161613e-07,8.3013e-05
-1.160613e-07,8.75533e-05
-1.159613e-07,9.01478e-05
-1.158613e-07,9.07964e-05
-1.157613e-07,9.01478e-05
-1.156613e-07,8.8202e-05
-1.155613e-07,8.56075e-05
-1.154613e-07,8.10671e-05
-1.153613e-07,7.52296e-05
-1.152613e-07,6.80947e-05
-1.151613e-07,6.03113e-05
-1.150613e-07,5.0582e-05
-1.149613e-07,3.95555e-05
-1.148613e-07,2.72317e-05
-1.147613e-07,1.2962e-05
-1.146613e-07,-1.95624e-06
-1.145613e-07,-1.68745e-05
-1.144613e-07,-3.04955e-05
-1.143613e-07,-4.21707e-05
-1.142613e-07,-4.99541e-05
-1.141613e-07,-5.38459e-05
-1.140613e-07,-5.31972e-05
-1.139613e-07,-4.86569e-05
-1.138613e-07,-4.08734e-05
-1.137613e-07,-3.04955e-05
-1.136613e-07,-1.9469e-05
-1.135613e-07,-8.44244e-06
-1.134613e-07,1.28686e-06
-1.133613e-07,8.42168e-06
-1.132613e-07,1.42593e-05
-1.131613e-07,1.8151e-05
-1.130613e-07,2.13941e-05
-1.129613e-07,2.33399e-05
-1.128613e-07,2.6583e-05
-1.127613e-07,3.11234e-05
-1.126613e-07,3.82582e-05
-1.125613e-07,4.73389e-05
-1.124613e-07,5.83654e-05
-1.123613e-07,7.00406e-05
-1.122613e-07,8.10671e-05
-1.121613e-07,9.20937e-05
-1.120613e-07,0.000100526
-1.119613e-07,0.000106363
-1.118613e-07,0.000108958
-1.117613e-07,0.000108309
-1.116613e-07,0.000104417
-1.115613e-07,9.79313e-05
-1.114613e-07,8.94992e-05
-1.113613e-07,7.91213e-05
-1.112613e-07,6.87434e-05
-1.111613e-07,5.64196e-05
-1.110613e-07,4.40958e-05
-1.109613e-07,3.24206e-05
-1.108613e-07,2.07455e-05
-1.107613e-07,1.10162e-05
-1.106613e-07,3.23272e-06
-1.105613e-07,-3.25348e-06
-1.104613e-07,-7.79382e-06
-1.103613e-07,-1.16855e-05
-1.102613e-07,-1.36314e-05
-1.101613e-07,-1.428e-05
-1.100613e-07,-1.36314e-05
-1.099613e-07,-1.29828e-05
-1.098613e-07,-1.16855e-05
-1.097613e-07,-1.03883e-05
-1.096613e-07,-8.44244e-06
-1.095613e-07,-5.84796e-06
-1.094613e-07,-3.25348e-06
-1.093613e-07,-1.03779e-08
-1.092613e-07,4.52996e-06
-1.091613e-07,1.03675e-05
-1.090613e-07,1.68537e-05
-1.089613e-07,2.52858e-05
-1.088613e-07,3.43665e-05
-1.087613e-07,4.21499e-05
-1.086613e-07,4.86361e-05
-1.085613e-07,5.25279e-05
-1.084613e-07,5.31765e-05
-1.083613e-07,4.86361e-05
-1.082613e-07,4.02041e-05
-1.081613e-07,2.72317e-05
-1.080613e-07,1.03675e-05
-1.079613e-07,-1.03883e-05
-1.078613e-07,-3.309e-05
-1.077613e-07,-5.64403e-05
-1.076613e-07,-7.9142e-05
-1.075613e-07,-9.98979e-05
-1.074613e-07,-0.000118708
-1.073613e-07,-0.000134923
-1.072613e-07,-0.000147896
-1.071613e-07,-0.000158274
-1.070613e-07,-0.000167354
-1.069613e-07,-0.000173841
-1.068613e-07,-0.00017903
-1.067613e-07,-0.000182273
-1.066613e-07,-0.000184219
-1.065613e-07,-0.000184219
-1.064613e-07,-0.000182273
-1.063613e-07,-0.000177084
-1.062613e-07,-0.000169949
-1.061613e-07,-0.000158274
-1.060613e-07,-0.000144004
-1.059613e-07,-0.00012714
-1.058613e-07,-0.000107681
-1.057613e-07,-8.69255e-05
-1.056613e-07,-6.48724e-05
-1.055613e-07,-4.28193e-05
-1.054613e-07,-2.20635e-05
-1.053613e-07,-2.60486e-06
-1.052613e-07,1.62051e-05
-1.051613e-07,3.24206e-05
-1.050613e-07,4.79875e-05
-1.049613e-07,6.16085e-05
-1.048613e-07,7.39323e-05
-1.047613e-07,8.43102e-05
-1.046613e-07,9.27423e-05
-1.045613e-07,9.85799e-05
-1.044613e-07,0.000101823
-1.043613e-07,0.000101174
-1.042613e-07,9.59854e-05
-1.041613e-07,8.75533e-05
-1.040613e-07,7.58782e-05
-1.039613e-07,6.22572e-05
-1.038613e-07,4.66903e-05
-1.037613e-07,3.24206e-05
-1.036613e-07,2.00968e-05
-1.035613e-07,1.03675e-05
-1.034613e-07,3.88134e-06
-1.033613e-07,1.28686e-06
-1.032613e-07,1.28686e-06
-1.031613e-07,5.17858e-06
-1.030613e-07,9.71892e-06
-1.029613e-07,1.55565e-05
-1.028613e-07,1.94482e-05
-1.027613e-07,2.13941e-05
-1.026613e-07,2.07455e-05
-1.025613e-07,1.75024e-05
-1.024613e-07,1.2962e-05
-1.023613e-07,6.47582e-06
-1.022613e-07,-6.58998e-07
-1.021613e-07,-5.19934e-06
-1.020613e-07,-7.79382e-06
-1.019613e-07,-7.1452e-06
-1.018613e-07,-3.25348e-06
-1.017613e-07,4.52996e-06
-1.016613e-07,1.49079e-05
-1.015613e-07,2.85289e-05
-1.014613e-07,4.34472e-05
-1.013613e-07,5.90141e-05
-1.012613e-07,7.39323e-05
-1.011613e-07,8.69047e-05
-1.010613e-07,9.79313e-05
-1.009613e-07,0.000105715
-1.008613e-07,0.000109606
-1.007613e-07,0.000109606
-1.006613e-07,0.000106363
-1.005613e-07,9.92285e-05
-1.004613e-07,8.8202e-05
-1.003613e-07,7.39323e-05
-1.002613e-07,5.77168e-05
-1.001613e-07,4.21499e-05
-1.000613e-07,2.6583e-05
-9.996132e-08,1.2962e-05
-9.986132e-08,2.5841e-06
-9.976132e-08,-4.55072e-06
-9.966132e-08,-7.79382e-06
-9.956132e-08,-7.1452e-06
-9.946132e-08,-4.55072e-06
-9.936132e-08,6.38242e-07
-9.926132e-08,5.8272e-06
-9.916132e-08,1.03675e-05
-9.906132e-08,1.36106e-05
-9.896132e-08,1.49079e-05
-9.886132e-08,1.2962e-05
-9.876132e-08,8.42168e-06
-9.866132e-08,1.93548e-06
-9.856132e-08,-4.55072e-06
-9.846132e-08,-9.73968e-06
-9.836132e-08,-1.36314e-05
-9.826132e-08,-1.428e-05
-9.816132e-08,-1.03883e-05
-9.806132e-08,-3.9021e-06
-9.796132e-08,4.52996e-06
-9.786132e-08,1.49079e-05
-9.776132e-08,2.46372e-05
-9.766132e-08,3.24206e-05
-9.756132e-08,3.6961e-05
-9.746132e-08,3.6961e-05
-9.736132e-08,3.37179e-05
-9.726132e-08,2.78803e-05
-9.716132e-08,1.94482e-05
-9.706132e-08,1.10162e-05
-9.696132e-08,5.17858e-06
-9.686132e-08,3.23272e-06
-9.676132e-08,7.12444e-06
-9.666132e-08,1.8151e-05
-9.656132e-08,3.63124e-05
-9.646132e-08,5.96627e-05
-9.636132e-08,8.69047e-05
-9.626132e-08,0.000116741
-9.616132e-08,0.000146578
-9.606132e-08,0.000173171
-9.596132e-08,0.000195873
-9.586132e-08,0.000212737
-9.576132e-08,0.000222466
-9.566132e-08,0.000225709
-9.556132e-08,0.000222466
-9.546132e-08,0.000213386
-9.536132e-08,0.000201062
-9.526132e-08,0.000185495
-9.516132e-08,0.000167982
-9.506132e-08,0.000150469
-9.496132e-08,0.000133605
-9.486132e-08,0.000118687
-9.476132e-08,0.000105066
-9.466132e-08,9.27423e-05
-9.456132e-08,8.3013e-05
-9.446132e-08,7.52296e-05
-9.436132e-08,7.06892e-05
-9.426132e-08,6.87434e-05
-9.416132e-08,6.87434e-05
-9.406132e-08,7.13378e-05
-9.396132e-08,7.52296e-05
-9.386132e-08,7.97699e-05
-9.376132e-08,8.36616e-05
-9.366132e-08,8.56075e-05
-9.356132e-08,8.43102e-05
-9.346132e-08,7.97699e-05
-9.336132e-08,7.13378e-05
-9.326132e-08,5.83654e-05
-9.316132e-08,4.21499e-05
-9.306132e-08,2.26913e-05
-9.296132e-08,1.28686e-06
-9.286132e-08,-2.07662e-05
-9.276132e-08,-4.15221e-05
-9.266132e-08,-5.90348e-05
-9.256132e-08,-7.33045e-05
-9.246132e-08,-8.30338e-05
-9.236132e-08,-8.82227e-05
-9.226132e-08,-8.952e-05
-9.216132e-08,-8.62769e-05
-9.206132e-08,-7.9142e-05
-9.196132e-08,-6.94127e-05
-9.186132e-08,-5.7089e-05
-9.176132e-08,-4.28193e-05
-9.166132e-08,-2.66038e-05
-9.156132e-08,-9.09106e-06
-9.146132e-08,9.0703e-06
-9.136132e-08,2.85289e-05
-9.126132e-08,4.73389e-05
-9.116132e-08,6.61489e-05
-9.106132e-08,8.43102e-05
-9.096132e-08,9.98771e-05
-9.086132e-08,0.000113498
-9.076132e-08,0.000122579
-9.066132e-08,0.000128416
-9.056132e-08,0.000129714
-9.046132e-08,0.000126471
-9.036132e-08,0.000119336
-9.026132e-08,0.000108958
-9.016132e-08,9.6634e-05
-9.006132e-08,8.17158e-05
-8.996132e-08,6.61489e-05
-8.986132e-08,4.92848e-05
-8.976132e-08,3.24206e-05
-8.966132e-08,1.68537e-05
-8.956132e-08,2.5841e-06
-8.946132e-08,-9.73968e-06
-8.936132e-08,-1.88204e-05
-8.926132e-08,-2.46579e-05
-8.916132e-08,-2.59552e-05
-8.906132e-08,-2.27121e-05
-8.896132e-08,-1.49286e-05
-8.886132e-08,-3.25348e-06
-8.876132e-08,1.16648e-05
-8.866132e-08,2.78803e-05
-8.856132e-08,4.47444e-05
-8.846132e-08,5.96627e-05
-8.836132e-08,7.13378e-05
-8.826132e-08,7.84727e-05
-8.816132e-08,8.10671e-05
-8.806132e-08,7.91213e-05
-8.796132e-08,7.19865e-05
-8.786132e-08,6.16085e-05
-8.776132e-08,4.86361e-05
-8.766132e-08,3.50151e-05
-8.756132e-08,2.20427e-05
-8.746132e-08,1.10162e-05
-8.736132e-08,2.5841e-06
-8.726132e-08,-1.95624e-06
-8.716132e-08,-3.25348e-06
-8.706132e-08,-6.58998e-07
-8.696132e-08,6.47582e-06
-8.686132e-08,1.62051e-05
-8.676132e-08,2.85289e-05
-8.666132e-08,4.21499e-05
-8.656132e-08,5.70682e-05
-8.646132e-08,7.06892e-05
-8.636132e-08,8.3013e-05
-8.626132e-08,9.14451e-05
-8.616132e-08,9.6634e-05
-8.606132e-08,9.72826e-05
-8.596132e-08,9.33909e-05
-8.586132e-08,8.36616e-05
-8.576132e-08,7.00406e-05
-8.566132e-08,5.31765e-05
-8.556132e-08,3.50151e-05
-8.546132e-08,1.68537e-05
-8.536132e-08,6.38242e-07
-8.526132e-08,-1.29828e-05
-8.516132e-08,-2.20635e-05
-8.506132e-08,-2.66038e-05
-8.496132e-08,-2.59552e-05
-8.486132e-08,-2.27121e-05
-8.476132e-08,-1.75231e-05
-8.466132e-08,-1.16855e-05
-8.456132e-08,-7.79382e-06
-8.446132e-08,-5.84796e-06
-8.436132e-08,-8.44244e-06
-8.426132e-08,-1.49286e-05
-8.416132e-08,-2.59552e-05
-8.406132e-08,-4.02248e-05
-8.396132e-08,-5.7089e-05
-8.386132e-08,-7.52503e-05
-8.376132e-08,-9.27631e-05
-8.366132e-08,-0.00010833
-8.356132e-08,-0.0001226
-8.346132e-08,-0.000133626
-8.336132e-08,-0.000140761
-8.326132e-08,-0.000145301
-8.316132e-08,-0.000147247
-8.306132e-08,-0.00014595
-8.296132e-08,-0.00014141
-8.286132e-08,-0.000134923
-8.276132e-08,-0.000126491
-8.266132e-08,-0.000115465
-8.256132e-08,-0.000103141
-8.246132e-08,-8.88713e-05
-8.236132e-08,-7.39531e-05
-8.226132e-08,-5.83862e-05
-8.216132e-08,-4.28193e-05
-8.206132e-08,-2.85497e-05
-8.196132e-08,-1.62259e-05
-8.186132e-08,-7.1452e-06
-8.176132e-08,-1.30762e-06
-8.166132e-08,-1.03779e-08
-8.156132e-08,-3.25348e-06
-8.146132e-08,-9.73968e-06
-8.136132e-08,-1.9469e-05
-8.126132e-08,-3.04955e-05
-8.116132e-08,-4.28193e-05
-8.106132e-08,-5.44945e-05
-8.096132e-08,-6.42238e-05
-8.086132e-08,-7.33045e-05
-8.076132e-08,-7.97907e-05
-8.066132e-08,-8.4331e-05
-8.056132e-08,-8.69255e-05
-8.046132e-08,-8.82227e-05
-8.036132e-08,-8.82227e-05
-8.026132e-08,-8.69255e-05
-8.016132e-08,-8.4331e-05
-8.006132e-08,-8.04393e-05
-7.996132e-08,-7.39531e-05
-7.986132e-08,-6.42238e-05
-7.976132e-08,-5.12514e-05
-7.966132e-08,-3.50359e-05
-7.956132e-08,-1.68745e-05
-7.946132e-08,3.88134e-06
-7.936132e-08,2.52858e-05
-7.926132e-08,4.60417e-05
-7.916132e-08,6.4203e-05
-7.906132e-08,7.84727e-05
-7.896132e-08,8.75533e-05
-7.886132e-08,8.94992e-05
-7.876132e-08,8.43102e-05
-7.866132e-08,7.26351e-05
-7.856132e-08,5.51223e-05
-7.846132e-08,3.37179e-05
-7.836132e-08,8.42168e-06
-7.826132e-08,-1.68745e-05
-7.816132e-08,-4.02248e-05
-7.806132e-08,-5.96834e-05
-7.796132e-08,-7.39531e-05
-7.786132e-08,-8.10879e-05
-7.776132e-08,-8.17365e-05
-7.766132e-08,-7.52503e-05
-7.756132e-08,-6.29265e-05
-7.746132e-08,-4.6711e-05
-7.736132e-08,-2.91983e-05
-7.726132e-08,-1.10369e-05
-7.716132e-08,4.52996e-06
-7.706132e-08,1.68537e-05
-7.696132e-08,2.39886e-05
-7.686132e-08,2.6583e-05
-7.676132e-08,2.33399e-05
-7.666132e-08,1.62051e-05
-7.656132e-08,5.8272e-06
-7.646132e-08,-5.19934e-06
-7.636132e-08,-1.68745e-05
-7.626132e-08,-2.59552e-05
-7.616132e-08,-3.04955e-05
-7.606132e-08,-2.98469e-05
-7.596132e-08,-2.46579e-05
-7.586132e-08,-1.428e-05
-7.576132e-08,-1.03779e-08
-7.566132e-08,1.8151e-05
-7.556132e-08,3.76096e-05
-7.546132e-08,5.64196e-05
-7.536132e-08,7.45809e-05
-7.526132e-08,9.01478e-05
-7.516132e-08,0.00010312
-7.506132e-08,0.00011285
-7.496132e-08,0.000119984
-7.486132e-08,0.000124525
-7.476132e-08,0.000128416
-7.466132e-08,0.000132308
-7.456132e-08,0.000137497
-7.446132e-08,0.000143983
-7.436132e-08,0.000152415
-7.426132e-08,0.000161496
-7.416132e-08,0.000171225
-7.406132e-08,0.000180955
-7.396132e-08,0.000188738
-7.386132e-08,0.000194576
-7.376132e-08,0.00019717
-7.366132e-08,0.000196522
-7.356132e-08,0.000191981
-7.346132e-08,0.000184198
-7.336132e-08,0.00017382
-7.326132e-08,0.000161496
-7.316132e-08,0.000149821
-7.306132e-08,0.000138794
-7.296132e-08,0.000129714
-7.286132e-08,0.000123227
-7.276132e-08,0.000118687
-7.266132e-08,0.00011739
-7.256132e-08,0.000118038
-7.246132e-08,0.000119984
-7.236132e-08,0.00012193
-7.226132e-08,0.000122579
-7.216132e-08,0.000121282
-7.206132e-08,0.000116741
-7.196132e-08,0.000109606
-7.186132e-08,9.85799e-05
-7.176132e-08,8.36616e-05
-7.166132e-08,6.61489e-05
-7.156132e-08,4.66903e-05
-7.146132e-08,2.52858e-05
-7.136132e-08,3.23272e-06
-7.126132e-08,-1.81717e-05
-7.116132e-08,-3.95762e-05
-7.106132e-08,-5.90348e-05
-7.096132e-08,-7.65476e-05
-7.086132e-08,-9.14658e-05
-7.076132e-08,-0.000102492
-7.066132e-08,-0.000110276
-7.056132e-08,-0.000114168
-7.046132e-08,-0.000114816
-7.036132e-08,-0.000111573
-7.026132e-08,-0.000105087
-7.016132e-08,-9.53575e-05
-7.006132e-08,-8.36824e-05
-6.996132e-08,-7.071e-05
-6.986132e-08,-5.77376e-05
-6.976132e-08,-4.47652e-05
-6.966132e-08,-3.43872e-05
-6.956132e-08,-2.72524e-05
-6.946132e-08,-2.33607e-05
-6.936132e-08,-2.33607e-05
-6.926132e-08,-2.7901e-05
-6.916132e-08,-3.76303e-05
-6.906132e-08,-5.06027e-05
-6.896132e-08,-6.5521e-05
-6.886132e-08,-8.10879e-05
-6.876132e-08,-9.53575e-05
-6.866132e-08,-0.000106384
-6.856132e-08,-0.000110924
-6.846132e-08,-0.000108979
-6.836132e-08,-9.92493e-05
-6.826132e-08,-8.17365e-05
-6.816132e-08,-5.64403e-05
-6.806132e-08,-2.53066e-05
-6.796132e-08,9.71892e-06
-6.786132e-08,4.66903e-05
-6.776132e-08,8.36616e-05
-6.766132e-08,0.000116741
-6.756132e-08,0.000145281
-6.746132e-08,0.000167982
-6.736132e-08,0.000183549
-6.726132e-08,0.00019263
-6.716132e-08,0.000195873
-6.706132e-08,0.000195873
-6.696132e-08,0.000194576
-6.686132e-08,0.000193927
-6.676132e-08,0.000194576
-6.666132e-08,0.000197819
-6.656132e-08,0.000204305
-6.646132e-08,0.000212737
-6.636132e-08,0.000221818
-6.626132e-08,0.000228953
-6.616132e-08,0.000232196
-6.606132e-08,0.00023025
-6.596132e-08,0.00022052
-6.586132e-08,0.000204305
-6.576132e-08,0.000180955
-6.566132e-08,0.000151767
-6.556132e-08,0.000119984
-6.546132e-08,8.69047e-05
-6.536132e-08,5.51223e-05
-6.526132e-08,2.72317e-05
-6.516132e-08,5.17858e-06
-6.506132e-08,-1.10369e-05
-6.496132e-08,-1.9469e-05
-6.486132e-08,-2.20635e-05
-6.476132e-08,-1.88204e-05
-6.466132e-08,-1.03883e-05
-6.456132e-08,1.93548e-06
-6.446132e-08,1.75024e-05
-6.436132e-08,3.50151e-05
-6.426132e-08,5.44737e-05
-6.416132e-08,7.45809e-05
-6.406132e-08,9.53368e-05
-6.396132e-08,0.000116093
-6.386132e-08,0.000134903
-6.376132e-08,0.000151118
-6.366132e-08,0.000163442
-6.356132e-08,0.000169279
-6.346132e-08,0.000168631
-6.336132e-08,0.000161496
-6.326132e-08,0.000147875
-6.316132e-08,0.000129065
-6.306132e-08,0.000107661
-6.296132e-08,8.49589e-05
-6.286132e-08,6.48516e-05
-6.276132e-08,4.79875e-05
-6.266132e-08,3.76096e-05
-6.256132e-08,3.24206e-05
-6.246132e-08,3.30692e-05
-6.236132e-08,3.82582e-05
-6.226132e-08,4.5393e-05
-6.216132e-08,5.38251e-05
-6.206132e-08,6.03113e-05
-6.196132e-08,6.29058e-05
-6.186132e-08,6.09599e-05
-6.176132e-08,5.51223e-05
-6.166132e-08,4.60417e-05
-6.156132e-08,3.50151e-05
-6.146132e-08,2.39886e-05
-6.136132e-08,1.55565e-05
-6.126132e-08,1.10162e-05
-6.116132e-08,1.03675e-05
-6.106132e-08,1.42593e-05
-6.096132e-08,2.20427e-05
-6.086132e-08,3.1772e-05
-6.076132e-08,4.15013e-05
-6.066132e-08,4.92848e-05
-6.056132e-08,5.51223e-05
-6.046132e-08,5.70682e-05
-6.036132e-08,5.44737e-05
-6.026132e-08,4.86361e-05
-6.016132e-08,4.08527e-05
-6.006132e-08,3.30692e-05
-5.996132e-08,2.6583e-05
-5.986132e-08,2.33399e-05
-5.976132e-08,2.46372e-05
-5.966132e-08,3.04748e-05
-5.956132e-08,4.02041e-05
-5.946132e-08,5.25279e-05
-5.936132e-08,6.61489e-05
-5.926132e-08,7.84727e-05
-5.916132e-08,8.88506e-05
-5.906132e-08,9.53368e-05
-5.896132e-08,9.79313e-05
-5.886132e-08,9.46882e-05
-5.876132e-08,8.69047e-05
-5.866132e-08,7.52296e-05
-5.856132e-08,6.16085e-05
-5.846132e-08,4.60417e-05
-5.836132e-08,2.98261e-05
-5.826132e-08,1.2962e-05
-5.816132e-08,-3.25348e-06
-5.806132e-08,-1.88204e-05
-5.796132e-08,-3.43872e-05
-5.786132e-08,-4.86569e-05
-5.776132e-08,-6.16293e-05
-5.766132e-08,-7.26558e-05
-5.756132e-08,-8.04393e-05
-5.746132e-08,-8.49796e-05
-5.736132e-08,-8.4331e-05
-5.726132e-08,-7.9142e-05
-5.716132e-08,-6.87641e-05
-5.706132e-08,-5.38459e-05
-5.696132e-08,-3.56845e-05
-5.686132e-08,-1.62259e-05
-5.676132e-08,3.23272e-06
-5.666132e-08,2.13941e-05
-5.656132e-08,3.6961e-05
-5.646132e-08,4.92848e-05
-5.636132e-08,5.70682e-05
-5.626132e-08,6.29058e-05
-5.616132e-08,6.74461e-05
-5.606132e-08,7.06892e-05
-5.596132e-08,7.39323e-05
-5.586132e-08,7.84727e-05
-5.576132e-08,8.43102e-05
-5.566132e-08,9.07964e-05
-5.556132e-08,9.72826e-05
-5.546132e-08,0.00010312
-5.536132e-08,0.000107661
-5.526132e-08,0.000109606
-5.516132e-08,0.000108309
-5.506132e-08,0.000103769
-5.496132e-08,9.6634e-05
-5.486132e-08,8.69047e-05
-5.476132e-08,7.52296e-05
-5.466132e-08,6.29058e-05
-5.456132e-08,5.0582e-05
-5.446132e-08,3.76096e-05
-5.436132e-08,2.39886e-05
-5.426132e-08,1.10162e-05
-5.416132e-08,-6.58998e-07
-5.406132e-08,-1.16855e-05
-5.396132e-08,-2.14148e-05
-5.386132e-08,-2.91983e-05
-5.376132e-08,-3.24414e-05
-5.366132e-08,-3.11441e-05
-5.356132e-08,-2.46579e-05
-5.346132e-08,-1.23342e-05
-5.336132e-08,5.8272e-06
-5.326132e-08,2.98261e-05
-5.316132e-08,5.70682e-05
-5.306132e-08,8.56075e-05
-5.296132e-08,0.000113498
-5.286132e-08,0.000137497
-5.276132e-08,0.000155658
-5.266132e-08,0.000166685
-5.256132e-08,0.000171225
-5.246132e-08,0.000167982
-5.236132e-08,0.000158253
-5.226132e-08,0.000145929
-5.216132e-08,0.000132308
-5.206132e-08,0.000119984
-5.196132e-08,0.000110255
-5.186132e-08,0.000104417
-5.176132e-08,0.00010312
-5.166132e-08,0.000106363
-5.156132e-08,0.000110904
-5.146132e-08,0.000116093
-5.136132e-08,0.000120633
-5.126132e-08,0.000123227
-5.116132e-08,0.000123876
-5.106132e-08,0.00012193
-5.096132e-08,0.000118038
-5.086132e-08,0.00011285
-5.076132e-08,0.000108309
-5.066132e-08,0.000105715
-5.056132e-08,0.000105715
-5.046132e-08,0.000108309
-5.036132e-08,0.000113498
-5.026132e-08,0.000119984
-5.016132e-08,0.000126471
-5.006132e-08,0.000132308
-4.996132e-08,0.000134903
-4.986132e-08,0.000133605
-4.976132e-08,0.000127768
-4.966132e-08,0.000118038
-4.956132e-08,0.000106363
-4.946132e-08,9.33909e-05
-4.936132e-08,8.04185e-05
-4.926132e-08,6.80947e-05
-4.916132e-08,5.70682e-05
-4.906132e-08,4.79875e-05
-4.896132e-08,4.02041e-05
-4.886132e-08,3.37179e-05
-4.876132e-08,2.78803e-05
-4.866132e-08,2.07455e-05
-4.856132e-08,1.23134e-05
-4.846132e-08,2.5841e-06
-4.836132e-08,-7.1452e-06
-4.826132e-08,-1.62259e-05
-4.816132e-08,-2.33607e-05
-4.806132e-08,-2.66038e-05
-4.796132e-08,-2.59552e-05
-4.786132e-08,-2.14148e-05
-4.776132e-08,-1.29828e-05
-4.766132e-08,-1.30762e-06
-4.756132e-08,1.10162e-05
-4.746132e-08,2.20427e-05
-4.736132e-08,2.98261e-05
-4.726132e-08,3.30692e-05
-4.716132e-08,3.11234e-05
-4.706132e-08,2.39886e-05
-4.696132e-08,1.36106e-05
-4.686132e-08,6.38242e-07
-4.676132e-08,-1.29828e-05
-4.666132e-08,-2.46579e-05
-4.656132e-08,-3.309e-05
-4.646132e-08,-3.63331e-05
-4.636132e-08,-3.43872e-05
-4.626132e-08,-2.7901e-05
-4.616132e-08,-1.62259e-05
-4.606132e-08,-2.60486e-06
-4.596132e-08,1.10162e-05
-4.586132e-08,2.46372e-05
-4.576132e-08,3.56637e-05
-4.566132e-08,4.40958e-05
-4.556132e-08,4.86361e-05
-4.546132e-08,4.86361e-05
-4.536132e-08,4.47444e-05
-4.526132e-08,3.76096e-05
-4.516132e-08,2.72317e-05
-4.506132e-08,1.2962e-05
-4.496132e-08,-5.19934e-06
-4.486132e-08,-2.72524e-05
-4.476132e-08,-5.19e-05
-4.466132e-08,-7.84934e-05
-4.456132e-08,-0.000105735
-4.446132e-08,-0.000132329
-4.436132e-08,-0.000156328
-4.426132e-08,-0.000176435
-4.416132e-08,-0.000191353
-4.406132e-08,-0.000199785
-4.396132e-08,-0.00020238
-4.386132e-08,-0.000198488
-4.376132e-08,-0.000189407
-4.366132e-08,-0.000177732
-4.356132e-08,-0.00016476
-4.346132e-08,-0.000152436
-4.336132e-08,-0.000142707
-4.326132e-08,-0.000136869
-4.316132e-08,-0.000134923
-4.306132e-08,-0.000134923
-4.296132e-08,-0.000136869
-4.286132e-08,-0.000137518
-4.276132e-08,-0.000136221
-4.266132e-08,-0.000130383
-4.256132e-08,-0.000118708
-4.246132e-08,-0.000101844
-4.236132e-08,-8.04393e-05
-4.226132e-08,-5.64403e-05
-4.216132e-08,-3.11441e-05
-4.206132e-08,-7.79382e-06
-4.196132e-08,1.16648e-05
-4.186132e-08,2.46372e-05
-4.176132e-08,3.11234e-05
-4.166132e-08,3.1772e-05
-4.156132e-08,2.6583e-05
-4.146132e-08,1.8151e-05
-4.136132e-08,9.0703e-06
-4.126132e-08,6.38242e-07
-4.116132e-08,-5.19934e-06
-4.106132e-08,-7.79382e-06
-4.096132e-08,-6.49658e-06
-4.086132e-08,-2.60486e-06
-4.076132e-08,2.5841e-06
-4.066132e-08,8.42168e-06
-4.056132e-08,1.2962e-05
-4.046132e-08,1.55565e-05
-4.036132e-08,1.49079e-05
-4.026132e-08,1.03675e-05
-4.016132e-08,5.17858e-06
-4.006132e-08,-6.58998e-07
-3.996132e-08,-5.84796e-06
-3.986132e-08,-9.73968e-06
-3.976132e-08,-1.16855e-05
-3.966132e-08,-1.10369e-05
-3.956132e-08,-8.44244e-06
-3.946132e-08,-4.55072e-06
-3.936132e-08,-1.03779e-08
-3.926132e-08,5.17858e-06
-3.916132e-08,9.71892e-06
-3.906132e-08,1.36106e-05
-3.896132e-08,1.87996e-05
-3.886132e-08,2.39886e-05
-3.876132e-08,3.1772e-05
-3.866132e-08,4.15013e-05
-3.856132e-08,5.38251e-05
-3.846132e-08,6.74461e-05
-3.836132e-08,8.10671e-05
-3.826132e-08,9.27423e-05
-3.816132e-08,0.000101823
-3.806132e-08,0.000104417
-3.796132e-08,9.98771e-05
-3.786132e-08,8.8202e-05
-3.776132e-08,6.87434e-05
-3.766132e-08,4.27986e-05
-3.756132e-08,1.36106e-05
-3.746132e-08,-1.75231e-05
-3.736132e-08,-4.73596e-05
-3.726132e-08,-7.33045e-05
-3.716132e-08,-9.40603e-05
-3.706132e-08,-0.000107681
-3.696132e-08,-0.000114168
-3.686132e-08,-0.000114168
-3.676132e-08,-0.00010833
-3.666132e-08,-9.86006e-05
-3.656132e-08,-8.56282e-05
-3.646132e-08,-7.071e-05
-3.636132e-08,-5.38459e-05
-3.626132e-08,-3.43872e-05
-3.616132e-08,-1.23342e-05
-3.606132e-08,1.16648e-05
-3.596132e-08,3.76096e-05
-3.586132e-08,6.67975e-05
-3.576132e-08,9.6634e-05
-3.566132e-08,0.000125173
-3.556132e-08,0.000151118
-3.546132e-08,0.000171874
-3.536132e-08,0.000185495
-3.526132e-08,0.000190035
-3.516132e-08,0.000184198
-3.506132e-08,0.000169928
-3.496132e-08,0.000146578
-3.486132e-08,0.00011739
-3.476132e-08,8.43102e-05
-3.466132e-08,4.99334e-05
-3.456132e-08,1.8151e-05
-3.446132e-08,-1.03883e-05
-3.436132e-08,-3.50359e-05
-3.426132e-08,-5.44945e-05
-3.416132e-08,-6.94127e-05
-3.406132e-08,-8.10879e-05
-3.396132e-08,-9.08172e-05
-3.386132e-08,-9.86006e-05
-3.376132e-08,-0.000105735
-3.366132e-08,-0.000111573
-3.356132e-08,-0.000115465
-3.346132e-08,-0.000116762
-3.336132e-08,-0.000113519
-3.326132e-08,-0.000105735
-3.316132e-08,-9.34117e-05
-3.306132e-08,-7.58989e-05
-3.296132e-08,-5.57917e-05
-3.286132e-08,-3.50359e-05
-3.276132e-08,-1.49286e-05
-3.266132e-08,1.93548e-06
-3.256132e-08,1.49079e-05
-3.246132e-08,2.26913e-05
-3.236132e-08,2.6583e-05
-3.226132e-08,2.78803e-05
-3.216132e-08,2.85289e-05
-3.206132e-08,3.04748e-05
-3.196132e-08,3.63124e-05
-3.186132e-08,4.5393e-05
-3.176132e-08,5.96627e-05
-3.166132e-08,7.58782e-05
-3.156132e-08,9.20937e-05
-3.146132e-08,0.000107012
-3.136132e-08,0.00011739
-3.126132e-08,0.000121282
-3.116132e-08,0.000116093
-3.106132e-08,0.000100526
-3.096132e-08,7.71754e-05
-3.086132e-08,4.66903e-05
-3.076132e-08,1.23134e-05
-3.066132e-08,-2.33607e-05
-3.056132e-08,-5.57917e-05
-3.046132e-08,-8.4331e-05
-3.036132e-08,-0.000106384
-3.026132e-08,-0.000123248
-3.016132e-08,-0.000134923
-3.006132e-08,-0.000142058
-2.996132e-08,-0.000146599
-2.986132e-08,-0.000149842
-2.976132e-08,-0.000152436
-2.966132e-08,-0.000155031
-2.956132e-08,-0.000155679
-2.946132e-08,-0.000154382
-2.936132e-08,-0.000149193
-2.926132e-08,-0.000140112
-2.916132e-08,-0.000125843
-2.906132e-08,-0.000107681
-2.896132e-08,-8.4331e-05
-2.886132e-08,-5.90348e-05
-2.876132e-08,-3.43872e-05
-2.866132e-08,-1.29828e-05
-2.856132e-08,3.88134e-06
-2.846132e-08,1.49079e-05
-2.836132e-08,1.94482e-05
-2.826132e-08,1.87996e-05
-2.816132e-08,1.2962e-05
-2.806132e-08,4.52996e-06
-2.796132e-08,-5.84796e-06
-2.786132e-08,-1.62259e-05
-2.776132e-08,-2.53066e-05
-2.766132e-08,-3.309e-05
-2.756132e-08,-3.89276e-05
-2.746132e-08,-4.47652e-05
-2.736132e-08,-5.06027e-05
-2.726132e-08,-5.83862e-05
-2.716132e-08,-6.87641e-05
-2.706132e-08,-8.10879e-05
-2.696132e-08,-9.34117e-05
-2.686132e-08,-0.000105087
-2.676132e-08,-0.00011287
-2.666132e-08,-0.000115465
-2.656132e-08,-0.000109627
-2.646132e-08,-9.40603e-05
-2.636132e-08,-7.071e-05
-2.626132e-08,-3.95762e-05
-2.616132e-08,-3.25348e-06
-2.606132e-08,3.50151e-05
-2.596132e-08,7.13378e-05
-2.586132e-08,0.00010312
-2.576132e-08,0.000128416
-2.566132e-08,0.000145281
-2.556132e-08,0.000152415
-2.546132e-08,0.000151767
-2.536132e-08,0.000145281
-2.526132e-08,0.000133605
-2.516132e-08,0.000119984
-2.506132e-08,0.000105066
-2.496132e-08,9.01478e-05
-2.486132e-08,7.52296e-05
-2.476132e-08,6.09599e-05
-2.466132e-08,4.66903e-05
-2.456132e-08,3.24206e-05
-2.446132e-08,1.75024e-05
-2.436132e-08,2.5841e-06
-2.426132e-08,-1.03883e-05
-2.416132e-08,-1.9469e-05
-2.406132e-08,-2.33607e-05
-2.396132e-08,-2.01176e-05
-2.386132e-08,-9.09106e-06
-2.376132e-08,1.10162e-05
-2.366132e-08,3.89068e-05
-2.356132e-08,7.06892e-05
-2.346132e-08,0.000105066
-2.336132e-08,0.000136848
-2.326132e-08,0.000164091
-2.316132e-08,0.000182901
-2.306132e-08,0.000191981
-2.296132e-08,0.000190035
-2.286132e-08,0.000179009
-2.276132e-08,0.000160199
-2.266132e-08,0.000136848
-2.256132e-08,0.000111552
-2.246132e-08,8.75533e-05
-2.236132e-08,6.55003e-05
-2.226132e-08,4.66903e-05
-2.216132e-08,3.04748e-05
-2.206132e-08,1.68537e-05
-2.196132e-08,3.23272e-06
-2.186132e-08,-1.16855e-05
-2.176132e-08,-2.72524e-05
-2.166132e-08,-4.41165e-05
-2.156132e-08,-6.03321e-05
-2.146132e-08,-7.46017e-05
-2.136132e-08,-8.4331e-05
-2.126132e-08,-8.75741e-05
-2.116132e-08,-8.23851e-05
-2.106132e-08,-6.87641e-05
-2.096132e-08,-4.73596e-05
-2.086132e-08,-1.88204e-05
-2.076132e-08,1.2962e-05
-2.066132e-08,4.47444e-05
-2.056132e-08,7.45809e-05
-2.046132e-08,9.79313e-05
-2.036132e-08,0.000113498
-2.026132e-08,0.000121282
-2.016132e-08,0.000122579
-2.006132e-08,0.000118038
-1.996132e-08,0.000111552
-1.986132e-08,0.000103769
-1.976132e-08,9.79313e-05
-1.966132e-08,9.46882e-05
-1.956132e-08,9.40395e-05
-1.946132e-08,9.53368e-05
-1.936132e-08,9.72826e-05
-1.926132e-08,9.72826e-05
-1.916132e-08,9.46882e-05
-1.906132e-08,8.8202e-05
-1.896132e-08,7.84727e-05
-1.886132e-08,6.61489e-05
-1.876132e-08,5.38251e-05
-1.866132e-08,4.27986e-05
-1.856132e-08,3.56637e-05
-1.846132e-08,3.43665e-05
-1.836132e-08,3.82582e-05
-1.826132e-08,4.86361e-05
-1.816132e-08,6.29058e-05
-1.806132e-08,7.7824e-05
-1.796132e-08,9.14451e-05
-1.786132e-08,0.000100526
-1.776132e-08,0.000103769
-1.766132e-08,0.000101174
-1.756132e-08,9.20937e-05
-1.746132e-08,7.84727e-05
-1.736132e-08,6.35544e-05
-1.726132e-08,4.86361e-05
-1.716132e-08,3.6961e-05
-1.706132e-08,2.91775e-05
-1.696132e-08,2.59344e-05
-1.686132e-08,2.78803e-05
-1.676132e-08,3.1772e-05
-1.666132e-08,3.63124e-05
-1.656132e-08,3.95555e-05
-1.646132e-08,4.02041e-05
-1.636132e-08,3.63124e-05
-1.626132e-08,2.91775e-05
-1.616132e-08,1.87996e-05
-1.606132e-08,6.47582e-06
-1.596132e-08,-5.19934e-06
-1.586132e-08,-1.428e-05
-1.576132e-08,-1.9469e-05
-1.566132e-08,-2.01176e-05
-1.556132e-08,-1.68745e-05
-1.546132e-08,-1.16855e-05
-1.536132e-08,-5.84796e-06
-1.526132e-08,-6.58998e-07
-1.516132e-08,1.28686e-06
-1.506132e-08,6.38242e-07
-1.496132e-08,-3.9021e-06
-1.486132e-08,-1.03883e-05
-1.476132e-08,-1.81717e-05
-1.466132e-08,-2.46579e-05
-1.456132e-08,-2.85497e-05
-1.446132e-08,-2.72524e-05
-1.436132e-08,-2.14148e-05
-1.426132e-08,-1.03883e-05
-1.416132e-08,4.52996e-06
-1.406132e-08,2.07455e-05
-1.396132e-08,3.76096e-05
-1.386132e-08,5.18792e-05
-1.376132e-08,6.22572e-05
-1.366132e-08,6.87434e-05
-1.356132e-08,7.13378e-05
-1.346132e-08,7.06892e-05
-1.336132e-08,6.9392e-05
-1.326132e-08,6.9392e-05
-1.316132e-08,7.13378e-05
-1.306132e-08,7.65268e-05
-1.296132e-08,8.56075e-05
-1.286132e-08,9.72826e-05
-1.276132e-08,0.000110904
-1.266132e-08,0.000123876
-1.256132e-08,0.000135551
-1.246132e-08,0.000142686
-1.236132e-08,0.000144632
-1.226132e-08,0.00014074
-1.216132e-08,0.00013166
-1.206132e-08,0.000119336
-1.196132e-08,0.000105066
-1.186132e-08,9.14451e-05
-1.176132e-08,7.97699e-05
-1.166132e-08,7.19865e-05
-1.156132e-08,6.74461e-05
-1.146132e-08,6.74461e-05
-1.136132e-08,7.06892e-05
-1.126132e-08,7.58782e-05
-1.116132e-08,8.17158e-05
-1.106132e-08,8.62561e-05
-1.096132e-08,8.94992e-05
-1.086132e-08,9.07964e-05
-1.076132e-08,9.01478e-05
-1.066132e-08,8.88506e-05
-1.056132e-08,8.69047e-05
-1.046132e-08,8.43102e-05
-1.036132e-08,8.17158e-05
-1.026132e-08,7.91213e-05
-1.016132e-08,7.71754e-05
-1.006132e-08,7.39323e-05
-9.961322e-09,7.00406e-05
-9.861322e-09,6.4203e-05
-9.761322e-09,5.70682e-05
-9.661322e-09,4.99334e-05
-9.561322e-09,4.27986e-05
-9.461322e-09,3.82582e-05
-9.361322e-09,3.82582e-05
-9.261322e-09,4.34472e-05
-9.161322e-09,5.31765e-05
-9.061322e-09,6.74461e-05
-8.961322e-09,8.43102e-05
-8.861322e-09,0.000101823
-8.761322e-09,0.000116093
-8.661322e-09,0.000123876
-8.561322e-09,0.000123876
-8.461322e-09,0.000114147
-8.361322e-09,9.46882e-05
-8.261322e-09,6.87434e-05
-8.161322e-09,3.82582e-05
-8.061322e-09,6.47582e-06
-7.961322e-09,-2.20635e-05
-7.861322e-09,-4.41165e-05
-7.761322e-09,-5.77376e-05
-7.661322e-09,-6.16293e-05
-7.561322e-09,-5.7089e-05
-7.461322e-09,-4.60624e-05
-7.361322e-09,-3.24414e-05
-7.261322e-09,-1.9469e-05
-7.161322e-09,-1.03883e-05
-7.061322e-09,-6.49658e-06
-6.961322e-09,-9.73968e-06
-6.861322e-09,-1.81717e-05
-6.761322e-09,-3.04955e-05
-6.661322e-09,-4.47652e-05
-6.561322e-09,-5.7089e-05
-6.461322e-09,-6.61696e-05
-6.361322e-09,-6.94127e-05
-6.261322e-09,-6.74669e-05
-6.161322e-09,-6.09807e-05
-6.061322e-09,-5.12514e-05
-5.961322e-09,-4.02248e-05
-5.861322e-09,-3.04955e-05
-5.761322e-09,-2.46579e-05
-5.661322e-09,-2.27121e-05
-5.561322e-09,-2.59552e-05
-5.461322e-09,-3.11441e-05
-5.361322e-09,-3.63331e-05
-5.261322e-09,-3.95762e-05
-5.161322e-09,-3.76303e-05
-5.061322e-09,-2.91983e-05
-4.961322e-09,-1.428e-05
-4.861322e-09,7.12444e-06
-4.761322e-09,3.1772e-05
-4.661322e-09,5.70682e-05
-4.561322e-09,8.04185e-05
-4.461322e-09,9.85799e-05
-4.361322e-09,0.000108958
-4.261322e-09,0.000111552
-4.161322e-09,0.000107661
-4.061322e-09,9.85799e-05
-3.961322e-09,8.75533e-05
-3.861322e-09,7.71754e-05
-3.761322e-09,7.06892e-05
-3.661322e-09,7.00406e-05
-3.561322e-09,7.65268e-05
-3.461322e-09,8.75533e-05
-3.361322e-09,0.000102472
-3.261322e-09,0.000118038
-3.161322e-09,0.000129714
-3.061322e-09,0.0001362
-2.961322e-09,0.000135551
-2.861322e-09,0.000126471
-2.761322e-09,0.000109606
-2.661322e-09,8.62561e-05
-2.561322e-09,5.83654e-05
-2.461322e-09,2.78803e-05
-2.361322e-09,-3.25348e-06
-2.261322e-09,-3.37386e-05
-2.161322e-09,-6.35752e-05
-2.061322e-09,-9.34117e-05
-1.961322e-09,-0.000125194
-1.861322e-09,-0.000159571
-1.761322e-09,-0.000199785
-1.661322e-09,-0.000246486
-1.561322e-09,-0.00030097
-1.461322e-09,-0.000362589
-1.361322e-09,-0.000430694
-1.261322e-09,-0.00050334
-1.161322e-09,-0.000579877
-1.061322e-09,-0.000659657
-9.613216e-10,-0.000742032
-8.613216e-10,-0.000828947
-7.613216e-10,-0.000921051
-6.613216e-10,-0.00102159
-5.613216e-10,-0.0011312
-4.613216e-10,-0.0012525
-3.613216e-10,-0.00138611
-2.613216e-10,-0.0015314
-1.613216e-10,-0.00168642
-6.132156e-11,-0.00184663
3.867844e-11,-0.00200879
1.386784e-10,-0.00216835
2.386784e-10,-0.00232207
3.386784e-10,-0.00246671
4.386784e-10,-0.00260098
5.386784e-10,-0.00272422
6.386784e-10,-0.00283643
7.386784e-10,-0.00294021
8.386784e-10,-0.0030375
9.386784e-10,-0.0031296
1.038678e-09,-0.00321781
1.138678e-09,-0.00330149
1.238678e-09,-0.00337802
1.338678e-09,-0.00344548
1.438678e-09,-0.00350126
1.538678e-09,-0.00354472
1.638678e-09,-0.00357326
1.738678e-09,-0.00358818
1.838678e-09,-0.00358947
1.938678e-09,-0.00358039
2.038678e-09,-0.00356483
2.138678e-09,-0.00354537
2.238678e-09,-0.00352526
2.338678e-09,-0.00350775
2.438678e-09,-0.00349283
2.538678e-09,-0.00348051
2.638678e-09,-0.00346948
2.738678e-09,-0.00345716
2.838678e-09,-0.00343964
2.938678e-09,-0.00341629
3.038678e-09,-0.00338386
3.138678e-09,-0.0033443
3.238678e-09,-0.00329824
3.338678e-09,-0.0032483
3.438678e-09,-0.00319836
3.538678e-09,-0.0031523
3.638678e-09,-0.00311209
3.738678e-09,-0.00307901
3.838678e-09,-0.00305307
3.938678e-09,-0.00303361
4.038678e-09,-0.00301739
4.138678e-09,-0.00300247
4.238678e-09,-0.00298496
4.338678e-09,-0.00296096
4.438678e-09,-0.00292918
4.538678e-09,-0.00289026
4.638678e-09,-0.00284486
4.738678e-09,-0.00279427
4.838678e-09,-0.00274238
4.938678e-09,-0.00269049
5.038678e-09,-0.00264184
5.138678e-09,-0.00259579
5.238678e-09,-0.00255363
5.338678e-09,-0.00251406
5.438678e-09,-0.00247579
5.538678e-09,-0.00243688
5.638678e-09,-0.00239601
5.738678e-09,-0.00235061
5.838678e-09,-0.00230196
5.938678e-09,-0.00224943
6.038678e-09,-0.00219624
6.138678e-09,-0.00214305
6.238678e-09,-0.00209246
6.338678e-09,-0.00204576
6.438678e-09,-0.0020036
6.538678e-09,-0.00196663
6.638678e-09,-0.0019329
6.738678e-09,-0.00190176
6.838678e-09,-0.00187063
6.938678e-09,-0.00183885
7.038678e-09,-0.00180447
7.138678e-09,-0.0017675
7.238678e-09,-0.00172793
7.338678e-09,-0.00168707
7.438678e-09,-0.00164556
7.538678e-09,-0.0016047
7.638678e-09,-0.00156578
7.738678e-09,-0.00152816
7.838678e-09,-0.00149119
7.938678e-09,-0.00145422
8.038678e-09,-0.00141465
8.138678e-09,-0.00137184
8.238678e-09,-0.00132514
8.338678e-09,-0.00127455
8.438678e-09,-0.00122136
8.538678e-09,-0.00116753
8.638678e-09,-0.00111564
8.738678e-09,-0.00106764
8.838678e-09,-0.00102678
8.938678e-09,-0.000993696
9.038678e-09,-0.0009684
9.138678e-09,-0.000951536
9.238678e-09,-0.00094051
9.338678e-09,-0.000933375
9.438678e-09,-0.00092624
9.538678e-09,-0.000917159
9.638678e-09,-0.000904187
9.738678e-09,-0.000886026
9.838678e-09,-0.000863972
9.938678e-09,-0.000839973
1.003868e-08,-0.000815975
1.013868e-08,-0.000795867
1.023868e-08,-0.000781598
1.033868e-08,-0.000775111
1.043868e-08,-0.000778355
1.053868e-08,-0.000791327
1.063868e-08,-0.000810786
1.073868e-08,-0.00083673
1.083868e-08,-0.00086527
1.093868e-08,-0.00089316
1.103868e-08,-0.000919105
1.113868e-08,-0.000941807
1.123868e-08,-0.000960617
1.133868e-08,-0.000976184
1.143868e-08,-0.000989805
1.153868e-08,-0.00100343
1.163868e-08,-0.00101834
1.173868e-08,-0.00103521
1.183868e-08,-0.00105337
1.193868e-08,-0.00107348
1.203868e-08,-0.00109229
1.213868e-08,-0.00110915
1.223868e-08,-0.00112212
1.233868e-08,-0.00112991
1.243868e-08,-0.0011312
1.253868e-08,-0.00112731
1.263868e-08,-0.00111888
1.273868e-08,-0.00110785
1.283868e-08,-0.00109683
1.293868e-08,-0.00108775
1.303868e-08,-0.00108191
1.313868e-08,-0.00107996
1.323868e-08,-0.00108321
1.333868e-08,-0.00108904
1.343868e-08,-0.00109488
1.353868e-08,-0.00109877
1.363868e-08,-0.00109877
1.373868e-08,-0.00109294
1.383868e-08,-0.00108061
1.393868e-08,-0.0010618
1.403868e-08,-0.00103845
1.413868e-08,-0.00101121
1.423868e-08,-0.00098267
1.433868e-08,-0.000954779
1.443868e-08,-0.00093078
1.453868e-08,-0.000910673
1.463868e-08,-0.000894458
1.473868e-08,-0.000881485
1.483868e-08,-0.000871756
1.493868e-08,-0.000863324
1.503868e-08,-0.00085554
1.513868e-08,-0.000848406
1.523868e-08,-0.000840622
1.533868e-08,-0.000832839
1.543868e-08,-0.000824407
1.553868e-08,-0.00081792
1.563868e-08,-0.00081338
1.573868e-08,-0.000810786
1.583868e-08,-0.000810137
1.593868e-08,-0.000809488
1.603868e-08,-0.000809488
1.613868e-08,-0.00080884
1.623868e-08,-0.000805597
1.633868e-08,-0.000801056
1.643868e-08,-0.000793273
1.653868e-08,-0.000784192
1.663868e-08,-0.000773814
1.673868e-08,-0.000762788
1.683868e-08,-0.000753707
1.693868e-08,-0.000747221
1.703868e-08,-0.000743978
1.713868e-08,-0.00074268
1.723868e-08,-0.000743329
1.733868e-08,-0.000743978
1.743868e-08,-0.000742032
1.753868e-08,-0.00073814
1.763868e-08,-0.000729708
1.773868e-08,-0.000718033
1.783868e-08,-0.000701169
1.793868e-08,-0.00068171
1.803868e-08,-0.000661603
1.813868e-08,-0.000642144
1.823868e-08,-0.000623983
1.833868e-08,-0.000607767
1.843868e-08,-0.000594146
1.853868e-08,-0.000581823
1.863868e-08,-0.000570147
1.873868e-08,-0.000559121
1.883868e-08,-0.000546797
1.893868e-08,-0.000532528
1.903868e-08,-0.000516312
1.913868e-08,-0.000498151
1.923868e-08,-0.000478692
1.933868e-08,-0.000460531
1.943868e-08,-0.000443667
1.953868e-08,-0.000429397
1.963868e-08,-0.000419019
1.973868e-08,-0.000411236
1.983868e-08,-0.000404749
1.993868e-08,-0.000398912
2.003868e-08,-0.000391777
2.013868e-08,-0.000381399
2.023868e-08,-0.000365832
2.033868e-08,-0.000345076
2.043868e-08,-0.000319131
2.053868e-08,-0.000290592
2.063868e-08,-0.000260756
2.073868e-08,-0.000232865
2.083868e-08,-0.000210812
2.093868e-08,-0.000196542
2.103868e-08,-0.000191353
2.113868e-08,-0.000196542
2.123868e-08,-0.000210812
2.133868e-08,-0.000232865
2.143868e-08,-0.000257513
2.153868e-08,-0.000281512
2.163868e-08,-0.000302267
2.173868e-08,-0.000317834
2.183868e-08,-0.000325618
2.193868e-08,-0.000325618
2.203868e-08,-0.000319131
2.213868e-08,-0.000308754
2.223868e-08,-0.000295781
2.233868e-08,-0.000284755
2.243868e-08,-0.00027762
2.253868e-08,-0.000275674
2.263868e-08,-0.000278917
2.273868e-08,-0.000287349
2.283868e-08,-0.000300322
2.293868e-08,-0.000315888
2.303868e-08,-0.000332753
2.313868e-08,-0.000348319
2.323868e-08,-0.000362589
2.333868e-08,-0.000374913
2.343868e-08,-0.000385939
2.353868e-08,-0.000396317
2.363868e-08,-0.000407344
2.373868e-08,-0.000420316
2.383868e-08,-0.000435234
2.393868e-08,-0.000450801
2.403868e-08,-0.000466368
2.413868e-08,-0.000481287
2.423868e-08,-0.000492962
2.433868e-08,-0.000499448
2.443868e-08,-0.000499448
2.453868e-08,-0.00049361
2.463868e-08,-0.000481935
2.473868e-08,-0.000466368
2.483868e-08,-0.000450153
2.493868e-08,-0.000434586
2.503868e-08,-0.000422262
2.513868e-08,-0.000414479
2.523868e-08,-0.000411884
2.533868e-08,-0.000415776
2.543868e-08,-0.000424208
2.553868e-08,-0.000435234
2.563868e-08,-0.00044691
2.573868e-08,-0.000456639
2.583868e-08,-0.000463125
2.593868e-08,-0.000466368
2.603868e-08,-0.00046572
2.613868e-08,-0.000462477
2.623868e-08,-0.000457936
2.633868e-08,-0.000453396
2.643868e-08,-0.000450153
2.653868e-08,-0.000448207
2.663868e-08,-0.000447558
2.673868e-08,-0.00044691
2.683868e-08,-0.000444315
2.693868e-08,-0.000439126
2.703868e-08,-0.000428748
2.713868e-08,-0.000412533
2.723868e-08,-0.00039048
2.733868e-08,-0.000363238
2.743868e-08,-0.000332104
2.753868e-08,-0.000299673
2.763868e-08,-0.000268539
2.773868e-08,-0.000241297
2.783868e-08,-0.000218595
2.793868e-08,-0.00020238
2.803868e-08,-0.000193299
2.813868e-08,-0.000189407
2.823868e-08,-0.000188759
2.833868e-08,-0.000190705
2.843868e-08,-0.000192002
2.853868e-08,-0.000192002
2.863868e-08,-0.000189407
2.873868e-08,-0.000185516
2.883868e-08,-0.000180975
2.893868e-08,-0.000175786
2.903868e-08,-0.000171895
2.913868e-08,-0.000170597
2.923868e-08,-0.000172543
2.933868e-08,-0.000177732
2.943868e-08,-0.000185516
2.953868e-08,-0.000193299
2.963868e-08,-0.000201083
2.973868e-08,-0.000207569
2.983868e-08,-0.000210812
2.993868e-08,-0.000210812
3.003868e-08,-0.000208217
3.013868e-08,-0.000203028
3.023868e-08,-0.000195894
3.033868e-08,-0.000188759
3.043868e-08,-0.000181624
3.053868e-08,-0.000176435
3.063868e-08,-0.000171895
3.073868e-08,-0.000167354
3.083868e-08,-0.000160868
3.093868e-08,-0.000151787
3.103868e-08,-0.000138166
3.113868e-08,-0.000121302
3.123868e-08,-0.000101195
3.133868e-08,-7.84934e-05
3.143868e-08,-5.57917e-05
3.153868e-08,-3.56845e-05
3.163868e-08,-2.07662e-05
3.173868e-08,-1.36314e-05
3.183868e-08,-1.49286e-05
3.193868e-08,-2.46579e-05
3.203868e-08,-4.15221e-05
3.213868e-08,-6.35752e-05
3.223868e-08,-8.69255e-05
3.233868e-08,-0.00010833
3.243868e-08,-0.000125843
3.253868e-08,-0.000136869
3.263868e-08,-0.000138815
3.273868e-08,-0.000132978
3.283868e-08,-0.000121302
3.293868e-08,-0.000105735
3.303868e-08,-8.88713e-05
3.313868e-08,-7.46017e-05
3.323868e-08,-6.42238e-05
3.333868e-08,-6.03321e-05
3.343868e-08,-6.35752e-05
3.353868e-08,-7.39531e-05
3.363868e-08,-9.21144e-05
3.373868e-08,-0.000115465
3.383868e-08,-0.00014141
3.393868e-08,-0.000168652
3.403868e-08,-0.000195245
3.413868e-08,-0.00022119
3.423868e-08,-0.000245189
3.433868e-08,-0.000267891
3.443868e-08,-0.000289295
3.453868e-08,-0.000308105
3.463868e-08,-0.00032432
3.473868e-08,-0.000337941
3.483868e-08,-0.000348319
3.493868e-08,-0.000354806
3.503868e-08,-0.000356751
3.513868e-08,-0.000354157
3.523868e-08,-0.000347022
3.533868e-08,-0.000335996
3.543868e-08,-0.000323023
3.553868e-08,-0.000309402
3.563868e-08,-0.000299024
3.573868e-08,-0.000291241
3.583868e-08,-0.000287349
3.593868e-08,-0.000287349
3.603868e-08,-0.000290592
3.613868e-08,-0.000295781
3.623868e-08,-0.000300322
3.633868e-08,-0.000302916
3.643868e-08,-0.000301619
3.653868e-08,-0.000294484
3.663868e-08,-0.000280863
3.673868e-08,-0.000260107
3.683868e-08,-0.000236108
3.693868e-08,-0.000207569
3.703868e-08,-0.000177732
3.713868e-08,-0.000147896
3.723868e-08,-0.000121302
3.733868e-08,-9.86006e-05
3.743868e-08,-8.17365e-05
3.753868e-08,-6.94127e-05
3.763868e-08,-6.22779e-05
3.773868e-08,-5.77376e-05
3.783868e-08,-5.51431e-05
3.793868e-08,-5.25486e-05
3.803868e-08,-5.06027e-05
3.813868e-08,-4.86569e-05
3.823868e-08,-4.60624e-05
3.833868e-08,-4.28193e-05
3.843868e-08,-3.95762e-05
3.853868e-08,-3.63331e-05
3.863868e-08,-3.309e-05
3.873868e-08,-3.11441e-05
3.883868e-08,-2.98469e-05
3.893868e-08,-2.85497e-05
3.903868e-08,-2.46579e-05
3.913868e-08,-1.88204e-05
3.923868e-08,-1.03883e-05
3.933868e-08,-6.58998e-07
3.943868e-08,1.16648e-05
3.953868e-08,2.6583e-05
3.963868e-08,4.27986e-05
3.973868e-08,5.90141e-05
3.983868e-08,7.52296e-05
3.993868e-08,9.07964e-05
4.003868e-08,0.000105066
4.013868e-08,0.000116741
4.023868e-08,0.000125822
4.033868e-08,0.000132957
4.043868e-08,0.0001362
4.053868e-08,0.000136848
4.063868e-08,0.000133605
4.073868e-08,0.000125822
4.083868e-08,0.000114147
4.093868e-08,9.72826e-05
4.103868e-08,7.65268e-05
4.113868e-08,5.12306e-05
4.123868e-08,2.26913e-05
4.133868e-08,-8.44244e-06
4.143868e-08,-3.89276e-05
4.153868e-08,-6.68183e-05
4.163868e-08,-9.01686e-05
4.173868e-08,-0.000106384
4.183868e-08,-0.000115465
4.193868e-08,-0.000116762
4.203868e-08,-0.000110924
4.213868e-08,-0.000100547
4.223868e-08,-8.69255e-05
4.233868e-08,-7.33045e-05
4.243868e-08,-6.22779e-05
4.253868e-08,-5.64403e-05
4.263868e-08,-5.64403e-05
4.273868e-08,-6.35752e-05
4.283868e-08,-7.58989e-05
4.293868e-08,-9.34117e-05
4.303868e-08,-0.000112222
4.313868e-08,-0.000131032
4.323868e-08,-0.000148544
4.333868e-08,-0.000162165
4.343868e-08,-0.000171895
4.353868e-08,-0.000178381
4.363868e-08,-0.00018357
4.373868e-08,-0.000188759
4.383868e-08,-0.000195245
4.393868e-08,-0.000204326
4.403868e-08,-0.000217947
4.413868e-08,-0.000234811
4.423868e-08,-0.000255567
4.433868e-08,-0.000276971
4.443868e-08,-0.000297727
4.453868e-08,-0.00031524
4.463868e-08,-0.000328212
4.473868e-08,-0.000334698
4.483868e-08,-0.000334698
4.493868e-08,-0.000328212
4.503868e-08,-0.000315888
4.513868e-08,-0.00030097
4.523868e-08,-0.000284106
4.533868e-08,-0.000268539
4.543868e-08,-0.000253621
4.553868e-08,-0.00024
4.563868e-08,-0.000228325
4.573868e-08,-0.00021665
4.583868e-08,-0.000204974
4.593868e-08,-0.000192002
4.603868e-08,-0.000177732
4.613868e-08,-0.00016022
4.623868e-08,-0.000140112
4.633868e-08,-0.000117411
4.643868e-08,-9.40603e-05
4.653868e-08,-7.071e-05
4.663868e-08,-4.99541e-05
4.673868e-08,-3.24414e-05
4.683868e-08,-1.88204e-05
4.693868e-08,-1.03883e-05
4.703868e-08,-5.84796e-06
4.713868e-08,-4.55072e-06
4.723868e-08,-5.84796e-06
4.733868e-08,-7.1452e-06
4.743868e-08,-8.44244e-06
4.753868e-08,-8.44244e-06
4.763868e-08,-7.79382e-06
4.773868e-08,-5.84796e-06
4.783868e-08,-1.30762e-06
4.793868e-08,5.17858e-06
4.803868e-08,1.23134e-05
4.813868e-08,2.00968e-05
4.823868e-08,2.72317e-05
4.833868e-08,3.30692e-05
4.843868e-08,3.63124e-05
4.853868e-08,3.63124e-05
4.863868e-08,3.24206e-05
4.873868e-08,2.46372e-05
4.883868e-08,1.16648e-05
4.893868e-08,-6.49658e-06
4.903868e-08,-2.91983e-05
4.913868e-08,-5.64403e-05
4.923868e-08,-8.69255e-05
4.933868e-08,-0.000120005
4.943868e-08,-0.000153733
4.953868e-08,-0.000186164
4.963868e-08,-0.00021665
4.973868e-08,-0.000242594
4.983868e-08,-0.000262702
4.993868e-08,-0.000275674
5.003868e-08,-0.000280863
5.013868e-08,-0.000278917
5.023868e-08,-0.000268539
5.033868e-08,-0.000250378
5.043868e-08,-0.000227027
5.053868e-08,-0.000198488
5.063868e-08,-0.000167354
5.073868e-08,-0.000134923
5.083868e-08,-0.000102492
5.093868e-08,-7.13586e-05
5.103868e-08,-4.21707e-05
5.113868e-08,-1.49286e-05
5.123868e-08,1.03675e-05
5.133868e-08,3.30692e-05
5.143868e-08,5.31765e-05
5.153868e-08,6.9392e-05
5.163868e-08,8.17158e-05
5.173868e-08,8.88506e-05
5.183868e-08,9.07964e-05
5.193868e-08,8.62561e-05
5.203868e-08,7.45809e-05
5.213868e-08,5.64196e-05
5.223868e-08,3.1772e-05
5.233868e-08,1.93548e-06
5.243868e-08,-3.04955e-05
5.253868e-08,-6.29265e-05
5.263868e-08,-9.40603e-05
5.273868e-08,-0.000120654
5.283868e-08,-0.000140761
5.293868e-08,-0.000153085
5.303868e-08,-0.000156976
5.313868e-08,-0.000153085
5.323868e-08,-0.000142707
5.333868e-08,-0.000127789
5.343868e-08,-0.000110276
5.353868e-08,-9.40603e-05
5.363868e-08,-8.04393e-05
5.373868e-08,-7.00614e-05
5.383868e-08,-6.48724e-05
5.393868e-08,-6.42238e-05
5.403868e-08,-6.81155e-05
5.413868e-08,-7.65476e-05
5.423868e-08,-8.75741e-05
5.433868e-08,-9.92493e-05
5.443868e-08,-0.000111573
5.453868e-08,-0.000123897
5.463868e-08,-0.000134275
5.473868e-08,-0.000144004
5.483868e-08,-0.000153085
5.493868e-08,-0.00016022
5.503868e-08,-0.00016476
5.513868e-08,-0.000167354
5.523868e-08,-0.000167354
5.533868e-08,-0.00016476
5.543868e-08,-0.000157625
5.553868e-08,-0.000146599
5.563868e-08,-0.000133626
5.573868e-08,-0.000117411
5.583868e-08,-9.7952e-05
5.593868e-08,-7.71962e-05
5.603868e-08,-5.57917e-05
5.613868e-08,-3.43872e-05
5.623868e-08,-1.16855e-05
5.633868e-08,9.71892e-06
5.643868e-08,3.04748e-05
5.653868e-08,4.99334e-05
5.663868e-08,6.67975e-05
5.673868e-08,8.04185e-05
5.683868e-08,9.01478e-05
5.693868e-08,9.59854e-05
5.703868e-08,9.72826e-05
5.713868e-08,9.33909e-05
5.723868e-08,8.23644e-05
5.733868e-08,6.61489e-05
5.743868e-08,4.5393e-05
5.753868e-08,2.20427e-05
5.763868e-08,-2.60486e-06
5.773868e-08,-2.72524e-05
5.783868e-08,-4.86569e-05
5.793868e-08,-6.5521e-05
5.803868e-08,-7.71962e-05
5.813868e-08,-8.36824e-05
5.823868e-08,-8.4331e-05
5.833868e-08,-7.97907e-05
5.843868e-08,-7.20072e-05
5.853868e-08,-6.29265e-05
5.863868e-08,-5.38459e-05
5.873868e-08,-4.54138e-05
5.883868e-08,-3.89276e-05
5.893868e-08,-3.56845e-05
5.903868e-08,-3.37386e-05
5.913868e-08,-3.309e-05
5.923868e-08,-3.309e-05
5.933868e-08,-3.11441e-05
5.943868e-08,-2.66038e-05
5.953868e-08,-1.88204e-05
5.963868e-08,-7.1452e-06
5.973868e-08,6.47582e-06
5.983868e-08,2.20427e-05
5.993868e-08,3.82582e-05
6.003868e-08,5.18792e-05
6.013868e-08,6.29058e-05
6.023868e-08,6.9392e-05
6.033868e-08,7.00406e-05
6.043868e-08,6.61489e-05
6.053868e-08,5.64196e-05
6.063868e-08,4.34472e-05
6.073868e-08,2.85289e-05
6.083868e-08,1.36106e-05
6.093868e-08,-6.58998e-07
6.103868e-08,-1.10369e-05
6.113868e-08,-1.75231e-05
6.123868e-08,-2.01176e-05
6.133868e-08,-2.01176e-05
6.143868e-08,-1.81717e-05
6.153868e-08,-1.62259e-05
6.163868e-08,-1.49286e-05
6.173868e-08,-1.62259e-05
6.183868e-08,-1.9469e-05
6.193868e-08,-2.53066e-05
6.203868e-08,-3.37386e-05
6.213868e-08,-4.34679e-05
6.223868e-08,-5.38459e-05
6.233868e-08,-6.29265e-05
6.243868e-08,-7.00614e-05
6.253868e-08,-7.39531e-05
6.263868e-08,-7.52503e-05
6.273868e-08,-7.33045e-05
6.283868e-08,-6.87641e-05
6.293868e-08,-6.29265e-05
6.303868e-08,-5.57917e-05
6.313868e-08,-4.86569e-05
6.323868e-08,-4.08734e-05
6.333868e-08,-3.309e-05
6.343868e-08,-2.40093e-05
6.353868e-08,-1.29828e-05
6.363868e-08,-1.03779e-08
6.373868e-08,1.42593e-05
6.383868e-08,3.11234e-05
6.393868e-08,4.86361e-05
6.403868e-08,6.67975e-05
6.413868e-08,8.36616e-05
6.423868e-08,9.85799e-05
6.433868e-08,0.000110255
6.443868e-08,0.000116741
6.453868e-08,0.000118687
6.463868e-08,0.000116093
6.473868e-08,0.000109606
6.483868e-08,0.000100526
6.493868e-08,8.94992e-05
6.503868e-08,7.97699e-05
6.513868e-08,7.06892e-05
6.523868e-08,6.29058e-05
6.533868e-08,5.70682e-05
6.543868e-08,5.18792e-05
6.553868e-08,4.60417e-05
6.563868e-08,3.95555e-05
6.573868e-08,3.04748e-05
6.583868e-08,1.8151e-05
6.593868e-08,2.5841e-06
6.603868e-08,-1.68745e-05
6.613868e-08,-3.95762e-05
6.623868e-08,-6.48724e-05
6.633868e-08,-9.27631e-05
6.643868e-08,-0.000120654
6.653868e-08,-0.000147896
6.663868e-08,-0.000173192
6.673868e-08,-0.000197191
6.683868e-08,-0.000217947
6.693868e-08,-0.000235459
6.703868e-08,-0.000248432
6.713868e-08,-0.000257513
6.723868e-08,-0.000260756
6.733868e-08,-0.00025881
6.743868e-08,-0.000250378
6.753868e-08,-0.000236108
6.763868e-08,-0.000216001
6.773868e-08,-0.000190705
6.783868e-08,-0.000161517
6.793868e-08,-0.00013168
6.803868e-08,-0.000102492
6.813868e-08,-7.58989e-05
6.823868e-08,-5.44945e-05
6.833868e-08,-3.95762e-05
6.843868e-08,-3.24414e-05
6.853868e-08,-3.309e-05
6.863868e-08,-3.95762e-05
6.873868e-08,-4.99541e-05
6.883868e-08,-6.29265e-05
6.893868e-08,-7.58989e-05
6.903868e-08,-8.56282e-05
6.913868e-08,-9.21144e-05
6.923868e-08,-9.27631e-05
6.933868e-08,-8.88713e-05
6.943868e-08,-8.04393e-05
6.953868e-08,-6.87641e-05
6.963868e-08,-5.7089e-05
6.973868e-08,-4.73596e-05
6.983868e-08,-4.08734e-05
6.993868e-08,-3.8279e-05
7.003868e-08,-3.95762e-05
7.013868e-08,-4.34679e-05
7.023868e-08,-4.93055e-05
7.033868e-08,-5.64403e-05
7.043868e-08,-6.29265e-05
7.053868e-08,-6.81155e-05
7.063868e-08,-7.071e-05
7.073868e-08,-7.13586e-05
7.083868e-08,-7.13586e-05
7.093868e-08,-7.13586e-05
7.103868e-08,-7.26558e-05
7.113868e-08,-7.65476e-05
7.123868e-08,-8.36824e-05
7.133868e-08,-9.34117e-05
7.143868e-08,-0.000105087
7.153868e-08,-0.000117411
7.163868e-08,-0.000129086
7.173868e-08,-0.000138166
7.183868e-08,-0.000142707
7.193868e-08,-0.000142058
7.203868e-08,-0.000134923
7.213868e-08,-0.000123248
7.223868e-08,-0.00010833
7.233868e-08,-9.14658e-05
7.243868e-08,-7.52503e-05
7.253868e-08,-6.03321e-05
7.263868e-08,-4.73596e-05
7.273868e-08,-3.8279e-05
7.283868e-08,-3.37386e-05
7.293868e-08,-3.309e-05
7.303868e-08,-3.50359e-05
7.313868e-08,-3.95762e-05
7.323868e-08,-4.47652e-05
7.333868e-08,-5.12514e-05
7.343868e-08,-5.83862e-05
7.353868e-08,-6.74669e-05
7.363868e-08,-7.9142e-05
7.373868e-08,-9.27631e-05
7.383868e-08,-0.00010833
7.393868e-08,-0.000124545
7.403868e-08,-0.00014141
7.413868e-08,-0.000155679
7.423868e-08,-0.000166057
7.433868e-08,-0.000169949
7.443868e-08,-0.000166706
7.453868e-08,-0.000154382
7.463868e-08,-0.000132978
7.473868e-08,-0.000103141
7.483868e-08,-6.61696e-05
7.493868e-08,-2.53066e-05
7.503868e-08,1.75024e-05
7.513868e-08,5.96627e-05
7.523868e-08,9.79313e-05
7.533868e-08,0.00013166
7.543868e-08,0.000158902
7.553868e-08,0.00017836
7.563868e-08,0.000191333
7.573868e-08,0.00019717
7.583868e-08,0.000196522
7.593868e-08,0.000190684
7.603868e-08,0.000179657
7.613868e-08,0.000164739
7.623868e-08,0.000144632
7.633868e-08,0.000121282
7.643868e-08,9.40395e-05
7.653868e-08,6.48516e-05
7.663868e-08,3.56637e-05
7.673868e-08,7.77306e-06
7.683868e-08,-1.68745e-05
7.693868e-08,-3.56845e-05
7.703868e-08,-4.73596e-05
7.713868e-08,-4.99541e-05
7.723868e-08,-4.34679e-05
