LECROYWaveRunner‘N,20113,Waveform
Segments,1,SegmentSize,2002
Segment,TrigTime,TimeSinceSegment1
#1,28-Sep-2018 13:21:05,0                 
Time,Ampl
-1.228761e-07,0.000295112
-1.227761e-07,0.000296409
-1.226761e-07,0.000296409
-1.225761e-07,0.000293166
-1.224761e-07,0.000287977
-1.223761e-07,0.000280194
-1.222761e-07,0.000269816
-1.221761e-07,0.000257492
-1.220761e-07,0.000244519
-1.219761e-07,0.000232196
-1.218761e-07,0.00022052
-1.217761e-07,0.000210791
-1.216761e-07,0.000203656
-1.215761e-07,0.000199116
-1.214761e-07,0.00019717
-1.213761e-07,0.000195873
-1.212761e-07,0.000193927
-1.211761e-07,0.000191333
-1.210761e-07,0.000186144
-1.209761e-07,0.00017836
-1.208761e-07,0.000168631
-1.207761e-07,0.000157604
-1.206761e-07,0.000145281
-1.205761e-07,0.000132308
-1.204761e-07,0.00012193
-1.203761e-07,0.000114147
-1.202761e-07,0.000110255
-1.201761e-07,0.000109606
-1.200761e-07,0.000112201
-1.199761e-07,0.000118038
-1.198761e-07,0.000124525
-1.197761e-07,0.00013166
-1.196761e-07,0.000138146
-1.195761e-07,0.000142686
-1.194761e-07,0.000144632
-1.193761e-07,0.000143335
-1.192761e-07,0.000140092
-1.191761e-07,0.000135551
-1.190761e-07,0.000129714
-1.189761e-07,0.000123227
-1.188761e-07,0.00011739
-1.187761e-07,0.000112201
-1.186761e-07,0.000107661
-1.185761e-07,0.000103769
-1.184761e-07,9.98771e-05
-1.183761e-07,9.46882e-05
-1.182761e-07,8.88506e-05
-1.181761e-07,8.10671e-05
-1.180761e-07,7.13378e-05
-1.179761e-07,6.16085e-05
-1.178761e-07,5.0582e-05
-1.177761e-07,3.89068e-05
-1.176761e-07,2.78803e-05
-1.175761e-07,1.75024e-05
-1.174761e-07,9.71892e-06
-1.173761e-07,4.52996e-06
-1.172761e-07,2.5841e-06
-1.171761e-07,3.88134e-06
-1.170761e-07,7.77306e-06
-1.169761e-07,1.2962e-05
-1.168761e-07,1.94482e-05
-1.167761e-07,2.72317e-05
-1.166761e-07,3.43665e-05
-1.165761e-07,4.08527e-05
-1.164761e-07,4.5393e-05
-1.163761e-07,4.92848e-05
-1.162761e-07,5.25279e-05
-1.161761e-07,5.44737e-05
-1.160761e-07,5.70682e-05
-1.159761e-07,5.96627e-05
-1.158761e-07,6.35544e-05
-1.157761e-07,6.80947e-05
-1.156761e-07,7.32837e-05
-1.155761e-07,8.10671e-05
-1.154761e-07,9.01478e-05
-1.153761e-07,0.000100526
-1.152761e-07,0.00011285
-1.151761e-07,0.000125822
-1.150761e-07,0.000140092
-1.149761e-07,0.000153713
-1.148761e-07,0.000166685
-1.147761e-07,0.00017836
-1.146761e-07,0.000187441
-1.145761e-07,0.00019263
-1.144761e-07,0.000195224
-1.143761e-07,0.000195224
-1.142761e-07,0.000191333
-1.141761e-07,0.000184846
-1.140761e-07,0.000175766
-1.139761e-07,0.000164739
-1.138761e-07,0.000152415
-1.137761e-07,0.000140092
-1.136761e-07,0.000127119
-1.135761e-07,0.000114795
-1.134761e-07,0.000103769
-1.133761e-07,9.40395e-05
-1.132761e-07,8.49589e-05
-1.131761e-07,7.84727e-05
-1.130761e-07,7.52296e-05
-1.129761e-07,7.45809e-05
-1.128761e-07,7.71754e-05
-1.127761e-07,8.23644e-05
-1.126761e-07,9.01478e-05
-1.125761e-07,0.000100526
-1.124761e-07,0.000112201
-1.123761e-07,0.000125173
-1.122761e-07,0.000137497
-1.121761e-07,0.000148524
-1.120761e-07,0.000156307
-1.119761e-07,0.000160847
-1.118761e-07,0.000160847
-1.117761e-07,0.000156307
-1.116761e-07,0.000146578
-1.115761e-07,0.000132957
-1.114761e-07,0.000116741
-1.113761e-07,9.98771e-05
-1.112761e-07,8.36616e-05
-1.111761e-07,7.13378e-05
-1.110761e-07,6.4203e-05
-1.109761e-07,6.35544e-05
-1.108761e-07,7.00406e-05
-1.107761e-07,8.3013e-05
-1.106761e-07,0.000102472
-1.105761e-07,0.000126471
-1.104761e-07,0.000154361
-1.103761e-07,0.000183549
-1.102761e-07,0.000210143
-1.101761e-07,0.000233493
-1.100761e-07,0.000251006
-1.099761e-07,0.000262032
-1.098761e-07,0.000266573
-1.097761e-07,0.000263329
-1.096761e-07,0.000252951
-1.095761e-07,0.000238682
-1.094761e-07,0.000221169
-1.093761e-07,0.000203008
-1.092761e-07,0.000185495
-1.091761e-07,0.000171225
-1.090761e-07,0.000160199
-1.089761e-07,0.000153713
-1.088761e-07,0.000151118
-1.087761e-07,0.000153064
-1.086761e-07,0.000157604
-1.085761e-07,0.000164091
-1.084761e-07,0.000171874
-1.083761e-07,0.00017836
-1.082761e-07,0.000182901
-1.081761e-07,0.000184198
-1.080761e-07,0.000182901
-1.079761e-07,0.000177712
-1.078761e-07,0.000168631
-1.077761e-07,0.000156956
-1.076761e-07,0.000143335
-1.075761e-07,0.000128416
-1.074761e-07,0.000113498
-1.073761e-07,9.92285e-05
-1.072761e-07,8.69047e-05
-1.071761e-07,7.65268e-05
-1.070761e-07,7.00406e-05
-1.069761e-07,6.55003e-05
-1.068761e-07,6.29058e-05
-1.067761e-07,6.29058e-05
-1.066761e-07,6.48516e-05
-1.065761e-07,6.74461e-05
-1.064761e-07,7.13378e-05
-1.063761e-07,7.65268e-05
-1.062761e-07,8.23644e-05
-1.061761e-07,8.88506e-05
-1.060761e-07,9.59854e-05
-1.059761e-07,0.000103769
-1.058761e-07,0.000112201
-1.057761e-07,0.000119336
-1.056761e-07,0.000125173
-1.055761e-07,0.000129065
-1.054761e-07,0.000130362
-1.053761e-07,0.000127768
-1.052761e-07,0.00012193
-1.051761e-07,0.00011285
-1.050761e-07,0.000102472
-1.049761e-07,9.01478e-05
-1.048761e-07,7.71754e-05
-1.047761e-07,6.61489e-05
-1.046761e-07,5.70682e-05
-1.045761e-07,5.0582e-05
-1.044761e-07,4.73389e-05
-1.043761e-07,4.66903e-05
-1.042761e-07,4.99334e-05
-1.041761e-07,5.51223e-05
-1.040761e-07,6.16085e-05
-1.039761e-07,7.00406e-05
-1.038761e-07,7.84727e-05
-1.037761e-07,8.49589e-05
-1.036761e-07,9.07964e-05
-1.035761e-07,9.40395e-05
-1.034761e-07,9.59854e-05
-1.033761e-07,9.46882e-05
-1.032761e-07,9.14451e-05
-1.031761e-07,8.62561e-05
-1.030761e-07,7.91213e-05
-1.029761e-07,7.13378e-05
-1.028761e-07,6.29058e-05
-1.027761e-07,5.44737e-05
-1.026761e-07,4.79875e-05
-1.025761e-07,4.27986e-05
-1.024761e-07,4.08527e-05
-1.023761e-07,4.21499e-05
-1.022761e-07,4.66903e-05
-1.021761e-07,5.38251e-05
-1.020761e-07,6.29058e-05
-1.019761e-07,7.32837e-05
-1.018761e-07,8.36616e-05
-1.017761e-07,9.33909e-05
-1.016761e-07,0.000101823
-1.015761e-07,0.000108309
-1.014761e-07,0.000112201
-1.013761e-07,0.00011285
-1.012761e-07,0.000111552
-1.011761e-07,0.000108309
-1.010761e-07,0.000105715
-1.009761e-07,0.000103769
-1.008761e-07,0.000103769
-1.007761e-07,0.000106363
-1.006761e-07,0.000111552
-1.005761e-07,0.000119336
-1.004761e-07,0.000129065
-1.003761e-07,0.000140092
-1.002761e-07,0.000151767
-1.001761e-07,0.000163442
-1.000761e-07,0.00017382
-9.997613e-08,0.000182901
-9.987613e-08,0.000188738
-9.977613e-08,0.000191333
-9.967613e-08,0.000191981
-9.957613e-08,0.000189387
-9.947613e-08,0.000185495
-9.937613e-08,0.000179009
-9.927613e-08,0.000171874
-9.917613e-08,0.000166036
-9.907613e-08,0.000160199
-9.897613e-08,0.000155658
-9.887613e-08,0.000151767
-9.877613e-08,0.000148524
-9.867613e-08,0.000147226
-9.857613e-08,0.000147226
-9.847613e-08,0.000149821
-9.837613e-08,0.000154361
-9.827613e-08,0.000160847
-9.817613e-08,0.000169928
-9.807613e-08,0.000181603
-9.797613e-08,0.000196522
-9.787613e-08,0.000214034
-9.777613e-08,0.000233493
-9.767613e-08,0.000254249
-9.757613e-08,0.000275653
-9.747613e-08,0.00029576
-9.737613e-08,0.000313273
-9.727613e-08,0.000326894
-9.717613e-08,0.000336623
-9.707613e-08,0.000341812
-9.697613e-08,0.000342461
-9.687613e-08,0.000339218
-9.677613e-08,0.00033338
-9.667613e-08,0.000325597
-9.657613e-08,0.000315868
-9.647613e-08,0.00030549
-9.637613e-08,0.000295112
-9.627613e-08,0.000283437
-9.617613e-08,0.000269816
-9.607613e-08,0.000254249
-9.597613e-08,0.000236736
-9.587613e-08,0.000217277
-9.577613e-08,0.000193278
-9.567613e-08,0.000165388
-9.557613e-08,0.000135551
-9.547613e-08,0.000104417
-9.537613e-08,7.19865e-05
-9.527613e-08,4.08527e-05
-9.517613e-08,1.16648e-05
-9.507613e-08,-1.29828e-05
-9.497613e-08,-3.309e-05
-9.487613e-08,-4.80083e-05
-9.477613e-08,-5.7089e-05
-9.467613e-08,-6.03321e-05
-9.457613e-08,-5.96834e-05
-9.447613e-08,-5.44945e-05
-9.437613e-08,-4.60624e-05
-9.427613e-08,-3.69817e-05
-9.417613e-08,-2.7901e-05
-9.407613e-08,-2.07662e-05
-9.397613e-08,-1.55773e-05
-9.387613e-08,-1.428e-05
-9.377613e-08,-1.75231e-05
-9.367613e-08,-2.40093e-05
-9.357613e-08,-3.309e-05
-9.347613e-08,-4.47652e-05
-9.337613e-08,-5.7089e-05
-9.327613e-08,-7.00614e-05
-9.317613e-08,-8.23851e-05
-9.307613e-08,-9.21144e-05
-9.297613e-08,-9.98979e-05
-9.287613e-08,-0.000103141
-9.277613e-08,-0.000103141
-9.267613e-08,-9.86006e-05
-9.257613e-08,-8.952e-05
-9.247613e-08,-7.65476e-05
-9.237613e-08,-6.03321e-05
-9.227613e-08,-4.02248e-05
-9.217613e-08,-1.88204e-05
-9.207613e-08,5.8272e-06
-9.197613e-08,3.11234e-05
-9.187613e-08,5.64196e-05
-9.177613e-08,8.10671e-05
-9.167613e-08,0.000103769
-9.157613e-08,0.000123876
-9.147613e-08,0.000140092
-9.137613e-08,0.000151118
-9.127613e-08,0.000157604
-9.117613e-08,0.00015955
-9.107613e-08,0.000156307
-9.097613e-08,0.000147226
-9.087613e-08,0.000133605
-9.077613e-08,0.000115444
-9.067613e-08,9.27423e-05
-9.057613e-08,6.61489e-05
-9.047613e-08,3.6961e-05
-9.037613e-08,7.12444e-06
-9.027613e-08,-2.33607e-05
-9.017613e-08,-5.31972e-05
-9.007613e-08,-8.04393e-05
-8.997613e-08,-0.000104438
-8.987613e-08,-0.000124545
-8.977613e-08,-0.000139464
-8.967613e-08,-0.000149193
-8.957613e-08,-0.000152436
-8.947613e-08,-0.000149193
-8.937613e-08,-0.000139464
-8.927613e-08,-0.000125194
-8.917613e-08,-0.000106384
-8.907613e-08,-8.30338e-05
-8.897613e-08,-5.7089e-05
-8.887613e-08,-2.7901e-05
-8.877613e-08,3.23272e-06
-8.867613e-08,3.56637e-05
-8.857613e-08,6.87434e-05
-8.847613e-08,0.000102472
-8.837613e-08,0.000135551
-8.827613e-08,0.000168631
-8.817613e-08,0.000199765
-8.807613e-08,0.00023025
-8.797613e-08,0.000260086
-8.787613e-08,0.000287977
-8.777613e-08,0.000313273
-8.767613e-08,0.000335326
-8.757613e-08,0.000354785
-8.747613e-08,0.000370352
-8.737613e-08,0.000381378
-8.727613e-08,0.000386567
-8.717613e-08,0.000387216
-8.707613e-08,0.000382676
-8.697613e-08,0.000372298
-8.687613e-08,0.000356731
-8.677613e-08,0.000335326
-8.667613e-08,0.000308733
-8.657613e-08,0.000277599
-8.647613e-08,0.000243871
-8.637613e-08,0.000208197
-8.627613e-08,0.000171874
-8.617613e-08,0.000135551
-8.607613e-08,0.000101823
-8.597613e-08,7.06892e-05
-8.587613e-08,4.34472e-05
-8.577613e-08,1.94482e-05
-8.567613e-08,-1.03779e-08
-8.557613e-08,-1.428e-05
-8.547613e-08,-2.53066e-05
-8.537613e-08,-3.24414e-05
-8.527613e-08,-3.69817e-05
-8.517613e-08,-3.69817e-05
-8.507613e-08,-3.43872e-05
-8.497613e-08,-2.91983e-05
-8.487613e-08,-2.14148e-05
-8.477613e-08,-1.10369e-05
-8.467613e-08,1.93548e-06
-8.457613e-08,1.75024e-05
-8.447613e-08,3.43665e-05
-8.437613e-08,5.25279e-05
-8.427613e-08,7.13378e-05
-8.417613e-08,9.01478e-05
-8.407613e-08,0.000109606
-8.397613e-08,0.000128416
-8.387613e-08,0.000145929
-8.377613e-08,0.000162145
-8.367613e-08,0.000177063
-8.357613e-08,0.000190684
-8.347613e-08,0.000202359
-8.337613e-08,0.00021144
-8.327613e-08,0.000217926
-8.317613e-08,0.000221818
-8.307613e-08,0.000223115
-8.297613e-08,0.000221169
-8.287613e-08,0.000217277
-8.277613e-08,0.00021144
-8.267613e-08,0.000203656
-8.257613e-08,0.000195224
-8.247613e-08,0.000186144
-8.237613e-08,0.000177063
-8.227613e-08,0.000169279
-8.217613e-08,0.000162145
-8.207613e-08,0.000156307
-8.197613e-08,0.000152415
-8.187613e-08,0.000147875
-8.177613e-08,0.000142686
-8.167613e-08,0.000136848
-8.157613e-08,0.000128416
-8.147613e-08,0.000118038
-8.137613e-08,0.000105066
-8.127613e-08,9.07964e-05
-8.117613e-08,7.65268e-05
-8.107613e-08,6.35544e-05
-8.097613e-08,5.25279e-05
-8.087613e-08,4.5393e-05
-8.077613e-08,4.27986e-05
-8.067613e-08,4.60417e-05
-8.057613e-08,5.38251e-05
-8.047613e-08,6.61489e-05
-8.037613e-08,8.23644e-05
-8.027613e-08,0.000101823
-8.017613e-08,0.000122579
-8.007613e-08,0.000143335
-7.997613e-08,0.000163442
-7.987613e-08,0.000182252
-7.977613e-08,0.000198467
-7.967613e-08,0.000212088
-7.957613e-08,0.000221818
-7.947613e-08,0.000227007
-7.937613e-08,0.000227007
-7.927613e-08,0.00022052
-7.917613e-08,0.000207548
-7.907613e-08,0.000188738
-7.897613e-08,0.000164091
-7.887613e-08,0.000134903
-7.877613e-08,0.000102472
-7.867613e-08,6.87434e-05
-7.857613e-08,3.56637e-05
-7.847613e-08,5.8272e-06
-7.837613e-08,-1.88204e-05
-7.827613e-08,-3.69817e-05
-7.817613e-08,-4.73596e-05
-7.807613e-08,-4.86569e-05
-7.797613e-08,-4.15221e-05
-7.787613e-08,-2.53066e-05
-7.777613e-08,-3.25348e-06
-7.767613e-08,2.52858e-05
-7.757613e-08,5.83654e-05
-7.747613e-08,9.40395e-05
-7.737613e-08,0.000131011
-7.727613e-08,0.000168631
-7.717613e-08,0.000205602
-7.707613e-08,0.000240628
-7.697613e-08,0.000273059
-7.687613e-08,0.000302895
-7.677613e-08,0.000330137
-7.667613e-08,0.000353488
-7.657613e-08,0.000374243
-7.647613e-08,0.000392405
-7.637613e-08,0.000407323
-7.627613e-08,0.000420295
-7.617613e-08,0.000430025
-7.607613e-08,0.000438457
-7.597613e-08,0.000444294
-7.587613e-08,0.000446889
-7.577613e-08,0.00044624
-7.567613e-08,0.0004417
-7.557613e-08,0.000433268
-7.547613e-08,0.000420295
-7.537613e-08,0.000402783
-7.527613e-08,0.000381378
-7.517613e-08,0.000355433
-7.507613e-08,0.000327543
-7.497613e-08,0.000297058
-7.487613e-08,0.000265924
-7.477613e-08,0.000236087
-7.467613e-08,0.000206251
-7.457613e-08,0.000179009
-7.447613e-08,0.000153713
-7.437613e-08,0.000131011
-7.427613e-08,0.000110255
-7.417613e-08,9.07964e-05
-7.407613e-08,7.26351e-05
-7.397613e-08,5.51223e-05
-7.387613e-08,3.82582e-05
-7.377613e-08,2.26913e-05
-7.367613e-08,9.0703e-06
-7.357613e-08,-1.95624e-06
-7.347613e-08,-9.73968e-06
-7.337613e-08,-1.29828e-05
-7.327613e-08,-1.10369e-05
-7.317613e-08,-2.60486e-06
-7.307613e-08,1.23134e-05
-7.297613e-08,3.43665e-05
-7.287613e-08,6.16085e-05
-7.277613e-08,9.33909e-05
-7.267613e-08,0.000127119
-7.257613e-08,0.000161496
-7.247613e-08,0.000193927
-7.237613e-08,0.000223764
-7.227613e-08,0.000247763
-7.217613e-08,0.000265924
-7.207613e-08,0.000278248
-7.197613e-08,0.000284734
-7.187613e-08,0.00028668
-7.177613e-08,0.000284085
-7.167613e-08,0.000278896
-7.157613e-08,0.000271761
-7.147613e-08,0.000263329
-7.137613e-08,0.0002536
-7.127613e-08,0.000243871
-7.117613e-08,0.000232844
-7.107613e-08,0.000219872
-7.097613e-08,0.000203656
-7.087613e-08,0.000184846
-7.077613e-08,0.000163442
-7.067613e-08,0.000140092
-7.057613e-08,0.000115444
-7.047613e-08,9.14451e-05
-7.037613e-08,6.87434e-05
-7.027613e-08,4.79875e-05
-7.017613e-08,3.04748e-05
-7.007613e-08,1.68537e-05
-6.997613e-08,9.0703e-06
-6.987613e-08,4.52996e-06
-6.977613e-08,3.88134e-06
-6.967613e-08,5.17858e-06
-6.957613e-08,9.0703e-06
-6.947613e-08,1.42593e-05
-6.937613e-08,2.07455e-05
-6.927613e-08,2.78803e-05
-6.917613e-08,3.76096e-05
-6.907613e-08,4.92848e-05
-6.897613e-08,6.48516e-05
-6.887613e-08,8.36616e-05
-6.877613e-08,0.000106363
-6.867613e-08,0.000132308
-6.857613e-08,0.000158253
-6.847613e-08,0.000183549
-6.837613e-08,0.000206251
-6.827613e-08,0.000223764
-6.817613e-08,0.000235439
-6.807613e-08,0.000239979
-6.797613e-08,0.000237385
-6.787613e-08,0.000228304
-6.777613e-08,0.000214034
-6.767613e-08,0.00019717
-6.757613e-08,0.000180306
-6.747613e-08,0.000165388
-6.737613e-08,0.000153713
-6.727613e-08,0.000147226
-6.717613e-08,0.000146578
-6.707613e-08,0.000151118
-6.697613e-08,0.000160199
-6.687613e-08,0.000171225
-6.677613e-08,0.000182901
-6.667613e-08,0.000193927
-6.657613e-08,0.000203656
-6.647613e-08,0.000209494
-6.637613e-08,0.00021144
-6.627613e-08,0.00021144
-6.617613e-08,0.000208197
-6.607613e-08,0.000204305
-6.597613e-08,0.000199116
-6.587613e-08,0.000194576
-6.577613e-08,0.000190035
-6.567613e-08,0.000186144
-6.557613e-08,0.000180955
-6.547613e-08,0.000174468
-6.537613e-08,0.000166036
-6.527613e-08,0.00015501
-6.517613e-08,0.000142037
-6.507613e-08,0.000126471
-6.497613e-08,0.000108958
-6.487613e-08,8.94992e-05
-6.477613e-08,7.13378e-05
-6.467613e-08,5.44737e-05
-6.457613e-08,3.95555e-05
-6.447613e-08,2.72317e-05
-6.437613e-08,1.75024e-05
-6.427613e-08,1.10162e-05
-6.417613e-08,8.42168e-06
-6.407613e-08,8.42168e-06
-6.397613e-08,1.10162e-05
-6.387613e-08,1.55565e-05
-6.377613e-08,2.13941e-05
-6.367613e-08,2.72317e-05
-6.357613e-08,3.30692e-05
-6.347613e-08,3.82582e-05
-6.337613e-08,4.15013e-05
-6.327613e-08,4.21499e-05
-6.317613e-08,4.15013e-05
-6.307613e-08,3.89068e-05
-6.297613e-08,3.37179e-05
-6.287613e-08,2.72317e-05
-6.277613e-08,2.07455e-05
-6.267613e-08,1.42593e-05
-6.257613e-08,9.71892e-06
-6.247613e-08,7.12444e-06
-6.237613e-08,7.12444e-06
-6.227613e-08,1.03675e-05
-6.217613e-08,1.75024e-05
-6.207613e-08,2.91775e-05
-6.197613e-08,4.40958e-05
-6.187613e-08,6.29058e-05
-6.177613e-08,8.43102e-05
-6.167613e-08,0.000107012
-6.157613e-08,0.000130362
-6.147613e-08,0.000154361
-6.137613e-08,0.000176414
-6.127613e-08,0.000196522
-6.117613e-08,0.000213386
-6.107613e-08,0.000226358
-6.097613e-08,0.000234141
-6.087613e-08,0.000237385
-6.077613e-08,0.00023479
-6.067613e-08,0.000227655
-6.057613e-08,0.00021598
-6.047613e-08,0.000199116
-6.037613e-08,0.000179009
-6.027613e-08,0.000156307
-6.017613e-08,0.000132308
-6.007613e-08,0.000107661
-5.997613e-08,8.43102e-05
-5.987613e-08,6.29058e-05
-5.977613e-08,4.40958e-05
-5.967613e-08,2.85289e-05
-5.957613e-08,1.8151e-05
-5.947613e-08,1.16648e-05
-5.937613e-08,8.42168e-06
-5.927613e-08,7.12444e-06
-5.917613e-08,7.77306e-06
-5.907613e-08,9.0703e-06
-5.897613e-08,1.10162e-05
-5.887613e-08,1.36106e-05
-5.877613e-08,1.62051e-05
-5.867613e-08,1.87996e-05
-5.857613e-08,2.26913e-05
-5.847613e-08,2.78803e-05
-5.837613e-08,3.56637e-05
-5.827613e-08,4.60417e-05
-5.817613e-08,5.90141e-05
-5.807613e-08,7.45809e-05
-5.797613e-08,9.20937e-05
-5.787613e-08,0.000110255
-5.777613e-08,0.000127119
-5.767613e-08,0.00014074
-5.757613e-08,0.000151767
-5.747613e-08,0.000158902
-5.737613e-08,0.000160847
-5.727613e-08,0.000158253
-5.717613e-08,0.000153064
-5.707613e-08,0.000145281
-5.697613e-08,0.0001362
-5.687613e-08,0.000127119
-5.677613e-08,0.000119336
-5.667613e-08,0.000113498
-5.657613e-08,0.000108958
-5.647613e-08,0.000105715
-5.637613e-08,0.000102472
-5.627613e-08,9.79313e-05
-5.617613e-08,9.01478e-05
-5.607613e-08,7.7824e-05
-5.597613e-08,6.16085e-05
-5.587613e-08,4.02041e-05
-5.577613e-08,1.55565e-05
-5.567613e-08,-1.03883e-05
-5.557613e-08,-3.69817e-05
-5.547613e-08,-6.16293e-05
-5.537613e-08,-8.30338e-05
-5.527613e-08,-0.000100547
-5.517613e-08,-0.000110924
-5.507613e-08,-0.000114168
-5.497613e-08,-0.000110276
-5.487613e-08,-9.98979e-05
-5.477613e-08,-8.23851e-05
-5.467613e-08,-6.03321e-05
-5.457613e-08,-3.43872e-05
-5.447613e-08,-5.19934e-06
-5.437613e-08,2.59344e-05
-5.427613e-08,5.77168e-05
-5.417613e-08,8.75533e-05
-5.407613e-08,0.000116093
-5.397613e-08,0.000141389
-5.387613e-08,0.000162793
-5.377613e-08,0.000180306
-5.367613e-08,0.000191981
-5.357613e-08,0.000198467
-5.347613e-08,0.000199116
-5.337613e-08,0.000194576
-5.327613e-08,0.000187441
-5.317613e-08,0.00017836
-5.307613e-08,0.000168631
-5.297613e-08,0.000158253
-5.287613e-08,0.000149172
-5.277613e-08,0.000142686
-5.267613e-08,0.000138794
-5.257613e-08,0.000136848
-5.247613e-08,0.0001362
-5.237613e-08,0.000135551
-5.227613e-08,0.000132308
-5.217613e-08,0.000125173
-5.207613e-08,0.000113498
-5.197613e-08,9.72826e-05
-5.187613e-08,7.65268e-05
-5.177613e-08,5.25279e-05
-5.167613e-08,2.6583e-05
-5.157613e-08,1.93548e-06
-5.147613e-08,-2.01176e-05
-5.137613e-08,-3.63331e-05
-5.127613e-08,-4.60624e-05
-5.117613e-08,-4.93055e-05
-5.107613e-08,-4.60624e-05
-5.097613e-08,-3.69817e-05
-5.087613e-08,-2.27121e-05
-5.077613e-08,-5.19934e-06
-5.067613e-08,1.2962e-05
-5.057613e-08,3.11234e-05
-5.047613e-08,4.79875e-05
-5.037613e-08,6.29058e-05
-5.027613e-08,7.52296e-05
-5.017613e-08,8.56075e-05
-5.007613e-08,9.53368e-05
-4.997613e-08,0.000104417
-4.987613e-08,0.000112201
-4.977613e-08,0.000119336
-4.967613e-08,0.000124525
-4.957613e-08,0.000129714
-4.947613e-08,0.000132308
-4.937613e-08,0.000134254
-4.927613e-08,0.000133605
-4.917613e-08,0.000131011
-4.907613e-08,0.000127119
-4.897613e-08,0.000121282
-4.887613e-08,0.000115444
-4.877613e-08,0.000109606
-4.867613e-08,0.000104417
-4.857613e-08,0.000100526
-4.847613e-08,9.6634e-05
-4.837613e-08,9.20937e-05
-4.827613e-08,8.75533e-05
-4.817613e-08,8.10671e-05
-4.807613e-08,7.32837e-05
-4.797613e-08,6.4203e-05
-4.787613e-08,5.38251e-05
-4.777613e-08,4.34472e-05
-4.767613e-08,3.43665e-05
-4.757613e-08,2.85289e-05
-4.747613e-08,2.52858e-05
-4.737613e-08,2.59344e-05
-4.727613e-08,2.98261e-05
-4.717613e-08,3.76096e-05
-4.707613e-08,4.86361e-05
-4.697613e-08,6.29058e-05
-4.687613e-08,7.84727e-05
-4.677613e-08,9.59854e-05
-4.667613e-08,0.000113498
-4.657613e-08,0.000130362
-4.647613e-08,0.000146578
-4.637613e-08,0.000161496
-4.627613e-08,0.000175117
-4.617613e-08,0.000186144
-4.607613e-08,0.000193927
-4.597613e-08,0.000198467
-4.587613e-08,0.000199116
-4.577613e-08,0.000196522
-4.567613e-08,0.000190035
-4.557613e-08,0.000180955
-4.547613e-08,0.000167982
-4.537613e-08,0.000152415
-4.527613e-08,0.0001362
-4.517613e-08,0.000119984
-4.507613e-08,0.000104417
-4.497613e-08,8.94992e-05
-4.487613e-08,7.71754e-05
-4.477613e-08,6.74461e-05
-4.467613e-08,5.90141e-05
-4.457613e-08,5.25279e-05
-4.447613e-08,4.79875e-05
-4.437613e-08,4.40958e-05
-4.427613e-08,4.08527e-05
-4.417613e-08,3.76096e-05
-4.407613e-08,3.43665e-05
-4.397613e-08,3.37179e-05
-4.387613e-08,3.63124e-05
-4.377613e-08,4.21499e-05
-4.367613e-08,5.31765e-05
-4.357613e-08,7.13378e-05
-4.347613e-08,9.6634e-05
-4.337613e-08,0.000129065
-4.327613e-08,0.000167334
-4.317613e-08,0.000210143
-4.307613e-08,0.000255546
-4.297613e-08,0.000300301
-4.287613e-08,0.00034311
-4.277613e-08,0.000381378
-4.267613e-08,0.000414458
-4.257613e-08,0.000439105
-4.247613e-08,0.000456618
-4.237613e-08,0.000466348
-4.227613e-08,0.000468293
-4.217613e-08,0.000463104
-4.207613e-08,0.000452078
-4.197613e-08,0.000435214
-4.187613e-08,0.000414458
-4.177613e-08,0.000389162
-4.167613e-08,0.000359974
-4.157613e-08,0.000327543
-4.147613e-08,0.000293166
-4.137613e-08,0.000257492
-4.127613e-08,0.000221169
-4.117613e-08,0.000184846
-4.107613e-08,0.000149821
-4.097613e-08,0.00011739
-4.087613e-08,8.8202e-05
-4.077613e-08,6.22572e-05
-4.067613e-08,4.02041e-05
-4.057613e-08,2.07455e-05
-4.047613e-08,3.23272e-06
-4.037613e-08,-1.23342e-05
-4.027613e-08,-2.59552e-05
-4.017613e-08,-4.02248e-05
-4.007613e-08,-5.31972e-05
-3.997613e-08,-6.5521e-05
-3.987613e-08,-7.58989e-05
-3.977613e-08,-8.36824e-05
-3.967613e-08,-8.82227e-05
-3.957613e-08,-8.82227e-05
-3.947613e-08,-8.30338e-05
-3.937613e-08,-7.33045e-05
-3.927613e-08,-6.03321e-05
-3.917613e-08,-4.34679e-05
-3.907613e-08,-2.46579e-05
-3.897613e-08,-5.19934e-06
-3.887613e-08,1.55565e-05
-3.877613e-08,3.56637e-05
-3.867613e-08,5.64196e-05
-3.857613e-08,7.71754e-05
-3.847613e-08,9.79313e-05
-3.837613e-08,0.000120633
-3.827613e-08,0.000143983
-3.817613e-08,0.000167334
-3.807613e-08,0.000190035
-3.797613e-08,0.00021144
-3.787613e-08,0.000231547
-3.777613e-08,0.000247763
-3.767613e-08,0.000259438
-3.757613e-08,0.000266573
-3.747613e-08,0.000267221
-3.737613e-08,0.000262681
-3.727613e-08,0.000254249
-3.717613e-08,0.000242574
-3.707613e-08,0.00023025
-3.697613e-08,0.000217277
-3.687613e-08,0.000205602
-3.677613e-08,0.000195873
-3.667613e-08,0.000189387
-3.657613e-08,0.000185495
-3.647613e-08,0.000182252
-3.637613e-08,0.000179657
-3.627613e-08,0.000175766
-3.617613e-08,0.000170577
-3.607613e-08,0.000162793
-3.597613e-08,0.000152415
-3.587613e-08,0.000140092
-3.577613e-08,0.000126471
-3.567613e-08,0.000113498
-3.557613e-08,0.000102472
-3.547613e-08,9.46882e-05
-3.537613e-08,9.14451e-05
-3.527613e-08,9.27423e-05
-3.517613e-08,9.98771e-05
-3.507613e-08,0.000110904
-3.497613e-08,0.000126471
-3.487613e-08,0.000144632
-3.477613e-08,0.000165388
-3.467613e-08,0.000186144
-3.457613e-08,0.000206899
-3.447613e-08,0.000225061
-3.437613e-08,0.000241925
-3.427613e-08,0.000255546
-3.417613e-08,0.000266573
-3.407613e-08,0.000275005
-3.397613e-08,0.000280194
-3.387613e-08,0.000282139
-3.377613e-08,0.000280194
-3.367613e-08,0.000275005
-3.357613e-08,0.000266573
-3.347613e-08,0.000254897
-3.337613e-08,0.000239979
-3.327613e-08,0.000221818
-3.317613e-08,0.000202359
-3.307613e-08,0.000180955
-3.297613e-08,0.00015955
-3.287613e-08,0.000138794
-3.277613e-08,0.000119336
-3.267613e-08,0.000101174
-3.257613e-08,8.56075e-05
-3.247613e-08,7.26351e-05
-3.237613e-08,6.16085e-05
-3.227613e-08,5.18792e-05
-3.217613e-08,4.40958e-05
-3.207613e-08,3.63124e-05
-3.197613e-08,3.04748e-05
-3.187613e-08,2.46372e-05
-3.177613e-08,2.00968e-05
-3.167613e-08,1.55565e-05
-3.157613e-08,1.10162e-05
-3.147613e-08,7.12444e-06
-3.137613e-08,3.23272e-06
-3.127613e-08,-1.03779e-08
-3.117613e-08,-3.9021e-06
-3.107613e-08,-6.49658e-06
-3.097613e-08,-9.09106e-06
-3.087613e-08,-1.10369e-05
-3.077613e-08,-1.23342e-05
-3.067613e-08,-1.23342e-05
-3.057613e-08,-1.10369e-05
-3.047613e-08,-7.1452e-06
-3.037613e-08,-1.30762e-06
-3.027613e-08,5.8272e-06
-3.017613e-08,1.42593e-05
-3.007613e-08,2.33399e-05
-2.997613e-08,3.24206e-05
-2.987613e-08,4.21499e-05
-2.977613e-08,4.92848e-05
-2.967613e-08,5.44737e-05
-2.957613e-08,5.70682e-05
-2.947613e-08,5.64196e-05
-2.937613e-08,5.31765e-05
-2.927613e-08,4.66903e-05
-2.917613e-08,3.6961e-05
-2.907613e-08,2.59344e-05
-2.897613e-08,1.2962e-05
-2.887613e-08,6.38242e-07
-2.877613e-08,-1.10369e-05
-2.867613e-08,-2.01176e-05
-2.857613e-08,-2.66038e-05
-2.847613e-08,-2.91983e-05
-2.837613e-08,-2.72524e-05
-2.827613e-08,-2.07662e-05
-2.817613e-08,-1.03883e-05
-2.807613e-08,2.5841e-06
-2.797613e-08,1.8151e-05
-2.787613e-08,3.56637e-05
-2.777613e-08,5.38251e-05
-2.767613e-08,7.13378e-05
-2.757613e-08,8.8202e-05
-2.747613e-08,0.000104417
-2.737613e-08,0.000119336
-2.727613e-08,0.000133605
-2.717613e-08,0.000145929
-2.707613e-08,0.000156956
-2.697613e-08,0.000166685
-2.687613e-08,0.000175117
-2.677613e-08,0.000183549
-2.667613e-08,0.000189387
-2.657613e-08,0.000194576
-2.647613e-08,0.00019717
-2.637613e-08,0.000199116
-2.627613e-08,0.000199116
-2.617613e-08,0.00019717
-2.607613e-08,0.000194576
-2.597613e-08,0.000191333
-2.587613e-08,0.000188089
-2.577613e-08,0.000184846
-2.567613e-08,0.000182252
-2.557613e-08,0.000179009
-2.547613e-08,0.000176414
-2.537613e-08,0.00017382
-2.527613e-08,0.000171225
-2.517613e-08,0.000167982
-2.507613e-08,0.000164091
-2.497613e-08,0.000158902
-2.487613e-08,0.000153713
-2.477613e-08,0.000148524
-2.467613e-08,0.000143335
-2.457613e-08,0.000140092
-2.447613e-08,0.000138146
-2.437613e-08,0.000138146
-2.427613e-08,0.00014074
-2.417613e-08,0.000144632
-2.407613e-08,0.000150469
-2.397613e-08,0.000156307
-2.387613e-08,0.000161496
-2.377613e-08,0.000165388
-2.367613e-08,0.000167982
-2.357613e-08,0.000169279
-2.347613e-08,0.000168631
-2.337613e-08,0.000167334
-2.327613e-08,0.000165388
-2.317613e-08,0.000164091
-2.307613e-08,0.000164091
-2.297613e-08,0.000164739
-2.287613e-08,0.000166036
-2.277613e-08,0.000169279
-2.267613e-08,0.000170577
-2.257613e-08,0.000170577
-2.247613e-08,0.000167334
-2.237613e-08,0.000160199
-2.227613e-08,0.000149172
-2.217613e-08,0.000134903
-2.207613e-08,0.00011739
-2.197613e-08,9.85799e-05
-2.187613e-08,8.04185e-05
-2.177613e-08,6.4203e-05
-2.167613e-08,5.12306e-05
-2.157613e-08,4.40958e-05
-2.147613e-08,4.27986e-05
-2.137613e-08,4.66903e-05
-2.127613e-08,5.51223e-05
-2.117613e-08,6.61489e-05
-2.107613e-08,7.7824e-05
-2.097613e-08,8.8202e-05
-2.087613e-08,9.53368e-05
-2.077613e-08,9.72826e-05
-2.067613e-08,9.40395e-05
-2.057613e-08,8.56075e-05
-2.047613e-08,7.32837e-05
-2.037613e-08,5.83654e-05
-2.027613e-08,4.34472e-05
-2.017613e-08,2.85289e-05
-2.007613e-08,1.68537e-05
-1.997613e-08,9.0703e-06
-1.987613e-08,6.47582e-06
-1.977613e-08,7.77306e-06
-1.967613e-08,1.36106e-05
-1.957613e-08,2.33399e-05
-1.947613e-08,3.56637e-05
-1.937613e-08,5.0582e-05
-1.927613e-08,6.55003e-05
-1.917613e-08,7.91213e-05
-1.907613e-08,9.20937e-05
-1.897613e-08,0.000101823
-1.887613e-08,0.000107661
-1.877613e-08,0.000110255
-1.867613e-08,0.000107661
-1.857613e-08,0.000101823
-1.847613e-08,9.20937e-05
-1.837613e-08,7.97699e-05
-1.827613e-08,6.55003e-05
-1.817613e-08,5.0582e-05
-1.807613e-08,3.6961e-05
-1.797613e-08,2.59344e-05
-1.787613e-08,1.75024e-05
-1.777613e-08,1.23134e-05
-1.767613e-08,1.03675e-05
-1.757613e-08,1.16648e-05
-1.747613e-08,1.75024e-05
-1.737613e-08,2.52858e-05
-1.727613e-08,3.56637e-05
-1.717613e-08,4.66903e-05
-1.707613e-08,5.90141e-05
-1.697613e-08,7.00406e-05
-1.687613e-08,8.04185e-05
-1.677613e-08,8.88506e-05
-1.667613e-08,9.53368e-05
-1.657613e-08,9.85799e-05
-1.647613e-08,0.000100526
-1.637613e-08,0.000100526
-1.627613e-08,9.85799e-05
-1.617613e-08,9.59854e-05
-1.607613e-08,9.14451e-05
-1.597613e-08,8.69047e-05
-1.587613e-08,8.04185e-05
-1.577613e-08,7.26351e-05
-1.567613e-08,6.29058e-05
-1.557613e-08,5.25279e-05
-1.547613e-08,4.21499e-05
-1.537613e-08,3.24206e-05
-1.527613e-08,2.26913e-05
-1.517613e-08,1.62051e-05
-1.507613e-08,1.23134e-05
-1.497613e-08,1.2962e-05
-1.487613e-08,1.87996e-05
-1.477613e-08,2.85289e-05
-1.467613e-08,4.27986e-05
-1.457613e-08,6.03113e-05
-1.447613e-08,7.97699e-05
-1.437613e-08,0.000100526
-1.427613e-08,0.000120633
-1.417613e-08,0.000139443
-1.407613e-08,0.00015501
-1.397613e-08,0.000167982
-1.387613e-08,0.00017836
-1.377613e-08,0.000188089
-1.367613e-08,0.000196522
-1.357613e-08,0.000204954
-1.347613e-08,0.000214034
-1.337613e-08,0.000223764
-1.327613e-08,0.000234141
-1.317613e-08,0.000243222
-1.307613e-08,0.000250357
-1.297613e-08,0.0002536
-1.287613e-08,0.000250357
-1.277613e-08,0.000239979
-1.267613e-08,0.000221818
-1.257613e-08,0.000196522
-1.247613e-08,0.000165388
-1.237613e-08,0.000130362
-1.227613e-08,9.40395e-05
-1.217613e-08,5.90141e-05
-1.207613e-08,2.78803e-05
-1.197613e-08,3.23272e-06
-1.187613e-08,-1.29828e-05
-1.177613e-08,-2.07662e-05
-1.167613e-08,-2.01176e-05
-1.157613e-08,-1.23342e-05
-1.147613e-08,1.93548e-06
-1.137613e-08,2.07455e-05
-1.127613e-08,4.34472e-05
-1.117613e-08,6.74461e-05
-1.107613e-08,9.14451e-05
-1.097613e-08,0.000114147
-1.087613e-08,0.000133605
-1.077613e-08,0.000149821
-1.067613e-08,0.000163442
-1.057613e-08,0.000173171
-1.047613e-08,0.000179657
-1.037613e-08,0.000182252
-1.027613e-08,0.000182252
-1.017613e-08,0.000179009
-1.007613e-08,0.00017382
-9.976126e-09,0.000166685
-9.876126e-09,0.000158253
-9.776126e-09,0.000147875
-9.676126e-09,0.000137497
-9.576126e-09,0.000125822
-9.476126e-09,0.000114147
-9.376126e-09,0.000102472
-9.276126e-09,9.01478e-05
-9.176126e-09,7.71754e-05
-9.076126e-09,6.35544e-05
-8.976126e-09,4.99334e-05
-8.876126e-09,3.56637e-05
-8.776126e-09,2.13941e-05
-8.676126e-09,6.47582e-06
-8.576126e-09,-8.44244e-06
-8.476126e-09,-2.20635e-05
-8.376126e-09,-3.37386e-05
-8.276126e-09,-4.28193e-05
-8.176126e-09,-4.73596e-05
-8.076126e-09,-4.73596e-05
-7.976126e-09,-4.28193e-05
-7.876126e-09,-3.24414e-05
-7.776126e-09,-1.81717e-05
-7.676126e-09,6.38242e-07
-7.576126e-09,2.26913e-05
-7.476126e-09,4.73389e-05
-7.376126e-09,7.32837e-05
-7.276126e-09,9.92285e-05
-7.176126e-09,0.000125822
-7.076126e-09,0.000151767
-6.976126e-09,0.000175766
-6.876126e-09,0.000198467
-6.776126e-09,0.000218575
-6.676126e-09,0.000236736
-6.576126e-09,0.000252951
-6.476126e-09,0.000265275
-6.376126e-09,0.000274356
-6.276126e-09,0.000278896
-6.176126e-09,0.000278248
-6.076126e-09,0.000273059
-5.976126e-09,0.000264627
-5.876126e-09,0.000252951
-5.776126e-09,0.000238682
-5.676126e-09,0.000223764
-5.576126e-09,0.000208845
-5.476126e-09,0.000195224
-5.376126e-09,0.000182252
-5.276126e-09,0.000170577
-5.176126e-09,0.000158902
-5.076126e-09,0.000146578
-4.976126e-09,0.000132957
-4.876126e-09,0.000116741
-4.776126e-09,9.79313e-05
-4.676126e-09,7.65268e-05
-4.576126e-09,5.38251e-05
-4.476126e-09,3.11234e-05
-4.376126e-09,1.03675e-05
-4.276126e-09,-7.79382e-06
-4.176126e-09,-2.01176e-05
-4.076126e-09,-2.66038e-05
-3.976126e-09,-2.53066e-05
-3.876126e-09,-1.88204e-05
-3.776126e-09,-6.49658e-06
-3.676126e-09,8.42168e-06
-3.576126e-09,2.46372e-05
-3.476126e-09,4.02041e-05
-3.376126e-09,5.38251e-05
-3.276126e-09,6.4203e-05
-3.176126e-09,7.13378e-05
-3.076126e-09,7.52296e-05
-2.976126e-09,7.71754e-05
-2.876126e-09,7.65268e-05
-2.776126e-09,7.52296e-05
-2.676126e-09,7.26351e-05
-2.576126e-09,7.00406e-05
-2.476126e-09,6.61489e-05
-2.376126e-09,6.03113e-05
-2.276126e-09,5.12306e-05
-2.176126e-09,3.6961e-05
-2.076126e-09,1.68537e-05
-1.976126e-09,-1.10369e-05
-1.876126e-09,-4.6711e-05
-1.776126e-09,-9.21144e-05
-1.676126e-09,-0.000147247
-1.576126e-09,-0.000211461
-1.476126e-09,-0.000284755
-1.376126e-09,-0.000365184
-1.276126e-09,-0.000453396
-1.176126e-09,-0.000548094
-1.076126e-09,-0.000647982
-9.761256e-10,-0.000753707
-8.761256e-10,-0.000863972
-7.761256e-10,-0.000977481
-6.761256e-10,-0.00109294
-5.761256e-10,-0.00121034
-4.761256e-10,-0.00132774
-3.761256e-10,-0.00144449
-2.761256e-10,-0.00155929
-1.761256e-10,-0.00167086
-7.612563e-11,-0.00177658
2.387437e-11,-0.00187647
1.238744e-10,-0.00196922
2.238744e-10,-0.00205484
3.238744e-10,-0.00213332
4.238744e-10,-0.00220532
5.238744e-10,-0.00227083
6.238744e-10,-0.0023305
7.238744e-10,-0.00238434
8.238744e-10,-0.00243363
9.238744e-10,-0.00247774
1.023874e-09,-0.00251731
1.123874e-09,-0.00255298
1.223874e-09,-0.00258476
1.323874e-09,-0.0026146
1.423874e-09,-0.00264443
1.523874e-09,-0.00267492
1.623874e-09,-0.002708
1.723874e-09,-0.00274497
1.823874e-09,-0.00278583
1.923874e-09,-0.00282994
2.023874e-09,-0.00287859
2.123874e-09,-0.00292918
2.223874e-09,-0.00298107
2.323874e-09,-0.00303231
2.423874e-09,-0.00307901
2.523874e-09,-0.00311987
2.623874e-09,-0.0031536
2.723874e-09,-0.0031789
2.823874e-09,-0.00319576
2.923874e-09,-0.00320549
3.023874e-09,-0.00320873
3.123874e-09,-0.00320679
3.223874e-09,-0.0032016
3.323874e-09,-0.00319382
3.423874e-09,-0.00318474
3.523874e-09,-0.00317436
3.623874e-09,-0.00316268
3.723874e-09,-0.00314971
3.823874e-09,-0.00313544
3.923874e-09,-0.00311987
4.023874e-09,-0.00310236
4.123874e-09,-0.0030842
4.223874e-09,-0.00306604
4.323874e-09,-0.00304917
4.423874e-09,-0.00303426
4.523874e-09,-0.00302323
4.623874e-09,-0.00301674
4.723874e-09,-0.00301609
4.823874e-09,-0.00301934
4.923874e-09,-0.00302712
5.023874e-09,-0.0030375
5.123874e-09,-0.00304788
5.223874e-09,-0.00305566
5.323874e-09,-0.0030602
5.423874e-09,-0.00305955
5.523874e-09,-0.00305307
5.623874e-09,-0.0030388
5.723874e-09,-0.00301739
5.823874e-09,-0.00298885
5.923874e-09,-0.00295577
6.023874e-09,-0.0029175
6.123874e-09,-0.00287729
6.223874e-09,-0.00283383
6.323874e-09,-0.00278973
6.423874e-09,-0.00274302
6.523874e-09,-0.00269438
6.623874e-09,-0.00264379
6.723874e-09,-0.00259125
6.823874e-09,-0.00253482
6.923874e-09,-0.00247579
7.023874e-09,-0.00241612
7.123874e-09,-0.00235515
7.223874e-09,-0.00229548
7.323874e-09,-0.0022384
7.423874e-09,-0.00218521
7.523874e-09,-0.00213657
7.623874e-09,-0.00209246
7.723874e-09,-0.00205224
7.823874e-09,-0.00201527
7.923874e-09,-0.00198025
8.023874e-09,-0.00194522
8.123874e-09,-0.0019076
8.223874e-09,-0.00186674
8.323874e-09,-0.00182198
8.423874e-09,-0.00177334
8.523874e-09,-0.00172145
8.623874e-09,-0.00166632
8.723874e-09,-0.00160859
8.823874e-09,-0.00155021
8.923874e-09,-0.00149184
9.023874e-09,-0.00143411
9.123874e-09,-0.00137898
9.223874e-09,-0.00132384
9.323874e-09,-0.00127066
9.423874e-09,-0.00121942
9.523874e-09,-0.00117012
9.623874e-09,-0.00112277
9.723874e-09,-0.00107996
9.823874e-09,-0.00104299
9.923874e-09,-0.00101186
1.002387e-08,-0.000987859
1.012387e-08,-0.000970995
1.022387e-08,-0.000960617
1.032387e-08,-0.000956725
1.042387e-08,-0.000956725
1.052387e-08,-0.00095932
1.062387e-08,-0.000963211
1.072387e-08,-0.000967103
1.082387e-08,-0.000970346
1.092387e-08,-0.000972292
1.102387e-08,-0.000974886
1.112387e-08,-0.000976832
1.122387e-08,-0.000980075
1.132387e-08,-0.000985264
1.142387e-08,-0.000993048
1.152387e-08,-0.00100278
1.162387e-08,-0.00101316
1.172387e-08,-0.00102353
1.182387e-08,-0.00103197
1.192387e-08,-0.00103715
1.202387e-08,-0.0010378
1.212387e-08,-0.00103261
1.222387e-08,-0.00102224
1.232387e-08,-0.00100667
1.242387e-08,-0.000987859
1.252387e-08,-0.000967103
1.262387e-08,-0.000946347
1.272387e-08,-0.00092624
1.282387e-08,-0.000908079
1.292387e-08,-0.000892512
1.302387e-08,-0.000880188
1.312387e-08,-0.00086981
1.322387e-08,-0.000861378
1.332387e-08,-0.000853594
1.342387e-08,-0.000847108
1.352387e-08,-0.000840622
1.362387e-08,-0.000833487
1.372387e-08,-0.000826352
1.382387e-08,-0.000819218
1.392387e-08,-0.000812731
1.402387e-08,-0.000805597
1.412387e-08,-0.000798462
1.422387e-08,-0.00079003
1.432387e-08,-0.0007803
1.442387e-08,-0.000767328
1.452387e-08,-0.000751761
1.462387e-08,-0.000732951
1.472387e-08,-0.000710898
1.482387e-08,-0.000687548
1.492387e-08,-0.000663549
1.502387e-08,-0.000640198
1.512387e-08,-0.000620091
1.522387e-08,-0.000603227
1.532387e-08,-0.000591552
1.542387e-08,-0.000584417
1.552387e-08,-0.000581823
1.562387e-08,-0.000581174
1.572387e-08,-0.000581174
1.582387e-08,-0.000581174
1.592387e-08,-0.000577931
1.602387e-08,-0.000570147
1.612387e-08,-0.000558472
1.622387e-08,-0.000542905
1.632387e-08,-0.000526041
1.642387e-08,-0.000510474
1.652387e-08,-0.000498151
1.662387e-08,-0.000492313
1.672387e-08,-0.000494259
1.682387e-08,-0.000504637
1.692387e-08,-0.000522798
1.702387e-08,-0.000546797
1.712387e-08,-0.000575336
1.722387e-08,-0.000604524
1.732387e-08,-0.000631766
1.742387e-08,-0.000654468
1.752387e-08,-0.000670684
1.762387e-08,-0.000679764
1.772387e-08,-0.000681062
1.782387e-08,-0.000674575
1.792387e-08,-0.000662252
1.802387e-08,-0.000644739
1.812387e-08,-0.000623983
1.822387e-08,-0.000601281
1.832387e-08,-0.000577931
1.842387e-08,-0.000553932
1.852387e-08,-0.000529284
1.862387e-08,-0.000503988
1.872387e-08,-0.000478692
1.882387e-08,-0.000452747
1.892387e-08,-0.000427451
1.902387e-08,-0.000404101
1.912387e-08,-0.000382696
1.922387e-08,-0.000363238
1.932387e-08,-0.000347671
1.942387e-08,-0.000335347
1.952387e-08,-0.000326915
1.962387e-08,-0.000321077
1.972387e-08,-0.000317186
1.982387e-08,-0.000314591
1.992387e-08,-0.000311997
2.002387e-08,-0.000308754
2.012387e-08,-0.000303565
2.022387e-08,-0.000297078
2.032387e-08,-0.000287998
2.042387e-08,-0.00027762
2.052387e-08,-0.000266593
2.062387e-08,-0.000256215
2.072387e-08,-0.000247135
2.082387e-08,-0.000238703
2.092387e-08,-0.000231568
2.102387e-08,-0.000225082
2.112387e-08,-0.000218595
2.122387e-08,-0.000212758
2.132387e-08,-0.000206272
2.142387e-08,-0.000201083
2.152387e-08,-0.000195894
2.162387e-08,-0.000192002
2.172387e-08,-0.000190705
2.182387e-08,-0.000193299
2.192387e-08,-0.000199137
2.202387e-08,-0.000208866
2.212387e-08,-0.000222487
2.222387e-08,-0.000238703
2.232387e-08,-0.000256215
2.242387e-08,-0.000272431
2.252387e-08,-0.0002867
2.262387e-08,-0.00029643
2.272387e-08,-0.000301619
2.282387e-08,-0.000301619
2.292387e-08,-0.00029643
2.302387e-08,-0.000289295
2.312387e-08,-0.000280863
2.322387e-08,-0.000273079
2.332387e-08,-0.000267891
2.342387e-08,-0.000265945
2.352387e-08,-0.000267891
2.362387e-08,-0.000273728
2.372387e-08,-0.000280863
2.382387e-08,-0.000289295
2.392387e-08,-0.000297078
2.402387e-08,-0.00030097
2.412387e-08,-0.00030097
2.422387e-08,-0.000297727
2.432387e-08,-0.000289944
2.442387e-08,-0.000280214
2.452387e-08,-0.000269836
2.462387e-08,-0.000260756
2.472387e-08,-0.000254269
2.482387e-08,-0.000252324
2.492387e-08,-0.000255567
2.502387e-08,-0.000264647
2.512387e-08,-0.00027762
2.522387e-08,-0.000293835
2.532387e-08,-0.000310051
2.542387e-08,-0.000326266
2.552387e-08,-0.000339887
2.562387e-08,-0.000351563
2.572387e-08,-0.000359995
2.582387e-08,-0.000365184
2.592387e-08,-0.000368427
2.602387e-08,-0.000369075
2.612387e-08,-0.000367129
2.622387e-08,-0.000364535
2.632387e-08,-0.000359995
2.642387e-08,-0.000354806
2.652387e-08,-0.000348968
2.662387e-08,-0.00034313
2.672387e-08,-0.000336644
2.682387e-08,-0.000330807
2.692387e-08,-0.00032432
2.702387e-08,-0.000319131
2.712387e-08,-0.00031524
2.722387e-08,-0.000311997
2.732387e-08,-0.000310699
2.742387e-08,-0.000310699
2.752387e-08,-0.000311348
2.762387e-08,-0.000310051
2.772387e-08,-0.000306808
2.782387e-08,-0.000299024
2.792387e-08,-0.000287349
2.802387e-08,-0.000270485
2.812387e-08,-0.000248432
2.822387e-08,-0.000221838
2.832387e-08,-0.000190705
2.842387e-08,-0.000157625
2.852387e-08,-0.000124545
2.862387e-08,-9.27631e-05
2.872387e-08,-6.48724e-05
2.882387e-08,-4.15221e-05
2.892387e-08,-2.40093e-05
2.902387e-08,-1.23342e-05
2.912387e-08,-5.84796e-06
2.922387e-08,-2.60486e-06
2.932387e-08,-2.60486e-06
2.942387e-08,-4.55072e-06
2.952387e-08,-6.49658e-06
2.962387e-08,-9.09106e-06
2.972387e-08,-1.10369e-05
2.982387e-08,-1.23342e-05
2.992387e-08,-1.23342e-05
3.002387e-08,-1.16855e-05
3.012387e-08,-9.73968e-06
3.022387e-08,-7.79382e-06
3.032387e-08,-5.84796e-06
3.042387e-08,-4.55072e-06
3.052387e-08,-3.9021e-06
3.062387e-08,-4.55072e-06
3.072387e-08,-7.1452e-06
3.082387e-08,-9.73968e-06
3.092387e-08,-1.428e-05
3.102387e-08,-2.07662e-05
3.112387e-08,-2.91983e-05
3.122387e-08,-3.8279e-05
3.132387e-08,-4.93055e-05
3.142387e-08,-6.09807e-05
3.152387e-08,-7.20072e-05
3.162387e-08,-8.17365e-05
3.172387e-08,-8.75741e-05
3.182387e-08,-8.952e-05
3.192387e-08,-8.56282e-05
3.202387e-08,-7.52503e-05
3.212387e-08,-5.90348e-05
3.222387e-08,-3.89276e-05
3.232387e-08,-1.55773e-05
3.242387e-08,9.0703e-06
3.252387e-08,3.24206e-05
3.262387e-08,4.99334e-05
3.272387e-08,6.09599e-05
3.282387e-08,6.29058e-05
3.292387e-08,5.51223e-05
3.302387e-08,3.76096e-05
3.312387e-08,1.23134e-05
3.322387e-08,-2.01176e-05
3.332387e-08,-5.64403e-05
3.342387e-08,-9.60062e-05
3.352387e-08,-0.000135572
3.362387e-08,-0.000172543
3.372387e-08,-0.000206272
3.382387e-08,-0.000234162
3.392387e-08,-0.000256864
3.402387e-08,-0.000271134
3.412387e-08,-0.000278917
3.422387e-08,-0.000279566
3.432387e-08,-0.000274377
3.442387e-08,-0.000264647
3.452387e-08,-0.000249729
3.462387e-08,-0.000232216
3.472387e-08,-0.000213406
3.482387e-08,-0.000193948
3.492387e-08,-0.000174489
3.502387e-08,-0.000157625
3.512387e-08,-0.000142707
3.522387e-08,-0.00013168
3.532387e-08,-0.000123897
3.542387e-08,-0.000118708
3.552387e-08,-0.000114816
3.562387e-08,-0.000111573
3.572387e-08,-0.000107033
3.582387e-08,-0.000101844
3.592387e-08,-9.53575e-05
3.602387e-08,-8.62769e-05
3.612387e-08,-7.52503e-05
3.622387e-08,-6.42238e-05
3.632387e-08,-5.31972e-05
3.642387e-08,-4.41165e-05
3.652387e-08,-3.69817e-05
3.662387e-08,-3.37386e-05
3.672387e-08,-3.309e-05
3.682387e-08,-3.56845e-05
3.692387e-08,-3.95762e-05
3.702387e-08,-4.34679e-05
3.712387e-08,-4.54138e-05
3.722387e-08,-4.41165e-05
3.732387e-08,-3.89276e-05
3.742387e-08,-3.11441e-05
3.752387e-08,-2.01176e-05
3.762387e-08,-7.79382e-06
3.772387e-08,4.52996e-06
3.782387e-08,1.2962e-05
3.792387e-08,1.75024e-05
3.802387e-08,1.55565e-05
3.812387e-08,7.77306e-06
3.822387e-08,-7.79382e-06
3.832387e-08,-2.91983e-05
3.842387e-08,-5.38459e-05
3.852387e-08,-8.10879e-05
3.862387e-08,-0.000107033
3.872387e-08,-0.000130383
3.882387e-08,-0.000149193
3.892387e-08,-0.000161517
3.902387e-08,-0.000168652
3.912387e-08,-0.000170597
3.922387e-08,-0.000168652
3.932387e-08,-0.000163463
3.942387e-08,-0.000156976
3.952387e-08,-0.00015049
3.962387e-08,-0.000142707
3.972387e-08,-0.000134923
3.982387e-08,-0.00012714
3.992387e-08,-0.000118059
4.002387e-08,-0.000107033
4.012387e-08,-9.34117e-05
4.022387e-08,-7.78448e-05
4.032387e-08,-6.09807e-05
4.042387e-08,-4.34679e-05
4.052387e-08,-2.59552e-05
4.062387e-08,-1.16855e-05
4.072387e-08,-6.58998e-07
4.082387e-08,5.17858e-06
4.092387e-08,5.8272e-06
4.102387e-08,1.93548e-06
4.112387e-08,-5.84796e-06
4.122387e-08,-1.55773e-05
4.132387e-08,-2.66038e-05
4.142387e-08,-3.63331e-05
4.152387e-08,-4.41165e-05
4.162387e-08,-4.86569e-05
4.172387e-08,-4.93055e-05
4.182387e-08,-4.6711e-05
4.192387e-08,-4.21707e-05
4.202387e-08,-3.63331e-05
4.212387e-08,-2.98469e-05
4.222387e-08,-2.53066e-05
4.232387e-08,-2.27121e-05
4.242387e-08,-2.27121e-05
4.252387e-08,-2.46579e-05
4.262387e-08,-2.85497e-05
4.272387e-08,-3.24414e-05
4.282387e-08,-3.69817e-05
4.292387e-08,-3.95762e-05
4.302387e-08,-4.02248e-05
4.312387e-08,-3.95762e-05
4.322387e-08,-3.63331e-05
4.332387e-08,-3.04955e-05
4.342387e-08,-2.27121e-05
4.352387e-08,-1.428e-05
4.362387e-08,-4.55072e-06
4.372387e-08,5.17858e-06
4.382387e-08,1.55565e-05
4.392387e-08,2.6583e-05
4.402387e-08,3.76096e-05
4.412387e-08,4.79875e-05
4.422387e-08,5.77168e-05
4.432387e-08,6.55003e-05
4.442387e-08,7.00406e-05
4.452387e-08,7.13378e-05
4.462387e-08,6.80947e-05
4.472387e-08,6.03113e-05
4.482387e-08,4.73389e-05
4.492387e-08,2.98261e-05
4.502387e-08,9.0703e-06
4.512387e-08,-1.29828e-05
4.522387e-08,-3.50359e-05
4.532387e-08,-5.51431e-05
4.542387e-08,-7.13586e-05
4.552387e-08,-8.23851e-05
4.562387e-08,-8.88713e-05
4.572387e-08,-8.952e-05
4.582387e-08,-8.69255e-05
4.592387e-08,-8.30338e-05
4.602387e-08,-7.84934e-05
4.612387e-08,-7.58989e-05
4.622387e-08,-7.52503e-05
4.632387e-08,-7.78448e-05
4.642387e-08,-8.17365e-05
4.652387e-08,-8.75741e-05
4.662387e-08,-9.34117e-05
4.672387e-08,-9.73034e-05
4.682387e-08,-9.92493e-05
4.692387e-08,-9.66548e-05
4.702387e-08,-9.08172e-05
4.712387e-08,-8.10879e-05
4.722387e-08,-6.87641e-05
4.732387e-08,-5.51431e-05
4.742387e-08,-4.21707e-05
4.752387e-08,-3.04955e-05
4.762387e-08,-2.07662e-05
4.772387e-08,-1.23342e-05
4.782387e-08,-4.55072e-06
4.792387e-08,2.5841e-06
4.802387e-08,1.10162e-05
4.812387e-08,2.07455e-05
4.822387e-08,3.24206e-05
4.832387e-08,4.5393e-05
4.842387e-08,5.83654e-05
4.852387e-08,7.00406e-05
4.862387e-08,7.7824e-05
4.872387e-08,8.10671e-05
4.882387e-08,7.97699e-05
4.892387e-08,7.19865e-05
4.902387e-08,5.90141e-05
4.912387e-08,4.15013e-05
4.922387e-08,2.26913e-05
4.932387e-08,3.88134e-06
4.942387e-08,-1.10369e-05
4.952387e-08,-2.01176e-05
4.962387e-08,-2.27121e-05
4.972387e-08,-1.75231e-05
4.982387e-08,-5.84796e-06
4.992387e-08,1.10162e-05
5.002387e-08,3.24206e-05
5.012387e-08,5.64196e-05
5.022387e-08,8.04185e-05
5.032387e-08,0.000101823
5.042387e-08,0.000119984
5.052387e-08,0.000134254
5.062387e-08,0.000142686
5.072387e-08,0.000147226
5.082387e-08,0.000147875
5.092387e-08,0.000143983
5.102387e-08,0.000137497
5.112387e-08,0.000128416
5.122387e-08,0.000119336
5.132387e-08,0.000109606
5.142387e-08,0.000101174
5.152387e-08,9.40395e-05
5.162387e-08,8.88506e-05
5.172387e-08,8.75533e-05
5.182387e-08,8.88506e-05
5.192387e-08,9.53368e-05
5.202387e-08,0.000105066
5.212387e-08,0.000118038
5.222387e-08,0.000132308
5.232387e-08,0.000145929
5.242387e-08,0.000158902
5.252387e-08,0.000167334
5.262387e-08,0.000170577
5.272387e-08,0.000166685
5.282387e-08,0.000153713
5.292387e-08,0.000132957
5.302387e-08,0.00010312
5.312387e-08,6.80947e-05
5.322387e-08,2.85289e-05
5.332387e-08,-1.29828e-05
5.342387e-08,-5.44945e-05
5.352387e-08,-9.21144e-05
5.362387e-08,-0.000124545
5.372387e-08,-0.000149842
5.382387e-08,-0.000167354
5.392387e-08,-0.000177732
5.402387e-08,-0.000182273
5.412387e-08,-0.000180975
5.422387e-08,-0.000175786
5.432387e-08,-0.000168652
5.442387e-08,-0.00016022
5.452387e-08,-0.000151139
5.462387e-08,-0.000144004
5.472387e-08,-0.000138815
5.482387e-08,-0.000134275
5.492387e-08,-0.000131032
5.502387e-08,-0.000128437
5.512387e-08,-0.000125194
5.522387e-08,-0.000121302
5.532387e-08,-0.000115465
5.542387e-08,-0.000107033
5.552387e-08,-9.66548e-05
5.562387e-08,-8.36824e-05
5.572387e-08,-6.81155e-05
5.582387e-08,-5.12514e-05
5.592387e-08,-3.43872e-05
5.602387e-08,-1.81717e-05
5.612387e-08,-3.25348e-06
5.622387e-08,7.77306e-06
5.632387e-08,1.42593e-05
5.642387e-08,1.62051e-05
5.652387e-08,1.23134e-05
5.662387e-08,3.23272e-06
5.672387e-08,-9.73968e-06
5.682387e-08,-2.46579e-05
5.692387e-08,-4.08734e-05
5.702387e-08,-5.64403e-05
5.712387e-08,-7.00614e-05
5.722387e-08,-7.9142e-05
5.732387e-08,-8.36824e-05
5.742387e-08,-8.23851e-05
5.752387e-08,-7.46017e-05
5.762387e-08,-6.22779e-05
5.772387e-08,-4.47652e-05
5.782387e-08,-2.40093e-05
5.792387e-08,-2.60486e-06
5.802387e-08,1.94482e-05
5.812387e-08,4.08527e-05
5.822387e-08,5.90141e-05
5.832387e-08,7.39323e-05
5.842387e-08,8.43102e-05
5.852387e-08,9.01478e-05
5.862387e-08,9.14451e-05
5.872387e-08,8.88506e-05
5.882387e-08,8.3013e-05
5.892387e-08,7.45809e-05
5.902387e-08,6.4203e-05
5.912387e-08,5.25279e-05
5.922387e-08,4.15013e-05
5.932387e-08,3.1772e-05
5.942387e-08,2.46372e-05
5.952387e-08,1.94482e-05
5.962387e-08,1.68537e-05
5.972387e-08,1.55565e-05
5.982387e-08,1.55565e-05
5.992387e-08,1.55565e-05
6.002387e-08,1.68537e-05
6.012387e-08,1.87996e-05
6.022387e-08,2.07455e-05
6.032387e-08,2.26913e-05
6.042387e-08,2.6583e-05
6.052387e-08,3.1772e-05
6.062387e-08,3.76096e-05
6.072387e-08,4.5393e-05
6.082387e-08,5.25279e-05
6.092387e-08,5.96627e-05
6.102387e-08,6.48516e-05
6.112387e-08,6.67975e-05
6.122387e-08,6.55003e-05
6.132387e-08,5.83654e-05
6.142387e-08,4.60417e-05
6.152387e-08,2.85289e-05
6.162387e-08,7.12444e-06
6.172387e-08,-1.49286e-05
6.182387e-08,-3.76303e-05
6.192387e-08,-5.77376e-05
6.202387e-08,-7.26558e-05
6.212387e-08,-8.23851e-05
6.222387e-08,-8.56282e-05
6.232387e-08,-8.17365e-05
6.242387e-08,-7.071e-05
6.252387e-08,-5.25486e-05
6.262387e-08,-2.98469e-05
6.272387e-08,-4.55072e-06
6.282387e-08,2.20427e-05
6.292387e-08,4.66903e-05
6.302387e-08,6.87434e-05
6.312387e-08,8.62561e-05
6.322387e-08,9.79313e-05
6.332387e-08,0.00010312
6.342387e-08,0.000101823
6.352387e-08,9.40395e-05
6.362387e-08,8.23644e-05
6.372387e-08,6.61489e-05
6.382387e-08,4.79875e-05
6.392387e-08,2.91775e-05
6.402387e-08,1.23134e-05
6.412387e-08,-1.30762e-06
6.422387e-08,-1.16855e-05
6.432387e-08,-1.75231e-05
6.442387e-08,-1.81717e-05
6.452387e-08,-1.49286e-05
6.462387e-08,-7.79382e-06
6.472387e-08,1.93548e-06
6.482387e-08,1.36106e-05
6.492387e-08,2.6583e-05
6.502387e-08,3.89068e-05
6.512387e-08,4.99334e-05
6.522387e-08,5.90141e-05
6.532387e-08,6.67975e-05
6.542387e-08,7.19865e-05
6.552387e-08,7.65268e-05
6.562387e-08,7.91213e-05
6.572387e-08,8.10671e-05
6.582387e-08,8.23644e-05
6.592387e-08,8.3013e-05
6.602387e-08,8.3013e-05
6.612387e-08,8.17158e-05
6.622387e-08,8.04185e-05
6.632387e-08,7.7824e-05
6.642387e-08,7.39323e-05
6.652387e-08,6.87434e-05
6.662387e-08,6.22572e-05
6.672387e-08,5.44737e-05
6.682387e-08,4.60417e-05
6.692387e-08,3.76096e-05
6.702387e-08,2.98261e-05
6.712387e-08,2.33399e-05
6.722387e-08,1.94482e-05
6.732387e-08,1.75024e-05
6.742387e-08,1.75024e-05
6.752387e-08,1.8151e-05
6.762387e-08,2.00968e-05
6.772387e-08,2.20427e-05
6.782387e-08,2.33399e-05
6.792387e-08,2.39886e-05
6.802387e-08,2.33399e-05
6.812387e-08,2.20427e-05
6.822387e-08,1.94482e-05
6.832387e-08,1.75024e-05
6.842387e-08,1.68537e-05
6.852387e-08,1.75024e-05
6.862387e-08,2.00968e-05
6.872387e-08,2.46372e-05
6.882387e-08,2.98261e-05
6.892387e-08,3.56637e-05
6.902387e-08,4.08527e-05
6.912387e-08,4.47444e-05
6.922387e-08,4.5393e-05
6.932387e-08,4.34472e-05
6.942387e-08,3.82582e-05
6.952387e-08,3.11234e-05
6.962387e-08,2.26913e-05
6.972387e-08,1.42593e-05
6.982387e-08,7.12444e-06
6.992387e-08,2.5841e-06
7.002387e-08,2.5841e-06
7.012387e-08,6.47582e-06
7.022387e-08,1.55565e-05
7.032387e-08,2.85289e-05
7.042387e-08,4.5393e-05
7.052387e-08,6.35544e-05
7.062387e-08,8.17158e-05
7.072387e-08,9.85799e-05
7.082387e-08,0.000114147
7.092387e-08,0.000126471
7.102387e-08,0.000134903
7.112387e-08,0.000140092
7.122387e-08,0.000141389
7.132387e-08,0.000138146
7.142387e-08,0.00013166
7.152387e-08,0.000121282
7.162387e-08,0.000107661
7.172387e-08,9.14451e-05
7.182387e-08,7.13378e-05
7.192387e-08,4.99334e-05
7.202387e-08,2.72317e-05
7.212387e-08,4.52996e-06
7.222387e-08,-1.68745e-05
7.232387e-08,-3.56845e-05
7.242387e-08,-4.86569e-05
7.252387e-08,-5.57917e-05
7.262387e-08,-5.57917e-05
7.272387e-08,-4.86569e-05
7.282387e-08,-3.50359e-05
7.292387e-08,-1.62259e-05
7.302387e-08,6.47582e-06
7.312387e-08,2.91775e-05
7.322387e-08,5.12306e-05
7.332387e-08,6.9392e-05
7.342387e-08,8.23644e-05
7.352387e-08,8.8202e-05
7.362387e-08,8.75533e-05
7.372387e-08,8.04185e-05
7.382387e-08,6.74461e-05
7.392387e-08,5.12306e-05
7.402387e-08,3.37179e-05
7.412387e-08,1.75024e-05
7.422387e-08,4.52996e-06
7.432387e-08,-3.25348e-06
7.442387e-08,-6.49658e-06
7.452387e-08,-3.9021e-06
7.462387e-08,3.88134e-06
7.472387e-08,1.49079e-05
7.482387e-08,2.85289e-05
7.492387e-08,4.21499e-05
7.502387e-08,5.5771e-05
7.512387e-08,6.67975e-05
7.522387e-08,7.45809e-05
7.532387e-08,7.97699e-05
7.542387e-08,8.23644e-05
7.552387e-08,8.3013e-05
7.562387e-08,8.23644e-05
7.572387e-08,8.04185e-05
7.582387e-08,7.7824e-05
7.592387e-08,7.45809e-05
7.602387e-08,7.19865e-05
7.612387e-08,6.87434e-05
7.622387e-08,6.67975e-05
7.632387e-08,6.48516e-05
7.642387e-08,6.35544e-05
7.652387e-08,6.4203e-05
7.662387e-08,6.67975e-05
7.672387e-08,7.13378e-05
7.682387e-08,7.71754e-05
7.692387e-08,8.36616e-05
7.702387e-08,9.14451e-05
7.712387e-08,9.92285e-05
7.722387e-08,0.000107012
