LECROYWaveRunner‘N,20113,Waveform
Segments,1,SegmentSize,2002
Segment,TrigTime,TimeSinceSegment1
#1,28-Sep-2018 13:19:49,0                 
Time,Ampl
-1.228115e-07,3.82582e-05
-1.227115e-07,1.49079e-05
-1.226115e-07,-5.19934e-06
-1.225115e-07,-2.01176e-05
-1.224115e-07,-2.7901e-05
-1.223115e-07,-2.85497e-05
-1.222115e-07,-2.27121e-05
-1.221115e-07,-1.16855e-05
-1.220115e-07,3.88134e-06
-1.219115e-07,2.20427e-05
-1.218115e-07,4.02041e-05
-1.217115e-07,5.70682e-05
-1.216115e-07,7.19865e-05
-1.215115e-07,8.36616e-05
-1.214115e-07,9.14451e-05
-1.213115e-07,9.6634e-05
-1.212115e-07,9.92285e-05
-1.211115e-07,9.92285e-05
-1.210115e-07,9.59854e-05
-1.209115e-07,9.01478e-05
-1.208115e-07,8.10671e-05
-1.207115e-07,6.87434e-05
-1.206115e-07,5.25279e-05
-1.205115e-07,3.37179e-05
-1.204115e-07,1.23134e-05
-1.203115e-07,-1.03883e-05
-1.202115e-07,-3.309e-05
-1.201115e-07,-5.51431e-05
-1.200115e-07,-7.39531e-05
-1.199115e-07,-9.01686e-05
-1.198115e-07,-0.000102492
-1.197115e-07,-0.000110924
-1.196115e-07,-0.000115465
-1.195115e-07,-0.000116762
-1.194115e-07,-0.000115465
-1.193115e-07,-0.00011287
-1.192115e-07,-0.000109627
-1.191115e-07,-0.000107033
-1.190115e-07,-0.000104438
-1.189115e-07,-0.000101195
-1.188115e-07,-9.7952e-05
-1.187115e-07,-9.34117e-05
-1.186115e-07,-8.75741e-05
-1.185115e-07,-7.9142e-05
-1.184115e-07,-6.94127e-05
-1.183115e-07,-5.83862e-05
-1.182115e-07,-4.80083e-05
-1.181115e-07,-3.95762e-05
-1.180115e-07,-3.309e-05
-1.179115e-07,-2.91983e-05
-1.178115e-07,-3.04955e-05
-1.177115e-07,-3.50359e-05
-1.176115e-07,-4.21707e-05
-1.175115e-07,-5.12514e-05
-1.174115e-07,-6.03321e-05
-1.173115e-07,-6.81155e-05
-1.172115e-07,-7.33045e-05
-1.171115e-07,-7.39531e-05
-1.170115e-07,-7.13586e-05
-1.169115e-07,-6.5521e-05
-1.168115e-07,-5.77376e-05
-1.167115e-07,-5.06027e-05
-1.166115e-07,-4.54138e-05
-1.165115e-07,-4.28193e-05
-1.164115e-07,-4.28193e-05
-1.163115e-07,-4.6711e-05
-1.162115e-07,-5.25486e-05
-1.161115e-07,-5.96834e-05
-1.160115e-07,-6.48724e-05
-1.159115e-07,-6.74669e-05
-1.158115e-07,-6.5521e-05
-1.157115e-07,-5.90348e-05
-1.156115e-07,-4.6711e-05
-1.155115e-07,-2.98469e-05
-1.154115e-07,-9.73968e-06
-1.153115e-07,1.10162e-05
-1.152115e-07,2.98261e-05
-1.151115e-07,4.47444e-05
-1.150115e-07,5.44737e-05
-1.149115e-07,5.70682e-05
-1.148115e-07,5.44737e-05
-1.147115e-07,4.60417e-05
-1.146115e-07,3.37179e-05
-1.145115e-07,2.00968e-05
-1.144115e-07,5.8272e-06
-1.143115e-07,-6.49658e-06
-1.142115e-07,-1.68745e-05
-1.141115e-07,-2.40093e-05
-1.140115e-07,-2.72524e-05
-1.139115e-07,-2.7901e-05
-1.138115e-07,-2.66038e-05
-1.137115e-07,-2.46579e-05
-1.136115e-07,-2.27121e-05
-1.135115e-07,-2.14148e-05
-1.134115e-07,-2.07662e-05
-1.133115e-07,-2.20635e-05
-1.132115e-07,-2.27121e-05
-1.131115e-07,-2.33607e-05
-1.130115e-07,-2.33607e-05
-1.129115e-07,-2.27121e-05
-1.128115e-07,-2.07662e-05
-1.127115e-07,-1.75231e-05
-1.126115e-07,-1.428e-05
-1.125115e-07,-9.73968e-06
-1.124115e-07,-5.19934e-06
-1.123115e-07,-1.30762e-06
-1.122115e-07,1.93548e-06
-1.121115e-07,5.17858e-06
-1.120115e-07,8.42168e-06
-1.119115e-07,1.16648e-05
-1.118115e-07,1.62051e-05
-1.117115e-07,2.26913e-05
-1.116115e-07,3.1772e-05
-1.115115e-07,4.40958e-05
-1.114115e-07,5.96627e-05
-1.113115e-07,7.84727e-05
-1.112115e-07,9.92285e-05
-1.111115e-07,0.000121282
-1.110115e-07,0.000142686
-1.109115e-07,0.000163442
-1.108115e-07,0.000182252
-1.107115e-07,0.000199116
-1.106115e-07,0.000213386
-1.105115e-07,0.000225061
-1.104115e-07,0.000233493
-1.103115e-07,0.000238033
-1.102115e-07,0.00023933
-1.101115e-07,0.000236736
-1.100115e-07,0.000229601
-1.099115e-07,0.000217277
-1.098115e-07,0.000200413
-1.097115e-07,0.000179009
-1.096115e-07,0.000153713
-1.095115e-07,0.000124525
-1.094115e-07,9.40395e-05
-1.093115e-07,6.4203e-05
-1.092115e-07,3.63124e-05
-1.091115e-07,1.16648e-05
-1.090115e-07,-7.79382e-06
-1.089115e-07,-2.07662e-05
-1.088115e-07,-2.66038e-05
-1.087115e-07,-2.53066e-05
-1.086115e-07,-1.75231e-05
-1.085115e-07,-4.55072e-06
-1.084115e-07,1.16648e-05
-1.083115e-07,3.11234e-05
-1.082115e-07,5.12306e-05
-1.081115e-07,7.19865e-05
-1.080115e-07,9.14451e-05
-1.079115e-07,0.000108309
-1.078115e-07,0.000122579
-1.077115e-07,0.000132957
-1.076115e-07,0.00014074
-1.075115e-07,0.000143983
-1.074115e-07,0.000144632
-1.073115e-07,0.000141389
-1.072115e-07,0.000134254
-1.071115e-07,0.000123876
-1.070115e-07,0.000110255
-1.069115e-07,9.46882e-05
-1.068115e-07,7.7824e-05
-1.067115e-07,6.09599e-05
-1.066115e-07,4.47444e-05
-1.065115e-07,3.04748e-05
-1.064115e-07,1.87996e-05
-1.063115e-07,1.03675e-05
-1.062115e-07,4.52996e-06
-1.061115e-07,1.93548e-06
-1.060115e-07,1.93548e-06
-1.059115e-07,2.5841e-06
-1.058115e-07,3.88134e-06
-1.057115e-07,5.17858e-06
-1.056115e-07,6.47582e-06
-1.055115e-07,6.47582e-06
-1.054115e-07,7.12444e-06
-1.053115e-07,7.77306e-06
-1.052115e-07,9.0703e-06
-1.051115e-07,1.23134e-05
-1.050115e-07,1.62051e-05
-1.049115e-07,2.13941e-05
-1.048115e-07,2.72317e-05
-1.047115e-07,3.30692e-05
-1.046115e-07,3.63124e-05
-1.045115e-07,3.76096e-05
-1.044115e-07,3.50151e-05
-1.043115e-07,2.85289e-05
-1.042115e-07,1.75024e-05
-1.041115e-07,3.23272e-06
-1.040115e-07,-1.36314e-05
-1.039115e-07,-3.17928e-05
-1.038115e-07,-4.93055e-05
-1.037115e-07,-6.48724e-05
-1.036115e-07,-7.58989e-05
-1.035115e-07,-8.17365e-05
-1.034115e-07,-8.36824e-05
-1.033115e-07,-8.10879e-05
-1.032115e-07,-7.39531e-05
-1.031115e-07,-6.48724e-05
-1.030115e-07,-5.38459e-05
-1.029115e-07,-4.21707e-05
-1.028115e-07,-2.98469e-05
-1.027115e-07,-1.88204e-05
-1.026115e-07,-7.79382e-06
-1.025115e-07,1.28686e-06
-1.024115e-07,1.03675e-05
-1.023115e-07,1.75024e-05
-1.022115e-07,2.26913e-05
-1.021115e-07,2.46372e-05
-1.020115e-07,2.33399e-05
-1.019115e-07,1.75024e-05
-1.018115e-07,5.8272e-06
-1.017115e-07,-1.10369e-05
-1.016115e-07,-3.17928e-05
-1.015115e-07,-5.51431e-05
-1.014115e-07,-7.84934e-05
-1.013115e-07,-9.92493e-05
-1.012115e-07,-0.000114816
-1.011115e-07,-0.000121951
-1.010115e-07,-0.000119356
-1.009115e-07,-0.000106384
-1.008115e-07,-8.36824e-05
-1.007115e-07,-5.25486e-05
-1.006115e-07,-1.55773e-05
-1.005115e-07,2.33399e-05
-1.004115e-07,6.22572e-05
-1.003115e-07,9.72826e-05
-1.002115e-07,0.000125822
-1.001115e-07,0.000146578
-1.000115e-07,0.000158902
-9.991154e-08,0.000163442
-9.981154e-08,0.000160199
-9.971154e-08,0.000150469
-9.961154e-08,0.000136848
-9.951154e-08,0.000121282
-9.941154e-08,0.000104417
-9.931154e-08,8.8202e-05
-9.921154e-08,7.19865e-05
-9.911154e-08,5.70682e-05
-9.901154e-08,4.27986e-05
-9.891154e-08,2.98261e-05
-9.881154e-08,1.75024e-05
-9.871154e-08,6.47582e-06
-9.861154e-08,-3.25348e-06
-9.851154e-08,-1.10369e-05
-9.841154e-08,-1.68745e-05
-9.831154e-08,-1.9469e-05
-9.821154e-08,-1.9469e-05
-9.811154e-08,-1.62259e-05
-9.801154e-08,-9.73968e-06
-9.791154e-08,-6.58998e-07
-9.781154e-08,1.10162e-05
-9.771154e-08,2.33399e-05
-9.761154e-08,3.63124e-05
-9.751154e-08,4.99334e-05
-9.741154e-08,6.22572e-05
-9.731154e-08,7.39323e-05
-9.721154e-08,8.49589e-05
-9.711154e-08,9.59854e-05
-9.701154e-08,0.000107661
-9.691154e-08,0.000120633
-9.681154e-08,0.000134254
-9.671154e-08,0.000147875
-9.661154e-08,0.000160847
-9.651154e-08,0.000171225
-9.641154e-08,0.000179009
-9.631154e-08,0.000182252
-9.621154e-08,0.000179657
-9.611154e-08,0.000170577
-9.601154e-08,0.000154361
-9.591154e-08,0.000132957
-9.581154e-08,0.000106363
-9.571154e-08,7.65268e-05
-9.561154e-08,4.47444e-05
-9.551154e-08,1.2962e-05
-9.541154e-08,-1.75231e-05
-9.531154e-08,-4.54138e-05
-9.521154e-08,-6.94127e-05
-9.511154e-08,-9.01686e-05
-9.501154e-08,-0.000106384
-9.491154e-08,-0.000119356
-9.481154e-08,-0.000128437
-9.471154e-08,-0.000133626
-9.461154e-08,-0.000134275
-9.451154e-08,-0.000130383
-9.441154e-08,-0.000120005
-9.431154e-08,-0.00010379
-9.421154e-08,-8.17365e-05
-9.411154e-08,-5.57917e-05
-9.401154e-08,-2.7901e-05
-9.391154e-08,6.38242e-07
-9.381154e-08,2.72317e-05
-9.371154e-08,4.86361e-05
-9.361154e-08,6.29058e-05
-9.351154e-08,7.06892e-05
-9.341154e-08,7.00406e-05
-9.331154e-08,6.35544e-05
-9.321154e-08,5.12306e-05
-9.311154e-08,3.76096e-05
-9.301154e-08,2.33399e-05
-9.291154e-08,1.16648e-05
-9.281154e-08,3.88134e-06
-9.271154e-08,-1.03779e-08
-9.261154e-08,6.38242e-07
-9.251154e-08,4.52996e-06
-9.241154e-08,9.0703e-06
-9.231154e-08,1.23134e-05
-9.221154e-08,1.16648e-05
-9.211154e-08,6.47582e-06
-9.201154e-08,-3.25348e-06
-9.191154e-08,-1.75231e-05
-9.181154e-08,-3.37386e-05
-9.171154e-08,-5.06027e-05
-9.161154e-08,-6.68183e-05
-9.151154e-08,-7.97907e-05
-9.141154e-08,-8.82227e-05
-9.131154e-08,-9.08172e-05
-9.121154e-08,-8.75741e-05
-9.111154e-08,-7.9142e-05
-9.101154e-08,-6.74669e-05
-9.091154e-08,-5.44945e-05
-9.081154e-08,-4.08734e-05
-9.071154e-08,-2.7901e-05
-9.061154e-08,-1.55773e-05
-9.051154e-08,-4.55072e-06
-9.041154e-08,5.8272e-06
-9.031154e-08,1.68537e-05
-9.021154e-08,2.91775e-05
-9.011154e-08,4.34472e-05
-9.001154e-08,5.90141e-05
-8.991154e-08,7.45809e-05
-8.981154e-08,8.88506e-05
-8.971154e-08,0.000101823
-8.961154e-08,0.000110255
-8.951154e-08,0.00011285
-8.941154e-08,0.000109606
-8.931154e-08,9.92285e-05
-8.921154e-08,8.3013e-05
-8.911154e-08,6.16085e-05
-8.901154e-08,3.6961e-05
-8.891154e-08,1.10162e-05
-8.881154e-08,-1.29828e-05
-8.871154e-08,-3.37386e-05
-8.861154e-08,-5.06027e-05
-8.851154e-08,-6.22779e-05
-8.841154e-08,-6.81155e-05
-8.831154e-08,-6.94127e-05
-8.821154e-08,-6.68183e-05
-8.811154e-08,-6.03321e-05
-8.801154e-08,-5.12514e-05
-8.791154e-08,-4.02248e-05
-8.781154e-08,-2.85497e-05
-8.771154e-08,-1.49286e-05
-8.761154e-08,-1.03779e-08
-8.751154e-08,1.55565e-05
-8.741154e-08,3.11234e-05
-8.731154e-08,4.5393e-05
-8.721154e-08,5.83654e-05
-8.711154e-08,6.87434e-05
-8.701154e-08,7.52296e-05
-8.691154e-08,7.65268e-05
-8.681154e-08,7.26351e-05
-8.671154e-08,6.35544e-05
-8.661154e-08,4.92848e-05
-8.651154e-08,3.11234e-05
-8.641154e-08,1.03675e-05
-8.631154e-08,-1.03883e-05
-8.621154e-08,-3.11441e-05
-8.611154e-08,-4.93055e-05
-8.601154e-08,-6.29265e-05
-8.591154e-08,-7.20072e-05
-8.581154e-08,-7.58989e-05
-8.571154e-08,-7.46017e-05
-8.561154e-08,-6.74669e-05
-8.551154e-08,-5.51431e-05
-8.541154e-08,-3.89276e-05
-8.531154e-08,-1.81717e-05
-8.521154e-08,6.47582e-06
-8.511154e-08,3.30692e-05
-8.501154e-08,6.03113e-05
-8.491154e-08,8.69047e-05
-8.481154e-08,0.000111552
-8.471154e-08,0.000132308
-8.461154e-08,0.000148524
-8.451154e-08,0.00015955
-8.441154e-08,0.000164091
-8.431154e-08,0.000163442
-8.421154e-08,0.000156307
-8.411154e-08,0.000144632
-8.401154e-08,0.000131011
-8.391154e-08,0.000115444
-8.381154e-08,9.98771e-05
-8.371154e-08,8.62561e-05
-8.361154e-08,7.52296e-05
-8.351154e-08,6.61489e-05
-8.341154e-08,5.96627e-05
-8.331154e-08,5.31765e-05
-8.321154e-08,4.66903e-05
-8.311154e-08,3.89068e-05
-8.301154e-08,2.78803e-05
-8.291154e-08,1.36106e-05
-8.281154e-08,-3.25348e-06
-8.271154e-08,-2.27121e-05
-8.261154e-08,-4.28193e-05
-8.251154e-08,-6.16293e-05
-8.241154e-08,-7.71962e-05
-8.231154e-08,-8.75741e-05
-8.221154e-08,-9.08172e-05
-8.211154e-08,-8.69255e-05
-8.201154e-08,-7.46017e-05
-8.191154e-08,-5.64403e-05
-8.181154e-08,-3.37386e-05
-8.171154e-08,-9.73968e-06
-8.161154e-08,1.36106e-05
-8.151154e-08,3.43665e-05
-8.141154e-08,4.99334e-05
-8.131154e-08,6.09599e-05
-8.121154e-08,6.67975e-05
-8.111154e-08,6.87434e-05
-8.101154e-08,6.74461e-05
-8.091154e-08,6.48516e-05
-8.081154e-08,6.29058e-05
-8.071154e-08,6.29058e-05
-8.061154e-08,6.55003e-05
-8.051154e-08,7.00406e-05
-8.041154e-08,7.65268e-05
-8.031154e-08,8.3013e-05
-8.021154e-08,8.94992e-05
-8.011154e-08,9.40395e-05
-8.001154e-08,9.59854e-05
-7.991154e-08,9.6634e-05
-7.981154e-08,9.53368e-05
-7.971154e-08,9.40395e-05
-7.961154e-08,9.27423e-05
-7.951154e-08,9.27423e-05
-7.941154e-08,9.33909e-05
-7.931154e-08,9.33909e-05
-7.921154e-08,9.33909e-05
-7.911154e-08,9.14451e-05
-7.901154e-08,8.69047e-05
-7.891154e-08,7.84727e-05
-7.881154e-08,6.67975e-05
-7.871154e-08,5.12306e-05
-7.861154e-08,3.30692e-05
-7.851154e-08,1.42593e-05
-7.841154e-08,-3.25348e-06
-7.831154e-08,-1.68745e-05
-7.821154e-08,-2.46579e-05
-7.811154e-08,-2.59552e-05
-7.801154e-08,-1.9469e-05
-7.791154e-08,-7.1452e-06
-7.781154e-08,1.03675e-05
-7.771154e-08,3.04748e-05
-7.761154e-08,5.0582e-05
-7.751154e-08,6.9392e-05
-7.741154e-08,8.43102e-05
-7.731154e-08,9.46882e-05
-7.721154e-08,0.000101174
-7.711154e-08,0.000102472
-7.701154e-08,9.85799e-05
-7.691154e-08,9.14451e-05
-7.681154e-08,8.10671e-05
-7.671154e-08,7.00406e-05
-7.661154e-08,5.70682e-05
-7.651154e-08,4.27986e-05
-7.641154e-08,2.78803e-05
-7.631154e-08,1.10162e-05
-7.621154e-08,-6.49658e-06
-7.611154e-08,-2.46579e-05
-7.601154e-08,-4.21707e-05
-7.591154e-08,-5.77376e-05
-7.581154e-08,-7.00614e-05
-7.571154e-08,-7.84934e-05
-7.561154e-08,-8.10879e-05
-7.551154e-08,-7.84934e-05
-7.541154e-08,-7.13586e-05
-7.531154e-08,-5.96834e-05
-7.521154e-08,-4.54138e-05
-7.511154e-08,-2.91983e-05
-7.501154e-08,-1.29828e-05
-7.491154e-08,1.93548e-06
-7.481154e-08,1.49079e-05
-7.471154e-08,2.46372e-05
-7.461154e-08,3.11234e-05
-7.451154e-08,3.50151e-05
-7.441154e-08,3.63124e-05
-7.431154e-08,3.6961e-05
-7.421154e-08,3.76096e-05
-7.411154e-08,3.89068e-05
-7.401154e-08,4.15013e-05
-7.391154e-08,4.60417e-05
-7.381154e-08,5.25279e-05
-7.371154e-08,6.03113e-05
-7.361154e-08,7.06892e-05
-7.351154e-08,8.23644e-05
-7.341154e-08,9.46882e-05
-7.331154e-08,0.000108309
-7.321154e-08,0.000122579
-7.311154e-08,0.000137497
-7.301154e-08,0.000151767
-7.291154e-08,0.000165388
-7.281154e-08,0.000175766
-7.271154e-08,0.000183549
-7.261154e-08,0.000185495
-7.251154e-08,0.000180955
-7.241154e-08,0.000167982
-7.231154e-08,0.000146578
-7.221154e-08,0.000116093
-7.211154e-08,7.7824e-05
-7.201154e-08,3.24206e-05
-7.191154e-08,-1.55773e-05
-7.181154e-08,-6.42238e-05
-7.171154e-08,-0.000109627
-7.161154e-08,-0.000148544
-7.151154e-08,-0.000178381
-7.141154e-08,-0.00019784
-7.131154e-08,-0.00020692
-7.121154e-08,-0.000205623
-7.111154e-08,-0.000195894
-7.101154e-08,-0.000179678
-7.091154e-08,-0.000159571
-7.081154e-08,-0.000138166
-7.071154e-08,-0.000117411
-7.061154e-08,-9.7952e-05
-7.051154e-08,-8.10879e-05
-7.041154e-08,-6.68183e-05
-7.031154e-08,-5.31972e-05
-7.021154e-08,-4.02248e-05
-7.011154e-08,-2.46579e-05
-7.001154e-08,-7.1452e-06
-6.991154e-08,1.2962e-05
-6.981154e-08,3.56637e-05
-6.971154e-08,5.83654e-05
-6.961154e-08,8.10671e-05
-6.951154e-08,0.000100526
-6.941154e-08,0.000116093
-6.931154e-08,0.000125822
-6.921154e-08,0.000129065
-6.911154e-08,0.000125822
-6.901154e-08,0.000115444
-6.891154e-08,9.92285e-05
-6.881154e-08,7.97699e-05
-6.871154e-08,5.83654e-05
-6.861154e-08,3.6961e-05
-6.851154e-08,1.75024e-05
-6.841154e-08,-1.03779e-08
-6.831154e-08,-1.36314e-05
-6.821154e-08,-2.33607e-05
-6.811154e-08,-2.98469e-05
-6.801154e-08,-3.24414e-05
-6.791154e-08,-3.17928e-05
-6.781154e-08,-2.7901e-05
-6.771154e-08,-2.20635e-05
-6.761154e-08,-1.29828e-05
-6.751154e-08,-1.30762e-06
-6.741154e-08,1.10162e-05
-6.731154e-08,2.46372e-05
-6.721154e-08,3.76096e-05
-6.711154e-08,5.0582e-05
-6.701154e-08,6.22572e-05
-6.691154e-08,7.26351e-05
-6.681154e-08,8.10671e-05
-6.671154e-08,8.62561e-05
-6.661154e-08,8.88506e-05
-6.651154e-08,8.94992e-05
-6.641154e-08,8.88506e-05
-6.631154e-08,8.88506e-05
-6.621154e-08,9.01478e-05
-6.611154e-08,9.33909e-05
-6.601154e-08,9.85799e-05
-6.591154e-08,0.000106363
-6.581154e-08,0.000116093
-6.571154e-08,0.000126471
-6.561154e-08,0.000134903
-6.551154e-08,0.000141389
-6.541154e-08,0.000142686
-6.531154e-08,0.000138794
-6.521154e-08,0.000129714
-6.511154e-08,0.000115444
-6.501154e-08,9.6634e-05
-6.491154e-08,7.45809e-05
-6.481154e-08,5.12306e-05
-6.471154e-08,2.72317e-05
-6.461154e-08,5.8272e-06
-6.451154e-08,-1.23342e-05
-6.441154e-08,-2.66038e-05
-6.431154e-08,-3.56845e-05
-6.421154e-08,-3.95762e-05
-6.411154e-08,-3.8279e-05
-6.401154e-08,-3.17928e-05
-6.391154e-08,-1.9469e-05
-6.381154e-08,-1.95624e-06
-6.371154e-08,2.07455e-05
-6.361154e-08,4.86361e-05
-6.351154e-08,7.84727e-05
-6.341154e-08,0.000110255
-6.331154e-08,0.000141389
-6.321154e-08,0.000170577
-6.311154e-08,0.000195873
-6.301154e-08,0.000214683
-6.291154e-08,0.000227007
-6.281154e-08,0.000232844
-6.271154e-08,0.000230898
-6.261154e-08,0.000222466
-6.251154e-08,0.000207548
-6.241154e-08,0.000188738
-6.231154e-08,0.000167334
-6.221154e-08,0.000144632
-6.211154e-08,0.00012193
-6.201154e-08,9.79313e-05
-6.191154e-08,7.39323e-05
-6.181154e-08,4.86361e-05
-6.171154e-08,2.26913e-05
-6.161154e-08,-4.55072e-06
-6.151154e-08,-3.37386e-05
-6.141154e-08,-6.29265e-05
-6.131154e-08,-9.27631e-05
-6.121154e-08,-0.000120005
-6.111154e-08,-0.000144653
-6.101154e-08,-0.00016476
-6.091154e-08,-0.000180327
-6.081154e-08,-0.000190705
-6.071154e-08,-0.000195894
-6.061154e-08,-0.000196542
-6.051154e-08,-0.000193948
-6.041154e-08,-0.000189407
-6.031154e-08,-0.000184219
-6.021154e-08,-0.000179678
-6.011154e-08,-0.000174489
-6.001154e-08,-0.000168003
-5.991154e-08,-0.000159571
-5.981154e-08,-0.000148544
-5.971154e-08,-0.00013168
-5.961154e-08,-0.000110276
-5.951154e-08,-8.30338e-05
-5.941154e-08,-5.06027e-05
-5.931154e-08,-1.49286e-05
-5.921154e-08,2.26913e-05
-5.911154e-08,5.96627e-05
-5.901154e-08,9.33909e-05
-5.891154e-08,0.00012193
-5.881154e-08,0.000143335
-5.871154e-08,0.000155658
-5.861154e-08,0.000158902
-5.851154e-08,0.000154361
-5.841154e-08,0.000142686
-5.831154e-08,0.000125173
-5.821154e-08,0.000105715
-5.811154e-08,8.49589e-05
-5.801154e-08,6.67975e-05
-5.791154e-08,5.0582e-05
-5.781154e-08,3.76096e-05
-5.771154e-08,2.78803e-05
-5.761154e-08,2.20427e-05
-5.751154e-08,1.87996e-05
-5.741154e-08,1.75024e-05
-5.731154e-08,1.8151e-05
-5.721154e-08,1.8151e-05
-5.711154e-08,1.87996e-05
-5.701154e-08,1.8151e-05
-5.691154e-08,1.8151e-05
-5.681154e-08,1.87996e-05
-5.671154e-08,2.07455e-05
-5.661154e-08,2.33399e-05
-5.651154e-08,2.72317e-05
-5.641154e-08,3.1772e-05
-5.631154e-08,3.6961e-05
-5.621154e-08,4.08527e-05
-5.611154e-08,4.21499e-05
-5.601154e-08,4.15013e-05
-5.591154e-08,3.76096e-05
-5.581154e-08,3.11234e-05
-5.571154e-08,2.20427e-05
-5.561154e-08,1.2962e-05
-5.551154e-08,3.23272e-06
-5.541154e-08,-5.84796e-06
-5.531154e-08,-1.16855e-05
-5.521154e-08,-1.49286e-05
-5.511154e-08,-1.36314e-05
-5.501154e-08,-9.73968e-06
-5.491154e-08,-1.95624e-06
-5.481154e-08,8.42168e-06
-5.471154e-08,2.00968e-05
-5.461154e-08,3.11234e-05
-5.451154e-08,4.02041e-05
-5.441154e-08,4.66903e-05
-5.431154e-08,5.0582e-05
-5.421154e-08,5.12306e-05
-5.411154e-08,4.92848e-05
-5.401154e-08,4.60417e-05
-5.391154e-08,4.15013e-05
-5.381154e-08,3.6961e-05
-5.371154e-08,3.30692e-05
-5.361154e-08,3.24206e-05
-5.351154e-08,3.43665e-05
-5.341154e-08,3.89068e-05
-5.331154e-08,4.79875e-05
-5.321154e-08,6.03113e-05
-5.311154e-08,7.52296e-05
-5.301154e-08,9.14451e-05
-5.291154e-08,0.000108309
-5.281154e-08,0.000125822
-5.271154e-08,0.000142686
-5.261154e-08,0.000156956
-5.251154e-08,0.000167982
-5.241154e-08,0.000174468
-5.231154e-08,0.000174468
-5.221154e-08,0.000167982
-5.211154e-08,0.00015501
-5.201154e-08,0.000134903
-5.191154e-08,0.000108309
-5.181154e-08,7.52296e-05
-5.171154e-08,3.95555e-05
-5.161154e-08,1.93548e-06
-5.151154e-08,-3.37386e-05
-5.141154e-08,-6.61696e-05
-5.131154e-08,-9.40603e-05
-5.121154e-08,-0.000116113
-5.111154e-08,-0.000131032
-5.101154e-08,-0.000139464
-5.091154e-08,-0.000142058
-5.081154e-08,-0.000138166
-5.071154e-08,-0.000130383
-5.061154e-08,-0.000120005
-5.051154e-08,-0.00010833
-5.041154e-08,-9.53575e-05
-5.031154e-08,-8.36824e-05
-5.021154e-08,-7.26558e-05
-5.011154e-08,-6.35752e-05
-5.001154e-08,-5.57917e-05
-4.991154e-08,-4.93055e-05
-4.981154e-08,-4.41165e-05
-4.971154e-08,-3.95762e-05
-4.961154e-08,-3.50359e-05
-4.951154e-08,-3.04955e-05
-4.941154e-08,-2.7901e-05
-4.931154e-08,-2.59552e-05
-4.921154e-08,-2.40093e-05
-4.911154e-08,-2.27121e-05
-4.901154e-08,-2.14148e-05
-4.891154e-08,-1.9469e-05
-4.881154e-08,-1.75231e-05
-4.871154e-08,-1.428e-05
-4.861154e-08,-1.10369e-05
-4.851154e-08,-7.1452e-06
-4.841154e-08,-1.30762e-06
-4.831154e-08,4.52996e-06
-4.821154e-08,1.10162e-05
-4.811154e-08,1.62051e-05
-4.801154e-08,2.13941e-05
-4.791154e-08,2.52858e-05
-4.781154e-08,2.6583e-05
-4.771154e-08,2.6583e-05
-4.761154e-08,2.52858e-05
-4.751154e-08,2.33399e-05
-4.741154e-08,2.00968e-05
-4.731154e-08,1.8151e-05
-4.721154e-08,1.68537e-05
-4.711154e-08,1.68537e-05
-4.701154e-08,1.87996e-05
-4.691154e-08,2.13941e-05
-4.681154e-08,2.6583e-05
-4.671154e-08,3.24206e-05
-4.661154e-08,3.89068e-05
-4.651154e-08,4.40958e-05
-4.641154e-08,4.92848e-05
-4.631154e-08,5.18792e-05
-4.621154e-08,5.25279e-05
-4.611154e-08,4.99334e-05
-4.601154e-08,4.60417e-05
-4.591154e-08,4.08527e-05
-4.581154e-08,3.37179e-05
-4.571154e-08,2.6583e-05
-4.561154e-08,2.07455e-05
-4.551154e-08,1.49079e-05
-4.541154e-08,1.03675e-05
-4.531154e-08,7.77306e-06
-4.521154e-08,5.8272e-06
-4.511154e-08,6.47582e-06
-4.501154e-08,7.77306e-06
-4.491154e-08,1.10162e-05
-4.481154e-08,1.62051e-05
-4.471154e-08,2.20427e-05
-4.461154e-08,2.98261e-05
-4.451154e-08,3.82582e-05
-4.441154e-08,4.92848e-05
-4.431154e-08,6.09599e-05
-4.421154e-08,7.26351e-05
-4.411154e-08,8.36616e-05
-4.401154e-08,9.33909e-05
-4.391154e-08,0.000100526
-4.381154e-08,0.000103769
-4.371154e-08,0.000102472
-4.361154e-08,9.72826e-05
-4.351154e-08,8.88506e-05
-4.341154e-08,7.65268e-05
-4.331154e-08,6.16085e-05
-4.321154e-08,4.5393e-05
-4.311154e-08,2.85289e-05
-4.301154e-08,1.16648e-05
-4.291154e-08,-4.55072e-06
-4.281154e-08,-1.88204e-05
-4.271154e-08,-3.17928e-05
-4.261154e-08,-4.28193e-05
-4.251154e-08,-5.19e-05
-4.241154e-08,-5.83862e-05
-4.231154e-08,-6.22779e-05
-4.221154e-08,-6.22779e-05
-4.211154e-08,-5.83862e-05
-4.201154e-08,-4.99541e-05
-4.191154e-08,-3.69817e-05
-4.181154e-08,-1.9469e-05
-4.171154e-08,1.93548e-06
-4.161154e-08,2.72317e-05
-4.151154e-08,5.44737e-05
-4.141154e-08,8.17158e-05
-4.131154e-08,0.000107661
-4.121154e-08,0.000130362
-4.111154e-08,0.000148524
-4.101154e-08,0.000161496
-4.091154e-08,0.000168631
-4.081154e-08,0.000169279
-4.071154e-08,0.000164739
-4.061154e-08,0.00015501
-4.051154e-08,0.000142686
-4.041154e-08,0.000127768
-4.031154e-08,0.00011285
-4.021154e-08,9.85799e-05
-4.011154e-08,8.62561e-05
-4.001154e-08,7.58782e-05
-3.991154e-08,6.80947e-05
-3.981154e-08,6.29058e-05
-3.971154e-08,6.03113e-05
-3.961154e-08,5.90141e-05
-3.951154e-08,5.77168e-05
-3.941154e-08,5.70682e-05
-3.931154e-08,5.51223e-05
-3.921154e-08,5.31765e-05
-3.911154e-08,5.0582e-05
-3.901154e-08,4.73389e-05
-3.891154e-08,4.27986e-05
-3.881154e-08,3.89068e-05
-3.871154e-08,3.56637e-05
-3.861154e-08,3.50151e-05
-3.851154e-08,3.63124e-05
-3.841154e-08,3.95555e-05
-3.831154e-08,4.5393e-05
-3.821154e-08,5.31765e-05
-3.811154e-08,6.22572e-05
-3.801154e-08,7.13378e-05
-3.791154e-08,8.10671e-05
-3.781154e-08,8.94992e-05
-3.771154e-08,9.6634e-05
-3.761154e-08,0.000101823
-3.751154e-08,0.000105715
-3.741154e-08,0.000107661
-3.731154e-08,0.000107661
-3.721154e-08,0.000106363
-3.711154e-08,0.000103769
-3.701154e-08,9.98771e-05
-3.691154e-08,9.46882e-05
-3.681154e-08,8.8202e-05
-3.671154e-08,8.17158e-05
-3.661154e-08,7.52296e-05
-3.651154e-08,6.87434e-05
-3.641154e-08,6.22572e-05
-3.631154e-08,5.5771e-05
-3.621154e-08,4.99334e-05
-3.611154e-08,4.34472e-05
-3.601154e-08,3.76096e-05
-3.591154e-08,3.04748e-05
-3.581154e-08,2.33399e-05
-3.571154e-08,1.49079e-05
-3.561154e-08,7.12444e-06
-3.551154e-08,-6.58998e-07
-3.541154e-08,-7.1452e-06
-3.531154e-08,-1.23342e-05
-3.521154e-08,-1.36314e-05
-3.511154e-08,-1.10369e-05
-3.501154e-08,-3.9021e-06
-3.491154e-08,7.77306e-06
-3.481154e-08,2.26913e-05
-3.471154e-08,3.95555e-05
-3.461154e-08,5.70682e-05
-3.451154e-08,7.26351e-05
-3.441154e-08,8.56075e-05
-3.431154e-08,9.33909e-05
-3.421154e-08,9.53368e-05
-3.411154e-08,9.14451e-05
-3.401154e-08,8.17158e-05
-3.391154e-08,6.80947e-05
-3.381154e-08,5.18792e-05
-3.371154e-08,3.63124e-05
-3.361154e-08,2.33399e-05
-3.351154e-08,1.49079e-05
-3.341154e-08,1.16648e-05
-3.331154e-08,1.42593e-05
-3.321154e-08,2.20427e-05
-3.311154e-08,3.43665e-05
-3.301154e-08,5.0582e-05
-3.291154e-08,6.74461e-05
-3.281154e-08,8.36616e-05
-3.271154e-08,9.92285e-05
-3.261154e-08,0.000111552
-3.251154e-08,0.00012193
-3.241154e-08,0.000128416
-3.231154e-08,0.000132957
-3.221154e-08,0.000135551
-3.211154e-08,0.0001362
-3.201154e-08,0.000137497
-3.191154e-08,0.000138146
-3.181154e-08,0.000137497
-3.171154e-08,0.0001362
-3.161154e-08,0.00013166
-3.151154e-08,0.000123876
-3.141154e-08,0.000112201
-3.131154e-08,9.53368e-05
-3.121154e-08,7.39323e-05
-3.111154e-08,4.86361e-05
-3.101154e-08,2.00968e-05
-3.091154e-08,-9.73968e-06
-3.081154e-08,-3.89276e-05
-3.071154e-08,-6.48724e-05
-3.061154e-08,-8.49796e-05
-3.051154e-08,-9.73034e-05
-3.041154e-08,-0.000101195
-3.031154e-08,-9.66548e-05
-3.021154e-08,-8.49796e-05
-3.011154e-08,-6.61696e-05
-3.001154e-08,-4.34679e-05
-2.991154e-08,-1.75231e-05
-2.981154e-08,8.42168e-06
-2.971154e-08,3.24206e-05
-2.961154e-08,5.38251e-05
-2.951154e-08,7.06892e-05
-2.941154e-08,8.23644e-05
-2.931154e-08,8.8202e-05
-2.921154e-08,8.88506e-05
-2.911154e-08,8.36616e-05
-2.901154e-08,7.45809e-05
-2.891154e-08,6.22572e-05
-2.881154e-08,4.79875e-05
-2.871154e-08,3.30692e-05
-2.861154e-08,1.8151e-05
-2.851154e-08,4.52996e-06
-2.841154e-08,-6.49658e-06
-2.831154e-08,-1.49286e-05
-2.821154e-08,-2.07662e-05
-2.811154e-08,-2.27121e-05
-2.801154e-08,-2.27121e-05
-2.791154e-08,-2.07662e-05
-2.781154e-08,-1.81717e-05
-2.771154e-08,-1.55773e-05
-2.761154e-08,-1.428e-05
-2.751154e-08,-1.428e-05
-2.741154e-08,-1.55773e-05
-2.731154e-08,-1.81717e-05
-2.721154e-08,-2.01176e-05
-2.711154e-08,-2.07662e-05
-2.701154e-08,-1.9469e-05
-2.691154e-08,-1.428e-05
-2.681154e-08,-4.55072e-06
-2.671154e-08,9.0703e-06
-2.661154e-08,2.59344e-05
-2.651154e-08,4.5393e-05
-2.641154e-08,6.48516e-05
-2.631154e-08,8.36616e-05
-2.621154e-08,9.79313e-05
-2.611154e-08,0.000105715
-2.601154e-08,0.000106363
-2.591154e-08,9.79313e-05
-2.581154e-08,8.04185e-05
-2.571154e-08,5.5771e-05
-2.561154e-08,2.59344e-05
-2.551154e-08,-7.1452e-06
-2.541154e-08,-4.21707e-05
-2.531154e-08,-7.58989e-05
-2.521154e-08,-0.000107033
-2.511154e-08,-0.000133626
-2.501154e-08,-0.000156328
-2.491154e-08,-0.000174489
-2.481154e-08,-0.000186164
-2.471154e-08,-0.000193299
-2.461154e-08,-0.000196542
-2.451154e-08,-0.000196542
-2.441154e-08,-0.000193299
-2.431154e-08,-0.000187462
-2.421154e-08,-0.000177732
-2.411154e-08,-0.000165409
-2.401154e-08,-0.000149842
-2.391154e-08,-0.000129734
-2.381154e-08,-0.000106384
-2.371154e-08,-7.97907e-05
-2.361154e-08,-5.12514e-05
-2.351154e-08,-2.20635e-05
-2.341154e-08,6.47582e-06
-2.331154e-08,3.37179e-05
-2.321154e-08,5.83654e-05
-2.311154e-08,8.04185e-05
-2.301154e-08,9.85799e-05
-2.291154e-08,0.000113498
-2.281154e-08,0.000126471
-2.271154e-08,0.000137497
-2.261154e-08,0.000146578
-2.251154e-08,0.000156307
-2.241154e-08,0.000165388
-2.231154e-08,0.000174468
-2.221154e-08,0.000182252
-2.211154e-08,0.000188089
-2.201154e-08,0.000190684
-2.191154e-08,0.000188738
-2.181154e-08,0.000180955
-2.171154e-08,0.000168631
-2.161154e-08,0.000152415
-2.151154e-08,0.000132957
-2.141154e-08,0.000110904
-2.131154e-08,8.75533e-05
-2.121154e-08,6.55003e-05
-2.111154e-08,4.47444e-05
-2.101154e-08,2.59344e-05
-2.091154e-08,1.03675e-05
-2.081154e-08,-1.30762e-06
-2.071154e-08,-9.73968e-06
-2.061154e-08,-1.428e-05
-2.051154e-08,-1.62259e-05
-2.041154e-08,-1.428e-05
-2.031154e-08,-9.73968e-06
-2.021154e-08,-3.25348e-06
-2.011154e-08,6.47582e-06
-2.001154e-08,1.87996e-05
-1.991154e-08,3.24206e-05
-1.981154e-08,4.73389e-05
-1.971154e-08,6.09599e-05
-1.961154e-08,7.26351e-05
-1.951154e-08,8.17158e-05
-1.941154e-08,8.69047e-05
-1.931154e-08,8.69047e-05
-1.921154e-08,8.17158e-05
-1.911154e-08,7.06892e-05
-1.901154e-08,5.5771e-05
-1.891154e-08,3.6961e-05
-1.881154e-08,1.68537e-05
-1.871154e-08,-3.25348e-06
-1.861154e-08,-2.20635e-05
-1.851154e-08,-3.69817e-05
-1.841154e-08,-4.6711e-05
-1.831154e-08,-5.19e-05
-1.821154e-08,-5.19e-05
-1.811154e-08,-4.73596e-05
-1.801154e-08,-3.89276e-05
-1.791154e-08,-2.59552e-05
-1.781154e-08,-1.16855e-05
-1.771154e-08,3.88134e-06
-1.761154e-08,2.00968e-05
-1.751154e-08,3.50151e-05
-1.741154e-08,4.86361e-05
-1.731154e-08,5.96627e-05
-1.721154e-08,6.80947e-05
-1.711154e-08,7.26351e-05
-1.701154e-08,7.39323e-05
-1.691154e-08,7.19865e-05
-1.681154e-08,6.74461e-05
-1.671154e-08,5.96627e-05
-1.661154e-08,4.92848e-05
-1.651154e-08,3.6961e-05
-1.641154e-08,2.39886e-05
-1.631154e-08,1.16648e-05
-1.621154e-08,-1.03779e-08
-1.611154e-08,-9.73968e-06
-1.601154e-08,-1.81717e-05
-1.591154e-08,-2.53066e-05
-1.581154e-08,-3.24414e-05
-1.571154e-08,-3.95762e-05
-1.561154e-08,-4.6711e-05
-1.551154e-08,-5.44945e-05
-1.541154e-08,-6.42238e-05
-1.531154e-08,-7.52503e-05
-1.521154e-08,-8.88713e-05
-1.511154e-08,-0.00010379
-1.501154e-08,-0.000120005
-1.491154e-08,-0.000136221
-1.481154e-08,-0.000151787
-1.471154e-08,-0.000165409
-1.461154e-08,-0.000177084
-1.451154e-08,-0.000185516
-1.441154e-08,-0.000190705
-1.431154e-08,-0.000193299
-1.421154e-08,-0.000194596
-1.411154e-08,-0.000195245
-1.401154e-08,-0.000195894
-1.391154e-08,-0.000195894
-1.381154e-08,-0.000195894
-1.371154e-08,-0.000195894
-1.361154e-08,-0.000193948
-1.351154e-08,-0.000191353
-1.341154e-08,-0.000186813
-1.331154e-08,-0.000179678
-1.321154e-08,-0.0001693
-1.311154e-08,-0.000156976
-1.301154e-08,-0.000142707
-1.291154e-08,-0.000129086
-1.281154e-08,-0.000118059
-1.271154e-08,-0.000108979
-1.261154e-08,-0.000104438
-1.251154e-08,-0.000104438
-1.241154e-08,-0.000107681
-1.231154e-08,-0.00011287
-1.221154e-08,-0.000119356
-1.211154e-08,-0.000124545
-1.201154e-08,-0.000126491
-1.191154e-08,-0.000123897
-1.181154e-08,-0.000116113
-1.171154e-08,-0.000103141
-1.161154e-08,-8.62769e-05
-1.151154e-08,-6.68183e-05
-1.141154e-08,-4.73596e-05
-1.131154e-08,-2.85497e-05
-1.121154e-08,-1.23342e-05
-1.111154e-08,-6.58998e-07
-1.101154e-08,5.8272e-06
-1.091154e-08,9.0703e-06
-1.081154e-08,1.10162e-05
-1.071154e-08,1.16648e-05
-1.061154e-08,1.36106e-05
-1.051154e-08,1.68537e-05
-1.041154e-08,2.26913e-05
-1.031154e-08,3.04748e-05
-1.021154e-08,3.95555e-05
-1.011154e-08,4.92848e-05
-1.001154e-08,5.96627e-05
-9.911539e-09,6.87434e-05
-9.811539e-09,7.71754e-05
-9.711539e-09,8.49589e-05
-9.611539e-09,9.33909e-05
-9.511539e-09,0.00010312
-9.411539e-09,0.000116741
-9.311539e-09,0.000135551
-9.211539e-09,0.000158902
-9.111539e-09,0.000185495
-9.011539e-09,0.000214034
-8.911539e-09,0.000241276
-8.811539e-09,0.000265275
-8.711539e-09,0.000281491
-8.611539e-09,0.000287977
-8.511539e-09,0.000282788
-8.411539e-09,0.000267221
-8.311539e-09,0.000241276
-8.211539e-09,0.000208197
-8.111539e-09,0.000171874
-8.011539e-09,0.0001362
-7.911539e-09,0.000102472
-7.811539e-09,7.39323e-05
-7.711539e-09,5.25279e-05
-7.611539e-09,3.82582e-05
-7.511539e-09,2.98261e-05
-7.411539e-09,2.46372e-05
-7.311539e-09,2.13941e-05
-7.211539e-09,1.8151e-05
-7.111539e-09,1.36106e-05
-7.011539e-09,7.12444e-06
-6.911539e-09,-1.03779e-08
-6.811539e-09,-6.49658e-06
-6.711539e-09,-1.10369e-05
-6.611539e-09,-1.29828e-05
-6.511539e-09,-1.10369e-05
-6.411539e-09,-3.25348e-06
-6.311539e-09,8.42168e-06
-6.211539e-09,2.33399e-05
-6.111539e-09,4.02041e-05
-6.011539e-09,5.70682e-05
-5.911539e-09,7.13378e-05
-5.811539e-09,8.17158e-05
-5.711539e-09,8.75533e-05
-5.611539e-09,8.8202e-05
-5.511539e-09,8.49589e-05
-5.411539e-09,7.84727e-05
-5.311539e-09,7.00406e-05
-5.211539e-09,6.16085e-05
-5.111539e-09,5.44737e-05
-5.011539e-09,4.92848e-05
-4.911539e-09,4.60417e-05
-4.811539e-09,4.5393e-05
-4.711539e-09,4.47444e-05
-4.611539e-09,4.5393e-05
-4.511539e-09,4.60417e-05
-4.411539e-09,4.73389e-05
-4.311539e-09,4.86361e-05
-4.211539e-09,5.0582e-05
-4.111539e-09,5.31765e-05
-4.011539e-09,5.83654e-05
-3.911539e-09,6.48516e-05
-3.811539e-09,7.19865e-05
-3.711539e-09,7.97699e-05
-3.611539e-09,8.69047e-05
-3.511539e-09,9.14451e-05
-3.411539e-09,9.20937e-05
-3.311539e-09,8.88506e-05
-3.211539e-09,8.04185e-05
-3.111539e-09,6.61489e-05
-3.011539e-09,4.66903e-05
-2.911539e-09,2.39886e-05
-2.811539e-09,-1.30762e-06
-2.711539e-09,-2.72524e-05
-2.611539e-09,-5.31972e-05
-2.511539e-09,-7.71962e-05
-2.411539e-09,-0.000100547
-2.311539e-09,-0.000123248
-2.211539e-09,-0.000148544
-2.111539e-09,-0.000177732
-2.011539e-09,-0.000212758
-1.911539e-09,-0.000256215
-1.811539e-09,-0.000308754
-1.711539e-09,-0.000371021
-1.611539e-09,-0.000443018
-1.511539e-09,-0.00052215
-1.411539e-09,-0.00060647
-1.311539e-09,-0.000691439
-1.211539e-09,-0.00077576
-1.111539e-09,-0.000858135
-1.011539e-09,-0.000937266
-9.115393e-10,-0.00101316
-8.115393e-10,-0.00108645
-7.115393e-10,-0.00115974
-6.115393e-10,-0.00123563
-5.115393e-10,-0.00131476
-4.115393e-10,-0.00139973
-3.115393e-10,-0.00148989
-2.115393e-10,-0.00158589
-1.115393e-10,-0.00168448
-1.153927e-11,-0.00178436
8.846073e-11,-0.00188231
1.884607e-10,-0.00197636
2.884607e-10,-0.00206522
3.884607e-10,-0.00214889
4.884607e-10,-0.00222737
5.884607e-10,-0.00229937
6.884607e-10,-0.00236812
7.884607e-10,-0.00243428
8.884607e-10,-0.00250109
9.884607e-10,-0.0025679
1.088461e-09,-0.00263406
1.188461e-09,-0.00269892
1.288461e-09,-0.00275989
1.388461e-09,-0.00281697
1.488461e-09,-0.00286691
1.588461e-09,-0.00290907
1.688461e-09,-0.00294345
1.788461e-09,-0.00297069
1.888461e-09,-0.00299145
1.988461e-09,-0.00300831
2.088461e-09,-0.00302193
2.188461e-09,-0.00303555
2.288461e-09,-0.00304853
2.388461e-09,-0.00306085
2.488461e-09,-0.00307058
2.588461e-09,-0.00307577
2.688461e-09,-0.00307447
2.788461e-09,-0.00306669
2.888461e-09,-0.00305177
2.988461e-09,-0.00302907
3.088461e-09,-0.00299988
3.188461e-09,-0.0029668
3.288461e-09,-0.00293437
3.388461e-09,-0.00290583
3.488461e-09,-0.00288442
3.588461e-09,-0.0028708
3.688461e-09,-0.00286691
3.788461e-09,-0.00287145
3.888461e-09,-0.00288248
3.988461e-09,-0.00289805
4.088461e-09,-0.00291361
4.188461e-09,-0.00292723
4.288461e-09,-0.00293437
4.388461e-09,-0.00293502
4.488461e-09,-0.00292723
4.588461e-09,-0.00291231
4.688461e-09,-0.00289026
4.788461e-09,-0.00286302
4.888461e-09,-0.00283318
4.988461e-09,-0.0028014
5.088461e-09,-0.00276897
5.188461e-09,-0.00273784
5.288461e-09,-0.0027067
5.388461e-09,-0.00267622
5.488461e-09,-0.00264573
5.588461e-09,-0.0026146
5.688461e-09,-0.00258282
5.788461e-09,-0.00255168
5.888461e-09,-0.0025212
5.988461e-09,-0.00249201
6.088461e-09,-0.00246477
6.188461e-09,-0.00243882
6.288461e-09,-0.00241417
6.388461e-09,-0.00238953
6.488461e-09,-0.00236488
6.588461e-09,-0.00233634
6.688461e-09,-0.00230456
6.788461e-09,-0.00226824
6.888461e-09,-0.00222737
6.988461e-09,-0.00218327
7.088461e-09,-0.00213592
7.188461e-09,-0.00208792
7.288461e-09,-0.00203992
7.388461e-09,-0.00199322
7.488461e-09,-0.00194976
7.588461e-09,-0.00190825
7.688461e-09,-0.00186804
7.788461e-09,-0.00182717
7.888461e-09,-0.00178436
7.988461e-09,-0.00173766
8.088461e-09,-0.00168577
8.188461e-09,-0.00162934
8.288461e-09,-0.00156773
8.388461e-09,-0.00150416
8.488461e-09,-0.00143995
8.588461e-09,-0.00137898
8.688461e-09,-0.00132255
8.788461e-09,-0.00127455
8.888461e-09,-0.00123693
8.988461e-09,-0.00120969
9.088461e-09,-0.00119217
9.188461e-09,-0.0011818
9.288461e-09,-0.00117531
9.388461e-09,-0.00117142
9.488461e-09,-0.00116558
9.588461e-09,-0.0011578
9.688461e-09,-0.00114612
9.788461e-09,-0.00113185
9.888461e-09,-0.00111564
9.988461e-09,-0.00110007
1.008846e-08,-0.00108645
1.018846e-08,-0.00107802
1.028846e-08,-0.00107413
1.038846e-08,-0.00107607
1.048846e-08,-0.00108256
1.058846e-08,-0.00109358
1.068846e-08,-0.00110526
1.078846e-08,-0.00111693
1.088846e-08,-0.00112666
1.098846e-08,-0.00113315
1.108846e-08,-0.00113639
1.118846e-08,-0.00113769
1.128846e-08,-0.00113639
1.138846e-08,-0.00113445
1.148846e-08,-0.0011325
1.158846e-08,-0.00113056
1.168846e-08,-0.00112796
1.178846e-08,-0.00112601
1.188846e-08,-0.00112212
1.198846e-08,-0.00111629
1.208846e-08,-0.00110785
1.218846e-08,-0.00109553
1.228846e-08,-0.00107931
1.238846e-08,-0.00105856
1.248846e-08,-0.00103586
1.258846e-08,-0.00101251
1.268846e-08,-0.000990453
1.278846e-08,-0.000972292
1.288846e-08,-0.00095932
1.298846e-08,-0.000952185
1.308846e-08,-0.000950239
1.318846e-08,-0.000952833
1.328846e-08,-0.000958022
1.338846e-08,-0.00096386
1.348846e-08,-0.000969049
1.358846e-08,-0.000970995
1.368846e-08,-0.000970346
1.378846e-08,-0.000965806
1.388846e-08,-0.000959968
1.398846e-08,-0.000952185
1.408846e-08,-0.00094505
1.418846e-08,-0.00094051
1.428846e-08,-0.000939212
1.438846e-08,-0.000943104
1.448846e-08,-0.000950888
1.458846e-08,-0.000961914
1.468846e-08,-0.000974238
1.478846e-08,-0.000986562
1.488846e-08,-0.000996291
1.498846e-08,-0.00100278
1.508846e-08,-0.00100472
1.518846e-08,-0.00100213
1.528846e-08,-0.000994994
1.538846e-08,-0.000983319
1.548846e-08,-0.000969049
1.558846e-08,-0.000952185
1.568846e-08,-0.000935321
1.578846e-08,-0.000917808
1.588846e-08,-0.000900944
1.598846e-08,-0.000884728
1.608846e-08,-0.000867864
1.618846e-08,-0.000851
1.628846e-08,-0.000833487
1.638846e-08,-0.000815975
1.648846e-08,-0.000798462
1.658846e-08,-0.000781598
1.668846e-08,-0.000767328
1.678846e-08,-0.000756301
1.688846e-08,-0.000749167
1.698846e-08,-0.000745924
1.708846e-08,-0.000745924
1.718846e-08,-0.000747869
1.728846e-08,-0.000751113
1.738846e-08,-0.000753707
1.748846e-08,-0.000753707
1.758846e-08,-0.000750464
1.768846e-08,-0.000743329
1.778846e-08,-0.000731654
1.788846e-08,-0.000716736
1.798846e-08,-0.000699872
1.808846e-08,-0.000682359
1.818846e-08,-0.000664846
1.828846e-08,-0.000649279
1.838846e-08,-0.00063501
1.848846e-08,-0.000622686
1.858846e-08,-0.000611659
1.868846e-08,-0.00060193
1.878846e-08,-0.000590903
1.888846e-08,-0.000577931
1.898846e-08,-0.000563661
1.908846e-08,-0.000547446
1.918846e-08,-0.000530582
1.928846e-08,-0.000514366
1.938846e-08,-0.000500097
1.948846e-08,-0.00048907
1.958846e-08,-0.000482584
1.968846e-08,-0.000481287
1.978846e-08,-0.000485178
1.988846e-08,-0.000492962
1.998846e-08,-0.000502042
2.008846e-08,-0.000511123
2.018846e-08,-0.000517609
2.028846e-08,-0.000520852
2.038846e-08,-0.000518906
2.048846e-08,-0.00051242
2.058846e-08,-0.000502691
2.068846e-08,-0.000490367
2.078846e-08,-0.000478043
2.088846e-08,-0.000467666
2.098846e-08,-0.000459882
2.108846e-08,-0.000456639
2.118846e-08,-0.000457288
2.128846e-08,-0.000460531
2.138846e-08,-0.000464422
2.148846e-08,-0.000467666
2.158846e-08,-0.000467666
2.168846e-08,-0.000463125
2.178846e-08,-0.000452099
2.188846e-08,-0.000436532
2.198846e-08,-0.000415776
2.208846e-08,-0.000392426
2.218846e-08,-0.000369075
2.228846e-08,-0.000347022
2.238846e-08,-0.000328212
2.248846e-08,-0.000313943
2.258846e-08,-0.000304862
2.268846e-08,-0.000301619
2.278846e-08,-0.000302916
2.288846e-08,-0.000308105
2.298846e-08,-0.000316537
2.308846e-08,-0.000327564
2.318846e-08,-0.000341185
2.328846e-08,-0.000356751
2.338846e-08,-0.000373616
2.348846e-08,-0.000391777
2.358846e-08,-0.000410587
2.368846e-08,-0.000430046
2.378846e-08,-0.000449504
2.388846e-08,-0.000468314
2.398846e-08,-0.000483881
2.408846e-08,-0.000495556
2.418846e-08,-0.000502691
2.428846e-08,-0.000504637
2.438846e-08,-0.000501394
2.448846e-08,-0.000494908
2.458846e-08,-0.000485827
2.468846e-08,-0.000475449
2.478846e-08,-0.00046572
2.488846e-08,-0.000457288
2.498846e-08,-0.00045145
2.508846e-08,-0.000447558
2.518846e-08,-0.000444964
2.528846e-08,-0.000441721
2.538846e-08,-0.00043718
2.548846e-08,-0.0004281
2.558846e-08,-0.000415127
2.568846e-08,-0.000396966
2.578846e-08,-0.000374264
2.588846e-08,-0.000348319
2.598846e-08,-0.000321726
2.608846e-08,-0.000295781
2.618846e-08,-0.000273079
2.628846e-08,-0.000254918
2.638846e-08,-0.000241946
2.648846e-08,-0.000234811
2.658846e-08,-0.000232216
2.668846e-08,-0.000232216
2.678846e-08,-0.000233514
2.688846e-08,-0.000234162
2.698846e-08,-0.000234162
2.708846e-08,-0.000232865
2.718846e-08,-0.000230271
2.728846e-08,-0.00022573
2.738846e-08,-0.000222487
2.748846e-08,-0.00022119
2.758846e-08,-0.000223136
2.768846e-08,-0.000228973
2.778846e-08,-0.000239351
2.788846e-08,-0.000254269
2.798846e-08,-0.000271134
2.808846e-08,-0.000289295
2.818846e-08,-0.000307456
2.828846e-08,-0.000322375
2.838846e-08,-0.00033405
2.848846e-08,-0.000341833
2.858846e-08,-0.000346374
2.868846e-08,-0.000347022
2.878846e-08,-0.000346374
2.888846e-08,-0.000345725
2.898846e-08,-0.000347022
2.908846e-08,-0.000351563
2.918846e-08,-0.000358697
2.928846e-08,-0.000368427
2.938846e-08,-0.000378805
2.948846e-08,-0.000389831
2.958846e-08,-0.000397615
2.968846e-08,-0.000400858
2.978846e-08,-0.000398263
2.988846e-08,-0.000389182
2.998846e-08,-0.000373616
3.008846e-08,-0.000350914
3.018846e-08,-0.000323672
3.028846e-08,-0.000292538
3.038846e-08,-0.00025881
3.048846e-08,-0.000225082
3.058846e-08,-0.000192651
3.068846e-08,-0.000162165
3.078846e-08,-0.000134923
3.088846e-08,-0.00011287
3.098846e-08,-9.53575e-05
3.108846e-08,-8.30338e-05
3.118846e-08,-7.58989e-05
3.128846e-08,-7.52503e-05
3.138846e-08,-8.04393e-05
3.148846e-08,-9.08172e-05
3.158846e-08,-0.000105087
3.168846e-08,-0.000121302
3.178846e-08,-0.000139464
3.188846e-08,-0.000156976
3.198846e-08,-0.000171895
3.208846e-08,-0.000182921
3.218846e-08,-0.000190056
3.228846e-08,-0.000192002
3.238846e-08,-0.000188759
3.248846e-08,-0.000181624
3.258846e-08,-0.000173192
3.268846e-08,-0.00016476
3.278846e-08,-0.000158274
3.288846e-08,-0.000155031
3.298846e-08,-0.000156328
3.308846e-08,-0.00016022
3.318846e-08,-0.000167354
3.328846e-08,-0.000175786
3.338846e-08,-0.000184219
3.348846e-08,-0.000190056
3.358846e-08,-0.000192002
3.368846e-08,-0.000190056
3.378846e-08,-0.000184219
3.388846e-08,-0.000173841
3.398846e-08,-0.00016022
3.408846e-08,-0.000144653
3.418846e-08,-0.000129086
3.428846e-08,-0.000114168
3.438846e-08,-0.000100547
3.448846e-08,-8.88713e-05
3.458846e-08,-7.97907e-05
3.468846e-08,-7.26558e-05
3.478846e-08,-6.61696e-05
3.488846e-08,-6.03321e-05
3.498846e-08,-5.51431e-05
3.508846e-08,-5.12514e-05
3.518846e-08,-4.80083e-05
3.528846e-08,-4.73596e-05
3.538846e-08,-4.99541e-05
3.548846e-08,-5.57917e-05
3.558846e-08,-6.5521e-05
3.568846e-08,-7.97907e-05
3.578846e-08,-9.98979e-05
3.588846e-08,-0.000123248
3.598846e-08,-0.000148544
3.608846e-08,-0.000175138
3.618846e-08,-0.000200434
3.628846e-08,-0.000223784
3.638846e-08,-0.000242594
3.648846e-08,-0.000256864
3.658846e-08,-0.000267242
3.668846e-08,-0.000273728
3.678846e-08,-0.00027762
3.688846e-08,-0.000279566
3.698846e-08,-0.000280863
3.708846e-08,-0.00028216
3.718846e-08,-0.000284755
3.728846e-08,-0.000287349
3.738846e-08,-0.000291241
3.748846e-08,-0.000294484
3.758846e-08,-0.000297078
3.768846e-08,-0.000298376
3.778846e-08,-0.000299024
3.788846e-08,-0.000298376
3.798846e-08,-0.00029643
3.808846e-08,-0.000295133
3.818846e-08,-0.000294484
3.828846e-08,-0.000295781
3.838846e-08,-0.000298376
3.848846e-08,-0.000302267
3.858846e-08,-0.000306808
3.868846e-08,-0.000310051
3.878846e-08,-0.000311997
3.888846e-08,-0.000310051
3.898846e-08,-0.000304213
3.908846e-08,-0.000293187
3.918846e-08,-0.000276323
3.928846e-08,-0.000255567
3.938846e-08,-0.000232216
3.948846e-08,-0.000208217
3.958846e-08,-0.000186164
3.968846e-08,-0.000167354
3.978846e-08,-0.000153733
3.988846e-08,-0.00014595
3.998846e-08,-0.000144653
4.008846e-08,-0.000148544
4.018846e-08,-0.000156328
4.028846e-08,-0.000165409
4.038846e-08,-0.000173192
4.048846e-08,-0.000179678
4.058846e-08,-0.00018357
4.068846e-08,-0.000182921
4.078846e-08,-0.000177732
4.088846e-08,-0.000167354
4.098846e-08,-0.000153085
4.108846e-08,-0.000135572
4.118846e-08,-0.000116113
4.128846e-08,-9.60062e-05
4.138846e-08,-7.78448e-05
4.148846e-08,-6.16293e-05
4.158846e-08,-4.73596e-05
4.168846e-08,-3.69817e-05
4.178846e-08,-3.04955e-05
4.188846e-08,-2.98469e-05
4.198846e-08,-3.37386e-05
4.208846e-08,-4.34679e-05
4.218846e-08,-5.77376e-05
4.228846e-08,-7.58989e-05
4.238846e-08,-9.60062e-05
4.248846e-08,-0.000117411
4.258846e-08,-0.000137518
4.268846e-08,-0.000154382
4.278846e-08,-0.00016476
4.288846e-08,-0.0001693
4.298846e-08,-0.000166057
4.308846e-08,-0.000155679
4.318846e-08,-0.000139464
4.328846e-08,-0.000118708
4.338846e-08,-9.73034e-05
4.348846e-08,-7.71962e-05
4.358846e-08,-6.22779e-05
4.368846e-08,-5.51431e-05
4.378846e-08,-5.7089e-05
4.388846e-08,-6.81155e-05
4.398846e-08,-8.69255e-05
4.408846e-08,-0.000111573
4.418846e-08,-0.000138815
4.428846e-08,-0.000165409
4.438846e-08,-0.00018811
4.448846e-08,-0.000204326
4.458846e-08,-0.000212758
4.468846e-08,-0.000213406
4.478846e-08,-0.000204974
4.488846e-08,-0.000190056
4.498846e-08,-0.000169949
4.508846e-08,-0.000147896
4.518846e-08,-0.000125194
4.528846e-08,-0.000103141
4.538846e-08,-8.30338e-05
4.548846e-08,-6.35752e-05
4.558846e-08,-4.54138e-05
4.568846e-08,-2.91983e-05
4.578846e-08,-1.36314e-05
4.588846e-08,1.28686e-06
4.598846e-08,1.49079e-05
4.608846e-08,2.59344e-05
4.618846e-08,3.30692e-05
4.628846e-08,3.6961e-05
4.638846e-08,3.56637e-05
4.648846e-08,2.85289e-05
4.658846e-08,1.62051e-05
4.668846e-08,6.38242e-07
4.678846e-08,-1.68745e-05
4.688846e-08,-3.43872e-05
4.698846e-08,-4.93055e-05
4.708846e-08,-6.03321e-05
4.718846e-08,-6.61696e-05
4.728846e-08,-6.68183e-05
4.738846e-08,-6.29265e-05
4.748846e-08,-5.57917e-05
4.758846e-08,-4.6711e-05
4.768846e-08,-3.89276e-05
4.778846e-08,-3.24414e-05
4.788846e-08,-2.91983e-05
4.798846e-08,-2.98469e-05
4.808846e-08,-3.37386e-05
4.818846e-08,-4.21707e-05
4.828846e-08,-5.25486e-05
4.838846e-08,-6.48724e-05
4.848846e-08,-7.84934e-05
4.858846e-08,-9.27631e-05
4.868846e-08,-0.000105735
4.878846e-08,-0.000118708
4.888846e-08,-0.000130383
4.898846e-08,-0.000142058
4.908846e-08,-0.000153733
4.918846e-08,-0.000164111
4.928846e-08,-0.000172543
4.938846e-08,-0.000179678
4.948846e-08,-0.00018357
4.958846e-08,-0.000185516
4.968846e-08,-0.00018357
4.978846e-08,-0.000179678
4.988846e-08,-0.000173192
4.998846e-08,-0.000166057
5.008846e-08,-0.000158922
5.018846e-08,-0.000153733
5.028846e-08,-0.000151139
5.038846e-08,-0.000151787
5.048846e-08,-0.000155679
5.058846e-08,-0.000162165
5.068846e-08,-0.000170597
5.078846e-08,-0.00017903
5.088846e-08,-0.000186164
5.098846e-08,-0.000190705
5.108846e-08,-0.000192002
5.118846e-08,-0.000190056
5.128846e-08,-0.000185516
5.138846e-08,-0.000179678
5.148846e-08,-0.000173192
5.158846e-08,-0.000166706
5.168846e-08,-0.000161517
5.178846e-08,-0.000158922
5.188846e-08,-0.000158274
5.198846e-08,-0.000159571
5.208846e-08,-0.000160868
5.218846e-08,-0.000162165
5.228846e-08,-0.000160868
5.238846e-08,-0.000156976
5.248846e-08,-0.000148544
5.258846e-08,-0.000137518
5.268846e-08,-0.000123897
5.278846e-08,-0.000109627
5.288846e-08,-9.60062e-05
5.298846e-08,-8.49796e-05
5.308846e-08,-7.78448e-05
5.318846e-08,-7.52503e-05
5.328846e-08,-7.78448e-05
5.338846e-08,-8.49796e-05
5.348846e-08,-9.40603e-05
5.358846e-08,-0.000104438
5.368846e-08,-0.000113519
5.378846e-08,-0.000120005
5.388846e-08,-0.000124545
5.398846e-08,-0.000125843
5.408846e-08,-0.000124545
5.418846e-08,-0.0001226
5.428846e-08,-0.000121302
5.438846e-08,-0.000120654
5.448846e-08,-0.0001226
5.458846e-08,-0.000127789
5.468846e-08,-0.000134923
5.478846e-08,-0.000144004
5.488846e-08,-0.000153085
5.498846e-08,-0.000161517
5.508846e-08,-0.000167354
5.518846e-08,-0.0001693
5.528846e-08,-0.000168003
5.538846e-08,-0.000161517
5.548846e-08,-0.000151139
5.558846e-08,-0.000136221
5.568846e-08,-0.000119356
5.578846e-08,-0.000100547
5.588846e-08,-8.17365e-05
5.598846e-08,-6.42238e-05
5.608846e-08,-4.86569e-05
5.618846e-08,-3.63331e-05
5.628846e-08,-2.91983e-05
5.638846e-08,-2.59552e-05
5.648846e-08,-2.85497e-05
5.658846e-08,-3.56845e-05
5.668846e-08,-4.6711e-05
5.678846e-08,-6.03321e-05
5.688846e-08,-7.52503e-05
5.698846e-08,-9.14658e-05
5.708846e-08,-0.000106384
5.718846e-08,-0.000118708
5.728846e-08,-0.000126491
5.738846e-08,-0.000129086
5.748846e-08,-0.000125843
5.758846e-08,-0.000117411
5.768846e-08,-0.00010379
5.778846e-08,-8.69255e-05
5.788846e-08,-6.81155e-05
5.798846e-08,-4.86569e-05
5.808846e-08,-3.04955e-05
5.818846e-08,-1.55773e-05
5.828846e-08,-3.9021e-06
5.838846e-08,5.17858e-06
5.848846e-08,1.03675e-05
5.858846e-08,1.16648e-05
5.868846e-08,1.10162e-05
5.878846e-08,8.42168e-06
5.888846e-08,5.17858e-06
5.898846e-08,2.5841e-06
5.908846e-08,6.38242e-07
5.918846e-08,-1.03779e-08
5.928846e-08,2.5841e-06
5.938846e-08,6.47582e-06
5.948846e-08,1.16648e-05
5.958846e-08,1.94482e-05
5.968846e-08,2.78803e-05
5.978846e-08,3.76096e-05
5.988846e-08,4.66903e-05
5.998846e-08,5.44737e-05
6.008846e-08,6.03113e-05
6.018846e-08,6.35544e-05
6.028846e-08,6.4203e-05
6.038846e-08,6.22572e-05
6.048846e-08,5.77168e-05
6.058846e-08,4.92848e-05
6.068846e-08,3.95555e-05
6.078846e-08,2.72317e-05
6.088846e-08,1.36106e-05
6.098846e-08,-1.95624e-06
6.108846e-08,-1.88204e-05
6.118846e-08,-3.63331e-05
6.128846e-08,-5.38459e-05
6.138846e-08,-7.071e-05
6.148846e-08,-8.62769e-05
6.158846e-08,-9.92493e-05
6.168846e-08,-0.00010833
6.178846e-08,-0.000113519
6.188846e-08,-0.000114816
6.198846e-08,-0.000111573
6.208846e-08,-0.000104438
6.218846e-08,-9.34117e-05
6.228846e-08,-8.04393e-05
6.238846e-08,-6.61696e-05
6.248846e-08,-5.31972e-05
6.258846e-08,-4.34679e-05
6.268846e-08,-3.69817e-05
6.278846e-08,-3.56845e-05
6.288846e-08,-3.89276e-05
6.298846e-08,-4.86569e-05
6.308846e-08,-6.29265e-05
6.318846e-08,-8.10879e-05
6.328846e-08,-0.000101844
6.338846e-08,-0.000125194
6.348846e-08,-0.000147896
6.358846e-08,-0.000168003
6.368846e-08,-0.000185516
6.378846e-08,-0.000200434
6.388846e-08,-0.000212109
6.398846e-08,-0.000218595
6.408846e-08,-0.000221838
6.418846e-08,-0.00022119
6.428846e-08,-0.000218595
6.438846e-08,-0.000214055
6.448846e-08,-0.000208217
6.458846e-08,-0.00020238
6.468846e-08,-0.000195245
6.478846e-08,-0.000187462
6.488846e-08,-0.00017903
6.498846e-08,-0.000170597
6.508846e-08,-0.000160868
6.518846e-08,-0.000149842
6.528846e-08,-0.000137518
6.538846e-08,-0.0001226
6.548846e-08,-0.000105735
6.558846e-08,-8.69255e-05
6.568846e-08,-6.61696e-05
6.578846e-08,-4.47652e-05
6.588846e-08,-2.27121e-05
6.598846e-08,-1.03779e-08
6.608846e-08,2.20427e-05
6.618846e-08,4.27986e-05
6.628846e-08,6.09599e-05
6.638846e-08,7.58782e-05
6.648846e-08,8.75533e-05
6.658846e-08,9.59854e-05
6.668846e-08,0.000101823
6.678846e-08,0.000103769
6.688846e-08,0.00010312
6.698846e-08,9.98771e-05
6.708846e-08,9.46882e-05
6.718846e-08,8.8202e-05
6.728846e-08,8.04185e-05
6.738846e-08,7.26351e-05
6.748846e-08,6.48516e-05
6.758846e-08,5.5771e-05
6.768846e-08,4.73389e-05
6.778846e-08,3.82582e-05
6.788846e-08,2.91775e-05
6.798846e-08,2.00968e-05
6.808846e-08,1.03675e-05
6.818846e-08,6.38242e-07
6.828846e-08,-9.09106e-06
6.838846e-08,-1.9469e-05
6.848846e-08,-2.91983e-05
6.858846e-08,-3.8279e-05
6.868846e-08,-4.6711e-05
6.878846e-08,-5.38459e-05
6.888846e-08,-6.09807e-05
6.898846e-08,-6.81155e-05
6.908846e-08,-7.58989e-05
6.918846e-08,-8.36824e-05
6.928846e-08,-9.14658e-05
6.938846e-08,-9.92493e-05
6.948846e-08,-0.000107033
6.958846e-08,-0.00011287
6.968846e-08,-0.000117411
6.978846e-08,-0.000119356
6.988846e-08,-0.000118059
6.998846e-08,-0.000113519
7.008846e-08,-0.000106384
7.018846e-08,-9.7952e-05
7.028846e-08,-8.82227e-05
7.038846e-08,-7.71962e-05
7.048846e-08,-6.68183e-05
7.058846e-08,-5.77376e-05
7.068846e-08,-4.99541e-05
7.078846e-08,-4.34679e-05
7.088846e-08,-3.8279e-05
7.098846e-08,-3.37386e-05
7.108846e-08,-3.04955e-05
7.118846e-08,-2.66038e-05
7.128846e-08,-2.27121e-05
7.138846e-08,-1.88204e-05
7.148846e-08,-1.62259e-05
7.158846e-08,-1.36314e-05
7.168846e-08,-1.29828e-05
7.178846e-08,-1.36314e-05
7.188846e-08,-1.75231e-05
7.198846e-08,-2.27121e-05
7.208846e-08,-3.04955e-05
7.218846e-08,-4.08734e-05
7.228846e-08,-5.31972e-05
7.238846e-08,-6.61696e-05
7.248846e-08,-7.97907e-05
7.258846e-08,-9.27631e-05
7.268846e-08,-0.000105087
7.278846e-08,-0.000115465
7.288846e-08,-0.000124545
7.298846e-08,-0.00013168
7.308846e-08,-0.000136869
7.318846e-08,-0.000139464
7.328846e-08,-0.000140112
7.338846e-08,-0.000138815
7.348846e-08,-0.000135572
7.358846e-08,-0.000130383
7.368846e-08,-0.000123897
7.378846e-08,-0.000116113
7.388846e-08,-0.000106384
7.398846e-08,-9.60062e-05
7.408846e-08,-8.4331e-05
7.418846e-08,-7.26558e-05
7.428846e-08,-6.09807e-05
7.438846e-08,-4.86569e-05
7.448846e-08,-3.69817e-05
7.458846e-08,-2.66038e-05
7.468846e-08,-1.75231e-05
7.478846e-08,-9.73968e-06
7.488846e-08,-3.9021e-06
7.498846e-08,-1.03779e-08
7.508846e-08,1.93548e-06
7.518846e-08,3.23272e-06
7.528846e-08,4.52996e-06
7.538846e-08,5.17858e-06
7.548846e-08,5.8272e-06
7.558846e-08,8.42168e-06
7.568846e-08,1.23134e-05
7.578846e-08,1.68537e-05
7.588846e-08,2.20427e-05
7.598846e-08,2.72317e-05
7.608846e-08,3.30692e-05
7.618846e-08,3.76096e-05
7.628846e-08,4.15013e-05
7.638846e-08,4.40958e-05
7.648846e-08,4.47444e-05
7.658846e-08,4.34472e-05
7.668846e-08,4.15013e-05
7.678846e-08,3.89068e-05
7.688846e-08,3.6961e-05
7.698846e-08,3.43665e-05
7.708846e-08,3.24206e-05
7.718846e-08,3.04748e-05
7.728846e-08,2.85289e-05
