LECROYWaveRunner‘N,20113,Waveform
Segments,1,SegmentSize,2002
Segment,TrigTime,TimeSinceSegment1
#1,28-Sep-2018 13:20:55,0                 
Time,Ampl
-1.228575e-07,0.000181603
-1.227575e-07,0.000185495
-1.226575e-07,0.00019263
-1.225575e-07,0.000203656
-1.224575e-07,0.00021598
-1.223575e-07,0.000228953
-1.222575e-07,0.000240628
-1.221575e-07,0.000250357
-1.220575e-07,0.000257492
-1.219575e-07,0.000262681
-1.218575e-07,0.000264627
-1.217575e-07,0.000263978
-1.216575e-07,0.000261384
-1.215575e-07,0.000257492
-1.214575e-07,0.000252951
-1.213575e-07,0.000248411
-1.212575e-07,0.000242574
-1.211575e-07,0.000236087
-1.210575e-07,0.000227655
-1.209575e-07,0.000217277
-1.208575e-07,0.000204305
-1.207575e-07,0.000190035
-1.206575e-07,0.00017382
-1.205575e-07,0.00015501
-1.204575e-07,0.000134903
-1.203575e-07,0.000114147
-1.202575e-07,9.46882e-05
-1.201575e-07,7.58782e-05
-1.200575e-07,5.96627e-05
-1.199575e-07,4.73389e-05
-1.198575e-07,3.89068e-05
-1.197575e-07,3.37179e-05
-1.196575e-07,3.24206e-05
-1.195575e-07,3.43665e-05
-1.194575e-07,3.76096e-05
-1.193575e-07,4.15013e-05
-1.192575e-07,4.47444e-05
-1.191575e-07,4.73389e-05
-1.190575e-07,4.86361e-05
-1.189575e-07,4.86361e-05
-1.188575e-07,4.66903e-05
-1.187575e-07,4.27986e-05
-1.186575e-07,3.6961e-05
-1.185575e-07,2.91775e-05
-1.184575e-07,2.07455e-05
-1.183575e-07,1.16648e-05
-1.182575e-07,2.5841e-06
-1.181575e-07,-7.1452e-06
-1.180575e-07,-1.62259e-05
-1.179575e-07,-2.59552e-05
-1.178575e-07,-3.50359e-05
-1.177575e-07,-4.28193e-05
-1.176575e-07,-4.93055e-05
-1.175575e-07,-5.44945e-05
-1.174575e-07,-5.90348e-05
-1.173575e-07,-6.22779e-05
-1.172575e-07,-6.5521e-05
-1.171575e-07,-6.74669e-05
-1.170575e-07,-6.87641e-05
-1.169575e-07,-7.071e-05
-1.168575e-07,-7.20072e-05
-1.167575e-07,-7.20072e-05
-1.166575e-07,-7.13586e-05
-1.165575e-07,-6.87641e-05
-1.164575e-07,-6.42238e-05
-1.163575e-07,-5.64403e-05
-1.162575e-07,-4.6711e-05
-1.161575e-07,-3.50359e-05
-1.160575e-07,-2.20635e-05
-1.159575e-07,-7.79382e-06
-1.158575e-07,5.8272e-06
-1.157575e-07,1.8151e-05
-1.156575e-07,2.72317e-05
-1.155575e-07,3.37179e-05
-1.154575e-07,3.6961e-05
-1.153575e-07,3.6961e-05
-1.152575e-07,3.43665e-05
-1.151575e-07,3.11234e-05
-1.150575e-07,2.78803e-05
-1.149575e-07,2.52858e-05
-1.148575e-07,2.33399e-05
-1.147575e-07,2.33399e-05
-1.146575e-07,2.52858e-05
-1.145575e-07,2.78803e-05
-1.144575e-07,2.98261e-05
-1.143575e-07,3.1772e-05
-1.142575e-07,3.11234e-05
-1.141575e-07,2.91775e-05
-1.140575e-07,2.46372e-05
-1.139575e-07,1.87996e-05
-1.138575e-07,1.2962e-05
-1.137575e-07,7.12444e-06
-1.136575e-07,1.28686e-06
-1.135575e-07,-3.9021e-06
-1.134575e-07,-7.79382e-06
-1.133575e-07,-9.73968e-06
-1.132575e-07,-1.16855e-05
-1.131575e-07,-1.23342e-05
-1.130575e-07,-1.23342e-05
-1.129575e-07,-1.36314e-05
-1.128575e-07,-1.55773e-05
-1.127575e-07,-1.75231e-05
-1.126575e-07,-1.81717e-05
-1.125575e-07,-1.88204e-05
-1.124575e-07,-1.75231e-05
-1.123575e-07,-1.36314e-05
-1.122575e-07,-7.79382e-06
-1.121575e-07,-1.03779e-08
-1.120575e-07,8.42168e-06
-1.119575e-07,1.68537e-05
-1.118575e-07,2.39886e-05
-1.117575e-07,2.72317e-05
-1.116575e-07,2.72317e-05
-1.115575e-07,2.26913e-05
-1.114575e-07,1.49079e-05
-1.113575e-07,4.52996e-06
-1.112575e-07,-6.49658e-06
-1.111575e-07,-1.68745e-05
-1.110575e-07,-2.33607e-05
-1.109575e-07,-2.40093e-05
-1.108575e-07,-1.81717e-05
-1.107575e-07,-5.19934e-06
-1.106575e-07,1.49079e-05
-1.105575e-07,3.95555e-05
-1.104575e-07,6.67975e-05
-1.103575e-07,9.46882e-05
-1.102575e-07,0.000120633
-1.101575e-07,0.000142686
-1.100575e-07,0.00015955
-1.099575e-07,0.000170577
-1.098575e-07,0.000175117
-1.097575e-07,0.000174468
-1.096575e-07,0.000169279
-1.095575e-07,0.000161496
-1.094575e-07,0.000151767
-1.093575e-07,0.000141389
-1.092575e-07,0.00013166
-1.091575e-07,0.000122579
-1.090575e-07,0.000113498
-1.089575e-07,0.00010312
-1.088575e-07,9.14451e-05
-1.087575e-07,7.7824e-05
-1.086575e-07,6.29058e-05
-1.085575e-07,4.5393e-05
-1.084575e-07,2.72317e-05
-1.083575e-07,9.0703e-06
-1.082575e-07,-9.09106e-06
-1.081575e-07,-2.59552e-05
-1.080575e-07,-4.15221e-05
-1.079575e-07,-5.51431e-05
-1.078575e-07,-6.74669e-05
-1.077575e-07,-7.84934e-05
-1.076575e-07,-8.88713e-05
-1.075575e-07,-9.73034e-05
-1.074575e-07,-0.000105735
-1.073575e-07,-0.00011287
-1.072575e-07,-0.000118059
-1.071575e-07,-0.000120654
-1.070575e-07,-0.000120005
-1.069575e-07,-0.000114816
-1.068575e-07,-0.000105087
-1.067575e-07,-9.21144e-05
-1.066575e-07,-7.78448e-05
-1.065575e-07,-6.35752e-05
-1.064575e-07,-4.99541e-05
-1.063575e-07,-3.89276e-05
-1.062575e-07,-3.11441e-05
-1.061575e-07,-2.85497e-05
-1.060575e-07,-3.11441e-05
-1.059575e-07,-3.69817e-05
-1.058575e-07,-4.47652e-05
-1.057575e-07,-5.31972e-05
-1.056575e-07,-6.03321e-05
-1.055575e-07,-6.35752e-05
-1.054575e-07,-6.16293e-05
-1.053575e-07,-5.38459e-05
-1.052575e-07,-3.95762e-05
-1.051575e-07,-1.9469e-05
-1.050575e-07,5.17858e-06
-1.049575e-07,3.24206e-05
-1.048575e-07,5.96627e-05
-1.047575e-07,8.62561e-05
-1.046575e-07,0.000111552
-1.045575e-07,0.000134254
-1.044575e-07,0.000154361
-1.043575e-07,0.000171225
-1.042575e-07,0.000185495
-1.041575e-07,0.000195873
-1.040575e-07,0.000204305
-1.039575e-07,0.000209494
-1.038575e-07,0.000212088
-1.037575e-07,0.000210143
-1.036575e-07,0.000203656
-1.035575e-07,0.00019263
-1.034575e-07,0.000177712
-1.033575e-07,0.000158902
-1.032575e-07,0.000136848
-1.031575e-07,0.000114147
-1.030575e-07,9.14451e-05
-1.029575e-07,7.00406e-05
-1.028575e-07,5.0582e-05
-1.027575e-07,3.43665e-05
-1.026575e-07,2.20427e-05
-1.025575e-07,1.36106e-05
-1.024575e-07,8.42168e-06
-1.023575e-07,5.17858e-06
-1.022575e-07,4.52996e-06
-1.021575e-07,4.52996e-06
-1.020575e-07,5.17858e-06
-1.019575e-07,7.77306e-06
-1.018575e-07,1.10162e-05
-1.017575e-07,1.62051e-05
-1.016575e-07,2.26913e-05
-1.015575e-07,3.11234e-05
-1.014575e-07,4.08527e-05
-1.013575e-07,5.18792e-05
-1.012575e-07,6.16085e-05
-1.011575e-07,7.00406e-05
-1.010575e-07,7.52296e-05
-1.009575e-07,7.58782e-05
-1.008575e-07,7.19865e-05
-1.007575e-07,6.4203e-05
-1.006575e-07,5.25279e-05
-1.005575e-07,3.82582e-05
-1.004575e-07,2.33399e-05
-1.003575e-07,9.71892e-06
-1.002575e-07,-1.95624e-06
-1.001575e-07,-9.73968e-06
-1.000575e-07,-1.29828e-05
-9.995755e-08,-1.23342e-05
-9.985755e-08,-7.79382e-06
-9.975755e-08,-6.58998e-07
-9.965755e-08,7.77306e-06
-9.955755e-08,1.62051e-05
-9.945755e-08,2.26913e-05
-9.935755e-08,2.6583e-05
-9.925755e-08,2.72317e-05
-9.915755e-08,2.52858e-05
-9.905755e-08,2.07455e-05
-9.895755e-08,1.42593e-05
-9.885755e-08,7.77306e-06
-9.875755e-08,1.93548e-06
-9.865755e-08,-2.60486e-06
-9.855755e-08,-4.55072e-06
-9.845755e-08,-3.9021e-06
-9.835755e-08,-1.03779e-08
-9.825755e-08,6.47582e-06
-9.815755e-08,1.49079e-05
-9.805755e-08,2.46372e-05
-9.795755e-08,3.56637e-05
-9.785755e-08,4.66903e-05
-9.775755e-08,5.64196e-05
-9.765755e-08,6.48516e-05
-9.755755e-08,7.13378e-05
-9.745755e-08,7.52296e-05
-9.735755e-08,7.45809e-05
-9.725755e-08,7.00406e-05
-9.715755e-08,6.09599e-05
-9.705755e-08,4.79875e-05
-9.695755e-08,3.04748e-05
-9.685755e-08,1.03675e-05
-9.675755e-08,-1.03883e-05
-9.665755e-08,-3.04955e-05
-9.655755e-08,-4.86569e-05
-9.645755e-08,-6.29265e-05
-9.635755e-08,-7.20072e-05
-9.625755e-08,-7.39531e-05
-9.615755e-08,-6.94127e-05
-9.605755e-08,-5.96834e-05
-9.595755e-08,-4.47652e-05
-9.585755e-08,-2.66038e-05
-9.575755e-08,-7.79382e-06
-9.565755e-08,9.71892e-06
-9.555755e-08,2.52858e-05
-9.545755e-08,3.63124e-05
-9.535755e-08,4.15013e-05
-9.525755e-08,4.21499e-05
-9.515755e-08,3.82582e-05
-9.505755e-08,3.11234e-05
-9.495755e-08,2.07455e-05
-9.485755e-08,9.71892e-06
-9.475755e-08,-1.95624e-06
-9.465755e-08,-1.29828e-05
-9.455755e-08,-2.40093e-05
-9.445755e-08,-3.37386e-05
-9.435755e-08,-4.41165e-05
-9.425755e-08,-5.44945e-05
-9.415755e-08,-6.5521e-05
-9.405755e-08,-7.65476e-05
-9.395755e-08,-8.75741e-05
-9.385755e-08,-9.60062e-05
-9.375755e-08,-0.000101844
-9.365755e-08,-0.000103141
-9.355755e-08,-9.92493e-05
-9.345755e-08,-9.01686e-05
-9.335755e-08,-7.58989e-05
-9.325755e-08,-5.64403e-05
-9.315755e-08,-3.309e-05
-9.305755e-08,-8.44244e-06
-9.295755e-08,1.62051e-05
-9.285755e-08,3.95555e-05
-9.275755e-08,5.96627e-05
-9.265755e-08,7.58782e-05
-9.255755e-08,8.75533e-05
-9.245755e-08,9.53368e-05
-9.235755e-08,0.000100526
-9.225755e-08,0.00010312
-9.215755e-08,0.000105066
-9.205755e-08,0.000105715
-9.195755e-08,0.000107012
-9.185755e-08,0.000108309
-9.175755e-08,0.000109606
-9.165755e-08,0.000110904
-9.155755e-08,0.00011285
-9.145755e-08,0.000114147
-9.135755e-08,0.000115444
-9.125755e-08,0.000115444
-9.115755e-08,0.000116093
-9.105755e-08,0.000116093
-9.095755e-08,0.000116093
-9.085755e-08,0.000116741
-9.075755e-08,0.000116741
-9.065755e-08,0.00011739
-9.055755e-08,0.00011739
-9.045755e-08,0.00011739
-9.035755e-08,0.00011739
-9.025755e-08,0.000116093
-9.015755e-08,0.000114147
-9.005755e-08,0.000112201
-8.995755e-08,0.000110255
-8.985755e-08,0.000108958
-8.975755e-08,0.000108958
-8.965755e-08,0.000110255
-8.955755e-08,0.000113498
-8.945755e-08,0.00011739
-8.935755e-08,0.000122579
-8.925755e-08,0.000128416
-8.915755e-08,0.000133605
-8.905755e-08,0.000139443
-8.895755e-08,0.000143983
-8.885755e-08,0.000147875
-8.875755e-08,0.000150469
-8.865755e-08,0.000153064
-8.855755e-08,0.000156307
-8.845755e-08,0.000160199
-8.835755e-08,0.000165388
-8.825755e-08,0.000171874
-8.815755e-08,0.00017836
-8.805755e-08,0.000186144
-8.795755e-08,0.000193278
-8.785755e-08,0.000197819
-8.775755e-08,0.000199116
-8.765755e-08,0.000196522
-8.755755e-08,0.000188738
-8.745755e-08,0.000175766
-8.735755e-08,0.000158253
-8.725755e-08,0.0001362
-8.715755e-08,0.000111552
-8.705755e-08,8.56075e-05
-8.695755e-08,5.96627e-05
-8.685755e-08,3.56637e-05
-8.675755e-08,1.49079e-05
-8.665755e-08,-1.95624e-06
-8.655755e-08,-1.49286e-05
-8.645755e-08,-2.40093e-05
-8.635755e-08,-2.85497e-05
-8.625755e-08,-2.98469e-05
-8.615755e-08,-2.91983e-05
-8.605755e-08,-2.72524e-05
-8.595755e-08,-2.33607e-05
-8.585755e-08,-1.9469e-05
-8.575755e-08,-1.49286e-05
-8.565755e-08,-1.03883e-05
-8.555755e-08,-6.49658e-06
-8.545755e-08,-3.9021e-06
-8.535755e-08,-3.25348e-06
-8.525755e-08,-5.84796e-06
-8.515755e-08,-1.03883e-05
-8.505755e-08,-1.88204e-05
-8.495755e-08,-3.11441e-05
-8.485755e-08,-4.80083e-05
-8.475755e-08,-6.74669e-05
-8.465755e-08,-8.952e-05
-8.455755e-08,-0.000112222
-8.445755e-08,-0.000134923
-8.435755e-08,-0.000156328
-8.425755e-08,-0.000174489
-8.415755e-08,-0.000188759
-8.405755e-08,-0.000197191
-8.395755e-08,-0.000199785
-8.385755e-08,-0.000195894
-8.375755e-08,-0.000186813
-8.365755e-08,-0.000173841
-8.355755e-08,-0.000156976
-8.345755e-08,-0.000136869
-8.335755e-08,-0.000114168
-8.325755e-08,-9.08172e-05
-8.315755e-08,-6.68183e-05
-8.305755e-08,-4.41165e-05
-8.295755e-08,-2.33607e-05
-8.285755e-08,-5.84796e-06
-8.275755e-08,9.0703e-06
-8.265755e-08,2.13941e-05
-8.255755e-08,2.98261e-05
-8.245755e-08,3.43665e-05
-8.235755e-08,3.43665e-05
-8.225755e-08,3.11234e-05
-8.215755e-08,2.46372e-05
-8.205755e-08,1.62051e-05
-8.195755e-08,6.47582e-06
-8.185755e-08,-2.60486e-06
-8.175755e-08,-1.03883e-05
-8.165755e-08,-1.55773e-05
-8.155755e-08,-1.68745e-05
-8.145755e-08,-1.23342e-05
-8.135755e-08,-3.9021e-06
-8.125755e-08,9.0703e-06
-8.115755e-08,2.59344e-05
-8.105755e-08,4.47444e-05
-8.095755e-08,6.55003e-05
-8.085755e-08,8.62561e-05
-8.075755e-08,0.000106363
-8.065755e-08,0.000123876
-8.055755e-08,0.000138146
-8.045755e-08,0.000147875
-8.035755e-08,0.000154361
-8.025755e-08,0.000158902
-8.015755e-08,0.000162145
-8.005755e-08,0.000163442
-7.995755e-08,0.000164091
-7.985755e-08,0.000164091
-7.975755e-08,0.000164091
-7.965755e-08,0.000165388
-7.955755e-08,0.000167334
-7.945755e-08,0.000169279
-7.935755e-08,0.000169928
-7.925755e-08,0.000168631
-7.915755e-08,0.000164739
-7.905755e-08,0.000158902
-7.895755e-08,0.000149821
-7.885755e-08,0.000138146
-7.875755e-08,0.000123876
-7.865755e-08,0.000106363
-7.855755e-08,8.75533e-05
-7.845755e-08,6.80947e-05
-7.835755e-08,4.86361e-05
-7.825755e-08,2.98261e-05
-7.815755e-08,1.23134e-05
-7.805755e-08,-3.9021e-06
-7.795755e-08,-1.75231e-05
-7.785755e-08,-2.85497e-05
-7.775755e-08,-3.63331e-05
-7.765755e-08,-4.08734e-05
-7.755755e-08,-4.28193e-05
-7.745755e-08,-4.21707e-05
-7.735755e-08,-3.95762e-05
-7.725755e-08,-3.56845e-05
-7.715755e-08,-3.04955e-05
-7.705755e-08,-2.53066e-05
-7.695755e-08,-2.14148e-05
-7.685755e-08,-1.88204e-05
-7.675755e-08,-1.75231e-05
-7.665755e-08,-1.75231e-05
-7.655755e-08,-1.88204e-05
-7.645755e-08,-2.07662e-05
-7.635755e-08,-2.14148e-05
-7.625755e-08,-2.14148e-05
-7.615755e-08,-2.01176e-05
-7.605755e-08,-1.62259e-05
-7.595755e-08,-9.09106e-06
-7.585755e-08,1.28686e-06
-7.575755e-08,1.36106e-05
-7.565755e-08,2.78803e-05
-7.555755e-08,4.21499e-05
-7.545755e-08,5.5771e-05
-7.535755e-08,6.80947e-05
-7.525755e-08,7.7824e-05
-7.515755e-08,8.43102e-05
-7.505755e-08,8.75533e-05
-7.495755e-08,8.62561e-05
-7.485755e-08,8.17158e-05
-7.475755e-08,7.39323e-05
-7.465755e-08,6.4203e-05
-7.455755e-08,5.31765e-05
-7.445755e-08,4.08527e-05
-7.435755e-08,2.91775e-05
-7.425755e-08,1.8151e-05
-7.415755e-08,6.47582e-06
-7.405755e-08,-4.55072e-06
-7.395755e-08,-1.428e-05
-7.385755e-08,-2.27121e-05
-7.375755e-08,-2.98469e-05
-7.365755e-08,-3.56845e-05
-7.355755e-08,-3.8279e-05
-7.345755e-08,-3.76303e-05
-7.335755e-08,-3.37386e-05
-7.325755e-08,-2.59552e-05
-7.315755e-08,-1.49286e-05
-7.305755e-08,-2.60486e-06
-7.295755e-08,1.10162e-05
-7.285755e-08,2.33399e-05
-7.275755e-08,3.37179e-05
-7.265755e-08,4.02041e-05
-7.255755e-08,4.21499e-05
-7.245755e-08,3.82582e-05
-7.235755e-08,2.98261e-05
-7.225755e-08,1.68537e-05
-7.215755e-08,-1.03779e-08
-7.205755e-08,-1.75231e-05
-7.195755e-08,-3.56845e-05
-7.185755e-08,-5.19e-05
-7.175755e-08,-6.68183e-05
-7.165755e-08,-7.9142e-05
-7.155755e-08,-8.82227e-05
-7.145755e-08,-9.40603e-05
-7.135755e-08,-9.7952e-05
-7.125755e-08,-0.000100547
-7.115755e-08,-0.000101195
-7.105755e-08,-0.000100547
-7.095755e-08,-9.92493e-05
-7.085755e-08,-9.66548e-05
-7.075755e-08,-9.21144e-05
-7.065755e-08,-8.75741e-05
-7.055755e-08,-8.23851e-05
-7.045755e-08,-7.65476e-05
-7.035755e-08,-7.00614e-05
-7.025755e-08,-6.42238e-05
-7.015755e-08,-5.96834e-05
-7.005755e-08,-5.77376e-05
-6.995755e-08,-5.83862e-05
-6.985755e-08,-6.16293e-05
-6.975755e-08,-6.81155e-05
-6.965755e-08,-7.58989e-05
-6.955755e-08,-8.49796e-05
-6.945755e-08,-9.27631e-05
-6.935755e-08,-9.98979e-05
-6.925755e-08,-0.000104438
-6.915755e-08,-0.000105087
-6.905755e-08,-0.000103141
-6.895755e-08,-9.66548e-05
-6.885755e-08,-8.75741e-05
-6.875755e-08,-7.46017e-05
-6.865755e-08,-5.90348e-05
-6.855755e-08,-4.15221e-05
-6.845755e-08,-2.14148e-05
-6.835755e-08,-6.58998e-07
-6.825755e-08,2.13941e-05
-6.815755e-08,4.27986e-05
-6.805755e-08,6.35544e-05
-6.795755e-08,8.43102e-05
-6.785755e-08,0.000103769
-6.775755e-08,0.00012193
-6.765755e-08,0.000137497
-6.755755e-08,0.000150469
-6.745755e-08,0.000160199
-6.735755e-08,0.000164739
-6.725755e-08,0.000166036
-6.715755e-08,0.000163442
-6.705755e-08,0.000157604
-6.695755e-08,0.000149821
-6.685755e-08,0.00014074
-6.675755e-08,0.000131011
-6.665755e-08,0.000122579
-6.655755e-08,0.000114795
-6.645755e-08,0.000108958
-6.635755e-08,0.000105715
-6.625755e-08,0.000103769
-6.615755e-08,0.000101823
-6.605755e-08,9.85799e-05
-6.595755e-08,9.33909e-05
-6.585755e-08,8.49589e-05
-6.575755e-08,7.19865e-05
-6.565755e-08,5.38251e-05
-6.555755e-08,3.11234e-05
-6.545755e-08,5.17858e-06
-6.535755e-08,-2.40093e-05
-6.525755e-08,-5.31972e-05
-6.515755e-08,-8.04393e-05
-6.505755e-08,-0.000104438
-6.495755e-08,-0.000124545
-6.485755e-08,-0.000138815
-6.475755e-08,-0.000146599
-6.465755e-08,-0.000147896
-6.455755e-08,-0.000144004
-6.445755e-08,-0.000134275
-6.435755e-08,-0.000120654
-6.425755e-08,-0.000105087
-6.415755e-08,-8.88713e-05
-6.405755e-08,-7.26558e-05
-6.395755e-08,-5.7089e-05
-6.385755e-08,-4.28193e-05
-6.375755e-08,-3.11441e-05
-6.365755e-08,-2.20635e-05
-6.355755e-08,-1.49286e-05
-6.345755e-08,-9.09106e-06
-6.335755e-08,-3.9021e-06
-6.325755e-08,1.93548e-06
-6.315755e-08,9.71892e-06
-6.305755e-08,2.00968e-05
-6.295755e-08,3.37179e-05
-6.285755e-08,4.99334e-05
-6.275755e-08,7.06892e-05
-6.265755e-08,9.46882e-05
-6.255755e-08,0.000121282
-6.245755e-08,0.000149821
-6.235755e-08,0.00017836
-6.225755e-08,0.000205602
-6.215755e-08,0.00023025
-6.205755e-08,0.000251654
-6.195755e-08,0.000268518
-6.185755e-08,0.000280194
-6.175755e-08,0.000284734
-6.165755e-08,0.000282139
-6.155755e-08,0.000274356
-6.145755e-08,0.000260086
-6.135755e-08,0.000241276
-6.125755e-08,0.000217926
-6.115755e-08,0.000191981
-6.105755e-08,0.000164091
-6.095755e-08,0.000134903
-6.085755e-08,0.000105715
-6.075755e-08,7.84727e-05
-6.065755e-08,5.38251e-05
-6.055755e-08,3.11234e-05
-6.045755e-08,1.10162e-05
-6.035755e-08,-7.1452e-06
-6.025755e-08,-2.20635e-05
-6.015755e-08,-3.50359e-05
-6.005755e-08,-4.60624e-05
-5.995755e-08,-5.38459e-05
-5.985755e-08,-5.96834e-05
-5.975755e-08,-6.16293e-05
-5.965755e-08,-5.96834e-05
-5.955755e-08,-5.31972e-05
-5.945755e-08,-4.15221e-05
-5.935755e-08,-2.53066e-05
-5.925755e-08,-4.55072e-06
-5.915755e-08,2.00968e-05
-5.905755e-08,4.5393e-05
-5.895755e-08,7.00406e-05
-5.885755e-08,9.14451e-05
-5.875755e-08,0.000107012
-5.865755e-08,0.000116093
-5.855755e-08,0.000116093
-5.845755e-08,0.000107661
-5.835755e-08,9.33909e-05
-5.825755e-08,7.45809e-05
-5.815755e-08,5.44737e-05
-5.805755e-08,3.43665e-05
-5.795755e-08,1.8151e-05
-5.785755e-08,7.12444e-06
-5.775755e-08,3.88134e-06
-5.765755e-08,8.42168e-06
-5.755755e-08,2.07455e-05
-5.745755e-08,3.82582e-05
-5.735755e-08,5.96627e-05
-5.725755e-08,8.17158e-05
-5.715755e-08,0.000102472
-5.705755e-08,0.000119336
-5.695755e-08,0.000130362
-5.685755e-08,0.000134254
-5.675755e-08,0.000130362
-5.665755e-08,0.000120633
-5.655755e-08,0.000106363
-5.645755e-08,8.88506e-05
-5.635755e-08,6.9392e-05
-5.625755e-08,5.12306e-05
-5.615755e-08,3.50151e-05
-5.605755e-08,2.20427e-05
-5.595755e-08,1.49079e-05
-5.585755e-08,1.2962e-05
-5.575755e-08,1.62051e-05
-5.565755e-08,2.46372e-05
-5.555755e-08,3.6961e-05
-5.545755e-08,5.12306e-05
-5.535755e-08,6.67975e-05
-5.525755e-08,8.23644e-05
-5.515755e-08,9.6634e-05
-5.505755e-08,0.000108958
-5.495755e-08,0.000116741
-5.485755e-08,0.000119984
-5.475755e-08,0.000118687
-5.465755e-08,0.00011285
-5.455755e-08,0.00010312
-5.445755e-08,8.94992e-05
-5.435755e-08,7.45809e-05
-5.425755e-08,5.90141e-05
-5.415755e-08,4.60417e-05
-5.405755e-08,3.63124e-05
-5.395755e-08,3.1772e-05
-5.385755e-08,3.1772e-05
-5.375755e-08,3.6961e-05
-5.365755e-08,4.60417e-05
-5.355755e-08,5.83654e-05
-5.345755e-08,7.13378e-05
-5.335755e-08,8.36616e-05
-5.325755e-08,9.40395e-05
-5.315755e-08,0.000100526
-5.305755e-08,0.000103769
-5.295755e-08,0.00010312
-5.285755e-08,0.000100526
-5.275755e-08,9.6634e-05
-5.265755e-08,9.33909e-05
-5.255755e-08,9.07964e-05
-5.245755e-08,9.14451e-05
-5.235755e-08,9.40395e-05
-5.225755e-08,9.85799e-05
-5.215755e-08,0.000105715
-5.205755e-08,0.000112201
-5.195755e-08,0.000118687
-5.185755e-08,0.000123876
-5.175755e-08,0.000127768
-5.165755e-08,0.000128416
-5.155755e-08,0.000128416
-5.145755e-08,0.000126471
-5.135755e-08,0.000123876
-5.125755e-08,0.00012193
-5.115755e-08,0.00012193
-5.105755e-08,0.000122579
-5.095755e-08,0.000124525
-5.085755e-08,0.000127768
-5.075755e-08,0.000131011
-5.065755e-08,0.000134254
-5.055755e-08,0.000134903
-5.045755e-08,0.000132957
-5.035755e-08,0.000128416
-5.025755e-08,0.000119984
-5.015755e-08,0.000108958
-5.005755e-08,9.53368e-05
-4.995755e-08,8.17158e-05
-4.985755e-08,6.80947e-05
-4.975755e-08,5.44737e-05
-4.965755e-08,4.15013e-05
-4.955755e-08,3.04748e-05
-4.945755e-08,2.00968e-05
-4.935755e-08,1.16648e-05
-4.925755e-08,3.88134e-06
-4.915755e-08,-1.95624e-06
-4.905755e-08,-6.49658e-06
-4.895755e-08,-9.09106e-06
-4.885755e-08,-9.73968e-06
-4.875755e-08,-9.09106e-06
-4.865755e-08,-6.49658e-06
-4.855755e-08,-1.95624e-06
-4.845755e-08,5.17858e-06
-4.835755e-08,1.42593e-05
-4.825755e-08,2.46372e-05
-4.815755e-08,3.63124e-05
-4.805755e-08,4.86361e-05
-4.795755e-08,6.09599e-05
-4.785755e-08,7.32837e-05
-4.775755e-08,8.49589e-05
-4.765755e-08,9.59854e-05
-4.755755e-08,0.000105715
-4.745755e-08,0.000115444
-4.735755e-08,0.000123227
-4.725755e-08,0.000129065
-4.715755e-08,0.000133605
-4.705755e-08,0.0001362
-4.695755e-08,0.000136848
-4.685755e-08,0.0001362
-4.675755e-08,0.000133605
-4.665755e-08,0.000128416
-4.655755e-08,0.000120633
-4.645755e-08,0.000110904
-4.635755e-08,9.92285e-05
-4.625755e-08,8.69047e-05
-4.615755e-08,7.39323e-05
-4.605755e-08,6.22572e-05
-4.595755e-08,5.31765e-05
-4.585755e-08,4.73389e-05
-4.575755e-08,4.60417e-05
-4.565755e-08,4.86361e-05
-4.555755e-08,5.64196e-05
-4.545755e-08,6.74461e-05
-4.535755e-08,8.10671e-05
-4.525755e-08,9.59854e-05
-4.515755e-08,0.000111552
-4.505755e-08,0.000125173
-4.495755e-08,0.000135551
-4.485755e-08,0.000142686
-4.475755e-08,0.000146578
-4.465755e-08,0.000145929
-4.455755e-08,0.000141389
-4.445755e-08,0.000133605
-4.435755e-08,0.000123876
-4.425755e-08,0.000110904
-4.415755e-08,9.6634e-05
-4.405755e-08,8.04185e-05
-4.395755e-08,6.4203e-05
-4.385755e-08,4.79875e-05
-4.375755e-08,3.24206e-05
-4.365755e-08,1.75024e-05
-4.355755e-08,5.8272e-06
-4.345755e-08,-2.60486e-06
-4.335755e-08,-7.79382e-06
-4.325755e-08,-9.09106e-06
-4.315755e-08,-6.49658e-06
-4.305755e-08,-6.58998e-07
-4.295755e-08,7.77306e-06
-4.285755e-08,1.68537e-05
-4.275755e-08,2.59344e-05
-4.265755e-08,3.37179e-05
-4.255755e-08,3.76096e-05
-4.245755e-08,3.82582e-05
-4.235755e-08,3.50151e-05
-4.225755e-08,2.91775e-05
-4.215755e-08,2.13941e-05
-4.205755e-08,1.36106e-05
-4.195755e-08,7.12444e-06
-4.185755e-08,3.88134e-06
-4.175755e-08,4.52996e-06
-4.165755e-08,1.03675e-05
-4.155755e-08,2.20427e-05
-4.145755e-08,3.82582e-05
-4.135755e-08,5.64196e-05
-4.125755e-08,7.52296e-05
-4.115755e-08,9.27423e-05
-4.105755e-08,0.000107661
-4.095755e-08,0.000118038
-4.085755e-08,0.000123227
-4.075755e-08,0.000124525
-4.065755e-08,0.000120633
-4.055755e-08,0.000114147
-4.045755e-08,0.000105715
-4.035755e-08,9.79313e-05
-4.025755e-08,9.20937e-05
-4.015755e-08,8.94992e-05
-4.005755e-08,9.01478e-05
-3.995755e-08,9.46882e-05
-3.985755e-08,0.000101823
-3.975755e-08,0.000109606
-3.965755e-08,0.000118038
-3.955755e-08,0.000125173
-3.945755e-08,0.000129714
-3.935755e-08,0.000131011
-3.925755e-08,0.000127768
-3.915755e-08,0.000120633
-3.905755e-08,0.000110255
-3.895755e-08,9.6634e-05
-3.885755e-08,8.23644e-05
-3.875755e-08,6.80947e-05
-3.865755e-08,5.64196e-05
-3.855755e-08,4.73389e-05
-3.845755e-08,4.21499e-05
-3.835755e-08,4.27986e-05
-3.825755e-08,4.86361e-05
-3.815755e-08,5.96627e-05
-3.805755e-08,7.39323e-05
-3.795755e-08,9.14451e-05
-3.785755e-08,0.000110255
-3.775755e-08,0.000127768
-3.765755e-08,0.000142686
-3.755755e-08,0.000153064
-3.745755e-08,0.000156956
-3.735755e-08,0.000153713
-3.725755e-08,0.000143335
-3.715755e-08,0.000125822
-3.705755e-08,0.000104417
-3.695755e-08,7.97699e-05
-3.685755e-08,5.44737e-05
-3.675755e-08,3.04748e-05
-3.665755e-08,9.71892e-06
-3.655755e-08,-5.84796e-06
-3.645755e-08,-1.68745e-05
-3.635755e-08,-2.14148e-05
-3.625755e-08,-2.20635e-05
-3.615755e-08,-1.88204e-05
-3.605755e-08,-1.29828e-05
-3.595755e-08,-7.1452e-06
-3.585755e-08,-1.95624e-06
-3.575755e-08,1.93548e-06
-3.565755e-08,5.17858e-06
-3.555755e-08,7.12444e-06
-3.545755e-08,9.0703e-06
-3.535755e-08,1.16648e-05
-3.525755e-08,1.55565e-05
-3.515755e-08,2.20427e-05
-3.505755e-08,3.1772e-05
-3.495755e-08,4.47444e-05
-3.485755e-08,5.96627e-05
-3.475755e-08,7.65268e-05
-3.465755e-08,9.33909e-05
-3.455755e-08,0.000108309
-3.445755e-08,0.000121282
-3.435755e-08,0.000130362
-3.425755e-08,0.000135551
-3.415755e-08,0.000136848
-3.405755e-08,0.000134254
-3.395755e-08,0.000128416
-3.385755e-08,0.000119984
-3.375755e-08,0.000110255
-3.365755e-08,9.92285e-05
-3.355755e-08,8.94992e-05
-3.345755e-08,8.17158e-05
-3.335755e-08,7.65268e-05
-3.325755e-08,7.32837e-05
-3.315755e-08,7.32837e-05
-3.305755e-08,7.52296e-05
-3.295755e-08,7.84727e-05
-3.285755e-08,8.3013e-05
-3.275755e-08,8.88506e-05
-3.265755e-08,9.46882e-05
-3.255755e-08,9.92285e-05
-3.245755e-08,0.000101823
-3.235755e-08,0.000101174
-3.225755e-08,9.6634e-05
-3.215755e-08,8.75533e-05
-3.205755e-08,7.39323e-05
-3.195755e-08,5.77168e-05
-3.185755e-08,3.89068e-05
-3.175755e-08,1.87996e-05
-3.165755e-08,-6.58998e-07
-3.155755e-08,-1.68745e-05
-3.145755e-08,-2.7901e-05
-3.135755e-08,-3.309e-05
-3.125755e-08,-2.98469e-05
-3.115755e-08,-1.88204e-05
-3.105755e-08,6.38242e-07
-3.095755e-08,2.52858e-05
-3.085755e-08,5.38251e-05
-3.075755e-08,8.3013e-05
-3.065755e-08,0.000110255
-3.055755e-08,0.000132308
-3.045755e-08,0.000148524
-3.035755e-08,0.000157604
-3.025755e-08,0.000160847
-3.015755e-08,0.000158902
-3.005755e-08,0.000154361
-2.995755e-08,0.000148524
-2.985755e-08,0.000144632
-2.975755e-08,0.000142686
-2.965755e-08,0.000143983
-2.955755e-08,0.000149172
-2.945755e-08,0.000156307
-2.935755e-08,0.000164739
-2.925755e-08,0.000171225
-2.915755e-08,0.000175117
-2.905755e-08,0.000174468
-2.895755e-08,0.000168631
-2.885755e-08,0.000158902
-2.875755e-08,0.000145281
-2.865755e-08,0.000129065
-2.855755e-08,0.000112201
-2.845755e-08,9.46882e-05
-2.835755e-08,7.91213e-05
-2.825755e-08,6.48516e-05
-2.815755e-08,5.0582e-05
-2.805755e-08,3.6961e-05
-2.795755e-08,2.13941e-05
-2.785755e-08,4.52996e-06
-2.775755e-08,-1.62259e-05
-2.765755e-08,-3.95762e-05
-2.755755e-08,-6.35752e-05
-2.745755e-08,-8.82227e-05
-2.735755e-08,-0.000110924
-2.725755e-08,-0.000129734
-2.715755e-08,-0.000142058
-2.705755e-08,-0.000147247
-2.695755e-08,-0.000144653
-2.685755e-08,-0.000134275
-2.675755e-08,-0.000118059
-2.665755e-08,-9.7952e-05
-2.655755e-08,-7.52503e-05
-2.645755e-08,-5.25486e-05
-2.635755e-08,-3.04955e-05
-2.625755e-08,-1.03883e-05
-2.615755e-08,6.47582e-06
-2.605755e-08,2.00968e-05
-2.595755e-08,3.1772e-05
-2.585755e-08,4.08527e-05
-2.575755e-08,4.92848e-05
-2.565755e-08,5.77168e-05
-2.555755e-08,6.74461e-05
-2.545755e-08,7.71754e-05
-2.535755e-08,8.75533e-05
-2.525755e-08,9.6634e-05
-2.515755e-08,0.000106363
-2.505755e-08,0.000114795
-2.495755e-08,0.000121282
-2.485755e-08,0.000126471
-2.475755e-08,0.000129714
-2.465755e-08,0.000130362
-2.455755e-08,0.000130362
-2.445755e-08,0.000129065
-2.435755e-08,0.000127119
-2.425755e-08,0.000124525
-2.415755e-08,0.000121282
-2.405755e-08,0.00011739
-2.395755e-08,0.000112201
-2.385755e-08,0.000106363
-2.375755e-08,9.79313e-05
-2.365755e-08,8.8202e-05
-2.355755e-08,7.58782e-05
-2.345755e-08,6.22572e-05
-2.335755e-08,4.86361e-05
-2.325755e-08,3.56637e-05
-2.315755e-08,2.59344e-05
-2.305755e-08,1.87996e-05
-2.295755e-08,1.55565e-05
-2.285755e-08,1.49079e-05
-2.275755e-08,1.68537e-05
-2.265755e-08,2.20427e-05
-2.255755e-08,2.85289e-05
-2.245755e-08,3.56637e-05
-2.235755e-08,4.21499e-05
-2.225755e-08,4.79875e-05
-2.215755e-08,5.18792e-05
-2.205755e-08,5.51223e-05
-2.195755e-08,5.77168e-05
-2.185755e-08,5.96627e-05
-2.175755e-08,6.22572e-05
-2.165755e-08,6.55003e-05
-2.155755e-08,6.9392e-05
-2.145755e-08,7.39323e-05
-2.135755e-08,7.91213e-05
-2.125755e-08,8.23644e-05
-2.115755e-08,8.36616e-05
-2.105755e-08,8.17158e-05
-2.095755e-08,7.58782e-05
-2.085755e-08,6.74461e-05
-2.075755e-08,5.5771e-05
-2.065755e-08,4.27986e-05
-2.055755e-08,2.91775e-05
-2.045755e-08,1.62051e-05
-2.035755e-08,5.8272e-06
-2.025755e-08,-1.30762e-06
-2.015755e-08,-3.9021e-06
-2.005755e-08,-1.95624e-06
-1.995755e-08,5.17858e-06
-1.985755e-08,1.62051e-05
-1.975755e-08,3.04748e-05
-1.965755e-08,4.73389e-05
-1.955755e-08,6.48516e-05
-1.945755e-08,8.3013e-05
-1.935755e-08,9.98771e-05
-1.925755e-08,0.000116741
-1.915755e-08,0.00013166
-1.905755e-08,0.000144632
-1.895755e-08,0.00015501
-1.885755e-08,0.000162145
-1.875755e-08,0.000165388
-1.865755e-08,0.000164091
-1.855755e-08,0.000158253
-1.845755e-08,0.000147875
-1.835755e-08,0.000134254
-1.825755e-08,0.00011739
-1.815755e-08,9.79313e-05
-1.805755e-08,7.7824e-05
-1.795755e-08,5.83654e-05
-1.785755e-08,4.15013e-05
-1.775755e-08,2.72317e-05
-1.765755e-08,1.75024e-05
-1.755755e-08,1.16648e-05
-1.745755e-08,9.0703e-06
-1.735755e-08,9.0703e-06
-1.725755e-08,1.10162e-05
-1.715755e-08,1.2962e-05
-1.705755e-08,1.36106e-05
-1.695755e-08,1.2962e-05
-1.685755e-08,1.10162e-05
-1.675755e-08,7.77306e-06
-1.665755e-08,3.23272e-06
-1.655755e-08,-1.30762e-06
-1.645755e-08,-5.19934e-06
-1.635755e-08,-7.1452e-06
-1.625755e-08,-6.49658e-06
-1.615755e-08,-3.9021e-06
-1.605755e-08,1.93548e-06
-1.595755e-08,9.71892e-06
-1.585755e-08,2.00968e-05
-1.575755e-08,3.04748e-05
-1.565755e-08,4.15013e-05
-1.555755e-08,5.18792e-05
-1.545755e-08,6.16085e-05
-1.535755e-08,7.00406e-05
-1.525755e-08,7.7824e-05
-1.515755e-08,8.43102e-05
-1.505755e-08,9.01478e-05
-1.495755e-08,9.46882e-05
-1.485755e-08,9.92285e-05
-1.475755e-08,0.000102472
-1.465755e-08,0.000105715
-1.455755e-08,0.000107661
-1.445755e-08,0.000108958
-1.435755e-08,0.000109606
-1.425755e-08,0.000108958
-1.415755e-08,0.000107012
-1.405755e-08,0.000104417
-1.395755e-08,0.000102472
-1.385755e-08,0.000101823
-1.375755e-08,0.00010312
-1.365755e-08,0.000105715
-1.355755e-08,0.000110255
-1.345755e-08,0.000116093
-1.335755e-08,0.000123227
-1.325755e-08,0.00013166
-1.315755e-08,0.000140092
-1.305755e-08,0.000147875
-1.295755e-08,0.000154361
-1.285755e-08,0.000158902
-1.275755e-08,0.000161496
-1.265755e-08,0.000161496
-1.255755e-08,0.000160199
-1.245755e-08,0.000157604
-1.235755e-08,0.000154361
-1.225755e-08,0.000150469
-1.215755e-08,0.000146578
-1.205755e-08,0.000141389
-1.195755e-08,0.000135551
-1.185755e-08,0.000127768
-1.175755e-08,0.000118038
-1.165755e-08,0.000105715
-1.155755e-08,9.14451e-05
-1.145755e-08,7.52296e-05
-1.135755e-08,5.83654e-05
-1.125755e-08,4.15013e-05
-1.115755e-08,2.78803e-05
-1.105755e-08,1.75024e-05
-1.095755e-08,1.16648e-05
-1.085755e-08,1.16648e-05
-1.075755e-08,1.8151e-05
-1.065755e-08,3.04748e-05
-1.055755e-08,4.73389e-05
-1.045755e-08,6.67975e-05
-1.035755e-08,8.69047e-05
-1.025755e-08,0.000105715
-1.015755e-08,0.000120633
-1.005755e-08,0.000129714
-9.957548e-09,0.000132308
-9.857548e-09,0.000127768
-9.757548e-09,0.000116741
-9.657548e-09,0.000100526
-9.557548e-09,8.10671e-05
-9.457548e-09,5.90141e-05
-9.357548e-09,3.56637e-05
-9.257548e-09,1.36106e-05
-9.157548e-09,-5.84796e-06
-9.057548e-09,-2.27121e-05
-8.957548e-09,-3.69817e-05
-8.857548e-09,-4.73596e-05
-8.757548e-09,-5.31972e-05
-8.657548e-09,-5.51431e-05
-8.557548e-09,-5.25486e-05
-8.457548e-09,-4.60624e-05
-8.357548e-09,-3.56845e-05
-8.257548e-09,-2.20635e-05
-8.157548e-09,-6.49658e-06
-8.057548e-09,1.03675e-05
-7.957548e-09,2.72317e-05
-7.857548e-09,4.34472e-05
-7.757548e-09,5.64196e-05
-7.657548e-09,6.55003e-05
-7.557548e-09,7.06892e-05
-7.457548e-09,7.26351e-05
-7.357548e-09,7.19865e-05
-7.257548e-09,7.00406e-05
-7.157548e-09,6.87434e-05
-7.057548e-09,6.9392e-05
-6.957548e-09,7.26351e-05
-6.857548e-09,7.84727e-05
-6.757548e-09,8.69047e-05
-6.657548e-09,9.79313e-05
-6.557548e-09,0.000108958
-6.457548e-09,0.000119336
-6.357548e-09,0.000127119
-6.257548e-09,0.000131011
-6.157548e-09,0.000131011
-6.057548e-09,0.000126471
-5.957548e-09,0.000119984
-5.857548e-09,0.000111552
-5.757548e-09,0.000103769
-5.657548e-09,9.6634e-05
-5.557548e-09,9.27423e-05
-5.457548e-09,9.14451e-05
-5.357548e-09,9.27423e-05
-5.257548e-09,9.59854e-05
-5.157548e-09,0.000100526
-5.057548e-09,0.000104417
-4.957548e-09,0.000106363
-4.857548e-09,0.000105066
-4.757548e-09,0.000100526
-4.657548e-09,9.33909e-05
-4.557548e-09,8.49589e-05
-4.457548e-09,7.52296e-05
-4.357548e-09,6.67975e-05
-4.257548e-09,6.03113e-05
-4.157548e-09,5.64196e-05
-4.057548e-09,5.5771e-05
-3.957548e-09,5.96627e-05
-3.857548e-09,6.67975e-05
-3.757548e-09,7.58782e-05
-3.657548e-09,8.56075e-05
-3.557548e-09,9.33909e-05
-3.457548e-09,9.85799e-05
-3.357548e-09,0.000101174
-3.257548e-09,9.98771e-05
-3.157548e-09,9.46882e-05
-3.057548e-09,8.69047e-05
-2.957548e-09,7.65268e-05
-2.857548e-09,6.55003e-05
-2.757548e-09,5.44737e-05
-2.657548e-09,4.40958e-05
-2.557548e-09,3.37179e-05
-2.457548e-09,2.33399e-05
-2.357548e-09,1.10162e-05
-2.257548e-09,-2.60486e-06
-2.157548e-09,-1.9469e-05
-2.057548e-09,-3.89276e-05
-1.957548e-09,-6.03321e-05
-1.857548e-09,-8.4331e-05
-1.757548e-09,-0.000111573
-1.657548e-09,-0.000142058
-1.557548e-09,-0.000173192
-1.457548e-09,-0.000206272
-1.357548e-09,-0.000240648
-1.257548e-09,-0.000278917
-1.157548e-09,-0.000322375
-1.057548e-09,-0.000373616
-9.57548e-10,-0.000433289
-8.57548e-10,-0.00050334
-7.57548e-10,-0.000584417
-6.57548e-10,-0.000676521
-5.57548e-10,-0.000780949
-4.57548e-10,-0.000896403
-3.57548e-10,-0.00102224
-2.57548e-10,-0.0011565
-1.57548e-10,-0.00129855
-5.754798e-11,-0.00144773
4.245202e-11,-0.00160275
1.42452e-10,-0.00176296
2.42452e-10,-0.00192901
3.42452e-10,-0.00209895
4.42452e-10,-0.00227407
5.42452e-10,-0.00245244
6.42452e-10,-0.00263276
7.42452e-10,-0.00281372
8.42452e-10,-0.00299145
9.42452e-10,-0.00316398
1.042452e-09,-0.00332873
1.142452e-09,-0.0034831
1.242452e-09,-0.0036258
1.342452e-09,-0.00375682
1.442452e-09,-0.00387552
1.542452e-09,-0.00398254
1.642452e-09,-0.00407983
1.742452e-09,-0.00416869
1.842452e-09,-0.00424977
1.942452e-09,-0.00432306
2.042452e-09,-0.00438987
2.142452e-09,-0.00444825
2.242452e-09,-0.00449819
2.342452e-09,-0.00453841
2.442452e-09,-0.00456759
2.542452e-09,-0.00458511
2.642452e-09,-0.00459159
2.742452e-09,-0.00458705
2.842452e-09,-0.00457408
2.942452e-09,-0.00455462
3.042452e-09,-0.00452997
3.142452e-09,-0.00450208
3.242452e-09,-0.0044716
3.342452e-09,-0.00444111
3.442452e-09,-0.00441063
3.542452e-09,-0.00437949
3.642452e-09,-0.00434836
3.742452e-09,-0.00431723
3.842452e-09,-0.00428415
3.942452e-09,-0.00424912
4.042452e-09,-0.00421215
4.142452e-09,-0.00417323
4.242452e-09,-0.00413172
4.342452e-09,-0.00408956
4.442452e-09,-0.0040461
4.542452e-09,-0.004002
4.642452e-09,-0.00395789
4.742452e-09,-0.00391184
4.842452e-09,-0.00386514
4.942452e-09,-0.00381649
5.042452e-09,-0.00376525
5.142452e-09,-0.00371077
5.242452e-09,-0.00365304
5.342452e-09,-0.00359207
5.442452e-09,-0.00352915
5.542452e-09,-0.00346429
5.642452e-09,-0.00340008
5.742452e-09,-0.00333716
5.842452e-09,-0.00327814
5.942452e-09,-0.003223
6.042452e-09,-0.00317176
6.142452e-09,-0.00312377
6.242452e-09,-0.00307771
6.342452e-09,-0.00303231
6.442452e-09,-0.00298626
6.542452e-09,-0.00293826
6.642452e-09,-0.00288767
6.742452e-09,-0.00283448
6.842452e-09,-0.00278064
6.942452e-09,-0.00272681
7.042452e-09,-0.00267427
7.142452e-09,-0.00262368
7.242452e-09,-0.00257568
7.342452e-09,-0.00253028
7.442452e-09,-0.00248617
7.542452e-09,-0.00244336
7.642452e-09,-0.0023999
7.742452e-09,-0.0023532
7.842452e-09,-0.00230131
7.942452e-09,-0.00224488
8.042452e-09,-0.00218262
8.142452e-09,-0.00211646
8.242452e-09,-0.00204835
8.342452e-09,-0.00198025
8.442452e-09,-0.00191409
8.542452e-09,-0.00185312
8.642452e-09,-0.00179799
8.742452e-09,-0.00174869
8.842452e-09,-0.00170653
8.942452e-09,-0.00166891
9.042452e-09,-0.00163453
9.142452e-09,-0.0016021
9.242452e-09,-0.00156902
9.342452e-09,-0.00153529
9.442452e-09,-0.00150027
9.542452e-09,-0.00146524
9.642452e-09,-0.00143087
9.742452e-09,-0.00139844
9.842452e-09,-0.00137054
9.942452e-09,-0.00134914
1.004245e-08,-0.00133487
1.014245e-08,-0.00132709
1.024245e-08,-0.00132644
1.034245e-08,-0.00132968
1.044245e-08,-0.00133682
1.054245e-08,-0.0013446
1.064245e-08,-0.00135109
1.074245e-08,-0.00135563
1.084245e-08,-0.00135692
1.094245e-08,-0.00135563
1.104245e-08,-0.00135173
1.114245e-08,-0.00134719
1.124245e-08,-0.0013433
1.134245e-08,-0.00134201
1.144245e-08,-0.00134525
1.154245e-08,-0.00135303
1.164245e-08,-0.00136536
1.174245e-08,-0.00138157
1.184245e-08,-0.00140103
1.194245e-08,-0.00142308
1.204245e-08,-0.00144578
1.214245e-08,-0.00146719
1.224245e-08,-0.00148665
1.234245e-08,-0.00150286
1.244245e-08,-0.00151584
1.254245e-08,-0.00152556
1.264245e-08,-0.00153205
1.274245e-08,-0.00153529
1.284245e-08,-0.00153659
1.294245e-08,-0.00153465
1.304245e-08,-0.0015314
1.314245e-08,-0.00152751
1.324245e-08,-0.00152167
1.334245e-08,-0.00151519
1.344245e-08,-0.00150805
1.354245e-08,-0.00149962
1.364245e-08,-0.00148989
1.374245e-08,-0.00147951
1.384245e-08,-0.00146719
1.394245e-08,-0.00145292
1.404245e-08,-0.00143606
1.414245e-08,-0.00141465
1.424245e-08,-0.00138935
1.434245e-08,-0.00135757
1.444245e-08,-0.00131866
1.454245e-08,-0.0012739
1.464245e-08,-0.00122266
1.474245e-08,-0.00116818
1.484245e-08,-0.00111045
1.494245e-08,-0.00105272
1.504245e-08,-0.000997588
1.514245e-08,-0.000947644
1.524245e-08,-0.000905484
1.534245e-08,-0.000871756
1.544245e-08,-0.000847757
1.554245e-08,-0.000831541
1.564245e-08,-0.000823109
1.574245e-08,-0.000819866
1.584245e-08,-0.000820515
1.594245e-08,-0.000821812
1.604245e-08,-0.000822461
1.614245e-08,-0.000822461
1.624245e-08,-0.000821163
1.634245e-08,-0.000819218
1.644245e-08,-0.000817272
1.654245e-08,-0.000815975
1.664245e-08,-0.000815975
1.674245e-08,-0.00081792
1.684245e-08,-0.000820515
1.694245e-08,-0.000822461
1.704245e-08,-0.000823758
1.714245e-08,-0.000822461
1.724245e-08,-0.000815975
1.734245e-08,-0.000804299
1.744245e-08,-0.000787435
1.754245e-08,-0.000765382
1.764245e-08,-0.000739437
1.774245e-08,-0.000711547
1.784245e-08,-0.000683656
1.794245e-08,-0.00065836
1.804245e-08,-0.000637604
1.814245e-08,-0.000621388
1.824245e-08,-0.000610362
1.834245e-08,-0.000603227
1.844245e-08,-0.000599984
1.854245e-08,-0.00059739
1.864245e-08,-0.000596092
1.874245e-08,-0.000592849
1.884245e-08,-0.000586363
1.894245e-08,-0.000577282
1.904245e-08,-0.000563661
1.914245e-08,-0.000548094
1.924245e-08,-0.000528636
1.934245e-08,-0.00050788
1.944245e-08,-0.000485827
1.954245e-08,-0.000463125
1.964245e-08,-0.000439775
1.974245e-08,-0.000415127
1.984245e-08,-0.000389831
1.994245e-08,-0.000363886
2.004245e-08,-0.000337293
2.014245e-08,-0.000311997
2.024245e-08,-0.000287998
2.034245e-08,-0.000267242
2.044245e-08,-0.000251026
2.054245e-08,-0.000240648
2.064245e-08,-0.000237405
2.074245e-08,-0.000241946
2.084245e-08,-0.000252972
2.094245e-08,-0.000269188
2.104245e-08,-0.000289295
2.114245e-08,-0.000310699
2.124245e-08,-0.000330807
2.134245e-08,-0.000348319
2.144245e-08,-0.000362589
2.154245e-08,-0.000372967
2.164245e-08,-0.00038075
2.174245e-08,-0.000387237
2.184245e-08,-0.00039502
2.194245e-08,-0.000404101
2.204245e-08,-0.000417073
2.214245e-08,-0.00043264
2.224245e-08,-0.00045145
2.234245e-08,-0.000470909
2.244245e-08,-0.000488421
2.254245e-08,-0.000500745
2.264245e-08,-0.000507231
2.274245e-08,-0.000505285
2.284245e-08,-0.000495556
2.294245e-08,-0.000478692
2.304245e-08,-0.00045599
2.314245e-08,-0.000431343
2.324245e-08,-0.000406695
2.334245e-08,-0.000385939
2.344245e-08,-0.00037167
2.354245e-08,-0.000365184
2.364245e-08,-0.000365832
2.374245e-08,-0.000372967
2.384245e-08,-0.000385939
2.394245e-08,-0.000401506
2.404245e-08,-0.000417722
2.414245e-08,-0.000433289
2.424245e-08,-0.00044691
2.434245e-08,-0.000459233
2.444245e-08,-0.00047026
2.454245e-08,-0.000481935
2.464245e-08,-0.000494908
2.474245e-08,-0.000509826
2.484245e-08,-0.000527987
2.494245e-08,-0.000547446
2.504245e-08,-0.00056885
2.514245e-08,-0.000588957
2.524245e-08,-0.000607119
2.534245e-08,-0.000621388
2.544245e-08,-0.000630469
2.554245e-08,-0.000632415
2.564245e-08,-0.000629172
2.574245e-08,-0.00062074
2.584245e-08,-0.000609713
2.594245e-08,-0.00059739
2.604245e-08,-0.000584417
2.614245e-08,-0.000574039
2.624245e-08,-0.000565607
2.634245e-08,-0.000558472
2.644245e-08,-0.000552635
2.654245e-08,-0.0005455
2.664245e-08,-0.000537068
2.674245e-08,-0.000525393
2.684245e-08,-0.000511123
2.694245e-08,-0.00049361
2.704245e-08,-0.000474152
2.714245e-08,-0.000454044
2.724245e-08,-0.000433937
2.734245e-08,-0.000416425
2.744245e-08,-0.000402155
2.754245e-08,-0.000391777
2.764245e-08,-0.000383994
2.774245e-08,-0.000379453
2.784245e-08,-0.00037621
2.794245e-08,-0.000372967
2.804245e-08,-0.000367778
2.814245e-08,-0.000360643
2.824245e-08,-0.000350914
2.834245e-08,-0.00033859
2.844245e-08,-0.000324969
2.854245e-08,-0.000310699
2.864245e-08,-0.000298376
2.874245e-08,-0.000288646
2.884245e-08,-0.000284106
2.894245e-08,-0.000283457
2.904245e-08,-0.000287349
2.914245e-08,-0.000293835
2.924245e-08,-0.000303565
2.934245e-08,-0.000313943
2.944245e-08,-0.00032432
2.954245e-08,-0.000333401
2.964245e-08,-0.000340536
2.974245e-08,-0.000345725
2.984245e-08,-0.000350914
2.994245e-08,-0.000354806
3.004245e-08,-0.000358697
3.014245e-08,-0.000363238
3.024245e-08,-0.000367778
3.034245e-08,-0.000372318
3.044245e-08,-0.000375561
3.054245e-08,-0.00037621
3.064245e-08,-0.000374913
3.074245e-08,-0.000369075
3.084245e-08,-0.000359346
3.094245e-08,-0.000344428
3.104245e-08,-0.000327564
3.114245e-08,-0.000308754
3.124245e-08,-0.000289295
3.134245e-08,-0.000271782
3.144245e-08,-0.000256864
3.154245e-08,-0.000245189
3.164245e-08,-0.000237405
3.174245e-08,-0.000233514
3.184245e-08,-0.000233514
3.194245e-08,-0.000236757
3.204245e-08,-0.000241946
3.214245e-08,-0.000249081
3.224245e-08,-0.000256864
3.234245e-08,-0.000265296
3.244245e-08,-0.000273079
3.254245e-08,-0.000280214
3.264245e-08,-0.000287349
3.274245e-08,-0.000293835
3.284245e-08,-0.000299673
3.294245e-08,-0.000304862
3.304245e-08,-0.000309402
3.314245e-08,-0.000311997
3.324245e-08,-0.000313294
3.334245e-08,-0.000312645
3.344245e-08,-0.000311348
3.354245e-08,-0.000309402
3.364245e-08,-0.000306808
3.374245e-08,-0.00030551
3.384245e-08,-0.00030551
3.394245e-08,-0.000308754
3.404245e-08,-0.000314591
3.414245e-08,-0.00032432
3.424245e-08,-0.000337941
3.434245e-08,-0.000353508
3.444245e-08,-0.000371021
3.454245e-08,-0.000387885
3.464245e-08,-0.000404101
3.474245e-08,-0.000417073
3.484245e-08,-0.000426154
3.494245e-08,-0.000431343
3.504245e-08,-0.000433289
3.514245e-08,-0.000431343
3.524245e-08,-0.000427451
3.534245e-08,-0.000422262
3.544245e-08,-0.000416425
3.554245e-08,-0.000410587
3.564245e-08,-0.000404101
3.574245e-08,-0.000397615
3.584245e-08,-0.00039048
3.594245e-08,-0.000382048
3.604245e-08,-0.00037167
3.614245e-08,-0.000358697
3.624245e-08,-0.000344428
3.634245e-08,-0.000329509
3.644245e-08,-0.000314591
3.654245e-08,-0.000300322
3.664245e-08,-0.000287998
3.674245e-08,-0.000278917
3.684245e-08,-0.000271782
3.694245e-08,-0.000268539
3.704245e-08,-0.000266593
3.714245e-08,-0.000265296
3.724245e-08,-0.000262053
3.734245e-08,-0.000255567
3.744245e-08,-0.000245837
3.754245e-08,-0.000231568
3.764245e-08,-0.000213406
3.774245e-08,-0.000192002
3.784245e-08,-0.0001693
3.794245e-08,-0.000147247
3.804245e-08,-0.000126491
3.814245e-08,-0.00010833
3.824245e-08,-9.47089e-05
3.834245e-08,-8.49796e-05
3.844245e-08,-7.71962e-05
3.854245e-08,-7.13586e-05
3.864245e-08,-6.61696e-05
3.874245e-08,-6.03321e-05
3.884245e-08,-5.38459e-05
3.894245e-08,-4.6711e-05
3.904245e-08,-4.08734e-05
3.914245e-08,-3.69817e-05
3.924245e-08,-3.63331e-05
3.934245e-08,-4.08734e-05
3.944245e-08,-5.06027e-05
3.954245e-08,-6.61696e-05
3.964245e-08,-8.49796e-05
3.974245e-08,-0.000107033
3.984245e-08,-0.000129734
3.994245e-08,-0.000151787
4.004245e-08,-0.000170597
4.014245e-08,-0.000186164
4.024245e-08,-0.000197191
4.034245e-08,-0.000203028
4.044245e-08,-0.000204974
4.054245e-08,-0.000204326
4.064245e-08,-0.00020238
4.074245e-08,-0.000200434
4.084245e-08,-0.000199137
4.094245e-08,-0.000198488
4.104245e-08,-0.000199137
4.114245e-08,-0.000198488
4.124245e-08,-0.000197191
4.134245e-08,-0.000193299
4.144245e-08,-0.000187462
4.154245e-08,-0.00017903
4.164245e-08,-0.000167354
4.174245e-08,-0.000154382
4.184245e-08,-0.000139464
4.194245e-08,-0.000124545
4.204245e-08,-0.000110924
4.214245e-08,-0.000100547
4.224245e-08,-9.34117e-05
4.234245e-08,-9.01686e-05
4.244245e-08,-9.01686e-05
4.254245e-08,-9.21144e-05
4.264245e-08,-9.53575e-05
4.274245e-08,-9.86006e-05
4.284245e-08,-0.000101195
4.294245e-08,-0.000103141
4.304245e-08,-0.000103141
4.314245e-08,-0.00010379
4.324245e-08,-0.000105087
4.334245e-08,-0.000107681
4.344245e-08,-0.00011287
4.354245e-08,-0.000121302
4.364245e-08,-0.00013168
4.374245e-08,-0.000144653
4.384245e-08,-0.000158922
4.394245e-08,-0.000173841
4.404245e-08,-0.000187462
4.414245e-08,-0.000198488
4.424245e-08,-0.000206272
4.434245e-08,-0.000210163
4.444245e-08,-0.000209515
4.454245e-08,-0.00020692
4.464245e-08,-0.000201731
4.474245e-08,-0.000197191
4.484245e-08,-0.000192651
4.494245e-08,-0.000189407
4.504245e-08,-0.000188759
4.514245e-08,-0.000191353
4.524245e-08,-0.000195245
4.534245e-08,-0.000199785
4.544245e-08,-0.000204974
4.554245e-08,-0.000209515
4.564245e-08,-0.000213406
4.574245e-08,-0.000216001
4.584245e-08,-0.000217947
4.594245e-08,-0.000218595
4.604245e-08,-0.000219244
4.614245e-08,-0.000219893
4.624245e-08,-0.00022119
4.634245e-08,-0.000224433
4.644245e-08,-0.000227676
4.654245e-08,-0.000230919
4.664245e-08,-0.000233514
4.674245e-08,-0.000233514
4.684245e-08,-0.000229622
4.694245e-08,-0.000221838
4.704245e-08,-0.000209515
4.714245e-08,-0.000192651
4.724245e-08,-0.000171246
4.734245e-08,-0.000146599
4.744245e-08,-0.000119356
4.754245e-08,-8.952e-05
4.764245e-08,-5.77376e-05
4.774245e-08,-2.53066e-05
4.784245e-08,7.12444e-06
4.794245e-08,4.02041e-05
4.804245e-08,7.19865e-05
4.814245e-08,0.000102472
4.824245e-08,0.000131011
4.834245e-08,0.000156307
4.844245e-08,0.000177063
4.854245e-08,0.00019263
4.864245e-08,0.000200413
4.874245e-08,0.000201062
4.884245e-08,0.000193278
4.894245e-08,0.000177063
4.904245e-08,0.000153064
4.914245e-08,0.000122579
4.924245e-08,8.8202e-05
4.934245e-08,5.18792e-05
4.944245e-08,1.36106e-05
4.954245e-08,-2.27121e-05
4.964245e-08,-5.64403e-05
4.974245e-08,-8.56282e-05
4.984245e-08,-0.000110276
4.994245e-08,-0.000130383
5.004245e-08,-0.000145301
5.014245e-08,-0.000156328
5.024245e-08,-0.000165409
5.034245e-08,-0.000171895
5.044245e-08,-0.000176435
5.054245e-08,-0.000178381
5.064245e-08,-0.00017903
5.074245e-08,-0.000177084
5.084245e-08,-0.000172543
5.094245e-08,-0.000165409
5.104245e-08,-0.000156976
5.114245e-08,-0.000147247
5.124245e-08,-0.000136221
5.134245e-08,-0.000126491
5.144245e-08,-0.000120005
5.154245e-08,-0.000117411
5.164245e-08,-0.000117411
5.174245e-08,-0.000121302
5.184245e-08,-0.00012714
5.194245e-08,-0.000134275
5.204245e-08,-0.000140112
5.214245e-08,-0.000143355
5.224245e-08,-0.000143355
5.234245e-08,-0.000137518
5.244245e-08,-0.00012714
5.254245e-08,-0.000111573
5.264245e-08,-9.40603e-05
5.274245e-08,-7.52503e-05
5.284245e-08,-5.7089e-05
5.294245e-08,-4.08734e-05
5.304245e-08,-2.7901e-05
5.314245e-08,-1.81717e-05
5.324245e-08,-1.16855e-05
5.334245e-08,-7.1452e-06
5.344245e-08,-3.9021e-06
5.354245e-08,-1.03779e-08
5.364245e-08,5.17858e-06
5.374245e-08,1.23134e-05
5.384245e-08,2.07455e-05
5.394245e-08,3.04748e-05
5.404245e-08,3.95555e-05
5.414245e-08,4.66903e-05
5.424245e-08,5.12306e-05
5.434245e-08,5.0582e-05
5.444245e-08,4.60417e-05
5.454245e-08,3.63124e-05
5.464245e-08,2.26913e-05
5.474245e-08,5.8272e-06
5.484245e-08,-1.16855e-05
5.494245e-08,-2.7901e-05
5.504245e-08,-4.21707e-05
5.514245e-08,-5.44945e-05
5.524245e-08,-6.29265e-05
5.534245e-08,-6.74669e-05
5.544245e-08,-6.94127e-05
5.554245e-08,-7.071e-05
5.564245e-08,-7.071e-05
5.574245e-08,-7.13586e-05
5.584245e-08,-7.33045e-05
5.594245e-08,-7.71962e-05
5.604245e-08,-8.10879e-05
5.614245e-08,-8.56282e-05
5.624245e-08,-8.952e-05
5.634245e-08,-9.08172e-05
5.644245e-08,-8.82227e-05
5.654245e-08,-8.10879e-05
5.664245e-08,-6.87641e-05
5.674245e-08,-5.19e-05
5.684245e-08,-3.24414e-05
5.694245e-08,-1.10369e-05
5.704245e-08,9.0703e-06
5.714245e-08,2.72317e-05
5.724245e-08,4.21499e-05
5.734245e-08,5.18792e-05
5.744245e-08,5.70682e-05
5.754245e-08,5.77168e-05
5.764245e-08,5.38251e-05
5.774245e-08,4.79875e-05
5.784245e-08,4.08527e-05
5.794245e-08,3.24206e-05
5.804245e-08,2.39886e-05
5.814245e-08,1.55565e-05
5.824245e-08,7.77306e-06
5.834245e-08,-6.58998e-07
5.844245e-08,-9.73968e-06
5.854245e-08,-1.9469e-05
5.864245e-08,-3.04955e-05
5.874245e-08,-4.21707e-05
5.884245e-08,-5.31972e-05
5.894245e-08,-6.16293e-05
5.904245e-08,-6.61696e-05
5.914245e-08,-6.5521e-05
5.924245e-08,-5.90348e-05
5.934245e-08,-4.6711e-05
5.944245e-08,-2.85497e-05
5.954245e-08,-6.49658e-06
5.964245e-08,1.87996e-05
5.974245e-08,4.47444e-05
5.984245e-08,6.87434e-05
5.994245e-08,8.94992e-05
6.004245e-08,0.000105715
6.014245e-08,0.000116741
6.024245e-08,0.000123227
6.034245e-08,0.000125173
6.044245e-08,0.000124525
6.054245e-08,0.000121282
6.064245e-08,0.00011739
6.074245e-08,0.000113498
6.084245e-08,0.000108958
6.094245e-08,0.000103769
6.104245e-08,9.6634e-05
6.114245e-08,8.88506e-05
6.124245e-08,7.91213e-05
6.134245e-08,6.67975e-05
6.144245e-08,5.25279e-05
6.154245e-08,3.63124e-05
6.164245e-08,1.8151e-05
6.174245e-08,-1.30762e-06
6.184245e-08,-2.07662e-05
6.194245e-08,-4.02248e-05
6.204245e-08,-5.77376e-05
6.214245e-08,-7.20072e-05
6.224245e-08,-8.36824e-05
6.234245e-08,-9.14658e-05
6.244245e-08,-9.60062e-05
6.254245e-08,-9.66548e-05
6.264245e-08,-9.47089e-05
6.274245e-08,-9.01686e-05
6.284245e-08,-8.4331e-05
6.294245e-08,-7.78448e-05
6.304245e-08,-7.26558e-05
6.314245e-08,-6.94127e-05
6.324245e-08,-6.81155e-05
6.334245e-08,-6.94127e-05
6.344245e-08,-7.39531e-05
6.354245e-08,-8.04393e-05
6.364245e-08,-8.75741e-05
6.374245e-08,-9.53575e-05
6.384245e-08,-0.000103141
6.394245e-08,-0.000108979
6.404245e-08,-0.000111573
6.414245e-08,-0.000110924
6.424245e-08,-0.000106384
6.434245e-08,-9.86006e-05
6.444245e-08,-8.62769e-05
6.454245e-08,-7.00614e-05
6.464245e-08,-5.19e-05
6.474245e-08,-3.309e-05
6.484245e-08,-1.428e-05
6.494245e-08,3.88134e-06
6.504245e-08,2.00968e-05
6.514245e-08,3.50151e-05
6.524245e-08,4.73389e-05
6.534245e-08,5.70682e-05
6.544245e-08,6.4203e-05
6.554245e-08,6.80947e-05
6.564245e-08,7.06892e-05
6.574245e-08,7.13378e-05
6.584245e-08,6.87434e-05
6.594245e-08,6.4203e-05
6.604245e-08,5.70682e-05
6.614245e-08,4.60417e-05
6.624245e-08,3.1772e-05
6.634245e-08,1.49079e-05
6.644245e-08,-4.55072e-06
6.654245e-08,-2.46579e-05
6.664245e-08,-4.47652e-05
6.674245e-08,-6.35752e-05
6.684245e-08,-7.9142e-05
6.694245e-08,-9.01686e-05
6.704245e-08,-9.66548e-05
6.714245e-08,-9.73034e-05
6.724245e-08,-9.27631e-05
6.734245e-08,-8.4331e-05
6.744245e-08,-7.20072e-05
6.754245e-08,-5.7089e-05
6.764245e-08,-4.15221e-05
6.774245e-08,-2.59552e-05
6.784245e-08,-1.23342e-05
6.794245e-08,-1.30762e-06
6.804245e-08,6.47582e-06
6.814245e-08,1.10162e-05
6.824245e-08,1.23134e-05
6.834245e-08,1.10162e-05
6.844245e-08,7.77306e-06
6.854245e-08,2.5841e-06
6.864245e-08,-5.19934e-06
6.874245e-08,-1.36314e-05
6.884245e-08,-2.27121e-05
6.894245e-08,-3.11441e-05
6.904245e-08,-3.95762e-05
6.914245e-08,-4.60624e-05
6.924245e-08,-5.06027e-05
6.934245e-08,-5.12514e-05
6.944245e-08,-4.93055e-05
6.954245e-08,-4.34679e-05
6.964245e-08,-3.24414e-05
6.974245e-08,-1.81717e-05
6.984245e-08,-1.30762e-06
6.994245e-08,1.75024e-05
7.004245e-08,3.82582e-05
7.014245e-08,5.96627e-05
7.024245e-08,8.04185e-05
7.034245e-08,9.98771e-05
7.044245e-08,0.00011739
7.054245e-08,0.000132957
7.064245e-08,0.000145281
7.074245e-08,0.00015501
7.084245e-08,0.000161496
7.094245e-08,0.000164091
7.104245e-08,0.000162793
7.114245e-08,0.000156956
7.124245e-08,0.000145929
7.134245e-08,0.000130362
7.144245e-08,0.000110904
7.154245e-08,8.69047e-05
7.164245e-08,6.09599e-05
7.174245e-08,3.30692e-05
7.184245e-08,3.23272e-06
7.194245e-08,-2.59552e-05
7.204245e-08,-5.38459e-05
7.214245e-08,-7.84934e-05
7.224245e-08,-9.98979e-05
7.234245e-08,-0.000116762
7.244245e-08,-0.000127789
7.254245e-08,-0.000132978
7.264245e-08,-0.000132329
7.274245e-08,-0.000125194
7.284245e-08,-0.000113519
7.294245e-08,-9.73034e-05
7.304245e-08,-7.9142e-05
7.314245e-08,-5.90348e-05
7.324245e-08,-3.95762e-05
7.334245e-08,-2.27121e-05
7.344245e-08,-8.44244e-06
7.354245e-08,6.38242e-07
7.364245e-08,3.88134e-06
7.374245e-08,1.28686e-06
7.384245e-08,-7.79382e-06
7.394245e-08,-2.27121e-05
7.404245e-08,-4.15221e-05
7.414245e-08,-6.42238e-05
7.424245e-08,-8.88713e-05
7.434245e-08,-0.000114168
7.444245e-08,-0.000137518
7.454245e-08,-0.000156328
7.464245e-08,-0.0001693
7.474245e-08,-0.000175138
7.484245e-08,-0.000173841
7.494245e-08,-0.000163463
7.504245e-08,-0.000144653
7.514245e-08,-0.000119356
7.524245e-08,-8.69255e-05
7.534245e-08,-5.06027e-05
7.544245e-08,-1.16855e-05
7.554245e-08,2.72317e-05
7.564245e-08,6.4203e-05
7.574245e-08,9.72826e-05
7.584245e-08,0.000124525
7.594245e-08,0.000143335
7.604245e-08,0.00015501
7.614245e-08,0.000158253
7.624245e-08,0.000153064
7.634245e-08,0.000141389
7.644245e-08,0.000124525
7.654245e-08,0.00010312
7.664245e-08,7.91213e-05
7.674245e-08,5.38251e-05
7.684245e-08,2.91775e-05
7.694245e-08,7.12444e-06
7.704245e-08,-1.16855e-05
7.714245e-08,-2.66038e-05
7.724245e-08,-3.76303e-05
