LECROYWaveRunner‘N,20113,Waveform
Segments,1,SegmentSize,2002
Segment,TrigTime,TimeSinceSegment1
#1,28-Sep-2018 13:19:58,0                 
Time,Ampl
-1.228837e-07,-1.95624e-06
-1.227837e-07,-2.60486e-06
-1.226837e-07,-1.30762e-06
-1.225837e-07,6.38242e-07
-1.224837e-07,6.38242e-07
-1.223837e-07,-1.95624e-06
-1.222837e-07,-7.79382e-06
-1.221837e-07,-1.88204e-05
-1.220837e-07,-3.43872e-05
-1.219837e-07,-5.38459e-05
-1.218837e-07,-7.58989e-05
-1.217837e-07,-9.86006e-05
-1.216837e-07,-0.000120005
-1.215837e-07,-0.000137518
-1.214837e-07,-0.00015049
-1.213837e-07,-0.000156328
-1.212837e-07,-0.000155679
-1.211837e-07,-0.000146599
-1.210837e-07,-0.000131032
-1.209837e-07,-0.000109627
-1.208837e-07,-8.4331e-05
-1.207837e-07,-5.57917e-05
-1.206837e-07,-2.53066e-05
-1.205837e-07,6.47582e-06
-1.204837e-07,3.82582e-05
-1.203837e-07,7.00406e-05
-1.202837e-07,0.000101174
-1.201837e-07,0.000130362
-1.200837e-07,0.000156956
-1.199837e-07,0.000179657
-1.198837e-07,0.000197819
-1.197837e-07,0.000210143
-1.196837e-07,0.000216629
-1.195837e-07,0.000216629
-1.194837e-07,0.000210791
-1.193837e-07,0.000198467
-1.192837e-07,0.000181603
-1.191837e-07,0.000160847
-1.190837e-07,0.000137497
-1.189837e-07,0.00011285
-1.188837e-07,8.8202e-05
-1.187837e-07,6.4203e-05
-1.186837e-07,4.27986e-05
-1.185837e-07,2.46372e-05
-1.184837e-07,9.71892e-06
-1.183837e-07,-1.30762e-06
-1.182837e-07,-8.44244e-06
-1.181837e-07,-1.23342e-05
-1.180837e-07,-1.23342e-05
-1.179837e-07,-1.03883e-05
-1.178837e-07,-6.49658e-06
-1.177837e-07,-1.30762e-06
-1.176837e-07,5.17858e-06
-1.175837e-07,1.23134e-05
-1.174837e-07,1.87996e-05
-1.173837e-07,2.59344e-05
-1.172837e-07,3.30692e-05
-1.171837e-07,4.15013e-05
-1.170837e-07,5.25279e-05
-1.169837e-07,6.67975e-05
-1.168837e-07,8.49589e-05
-1.167837e-07,0.000107012
-1.166837e-07,0.000134254
-1.165837e-07,0.000164739
-1.164837e-07,0.00019717
-1.163837e-07,0.000230898
-1.162837e-07,0.000263329
-1.161837e-07,0.000291869
-1.160837e-07,0.000315219
-1.159837e-07,0.000330137
-1.158837e-07,0.000337272
-1.157837e-07,0.00033338
-1.156837e-07,0.000320408
-1.155837e-07,0.000299004
-1.154837e-07,0.000269816
-1.153837e-07,0.000236087
-1.152837e-07,0.000199765
-1.151837e-07,0.000162145
-1.150837e-07,0.000127119
-1.149837e-07,9.59854e-05
-1.148837e-07,7.00406e-05
-1.147837e-07,5.0582e-05
-1.146837e-07,3.6961e-05
-1.145837e-07,2.91775e-05
-1.144837e-07,2.6583e-05
-1.143837e-07,2.6583e-05
-1.142837e-07,2.78803e-05
-1.141837e-07,2.78803e-05
-1.140837e-07,2.52858e-05
-1.139837e-07,2.00968e-05
-1.138837e-07,1.23134e-05
-1.137837e-07,1.28686e-06
-1.136837e-07,-1.23342e-05
-1.135837e-07,-2.59552e-05
-1.134837e-07,-3.95762e-05
-1.133837e-07,-5.31972e-05
-1.132837e-07,-6.48724e-05
-1.131837e-07,-7.52503e-05
-1.130837e-07,-8.36824e-05
-1.129837e-07,-9.01686e-05
-1.128837e-07,-9.53575e-05
-1.127837e-07,-0.000100547
-1.126837e-07,-0.000104438
-1.125837e-07,-0.000107681
-1.124837e-07,-0.000108979
-1.123837e-07,-0.000107681
-1.122837e-07,-0.000102492
-1.121837e-07,-9.34117e-05
-1.120837e-07,-7.97907e-05
-1.119837e-07,-6.09807e-05
-1.118837e-07,-3.76303e-05
-1.117837e-07,-1.03883e-05
-1.116837e-07,1.94482e-05
-1.115837e-07,4.92848e-05
-1.114837e-07,7.7824e-05
-1.113837e-07,0.000102472
-1.112837e-07,0.000123227
-1.111837e-07,0.000138146
-1.110837e-07,0.000147226
-1.109837e-07,0.000148524
-1.108837e-07,0.000143983
-1.107837e-07,0.000132957
-1.106837e-07,0.000118038
-1.105837e-07,9.85799e-05
-1.104837e-07,7.65268e-05
-1.103837e-07,5.31765e-05
-1.102837e-07,2.98261e-05
-1.101837e-07,5.8272e-06
-1.100837e-07,-1.55773e-05
-1.099837e-07,-3.50359e-05
-1.098837e-07,-4.99541e-05
-1.097837e-07,-5.96834e-05
-1.096837e-07,-6.48724e-05
-1.095837e-07,-6.35752e-05
-1.094837e-07,-5.7089e-05
-1.093837e-07,-4.47652e-05
-1.092837e-07,-2.72524e-05
-1.091837e-07,-5.19934e-06
-1.090837e-07,1.94482e-05
-1.089837e-07,4.5393e-05
-1.088837e-07,7.00406e-05
-1.087837e-07,9.40395e-05
-1.086837e-07,0.000114795
-1.085837e-07,0.000131011
-1.084837e-07,0.000143335
-1.083837e-07,0.000153064
-1.082837e-07,0.000160199
-1.081837e-07,0.000165388
-1.080837e-07,0.000169928
-1.079837e-07,0.000175766
-1.078837e-07,0.000183549
-1.077837e-07,0.000193278
-1.076837e-07,0.000204305
-1.075837e-07,0.00021598
-1.074837e-07,0.000228304
-1.073837e-07,0.000238033
-1.072837e-07,0.000243871
-1.071837e-07,0.000246465
-1.070837e-07,0.000243222
-1.069837e-07,0.000234141
-1.068837e-07,0.000219872
-1.067837e-07,0.000201062
-1.066837e-07,0.00017836
-1.065837e-07,0.000152415
-1.064837e-07,0.000124525
-1.063837e-07,9.59854e-05
-1.062837e-07,6.67975e-05
-1.061837e-07,3.82582e-05
-1.060837e-07,1.03675e-05
-1.059837e-07,-1.428e-05
-1.058837e-07,-3.56845e-05
-1.057837e-07,-5.25486e-05
-1.056837e-07,-6.48724e-05
-1.055837e-07,-7.00614e-05
-1.054837e-07,-7.00614e-05
-1.053837e-07,-6.29265e-05
-1.052837e-07,-5.12514e-05
-1.051837e-07,-3.43872e-05
-1.050837e-07,-1.49286e-05
-1.049837e-07,5.17858e-06
-1.048837e-07,2.46372e-05
-1.047837e-07,4.08527e-05
-1.046837e-07,5.38251e-05
-1.045837e-07,6.22572e-05
-1.044837e-07,6.74461e-05
-1.043837e-07,6.9392e-05
-1.042837e-07,7.00406e-05
-1.041837e-07,6.9392e-05
-1.040837e-07,7.00406e-05
-1.039837e-07,7.26351e-05
-1.038837e-07,7.7824e-05
-1.037837e-07,8.69047e-05
-1.036837e-07,9.79313e-05
-1.035837e-07,0.000111552
-1.034837e-07,0.000125822
-1.033837e-07,0.000141389
-1.032837e-07,0.000156307
-1.031837e-07,0.000169928
-1.030837e-07,0.000181603
-1.029837e-07,0.000190035
-1.028837e-07,0.000195224
-1.027837e-07,0.000197819
-1.026837e-07,0.00019717
-1.025837e-07,0.000194576
-1.024837e-07,0.000189387
-1.023837e-07,0.000182901
-1.022837e-07,0.000174468
-1.021837e-07,0.000166036
-1.020837e-07,0.000156307
-1.019837e-07,0.000146578
-1.018837e-07,0.000137497
-1.017837e-07,0.000128416
-1.016837e-07,0.000119336
-1.015837e-07,0.000110904
-1.014837e-07,0.000102472
-1.013837e-07,9.40395e-05
-1.012837e-07,8.62561e-05
-1.011837e-07,7.91213e-05
-1.010837e-07,7.19865e-05
-1.009837e-07,6.61489e-05
-1.008837e-07,6.16085e-05
-1.007837e-07,5.77168e-05
-1.006837e-07,5.44737e-05
-1.005837e-07,5.18792e-05
-1.004837e-07,4.79875e-05
-1.003837e-07,4.34472e-05
-1.002837e-07,3.82582e-05
-1.001837e-07,3.1772e-05
-1.000837e-07,2.33399e-05
-9.998367e-08,1.36106e-05
-9.988367e-08,2.5841e-06
-9.978367e-08,-9.09106e-06
-9.968367e-08,-2.27121e-05
-9.958367e-08,-3.56845e-05
-9.948367e-08,-4.80083e-05
-9.938367e-08,-5.96834e-05
-9.928367e-08,-6.87641e-05
-9.918367e-08,-7.58989e-05
-9.908367e-08,-7.97907e-05
-9.898367e-08,-8.04393e-05
-9.888367e-08,-7.78448e-05
-9.878367e-08,-7.20072e-05
-9.868367e-08,-6.22779e-05
-9.858367e-08,-5.06027e-05
-9.848367e-08,-3.63331e-05
-9.838367e-08,-2.14148e-05
-9.828367e-08,-6.49658e-06
-9.818367e-08,5.8272e-06
-9.808367e-08,1.49079e-05
-9.798367e-08,2.00968e-05
-9.788367e-08,2.20427e-05
-9.778367e-08,2.00968e-05
-9.768367e-08,1.36106e-05
-9.758367e-08,5.17858e-06
-9.748367e-08,-4.55072e-06
-9.738367e-08,-1.55773e-05
-9.728367e-08,-2.53066e-05
-9.718367e-08,-3.309e-05
-9.708367e-08,-3.8279e-05
-9.698367e-08,-3.95762e-05
-9.688367e-08,-3.76303e-05
-9.678367e-08,-3.24414e-05
-9.668367e-08,-2.40093e-05
-9.658367e-08,-1.428e-05
-9.648367e-08,-4.55072e-06
-9.638367e-08,4.52996e-06
-9.628367e-08,1.2962e-05
-9.618367e-08,1.87996e-05
-9.608367e-08,2.20427e-05
-9.598367e-08,2.26913e-05
-9.588367e-08,1.94482e-05
-9.578367e-08,1.23134e-05
-9.568367e-08,1.28686e-06
-9.558367e-08,-1.16855e-05
-9.548367e-08,-2.59552e-05
-9.538367e-08,-4.08734e-05
-9.528367e-08,-5.57917e-05
-9.518367e-08,-7.00614e-05
-9.508367e-08,-8.23851e-05
-9.498367e-08,-9.27631e-05
-9.488367e-08,-9.98979e-05
-9.478367e-08,-0.000104438
-9.468367e-08,-0.00010379
-9.458367e-08,-9.92493e-05
-9.448367e-08,-9.08172e-05
-9.438367e-08,-7.71962e-05
-9.428367e-08,-6.03321e-05
-9.418367e-08,-3.95762e-05
-9.408367e-08,-1.62259e-05
-9.398367e-08,9.0703e-06
-9.388367e-08,3.50151e-05
-9.378367e-08,6.09599e-05
-9.368367e-08,8.56075e-05
-9.358367e-08,0.000108958
-9.348367e-08,0.000129065
-9.338367e-08,0.000146578
-9.328367e-08,0.000160847
-9.318367e-08,0.00017382
-9.308367e-08,0.000185495
-9.298367e-08,0.000195873
-9.288367e-08,0.000204954
-9.278367e-08,0.000214034
-9.268367e-08,0.000219872
-9.258367e-08,0.000223115
-9.248367e-08,0.000221818
-9.238367e-08,0.000215332
-9.228367e-08,0.000203656
-9.218367e-08,0.000187441
-9.208367e-08,0.000166036
-9.198367e-08,0.000141389
-9.188367e-08,0.000115444
-9.178367e-08,8.94992e-05
-9.168367e-08,6.55003e-05
-9.158367e-08,4.5393e-05
-9.148367e-08,2.85289e-05
-9.138367e-08,1.55565e-05
-9.128367e-08,5.8272e-06
-9.118367e-08,-1.95624e-06
-9.108367e-08,-9.73968e-06
-9.098367e-08,-1.68745e-05
-9.088367e-08,-2.53066e-05
-9.078367e-08,-3.43872e-05
-9.068367e-08,-4.34679e-05
-9.058367e-08,-5.25486e-05
-9.048367e-08,-6.09807e-05
-9.038367e-08,-6.87641e-05
-9.028367e-08,-7.46017e-05
-9.018367e-08,-7.97907e-05
-9.008367e-08,-8.36824e-05
-8.998367e-08,-8.69255e-05
-8.988367e-08,-8.952e-05
-8.978367e-08,-9.21144e-05
-8.968367e-08,-9.47089e-05
-8.958367e-08,-9.73034e-05
-8.948367e-08,-9.92493e-05
-8.938367e-08,-0.000100547
-8.928367e-08,-9.98979e-05
-8.918367e-08,-9.53575e-05
-8.908367e-08,-8.75741e-05
-8.898367e-08,-7.65476e-05
-8.888367e-08,-6.29265e-05
-8.878367e-08,-4.80083e-05
-8.868367e-08,-3.309e-05
-8.858367e-08,-2.01176e-05
-8.848367e-08,-9.09106e-06
-8.838367e-08,-1.30762e-06
-8.828367e-08,3.88134e-06
-8.818367e-08,5.8272e-06
-8.808367e-08,5.8272e-06
-8.798367e-08,5.8272e-06
-8.788367e-08,7.77306e-06
-8.778367e-08,1.23134e-05
-8.768367e-08,2.07455e-05
-8.758367e-08,3.24206e-05
-8.748367e-08,4.60417e-05
-8.738367e-08,6.16085e-05
-8.728367e-08,7.58782e-05
-8.718367e-08,8.69047e-05
-8.708367e-08,9.33909e-05
-8.698367e-08,9.46882e-05
-8.688367e-08,9.07964e-05
-8.678367e-08,8.36616e-05
-8.668367e-08,7.39323e-05
-8.658367e-08,6.4203e-05
-8.648367e-08,5.5771e-05
-8.638367e-08,5.0582e-05
-8.628367e-08,4.99334e-05
-8.618367e-08,5.25279e-05
-8.608367e-08,5.77168e-05
-8.598367e-08,6.48516e-05
-8.588367e-08,7.06892e-05
-8.578367e-08,7.45809e-05
-8.568367e-08,7.32837e-05
-8.558367e-08,6.80947e-05
-8.548367e-08,5.83654e-05
-8.538367e-08,4.60417e-05
-8.528367e-08,3.37179e-05
-8.518367e-08,2.26913e-05
-8.508367e-08,1.55565e-05
-8.498367e-08,1.36106e-05
-8.488367e-08,1.68537e-05
-8.478367e-08,2.52858e-05
-8.468367e-08,3.63124e-05
-8.458367e-08,4.86361e-05
-8.448367e-08,6.03113e-05
-8.438367e-08,7.06892e-05
-8.428367e-08,7.71754e-05
-8.418367e-08,7.97699e-05
-8.408367e-08,7.91213e-05
-8.398367e-08,7.65268e-05
-8.388367e-08,7.45809e-05
-8.378367e-08,7.32837e-05
-8.368367e-08,7.52296e-05
-8.358367e-08,8.10671e-05
-8.348367e-08,8.88506e-05
-8.338367e-08,9.92285e-05
-8.328367e-08,0.000108309
-8.318367e-08,0.000116093
-8.308367e-08,0.000119984
-8.298367e-08,0.000119336
-8.288367e-08,0.000115444
-8.278367e-08,0.000108309
-8.268367e-08,9.98771e-05
-8.258367e-08,9.20937e-05
-8.248367e-08,8.69047e-05
-8.238367e-08,8.56075e-05
-8.228367e-08,8.88506e-05
-8.218367e-08,9.53368e-05
-8.208367e-08,0.000105715
-8.198367e-08,0.000116741
-8.188367e-08,0.000126471
-8.178367e-08,0.000134254
-8.168367e-08,0.000136848
-8.158367e-08,0.000134254
-8.148367e-08,0.000127119
-8.138367e-08,0.000116093
-8.128367e-08,0.000101823
-8.118367e-08,8.69047e-05
-8.108367e-08,7.32837e-05
-8.098367e-08,6.16085e-05
-8.088367e-08,5.25279e-05
-8.078367e-08,4.47444e-05
-8.068367e-08,3.76096e-05
-8.058367e-08,3.04748e-05
-8.048367e-08,2.20427e-05
-8.038367e-08,1.16648e-05
-8.028367e-08,-1.30762e-06
-8.018367e-08,-1.62259e-05
-8.008367e-08,-3.37386e-05
-7.998367e-08,-4.99541e-05
-7.988367e-08,-6.42238e-05
-7.978367e-08,-7.46017e-05
-7.968367e-08,-7.97907e-05
-7.958367e-08,-7.78448e-05
-7.948367e-08,-7.00614e-05
-7.938367e-08,-5.57917e-05
-7.928367e-08,-3.63331e-05
-7.918367e-08,-1.36314e-05
-7.908367e-08,9.71892e-06
-7.898367e-08,3.24206e-05
-7.888367e-08,5.25279e-05
-7.878367e-08,7.00406e-05
-7.868367e-08,8.3013e-05
-7.858367e-08,9.27423e-05
-7.848367e-08,9.79313e-05
-7.838367e-08,9.92285e-05
-7.828367e-08,9.6634e-05
-7.818367e-08,8.94992e-05
-7.808367e-08,7.84727e-05
-7.798367e-08,6.35544e-05
-7.788367e-08,4.40958e-05
-7.778367e-08,1.94482e-05
-7.768367e-08,-7.79382e-06
-7.758367e-08,-3.8279e-05
-7.748367e-08,-6.87641e-05
-7.738367e-08,-9.73034e-05
-7.728367e-08,-0.0001226
-7.718367e-08,-0.000142058
-7.708367e-08,-0.000153733
-7.698367e-08,-0.000156328
-7.688367e-08,-0.000149842
-7.678367e-08,-0.000135572
-7.668367e-08,-0.000114168
-7.658367e-08,-8.88713e-05
-7.648367e-08,-6.03321e-05
-7.638367e-08,-3.17928e-05
-7.628367e-08,-5.19934e-06
-7.618367e-08,1.75024e-05
-7.608367e-08,3.6961e-05
-7.598367e-08,5.12306e-05
-7.588367e-08,6.16085e-05
-7.578367e-08,6.67975e-05
-7.568367e-08,6.87434e-05
-7.558367e-08,6.74461e-05
-7.548367e-08,6.29058e-05
-7.538367e-08,5.44737e-05
-7.528367e-08,4.27986e-05
-7.518367e-08,2.78803e-05
-7.508367e-08,9.71892e-06
-7.498367e-08,-1.16855e-05
-7.488367e-08,-3.43872e-05
-7.478367e-08,-5.77376e-05
-7.468367e-08,-7.97907e-05
-7.458367e-08,-9.86006e-05
-7.448367e-08,-0.000113519
-7.438367e-08,-0.0001226
-7.428367e-08,-0.000125843
-7.418367e-08,-0.000123897
-7.408367e-08,-0.000117411
-7.398367e-08,-0.000107681
-7.388367e-08,-9.66548e-05
-7.378367e-08,-8.62769e-05
-7.368367e-08,-7.65476e-05
-7.358367e-08,-6.87641e-05
-7.348367e-08,-6.29265e-05
-7.338367e-08,-5.77376e-05
-7.328367e-08,-5.31972e-05
-7.318367e-08,-4.73596e-05
-7.308367e-08,-3.95762e-05
-7.298367e-08,-2.85497e-05
-7.288367e-08,-1.49286e-05
-7.278367e-08,1.28686e-06
-7.268367e-08,2.00968e-05
-7.258367e-08,4.02041e-05
-7.248367e-08,5.96627e-05
-7.238367e-08,7.7824e-05
-7.228367e-08,9.46882e-05
-7.218367e-08,0.000109606
-7.208367e-08,0.000124525
-7.198367e-08,0.000139443
-7.188367e-08,0.000154361
-7.178367e-08,0.000169928
-7.168367e-08,0.000186144
-7.158367e-08,0.00020171
-7.148367e-08,0.00021598
-7.138367e-08,0.000225061
-7.128367e-08,0.000228304
-7.118367e-08,0.000222466
-7.108367e-08,0.000206251
-7.098367e-08,0.000179657
-7.088367e-08,0.000143335
-7.078367e-08,9.98771e-05
-7.068367e-08,5.18792e-05
-7.058367e-08,3.88134e-06
-7.048367e-08,-4.08734e-05
-7.038367e-08,-7.78448e-05
-7.028367e-08,-0.000106384
-7.018367e-08,-0.000125194
-7.008367e-08,-0.000135572
-6.998367e-08,-0.000137518
-6.988367e-08,-0.000134923
-6.978367e-08,-0.000129734
-6.968367e-08,-0.000123248
-6.958367e-08,-0.000117411
-6.948367e-08,-0.000113519
-6.938367e-08,-0.000110276
-6.928367e-08,-0.000107681
-6.918367e-08,-0.000102492
-6.908367e-08,-9.53575e-05
-6.898367e-08,-8.36824e-05
-6.888367e-08,-6.87641e-05
-6.878367e-08,-4.93055e-05
-6.868367e-08,-2.72524e-05
-6.858367e-08,-5.19934e-06
-6.848367e-08,1.62051e-05
-6.838367e-08,3.56637e-05
-6.828367e-08,5.12306e-05
-6.818367e-08,6.4203e-05
-6.808367e-08,7.52296e-05
-6.798367e-08,8.62561e-05
-6.788367e-08,9.85799e-05
-6.778367e-08,0.000112201
-6.768367e-08,0.000128416
-6.758367e-08,0.000147875
-6.748367e-08,0.000168631
-6.738367e-08,0.000189387
-6.728367e-08,0.000207548
-6.718367e-08,0.000221818
-6.708367e-08,0.00023025
-6.698367e-08,0.000230898
-6.688367e-08,0.000223764
-6.678367e-08,0.000210143
-6.668367e-08,0.000191333
-6.658367e-08,0.000169928
-6.648367e-08,0.000147875
-6.638367e-08,0.000129065
-6.628367e-08,0.000114147
-6.618367e-08,0.000105066
-6.608367e-08,0.000101823
-6.598367e-08,0.000103769
-6.588367e-08,0.000110255
-6.578367e-08,0.000119336
-6.568367e-08,0.000129714
-6.558367e-08,0.000140092
-6.548367e-08,0.000149821
-6.538367e-08,0.000157604
-6.528367e-08,0.000163442
-6.518367e-08,0.000166685
-6.508367e-08,0.000167982
-6.498367e-08,0.000167334
-6.488367e-08,0.000164739
-6.478367e-08,0.000158902
-6.468367e-08,0.000150469
-6.458367e-08,0.000138146
-6.448367e-08,0.000120633
-6.438367e-08,9.92285e-05
-6.428367e-08,7.26351e-05
-6.418367e-08,4.34472e-05
-6.408367e-08,1.2962e-05
-6.398367e-08,-1.49286e-05
-6.388367e-08,-3.89276e-05
-6.378367e-08,-5.57917e-05
-6.368367e-08,-6.42238e-05
-6.358367e-08,-6.35752e-05
-6.348367e-08,-5.38459e-05
-6.338367e-08,-3.63331e-05
-6.328367e-08,-1.36314e-05
-6.318367e-08,1.23134e-05
-6.308367e-08,3.95555e-05
-6.298367e-08,6.4203e-05
-6.288367e-08,8.49589e-05
-6.278367e-08,0.000102472
-6.268367e-08,0.000115444
-6.258367e-08,0.000125822
-6.248367e-08,0.000133605
-6.238367e-08,0.000141389
-6.228367e-08,0.000148524
-6.218367e-08,0.000156307
-6.208367e-08,0.000164739
-6.198367e-08,0.000172523
-6.188367e-08,0.000177712
-6.178367e-08,0.000179009
-6.168367e-08,0.000174468
-6.158367e-08,0.000165388
-6.148367e-08,0.000150469
-6.138367e-08,0.000132308
-6.128367e-08,0.000110904
-6.118367e-08,8.88506e-05
-6.108367e-08,6.74461e-05
-6.098367e-08,4.86361e-05
-6.088367e-08,3.24206e-05
-6.078367e-08,1.87996e-05
-6.068367e-08,7.12444e-06
-6.058367e-08,-4.55072e-06
-6.048367e-08,-1.75231e-05
-6.038367e-08,-3.17928e-05
-6.028367e-08,-4.86569e-05
-6.018367e-08,-6.68183e-05
-6.008367e-08,-8.49796e-05
-5.998367e-08,-0.000101195
-5.988367e-08,-0.00011287
-5.978367e-08,-0.000118708
-5.968367e-08,-0.000117411
-5.958367e-08,-0.000108979
-5.948367e-08,-9.47089e-05
-5.938367e-08,-7.65476e-05
-5.928367e-08,-5.64403e-05
-5.918367e-08,-3.63331e-05
-5.908367e-08,-1.81717e-05
-5.898367e-08,-4.55072e-06
-5.888367e-08,5.8272e-06
-5.878367e-08,1.23134e-05
-5.868367e-08,1.68537e-05
-5.858367e-08,2.20427e-05
-5.848367e-08,2.85289e-05
-5.838367e-08,3.76096e-05
-5.828367e-08,5.12306e-05
-5.818367e-08,6.74461e-05
-5.808367e-08,8.56075e-05
-5.798367e-08,0.000104417
-5.788367e-08,0.000122579
-5.778367e-08,0.0001362
-5.768367e-08,0.000145281
-5.758367e-08,0.000149172
-5.748367e-08,0.000148524
-5.738367e-08,0.000144632
-5.728367e-08,0.000140092
-5.718367e-08,0.000136848
-5.708367e-08,0.000136848
-5.698367e-08,0.000141389
-5.688367e-08,0.000152415
-5.678367e-08,0.000169279
-5.668367e-08,0.000188738
-5.658367e-08,0.000209494
-5.648367e-08,0.000226358
-5.638367e-08,0.000238682
-5.628367e-08,0.000242574
-5.618367e-08,0.000237385
-5.608367e-08,0.000224412
-5.598367e-08,0.000203008
-5.588367e-08,0.000177063
-5.578367e-08,0.000147226
-5.568367e-08,0.00011739
-5.558367e-08,8.94992e-05
-5.548367e-08,6.61489e-05
-5.538367e-08,4.66903e-05
-5.528367e-08,3.1772e-05
-5.518367e-08,1.94482e-05
-5.508367e-08,9.0703e-06
-5.498367e-08,-1.03779e-08
-5.488367e-08,-9.73968e-06
-5.478367e-08,-2.07662e-05
-5.468367e-08,-3.24414e-05
-5.458367e-08,-4.28193e-05
-5.448367e-08,-4.99541e-05
-5.438367e-08,-5.25486e-05
-5.428367e-08,-4.86569e-05
-5.418367e-08,-3.8279e-05
-5.408367e-08,-2.14148e-05
-5.398367e-08,1.93548e-06
-5.388367e-08,2.85289e-05
-5.378367e-08,5.5771e-05
-5.368367e-08,8.10671e-05
-5.358367e-08,0.000102472
-5.348367e-08,0.000119336
-5.338367e-08,0.000129065
-5.328367e-08,0.000133605
-5.318367e-08,0.000132308
-5.308367e-08,0.000127768
-5.298367e-08,0.000121282
-5.288367e-08,0.00011285
-5.278367e-08,0.000105066
-5.268367e-08,9.72826e-05
-5.258367e-08,8.88506e-05
-5.248367e-08,8.04185e-05
-5.238367e-08,7.13378e-05
-5.228367e-08,6.09599e-05
-5.218367e-08,5.0582e-05
-5.208367e-08,4.08527e-05
-5.198367e-08,3.24206e-05
-5.188367e-08,2.59344e-05
-5.178367e-08,2.33399e-05
-5.168367e-08,2.39886e-05
-5.158367e-08,2.91775e-05
-5.148367e-08,3.6961e-05
-5.138367e-08,4.66903e-05
-5.128367e-08,5.51223e-05
-5.118367e-08,6.16085e-05
-5.108367e-08,6.48516e-05
-5.098367e-08,6.29058e-05
-5.088367e-08,5.5771e-05
-5.078367e-08,4.47444e-05
-5.068367e-08,3.04748e-05
-5.058367e-08,1.42593e-05
-5.048367e-08,-1.30762e-06
-5.038367e-08,-1.29828e-05
-5.028367e-08,-2.07662e-05
-5.018367e-08,-2.33607e-05
-5.008367e-08,-1.9469e-05
-4.998367e-08,-9.73968e-06
-4.988367e-08,4.52996e-06
-4.978367e-08,2.26913e-05
-4.968367e-08,4.27986e-05
-4.958367e-08,6.4203e-05
-4.948367e-08,8.49589e-05
-4.938367e-08,0.000104417
-4.928367e-08,0.00012193
-4.918367e-08,0.000136848
-4.908367e-08,0.000149821
-4.898367e-08,0.00015955
-4.888367e-08,0.000167334
-4.878367e-08,0.00017382
-4.868367e-08,0.000177063
-4.858367e-08,0.000177712
-4.848367e-08,0.000175766
-4.838367e-08,0.000170577
-4.828367e-08,0.000164091
-4.818367e-08,0.00015501
-4.808367e-08,0.000144632
-4.798367e-08,0.000134254
-4.788367e-08,0.000123876
-4.778367e-08,0.000114147
-4.768367e-08,0.000105066
-4.758367e-08,9.79313e-05
-4.748367e-08,9.07964e-05
-4.738367e-08,8.3013e-05
-4.728367e-08,7.45809e-05
-4.718367e-08,6.4203e-05
-4.708367e-08,5.25279e-05
-4.698367e-08,3.76096e-05
-4.688367e-08,2.00968e-05
-4.678367e-08,3.23272e-06
-4.668367e-08,-1.36314e-05
-4.658367e-08,-2.7901e-05
-4.648367e-08,-3.8279e-05
-4.638367e-08,-4.28193e-05
-4.628367e-08,-4.15221e-05
-4.618367e-08,-3.50359e-05
-4.608367e-08,-2.53066e-05
-4.598367e-08,-1.29828e-05
-4.588367e-08,6.38242e-07
-4.578367e-08,1.2962e-05
-4.568367e-08,2.26913e-05
-4.558367e-08,2.91775e-05
-4.548367e-08,3.24206e-05
-4.538367e-08,3.24206e-05
-4.528367e-08,2.91775e-05
-4.518367e-08,2.59344e-05
-4.508367e-08,2.33399e-05
-4.498367e-08,2.13941e-05
-4.488367e-08,2.13941e-05
-4.478367e-08,2.26913e-05
-4.468367e-08,2.33399e-05
-4.458367e-08,2.20427e-05
-4.448367e-08,1.62051e-05
-4.438367e-08,6.47582e-06
-4.428367e-08,-7.79382e-06
-4.418367e-08,-2.66038e-05
-4.408367e-08,-4.80083e-05
-4.398367e-08,-6.94127e-05
-4.388367e-08,-8.88713e-05
-4.378367e-08,-0.000103141
-4.368367e-08,-0.000110924
-4.358367e-08,-0.000110276
-4.348367e-08,-0.000101195
-4.338367e-08,-8.49796e-05
-4.328367e-08,-6.48724e-05
-4.318367e-08,-4.28193e-05
-4.308367e-08,-2.07662e-05
-4.298367e-08,-1.95624e-06
-4.288367e-08,1.16648e-05
-4.278367e-08,1.87996e-05
-4.268367e-08,2.00968e-05
-4.258367e-08,1.68537e-05
-4.248367e-08,9.0703e-06
-4.238367e-08,-1.03779e-08
-4.228367e-08,-9.09106e-06
-4.218367e-08,-1.75231e-05
-4.208367e-08,-2.40093e-05
-4.198367e-08,-2.85497e-05
-4.188367e-08,-2.98469e-05
-4.178367e-08,-2.98469e-05
-4.168367e-08,-2.85497e-05
-4.158367e-08,-2.53066e-05
-4.148367e-08,-2.07662e-05
-4.138367e-08,-1.62259e-05
-4.128367e-08,-9.73968e-06
-4.118367e-08,-1.30762e-06
-4.108367e-08,9.0703e-06
-4.098367e-08,2.20427e-05
-4.088367e-08,3.63124e-05
-4.078367e-08,5.12306e-05
-4.068367e-08,6.55003e-05
-4.058367e-08,7.65268e-05
-4.048367e-08,8.36616e-05
-4.038367e-08,8.49589e-05
-4.028367e-08,8.17158e-05
-4.018367e-08,7.32837e-05
-4.008367e-08,6.16085e-05
-3.998367e-08,4.99334e-05
-3.988367e-08,3.95555e-05
-3.978367e-08,3.30692e-05
-3.968367e-08,3.43665e-05
-3.958367e-08,4.27986e-05
-3.948367e-08,6.03113e-05
-3.938367e-08,8.3013e-05
-3.928367e-08,0.000109606
-3.918367e-08,0.000136848
-3.908367e-08,0.000161496
-3.898367e-08,0.000180306
-3.888367e-08,0.000189387
-3.878367e-08,0.000189387
-3.868367e-08,0.000180955
-3.858367e-08,0.000164739
-3.848367e-08,0.000143983
-3.838367e-08,0.000120633
-3.828367e-08,9.72826e-05
-3.818367e-08,7.65268e-05
-3.808367e-08,5.96627e-05
-3.798367e-08,4.79875e-05
-3.788367e-08,4.02041e-05
-3.778367e-08,3.63124e-05
-3.768367e-08,3.50151e-05
-3.758367e-08,3.43665e-05
-3.748367e-08,3.43665e-05
-3.738367e-08,3.43665e-05
-3.728367e-08,3.43665e-05
-3.718367e-08,3.56637e-05
-3.708367e-08,3.95555e-05
-3.698367e-08,4.5393e-05
-3.688367e-08,5.25279e-05
-3.678367e-08,6.03113e-05
-3.668367e-08,6.80947e-05
-3.658367e-08,7.39323e-05
-3.648367e-08,7.65268e-05
-3.638367e-08,7.52296e-05
-3.628367e-08,6.87434e-05
-3.618367e-08,5.77168e-05
-3.608367e-08,4.34472e-05
-3.598367e-08,2.72317e-05
-3.588367e-08,1.16648e-05
-3.578367e-08,-1.95624e-06
-3.568367e-08,-1.16855e-05
-3.558367e-08,-1.68745e-05
-3.548367e-08,-1.68745e-05
-3.538367e-08,-1.29828e-05
-3.528367e-08,-7.79382e-06
-3.518367e-08,-1.30762e-06
-3.508367e-08,3.23272e-06
-3.498367e-08,5.8272e-06
-3.488367e-08,5.17858e-06
-3.478367e-08,3.23272e-06
-3.468367e-08,6.38242e-07
-3.458367e-08,-1.95624e-06
-3.448367e-08,-3.25348e-06
-3.438367e-08,-6.58998e-07
-3.428367e-08,5.8272e-06
-3.418367e-08,1.68537e-05
-3.408367e-08,3.1772e-05
-3.398367e-08,5.0582e-05
-3.388367e-08,7.00406e-05
-3.378367e-08,8.8202e-05
-3.368367e-08,0.000105066
-3.358367e-08,0.000119336
-3.348367e-08,0.000129714
-3.338367e-08,0.0001362
-3.328367e-08,0.000138794
-3.318367e-08,0.000140092
-3.308367e-08,0.000140092
-3.298367e-08,0.000139443
-3.288367e-08,0.000140092
-3.278367e-08,0.000141389
-3.268367e-08,0.000144632
-3.258367e-08,0.000147226
-3.248367e-08,0.000149172
-3.238367e-08,0.000151118
-3.228367e-08,0.000151118
-3.218367e-08,0.000149821
-3.208367e-08,0.000145929
-3.198367e-08,0.000142037
-3.188367e-08,0.000139443
-3.178367e-08,0.000138146
-3.168367e-08,0.000139443
-3.158367e-08,0.000143983
-3.148367e-08,0.000150469
-3.138367e-08,0.000158253
-3.128367e-08,0.000166036
-3.118367e-08,0.000172523
-3.108367e-08,0.000175766
-3.098367e-08,0.000174468
-3.088367e-08,0.000167982
-3.078367e-08,0.000157604
-3.068367e-08,0.000143335
-3.058367e-08,0.000127119
-3.048367e-08,0.000111552
-3.038367e-08,9.79313e-05
-3.028367e-08,8.69047e-05
-3.018367e-08,7.97699e-05
-3.008367e-08,7.71754e-05
-2.998367e-08,7.71754e-05
-2.988367e-08,7.97699e-05
-2.978367e-08,8.23644e-05
-2.968367e-08,8.3013e-05
-2.958367e-08,8.3013e-05
-2.948367e-08,8.04185e-05
-2.938367e-08,7.71754e-05
-2.928367e-08,7.39323e-05
-2.918367e-08,7.13378e-05
-2.908367e-08,7.13378e-05
-2.898367e-08,7.52296e-05
-2.888367e-08,8.36616e-05
-2.878367e-08,9.59854e-05
-2.868367e-08,0.000110904
-2.858367e-08,0.000125822
-2.848367e-08,0.000138794
-2.838367e-08,0.000148524
-2.828367e-08,0.000151767
-2.818367e-08,0.000149172
-2.808367e-08,0.000141389
-2.798367e-08,0.000129065
-2.788367e-08,0.000114795
-2.778367e-08,0.000100526
-2.768367e-08,8.8202e-05
-2.758367e-08,7.91213e-05
-2.748367e-08,7.45809e-05
-2.738367e-08,7.32837e-05
-2.728367e-08,7.45809e-05
-2.718367e-08,7.71754e-05
-2.708367e-08,7.84727e-05
-2.698367e-08,7.84727e-05
-2.688367e-08,7.39323e-05
-2.678367e-08,6.4203e-05
-2.668367e-08,4.92848e-05
-2.658367e-08,2.91775e-05
-2.648367e-08,5.8272e-06
-2.638367e-08,-1.88204e-05
-2.628367e-08,-4.34679e-05
-2.618367e-08,-6.5521e-05
-2.608367e-08,-8.4331e-05
-2.598367e-08,-9.86006e-05
-2.588367e-08,-0.000107033
-2.578367e-08,-0.000108979
-2.568367e-08,-0.000105087
-2.558367e-08,-9.66548e-05
-2.548367e-08,-8.36824e-05
-2.538367e-08,-6.81155e-05
-2.528367e-08,-5.19e-05
-2.518367e-08,-3.43872e-05
-2.508367e-08,-1.68745e-05
-2.498367e-08,-1.30762e-06
-2.488367e-08,1.23134e-05
-2.478367e-08,2.39886e-05
-2.468367e-08,3.37179e-05
-2.458367e-08,4.08527e-05
-2.448367e-08,4.5393e-05
-2.438367e-08,4.86361e-05
-2.428367e-08,4.92848e-05
-2.418367e-08,4.86361e-05
-2.408367e-08,4.73389e-05
-2.398367e-08,4.47444e-05
-2.388367e-08,4.27986e-05
-2.378367e-08,4.02041e-05
-2.368367e-08,3.6961e-05
-2.358367e-08,3.30692e-05
-2.348367e-08,2.78803e-05
-2.338367e-08,2.20427e-05
-2.328367e-08,1.49079e-05
-2.318367e-08,7.77306e-06
-2.308367e-08,6.38242e-07
-2.298367e-08,-8.44244e-06
-2.288367e-08,-1.75231e-05
-2.278367e-08,-2.59552e-05
-2.268367e-08,-3.309e-05
-2.258367e-08,-3.89276e-05
-2.248367e-08,-4.28193e-05
-2.238367e-08,-4.41165e-05
-2.228367e-08,-4.28193e-05
-2.218367e-08,-3.8279e-05
-2.208367e-08,-3.11441e-05
-2.198367e-08,-2.27121e-05
-2.188367e-08,-1.23342e-05
-2.178367e-08,-1.95624e-06
-2.168367e-08,8.42168e-06
-2.158367e-08,1.8151e-05
-2.148367e-08,2.72317e-05
-2.138367e-08,3.50151e-05
-2.128367e-08,4.21499e-05
-2.118367e-08,4.79875e-05
-2.108367e-08,5.25279e-05
-2.098367e-08,5.5771e-05
-2.088367e-08,5.70682e-05
-2.078367e-08,5.70682e-05
-2.068367e-08,5.51223e-05
-2.058367e-08,5.0582e-05
-2.048367e-08,4.47444e-05
-2.038367e-08,3.76096e-05
-2.028367e-08,2.98261e-05
-2.018367e-08,2.26913e-05
-2.008367e-08,1.62051e-05
-1.998367e-08,1.2962e-05
-1.988367e-08,1.2962e-05
-1.978367e-08,1.55565e-05
-1.968367e-08,2.07455e-05
-1.958367e-08,2.78803e-05
-1.948367e-08,3.63124e-05
-1.938367e-08,4.40958e-05
-1.928367e-08,4.99334e-05
-1.918367e-08,5.18792e-05
-1.908367e-08,5.0582e-05
-1.898367e-08,4.40958e-05
-1.888367e-08,3.37179e-05
-1.878367e-08,1.94482e-05
-1.868367e-08,3.88134e-06
-1.858367e-08,-1.16855e-05
-1.848367e-08,-2.72524e-05
-1.838367e-08,-4.02248e-05
-1.828367e-08,-4.99541e-05
-1.818367e-08,-5.57917e-05
-1.808367e-08,-5.7089e-05
-1.798367e-08,-5.57917e-05
-1.788367e-08,-5.06027e-05
-1.778367e-08,-4.47652e-05
-1.768367e-08,-3.76303e-05
-1.758367e-08,-2.98469e-05
-1.748367e-08,-2.27121e-05
-1.738367e-08,-1.49286e-05
-1.728367e-08,-8.44244e-06
-1.718367e-08,-1.95624e-06
-1.708367e-08,3.88134e-06
-1.698367e-08,8.42168e-06
-1.688367e-08,1.2962e-05
-1.678367e-08,1.62051e-05
-1.668367e-08,1.75024e-05
-1.658367e-08,1.68537e-05
-1.648367e-08,1.49079e-05
-1.638367e-08,1.10162e-05
-1.628367e-08,6.47582e-06
-1.618367e-08,1.28686e-06
-1.608367e-08,-3.9021e-06
-1.598367e-08,-7.79382e-06
-1.588367e-08,-1.03883e-05
-1.578367e-08,-1.03883e-05
-1.568367e-08,-7.79382e-06
-1.558367e-08,-2.60486e-06
-1.548367e-08,5.8272e-06
-1.538367e-08,1.49079e-05
-1.528367e-08,2.33399e-05
-1.518367e-08,3.1772e-05
-1.508367e-08,3.76096e-05
-1.498367e-08,4.15013e-05
-1.488367e-08,4.27986e-05
-1.478367e-08,4.21499e-05
-1.468367e-08,3.95555e-05
-1.458367e-08,3.6961e-05
-1.448367e-08,3.43665e-05
-1.438367e-08,3.37179e-05
-1.428367e-08,3.56637e-05
-1.418367e-08,3.95555e-05
-1.408367e-08,4.5393e-05
-1.398367e-08,5.18792e-05
-1.388367e-08,5.83654e-05
-1.378367e-08,6.35544e-05
-1.368367e-08,6.67975e-05
-1.358367e-08,6.74461e-05
-1.348367e-08,6.61489e-05
-1.338367e-08,6.29058e-05
-1.328367e-08,5.83654e-05
-1.318367e-08,5.38251e-05
-1.308367e-08,4.99334e-05
-1.298367e-08,4.86361e-05
-1.288367e-08,4.92848e-05
-1.278367e-08,5.25279e-05
-1.268367e-08,5.83654e-05
-1.258367e-08,6.55003e-05
-1.248367e-08,7.32837e-05
-1.238367e-08,8.04185e-05
-1.228367e-08,8.69047e-05
-1.218367e-08,9.14451e-05
-1.208367e-08,9.33909e-05
-1.198367e-08,9.33909e-05
-1.188367e-08,9.27423e-05
-1.178367e-08,9.14451e-05
-1.168367e-08,9.07964e-05
-1.158367e-08,9.20937e-05
-1.148367e-08,9.53368e-05
-1.138367e-08,0.000102472
-1.128367e-08,0.00011285
-1.118367e-08,0.000127119
-1.108367e-08,0.000144632
-1.098367e-08,0.000164739
-1.088367e-08,0.000186792
-1.078367e-08,0.000210791
-1.068367e-08,0.000233493
-1.058367e-08,0.000254897
-1.048367e-08,0.000273707
-1.038367e-08,0.000289923
-1.028367e-08,0.000300949
-1.018367e-08,0.000306787
-1.008367e-08,0.000306787
-9.983673e-09,0.000300949
-9.883673e-09,0.000289923
-9.783673e-09,0.000274356
-9.683673e-09,0.000255546
-9.583673e-09,0.00023479
-9.483673e-09,0.000214034
-9.383673e-09,0.000194576
-9.283673e-09,0.000177063
-9.183673e-09,0.000162145
-9.083673e-09,0.000151767
-8.983673e-09,0.000143983
-8.883673e-09,0.000140092
-8.783673e-09,0.000139443
-8.683673e-09,0.00014074
-8.583673e-09,0.000143335
-8.483673e-09,0.000146578
-8.383673e-09,0.000150469
-8.283673e-09,0.000153713
-8.183673e-09,0.000156307
-8.083673e-09,0.00015955
-7.983673e-09,0.000162793
-7.883673e-09,0.000166685
-7.783673e-09,0.000169928
-7.683673e-09,0.000172523
-7.583673e-09,0.000173171
-7.483673e-09,0.000170577
-7.383673e-09,0.000163442
-7.283673e-09,0.000149172
-7.183673e-09,0.000128416
-7.083673e-09,0.000101174
-6.983673e-09,6.80947e-05
-6.883673e-09,2.91775e-05
-6.783673e-09,-1.23342e-05
-6.683673e-09,-5.44945e-05
-6.583673e-09,-9.47089e-05
-6.483673e-09,-0.000131032
-6.383673e-09,-0.000160868
-6.283673e-09,-0.00018357
-6.183673e-09,-0.000198488
-6.083673e-09,-0.000206272
-5.983673e-09,-0.00020692
-5.883673e-09,-0.000201731
-5.783673e-09,-0.000192002
-5.683673e-09,-0.000178381
-5.583673e-09,-0.000161517
-5.483673e-09,-0.000142058
-5.383673e-09,-0.000121302
-5.283673e-09,-9.92493e-05
-5.183673e-09,-7.71962e-05
-5.083673e-09,-5.64403e-05
-4.983673e-09,-3.69817e-05
-4.883673e-09,-2.14148e-05
-4.783673e-09,-1.03883e-05
-4.683673e-09,-4.55072e-06
-4.583673e-09,-3.9021e-06
-4.483673e-09,-7.1452e-06
-4.383673e-09,-1.36314e-05
-4.283673e-09,-2.14148e-05
-4.183673e-09,-2.85497e-05
-4.083673e-09,-3.37386e-05
-3.983673e-09,-3.43872e-05
-3.883673e-09,-3.04955e-05
-3.783673e-09,-2.20635e-05
-3.683673e-09,-9.09106e-06
-3.583673e-09,6.47582e-06
-3.483673e-09,2.33399e-05
-3.383673e-09,4.02041e-05
-3.283673e-09,5.44737e-05
-3.183673e-09,6.55003e-05
-3.083673e-09,7.19865e-05
-2.983673e-09,7.39323e-05
-2.883673e-09,7.06892e-05
-2.783673e-09,6.22572e-05
-2.683673e-09,4.99334e-05
-2.583673e-09,3.1772e-05
-2.483673e-09,9.0703e-06
-2.383673e-09,-1.9469e-05
-2.283673e-09,-5.38459e-05
-2.183673e-09,-9.53575e-05
-2.083673e-09,-0.000143355
-1.983673e-09,-0.00019784
-1.883673e-09,-0.000257513
-1.783673e-09,-0.000321726
-1.683673e-09,-0.000389182
-1.583673e-09,-0.000459882
-1.483673e-09,-0.00053123
-1.383673e-09,-0.000602578
-1.283673e-09,-0.000673927
-1.183673e-09,-0.000744626
-1.083673e-09,-0.000816623
-9.836728e-10,-0.000891214
-8.836728e-10,-0.000969698
-7.836728e-10,-0.00105402
-6.836728e-10,-0.00114547
-5.836728e-10,-0.00124536
-4.836728e-10,-0.00135238
-3.836728e-10,-0.00146654
-2.836728e-10,-0.00158654
-1.836728e-10,-0.00171042
-8.36728e-11,-0.00183755
1.63272e-11,-0.00196533
1.163272e-10,-0.00209311
2.163272e-10,-0.00221959
3.163272e-10,-0.00234347
4.163272e-10,-0.00246542
5.163272e-10,-0.00258541
6.163272e-10,-0.00270346
7.163272e-10,-0.00282086
8.163272e-10,-0.00293761
9.163272e-10,-0.00305436
1.016327e-09,-0.00317047
1.116327e-09,-0.00328527
1.216327e-09,-0.00339748
1.316327e-09,-0.00350645
1.416327e-09,-0.00361153
1.516327e-09,-0.00371141
1.616327e-09,-0.00380482
1.716327e-09,-0.00389238
1.816327e-09,-0.00397411
1.916327e-09,-0.00404999
2.016327e-09,-0.00412005
2.116327e-09,-0.0041862
2.216327e-09,-0.00424912
2.316327e-09,-0.00430944
2.416327e-09,-0.00436587
2.516327e-09,-0.00442036
2.616327e-09,-0.00447095
2.716327e-09,-0.00451765
2.816327e-09,-0.00456046
2.916327e-09,-0.00459873
3.016327e-09,-0.00463181
3.116327e-09,-0.00466035
3.216327e-09,-0.0046837
3.316327e-09,-0.00470056
3.416327e-09,-0.00471159
3.516327e-09,-0.00471613
3.616327e-09,-0.00471288
3.716327e-09,-0.00470121
3.816327e-09,-0.0046811
3.916327e-09,-0.00465256
4.016327e-09,-0.00461429
4.116327e-09,-0.00456889
4.216327e-09,-0.00451765
4.316327e-09,-0.00446122
4.416327e-09,-0.0044022
4.516327e-09,-0.00434187
4.616327e-09,-0.00428155
4.716327e-09,-0.00422123
4.816327e-09,-0.00416221
4.916327e-09,-0.00410383
5.016327e-09,-0.0040461
5.116327e-09,-0.00398773
5.216327e-09,-0.00392805
5.316327e-09,-0.00386838
5.416327e-09,-0.00380806
5.516327e-09,-0.00374968
5.616327e-09,-0.0036939
5.716327e-09,-0.00364201
5.816327e-09,-0.00359466
5.916327e-09,-0.00355185
6.016327e-09,-0.00351294
6.116327e-09,-0.00347791
6.216327e-09,-0.00344483
6.316327e-09,-0.0034111
6.416327e-09,-0.00337543
6.516327e-09,-0.00333457
6.616327e-09,-0.00328851
6.716327e-09,-0.00323662
6.816327e-09,-0.0031789
6.916327e-09,-0.00311663
7.016327e-09,-0.00305047
7.116327e-09,-0.00298172
7.216327e-09,-0.00291167
7.316327e-09,-0.00284226
7.416327e-09,-0.00277416
7.516327e-09,-0.00270605
7.616327e-09,-0.0026373
7.716327e-09,-0.00256725
7.816327e-09,-0.00249525
7.916327e-09,-0.00242131
8.016327e-09,-0.00234542
8.116327e-09,-0.00226759
8.216327e-09,-0.0021904
8.316327e-09,-0.00211516
8.416327e-09,-0.00204381
8.516327e-09,-0.0019783
8.616327e-09,-0.00192122
8.716327e-09,-0.00187323
8.816327e-09,-0.00183236
8.916327e-09,-0.00179863
9.016327e-09,-0.00177074
9.116327e-09,-0.00174545
9.216327e-09,-0.0017208
9.316327e-09,-0.0016955
9.416327e-09,-0.00166761
9.516327e-09,-0.00163713
9.616327e-09,-0.0016021
9.716327e-09,-0.00156513
9.816327e-09,-0.00152686
9.916327e-09,-0.00148924
1.001633e-08,-0.00145292
1.011633e-08,-0.00141919
1.021633e-08,-0.00138806
1.031633e-08,-0.00136082
1.041633e-08,-0.00133617
1.051633e-08,-0.00131411
1.061633e-08,-0.00129401
1.071633e-08,-0.00127455
1.081633e-08,-0.00125574
1.091633e-08,-0.00123823
1.101633e-08,-0.00122136
1.111633e-08,-0.00120774
1.121633e-08,-0.00119671
1.131633e-08,-0.00118763
1.141633e-08,-0.0011818
1.151633e-08,-0.0011779
1.161633e-08,-0.00117661
1.171633e-08,-0.00117661
1.181633e-08,-0.00117661
1.191633e-08,-0.00117531
1.201633e-08,-0.00117272
1.211633e-08,-0.00116947
1.221633e-08,-0.00116623
1.231633e-08,-0.00116363
1.241633e-08,-0.00116299
1.251633e-08,-0.00116493
1.261633e-08,-0.00116947
1.271633e-08,-0.00117531
1.281633e-08,-0.0011805
1.291633e-08,-0.00118244
1.301633e-08,-0.0011805
1.311633e-08,-0.00117142
1.321633e-08,-0.0011552
1.331633e-08,-0.00112991
1.341633e-08,-0.00109942
1.351633e-08,-0.00106569
1.361633e-08,-0.00103261
1.371633e-08,-0.00100472
1.381633e-08,-0.000983967
1.391633e-08,-0.000973589
1.401633e-08,-0.000974886
1.411633e-08,-0.000986562
1.421633e-08,-0.00100667
1.431633e-08,-0.00103197
1.441633e-08,-0.00105856
1.451633e-08,-0.00108061
1.461633e-08,-0.00109683
1.471633e-08,-0.00110331
1.481633e-08,-0.00109942
1.491633e-08,-0.00108775
1.501633e-08,-0.00106959
1.511633e-08,-0.00104818
1.521633e-08,-0.00102613
1.531633e-08,-0.00100732
1.541633e-08,-0.000993048
1.551633e-08,-0.000983967
1.561633e-08,-0.000979427
1.571633e-08,-0.000976832
1.581633e-08,-0.000973589
1.591633e-08,-0.000969049
1.601633e-08,-0.00095932
1.611633e-08,-0.000943753
1.621633e-08,-0.0009217
1.631633e-08,-0.000895106
1.641633e-08,-0.000864621
1.651633e-08,-0.000832839
1.661633e-08,-0.000804299
1.671633e-08,-0.0007803
1.681633e-08,-0.000762139
1.691633e-08,-0.000751761
1.701633e-08,-0.000747869
1.711633e-08,-0.000751113
1.721633e-08,-0.000758247
1.731633e-08,-0.000768625
1.741633e-08,-0.0007803
1.751633e-08,-0.000791976
1.761633e-08,-0.000802354
1.771633e-08,-0.000810786
1.781633e-08,-0.000817272
1.791633e-08,-0.000822461
1.801633e-08,-0.000825055
1.811633e-08,-0.000825704
1.821633e-08,-0.000824407
1.831633e-08,-0.000821163
1.841633e-08,-0.000815975
1.851633e-08,-0.000808191
1.861633e-08,-0.000797813
1.871633e-08,-0.000784192
1.881633e-08,-0.000769274
1.891633e-08,-0.00075241
1.901633e-08,-0.000734897
1.911633e-08,-0.000717384
1.921633e-08,-0.000699223
1.931633e-08,-0.00068171
1.941633e-08,-0.000664846
1.951633e-08,-0.000646685
1.961633e-08,-0.000627226
1.971633e-08,-0.000603876
1.981633e-08,-0.000576634
1.991633e-08,-0.000544203
2.001633e-08,-0.000507231
2.011633e-08,-0.000467017
2.021633e-08,-0.000424857
2.031633e-08,-0.000383345
2.041633e-08,-0.000344428
2.051633e-08,-0.000310699
2.061633e-08,-0.000284106
2.071633e-08,-0.000265296
2.081633e-08,-0.000254269
2.091633e-08,-0.000251026
2.101633e-08,-0.000253621
2.111633e-08,-0.000261404
2.121633e-08,-0.000271134
2.131633e-08,-0.000283457
2.141633e-08,-0.000297078
2.151633e-08,-0.000311997
2.161633e-08,-0.000327564
2.171633e-08,-0.000344428
2.181633e-08,-0.000363238
2.191633e-08,-0.000384642
2.201633e-08,-0.000406695
2.211633e-08,-0.000429397
2.221633e-08,-0.000450801
2.231633e-08,-0.000469611
2.241633e-08,-0.000483881
2.251633e-08,-0.000492313
2.261633e-08,-0.000494908
2.271633e-08,-0.000490367
2.281633e-08,-0.000480638
2.291633e-08,-0.000466368
2.301633e-08,-0.000450801
2.311633e-08,-0.000435883
2.321633e-08,-0.000422262
2.331633e-08,-0.000411884
2.341633e-08,-0.000406047
2.351633e-08,-0.000402803
2.361633e-08,-0.000402155
2.371633e-08,-0.000400209
2.381633e-08,-0.000396966
2.391633e-08,-0.000389831
2.401633e-08,-0.000378805
2.411633e-08,-0.000362589
2.421633e-08,-0.000345076
2.431633e-08,-0.000326915
2.441633e-08,-0.000310051
2.451633e-08,-0.000298376
2.461633e-08,-0.000293187
2.471633e-08,-0.00029643
2.481633e-08,-0.000307456
2.491633e-08,-0.000323672
2.501633e-08,-0.000343779
2.511633e-08,-0.000363238
2.521633e-08,-0.000380102
2.531633e-08,-0.00039048
2.541633e-08,-0.00039502
2.551633e-08,-0.000391777
2.561633e-08,-0.000382696
2.571633e-08,-0.000370372
2.581633e-08,-0.0003574
2.591633e-08,-0.000348968
2.601633e-08,-0.000345725
2.611633e-08,-0.000350914
2.621633e-08,-0.000363886
2.631633e-08,-0.000383994
2.641633e-08,-0.00040929
2.651633e-08,-0.000435234
2.661633e-08,-0.000460531
2.671633e-08,-0.000479989
2.681633e-08,-0.000492313
2.691633e-08,-0.000497502
2.701633e-08,-0.000495556
2.711633e-08,-0.000488421
2.721633e-08,-0.000478692
2.731633e-08,-0.000468314
2.741633e-08,-0.000461179
2.751633e-08,-0.000456639
2.761633e-08,-0.000455342
2.771633e-08,-0.000456639
2.781633e-08,-0.000458585
2.791633e-08,-0.000460531
2.801633e-08,-0.000460531
2.811633e-08,-0.000456639
2.821633e-08,-0.000448207
2.831633e-08,-0.000435234
2.841633e-08,-0.000419019
2.851633e-08,-0.00039956
2.861633e-08,-0.000378805
2.871633e-08,-0.000358049
2.881633e-08,-0.000336644
2.891633e-08,-0.000315888
2.901633e-08,-0.000294484
2.911633e-08,-0.000271782
2.921633e-08,-0.000245837
2.931633e-08,-0.000217298
2.941633e-08,-0.000186813
2.951633e-08,-0.000155031
2.961633e-08,-0.000123897
2.971633e-08,-9.66548e-05
2.981633e-08,-7.46017e-05
2.991633e-08,-5.96834e-05
3.001633e-08,-5.25486e-05
3.011633e-08,-5.31972e-05
3.021633e-08,-5.90348e-05
3.031633e-08,-6.94127e-05
3.041633e-08,-7.97907e-05
3.051633e-08,-8.82227e-05
3.061633e-08,-9.21144e-05
3.071633e-08,-8.952e-05
3.081633e-08,-7.97907e-05
3.091633e-08,-6.48724e-05
3.101633e-08,-4.60624e-05
3.111633e-08,-2.59552e-05
3.121633e-08,-8.44244e-06
3.131633e-08,5.8272e-06
3.141633e-08,1.55565e-05
3.151633e-08,1.94482e-05
3.161633e-08,2.00968e-05
3.171633e-08,1.87996e-05
3.181633e-08,1.75024e-05
3.191633e-08,1.87996e-05
3.201633e-08,2.39886e-05
3.211633e-08,3.24206e-05
3.221633e-08,4.40958e-05
3.231633e-08,5.77168e-05
3.241633e-08,6.9392e-05
3.251633e-08,7.71754e-05
3.261633e-08,7.7824e-05
3.271633e-08,7.13378e-05
3.281633e-08,5.70682e-05
3.291633e-08,3.63124e-05
3.301633e-08,1.16648e-05
3.311633e-08,-1.428e-05
3.321633e-08,-3.63331e-05
3.331633e-08,-5.25486e-05
3.341633e-08,-6.22779e-05
3.351633e-08,-6.48724e-05
3.361633e-08,-6.09807e-05
3.371633e-08,-5.44945e-05
3.381633e-08,-4.86569e-05
3.391633e-08,-4.73596e-05
3.401633e-08,-5.25486e-05
3.411633e-08,-6.61696e-05
3.421633e-08,-8.82227e-05
3.431633e-08,-0.000117411
3.441633e-08,-0.000149842
3.451633e-08,-0.000181624
3.461633e-08,-0.000210163
3.471633e-08,-0.000232216
3.481633e-08,-0.000245189
3.491633e-08,-0.000249081
3.501633e-08,-0.000246486
3.511633e-08,-0.000238054
3.521633e-08,-0.000227027
3.531633e-08,-0.000216001
3.541633e-08,-0.000207569
3.551633e-08,-0.000203677
3.561633e-08,-0.000203677
3.571633e-08,-0.000205623
3.581633e-08,-0.000208217
3.591633e-08,-0.000208866
3.601633e-08,-0.000205623
3.611633e-08,-0.000197191
3.621633e-08,-0.000184867
3.631633e-08,-0.000169949
3.641633e-08,-0.000155031
3.651633e-08,-0.000142058
3.661633e-08,-0.000133626
3.671633e-08,-0.00013168
3.681633e-08,-0.000136221
3.691633e-08,-0.000147247
3.701633e-08,-0.000162165
3.711633e-08,-0.000178381
3.721633e-08,-0.000192002
3.731633e-08,-0.000201083
3.741633e-08,-0.00020238
3.751633e-08,-0.000195894
3.761633e-08,-0.000181624
3.771633e-08,-0.000161517
3.781633e-08,-0.000140112
3.791633e-08,-0.000119356
3.801633e-08,-0.000103141
3.811633e-08,-9.34117e-05
3.821633e-08,-9.14658e-05
3.831633e-08,-9.66548e-05
3.841633e-08,-0.000106384
3.851633e-08,-0.000118708
3.861633e-08,-0.000130383
3.871633e-08,-0.000138815
3.881633e-08,-0.000142058
3.891633e-08,-0.000139464
3.901633e-08,-0.000130383
3.911633e-08,-0.000116762
3.921633e-08,-9.92493e-05
3.931633e-08,-8.10879e-05
3.941633e-08,-6.5521e-05
3.951633e-08,-5.38459e-05
3.961633e-08,-4.60624e-05
3.971633e-08,-4.34679e-05
3.981633e-08,-4.41165e-05
3.991633e-08,-4.80083e-05
4.001633e-08,-5.25486e-05
4.011633e-08,-5.7089e-05
4.021633e-08,-6.16293e-05
4.031633e-08,-6.61696e-05
4.041633e-08,-6.94127e-05
4.051633e-08,-7.26558e-05
4.061633e-08,-7.65476e-05
4.071633e-08,-8.10879e-05
4.081633e-08,-8.62769e-05
4.091633e-08,-9.14658e-05
4.101633e-08,-9.60062e-05
4.111633e-08,-9.7952e-05
4.121633e-08,-9.60062e-05
4.131633e-08,-8.88713e-05
4.141633e-08,-7.65476e-05
4.151633e-08,-5.96834e-05
4.161633e-08,-4.02248e-05
4.171633e-08,-1.9469e-05
4.181633e-08,-1.95624e-06
4.191633e-08,9.0703e-06
4.201633e-08,1.23134e-05
4.211633e-08,5.17858e-06
4.221633e-08,-1.23342e-05
4.231633e-08,-3.89276e-05
4.241633e-08,-7.20072e-05
4.251633e-08,-0.000108979
4.261633e-08,-0.000145301
4.271633e-08,-0.00017903
4.281633e-08,-0.00020692
4.291633e-08,-0.000227027
4.301633e-08,-0.000240648
4.311633e-08,-0.000247783
4.321633e-08,-0.000249729
4.331633e-08,-0.000248432
4.341633e-08,-0.000245189
4.351633e-08,-0.000241946
4.361633e-08,-0.000238054
4.371633e-08,-0.000234162
4.381633e-08,-0.000228973
4.391633e-08,-0.000220541
4.401633e-08,-0.000208217
4.411633e-08,-0.000190705
4.421633e-08,-0.000168652
4.431633e-08,-0.000143355
4.441633e-08,-0.000116762
4.451633e-08,-9.27631e-05
4.461633e-08,-7.39531e-05
4.471633e-08,-6.16293e-05
4.481633e-08,-5.83862e-05
4.491633e-08,-6.42238e-05
4.501633e-08,-7.84934e-05
4.511633e-08,-9.92493e-05
4.521633e-08,-0.0001226
4.531633e-08,-0.000146599
4.541633e-08,-0.000168003
4.551633e-08,-0.000186164
4.561633e-08,-0.000199137
4.571633e-08,-0.000207569
4.581633e-08,-0.000212758
4.591633e-08,-0.000217298
4.601633e-08,-0.00022119
4.611633e-08,-0.000227676
4.621633e-08,-0.000238054
4.631633e-08,-0.000251026
4.641633e-08,-0.000264647
4.651633e-08,-0.00027762
4.661633e-08,-0.000288646
4.671633e-08,-0.000295781
4.681633e-08,-0.000297078
4.691633e-08,-0.000291889
4.701633e-08,-0.00028216
4.711633e-08,-0.000267891
4.721633e-08,-0.000252324
4.731633e-08,-0.000236757
4.741633e-08,-0.000224433
4.751633e-08,-0.000215352
4.761633e-08,-0.000210163
4.771633e-08,-0.000208217
4.781633e-08,-0.000209515
4.791633e-08,-0.000210163
4.801633e-08,-0.000208866
4.811633e-08,-0.000203677
4.821633e-08,-0.000194596
4.831633e-08,-0.000182273
4.841633e-08,-0.000166057
4.851633e-08,-0.000149842
4.861633e-08,-0.000135572
4.871633e-08,-0.000125194
4.881633e-08,-0.000120005
4.891633e-08,-0.000120005
4.901633e-08,-0.000123897
4.911633e-08,-0.00013168
4.921633e-08,-0.000139464
4.931633e-08,-0.00014595
4.941633e-08,-0.000148544
4.951633e-08,-0.00014595
4.961633e-08,-0.000138815
4.971633e-08,-0.000127789
4.981633e-08,-0.000114816
4.991633e-08,-0.000101844
5.001633e-08,-9.14658e-05
5.011633e-08,-8.49796e-05
5.021633e-08,-8.36824e-05
5.031633e-08,-8.75741e-05
5.041633e-08,-9.53575e-05
5.051633e-08,-0.000104438
5.061633e-08,-0.00011287
5.071633e-08,-0.000118708
5.081633e-08,-0.000120654
5.091633e-08,-0.000118059
5.101633e-08,-0.000112222
5.111633e-08,-0.00010379
5.121633e-08,-9.53575e-05
5.131633e-08,-9.01686e-05
5.141633e-08,-8.952e-05
5.151633e-08,-9.53575e-05
5.161633e-08,-0.000106384
5.171633e-08,-0.000121951
5.181633e-08,-0.000139464
5.191633e-08,-0.000155679
5.201633e-08,-0.000167354
5.211633e-08,-0.000172543
5.221633e-08,-0.000169949
5.231633e-08,-0.000158922
5.241633e-08,-0.00014141
5.251633e-08,-0.000119356
5.261633e-08,-9.66548e-05
5.271633e-08,-7.65476e-05
5.281633e-08,-6.16293e-05
5.291633e-08,-5.44945e-05
5.301633e-08,-5.51431e-05
5.311633e-08,-6.35752e-05
5.321633e-08,-7.65476e-05
5.331633e-08,-9.27631e-05
5.341633e-08,-0.000109627
5.351633e-08,-0.000123897
5.361633e-08,-0.000134275
5.371633e-08,-0.000140112
5.381633e-08,-0.000143355
5.391633e-08,-0.000144004
5.401633e-08,-0.000143355
5.411633e-08,-0.000143355
5.421633e-08,-0.000143355
5.431633e-08,-0.000144653
5.441633e-08,-0.000145301
5.451633e-08,-0.000144653
5.461633e-08,-0.000140112
5.471633e-08,-0.000130383
5.481633e-08,-0.000115465
5.491633e-08,-9.53575e-05
5.501633e-08,-7.20072e-05
5.511633e-08,-4.73596e-05
5.521633e-08,-2.33607e-05
5.531633e-08,-4.55072e-06
5.541633e-08,7.77306e-06
5.551633e-08,1.10162e-05
5.561633e-08,5.8272e-06
5.571633e-08,-7.1452e-06
5.581633e-08,-2.53066e-05
5.591633e-08,-4.60624e-05
5.601633e-08,-6.61696e-05
5.611633e-08,-8.23851e-05
5.621633e-08,-9.40603e-05
5.631633e-08,-9.86006e-05
5.641633e-08,-9.66548e-05
5.651633e-08,-9.08172e-05
5.661633e-08,-8.23851e-05
5.671633e-08,-7.39531e-05
5.681633e-08,-6.81155e-05
5.691633e-08,-6.5521e-05
5.701633e-08,-6.61696e-05
5.711633e-08,-7.071e-05
5.721633e-08,-7.65476e-05
5.731633e-08,-8.23851e-05
5.741633e-08,-8.56282e-05
5.751633e-08,-8.49796e-05
5.761633e-08,-7.97907e-05
5.771633e-08,-7.071e-05
5.781633e-08,-5.96834e-05
5.791633e-08,-4.80083e-05
5.801633e-08,-3.76303e-05
5.811633e-08,-2.98469e-05
5.821633e-08,-2.53066e-05
5.831633e-08,-2.46579e-05
5.841633e-08,-2.66038e-05
5.851633e-08,-3.04955e-05
5.861633e-08,-3.50359e-05
5.871633e-08,-3.8279e-05
5.881633e-08,-3.89276e-05
5.891633e-08,-3.76303e-05
5.901633e-08,-3.56845e-05
5.911633e-08,-3.43872e-05
5.921633e-08,-3.50359e-05
5.931633e-08,-3.89276e-05
5.941633e-08,-4.86569e-05
5.951633e-08,-6.42238e-05
5.961633e-08,-8.49796e-05
5.971633e-08,-0.000108979
5.981633e-08,-0.000134275
5.991633e-08,-0.000156976
6.001633e-08,-0.000174489
6.011633e-08,-0.000184219
6.021633e-08,-0.000186164
6.031633e-08,-0.00017903
6.041633e-08,-0.00016476
6.051633e-08,-0.000145301
6.061633e-08,-0.000123248
6.071633e-08,-0.000103141
6.081633e-08,-8.62769e-05
6.091633e-08,-7.52503e-05
6.101633e-08,-6.94127e-05
6.111633e-08,-6.94127e-05
6.121633e-08,-7.20072e-05
6.131633e-08,-7.65476e-05
6.141633e-08,-8.10879e-05
6.151633e-08,-8.4331e-05
6.161633e-08,-8.49796e-05
6.171633e-08,-8.49796e-05
6.181633e-08,-8.36824e-05
6.191633e-08,-8.49796e-05
6.201633e-08,-8.82227e-05
6.211633e-08,-9.53575e-05
6.221633e-08,-0.000107033
6.231633e-08,-0.000121951
6.241633e-08,-0.000138815
6.251633e-08,-0.000154382
6.261633e-08,-0.000166706
6.271633e-08,-0.000173192
6.281633e-08,-0.000170597
6.291633e-08,-0.000159571
6.301633e-08,-0.000139464
6.311633e-08,-0.000113519
6.321633e-08,-8.36824e-05
6.331633e-08,-5.51431e-05
6.341633e-08,-3.04955e-05
6.351633e-08,-1.29828e-05
6.361633e-08,-5.19934e-06
6.371633e-08,-7.79382e-06
6.381633e-08,-2.01176e-05
6.391633e-08,-3.89276e-05
6.401633e-08,-6.16293e-05
6.411633e-08,-8.49796e-05
6.421633e-08,-0.000105087
6.431633e-08,-0.000121302
6.441633e-08,-0.00013168
6.451633e-08,-0.000136869
6.461633e-08,-0.000138166
6.471633e-08,-0.000136869
6.481633e-08,-0.000135572
6.491633e-08,-0.000134275
6.501633e-08,-0.000134275
6.511633e-08,-0.000134923
6.521633e-08,-0.000135572
6.531633e-08,-0.000135572
6.541633e-08,-0.000133626
6.551633e-08,-0.000127789
6.561633e-08,-0.000118059
6.571633e-08,-0.000105735
6.581633e-08,-9.08172e-05
6.591633e-08,-7.52503e-05
6.601633e-08,-6.09807e-05
6.611633e-08,-4.99541e-05
6.621633e-08,-4.41165e-05
6.631633e-08,-4.21707e-05
6.641633e-08,-4.41165e-05
6.651633e-08,-4.86569e-05
6.661633e-08,-5.38459e-05
6.671633e-08,-5.64403e-05
6.681633e-08,-5.44945e-05
6.691633e-08,-4.73596e-05
6.701633e-08,-3.43872e-05
6.711633e-08,-1.55773e-05
6.721633e-08,7.12444e-06
6.731633e-08,3.1772e-05
6.741633e-08,5.5771e-05
6.751633e-08,7.65268e-05
6.761633e-08,9.20937e-05
6.771633e-08,0.000101823
6.781633e-08,0.000104417
6.791633e-08,0.000101823
6.801633e-08,9.6634e-05
6.811633e-08,8.88506e-05
6.821633e-08,8.10671e-05
6.831633e-08,7.32837e-05
6.841633e-08,6.61489e-05
6.851633e-08,5.96627e-05
6.861633e-08,5.18792e-05
6.871633e-08,4.21499e-05
6.881633e-08,3.04748e-05
6.891633e-08,1.49079e-05
6.901633e-08,-4.55072e-06
6.911633e-08,-2.66038e-05
6.921633e-08,-5.06027e-05
6.931633e-08,-7.52503e-05
6.941633e-08,-9.7952e-05
6.951633e-08,-0.000117411
6.961633e-08,-0.000131032
6.971633e-08,-0.000139464
6.981633e-08,-0.00014141
6.991633e-08,-0.000139464
7.001633e-08,-0.000133626
7.011633e-08,-0.000126491
7.021633e-08,-0.000120654
7.031633e-08,-0.000115465
7.041633e-08,-0.00011287
7.051633e-08,-0.000111573
7.061633e-08,-0.000112222
7.071633e-08,-0.000114168
7.081633e-08,-0.000115465
7.091633e-08,-0.000116762
7.101633e-08,-0.000117411
7.111633e-08,-0.000117411
7.121633e-08,-0.000116762
7.131633e-08,-0.000117411
7.141633e-08,-0.000120654
7.151633e-08,-0.00012714
7.161633e-08,-0.000136869
7.171633e-08,-0.000151139
7.181633e-08,-0.000167354
7.191633e-08,-0.00018357
7.201633e-08,-0.00019784
7.211633e-08,-0.000207569
7.221633e-08,-0.000211461
7.231633e-08,-0.000208217
7.241633e-08,-0.00019784
7.251633e-08,-0.000182273
7.261633e-08,-0.000162814
7.271633e-08,-0.000142707
7.281633e-08,-0.000123248
7.291633e-08,-0.000107033
7.301633e-08,-9.60062e-05
7.311633e-08,-9.01686e-05
7.321633e-08,-8.82227e-05
7.331633e-08,-8.88713e-05
7.341633e-08,-9.08172e-05
7.351633e-08,-9.27631e-05
7.361633e-08,-9.21144e-05
7.371633e-08,-8.82227e-05
7.381633e-08,-8.17365e-05
7.391633e-08,-7.52503e-05
7.401633e-08,-6.94127e-05
7.411633e-08,-6.74669e-05
7.421633e-08,-7.00614e-05
7.431633e-08,-7.84934e-05
7.441633e-08,-9.27631e-05
7.451633e-08,-0.000111573
7.461633e-08,-0.000133626
7.471633e-08,-0.000156328
7.481633e-08,-0.000175786
7.491633e-08,-0.000192002
7.501633e-08,-0.00020238
7.511633e-08,-0.000207569
7.521633e-08,-0.000206272
7.531633e-08,-0.000199785
7.541633e-08,-0.000191353
7.551633e-08,-0.000181624
7.561633e-08,-0.000172543
7.571633e-08,-0.000164111
7.581633e-08,-0.000158274
7.591633e-08,-0.000153733
7.601633e-08,-0.000149193
7.611633e-08,-0.000144004
7.621633e-08,-0.000136869
7.631633e-08,-0.00012714
7.641633e-08,-0.000115465
7.651633e-08,-0.000103141
7.661633e-08,-9.08172e-05
7.671633e-08,-8.10879e-05
7.681633e-08,-7.39531e-05
7.691633e-08,-7.071e-05
7.701633e-08,-7.071e-05
7.711633e-08,-7.26558e-05
7.721633e-08,-7.58989e-05
