LECROYWaveRunner‘N,20113,Waveform
Segments,1,SegmentSize,2002
Segment,TrigTime,TimeSinceSegment1
#1,28-Sep-2018 13:20:31,0                 
Time,Ampl
-1.228178e-07,3.24206e-05
-1.227178e-07,4.27986e-05
-1.226178e-07,5.0582e-05
-1.225178e-07,5.70682e-05
-1.224178e-07,6.22572e-05
-1.223178e-07,6.67975e-05
-1.222178e-07,7.06892e-05
-1.221178e-07,7.45809e-05
-1.220178e-07,7.84727e-05
-1.219178e-07,8.17158e-05
-1.218178e-07,8.36616e-05
-1.217178e-07,8.49589e-05
-1.216178e-07,8.49589e-05
-1.215178e-07,8.3013e-05
-1.214178e-07,7.97699e-05
-1.213178e-07,7.58782e-05
-1.212178e-07,7.00406e-05
-1.211178e-07,6.35544e-05
-1.210178e-07,5.5771e-05
-1.209178e-07,4.79875e-05
-1.208178e-07,3.82582e-05
-1.207178e-07,2.72317e-05
-1.206178e-07,1.55565e-05
-1.205178e-07,2.5841e-06
-1.204178e-07,-1.10369e-05
-1.203178e-07,-2.40093e-05
-1.202178e-07,-3.56845e-05
-1.201178e-07,-4.6711e-05
-1.200178e-07,-5.51431e-05
-1.199178e-07,-6.16293e-05
-1.198178e-07,-6.5521e-05
-1.197178e-07,-6.74669e-05
-1.196178e-07,-6.74669e-05
-1.195178e-07,-6.61696e-05
-1.194178e-07,-6.42238e-05
-1.193178e-07,-6.29265e-05
-1.192178e-07,-6.22779e-05
-1.191178e-07,-6.35752e-05
-1.190178e-07,-6.48724e-05
-1.189178e-07,-6.74669e-05
-1.188178e-07,-7.00614e-05
-1.187178e-07,-7.20072e-05
-1.186178e-07,-7.33045e-05
-1.185178e-07,-7.33045e-05
-1.184178e-07,-7.26558e-05
-1.183178e-07,-7.071e-05
-1.182178e-07,-6.87641e-05
-1.181178e-07,-6.68183e-05
-1.180178e-07,-6.5521e-05
-1.179178e-07,-6.42238e-05
-1.178178e-07,-6.29265e-05
-1.177178e-07,-6.22779e-05
-1.176178e-07,-6.09807e-05
-1.175178e-07,-5.90348e-05
-1.174178e-07,-5.44945e-05
-1.173178e-07,-4.73596e-05
-1.172178e-07,-3.69817e-05
-1.171178e-07,-2.53066e-05
-1.170178e-07,-1.16855e-05
-1.169178e-07,1.93548e-06
-1.168178e-07,1.42593e-05
-1.167178e-07,2.26913e-05
-1.166178e-07,2.78803e-05
-1.165178e-07,2.91775e-05
-1.164178e-07,2.59344e-05
-1.163178e-07,1.87996e-05
-1.162178e-07,9.0703e-06
-1.161178e-07,-6.58998e-07
-1.160178e-07,-9.09106e-06
-1.159178e-07,-1.49286e-05
-1.158178e-07,-1.75231e-05
-1.157178e-07,-1.49286e-05
-1.156178e-07,-8.44244e-06
-1.155178e-07,1.28686e-06
-1.154178e-07,1.2962e-05
-1.153178e-07,2.46372e-05
-1.152178e-07,3.43665e-05
-1.151178e-07,4.15013e-05
-1.150178e-07,4.40958e-05
-1.149178e-07,4.34472e-05
-1.148178e-07,3.89068e-05
-1.147178e-07,3.1772e-05
-1.146178e-07,2.39886e-05
-1.145178e-07,1.68537e-05
-1.144178e-07,1.10162e-05
-1.143178e-07,7.77306e-06
-1.142178e-07,6.47582e-06
-1.141178e-07,8.42168e-06
-1.140178e-07,1.23134e-05
-1.139178e-07,1.8151e-05
-1.138178e-07,2.39886e-05
-1.137178e-07,3.04748e-05
-1.136178e-07,3.6961e-05
-1.135178e-07,4.21499e-05
-1.134178e-07,4.73389e-05
-1.133178e-07,5.12306e-05
-1.132178e-07,5.44737e-05
-1.131178e-07,5.70682e-05
-1.130178e-07,5.96627e-05
-1.129178e-07,6.16085e-05
-1.128178e-07,6.29058e-05
-1.127178e-07,6.29058e-05
-1.126178e-07,6.22572e-05
-1.125178e-07,5.96627e-05
-1.124178e-07,5.64196e-05
-1.123178e-07,5.18792e-05
-1.122178e-07,4.73389e-05
-1.121178e-07,4.27986e-05
-1.120178e-07,3.95555e-05
-1.119178e-07,3.76096e-05
-1.118178e-07,3.82582e-05
-1.117178e-07,4.02041e-05
-1.116178e-07,4.47444e-05
-1.115178e-07,5.0582e-05
-1.114178e-07,5.83654e-05
-1.113178e-07,6.67975e-05
-1.112178e-07,7.58782e-05
-1.111178e-07,8.36616e-05
-1.110178e-07,9.07964e-05
-1.109178e-07,9.6634e-05
-1.108178e-07,0.000100526
-1.107178e-07,0.000101823
-1.106178e-07,0.000101174
-1.105178e-07,9.92285e-05
-1.104178e-07,9.46882e-05
-1.103178e-07,8.8202e-05
-1.102178e-07,7.97699e-05
-1.101178e-07,7.00406e-05
-1.100178e-07,5.83654e-05
-1.099178e-07,4.47444e-05
-1.098178e-07,2.91775e-05
-1.097178e-07,1.2962e-05
-1.096178e-07,-3.9021e-06
-1.095178e-07,-2.07662e-05
-1.094178e-07,-3.76303e-05
-1.093178e-07,-5.38459e-05
-1.092178e-07,-6.94127e-05
-1.091178e-07,-8.36824e-05
-1.090178e-07,-9.66548e-05
-1.089178e-07,-0.000107681
-1.088178e-07,-0.000116762
-1.087178e-07,-0.000123897
-1.086178e-07,-0.000129734
-1.085178e-07,-0.000132978
-1.084178e-07,-0.000134275
-1.083178e-07,-0.000133626
-1.082178e-07,-0.000130383
-1.081178e-07,-0.0001226
-1.080178e-07,-0.000110924
-1.079178e-07,-9.53575e-05
-1.078178e-07,-7.58989e-05
-1.077178e-07,-5.12514e-05
-1.076178e-07,-2.33607e-05
-1.075178e-07,7.12444e-06
-1.074178e-07,3.89068e-05
-1.073178e-07,7.00406e-05
-1.072178e-07,0.000100526
-1.071178e-07,0.000127768
-1.070178e-07,0.000149821
-1.069178e-07,0.000166685
-1.068178e-07,0.000176414
-1.067178e-07,0.00017836
-1.066178e-07,0.000172523
-1.065178e-07,0.000160847
-1.064178e-07,0.000142686
-1.063178e-07,0.000119984
-1.062178e-07,9.33909e-05
-1.061178e-07,6.35544e-05
-1.060178e-07,3.24206e-05
-1.059178e-07,-1.03779e-08
-1.058178e-07,-3.11441e-05
-1.057178e-07,-5.96834e-05
-1.056178e-07,-8.56282e-05
-1.055178e-07,-0.000109627
-1.054178e-07,-0.000129734
-1.053178e-07,-0.000146599
-1.052178e-07,-0.00016022
-1.051178e-07,-0.000171246
-1.050178e-07,-0.00017903
-1.049178e-07,-0.00018357
-1.048178e-07,-0.000186164
-1.047178e-07,-0.000186164
-1.046178e-07,-0.000184219
-1.045178e-07,-0.000180327
-1.044178e-07,-0.000173192
-1.043178e-07,-0.000164111
-1.042178e-07,-0.000153085
-1.041178e-07,-0.000139464
-1.040178e-07,-0.000123248
-1.039178e-07,-0.000105087
-1.038178e-07,-8.56282e-05
-1.037178e-07,-6.5521e-05
-1.036178e-07,-4.47652e-05
-1.035178e-07,-2.40093e-05
-1.034178e-07,-5.19934e-06
-1.033178e-07,1.23134e-05
-1.032178e-07,2.72317e-05
-1.031178e-07,3.89068e-05
-1.030178e-07,4.73389e-05
-1.029178e-07,5.25279e-05
-1.028178e-07,5.64196e-05
-1.027178e-07,5.83654e-05
-1.026178e-07,5.90141e-05
-1.025178e-07,5.90141e-05
-1.024178e-07,5.77168e-05
-1.023178e-07,5.51223e-05
-1.022178e-07,4.99334e-05
-1.021178e-07,4.27986e-05
-1.020178e-07,3.1772e-05
-1.019178e-07,1.68537e-05
-1.018178e-07,-1.95624e-06
-1.017178e-07,-2.40093e-05
-1.016178e-07,-4.73596e-05
-1.015178e-07,-7.20072e-05
-1.014178e-07,-9.53575e-05
-1.013178e-07,-0.000115465
-1.012178e-07,-0.00013168
-1.011178e-07,-0.000142707
-1.010178e-07,-0.000147896
-1.009178e-07,-0.000147896
-1.008178e-07,-0.000142707
-1.007178e-07,-0.000133626
-1.006178e-07,-0.0001226
-1.005178e-07,-0.000110276
-1.004178e-07,-9.73034e-05
-1.003178e-07,-8.56282e-05
-1.002178e-07,-7.52503e-05
-1.001178e-07,-6.5521e-05
-1.000178e-07,-5.77376e-05
-9.991778e-08,-5.12514e-05
-9.981778e-08,-4.60624e-05
-9.971778e-08,-4.21707e-05
-9.961778e-08,-3.89276e-05
-9.951778e-08,-3.69817e-05
-9.941778e-08,-3.69817e-05
-9.931778e-08,-3.89276e-05
-9.921778e-08,-4.28193e-05
-9.911778e-08,-4.93055e-05
-9.901778e-08,-5.77376e-05
-9.891778e-08,-6.81155e-05
-9.881778e-08,-7.9142e-05
-9.871778e-08,-9.08172e-05
-9.861778e-08,-0.000101195
-9.851778e-08,-0.000109627
-9.841778e-08,-0.000115465
-9.831778e-08,-0.000118708
-9.821778e-08,-0.000119356
-9.811778e-08,-0.000116113
-9.801778e-08,-0.000108979
-9.791778e-08,-9.92493e-05
-9.781778e-08,-8.69255e-05
-9.771778e-08,-7.13586e-05
-9.761778e-08,-5.44945e-05
-9.751778e-08,-3.69817e-05
-9.741778e-08,-1.88204e-05
-9.731778e-08,-6.58998e-07
-9.721778e-08,1.55565e-05
-9.711778e-08,2.98261e-05
-9.701778e-08,4.08527e-05
-9.691778e-08,4.79875e-05
-9.681778e-08,4.92848e-05
-9.671778e-08,4.60417e-05
-9.661778e-08,3.76096e-05
-9.651778e-08,2.46372e-05
-9.641778e-08,8.42168e-06
-9.631778e-08,-1.03883e-05
-9.621778e-08,-3.04955e-05
-9.611778e-08,-4.86569e-05
-9.601778e-08,-6.48724e-05
-9.591778e-08,-7.71962e-05
-9.581778e-08,-8.56282e-05
-9.571778e-08,-8.75741e-05
-9.561778e-08,-8.36824e-05
-9.551778e-08,-7.26558e-05
-9.541778e-08,-5.57917e-05
-9.531778e-08,-3.37386e-05
-9.521778e-08,-7.1452e-06
-9.511778e-08,2.26913e-05
-9.501778e-08,5.31765e-05
-9.491778e-08,8.49589e-05
-9.481778e-08,0.000114795
-9.471778e-08,0.000141389
-9.461778e-08,0.000164091
-9.451778e-08,0.000181603
-9.441778e-08,0.00019263
-9.431778e-08,0.000196522
-9.421778e-08,0.000194576
-9.411778e-08,0.000186792
-9.401778e-08,0.000173171
-9.391778e-08,0.00015501
-9.381778e-08,0.000132308
-9.371778e-08,0.000108309
-9.361778e-08,8.3013e-05
-9.351778e-08,5.77168e-05
-9.341778e-08,3.43665e-05
-9.331778e-08,1.42593e-05
-9.321778e-08,-2.60486e-06
-9.311778e-08,-1.49286e-05
-9.301778e-08,-2.33607e-05
-9.291778e-08,-2.85497e-05
-9.281778e-08,-3.17928e-05
-9.271778e-08,-3.37386e-05
-9.261778e-08,-3.43872e-05
-9.251778e-08,-3.43872e-05
-9.241778e-08,-3.309e-05
-9.231778e-08,-3.17928e-05
-9.221778e-08,-2.85497e-05
-9.211778e-08,-2.46579e-05
-9.201778e-08,-1.88204e-05
-9.191778e-08,-1.23342e-05
-9.181778e-08,-4.55072e-06
-9.171778e-08,3.23272e-06
-9.161778e-08,9.71892e-06
-9.151778e-08,1.23134e-05
-9.141778e-08,1.03675e-05
-9.131778e-08,3.88134e-06
-9.121778e-08,-7.79382e-06
-9.111778e-08,-2.53066e-05
-9.101778e-08,-4.60624e-05
-9.091778e-08,-6.87641e-05
-9.081778e-08,-9.08172e-05
-9.071778e-08,-0.000110276
-9.061778e-08,-0.000124545
-9.051778e-08,-0.000131032
-9.041778e-08,-0.000129734
-9.031778e-08,-0.000121302
-9.021778e-08,-0.000105087
-9.011778e-08,-8.36824e-05
-9.001778e-08,-5.77376e-05
-8.991778e-08,-2.98469e-05
-8.981778e-08,-2.60486e-06
-8.971778e-08,2.33399e-05
-8.961778e-08,4.47444e-05
-8.951778e-08,6.03113e-05
-8.941778e-08,7.13378e-05
-8.931778e-08,7.7824e-05
-8.921778e-08,7.97699e-05
-8.911778e-08,7.84727e-05
-8.901778e-08,7.39323e-05
-8.891778e-08,6.80947e-05
-8.881778e-08,6.16085e-05
-8.871778e-08,5.64196e-05
-8.861778e-08,5.25279e-05
-8.851778e-08,5.12306e-05
-8.841778e-08,5.18792e-05
-8.831778e-08,5.38251e-05
-8.821778e-08,5.70682e-05
-8.811778e-08,6.22572e-05
-8.801778e-08,6.74461e-05
-8.791778e-08,7.13378e-05
-8.781778e-08,7.32837e-05
-8.771778e-08,7.26351e-05
-8.761778e-08,6.87434e-05
-8.751778e-08,6.16085e-05
-8.741778e-08,5.12306e-05
-8.731778e-08,3.89068e-05
-8.721778e-08,2.46372e-05
-8.711778e-08,9.0703e-06
-8.701778e-08,-4.55072e-06
-8.691778e-08,-1.428e-05
-8.681778e-08,-1.9469e-05
-8.671778e-08,-1.88204e-05
-8.661778e-08,-1.23342e-05
-8.651778e-08,6.38242e-07
-8.641778e-08,1.94482e-05
-8.631778e-08,4.21499e-05
-8.621778e-08,6.74461e-05
-8.611778e-08,9.33909e-05
-8.601778e-08,0.00011739
-8.591778e-08,0.0001362
-8.581778e-08,0.000149821
-8.571778e-08,0.000155658
-8.561778e-08,0.000154361
-8.551778e-08,0.000145281
-8.541778e-08,0.000129714
-8.531778e-08,0.000110255
-8.521778e-08,8.8202e-05
-8.511778e-08,6.55003e-05
-8.501778e-08,4.40958e-05
-8.491778e-08,2.6583e-05
-8.481778e-08,1.36106e-05
-8.471778e-08,5.17858e-06
-8.461778e-08,2.5841e-06
-8.451778e-08,5.17858e-06
-8.441778e-08,1.16648e-05
-8.431778e-08,2.20427e-05
-8.421778e-08,3.50151e-05
-8.411778e-08,5.12306e-05
-8.401778e-08,7.00406e-05
-8.391778e-08,9.07964e-05
-8.381778e-08,0.00011285
-8.371778e-08,0.0001362
-8.361778e-08,0.000160199
-8.351778e-08,0.000182252
-8.341778e-08,0.00020171
-8.331778e-08,0.000216629
-8.321778e-08,0.000225709
-8.311778e-08,0.000226358
-8.301778e-08,0.000218575
-8.291778e-08,0.000203008
-8.281778e-08,0.000179657
-8.271778e-08,0.000151118
-8.261778e-08,0.000118038
-8.251778e-08,8.49589e-05
-8.241778e-08,5.31765e-05
-8.231778e-08,2.52858e-05
-8.221778e-08,2.5841e-06
-8.211778e-08,-1.29828e-05
-8.201778e-08,-2.14148e-05
-8.191778e-08,-2.27121e-05
-8.181778e-08,-1.75231e-05
-8.171778e-08,-7.1452e-06
-8.161778e-08,5.8272e-06
-8.151778e-08,2.00968e-05
-8.141778e-08,3.43665e-05
-8.131778e-08,4.79875e-05
-8.121778e-08,6.03113e-05
-8.111778e-08,7.00406e-05
-8.101778e-08,7.71754e-05
-8.091778e-08,8.23644e-05
-8.081778e-08,8.49589e-05
-8.071778e-08,8.56075e-05
-8.061778e-08,8.56075e-05
-8.051778e-08,8.43102e-05
-8.041778e-08,8.3013e-05
-8.031778e-08,8.10671e-05
-8.021778e-08,8.04185e-05
-8.011778e-08,8.04185e-05
-8.001778e-08,8.10671e-05
-7.991778e-08,8.3013e-05
-7.981778e-08,8.56075e-05
-7.971778e-08,9.01478e-05
-7.961778e-08,9.40395e-05
-7.951778e-08,9.79313e-05
-7.941778e-08,0.000100526
-7.931778e-08,0.000101823
-7.921778e-08,0.000101174
-7.911778e-08,9.79313e-05
-7.901778e-08,9.14451e-05
-7.891778e-08,8.36616e-05
-7.881778e-08,7.39323e-05
-7.871778e-08,6.29058e-05
-7.861778e-08,5.25279e-05
-7.851778e-08,4.34472e-05
-7.841778e-08,3.6961e-05
-7.831778e-08,3.43665e-05
-7.821778e-08,3.56637e-05
-7.811778e-08,4.15013e-05
-7.801778e-08,5.0582e-05
-7.791778e-08,6.29058e-05
-7.781778e-08,7.65268e-05
-7.771778e-08,9.07964e-05
-7.761778e-08,0.000104417
-7.751778e-08,0.000116741
-7.741778e-08,0.000125822
-7.731778e-08,0.000132957
-7.721778e-08,0.000136848
-7.711778e-08,0.000136848
-7.701778e-08,0.000132957
-7.691778e-08,0.000127768
-7.681778e-08,0.000121282
-7.671778e-08,0.000114147
-7.661778e-08,0.000106363
-7.651778e-08,9.79313e-05
-7.641778e-08,8.94992e-05
-7.631778e-08,7.97699e-05
-7.621778e-08,6.87434e-05
-7.611778e-08,5.77168e-05
-7.601778e-08,4.60417e-05
-7.591778e-08,3.24206e-05
-7.581778e-08,1.75024e-05
-7.571778e-08,1.93548e-06
-7.561778e-08,-1.428e-05
-7.551778e-08,-3.11441e-05
-7.541778e-08,-4.73596e-05
-7.531778e-08,-6.22779e-05
-7.521778e-08,-7.58989e-05
-7.511778e-08,-8.75741e-05
-7.501778e-08,-9.7952e-05
-7.491778e-08,-0.000105735
-7.481778e-08,-0.000111573
-7.471778e-08,-0.000116113
-7.461778e-08,-0.000118708
-7.451778e-08,-0.000120005
-7.441778e-08,-0.000118708
-7.431778e-08,-0.000116762
-7.421778e-08,-0.000113519
-7.411778e-08,-0.00010833
-7.401778e-08,-0.000102492
-7.391778e-08,-9.60062e-05
-7.381778e-08,-8.952e-05
-7.371778e-08,-8.23851e-05
-7.361778e-08,-7.52503e-05
-7.351778e-08,-6.87641e-05
-7.341778e-08,-6.42238e-05
-7.331778e-08,-6.03321e-05
-7.321778e-08,-5.77376e-05
-7.311778e-08,-5.64403e-05
-7.301778e-08,-5.57917e-05
-7.291778e-08,-5.57917e-05
-7.281778e-08,-5.57917e-05
-7.271778e-08,-5.57917e-05
-7.261778e-08,-5.44945e-05
-7.251778e-08,-5.12514e-05
-7.241778e-08,-4.6711e-05
-7.231778e-08,-4.21707e-05
-7.221778e-08,-3.69817e-05
-7.211778e-08,-3.17928e-05
-7.201778e-08,-2.72524e-05
-7.191778e-08,-2.46579e-05
-7.181778e-08,-2.27121e-05
-7.171778e-08,-2.27121e-05
-7.161778e-08,-2.33607e-05
-7.151778e-08,-2.53066e-05
-7.141778e-08,-2.98469e-05
-7.131778e-08,-3.43872e-05
-7.121778e-08,-4.02248e-05
-7.111778e-08,-4.6711e-05
-7.101778e-08,-5.38459e-05
-7.091778e-08,-6.22779e-05
-7.081778e-08,-7.071e-05
-7.071778e-08,-7.97907e-05
-7.061778e-08,-8.88713e-05
-7.051778e-08,-9.7952e-05
-7.041778e-08,-0.000106384
-7.031778e-08,-0.000114168
-7.021778e-08,-0.000120005
-7.011778e-08,-0.000124545
-7.001778e-08,-0.000127789
-6.991778e-08,-0.000129734
-6.981778e-08,-0.000131032
-6.971778e-08,-0.00013168
-6.961778e-08,-0.000132329
-6.951778e-08,-0.000134923
-6.941778e-08,-0.000138815
-6.931778e-08,-0.000144004
-6.921778e-08,-0.00015049
-6.911778e-08,-0.000158922
-6.901778e-08,-0.000167354
-6.891778e-08,-0.000174489
-6.881778e-08,-0.000178381
-6.871778e-08,-0.000177732
-6.861778e-08,-0.000172543
-6.851778e-08,-0.00016022
-6.841778e-08,-0.000142058
-6.831778e-08,-0.000118059
-6.821778e-08,-9.01686e-05
-6.811778e-08,-5.77376e-05
-6.801778e-08,-2.40093e-05
-6.791778e-08,9.0703e-06
-6.781778e-08,4.02041e-05
-6.771778e-08,6.80947e-05
-6.761778e-08,9.01478e-05
-6.751778e-08,0.000105715
-6.741778e-08,0.000114147
-6.731778e-08,0.00011739
-6.721778e-08,0.000114795
-6.711778e-08,0.000107012
-6.701778e-08,9.53368e-05
-6.691778e-08,8.10671e-05
-6.681778e-08,6.4203e-05
-6.671778e-08,4.5393e-05
-6.661778e-08,2.52858e-05
-6.651778e-08,3.23272e-06
-6.641778e-08,-1.88204e-05
-6.631778e-08,-4.28193e-05
-6.621778e-08,-6.68183e-05
-6.611778e-08,-8.952e-05
-6.601778e-08,-0.000109627
-6.591778e-08,-0.000124545
-6.581778e-08,-0.000133626
-6.571778e-08,-0.000133626
-6.561778e-08,-0.000123897
-6.551778e-08,-0.000105087
-6.541778e-08,-7.78448e-05
-6.531778e-08,-4.28193e-05
-6.521778e-08,-3.9021e-06
-6.511778e-08,3.50151e-05
-6.501778e-08,7.19865e-05
-6.491778e-08,0.000102472
-6.481778e-08,0.000124525
-6.471778e-08,0.000134903
-6.461778e-08,0.000132957
-6.451778e-08,0.000118687
-6.441778e-08,9.33909e-05
-6.431778e-08,5.96627e-05
-6.421778e-08,2.00968e-05
-6.411778e-08,-2.20635e-05
-6.401778e-08,-6.29265e-05
-6.391778e-08,-0.000101195
-6.381778e-08,-0.000132978
-6.371778e-08,-0.000156976
-6.361778e-08,-0.000173192
-6.351778e-08,-0.000181624
-6.341778e-08,-0.000182921
-6.331778e-08,-0.000178381
-6.321778e-08,-0.0001693
-6.311778e-08,-0.000156976
-6.301778e-08,-0.000142707
-6.291778e-08,-0.000126491
-6.281778e-08,-0.000108979
-6.271778e-08,-9.14658e-05
-6.261778e-08,-7.39531e-05
-6.251778e-08,-5.57917e-05
-6.241778e-08,-3.69817e-05
-6.231778e-08,-1.81717e-05
-6.221778e-08,1.28686e-06
-6.211778e-08,2.07455e-05
-6.201778e-08,3.89068e-05
-6.191778e-08,5.70682e-05
-6.181778e-08,7.32837e-05
-6.171778e-08,8.69047e-05
-6.161778e-08,9.59854e-05
-6.151778e-08,0.000100526
-6.141778e-08,9.98771e-05
-6.131778e-08,9.46882e-05
-6.121778e-08,8.49589e-05
-6.111778e-08,7.00406e-05
-6.101778e-08,5.18792e-05
-6.091778e-08,3.04748e-05
-6.081778e-08,7.77306e-06
-6.071778e-08,-1.428e-05
-6.061778e-08,-3.37386e-05
-6.051778e-08,-4.93055e-05
-6.041778e-08,-5.96834e-05
-6.031778e-08,-6.35752e-05
-6.021778e-08,-6.16293e-05
-6.011778e-08,-5.25486e-05
-6.001778e-08,-3.69817e-05
-5.991778e-08,-1.68745e-05
-5.981778e-08,7.77306e-06
-5.971778e-08,3.37179e-05
-5.961778e-08,5.83654e-05
-5.951778e-08,8.10671e-05
-5.941778e-08,9.92285e-05
-5.931778e-08,0.000113498
-5.921778e-08,0.000121282
-5.911778e-08,0.000123227
-5.901778e-08,0.000119984
-5.891778e-08,0.00011285
-5.881778e-08,0.000102472
-5.871778e-08,9.14451e-05
-5.861778e-08,8.10671e-05
-5.851778e-08,7.13378e-05
-5.841778e-08,6.4203e-05
-5.831778e-08,5.96627e-05
-5.821778e-08,5.83654e-05
-5.811778e-08,6.03113e-05
-5.801778e-08,6.48516e-05
-5.791778e-08,7.06892e-05
-5.781778e-08,7.7824e-05
-5.771778e-08,8.43102e-05
-5.761778e-08,9.01478e-05
-5.751778e-08,9.53368e-05
-5.741778e-08,9.85799e-05
-5.731778e-08,0.000101174
-5.721778e-08,0.000101174
-5.711778e-08,9.92285e-05
-5.701778e-08,9.59854e-05
-5.691778e-08,9.14451e-05
-5.681778e-08,8.69047e-05
-5.671778e-08,8.10671e-05
-5.661778e-08,7.45809e-05
-5.651778e-08,6.67975e-05
-5.641778e-08,5.90141e-05
-5.631778e-08,4.99334e-05
-5.621778e-08,4.02041e-05
-5.611778e-08,2.91775e-05
-5.601778e-08,1.8151e-05
-5.591778e-08,6.47582e-06
-5.581778e-08,-5.19934e-06
-5.571778e-08,-1.62259e-05
-5.561778e-08,-2.59552e-05
-5.551778e-08,-3.309e-05
-5.541778e-08,-3.76303e-05
-5.531778e-08,-3.8279e-05
-5.521778e-08,-3.63331e-05
-5.511778e-08,-3.17928e-05
-5.501778e-08,-2.40093e-05
-5.491778e-08,-1.36314e-05
-5.481778e-08,-3.25348e-06
-5.471778e-08,7.12444e-06
-5.461778e-08,1.49079e-05
-5.451778e-08,2.00968e-05
-5.441778e-08,2.26913e-05
-5.431778e-08,2.07455e-05
-5.421778e-08,1.49079e-05
-5.411778e-08,3.88134e-06
-5.401778e-08,-1.03883e-05
-5.391778e-08,-2.72524e-05
-5.381778e-08,-4.54138e-05
-5.371778e-08,-6.35752e-05
-5.361778e-08,-8.04393e-05
-5.351778e-08,-9.60062e-05
-5.341778e-08,-0.000107681
-5.331778e-08,-0.000115465
-5.321778e-08,-0.000120005
-5.311778e-08,-0.000119356
-5.301778e-08,-0.000114816
-5.291778e-08,-0.000105735
-5.281778e-08,-9.47089e-05
-5.271778e-08,-8.10879e-05
-5.261778e-08,-6.5521e-05
-5.251778e-08,-4.80083e-05
-5.241778e-08,-3.04955e-05
-5.231778e-08,-1.36314e-05
-5.221778e-08,6.38242e-07
-5.211778e-08,1.23134e-05
-5.201778e-08,2.07455e-05
-5.191778e-08,2.46372e-05
-5.181778e-08,2.39886e-05
-5.171778e-08,1.8151e-05
-5.161778e-08,6.47582e-06
-5.151778e-08,-1.03883e-05
-5.141778e-08,-3.04955e-05
-5.131778e-08,-5.31972e-05
-5.121778e-08,-7.65476e-05
-5.111778e-08,-9.86006e-05
-5.101778e-08,-0.000118708
-5.091778e-08,-0.000133626
-5.081778e-08,-0.000144004
-5.071778e-08,-0.000149193
-5.061778e-08,-0.000147896
-5.051778e-08,-0.000140112
-5.041778e-08,-0.000129086
-5.031778e-08,-0.000114168
-5.021778e-08,-9.73034e-05
-5.011778e-08,-7.97907e-05
-5.001778e-08,-6.22779e-05
-4.991778e-08,-4.73596e-05
-4.981778e-08,-3.56845e-05
-4.971778e-08,-2.85497e-05
-4.961778e-08,-2.59552e-05
-4.951778e-08,-2.85497e-05
-4.941778e-08,-3.50359e-05
-4.931778e-08,-4.54138e-05
-4.921778e-08,-5.90348e-05
-4.911778e-08,-7.52503e-05
-4.901778e-08,-9.27631e-05
-4.891778e-08,-0.000109627
-4.881778e-08,-0.000125194
-4.871778e-08,-0.000138166
-4.861778e-08,-0.000148544
-4.851778e-08,-0.000155031
-4.841778e-08,-0.000158922
-4.831778e-08,-0.000161517
-4.821778e-08,-0.000163463
-4.811778e-08,-0.000165409
-4.801778e-08,-0.000168652
-4.791778e-08,-0.000174489
-4.781778e-08,-0.000182273
-4.771778e-08,-0.000192651
-4.761778e-08,-0.000203677
-4.751778e-08,-0.000214704
-4.741778e-08,-0.000225082
-4.731778e-08,-0.000233514
-4.721778e-08,-0.000239351
-4.711778e-08,-0.000241297
-4.701778e-08,-0.000239351
-4.691778e-08,-0.000231568
-4.681778e-08,-0.000218595
-4.671778e-08,-0.000201083
-4.661778e-08,-0.000178381
-4.651778e-08,-0.000152436
-4.641778e-08,-0.000121951
-4.631778e-08,-8.82227e-05
-4.621778e-08,-5.19e-05
-4.611778e-08,-1.36314e-05
-4.601778e-08,2.52858e-05
-4.591778e-08,6.4203e-05
-4.581778e-08,0.000100526
-4.571778e-08,0.000132957
-4.561778e-08,0.000160199
-4.551778e-08,0.000179657
-4.541778e-08,0.000191333
-4.531778e-08,0.000194576
-4.521778e-08,0.000188738
-4.511778e-08,0.000175117
-4.501778e-08,0.000153713
-4.491778e-08,0.000127768
-4.481778e-08,9.72826e-05
-4.471778e-08,6.55003e-05
-4.461778e-08,3.30692e-05
-4.451778e-08,3.23272e-06
-4.441778e-08,-2.46579e-05
-4.431778e-08,-4.93055e-05
-4.421778e-08,-7.13586e-05
-4.411778e-08,-9.14658e-05
-4.401778e-08,-0.000110276
-4.391778e-08,-0.000129086
-4.381778e-08,-0.000146599
-4.371778e-08,-0.000163463
-4.361778e-08,-0.000178381
-4.351778e-08,-0.000192002
-4.341778e-08,-0.000201731
-4.331778e-08,-0.000207569
-4.321778e-08,-0.000208217
-4.311778e-08,-0.000203677
-4.301778e-08,-0.000194596
-4.291778e-08,-0.000179678
-4.281778e-08,-0.000159571
-4.271778e-08,-0.000134923
-4.261778e-08,-0.000107681
-4.251778e-08,-7.9142e-05
-4.241778e-08,-4.99541e-05
-4.231778e-08,-2.20635e-05
-4.221778e-08,3.88134e-06
-4.211778e-08,2.91775e-05
-4.201778e-08,5.25279e-05
-4.191778e-08,7.39323e-05
-4.181778e-08,9.33909e-05
-4.171778e-08,0.000108958
-4.161778e-08,0.00012193
-4.151778e-08,0.000131011
-4.141778e-08,0.000135551
-4.131778e-08,0.000136848
-4.121778e-08,0.000134254
-4.111778e-08,0.000127119
-4.101778e-08,0.00011739
-4.091778e-08,0.000106363
-4.081778e-08,9.40395e-05
-4.071778e-08,8.23644e-05
-4.061778e-08,7.26351e-05
-4.051778e-08,6.67975e-05
-4.041778e-08,6.48516e-05
-4.031778e-08,6.61489e-05
-4.021778e-08,7.19865e-05
-4.011778e-08,8.17158e-05
-4.001778e-08,9.27423e-05
-3.991778e-08,0.000105066
-3.981778e-08,0.000115444
-3.971778e-08,0.000123876
-3.961778e-08,0.000129065
-3.951778e-08,0.000129714
-3.941778e-08,0.000123876
-3.931778e-08,0.000110904
-3.921778e-08,9.01478e-05
-3.911778e-08,6.22572e-05
-3.901778e-08,2.78803e-05
-3.891778e-08,-1.03883e-05
-3.881778e-08,-5.19e-05
-3.871778e-08,-9.27631e-05
-3.861778e-08,-0.00013168
-3.851778e-08,-0.00016476
-3.841778e-08,-0.000191353
-3.831778e-08,-0.000210163
-3.821778e-08,-0.000219244
-3.811778e-08,-0.000219244
-3.801778e-08,-0.000211461
-3.791778e-08,-0.000198488
-3.781778e-08,-0.000181624
-3.771778e-08,-0.000162814
-3.761778e-08,-0.000145301
-3.751778e-08,-0.000130383
-3.741778e-08,-0.000119356
-3.731778e-08,-0.000112222
-3.721778e-08,-0.00010833
-3.711778e-08,-0.000107033
-3.701778e-08,-0.000106384
-3.691778e-08,-0.000104438
-3.681778e-08,-0.000100547
-3.671778e-08,-9.53575e-05
-3.661778e-08,-8.69255e-05
-3.651778e-08,-7.65476e-05
-3.641778e-08,-6.42238e-05
-3.631778e-08,-5.12514e-05
-3.621778e-08,-3.89276e-05
-3.611778e-08,-2.66038e-05
-3.601778e-08,-1.68745e-05
-3.591778e-08,-9.09106e-06
-3.581778e-08,-3.25348e-06
-3.571778e-08,1.28686e-06
-3.561778e-08,5.8272e-06
-3.551778e-08,1.03675e-05
-3.541778e-08,1.55565e-05
-3.531778e-08,2.33399e-05
-3.521778e-08,3.11234e-05
-3.511778e-08,3.82582e-05
-3.501778e-08,4.40958e-05
-3.491778e-08,4.73389e-05
-3.481778e-08,4.79875e-05
-3.471778e-08,4.5393e-05
-3.461778e-08,3.89068e-05
-3.451778e-08,3.04748e-05
-3.441778e-08,1.94482e-05
-3.431778e-08,9.0703e-06
-3.421778e-08,-6.58998e-07
-3.411778e-08,-8.44244e-06
-3.401778e-08,-1.23342e-05
-3.391778e-08,-1.23342e-05
-3.381778e-08,-7.1452e-06
-3.371778e-08,1.28686e-06
-3.361778e-08,1.23134e-05
-3.351778e-08,2.46372e-05
-3.341778e-08,3.63124e-05
-3.331778e-08,4.66903e-05
-3.321778e-08,5.44737e-05
-3.311778e-08,5.90141e-05
-3.301778e-08,6.03113e-05
-3.291778e-08,5.96627e-05
-3.281778e-08,5.70682e-05
-3.271778e-08,5.18792e-05
-3.261778e-08,4.5393e-05
-3.251778e-08,3.82582e-05
-3.241778e-08,3.04748e-05
-3.231778e-08,2.07455e-05
-3.221778e-08,8.42168e-06
-3.211778e-08,-5.84796e-06
-3.201778e-08,-2.20635e-05
-3.191778e-08,-4.08734e-05
-3.181778e-08,-6.16293e-05
-3.171778e-08,-8.30338e-05
-3.161778e-08,-0.000102492
-3.151778e-08,-0.000119356
-3.141778e-08,-0.000132329
-3.131778e-08,-0.000140761
-3.121778e-08,-0.000145301
-3.111778e-08,-0.000145301
-3.101778e-08,-0.000142058
-3.091778e-08,-0.000136221
-3.081778e-08,-0.000129734
-3.071778e-08,-0.000123248
-3.061778e-08,-0.000118708
-3.051778e-08,-0.000115465
-3.041778e-08,-0.000113519
-3.031778e-08,-0.000114168
-3.021778e-08,-0.000115465
-3.011778e-08,-0.000117411
-3.001778e-08,-0.000117411
-2.991778e-08,-0.000115465
-2.981778e-08,-0.000111573
-2.971778e-08,-0.000104438
-2.961778e-08,-9.47089e-05
-2.951778e-08,-8.23851e-05
-2.941778e-08,-6.87641e-05
-2.931778e-08,-5.31972e-05
-2.921778e-08,-3.76303e-05
-2.911778e-08,-2.20635e-05
-2.901778e-08,-7.79382e-06
-2.891778e-08,5.17858e-06
-2.881778e-08,1.68537e-05
-2.871778e-08,2.59344e-05
-2.861778e-08,3.43665e-05
-2.851778e-08,4.08527e-05
-2.841778e-08,4.5393e-05
-2.831778e-08,4.79875e-05
-2.821778e-08,4.86361e-05
-2.811778e-08,4.79875e-05
-2.801778e-08,4.73389e-05
-2.791778e-08,4.66903e-05
-2.781778e-08,4.66903e-05
-2.771778e-08,4.73389e-05
-2.761778e-08,4.99334e-05
-2.751778e-08,5.31765e-05
-2.741778e-08,5.77168e-05
-2.731778e-08,6.35544e-05
-2.721778e-08,6.80947e-05
-2.711778e-08,7.13378e-05
-2.701778e-08,7.32837e-05
-2.691778e-08,7.26351e-05
-2.681778e-08,7.00406e-05
-2.671778e-08,6.55003e-05
-2.661778e-08,5.96627e-05
-2.651778e-08,5.31765e-05
-2.641778e-08,4.66903e-05
-2.631778e-08,4.15013e-05
-2.621778e-08,3.82582e-05
-2.611778e-08,3.82582e-05
-2.601778e-08,4.15013e-05
-2.591778e-08,4.66903e-05
-2.581778e-08,5.31765e-05
-2.571778e-08,6.16085e-05
-2.561778e-08,6.9392e-05
-2.551778e-08,7.65268e-05
-2.541778e-08,8.04185e-05
-2.531778e-08,8.3013e-05
-2.521778e-08,8.23644e-05
-2.511778e-08,7.91213e-05
-2.501778e-08,7.45809e-05
-2.491778e-08,7.00406e-05
-2.481778e-08,6.55003e-05
-2.471778e-08,6.09599e-05
-2.461778e-08,5.70682e-05
-2.451778e-08,5.31765e-05
-2.441778e-08,4.86361e-05
-2.431778e-08,4.21499e-05
-2.421778e-08,3.1772e-05
-2.411778e-08,1.8151e-05
-2.401778e-08,-6.58998e-07
-2.391778e-08,-2.46579e-05
-2.381778e-08,-5.19e-05
-2.371778e-08,-8.17365e-05
-2.361778e-08,-0.000111573
-2.351778e-08,-0.000140112
-2.341778e-08,-0.000164111
-2.331778e-08,-0.000181624
-2.321778e-08,-0.000192002
-2.311778e-08,-0.000193299
-2.301778e-08,-0.000185516
-2.291778e-08,-0.0001693
-2.281778e-08,-0.00014595
-2.271778e-08,-0.000116762
-2.261778e-08,-8.49796e-05
-2.251778e-08,-5.25486e-05
-2.241778e-08,-2.14148e-05
-2.231778e-08,5.8272e-06
-2.221778e-08,2.91775e-05
-2.211778e-08,4.73389e-05
-2.201778e-08,6.03113e-05
-2.191778e-08,6.74461e-05
-2.181778e-08,7.00406e-05
-2.171778e-08,6.87434e-05
-2.161778e-08,6.4203e-05
-2.151778e-08,5.83654e-05
-2.141778e-08,5.0582e-05
-2.131778e-08,4.27986e-05
-2.121778e-08,3.56637e-05
-2.111778e-08,2.78803e-05
-2.101778e-08,2.07455e-05
-2.091778e-08,1.42593e-05
-2.081778e-08,8.42168e-06
-2.071778e-08,2.5841e-06
-2.061778e-08,-3.25348e-06
-2.051778e-08,-9.09106e-06
-2.041778e-08,-1.428e-05
-2.031778e-08,-1.88204e-05
-2.021778e-08,-2.27121e-05
-2.011778e-08,-2.59552e-05
-2.001778e-08,-2.7901e-05
-1.991778e-08,-2.91983e-05
-1.981778e-08,-2.7901e-05
-1.971778e-08,-2.40093e-05
-1.961778e-08,-1.75231e-05
-1.951778e-08,-9.09106e-06
-1.941778e-08,6.38242e-07
-1.931778e-08,1.16648e-05
-1.921778e-08,2.33399e-05
-1.911778e-08,3.50151e-05
-1.901778e-08,4.60417e-05
-1.891778e-08,5.5771e-05
-1.881778e-08,6.4203e-05
-1.871778e-08,6.87434e-05
-1.861778e-08,7.00406e-05
-1.851778e-08,6.74461e-05
-1.841778e-08,6.22572e-05
-1.831778e-08,5.31765e-05
-1.821778e-08,4.08527e-05
-1.811778e-08,2.6583e-05
-1.801778e-08,1.16648e-05
-1.791778e-08,-4.55072e-06
-1.781778e-08,-2.01176e-05
-1.771778e-08,-3.43872e-05
-1.761778e-08,-4.6711e-05
-1.751778e-08,-5.7089e-05
-1.741778e-08,-6.48724e-05
-1.731778e-08,-7.071e-05
-1.721778e-08,-7.33045e-05
-1.711778e-08,-7.39531e-05
-1.701778e-08,-7.26558e-05
-1.691778e-08,-7.00614e-05
-1.681778e-08,-6.5521e-05
-1.671778e-08,-6.03321e-05
-1.661778e-08,-5.44945e-05
-1.651778e-08,-4.93055e-05
-1.641778e-08,-4.47652e-05
-1.631778e-08,-4.28193e-05
-1.621778e-08,-4.47652e-05
-1.611778e-08,-4.93055e-05
-1.601778e-08,-5.77376e-05
-1.591778e-08,-7.00614e-05
-1.581778e-08,-8.56282e-05
-1.571778e-08,-0.000101844
-1.561778e-08,-0.000117411
-1.551778e-08,-0.00013168
-1.541778e-08,-0.00014141
-1.531778e-08,-0.000145301
-1.521778e-08,-0.000142707
-1.511778e-08,-0.000133626
-1.501778e-08,-0.000117411
-1.491778e-08,-9.60062e-05
-1.481778e-08,-7.071e-05
-1.471778e-08,-4.47652e-05
-1.461778e-08,-1.88204e-05
-1.451778e-08,4.52996e-06
-1.441778e-08,2.39886e-05
-1.431778e-08,3.89068e-05
-1.421778e-08,4.92848e-05
-1.411778e-08,5.5771e-05
-1.401778e-08,5.83654e-05
-1.391778e-08,5.70682e-05
-1.381778e-08,5.25279e-05
-1.371778e-08,4.60417e-05
-1.361778e-08,3.76096e-05
-1.351778e-08,2.6583e-05
-1.341778e-08,1.36106e-05
-1.331778e-08,-1.30762e-06
-1.321778e-08,-1.75231e-05
-1.311778e-08,-3.43872e-05
-1.301778e-08,-5.06027e-05
-1.291778e-08,-6.5521e-05
-1.281778e-08,-7.78448e-05
-1.271778e-08,-8.82227e-05
-1.261778e-08,-9.47089e-05
-1.251778e-08,-9.66548e-05
-1.241778e-08,-9.47089e-05
-1.231778e-08,-8.88713e-05
-1.221778e-08,-7.9142e-05
-1.211778e-08,-6.74669e-05
-1.201778e-08,-5.25486e-05
-1.191778e-08,-3.63331e-05
-1.181778e-08,-1.9469e-05
-1.171778e-08,-6.58998e-07
-1.161778e-08,1.8151e-05
-1.151778e-08,3.6961e-05
-1.141778e-08,5.51223e-05
-1.131778e-08,7.13378e-05
-1.121778e-08,8.49589e-05
-1.111778e-08,9.6634e-05
-1.101778e-08,0.000103769
-1.091778e-08,0.000106363
-1.081778e-08,0.000103769
-1.071778e-08,9.46882e-05
-1.061778e-08,8.04185e-05
-1.051778e-08,6.03113e-05
-1.041778e-08,3.63124e-05
-1.031778e-08,7.77306e-06
-1.021778e-08,-2.40093e-05
-1.011778e-08,-5.57917e-05
-1.001778e-08,-8.62769e-05
-9.91778e-09,-0.000114168
-9.81778e-09,-0.000138166
-9.71778e-09,-0.000157625
-9.61778e-09,-0.000171895
-9.51778e-09,-0.000180327
-9.41778e-09,-0.000182921
-9.31778e-09,-0.00017903
-9.21778e-09,-0.0001693
-9.11778e-09,-0.000153733
-9.01778e-09,-0.000133626
-8.91778e-09,-0.000110924
-8.81778e-09,-8.56282e-05
-8.71778e-09,-6.09807e-05
-8.61778e-09,-3.69817e-05
-8.51778e-09,-1.55773e-05
-8.41778e-09,3.23272e-06
-8.31778e-09,1.68537e-05
-8.21778e-09,2.52858e-05
-8.11778e-09,2.91775e-05
-8.01778e-09,2.91775e-05
-7.91778e-09,2.59344e-05
-7.81778e-09,1.94482e-05
-7.71778e-09,1.03675e-05
-7.61778e-09,6.38242e-07
-7.51778e-09,-9.09106e-06
-7.41778e-09,-1.88204e-05
-7.31778e-09,-2.7901e-05
-7.21778e-09,-3.69817e-05
-7.11778e-09,-4.54138e-05
-7.01778e-09,-5.44945e-05
-6.91778e-09,-6.29265e-05
-6.81778e-09,-7.13586e-05
-6.71778e-09,-7.97907e-05
-6.61778e-09,-8.69255e-05
-6.51778e-09,-9.40603e-05
-6.41778e-09,-9.92493e-05
-6.31778e-09,-0.000103141
-6.21778e-09,-0.000104438
-6.11778e-09,-0.000101844
-6.01778e-09,-9.66548e-05
-5.91778e-09,-8.88713e-05
-5.81778e-09,-7.84934e-05
-5.71778e-09,-6.74669e-05
-5.61778e-09,-5.57917e-05
-5.51778e-09,-4.54138e-05
-5.41778e-09,-3.50359e-05
-5.31778e-09,-2.59552e-05
-5.21778e-09,-1.81717e-05
-5.11778e-09,-1.16855e-05
-5.01778e-09,-4.55072e-06
-4.91778e-09,3.23272e-06
-4.81778e-09,1.23134e-05
-4.71778e-09,2.26913e-05
-4.61778e-09,3.37179e-05
-4.51778e-09,4.60417e-05
-4.41778e-09,5.83654e-05
-4.31778e-09,6.9392e-05
-4.21778e-09,7.91213e-05
-4.11778e-09,8.56075e-05
-4.01778e-09,8.94992e-05
-3.91778e-09,8.94992e-05
-3.81778e-09,8.69047e-05
-3.71778e-09,8.3013e-05
-3.61778e-09,7.71754e-05
-3.51778e-09,7.13378e-05
-3.41778e-09,6.48516e-05
-3.31778e-09,5.83654e-05
-3.21778e-09,5.12306e-05
-3.11778e-09,4.27986e-05
-3.01778e-09,3.24206e-05
-2.91778e-09,1.94482e-05
-2.81778e-09,3.88134e-06
-2.71778e-09,-1.62259e-05
-2.61778e-09,-3.89276e-05
-2.51778e-09,-6.48724e-05
-2.41778e-09,-9.27631e-05
-2.31778e-09,-0.000121302
-2.21778e-09,-0.000149842
-2.11778e-09,-0.000177732
-2.01778e-09,-0.000204974
-1.91778e-09,-0.000233514
-1.81778e-09,-0.000263999
-1.71778e-09,-0.000297727
-1.61778e-09,-0.000337293
-1.51778e-09,-0.000384642
-1.41778e-09,-0.000440423
-1.31778e-09,-0.000506583
-1.21778e-09,-0.000581174
-1.11778e-09,-0.000665495
-1.01778e-09,-0.000756301
-9.177802e-10,-0.000852946
-8.177802e-10,-0.000953482
-7.177802e-10,-0.00105661
-6.177802e-10,-0.00116104
-5.177802e-10,-0.00126612
-4.177802e-10,-0.00137314
-3.177802e-10,-0.00148276
-2.177802e-10,-0.00159562
-1.177802e-10,-0.00171366
-1.77802e-11,-0.00183755
8.22198e-11,-0.00196663
1.822198e-10,-0.00210089
2.822198e-10,-0.0022384
3.822198e-10,-0.00237785
4.822198e-10,-0.00251795
5.822198e-10,-0.00265611
6.822198e-10,-0.00279037
7.822198e-10,-0.00291945
8.822198e-10,-0.00304269
9.822198e-10,-0.00315944
1.08222e-09,-0.00326906
1.18222e-09,-0.00337348
1.28222e-09,-0.00347272
1.38222e-09,-0.00356548
1.48222e-09,-0.00365304
1.58222e-09,-0.00373412
1.68222e-09,-0.00380676
1.78222e-09,-0.00386903
1.88222e-09,-0.00392027
1.98222e-09,-0.00395919
2.08222e-09,-0.00398578
2.18222e-09,-0.0039994
2.28222e-09,-0.00400135
2.38222e-09,-0.00399421
2.48222e-09,-0.0039793
2.58222e-09,-0.00396049
2.68222e-09,-0.00393843
2.78222e-09,-0.00391703
2.88222e-09,-0.00389627
2.98222e-09,-0.00387681
3.08222e-09,-0.00385995
3.18222e-09,-0.00384438
3.28222e-09,-0.00382882
3.38222e-09,-0.0038126
3.48222e-09,-0.00379574
3.58222e-09,-0.00377693
3.68222e-09,-0.00375617
3.78222e-09,-0.00373412
3.88222e-09,-0.00371077
3.98222e-09,-0.00368806
4.08222e-09,-0.00366536
4.18222e-09,-0.00364331
4.28222e-09,-0.0036232
4.38222e-09,-0.00360504
4.48222e-09,-0.00358947
4.58222e-09,-0.00357585
4.68222e-09,-0.00356483
4.78222e-09,-0.00355575
4.88222e-09,-0.00354991
4.98222e-09,-0.00354731
5.08222e-09,-0.00354926
5.18222e-09,-0.00355575
5.28222e-09,-0.00356612
5.38222e-09,-0.00357974
5.48222e-09,-0.00359401
5.58222e-09,-0.00360699
5.68222e-09,-0.00361736
5.78222e-09,-0.00362126
5.88222e-09,-0.00361736
5.98222e-09,-0.00360439
6.08222e-09,-0.00358169
6.18222e-09,-0.00354926
6.28222e-09,-0.00350775
6.38222e-09,-0.00345975
6.48222e-09,-0.00340656
6.58222e-09,-0.00335013
6.68222e-09,-0.00329176
6.78222e-09,-0.00323338
6.88222e-09,-0.00317565
6.98222e-09,-0.00311858
7.08222e-09,-0.0030615
7.18222e-09,-0.00300507
7.28222e-09,-0.00294864
7.38222e-09,-0.00289221
7.48222e-09,-0.00283578
7.58222e-09,-0.00278
7.68222e-09,-0.00272486
7.78222e-09,-0.00267038
7.88222e-09,-0.0026159
7.98222e-09,-0.00256141
8.08222e-09,-0.00250758
8.18222e-09,-0.00245374
8.28222e-09,-0.00239926
8.38222e-09,-0.00234283
8.48222e-09,-0.00228445
8.58222e-09,-0.00222413
8.68222e-09,-0.00216121
8.78222e-09,-0.00209635
8.88222e-09,-0.00203149
8.98222e-09,-0.00196792
9.08222e-09,-0.00190566
9.18222e-09,-0.00184728
9.28222e-09,-0.00179409
9.38222e-09,-0.00174674
9.48222e-09,-0.00170394
9.58222e-09,-0.00166567
9.68222e-09,-0.00163194
9.78222e-09,-0.0016008
9.88222e-09,-0.00157097
9.98222e-09,-0.00154243
1.008222e-08,-0.00151519
1.018222e-08,-0.00148924
1.028222e-08,-0.00146395
1.038222e-08,-0.0014406
1.048222e-08,-0.00142049
1.058222e-08,-0.00140362
1.068222e-08,-0.0013913
1.078222e-08,-0.00138287
1.088222e-08,-0.00137833
1.098222e-08,-0.00137768
1.108222e-08,-0.00137833
1.118222e-08,-0.00138027
1.128222e-08,-0.00138157
1.138222e-08,-0.00138157
1.148222e-08,-0.00137898
1.158222e-08,-0.00137444
1.168222e-08,-0.0013686
1.178222e-08,-0.00136017
1.188222e-08,-0.00135109
1.198222e-08,-0.00134136
1.208222e-08,-0.00133163
1.218222e-08,-0.00132255
1.228222e-08,-0.00131411
1.238222e-08,-0.00130568
1.248222e-08,-0.00129725
1.258222e-08,-0.00128817
1.268222e-08,-0.00127909
1.278222e-08,-0.00127001
1.288222e-08,-0.00126158
1.298222e-08,-0.00125314
1.308222e-08,-0.00124536
1.318222e-08,-0.00123887
1.328222e-08,-0.00123433
1.338222e-08,-0.00123174
1.348222e-08,-0.00122915
1.358222e-08,-0.00122525
1.368222e-08,-0.00121942
1.378222e-08,-0.00120904
1.388222e-08,-0.00119347
1.398222e-08,-0.00117207
1.408222e-08,-0.00114547
1.418222e-08,-0.00111369
1.428222e-08,-0.00107931
1.438222e-08,-0.00104494
1.448222e-08,-0.00101251
1.458222e-08,-0.000984616
1.468222e-08,-0.000962563
1.478222e-08,-0.000947644
1.488222e-08,-0.000939212
1.498222e-08,-0.000935969
1.508222e-08,-0.000935969
1.518222e-08,-0.000937915
1.528222e-08,-0.000941158
1.538222e-08,-0.000942455
1.548222e-08,-0.000941158
1.558222e-08,-0.000937915
1.568222e-08,-0.000934023
1.578222e-08,-0.00093078
1.588222e-08,-0.000928186
1.598222e-08,-0.000928186
1.608222e-08,-0.00093078
1.618222e-08,-0.000935321
1.628222e-08,-0.00094051
1.638222e-08,-0.000945699
1.648222e-08,-0.000947644
1.658222e-08,-0.000945699
1.668222e-08,-0.000938564
1.678222e-08,-0.000924943
1.688222e-08,-0.000906781
1.698222e-08,-0.000882782
1.708222e-08,-0.000856189
1.718222e-08,-0.000828298
1.728222e-08,-0.000801056
1.738222e-08,-0.000775111
1.748222e-08,-0.00075241
1.758222e-08,-0.000731654
1.768222e-08,-0.000714141
1.778222e-08,-0.000698574
1.788222e-08,-0.000683656
1.798222e-08,-0.000668738
1.808222e-08,-0.000653171
1.818222e-08,-0.000636955
1.828222e-08,-0.000621388
1.838222e-08,-0.000607767
1.848222e-08,-0.000598038
1.858222e-08,-0.000592849
1.868222e-08,-0.000592849
1.878222e-08,-0.000599335
1.888222e-08,-0.000610362
1.898222e-08,-0.000625929
1.908222e-08,-0.000642793
1.918222e-08,-0.000659657
1.928222e-08,-0.000673278
1.938222e-08,-0.000682359
1.948222e-08,-0.000683656
1.958222e-08,-0.000679116
1.968222e-08,-0.000668089
1.978222e-08,-0.000652522
1.988222e-08,-0.000632415
1.998222e-08,-0.000611659
2.008222e-08,-0.000591552
2.018222e-08,-0.000573391
2.028222e-08,-0.000557824
2.038222e-08,-0.0005455
2.048222e-08,-0.000535771
2.058222e-08,-0.000527987
2.068222e-08,-0.00052215
2.078222e-08,-0.000516312
2.088222e-08,-0.000511123
2.098222e-08,-0.000505285
2.108222e-08,-0.000498799
2.118222e-08,-0.000491016
2.128222e-08,-0.000483232
2.138222e-08,-0.0004748
2.148222e-08,-0.000465071
2.158222e-08,-0.000455342
2.168222e-08,-0.000444964
2.178222e-08,-0.000433289
2.188222e-08,-0.000420316
2.198222e-08,-0.000407344
2.208222e-08,-0.000396317
2.218222e-08,-0.000386588
2.228222e-08,-0.000380102
2.238222e-08,-0.000378805
2.248222e-08,-0.000384642
2.258222e-08,-0.000396966
2.268222e-08,-0.000415776
2.278222e-08,-0.000439775
2.288222e-08,-0.000468314
2.298222e-08,-0.000497502
2.308222e-08,-0.000524744
2.318222e-08,-0.0005455
2.328222e-08,-0.000559121
2.338222e-08,-0.000562364
2.348222e-08,-0.000555229
2.358222e-08,-0.000537716
2.368222e-08,-0.000511123
2.378222e-08,-0.000478692
2.388222e-08,-0.000442369
2.398222e-08,-0.000406047
2.408222e-08,-0.000372967
2.418222e-08,-0.000345725
2.428222e-08,-0.000324969
2.438222e-08,-0.000311997
2.448222e-08,-0.000308105
2.458222e-08,-0.000312645
2.468222e-08,-0.000323023
2.478222e-08,-0.000339239
2.488222e-08,-0.000359995
2.498222e-08,-0.000383345
2.508222e-08,-0.00040929
2.518222e-08,-0.000435883
2.528222e-08,-0.000462477
2.538222e-08,-0.000487124
2.548222e-08,-0.000509177
2.558222e-08,-0.000527339
2.568222e-08,-0.000540311
2.578222e-08,-0.000546797
2.588222e-08,-0.000546149
2.598222e-08,-0.000537716
2.608222e-08,-0.000521501
2.618222e-08,-0.000498151
2.628222e-08,-0.000469611
2.638222e-08,-0.000437829
2.648222e-08,-0.000404101
2.658222e-08,-0.000370372
2.668222e-08,-0.00033859
2.678222e-08,-0.000311348
2.688222e-08,-0.000288646
2.698222e-08,-0.000271782
2.708222e-08,-0.000259458
2.718222e-08,-0.000251675
2.728222e-08,-0.000248432
2.738222e-08,-0.000247135
2.748222e-08,-0.000247783
2.758222e-08,-0.000248432
2.768222e-08,-0.000249729
2.778222e-08,-0.000250378
2.788222e-08,-0.000249729
2.798222e-08,-0.000248432
2.808222e-08,-0.000246486
2.818222e-08,-0.000243892
2.828222e-08,-0.00024
2.838222e-08,-0.000236108
2.848222e-08,-0.000230271
2.858222e-08,-0.000223136
2.868222e-08,-0.000213406
2.878222e-08,-0.000201731
2.888222e-08,-0.00018811
2.898222e-08,-0.000171895
2.908222e-08,-0.000154382
2.918222e-08,-0.000136221
2.928222e-08,-0.000118059
2.938222e-08,-0.000101844
2.948222e-08,-8.75741e-05
2.958222e-08,-7.65476e-05
2.968222e-08,-6.87641e-05
2.978222e-08,-6.42238e-05
2.988222e-08,-6.22779e-05
2.998222e-08,-6.22779e-05
3.008222e-08,-6.42238e-05
3.018222e-08,-6.61696e-05
3.028222e-08,-6.87641e-05
3.038222e-08,-7.20072e-05
3.048222e-08,-7.65476e-05
3.058222e-08,-8.04393e-05
3.068222e-08,-8.4331e-05
3.078222e-08,-8.82227e-05
3.088222e-08,-9.27631e-05
3.098222e-08,-9.60062e-05
3.108222e-08,-9.92493e-05
3.118222e-08,-0.000101844
3.128222e-08,-0.000104438
3.138222e-08,-0.000105735
3.148222e-08,-0.00010833
3.158222e-08,-0.000111573
3.168222e-08,-0.000116762
3.178222e-08,-0.000123897
3.188222e-08,-0.000133626
3.198222e-08,-0.00014595
3.208222e-08,-0.00016022
3.218222e-08,-0.000176435
3.228222e-08,-0.000193299
3.238222e-08,-0.000210163
3.248222e-08,-0.000225082
3.258222e-08,-0.000238054
3.268222e-08,-0.000249081
3.278222e-08,-0.000257513
3.288222e-08,-0.000265945
3.298222e-08,-0.000273728
3.308222e-08,-0.000281512
3.318222e-08,-0.000289944
3.328222e-08,-0.00030097
3.338222e-08,-0.000313294
3.348222e-08,-0.000326266
3.358222e-08,-0.000340536
3.368222e-08,-0.000353508
3.378222e-08,-0.000364535
3.388222e-08,-0.000372318
3.398222e-08,-0.000377507
3.408222e-08,-0.000380102
3.418222e-08,-0.000382048
3.428222e-08,-0.000382696
3.438222e-08,-0.000384642
3.448222e-08,-0.000389182
3.458222e-08,-0.000396317
3.468222e-08,-0.000406047
3.478222e-08,-0.00041837
3.488222e-08,-0.000431991
3.498222e-08,-0.000444315
3.508222e-08,-0.000452747
3.518222e-08,-0.000455342
3.528222e-08,-0.00045145
3.538222e-08,-0.000439775
3.548222e-08,-0.000420965
3.558222e-08,-0.000395669
3.568222e-08,-0.000365832
3.578222e-08,-0.000335347
3.588222e-08,-0.000306159
3.598222e-08,-0.000280863
3.608222e-08,-0.000262053
3.618222e-08,-0.000251675
3.628222e-08,-0.000249729
3.638222e-08,-0.000257513
3.648222e-08,-0.000273728
3.658222e-08,-0.000297727
3.668222e-08,-0.000328861
3.678222e-08,-0.000363886
3.688222e-08,-0.000402803
3.698222e-08,-0.000442369
3.708222e-08,-0.000481287
3.718222e-08,-0.000518906
3.728222e-08,-0.000553283
3.738222e-08,-0.00058312
3.748222e-08,-0.000605173
3.758222e-08,-0.000620091
3.768222e-08,-0.000625929
3.778222e-08,-0.000623334
3.788222e-08,-0.000611659
3.798222e-08,-0.000591552
3.808222e-08,-0.000563661
3.818222e-08,-0.000528636
3.828222e-08,-0.00048907
3.838222e-08,-0.000444964
3.848222e-08,-0.000398912
3.858222e-08,-0.00035286
3.868222e-08,-0.000306159
3.878222e-08,-0.000261404
3.888222e-08,-0.000217947
3.898222e-08,-0.000177084
3.908222e-08,-0.000138815
3.918222e-08,-0.000104438
3.928222e-08,-7.33045e-05
3.938222e-08,-4.73596e-05
3.948222e-08,-2.7901e-05
3.958222e-08,-1.49286e-05
3.968222e-08,-1.03883e-05
3.978222e-08,-1.29828e-05
3.988222e-08,-2.33607e-05
3.998222e-08,-3.95762e-05
4.008222e-08,-6.03321e-05
4.018222e-08,-8.30338e-05
4.028222e-08,-0.000106384
4.038222e-08,-0.000127789
4.048222e-08,-0.000146599
4.058222e-08,-0.000159571
4.068222e-08,-0.000168003
4.078222e-08,-0.000171895
4.088222e-08,-0.000173841
4.098222e-08,-0.000175786
4.108222e-08,-0.000179678
4.118222e-08,-0.00018811
4.128222e-08,-0.000201731
4.138222e-08,-0.00022119
4.148222e-08,-0.000247135
4.158222e-08,-0.00027762
4.168222e-08,-0.000311997
4.178222e-08,-0.000346374
4.188222e-08,-0.000379453
4.198222e-08,-0.00040929
4.208222e-08,-0.000434586
4.218222e-08,-0.000453396
4.228222e-08,-0.000465071
4.238222e-08,-0.000469611
4.248222e-08,-0.000467666
4.258222e-08,-0.000459233
4.268222e-08,-0.000444964
4.278222e-08,-0.000424857
4.288222e-08,-0.000400209
4.298222e-08,-0.000369075
4.308222e-08,-0.000332104
4.318222e-08,-0.000290592
4.328222e-08,-0.000245189
4.338222e-08,-0.00019784
4.348222e-08,-0.000149842
4.358222e-08,-0.000105087
4.368222e-08,-6.5521e-05
4.378222e-08,-3.309e-05
4.388222e-08,-1.10369e-05
4.398222e-08,-1.03779e-08
4.408222e-08,-1.30762e-06
4.418222e-08,-1.428e-05
4.428222e-08,-3.69817e-05
4.438222e-08,-6.87641e-05
4.448222e-08,-0.000107033
4.458222e-08,-0.000148544
4.468222e-08,-0.000192002
4.478222e-08,-0.000234811
4.488222e-08,-0.000276323
4.498222e-08,-0.000313943
4.508222e-08,-0.000348319
4.518222e-08,-0.000379453
4.528222e-08,-0.000407344
4.538222e-08,-0.000430694
4.548222e-08,-0.000449504
4.558222e-08,-0.000462477
4.568222e-08,-0.00047026
4.578222e-08,-0.000470909
4.588222e-08,-0.000464422
4.598222e-08,-0.000450801
4.608222e-08,-0.000430694
4.618222e-08,-0.000405398
4.628222e-08,-0.000376859
4.638222e-08,-0.000345725
4.648222e-08,-0.000314591
4.658222e-08,-0.000285403
4.668222e-08,-0.00025881
4.678222e-08,-0.000236108
4.688222e-08,-0.00021665
4.698222e-08,-0.000199137
4.708222e-08,-0.000182273
4.718222e-08,-0.00016476
4.728222e-08,-0.000145301
4.738222e-08,-0.000123897
4.748222e-08,-9.86006e-05
4.758222e-08,-7.13586e-05
4.768222e-08,-4.41165e-05
4.778222e-08,-1.81717e-05
4.788222e-08,3.88134e-06
4.798222e-08,2.00968e-05
4.808222e-08,2.78803e-05
4.818222e-08,2.59344e-05
4.828222e-08,1.49079e-05
4.838222e-08,-6.49658e-06
4.848222e-08,-3.56845e-05
4.858222e-08,-7.071e-05
4.868222e-08,-0.000109627
4.878222e-08,-0.00015049
4.888222e-08,-0.000188759
4.898222e-08,-0.000223136
4.908222e-08,-0.000251675
4.918222e-08,-0.000273728
4.928222e-08,-0.000289944
4.938222e-08,-0.000300322
4.948222e-08,-0.000304862
4.958222e-08,-0.000304862
4.968222e-08,-0.000302267
4.978222e-08,-0.000297727
4.988222e-08,-0.000291241
4.998222e-08,-0.000283457
5.008222e-08,-0.000276323
5.018222e-08,-0.000268539
5.028222e-08,-0.000259458
5.038222e-08,-0.000249729
5.048222e-08,-0.000238703
5.058222e-08,-0.00022573
5.068222e-08,-0.000209515
5.078222e-08,-0.000192002
5.088222e-08,-0.000171246
5.098222e-08,-0.000148544
5.108222e-08,-0.000123897
5.118222e-08,-9.73034e-05
5.128222e-08,-7.00614e-05
5.138222e-08,-4.21707e-05
5.148222e-08,-1.55773e-05
5.158222e-08,7.77306e-06
5.168222e-08,2.72317e-05
5.178222e-08,4.15013e-05
5.188222e-08,4.92848e-05
5.198222e-08,4.99334e-05
5.208222e-08,4.40958e-05
5.218222e-08,3.1772e-05
5.228222e-08,1.49079e-05
5.238222e-08,-5.19934e-06
5.248222e-08,-2.85497e-05
5.258222e-08,-5.31972e-05
5.268222e-08,-7.78448e-05
5.278222e-08,-0.000101844
5.288222e-08,-0.000126491
5.298222e-08,-0.00015049
5.308222e-08,-0.000174489
5.318222e-08,-0.000199137
5.328222e-08,-0.000224433
5.338222e-08,-0.000251026
5.348222e-08,-0.000276971
5.358222e-08,-0.00030097
5.368222e-08,-0.000322375
5.378222e-08,-0.00033859
5.388222e-08,-0.000347671
5.398222e-08,-0.000348319
5.408222e-08,-0.000339887
5.418222e-08,-0.000321726
5.428222e-08,-0.000295133
5.438222e-08,-0.000262053
5.448222e-08,-0.000224433
5.458222e-08,-0.000184219
5.468222e-08,-0.000143355
5.478222e-08,-0.000105087
5.488222e-08,-7.20072e-05
5.498222e-08,-4.41165e-05
5.508222e-08,-2.20635e-05
5.518222e-08,-5.84796e-06
5.528222e-08,3.88134e-06
5.538222e-08,8.42168e-06
5.548222e-08,8.42168e-06
5.558222e-08,3.23272e-06
5.568222e-08,-7.1452e-06
5.578222e-08,-2.14148e-05
5.588222e-08,-3.89276e-05
5.598222e-08,-6.03321e-05
5.608222e-08,-8.4331e-05
5.618222e-08,-0.000109627
5.628222e-08,-0.000134275
5.638222e-08,-0.000156328
5.648222e-08,-0.000174489
5.658222e-08,-0.000186813
5.668222e-08,-0.000193299
5.678222e-08,-0.000193948
5.688222e-08,-0.000189407
5.698222e-08,-0.000180975
5.708222e-08,-0.000169949
5.718222e-08,-0.000158922
5.728222e-08,-0.000149193
5.738222e-08,-0.000143355
5.748222e-08,-0.00014141
5.758222e-08,-0.000143355
5.768222e-08,-0.000148544
5.778222e-08,-0.000156328
5.788222e-08,-0.00016476
5.798222e-08,-0.000171895
5.808222e-08,-0.000177732
5.818222e-08,-0.000179678
5.828222e-08,-0.000177084
5.838222e-08,-0.000170597
5.848222e-08,-0.000159571
5.858222e-08,-0.00014595
5.868222e-08,-0.000129734
5.878222e-08,-0.00011287
5.888222e-08,-9.47089e-05
5.898222e-08,-7.71962e-05
5.908222e-08,-6.09807e-05
5.918222e-08,-4.73596e-05
5.928222e-08,-3.56845e-05
5.938222e-08,-2.53066e-05
5.948222e-08,-1.75231e-05
5.958222e-08,-1.16855e-05
5.968222e-08,-8.44244e-06
5.978222e-08,-9.09106e-06
5.988222e-08,-1.16855e-05
5.998222e-08,-1.75231e-05
6.008222e-08,-2.59552e-05
6.018222e-08,-3.63331e-05
6.028222e-08,-4.6711e-05
6.038222e-08,-5.77376e-05
6.048222e-08,-6.68183e-05
6.058222e-08,-7.39531e-05
6.068222e-08,-7.78448e-05
6.078222e-08,-7.9142e-05
6.088222e-08,-7.78448e-05
6.098222e-08,-7.33045e-05
6.108222e-08,-6.68183e-05
6.118222e-08,-5.96834e-05
6.128222e-08,-5.19e-05
6.138222e-08,-4.47652e-05
6.148222e-08,-3.8279e-05
6.158222e-08,-3.24414e-05
6.168222e-08,-2.72524e-05
6.178222e-08,-2.27121e-05
6.188222e-08,-1.88204e-05
6.198222e-08,-1.55773e-05
6.208222e-08,-1.36314e-05
6.218222e-08,-1.36314e-05
6.228222e-08,-1.62259e-05
6.238222e-08,-2.14148e-05
6.248222e-08,-3.04955e-05
6.258222e-08,-4.21707e-05
6.268222e-08,-5.7089e-05
6.278222e-08,-7.46017e-05
6.288222e-08,-9.40603e-05
6.298222e-08,-0.000113519
6.308222e-08,-0.000131032
6.318222e-08,-0.000145301
6.328222e-08,-0.000155679
6.338222e-08,-0.000161517
6.348222e-08,-0.000162814
6.358222e-08,-0.000159571
6.368222e-08,-0.000153085
6.378222e-08,-0.00014595
6.388222e-08,-0.000140112
6.398222e-08,-0.000135572
6.408222e-08,-0.000134923
6.418222e-08,-0.000136869
6.428222e-08,-0.000143355
6.438222e-08,-0.000153733
6.448222e-08,-0.000167354
6.458222e-08,-0.00018357
6.468222e-08,-0.000200434
6.478222e-08,-0.000218595
6.488222e-08,-0.000236108
6.498222e-08,-0.000252972
6.508222e-08,-0.000267242
6.518222e-08,-0.000280214
6.528222e-08,-0.000290592
6.538222e-08,-0.000298376
6.548222e-08,-0.000302267
6.558222e-08,-0.000302916
6.568222e-08,-0.000298376
6.578222e-08,-0.000289944
6.588222e-08,-0.000276971
6.598222e-08,-0.000260756
6.608222e-08,-0.000241946
6.618222e-08,-0.000221838
6.628222e-08,-0.000201731
6.638222e-08,-0.000182273
6.648222e-08,-0.000166057
6.658222e-08,-0.000153085
6.668222e-08,-0.000143355
6.678222e-08,-0.000136869
6.688222e-08,-0.000134923
6.698222e-08,-0.000135572
6.708222e-08,-0.000137518
6.718222e-08,-0.000140761
6.728222e-08,-0.000143355
6.738222e-08,-0.000144004
6.748222e-08,-0.000143355
6.758222e-08,-0.00014141
6.768222e-08,-0.000138166
6.778222e-08,-0.000134275
6.788222e-08,-0.000130383
6.798222e-08,-0.000126491
6.808222e-08,-0.000121951
6.818222e-08,-0.000117411
6.828222e-08,-0.00011287
6.838222e-08,-0.000107681
6.848222e-08,-0.000101844
6.858222e-08,-9.53575e-05
6.868222e-08,-8.75741e-05
6.878222e-08,-7.97907e-05
6.888222e-08,-7.26558e-05
6.898222e-08,-6.74669e-05
6.908222e-08,-6.48724e-05
6.918222e-08,-6.5521e-05
6.928222e-08,-7.071e-05
6.938222e-08,-7.97907e-05
6.948222e-08,-9.21144e-05
6.958222e-08,-0.000105087
6.968222e-08,-0.000118708
6.978222e-08,-0.000128437
6.988222e-08,-0.000134275
6.998222e-08,-0.000134275
7.008222e-08,-0.000129086
7.018222e-08,-0.000118059
7.028222e-08,-0.00010379
7.038222e-08,-8.75741e-05
7.048222e-08,-7.33045e-05
7.058222e-08,-6.22779e-05
7.068222e-08,-5.77376e-05
7.078222e-08,-6.03321e-05
7.088222e-08,-7.20072e-05
7.098222e-08,-9.08172e-05
7.108222e-08,-0.000114816
7.118222e-08,-0.000143355
7.128222e-08,-0.000173192
7.138222e-08,-0.000203028
7.148222e-08,-0.000229622
7.158222e-08,-0.000251675
7.168222e-08,-0.000269188
7.178222e-08,-0.000281512
7.188222e-08,-0.0002867
7.198222e-08,-0.0002867
7.208222e-08,-0.000280863
7.218222e-08,-0.000269188
7.228222e-08,-0.000251026
7.238222e-08,-0.000228325
7.248222e-08,-0.000199785
7.258222e-08,-0.000166706
7.268222e-08,-0.000129086
7.278222e-08,-8.75741e-05
7.288222e-08,-4.47652e-05
7.298222e-08,-2.60486e-06
7.308222e-08,3.82582e-05
7.318222e-08,7.52296e-05
7.328222e-08,0.000106363
7.338222e-08,0.000130362
7.348222e-08,0.000146578
7.358222e-08,0.00015501
7.368222e-08,0.000155658
7.378222e-08,0.000149821
7.388222e-08,0.000139443
7.398222e-08,0.000124525
7.408222e-08,0.000105715
7.418222e-08,8.56075e-05
7.428222e-08,6.35544e-05
7.438222e-08,4.08527e-05
7.448222e-08,1.68537e-05
7.458222e-08,-7.79382e-06
7.468222e-08,-3.17928e-05
7.478222e-08,-5.51431e-05
7.488222e-08,-7.78448e-05
7.498222e-08,-9.7952e-05
7.508222e-08,-0.000114816
7.518222e-08,-0.000126491
7.528222e-08,-0.000132978
7.538222e-08,-0.000135572
7.548222e-08,-0.000132978
7.558222e-08,-0.000127789
7.568222e-08,-0.000121302
7.578222e-08,-0.000115465
7.588222e-08,-0.000110276
7.598222e-08,-0.000108979
7.608222e-08,-0.000111573
7.618222e-08,-0.000118059
7.628222e-08,-0.000126491
7.638222e-08,-0.000136869
7.648222e-08,-0.000147247
7.658222e-08,-0.000155679
7.668222e-08,-0.000159571
7.678222e-08,-0.000158922
7.688222e-08,-0.000152436
7.698222e-08,-0.000140761
7.708222e-08,-0.000125194
7.718222e-08,-0.000107033
7.728222e-08,-8.88713e-05
