LECROYWaveRunner‘N,20113,Waveform
Segments,1,SegmentSize,2002
Segment,TrigTime,TimeSinceSegment1
#1,28-Sep-2018 13:20:07,0                 
Time,Ampl
-1.228005e-07,-3.04955e-05
-1.227005e-07,-2.14148e-05
-1.226005e-07,-9.73968e-06
-1.225005e-07,4.52996e-06
-1.224005e-07,1.87996e-05
-1.223005e-07,3.30692e-05
-1.222005e-07,4.60417e-05
-1.221005e-07,5.64196e-05
-1.220005e-07,6.35544e-05
-1.219005e-07,6.67975e-05
-1.218005e-07,6.67975e-05
-1.217005e-07,6.4203e-05
-1.216005e-07,6.03113e-05
-1.215005e-07,5.51223e-05
-1.214005e-07,4.92848e-05
-1.213005e-07,4.47444e-05
-1.212005e-07,4.15013e-05
-1.211005e-07,4.08527e-05
-1.210005e-07,4.21499e-05
-1.209005e-07,4.66903e-05
-1.208005e-07,5.38251e-05
-1.207005e-07,6.29058e-05
-1.206005e-07,7.39323e-05
-1.205005e-07,8.62561e-05
-1.204005e-07,0.000101174
-1.203005e-07,0.000118687
-1.202005e-07,0.000136848
-1.201005e-07,0.000156307
-1.200005e-07,0.000176414
-1.199005e-07,0.000195873
-1.198005e-07,0.000213386
-1.197005e-07,0.000228953
-1.196005e-07,0.000240628
-1.195005e-07,0.000248411
-1.194005e-07,0.000251654
-1.193005e-07,0.000249708
-1.192005e-07,0.000243222
-1.191005e-07,0.000232844
-1.190005e-07,0.000219223
-1.189005e-07,0.000203656
-1.188005e-07,0.000186792
-1.187005e-07,0.000170577
-1.186005e-07,0.000156307
-1.185005e-07,0.000143983
-1.184005e-07,0.000133605
-1.183005e-07,0.000124525
-1.182005e-07,0.000116741
-1.181005e-07,0.000108309
-1.180005e-07,0.000100526
-1.179005e-07,9.20937e-05
-1.178005e-07,8.3013e-05
-1.177005e-07,7.32837e-05
-1.176005e-07,6.29058e-05
-1.175005e-07,5.31765e-05
-1.174005e-07,4.5393e-05
-1.173005e-07,4.08527e-05
-1.172005e-07,3.95555e-05
-1.171005e-07,4.15013e-05
-1.170005e-07,4.79875e-05
-1.169005e-07,5.70682e-05
-1.168005e-07,6.9392e-05
-1.167005e-07,8.23644e-05
-1.166005e-07,9.72826e-05
-1.165005e-07,0.000112201
-1.164005e-07,0.000127119
-1.163005e-07,0.000141389
-1.162005e-07,0.000154361
-1.161005e-07,0.000166685
-1.160005e-07,0.000177712
-1.159005e-07,0.000188089
-1.158005e-07,0.00019717
-1.157005e-07,0.000203656
-1.156005e-07,0.000208197
-1.155005e-07,0.000210143
-1.154005e-07,0.000208845
-1.153005e-07,0.000204305
-1.152005e-07,0.000196522
-1.151005e-07,0.000186144
-1.150005e-07,0.000174468
-1.149005e-07,0.000162793
-1.148005e-07,0.000151767
-1.147005e-07,0.000143335
-1.146005e-07,0.000136848
-1.145005e-07,0.00013166
-1.144005e-07,0.000128416
-1.143005e-07,0.000125822
-1.142005e-07,0.000123876
-1.141005e-07,0.000119984
-1.140005e-07,0.000114795
-1.139005e-07,0.000107012
-1.138005e-07,9.59854e-05
-1.137005e-07,8.36616e-05
-1.136005e-07,7.13378e-05
-1.135005e-07,5.96627e-05
-1.134005e-07,4.99334e-05
-1.133005e-07,4.27986e-05
-1.132005e-07,3.95555e-05
-1.131005e-07,3.95555e-05
-1.130005e-07,4.34472e-05
-1.129005e-07,4.99334e-05
-1.128005e-07,5.90141e-05
-1.127005e-07,6.9392e-05
-1.126005e-07,7.97699e-05
-1.125005e-07,9.07964e-05
-1.124005e-07,0.000102472
-1.123005e-07,0.000115444
-1.122005e-07,0.000127768
-1.121005e-07,0.00014074
-1.120005e-07,0.00015501
-1.119005e-07,0.000169279
-1.118005e-07,0.000182901
-1.117005e-07,0.000195873
-1.116005e-07,0.000206251
-1.115005e-07,0.000212737
-1.114005e-07,0.000214683
-1.113005e-07,0.000212088
-1.112005e-07,0.000204305
-1.111005e-07,0.00019263
-1.110005e-07,0.000177063
-1.109005e-07,0.000158902
-1.108005e-07,0.000139443
-1.107005e-07,0.000120633
-1.106005e-07,0.000101823
-1.105005e-07,8.56075e-05
-1.104005e-07,7.13378e-05
-1.103005e-07,5.96627e-05
-1.102005e-07,4.99334e-05
-1.101005e-07,4.08527e-05
-1.100005e-07,3.37179e-05
-1.099005e-07,2.72317e-05
-1.098005e-07,2.07455e-05
-1.097005e-07,1.42593e-05
-1.096005e-07,7.77306e-06
-1.095005e-07,1.93548e-06
-1.094005e-07,-3.9021e-06
-1.093005e-07,-8.44244e-06
-1.092005e-07,-1.16855e-05
-1.091005e-07,-1.36314e-05
-1.090005e-07,-1.49286e-05
-1.089005e-07,-1.428e-05
-1.088005e-07,-1.23342e-05
-1.087005e-07,-7.79382e-06
-1.086005e-07,-3.25348e-06
-1.085005e-07,3.23272e-06
-1.084005e-07,1.03675e-05
-1.083005e-07,1.8151e-05
-1.082005e-07,2.6583e-05
-1.081005e-07,3.50151e-05
-1.080005e-07,4.27986e-05
-1.079005e-07,5.12306e-05
-1.078005e-07,5.83654e-05
-1.077005e-07,6.48516e-05
-1.076005e-07,7.06892e-05
-1.075005e-07,7.65268e-05
-1.074005e-07,8.17158e-05
-1.073005e-07,8.62561e-05
-1.072005e-07,9.20937e-05
-1.071005e-07,9.79313e-05
-1.070005e-07,0.00010312
-1.069005e-07,0.000108958
-1.068005e-07,0.000115444
-1.067005e-07,0.000121282
-1.066005e-07,0.000127119
-1.065005e-07,0.000131011
-1.064005e-07,0.000132308
-1.063005e-07,0.000130362
-1.062005e-07,0.000123876
-1.061005e-07,0.000113498
-1.060005e-07,9.92285e-05
-1.059005e-07,8.23644e-05
-1.058005e-07,6.22572e-05
-1.057005e-07,4.21499e-05
-1.056005e-07,2.39886e-05
-1.055005e-07,9.0703e-06
-1.054005e-07,-1.30762e-06
-1.053005e-07,-7.1452e-06
-1.052005e-07,-6.49658e-06
-1.051005e-07,-6.58998e-07
-1.050005e-07,9.71892e-06
-1.049005e-07,2.26913e-05
-1.048005e-07,3.76096e-05
-1.047005e-07,5.12306e-05
-1.046005e-07,6.22572e-05
-1.045005e-07,7.00406e-05
-1.044005e-07,7.39323e-05
-1.043005e-07,7.39323e-05
-1.042005e-07,7.06892e-05
-1.041005e-07,6.55003e-05
-1.040005e-07,5.83654e-05
-1.039005e-07,5.0582e-05
-1.038005e-07,4.15013e-05
-1.037005e-07,3.30692e-05
-1.036005e-07,2.6583e-05
-1.035005e-07,2.13941e-05
-1.034005e-07,1.62051e-05
-1.033005e-07,1.10162e-05
-1.032005e-07,4.52996e-06
-1.031005e-07,-2.60486e-06
-1.030005e-07,-1.03883e-05
-1.029005e-07,-2.01176e-05
-1.028005e-07,-3.04955e-05
-1.027005e-07,-3.95762e-05
-1.026005e-07,-4.86569e-05
-1.025005e-07,-5.57917e-05
-1.024005e-07,-5.96834e-05
-1.023005e-07,-6.09807e-05
-1.022005e-07,-5.90348e-05
-1.021005e-07,-5.38459e-05
-1.020005e-07,-4.41165e-05
-1.019005e-07,-3.24414e-05
-1.018005e-07,-1.81717e-05
-1.017005e-07,-2.60486e-06
-1.016005e-07,1.36106e-05
-1.015005e-07,2.98261e-05
-1.014005e-07,4.27986e-05
-1.013005e-07,5.25279e-05
-1.012005e-07,5.96627e-05
-1.011005e-07,6.22572e-05
-1.010005e-07,6.09599e-05
-1.009005e-07,5.51223e-05
-1.008005e-07,4.66903e-05
-1.007005e-07,3.56637e-05
-1.006005e-07,2.39886e-05
-1.005005e-07,1.2962e-05
-1.004005e-07,4.52996e-06
-1.003005e-07,-6.58998e-07
-1.002005e-07,-6.58998e-07
-1.001005e-07,3.88134e-06
-1.000005e-07,1.42593e-05
-9.990051e-08,2.85289e-05
-9.980051e-08,4.73389e-05
-9.970051e-08,6.87434e-05
-9.960051e-08,9.20937e-05
-9.950051e-08,0.000116741
-9.940051e-08,0.000140092
-9.930051e-08,0.000161496
-9.920051e-08,0.000181603
-9.910051e-08,0.000199765
-9.900051e-08,0.000214683
-9.890051e-08,0.000226358
-9.880051e-08,0.000234141
-9.870051e-08,0.000238033
-9.860051e-08,0.000237385
-9.850051e-08,0.000231547
-9.840051e-08,0.000221169
-9.830051e-08,0.000205602
-9.820051e-08,0.000185495
-9.810051e-08,0.000160847
-9.800051e-08,0.000132957
-9.790051e-08,0.000101174
-9.780051e-08,6.67975e-05
-9.770051e-08,3.24206e-05
-9.760051e-08,-1.30762e-06
-9.750051e-08,-3.17928e-05
-9.740051e-08,-6.03321e-05
-9.730051e-08,-8.56282e-05
-9.720051e-08,-0.000106384
-9.710051e-08,-0.000123248
-9.700051e-08,-0.000135572
-9.690051e-08,-0.000144004
-9.680051e-08,-0.000147247
-9.670051e-08,-0.000145301
-9.660051e-08,-0.000138166
-9.650051e-08,-0.000125194
-9.640051e-08,-0.000106384
-9.630051e-08,-8.10879e-05
-9.620051e-08,-5.12514e-05
-9.610051e-08,-1.62259e-05
-9.600051e-08,2.20427e-05
-9.590051e-08,6.29058e-05
-9.580051e-08,0.000102472
-9.570051e-08,0.000139443
-9.560051e-08,0.000171225
-9.550051e-08,0.000196522
-9.540051e-08,0.000214034
-9.530051e-08,0.000224412
-9.520051e-08,0.000229601
-9.510051e-08,0.000230898
-9.500051e-08,0.000229601
-9.490051e-08,0.000225709
-9.480051e-08,0.000221818
-9.470051e-08,0.000217926
-9.460051e-08,0.000214034
-9.450051e-08,0.000209494
-9.440051e-08,0.000205602
-9.430051e-08,0.000201062
-9.420051e-08,0.000194576
-9.410051e-08,0.000186792
-9.400051e-08,0.000176414
-9.390051e-08,0.000163442
-9.380051e-08,0.000149172
-9.370051e-08,0.000134254
-9.360051e-08,0.000119984
-9.350051e-08,0.000107012
-9.340051e-08,9.53368e-05
-9.330051e-08,8.56075e-05
-9.320051e-08,7.65268e-05
-9.310051e-08,6.87434e-05
-9.300051e-08,6.16085e-05
-9.290051e-08,5.51223e-05
-9.280051e-08,4.92848e-05
-9.270051e-08,4.5393e-05
-9.260051e-08,4.34472e-05
-9.250051e-08,4.27986e-05
-9.240051e-08,4.40958e-05
-9.230051e-08,4.86361e-05
-9.220051e-08,5.64196e-05
-9.210051e-08,6.67975e-05
-9.200051e-08,7.91213e-05
-9.190051e-08,9.33909e-05
-9.180051e-08,0.000107661
-9.170051e-08,0.000120633
-9.160051e-08,0.00013166
-9.150051e-08,0.000139443
-9.140051e-08,0.000143983
-9.130051e-08,0.000145281
-9.120051e-08,0.000143983
-9.110051e-08,0.000141389
-9.100051e-08,0.000138146
-9.090051e-08,0.000134903
-9.080051e-08,0.000132308
-9.070051e-08,0.000131011
-9.060051e-08,0.00013166
-9.050051e-08,0.000132957
-9.040051e-08,0.000135551
-9.030051e-08,0.000138794
-9.020051e-08,0.00014074
-9.010051e-08,0.000142037
-9.000051e-08,0.000141389
-8.990051e-08,0.000138794
-8.980051e-08,0.000134254
-8.970051e-08,0.000128416
-8.960051e-08,0.000122579
-8.950051e-08,0.000116093
-8.940051e-08,0.000109606
-8.930051e-08,0.000104417
-8.920051e-08,0.000100526
-8.910051e-08,9.79313e-05
-8.900051e-08,9.72826e-05
-8.890051e-08,9.85799e-05
-8.880051e-08,0.000102472
-8.870051e-08,0.000107661
-8.860051e-08,0.000114795
-8.850051e-08,0.000123227
-8.840051e-08,0.000132308
-8.830051e-08,0.000142037
-8.820051e-08,0.000151118
-8.810051e-08,0.000158902
-8.800051e-08,0.000165388
-8.790051e-08,0.000168631
-8.780051e-08,0.000167982
-8.770051e-08,0.000163442
-8.760051e-08,0.000154361
-8.750051e-08,0.00014074
-8.740051e-08,0.000122579
-8.730051e-08,0.000102472
-8.720051e-08,8.10671e-05
-8.710051e-08,6.09599e-05
-8.700051e-08,4.34472e-05
-8.690051e-08,3.04748e-05
-8.680051e-08,2.33399e-05
-8.670051e-08,2.26913e-05
-8.660051e-08,2.78803e-05
-8.650051e-08,3.95555e-05
-8.640051e-08,5.5771e-05
-8.630051e-08,7.45809e-05
-8.620051e-08,9.27423e-05
-8.610051e-08,0.000109606
-8.600051e-08,0.000123876
-8.590051e-08,0.000134254
-8.580051e-08,0.000141389
-8.570051e-08,0.000143335
-8.560051e-08,0.000142037
-8.550051e-08,0.000138146
-8.540051e-08,0.00013166
-8.530051e-08,0.000125173
-8.520051e-08,0.000118687
-8.510051e-08,0.000112201
-8.500051e-08,0.000107661
-8.490051e-08,0.000103769
-8.480051e-08,0.000101823
-8.470051e-08,0.000101823
-8.460051e-08,0.00010312
-8.450051e-08,0.000106363
-8.440051e-08,0.000111552
-8.430051e-08,0.000118038
-8.420051e-08,0.000126471
-8.410051e-08,0.0001362
-8.400051e-08,0.000147226
-8.390051e-08,0.000158902
-8.380051e-08,0.000169928
-8.370051e-08,0.000180955
-8.360051e-08,0.000190684
-8.350051e-08,0.000198467
-8.340051e-08,0.000203008
-8.330051e-08,0.000204305
-8.320051e-08,0.000201062
-8.310051e-08,0.000194576
-8.300051e-08,0.000184846
-8.290051e-08,0.000172523
-8.280051e-08,0.00015955
-8.270051e-08,0.000146578
-8.260051e-08,0.000134254
-8.250051e-08,0.000123876
-8.240051e-08,0.000116741
-8.230051e-08,0.000112201
-8.220051e-08,0.000110904
-8.210051e-08,0.000110904
-8.200051e-08,0.000113498
-8.190051e-08,0.000116093
-8.180051e-08,0.00011739
-8.170051e-08,0.000116741
-8.160051e-08,0.000114795
-8.150051e-08,0.000110904
-8.140051e-08,0.000104417
-8.130051e-08,9.6634e-05
-8.120051e-08,8.88506e-05
-8.110051e-08,8.10671e-05
-8.100051e-08,7.39323e-05
-8.090051e-08,6.80947e-05
-8.080051e-08,6.35544e-05
-8.070051e-08,6.09599e-05
-8.060051e-08,5.90141e-05
-8.050051e-08,5.83654e-05
-8.040051e-08,5.83654e-05
-8.030051e-08,5.90141e-05
-8.020051e-08,5.90141e-05
-8.010051e-08,5.96627e-05
-8.000051e-08,6.22572e-05
-7.990051e-08,6.61489e-05
-7.980051e-08,7.26351e-05
-7.970051e-08,8.17158e-05
-7.960051e-08,9.33909e-05
-7.950051e-08,0.000107661
-7.940051e-08,0.000122579
-7.930051e-08,0.000139443
-7.920051e-08,0.000155658
-7.910051e-08,0.000171225
-7.900051e-08,0.000184846
-7.890051e-08,0.000195873
-7.880051e-08,0.000203656
-7.870051e-08,0.000208197
-7.860051e-08,0.000207548
-7.850051e-08,0.000203008
-7.840051e-08,0.000193278
-7.830051e-08,0.000179657
-7.820051e-08,0.000162145
-7.810051e-08,0.000142037
-7.800051e-08,0.000120633
-7.790051e-08,9.98771e-05
-7.780051e-08,8.04185e-05
-7.770051e-08,6.48516e-05
-7.760051e-08,5.38251e-05
-7.750051e-08,4.99334e-05
-7.740051e-08,5.25279e-05
-7.730051e-08,6.29058e-05
-7.720051e-08,7.84727e-05
-7.710051e-08,9.85799e-05
-7.700051e-08,0.000118687
-7.690051e-08,0.000137497
-7.680051e-08,0.000153064
-7.670051e-08,0.000162793
-7.660051e-08,0.000166685
-7.650051e-08,0.000163442
-7.640051e-08,0.000153713
-7.630051e-08,0.00014074
-7.620051e-08,0.000125173
-7.610051e-08,0.000111552
-7.600051e-08,0.000100526
-7.590051e-08,9.53368e-05
-7.580051e-08,9.46882e-05
-7.570051e-08,0.000100526
-7.560051e-08,0.000111552
-7.550051e-08,0.000127768
-7.540051e-08,0.000146578
-7.530051e-08,0.000166685
-7.520051e-08,0.000184198
-7.510051e-08,0.000198467
-7.500051e-08,0.000208197
-7.490051e-08,0.000212088
-7.480051e-08,0.00021144
-7.470051e-08,0.000204954
-7.460051e-08,0.000193927
-7.450051e-08,0.000177712
-7.440051e-08,0.00015955
-7.430051e-08,0.00014074
-7.420051e-08,0.000122579
-7.410051e-08,0.000107012
-7.400051e-08,9.53368e-05
-7.390051e-08,8.8202e-05
-7.380051e-08,8.69047e-05
-7.370051e-08,9.14451e-05
-7.360051e-08,0.000102472
-7.350051e-08,0.000118687
-7.340051e-08,0.000138146
-7.330051e-08,0.00015955
-7.320051e-08,0.000180955
-7.310051e-08,0.000199765
-7.300051e-08,0.000214683
-7.290051e-08,0.000223764
-7.280051e-08,0.000225709
-7.270051e-08,0.00022052
-7.260051e-08,0.000207548
-7.250051e-08,0.000189387
-7.240051e-08,0.000167982
-7.230051e-08,0.000143983
-7.220051e-08,0.000120633
-7.210051e-08,9.79313e-05
-7.200051e-08,7.71754e-05
-7.190051e-08,5.83654e-05
-7.180051e-08,4.08527e-05
-7.170051e-08,2.52858e-05
-7.160051e-08,1.10162e-05
-7.150051e-08,-1.95624e-06
-7.140051e-08,-1.55773e-05
-7.130051e-08,-2.7901e-05
-7.120051e-08,-3.95762e-05
-7.110051e-08,-4.99541e-05
-7.100051e-08,-5.77376e-05
-7.090051e-08,-6.22779e-05
-7.080051e-08,-6.35752e-05
-7.070051e-08,-6.03321e-05
-7.060051e-08,-5.38459e-05
-7.050051e-08,-4.47652e-05
-7.040051e-08,-3.309e-05
-7.030051e-08,-2.01176e-05
-7.020051e-08,-7.1452e-06
-7.010051e-08,5.8272e-06
-7.000051e-08,1.8151e-05
-6.990051e-08,2.98261e-05
-6.980051e-08,4.15013e-05
-6.970051e-08,5.31765e-05
-6.960051e-08,6.55003e-05
-6.950051e-08,7.97699e-05
-6.940051e-08,9.46882e-05
-6.930051e-08,0.000110904
-6.920051e-08,0.000128416
-6.910051e-08,0.000145929
-6.900051e-08,0.000162793
-6.890051e-08,0.000177063
-6.880051e-08,0.000188738
-6.870051e-08,0.000196522
-6.860051e-08,0.000199765
-6.850051e-08,0.000199116
-6.840051e-08,0.000195224
-6.830051e-08,0.000187441
-6.820051e-08,0.000177063
-6.810051e-08,0.000164091
-6.800051e-08,0.000148524
-6.790051e-08,0.000131011
-6.780051e-08,0.000110904
-6.770051e-08,8.88506e-05
-6.760051e-08,6.61489e-05
-6.750051e-08,4.27986e-05
-6.740051e-08,1.94482e-05
-6.730051e-08,-2.60486e-06
-6.720051e-08,-2.20635e-05
-6.710051e-08,-3.8279e-05
-6.700051e-08,-4.93055e-05
-6.690051e-08,-5.51431e-05
-6.680051e-08,-5.57917e-05
-6.670051e-08,-5.12514e-05
-6.660051e-08,-4.28193e-05
-6.650051e-08,-3.17928e-05
-6.640051e-08,-1.9469e-05
-6.630051e-08,-6.49658e-06
-6.620051e-08,5.8272e-06
-6.610051e-08,1.68537e-05
-6.600051e-08,2.59344e-05
-6.590051e-08,3.37179e-05
-6.580051e-08,4.02041e-05
-6.570051e-08,4.5393e-05
-6.560051e-08,5.0582e-05
-6.550051e-08,5.64196e-05
-6.540051e-08,6.29058e-05
-6.530051e-08,7.00406e-05
-6.520051e-08,7.91213e-05
-6.510051e-08,8.94992e-05
-6.500051e-08,0.000100526
-6.490051e-08,0.000112201
-6.480051e-08,0.000124525
-6.470051e-08,0.000136848
-6.460051e-08,0.000149172
-6.450051e-08,0.000160847
-6.440051e-08,0.000171874
-6.430051e-08,0.000181603
-6.420051e-08,0.000188738
-6.410051e-08,0.000194576
-6.400051e-08,0.000197819
-6.390051e-08,0.000198467
-6.380051e-08,0.000196522
-6.370051e-08,0.000191333
-6.360051e-08,0.000183549
-6.350051e-08,0.000172523
-6.340051e-08,0.00015955
-6.330051e-08,0.000145281
-6.320051e-08,0.000130362
-6.310051e-08,0.000116741
-6.300051e-08,0.000103769
-6.290051e-08,9.33909e-05
-6.280051e-08,8.56075e-05
-6.270051e-08,8.04185e-05
-6.260051e-08,7.71754e-05
-6.250051e-08,7.52296e-05
-6.240051e-08,7.45809e-05
-6.230051e-08,7.45809e-05
-6.220051e-08,7.52296e-05
-6.210051e-08,7.65268e-05
-6.200051e-08,7.84727e-05
-6.190051e-08,8.17158e-05
-6.180051e-08,8.62561e-05
-6.170051e-08,9.33909e-05
-6.160051e-08,0.00010312
-6.150051e-08,0.000116093
-6.140051e-08,0.000132308
-6.130051e-08,0.000150469
-6.120051e-08,0.000171874
-6.110051e-08,0.000193927
-6.100051e-08,0.000216629
-6.090051e-08,0.000238033
-6.080051e-08,0.000258789
-6.070051e-08,0.000276302
-6.060051e-08,0.00029122
-6.050051e-08,0.000302895
-6.040051e-08,0.000312625
-6.030051e-08,0.000318462
-6.020051e-08,0.000320408
-6.010051e-08,0.000319111
-6.000051e-08,0.00031457
-5.990051e-08,0.00030549
-5.980051e-08,0.000291869
-5.970051e-08,0.000273707
-5.960051e-08,0.000251006
-5.950051e-08,0.000224412
-5.940051e-08,0.000195224
-5.930051e-08,0.000164091
-5.920051e-08,0.000134254
-5.910051e-08,0.000107012
-5.900051e-08,8.43102e-05
-5.890051e-08,6.67975e-05
-5.880051e-08,5.70682e-05
-5.870051e-08,5.51223e-05
-5.860051e-08,6.09599e-05
-5.850051e-08,7.32837e-05
-5.840051e-08,9.01478e-05
-5.830051e-08,0.000110904
-5.820051e-08,0.000132957
-5.810051e-08,0.00015501
-5.800051e-08,0.000175117
-5.790051e-08,0.00019263
-5.780051e-08,0.000208197
-5.770051e-08,0.000219872
-5.760051e-08,0.000228953
-5.750051e-08,0.000235439
-5.740051e-08,0.000241276
-5.730051e-08,0.000246465
-5.720051e-08,0.000251654
-5.710051e-08,0.000257492
-5.700051e-08,0.000262681
-5.690051e-08,0.00026787
-5.680051e-08,0.00027241
-5.670051e-08,0.000275653
-5.660051e-08,0.000277599
-5.650051e-08,0.00027695
-5.640051e-08,0.000274356
-5.630051e-08,0.000269167
-5.620051e-08,0.000262032
-5.610051e-08,0.0002536
-5.600051e-08,0.000243871
-5.590051e-08,0.000232196
-5.580051e-08,0.000219872
-5.570051e-08,0.000206251
-5.560051e-08,0.00019263
-5.550051e-08,0.000179009
-5.540051e-08,0.000166036
-5.530051e-08,0.000154361
-5.520051e-08,0.000143335
-5.510051e-08,0.000134254
-5.500051e-08,0.000126471
-5.490051e-08,0.00012193
-5.480051e-08,0.000120633
-5.470051e-08,0.000122579
-5.460051e-08,0.000127119
-5.450051e-08,0.000134903
-5.440051e-08,0.000143983
-5.430051e-08,0.00015501
-5.420051e-08,0.000166685
-5.410051e-08,0.00017836
-5.400051e-08,0.000188738
-5.390051e-08,0.00019717
-5.380051e-08,0.000204305
-5.370051e-08,0.000208845
-5.360051e-08,0.000210791
-5.350051e-08,0.00021144
-5.340051e-08,0.000210791
-5.330051e-08,0.000210143
-5.320051e-08,0.000208845
-5.310051e-08,0.000208197
-5.300051e-08,0.000207548
-5.290051e-08,0.000206899
-5.280051e-08,0.000207548
-5.270051e-08,0.000208197
-5.260051e-08,0.000208197
-5.250051e-08,0.000208197
-5.240051e-08,0.000208197
-5.230051e-08,0.000207548
-5.220051e-08,0.000205602
-5.210051e-08,0.000203008
-5.200051e-08,0.000200413
-5.190051e-08,0.00019717
-5.180051e-08,0.000193278
-5.170051e-08,0.000188738
-5.160051e-08,0.000183549
-5.150051e-08,0.000177712
-5.140051e-08,0.000171225
-5.130051e-08,0.000164739
-5.120051e-08,0.000157604
-5.110051e-08,0.000150469
-5.100051e-08,0.000143983
-5.090051e-08,0.000137497
-5.080051e-08,0.00013166
-5.070051e-08,0.000126471
-5.060051e-08,0.000119984
-5.050051e-08,0.00011285
-5.040051e-08,0.000105715
-5.030051e-08,9.79313e-05
-5.020051e-08,8.88506e-05
-5.010051e-08,8.04185e-05
-5.000051e-08,7.26351e-05
-4.990051e-08,6.55003e-05
-4.980051e-08,6.03113e-05
-4.970051e-08,5.77168e-05
-4.960051e-08,5.90141e-05
-4.950051e-08,6.48516e-05
-4.940051e-08,7.32837e-05
-4.930051e-08,8.49589e-05
-4.920051e-08,9.98771e-05
-4.910051e-08,0.000116093
-4.900051e-08,0.00013166
-4.890051e-08,0.000145929
-4.880051e-08,0.000158902
-4.870051e-08,0.000169279
-4.860051e-08,0.000177063
-4.850051e-08,0.000182252
-4.840051e-08,0.000186144
-4.830051e-08,0.000188738
-4.820051e-08,0.000190684
-4.810051e-08,0.00019263
-4.800051e-08,0.000195224
-4.790051e-08,0.000196522
-4.780051e-08,0.00019717
-4.770051e-08,0.000195873
-4.760051e-08,0.00019263
-4.750051e-08,0.000186144
-4.740051e-08,0.000176414
-4.730051e-08,0.000165388
-4.720051e-08,0.000153713
-4.710051e-08,0.000142686
-4.700051e-08,0.000135551
-4.690051e-08,0.000132308
-4.680051e-08,0.000134903
-4.670051e-08,0.000143983
-4.660051e-08,0.000157604
-4.650051e-08,0.000175766
-4.640051e-08,0.000196522
-4.630051e-08,0.000217277
-4.620051e-08,0.000235439
-4.610051e-08,0.00024906
-4.600051e-08,0.000257492
-4.590051e-08,0.000257492
-4.580051e-08,0.000250357
-4.570051e-08,0.000238033
-4.560051e-08,0.000221818
-4.550051e-08,0.000204305
-4.540051e-08,0.000187441
-4.530051e-08,0.000175117
-4.520051e-08,0.000167982
-4.510051e-08,0.000167982
-4.500051e-08,0.000174468
-4.490051e-08,0.000187441
-4.480051e-08,0.000205602
-4.470051e-08,0.000227007
-4.460051e-08,0.000249708
-4.450051e-08,0.00027241
-4.440051e-08,0.000292517
-4.430051e-08,0.00031003
-4.420051e-08,0.000322354
-4.410051e-08,0.000331435
-4.400051e-08,0.000335975
-4.390051e-08,0.000336623
-4.380051e-08,0.000334678
-4.370051e-08,0.000330786
-4.360051e-08,0.000325597
-4.350051e-08,0.000319111
-4.340051e-08,0.000311976
-4.330051e-08,0.000303544
-4.320051e-08,0.00029576
-4.310051e-08,0.000288626
-4.300051e-08,0.000280842
-4.290051e-08,0.00027241
-4.280051e-08,0.000262032
-4.270051e-08,0.000250357
-4.260051e-08,0.000236736
-4.250051e-08,0.000222466
-4.240051e-08,0.000207548
-4.230051e-08,0.000191981
-4.220051e-08,0.000176414
-4.210051e-08,0.000161496
-4.200051e-08,0.000147875
-4.190051e-08,0.000135551
-4.180051e-08,0.000124525
-4.170051e-08,0.000116093
-4.160051e-08,0.000109606
-4.150051e-08,0.000105066
-4.140051e-08,0.000102472
-4.130051e-08,0.000101823
-4.120051e-08,0.00010312
-4.110051e-08,0.000103769
-4.100051e-08,0.000103769
-4.090051e-08,0.000102472
-4.080051e-08,9.98771e-05
-4.070051e-08,9.59854e-05
-4.060051e-08,9.07964e-05
-4.050051e-08,8.49589e-05
-4.040051e-08,7.91213e-05
-4.030051e-08,7.32837e-05
-4.020051e-08,6.80947e-05
-4.010051e-08,6.48516e-05
-4.000051e-08,6.4203e-05
-3.990051e-08,6.61489e-05
-3.980051e-08,7.00406e-05
-3.970051e-08,7.65268e-05
-3.960051e-08,8.36616e-05
-3.950051e-08,9.20937e-05
-3.940051e-08,9.92285e-05
-3.930051e-08,0.000106363
-3.920051e-08,0.000111552
-3.910051e-08,0.000114147
-3.900051e-08,0.000113498
-3.890051e-08,0.000108958
-3.880051e-08,0.000101823
-3.870051e-08,9.07964e-05
-3.860051e-08,7.7824e-05
-3.850051e-08,6.29058e-05
-3.840051e-08,4.79875e-05
-3.830051e-08,3.43665e-05
-3.820051e-08,2.26913e-05
-3.810051e-08,1.49079e-05
-3.800051e-08,1.03675e-05
-3.790051e-08,1.10162e-05
-3.780051e-08,1.49079e-05
-3.770051e-08,2.33399e-05
-3.760051e-08,3.63124e-05
-3.750051e-08,5.12306e-05
-3.740051e-08,6.9392e-05
-3.730051e-08,8.8202e-05
-3.720051e-08,0.000107661
-3.710051e-08,0.000126471
-3.700051e-08,0.000145929
-3.690051e-08,0.000164739
-3.680051e-08,0.000183549
-3.670051e-08,0.000202359
-3.660051e-08,0.000219872
-3.650051e-08,0.000237385
-3.640051e-08,0.000252951
-3.630051e-08,0.000267221
-3.620051e-08,0.000277599
-3.610051e-08,0.000284085
-3.600051e-08,0.000286031
-3.590051e-08,0.000282139
-3.580051e-08,0.000271761
-3.570051e-08,0.000256195
-3.560051e-08,0.000236087
-3.550051e-08,0.00021144
-3.540051e-08,0.000185495
-3.530051e-08,0.000158253
-3.520051e-08,0.000132308
-3.510051e-08,0.000108309
-3.500051e-08,8.75533e-05
-3.490051e-08,7.19865e-05
-3.480051e-08,6.03113e-05
-3.470051e-08,5.38251e-05
-3.460051e-08,5.25279e-05
-3.450051e-08,5.64196e-05
-3.440051e-08,6.55003e-05
-3.430051e-08,7.84727e-05
-3.420051e-08,9.53368e-05
-3.410051e-08,0.000114795
-3.400051e-08,0.000138146
-3.390051e-08,0.000162793
-3.380051e-08,0.000188738
-3.370051e-08,0.000214683
-3.360051e-08,0.000238033
-3.350051e-08,0.000258789
-3.340051e-08,0.000275005
-3.330051e-08,0.000286031
-3.320051e-08,0.000290571
-3.310051e-08,0.000288626
-3.300051e-08,0.000279545
-3.290051e-08,0.000264627
-3.280051e-08,0.000245168
-3.270051e-08,0.000221818
-3.260051e-08,0.000196522
-3.250051e-08,0.000171874
-3.240051e-08,0.000149172
-3.230051e-08,0.000131011
-3.220051e-08,0.000116741
-3.210051e-08,0.000109606
-3.200051e-08,0.000107661
-3.190051e-08,0.000111552
-3.180051e-08,0.000120633
-3.170051e-08,0.000132308
-3.160051e-08,0.000146578
-3.150051e-08,0.000160847
-3.140051e-08,0.000174468
-3.130051e-08,0.000184846
-3.120051e-08,0.000190684
-3.110051e-08,0.00019263
-3.100051e-08,0.000190684
-3.090051e-08,0.000184846
-3.080051e-08,0.000176414
-3.070051e-08,0.000165388
-3.060051e-08,0.000154361
-3.050051e-08,0.000143335
-3.040051e-08,0.000132957
-3.030051e-08,0.000123227
-3.020051e-08,0.000115444
-3.010051e-08,0.000109606
-3.000051e-08,0.000105066
-2.990051e-08,0.00010312
-2.980051e-08,0.000101823
-2.970051e-08,0.000101174
-2.960051e-08,0.000101823
-2.950051e-08,0.000101823
-2.940051e-08,0.000101174
-2.930051e-08,9.92285e-05
-2.920051e-08,9.59854e-05
-2.910051e-08,8.94992e-05
-2.900051e-08,8.17158e-05
-2.890051e-08,7.13378e-05
-2.880051e-08,5.83654e-05
-2.870051e-08,4.47444e-05
-2.860051e-08,3.04748e-05
-2.850051e-08,1.68537e-05
-2.840051e-08,5.17858e-06
-2.830051e-08,-4.55072e-06
-2.820051e-08,-1.16855e-05
-2.810051e-08,-1.55773e-05
-2.800051e-08,-1.68745e-05
-2.790051e-08,-1.55773e-05
-2.780051e-08,-1.29828e-05
-2.770051e-08,-9.73968e-06
-2.760051e-08,-5.19934e-06
-2.750051e-08,-6.58998e-07
-2.740051e-08,4.52996e-06
-2.730051e-08,1.03675e-05
-2.720051e-08,1.68537e-05
-2.710051e-08,2.39886e-05
-2.700051e-08,3.30692e-05
-2.690051e-08,4.34472e-05
-2.680051e-08,5.5771e-05
-2.670051e-08,6.9392e-05
-2.660051e-08,8.23644e-05
-2.650051e-08,9.53368e-05
-2.640051e-08,0.000106363
-2.630051e-08,0.000116093
-2.620051e-08,0.000122579
-2.610051e-08,0.000126471
-2.600051e-08,0.000127768
-2.590051e-08,0.000126471
-2.580051e-08,0.000123227
-2.570051e-08,0.000118687
-2.560051e-08,0.000113498
-2.550051e-08,0.000109606
-2.540051e-08,0.000107012
-2.530051e-08,0.000105715
-2.520051e-08,0.000106363
-2.510051e-08,0.000109606
-2.500051e-08,0.000114147
-2.490051e-08,0.000119984
-2.480051e-08,0.000126471
-2.470051e-08,0.000132308
-2.460051e-08,0.000138146
-2.450051e-08,0.000142037
-2.440051e-08,0.000143335
-2.430051e-08,0.000143335
-2.420051e-08,0.000139443
-2.410051e-08,0.000132957
-2.400051e-08,0.000123227
-2.390051e-08,0.000110904
-2.380051e-08,9.6634e-05
-2.370051e-08,8.04185e-05
-2.360051e-08,6.35544e-05
-2.350051e-08,4.86361e-05
-2.340051e-08,3.63124e-05
-2.330051e-08,2.91775e-05
-2.320051e-08,2.72317e-05
-2.310051e-08,3.1772e-05
-2.300051e-08,4.40958e-05
-2.290051e-08,6.35544e-05
-2.280051e-08,8.94992e-05
-2.270051e-08,0.000120633
-2.260051e-08,0.00015501
-2.250051e-08,0.000190684
-2.240051e-08,0.000225709
-2.230051e-08,0.000258789
-2.220051e-08,0.00028668
-2.210051e-08,0.000308733
-2.200051e-08,0.000323002
-2.190051e-08,0.000330137
-2.180051e-08,0.000329489
-2.170051e-08,0.000321057
-2.160051e-08,0.00030549
-2.150051e-08,0.000284085
-2.140051e-08,0.00025814
-2.130051e-08,0.000228953
-2.120051e-08,0.000197819
-2.110051e-08,0.000166685
-2.100051e-08,0.000137497
-2.090051e-08,0.000109606
-2.080051e-08,8.49589e-05
-2.070051e-08,6.35544e-05
-2.060051e-08,4.47444e-05
-2.050051e-08,3.04748e-05
-2.040051e-08,2.00968e-05
-2.030051e-08,1.49079e-05
-2.020051e-08,1.36106e-05
-2.010051e-08,1.62051e-05
-2.000051e-08,2.26913e-05
-1.990051e-08,3.24206e-05
-1.980051e-08,4.5393e-05
-1.970051e-08,6.16085e-05
-1.960051e-08,7.97699e-05
-1.950051e-08,0.000100526
-1.940051e-08,0.000122579
-1.930051e-08,0.000144632
-1.920051e-08,0.000166685
-1.910051e-08,0.000187441
-1.900051e-08,0.000204305
-1.890051e-08,0.000217277
-1.880051e-08,0.000224412
-1.870051e-08,0.000225061
-1.860051e-08,0.000219223
-1.850051e-08,0.000206899
-1.840051e-08,0.000188738
-1.830051e-08,0.000167334
-1.820051e-08,0.000143335
-1.810051e-08,0.000119984
-1.800051e-08,9.85799e-05
-1.790051e-08,8.17158e-05
-1.780051e-08,7.06892e-05
-1.770051e-08,6.48516e-05
-1.760051e-08,6.55003e-05
-1.750051e-08,7.06892e-05
-1.740051e-08,7.97699e-05
-1.730051e-08,9.07964e-05
-1.720051e-08,0.00010312
-1.710051e-08,0.000114147
-1.700051e-08,0.000123227
-1.690051e-08,0.000129714
-1.680051e-08,0.000132957
-1.670051e-08,0.000132957
-1.660051e-08,0.000129714
-1.650051e-08,0.000123227
-1.640051e-08,0.000114147
-1.630051e-08,0.00010312
-1.620051e-08,9.01478e-05
-1.610051e-08,7.52296e-05
-1.600051e-08,5.96627e-05
-1.590051e-08,4.47444e-05
-1.580051e-08,3.11234e-05
-1.570051e-08,2.00968e-05
-1.560051e-08,1.2962e-05
-1.550051e-08,1.16648e-05
-1.540051e-08,1.68537e-05
-1.530051e-08,2.91775e-05
-1.520051e-08,4.92848e-05
-1.510051e-08,7.52296e-05
-1.500051e-08,0.000106363
-1.490051e-08,0.000140092
-1.480051e-08,0.000174468
-1.470051e-08,0.000206251
-1.460051e-08,0.000233493
-1.450051e-08,0.000254249
-1.440051e-08,0.00026787
-1.430051e-08,0.000274356
-1.420051e-08,0.00027241
-1.410051e-08,0.000262681
-1.400051e-08,0.000247114
-1.390051e-08,0.000225709
-1.380051e-08,0.000199765
-1.370051e-08,0.000169928
-1.360051e-08,0.000137497
-1.350051e-08,0.00010312
-1.340051e-08,6.67975e-05
-1.330051e-08,2.98261e-05
-1.320051e-08,-6.49658e-06
-1.310051e-08,-4.02248e-05
-1.300051e-08,-6.94127e-05
-1.290051e-08,-9.34117e-05
-1.280051e-08,-0.000110924
-1.270051e-08,-0.000119356
-1.260051e-08,-0.000119356
-1.250051e-08,-0.000110924
-1.240051e-08,-9.47089e-05
-1.230051e-08,-7.26558e-05
-1.220051e-08,-4.73596e-05
-1.210051e-08,-2.01176e-05
-1.200051e-08,6.47582e-06
-1.190051e-08,3.04748e-05
-1.180051e-08,5.18792e-05
-1.170051e-08,6.9392e-05
-1.160051e-08,8.23644e-05
-1.150051e-08,9.14451e-05
-1.140051e-08,9.72826e-05
-1.130051e-08,0.000101174
-1.120051e-08,0.000104417
-1.110051e-08,0.000106363
-1.100051e-08,0.000108309
-1.090051e-08,0.000110255
-1.080051e-08,0.000111552
-1.070051e-08,0.000112201
-1.060051e-08,0.000112201
-1.050051e-08,0.000110904
-1.040051e-08,0.000108309
-1.030051e-08,0.000105066
-1.020051e-08,0.000100526
-1.010051e-08,9.46882e-05
-1.000051e-08,8.88506e-05
-9.900509e-09,8.23644e-05
-9.800509e-09,7.65268e-05
-9.700509e-09,7.13378e-05
-9.600509e-09,6.55003e-05
-9.500509e-09,5.96627e-05
-9.400509e-09,5.44737e-05
-9.300509e-09,4.99334e-05
-9.200509e-09,4.66903e-05
-9.100509e-09,4.34472e-05
-9.000509e-09,4.21499e-05
-8.900509e-09,4.21499e-05
-8.800509e-09,4.40958e-05
-8.700509e-09,4.86361e-05
-8.600509e-09,5.51223e-05
-8.500509e-09,6.4203e-05
-8.400509e-09,7.45809e-05
-8.300509e-09,8.49589e-05
-8.200509e-09,9.46882e-05
-8.100509e-09,0.000104417
-8.000509e-09,0.00011285
-7.900509e-09,0.000119336
-7.800509e-09,0.00012193
-7.700509e-09,0.000122579
-7.600509e-09,0.000119336
-7.500509e-09,0.000114795
-7.400509e-09,0.000108309
-7.300509e-09,0.000101823
-7.200509e-09,9.59854e-05
-7.100509e-09,9.14451e-05
-7.000509e-09,8.88506e-05
-6.900509e-09,8.88506e-05
-6.800509e-09,9.20937e-05
-6.700509e-09,9.85799e-05
-6.600509e-09,0.000106363
-6.500509e-09,0.000116741
-6.400509e-09,0.000127768
-6.300509e-09,0.000139443
-6.200509e-09,0.000150469
-6.100509e-09,0.000160847
-6.000509e-09,0.000170577
-5.900509e-09,0.00017836
-5.800509e-09,0.000184198
-5.700509e-09,0.000189387
-5.600509e-09,0.00019263
-5.500509e-09,0.000193278
-5.400509e-09,0.000191981
-5.300509e-09,0.000188738
-5.200509e-09,0.000184198
-5.100509e-09,0.000179009
-5.000509e-09,0.000172523
-4.900509e-09,0.000166036
-4.800509e-09,0.00015955
-4.700509e-09,0.000152415
-4.600509e-09,0.000144632
-4.500509e-09,0.0001362
-4.400509e-09,0.000127119
-4.300509e-09,0.000116741
-4.200509e-09,0.000104417
-4.100509e-09,9.07964e-05
-4.000509e-09,7.52296e-05
-3.900509e-09,5.83654e-05
-3.800509e-09,4.02041e-05
-3.700509e-09,2.20427e-05
-3.600509e-09,2.5841e-06
-3.500509e-09,-1.55773e-05
-3.400509e-09,-3.309e-05
-3.300509e-09,-4.80083e-05
-3.200509e-09,-5.96834e-05
-3.100509e-09,-6.87641e-05
-3.000509e-09,-7.52503e-05
-2.900509e-09,-7.97907e-05
-2.800509e-09,-8.4331e-05
-2.700509e-09,-8.88713e-05
-2.600509e-09,-9.60062e-05
-2.500509e-09,-0.000105087
-2.400509e-09,-0.000117411
-2.300509e-09,-0.000134923
-2.200509e-09,-0.000157625
-2.100509e-09,-0.000184219
-2.000509e-09,-0.000215352
-1.900509e-09,-0.000249729
-1.800509e-09,-0.000287349
-1.700509e-09,-0.000327564
-1.600509e-09,-0.00037167
-1.500509e-09,-0.000419668
-1.400509e-09,-0.000472206
-1.300509e-09,-0.000530582
-1.200509e-09,-0.000594795
-1.100509e-09,-0.000666792
-1.000509e-09,-0.000745924
-9.005088e-10,-0.000833487
-8.005088e-10,-0.000928834
-7.005088e-10,-0.00103132
-6.005088e-10,-0.00114158
-5.005088e-10,-0.00125833
-4.005088e-10,-0.00138157
-3.005088e-10,-0.0015113
-2.005088e-10,-0.00164751
-1.005088e-10,-0.00179085
-5.087919e-13,-0.00194263
9.949121e-11,-0.00210478
1.994912e-10,-0.00227796
2.994912e-10,-0.00246347
3.994912e-10,-0.0026613
4.994912e-10,-0.00287015
5.994912e-10,-0.00308809
6.994912e-10,-0.00331316
7.994912e-10,-0.00354148
8.994912e-10,-0.00377044
9.994912e-10,-0.00399551
1.099491e-09,-0.00421474
1.199491e-09,-0.0044249
1.299491e-09,-0.00462532
1.399491e-09,-0.00481472
1.499491e-09,-0.00499439
1.599491e-09,-0.00516303
1.699491e-09,-0.00532259
1.799491e-09,-0.00547177
1.899491e-09,-0.00561057
1.999491e-09,-0.00573835
2.099491e-09,-0.00585446
2.199491e-09,-0.00595824
2.299491e-09,-0.00604904
2.399491e-09,-0.00612688
2.499491e-09,-0.00619109
2.599491e-09,-0.00624428
2.699491e-09,-0.00628644
2.799491e-09,-0.00632017
2.899491e-09,-0.00634676
2.999491e-09,-0.00636816
3.099491e-09,-0.00638568
3.199491e-09,-0.00639865
3.299491e-09,-0.00640773
3.399491e-09,-0.00641292
3.499491e-09,-0.00641227
3.599491e-09,-0.00640578
3.699491e-09,-0.00639216
3.799491e-09,-0.00637076
3.899491e-09,-0.00634352
3.999491e-09,-0.00631044
4.099491e-09,-0.00627282
4.199491e-09,-0.00623195
4.299491e-09,-0.00619044
4.399491e-09,-0.00614828
4.499491e-09,-0.00610677
4.599491e-09,-0.00606526
4.699491e-09,-0.00602375
4.799491e-09,-0.00598159
4.899491e-09,-0.00593748
4.999491e-09,-0.00589013
5.099491e-09,-0.00583889
5.199491e-09,-0.00578505
5.299491e-09,-0.00572797
5.399491e-09,-0.0056683
5.499491e-09,-0.00560798
5.599491e-09,-0.00554701
5.699491e-09,-0.00548669
5.799491e-09,-0.00542637
5.899491e-09,-0.00536604
5.999491e-09,-0.00530702
6.099491e-09,-0.0052467
6.199491e-09,-0.00518638
6.299491e-09,-0.00512476
6.399491e-09,-0.00506249
6.499491e-09,-0.00499893
6.599491e-09,-0.00493536
6.699491e-09,-0.0048705
6.799491e-09,-0.00480564
6.899491e-09,-0.00474078
6.999491e-09,-0.00467591
7.099491e-09,-0.00460911
7.199491e-09,-0.00454165
7.299491e-09,-0.00447225
7.399491e-09,-0.0043996
7.499491e-09,-0.00432371
7.599491e-09,-0.00424328
7.699491e-09,-0.00415896
7.799491e-09,-0.0040701
7.899491e-09,-0.00397865
7.999491e-09,-0.00388525
8.099491e-09,-0.00379055
8.199491e-09,-0.00369779
8.299491e-09,-0.00360828
8.399491e-09,-0.00352267
8.499491e-09,-0.00344159
8.599491e-09,-0.003367
8.699491e-09,-0.0032976
8.799491e-09,-0.00323273
8.899491e-09,-0.00317176
8.999491e-09,-0.00311404
9.099491e-09,-0.00305761
9.199491e-09,-0.00300118
9.299491e-09,-0.00294539
9.399491e-09,-0.00289026
9.499491e-09,-0.00283513
9.599491e-09,-0.00278
9.699491e-09,-0.00272551
9.799491e-09,-0.00267168
9.899491e-09,-0.00261784
9.999491e-09,-0.00256401
1.009949e-08,-0.00251082
1.019949e-08,-0.00245763
1.029949e-08,-0.00240445
1.039949e-08,-0.00235191
1.049949e-08,-0.00229872
1.059949e-08,-0.00224748
1.069949e-08,-0.00219883
1.079949e-08,-0.00215278
1.089949e-08,-0.00211062
1.099949e-08,-0.00207365
1.109949e-08,-0.00204187
1.119949e-08,-0.00201527
1.129949e-08,-0.00199322
1.139949e-08,-0.00197506
1.149949e-08,-0.00195949
1.159949e-08,-0.00194457
1.169949e-08,-0.00192966
1.179949e-08,-0.00191474
1.189949e-08,-0.00189917
1.199949e-08,-0.00188231
1.209949e-08,-0.00186544
1.219949e-08,-0.00184988
1.229949e-08,-0.00183625
1.239949e-08,-0.00182652
1.249949e-08,-0.00182198
1.259949e-08,-0.00182328
1.269949e-08,-0.00182977
1.279949e-08,-0.0018395
1.289949e-08,-0.00185247
1.299949e-08,-0.00186674
1.309949e-08,-0.00188101
1.319949e-08,-0.00189398
1.329949e-08,-0.00190371
1.339949e-08,-0.00190955
1.349949e-08,-0.00191214
1.359949e-08,-0.00191149
1.369949e-08,-0.0019076
1.379949e-08,-0.00190112
1.389949e-08,-0.00189139
1.399949e-08,-0.00187841
1.409949e-08,-0.00186155
1.419949e-08,-0.00184144
1.429949e-08,-0.0018155
1.439949e-08,-0.00178436
1.449949e-08,-0.00174804
1.459949e-08,-0.00170588
1.469949e-08,-0.00166048
1.479949e-08,-0.00161118
1.489949e-08,-0.00156124
1.499949e-08,-0.00151259
1.509949e-08,-0.00146589
1.519949e-08,-0.00142373
1.529949e-08,-0.00138741
1.539949e-08,-0.00135757
1.549949e-08,-0.00133422
1.559949e-08,-0.00131736
1.569949e-08,-0.00130633
1.579949e-08,-0.00129985
1.589949e-08,-0.0012966
1.599949e-08,-0.00129466
1.609949e-08,-0.00129336
1.619949e-08,-0.00129141
1.629949e-08,-0.00128882
1.639949e-08,-0.00128428
1.649949e-08,-0.00127844
1.659949e-08,-0.00127131
1.669949e-08,-0.00126352
1.679949e-08,-0.00125379
1.689949e-08,-0.00124342
1.699949e-08,-0.00123044
1.709949e-08,-0.00121552
1.719949e-08,-0.00119996
1.729949e-08,-0.00118244
1.739949e-08,-0.00116493
1.749949e-08,-0.00114677
1.759949e-08,-0.00112861
1.769949e-08,-0.0011111
1.779949e-08,-0.00109488
1.789949e-08,-0.00107996
1.799949e-08,-0.00106699
1.809949e-08,-0.00105467
1.819949e-08,-0.00104429
1.829949e-08,-0.00103391
1.839949e-08,-0.00102353
1.849949e-08,-0.00101251
1.859949e-08,-0.00100083
1.869949e-08,-0.000989156
1.879949e-08,-0.000975535
1.889949e-08,-0.000962563
1.899949e-08,-0.00094959
1.909949e-08,-0.000935969
1.919949e-08,-0.000922997
1.929949e-08,-0.000910673
1.939949e-08,-0.000898349
1.949949e-08,-0.000884728
1.959949e-08,-0.000871756
1.969949e-08,-0.000858783
1.979949e-08,-0.000845811
1.989949e-08,-0.000832839
1.999949e-08,-0.000818569
2.009949e-08,-0.000804299
2.019949e-08,-0.000790678
2.029949e-08,-0.000777706
2.039949e-08,-0.000766031
2.049949e-08,-0.000756301
2.059949e-08,-0.000748518
2.069949e-08,-0.000740735
2.079949e-08,-0.000731654
2.089949e-08,-0.000721925
2.099949e-08,-0.000710898
2.109949e-08,-0.000696628
2.119949e-08,-0.000678467
2.129949e-08,-0.00065836
2.139949e-08,-0.000635658
2.149949e-08,-0.000612308
2.159949e-08,-0.000588309
2.169949e-08,-0.000564959
2.179949e-08,-0.000543554
2.189949e-08,-0.000524095
2.199949e-08,-0.000505934
2.209949e-08,-0.000489719
2.219949e-08,-0.000475449
2.229949e-08,-0.000461828
2.239949e-08,-0.000448207
2.249949e-08,-0.000434586
2.259949e-08,-0.000422262
2.269949e-08,-0.000411884
2.279949e-08,-0.000404749
2.289949e-08,-0.000401506
2.299949e-08,-0.000404101
2.309949e-08,-0.000412533
2.319949e-08,-0.000425505
2.329949e-08,-0.000444315
2.339949e-08,-0.000467017
2.349949e-08,-0.000491016
2.359949e-08,-0.000514366
2.369949e-08,-0.000535122
2.379949e-08,-0.000551986
2.389949e-08,-0.000563013
2.399949e-08,-0.000568202
2.409949e-08,-0.000568202
2.419949e-08,-0.00056431
2.429949e-08,-0.000558472
2.439949e-08,-0.000551986
2.449949e-08,-0.000546149
2.459949e-08,-0.000542905
2.469949e-08,-0.000542257
2.479949e-08,-0.000542905
2.489949e-08,-0.0005455
2.499949e-08,-0.000547446
2.509949e-08,-0.000548094
2.519949e-08,-0.000546149
2.529949e-08,-0.000542257
2.539949e-08,-0.000536419
2.549949e-08,-0.000529284
2.559949e-08,-0.00052215
2.569949e-08,-0.000516961
2.579949e-08,-0.000515015
2.589949e-08,-0.000516961
2.599949e-08,-0.000522798
2.609949e-08,-0.000532528
2.619949e-08,-0.0005455
2.629949e-08,-0.00055977
2.639949e-08,-0.000573391
2.649949e-08,-0.000585066
2.659949e-08,-0.000593498
2.669949e-08,-0.00059739
2.679949e-08,-0.000596741
2.689949e-08,-0.000592201
2.699949e-08,-0.000584417
2.709949e-08,-0.000575336
2.719949e-08,-0.000566256
2.729949e-08,-0.00055977
2.739949e-08,-0.000556526
2.749949e-08,-0.000557175
2.759949e-08,-0.000562364
2.769949e-08,-0.000572093
2.779949e-08,-0.000585066
2.789949e-08,-0.000599984
2.799949e-08,-0.000614902
2.809949e-08,-0.000628523
2.819949e-08,-0.000640198
2.829949e-08,-0.000648631
2.839949e-08,-0.000652522
2.849949e-08,-0.000652522
2.859949e-08,-0.000648631
2.869949e-08,-0.000640198
2.879949e-08,-0.000627226
2.889949e-08,-0.000609713
2.899949e-08,-0.000588957
2.909949e-08,-0.00056431
2.919949e-08,-0.000535771
2.929949e-08,-0.000503988
2.939949e-08,-0.000470909
2.949949e-08,-0.000437829
2.959949e-08,-0.000406047
2.969949e-08,-0.000377507
2.979949e-08,-0.00035286
2.989949e-08,-0.000333401
2.999949e-08,-0.000319131
3.009949e-08,-0.000310699
3.019949e-08,-0.000306808
3.029949e-08,-0.000306159
3.039949e-08,-0.000306808
3.049949e-08,-0.000306808
3.059949e-08,-0.000304862
3.069949e-08,-0.000299673
3.079949e-08,-0.000291241
3.089949e-08,-0.000280214
3.099949e-08,-0.000266593
3.109949e-08,-0.000251675
3.119949e-08,-0.000237405
3.129949e-08,-0.000225082
3.139949e-08,-0.000214704
3.149949e-08,-0.000208217
3.159949e-08,-0.000204974
3.169949e-08,-0.000204326
3.179949e-08,-0.000204974
3.189949e-08,-0.000206272
3.199949e-08,-0.000206272
3.209949e-08,-0.000205623
3.219949e-08,-0.000204326
3.229949e-08,-0.000203028
3.239949e-08,-0.000201083
3.249949e-08,-0.000200434
3.259949e-08,-0.000201083
3.269949e-08,-0.000204326
3.279949e-08,-0.000209515
3.289949e-08,-0.000215352
3.299949e-08,-0.000222487
3.309949e-08,-0.000228325
3.319949e-08,-0.000232216
3.329949e-08,-0.000233514
3.339949e-08,-0.000230919
3.349949e-08,-0.00022573
3.359949e-08,-0.000217947
3.369949e-08,-0.000208866
3.379949e-08,-0.000201083
3.389949e-08,-0.000196542
3.399949e-08,-0.000195245
3.409949e-08,-0.000199785
3.419949e-08,-0.000210812
3.429949e-08,-0.000228325
3.439949e-08,-0.000251026
3.449949e-08,-0.00027762
3.459949e-08,-0.000308105
3.469949e-08,-0.000339887
3.479949e-08,-0.00037167
3.489949e-08,-0.000402155
3.499949e-08,-0.000430694
3.509949e-08,-0.000455342
3.519949e-08,-0.000476098
3.529949e-08,-0.000492313
3.539949e-08,-0.000505934
3.549949e-08,-0.000515015
3.559949e-08,-0.000520852
3.569949e-08,-0.000523447
3.579949e-08,-0.000523447
3.589949e-08,-0.000520204
3.599949e-08,-0.000515015
3.609949e-08,-0.00050788
3.619949e-08,-0.000500097
3.629949e-08,-0.000492962
3.639949e-08,-0.000487124
3.649949e-08,-0.000483232
3.659949e-08,-0.000481287
3.669949e-08,-0.000480638
3.679949e-08,-0.000481287
3.689949e-08,-0.000482584
3.699949e-08,-0.000483881
3.709949e-08,-0.000483881
3.719949e-08,-0.000481935
3.729949e-08,-0.000477395
3.739949e-08,-0.00047026
3.749949e-08,-0.000460531
3.759949e-08,-0.000448207
3.769949e-08,-0.000435883
3.779949e-08,-0.000423559
3.789949e-08,-0.00041383
3.799949e-08,-0.000406047
3.809949e-08,-0.000401506
3.819949e-08,-0.00039956
3.829949e-08,-0.000398912
3.839949e-08,-0.000398912
3.849949e-08,-0.000397615
3.859949e-08,-0.000394371
3.869949e-08,-0.000387885
3.879949e-08,-0.000376859
3.889949e-08,-0.00036194
3.899949e-08,-0.000342482
3.909949e-08,-0.000320429
3.919949e-08,-0.00029643
3.929949e-08,-0.000271782
3.939949e-08,-0.000247783
3.949949e-08,-0.00022573
3.959949e-08,-0.00020692
3.969949e-08,-0.000191353
3.979949e-08,-0.000177732
3.989949e-08,-0.000166057
3.999949e-08,-0.000155679
4.009949e-08,-0.00014595
4.019949e-08,-0.000137518
4.029949e-08,-0.000130383
4.039949e-08,-0.000123248
4.049949e-08,-0.000118059
4.059949e-08,-0.000114168
4.069949e-08,-0.000112222
4.079949e-08,-0.000111573
4.089949e-08,-0.000113519
4.099949e-08,-0.000117411
4.109949e-08,-0.000123897
4.119949e-08,-0.000132329
4.129949e-08,-0.000143355
4.139949e-08,-0.000156328
4.149949e-08,-0.000172543
4.159949e-08,-0.000190705
4.169949e-08,-0.000212109
4.179949e-08,-0.000236108
4.189949e-08,-0.000261404
4.199949e-08,-0.000287349
4.209949e-08,-0.000313294
4.219949e-08,-0.000337941
4.229949e-08,-0.000359346
4.239949e-08,-0.000375561
4.249949e-08,-0.000386588
4.259949e-08,-0.000391128
4.269949e-08,-0.00039048
4.279949e-08,-0.000383994
4.289949e-08,-0.000372967
4.299949e-08,-0.000358697
4.309949e-08,-0.000343779
4.319949e-08,-0.000328861
4.329949e-08,-0.000316537
4.339949e-08,-0.000306808
4.349949e-08,-0.00030097
4.359949e-08,-0.000297727
4.369949e-08,-0.000297078
4.379949e-08,-0.000299024
4.389949e-08,-0.00030097
4.399949e-08,-0.000302916
4.409949e-08,-0.000303565
4.419949e-08,-0.000304213
4.429949e-08,-0.000304213
4.439949e-08,-0.000304213
4.449949e-08,-0.000304862
4.459949e-08,-0.000307456
4.469949e-08,-0.000313294
4.479949e-08,-0.000321726
4.489949e-08,-0.000332753
4.499949e-08,-0.000346374
4.509949e-08,-0.000361292
4.519949e-08,-0.000375561
4.529949e-08,-0.000389182
4.539949e-08,-0.000400858
4.549949e-08,-0.000407992
4.559949e-08,-0.000411236
4.569949e-08,-0.000409938
4.579949e-08,-0.000406047
4.589949e-08,-0.00039956
4.599949e-08,-0.000391128
4.609949e-08,-0.000380102
4.619949e-08,-0.000368427
4.629949e-08,-0.000355454
4.639949e-08,-0.000340536
4.649949e-08,-0.000323023
4.659949e-08,-0.000302916
4.669949e-08,-0.000280214
4.679949e-08,-0.000252972
4.689949e-08,-0.000223784
4.699949e-08,-0.000192651
4.709949e-08,-0.000160868
4.719949e-08,-0.000129734
4.729949e-08,-0.000101844
4.739949e-08,-7.9142e-05
4.749949e-08,-6.22779e-05
4.759949e-08,-5.12514e-05
4.769949e-08,-4.54138e-05
4.779949e-08,-4.60624e-05
4.789949e-08,-5.06027e-05
4.799949e-08,-5.77376e-05
4.809949e-08,-6.68183e-05
4.819949e-08,-7.58989e-05
4.829949e-08,-8.56282e-05
4.839949e-08,-9.34117e-05
4.849949e-08,-0.000101195
4.859949e-08,-0.000108979
4.869949e-08,-0.000116762
4.879949e-08,-0.000123897
4.889949e-08,-0.00013168
4.899949e-08,-0.000138166
4.909949e-08,-0.000144004
4.919949e-08,-0.000147896
4.929949e-08,-0.00015049
4.939949e-08,-0.000152436
4.949949e-08,-0.000152436
4.959949e-08,-0.000152436
4.969949e-08,-0.000153733
4.979949e-08,-0.000157625
4.989949e-08,-0.000166706
4.999949e-08,-0.000180327
5.009949e-08,-0.000198488
5.019949e-08,-0.000222487
5.029949e-08,-0.000249081
5.039949e-08,-0.000276971
5.049949e-08,-0.000303565
5.059949e-08,-0.000325618
5.069949e-08,-0.000341185
5.079949e-08,-0.000347671
5.089949e-08,-0.000345076
5.099949e-08,-0.00033405
5.109949e-08,-0.00031524
5.119949e-08,-0.000290592
5.129949e-08,-0.000263999
5.139949e-08,-0.000237405
5.149949e-08,-0.000212758
5.159949e-08,-0.000191353
5.169949e-08,-0.000175786
5.179949e-08,-0.000166057
5.189949e-08,-0.000161517
5.199949e-08,-0.000160868
5.209949e-08,-0.000161517
5.219949e-08,-0.000164111
5.229949e-08,-0.000167354
5.239949e-08,-0.000170597
5.249949e-08,-0.000173841
5.259949e-08,-0.000177084
5.269949e-08,-0.000180327
5.279949e-08,-0.000184219
5.289949e-08,-0.000189407
5.299949e-08,-0.000195245
5.309949e-08,-0.000201731
5.319949e-08,-0.000207569
5.329949e-08,-0.000212109
5.339949e-08,-0.000214704
5.349949e-08,-0.000215352
5.359949e-08,-0.000212758
5.369949e-08,-0.000207569
5.379949e-08,-0.000200434
5.389949e-08,-0.000192002
5.399949e-08,-0.000182273
5.409949e-08,-0.000171895
5.419949e-08,-0.000162165
5.429949e-08,-0.000151787
5.439949e-08,-0.00014141
5.449949e-08,-0.000129734
5.459949e-08,-0.000118059
5.469949e-08,-0.000105087
5.479949e-08,-9.27631e-05
5.489949e-08,-8.17365e-05
5.499949e-08,-7.33045e-05
5.509949e-08,-6.87641e-05
5.519949e-08,-6.81155e-05
5.529949e-08,-7.26558e-05
5.539949e-08,-8.30338e-05
5.549949e-08,-9.73034e-05
5.559949e-08,-0.000114168
5.569949e-08,-0.00013168
5.579949e-08,-0.000147247
5.589949e-08,-0.000158274
5.599949e-08,-0.000163463
5.609949e-08,-0.000161517
5.619949e-08,-0.000152436
5.629949e-08,-0.000137518
5.639949e-08,-0.000118708
5.649949e-08,-9.92493e-05
5.659949e-08,-8.17365e-05
5.669949e-08,-6.94127e-05
5.679949e-08,-6.29265e-05
5.689949e-08,-6.42238e-05
5.699949e-08,-7.39531e-05
5.709949e-08,-9.08172e-05
5.719949e-08,-0.00011287
5.729949e-08,-0.000138815
5.739949e-08,-0.000165409
5.749949e-08,-0.000190705
5.759949e-08,-0.000213406
5.769949e-08,-0.000231568
5.779949e-08,-0.000245837
5.789949e-08,-0.000255567
5.799949e-08,-0.000262053
5.809949e-08,-0.000264647
5.819949e-08,-0.000264647
5.829949e-08,-0.000262702
5.839949e-08,-0.000257513
5.849949e-08,-0.000249081
5.859949e-08,-0.000237405
5.869949e-08,-0.000221838
5.879949e-08,-0.000203677
5.889949e-08,-0.000182273
5.899949e-08,-0.00016022
5.909949e-08,-0.000136869
5.919949e-08,-0.000113519
5.929949e-08,-9.21144e-05
5.939949e-08,-7.39531e-05
5.949949e-08,-6.03321e-05
5.959949e-08,-5.12514e-05
5.969949e-08,-4.73596e-05
5.979949e-08,-4.73596e-05
5.989949e-08,-5.06027e-05
5.999949e-08,-5.57917e-05
6.009949e-08,-6.16293e-05
6.019949e-08,-6.61696e-05
6.029949e-08,-7.00614e-05
6.039949e-08,-7.20072e-05
6.049949e-08,-7.39531e-05
6.059949e-08,-7.46017e-05
6.069949e-08,-7.58989e-05
6.079949e-08,-7.78448e-05
6.089949e-08,-8.04393e-05
6.099949e-08,-8.30338e-05
6.109949e-08,-8.56282e-05
6.119949e-08,-8.49796e-05
6.129949e-08,-8.10879e-05
6.139949e-08,-7.26558e-05
6.149949e-08,-5.90348e-05
6.159949e-08,-4.02248e-05
6.169949e-08,-1.68745e-05
6.179949e-08,7.77306e-06
6.189949e-08,3.11234e-05
6.199949e-08,5.18792e-05
6.209949e-08,6.61489e-05
6.219949e-08,7.32837e-05
6.229949e-08,7.06892e-05
6.239949e-08,5.90141e-05
6.249949e-08,4.02041e-05
6.259949e-08,1.49079e-05
6.269949e-08,-1.36314e-05
6.279949e-08,-4.21707e-05
6.289949e-08,-6.87641e-05
6.299949e-08,-9.14658e-05
6.309949e-08,-0.000108979
6.319949e-08,-0.000120005
6.329949e-08,-0.000124545
6.339949e-08,-0.000123897
6.349949e-08,-0.000120005
6.359949e-08,-0.00011287
6.369949e-08,-0.00010379
6.379949e-08,-9.34117e-05
6.389949e-08,-8.30338e-05
6.399949e-08,-7.26558e-05
6.409949e-08,-6.22779e-05
6.419949e-08,-5.19e-05
6.429949e-08,-4.15221e-05
6.439949e-08,-3.17928e-05
6.449949e-08,-2.33607e-05
6.459949e-08,-1.62259e-05
6.469949e-08,-1.29828e-05
6.479949e-08,-1.16855e-05
6.489949e-08,-1.29828e-05
6.499949e-08,-1.68745e-05
6.509949e-08,-2.14148e-05
6.519949e-08,-2.59552e-05
6.529949e-08,-2.85497e-05
6.539949e-08,-2.91983e-05
6.549949e-08,-2.59552e-05
6.559949e-08,-2.01176e-05
6.569949e-08,-1.16855e-05
6.579949e-08,-2.60486e-06
6.589949e-08,5.8272e-06
6.599949e-08,1.2962e-05
6.609949e-08,1.75024e-05
6.619949e-08,1.87996e-05
6.629949e-08,1.55565e-05
6.639949e-08,9.71892e-06
6.649949e-08,2.5841e-06
6.659949e-08,-6.49658e-06
6.669949e-08,-1.36314e-05
6.679949e-08,-1.88204e-05
6.689949e-08,-2.01176e-05
6.699949e-08,-1.88204e-05
6.709949e-08,-1.36314e-05
6.719949e-08,-5.84796e-06
6.729949e-08,3.23272e-06
6.739949e-08,1.16648e-05
6.749949e-08,1.87996e-05
6.759949e-08,2.39886e-05
6.769949e-08,2.6583e-05
6.779949e-08,2.6583e-05
6.789949e-08,2.52858e-05
6.799949e-08,2.33399e-05
6.809949e-08,2.26913e-05
6.819949e-08,2.39886e-05
6.829949e-08,2.78803e-05
6.839949e-08,3.50151e-05
6.849949e-08,4.40958e-05
6.859949e-08,5.51223e-05
6.869949e-08,6.67975e-05
6.879949e-08,7.7824e-05
6.889949e-08,8.75533e-05
6.899949e-08,9.46882e-05
6.909949e-08,9.92285e-05
6.919949e-08,0.000101174
6.929949e-08,0.000100526
6.939949e-08,9.79313e-05
6.949949e-08,9.33909e-05
6.959949e-08,8.88506e-05
6.969949e-08,8.36616e-05
6.979949e-08,7.7824e-05
6.989949e-08,7.00406e-05
6.999949e-08,6.03113e-05
7.009949e-08,4.86361e-05
7.019949e-08,3.43665e-05
7.029949e-08,1.68537e-05
7.039949e-08,-2.60486e-06
7.049949e-08,-2.46579e-05
7.059949e-08,-4.6711e-05
7.069949e-08,-6.68183e-05
7.079949e-08,-8.36824e-05
7.089949e-08,-9.60062e-05
7.099949e-08,-0.000103141
7.109949e-08,-0.000104438
7.119949e-08,-0.000100547
7.129949e-08,-9.21144e-05
7.139949e-08,-8.04393e-05
7.149949e-08,-6.74669e-05
7.159949e-08,-5.38459e-05
7.169949e-08,-4.21707e-05
7.179949e-08,-3.17928e-05
7.189949e-08,-2.33607e-05
7.199949e-08,-1.81717e-05
7.209949e-08,-1.55773e-05
7.219949e-08,-1.55773e-05
7.229949e-08,-1.81717e-05
7.239949e-08,-2.33607e-05
7.249949e-08,-3.309e-05
7.259949e-08,-4.6711e-05
7.269949e-08,-6.35752e-05
7.279949e-08,-8.49796e-05
7.289949e-08,-0.000109627
7.299949e-08,-0.000136869
7.309949e-08,-0.00016476
7.319949e-08,-0.000191353
7.329949e-08,-0.000213406
7.339949e-08,-0.000229622
7.349949e-08,-0.000238703
7.359949e-08,-0.000238054
7.369949e-08,-0.000227676
7.379949e-08,-0.000208866
7.389949e-08,-0.00018357
7.399949e-08,-0.000153085
7.409949e-08,-0.000121951
7.419949e-08,-9.14658e-05
7.429949e-08,-6.48724e-05
7.439949e-08,-4.34679e-05
7.449949e-08,-2.85497e-05
7.459949e-08,-2.01176e-05
7.469949e-08,-1.75231e-05
7.479949e-08,-1.88204e-05
7.489949e-08,-2.33607e-05
7.499949e-08,-2.91983e-05
7.509949e-08,-3.50359e-05
7.519949e-08,-3.95762e-05
7.529949e-08,-4.28193e-05
7.539949e-08,-4.41165e-05
7.549949e-08,-4.34679e-05
7.559949e-08,-4.08734e-05
7.569949e-08,-3.69817e-05
7.579949e-08,-3.309e-05
7.589949e-08,-2.85497e-05
7.599949e-08,-2.46579e-05
7.609949e-08,-2.01176e-05
7.619949e-08,-1.62259e-05
7.629949e-08,-1.36314e-05
7.639949e-08,-1.23342e-05
7.649949e-08,-1.23342e-05
7.659949e-08,-1.49286e-05
7.669949e-08,-1.88204e-05
7.679949e-08,-2.40093e-05
7.689949e-08,-2.98469e-05
7.699949e-08,-3.50359e-05
7.709949e-08,-3.76303e-05
7.719949e-08,-3.69817e-05
7.729949e-08,-3.11441e-05
