LECROYWaveRunner‘N,20113,Waveform
Segments,1,SegmentSize,2002
Segment,TrigTime,TimeSinceSegment1
#1,28-Sep-2018 13:20:54,0                 
Time,Ampl
-1.228411e-07,-4.41165e-05
-1.227411e-07,-2.46579e-05
-1.226411e-07,-5.84796e-06
-1.225411e-07,1.23134e-05
-1.224411e-07,3.04748e-05
-1.223411e-07,4.79875e-05
-1.222411e-07,6.4203e-05
-1.221411e-07,7.91213e-05
-1.220411e-07,9.01478e-05
-1.219411e-07,9.72826e-05
-1.218411e-07,9.79313e-05
-1.217411e-07,9.33909e-05
-1.216411e-07,8.36616e-05
-1.215411e-07,6.9392e-05
-1.214411e-07,5.31765e-05
-1.213411e-07,3.6961e-05
-1.212411e-07,2.20427e-05
-1.211411e-07,1.10162e-05
-1.210411e-07,4.52996e-06
-1.209411e-07,3.88134e-06
-1.208411e-07,9.0703e-06
-1.207411e-07,1.8151e-05
-1.206411e-07,2.91775e-05
-1.205411e-07,3.95555e-05
-1.204411e-07,4.92848e-05
-1.203411e-07,5.5771e-05
-1.202411e-07,5.90141e-05
-1.201411e-07,5.90141e-05
-1.200411e-07,5.70682e-05
-1.199411e-07,5.51223e-05
-1.198411e-07,5.38251e-05
-1.197411e-07,5.44737e-05
-1.196411e-07,5.90141e-05
-1.195411e-07,6.74461e-05
-1.194411e-07,7.84727e-05
-1.193411e-07,9.20937e-05
-1.192411e-07,0.000105715
-1.191411e-07,0.000118687
-1.190411e-07,0.000129065
-1.189411e-07,0.000136848
-1.188411e-07,0.000141389
-1.187411e-07,0.000142686
-1.186411e-07,0.00014074
-1.185411e-07,0.000138146
-1.184411e-07,0.000135551
-1.183411e-07,0.000133605
-1.182411e-07,0.00013166
-1.181411e-07,0.000129065
-1.180411e-07,0.000125822
-1.179411e-07,0.000120633
-1.178411e-07,0.00011285
-1.177411e-07,0.000101174
-1.176411e-07,8.69047e-05
-1.175411e-07,7.00406e-05
-1.174411e-07,5.0582e-05
-1.173411e-07,3.1772e-05
-1.172411e-07,1.49079e-05
-1.171411e-07,1.28686e-06
-1.170411e-07,-7.79382e-06
-1.169411e-07,-1.10369e-05
-1.168411e-07,-9.09106e-06
-1.167411e-07,-1.95624e-06
-1.166411e-07,8.42168e-06
-1.165411e-07,2.07455e-05
-1.164411e-07,3.43665e-05
-1.163411e-07,4.66903e-05
-1.162411e-07,5.83654e-05
-1.161411e-07,6.74461e-05
-1.160411e-07,7.65268e-05
-1.159411e-07,8.43102e-05
-1.158411e-07,9.20937e-05
-1.157411e-07,9.98771e-05
-1.156411e-07,0.000107012
-1.155411e-07,0.000114147
-1.154411e-07,0.000118687
-1.153411e-07,0.000120633
-1.152411e-07,0.000118038
-1.151411e-07,0.000110255
-1.150411e-07,9.59854e-05
-1.149411e-07,7.71754e-05
-1.148411e-07,5.44737e-05
-1.147411e-07,3.04748e-05
-1.146411e-07,6.47582e-06
-1.145411e-07,-1.49286e-05
-1.144411e-07,-3.24414e-05
-1.143411e-07,-4.54138e-05
-1.142411e-07,-5.31972e-05
-1.141411e-07,-5.64403e-05
-1.140411e-07,-5.51431e-05
-1.139411e-07,-5.12514e-05
-1.138411e-07,-4.54138e-05
-1.137411e-07,-3.95762e-05
-1.136411e-07,-3.309e-05
-1.135411e-07,-2.66038e-05
-1.134411e-07,-2.07662e-05
-1.133411e-07,-1.36314e-05
-1.132411e-07,-5.19934e-06
-1.131411e-07,5.17858e-06
-1.130411e-07,1.68537e-05
-1.129411e-07,2.98261e-05
-1.128411e-07,4.27986e-05
-1.127411e-07,5.51223e-05
-1.126411e-07,6.4203e-05
-1.125411e-07,6.9392e-05
-1.124411e-07,7.06892e-05
-1.123411e-07,6.80947e-05
-1.122411e-07,6.16085e-05
-1.121411e-07,5.25279e-05
-1.120411e-07,4.34472e-05
-1.119411e-07,3.50151e-05
-1.118411e-07,2.98261e-05
-1.117411e-07,2.85289e-05
-1.116411e-07,3.24206e-05
-1.115411e-07,4.02041e-05
-1.114411e-07,5.0582e-05
-1.113411e-07,6.16085e-05
-1.112411e-07,7.06892e-05
-1.111411e-07,7.65268e-05
-1.110411e-07,7.65268e-05
-1.109411e-07,7.06892e-05
-1.108411e-07,5.90141e-05
-1.107411e-07,4.15013e-05
-1.106411e-07,2.07455e-05
-1.105411e-07,-1.95624e-06
-1.104411e-07,-2.40093e-05
-1.103411e-07,-4.41165e-05
-1.102411e-07,-6.22779e-05
-1.101411e-07,-7.71962e-05
-1.100411e-07,-8.952e-05
-1.099411e-07,-9.86006e-05
-1.098411e-07,-0.000105735
-1.097411e-07,-0.000111573
-1.096411e-07,-0.000115465
-1.095411e-07,-0.000119356
-1.094411e-07,-0.000121951
-1.093411e-07,-0.000123248
-1.092411e-07,-0.000121951
-1.091411e-07,-0.000117411
-1.090411e-07,-0.000109627
-1.089411e-07,-9.7952e-05
-1.088411e-07,-8.4331e-05
-1.087411e-07,-6.87641e-05
-1.086411e-07,-5.38459e-05
-1.085411e-07,-4.08734e-05
-1.084411e-07,-3.17928e-05
-1.083411e-07,-2.7901e-05
-1.082411e-07,-2.91983e-05
-1.081411e-07,-3.63331e-05
-1.080411e-07,-4.6711e-05
-1.079411e-07,-5.90348e-05
-1.078411e-07,-7.26558e-05
-1.077411e-07,-8.49796e-05
-1.076411e-07,-9.47089e-05
-1.075411e-07,-0.000101844
-1.074411e-07,-0.000105735
-1.073411e-07,-0.000107033
-1.072411e-07,-0.000106384
-1.071411e-07,-0.000105735
-1.070411e-07,-0.000107033
-1.069411e-07,-0.000110924
-1.068411e-07,-0.000116113
-1.067411e-07,-0.0001226
-1.066411e-07,-0.000129734
-1.065411e-07,-0.000135572
-1.064411e-07,-0.000138815
-1.063411e-07,-0.000139464
-1.062411e-07,-0.000136869
-1.061411e-07,-0.000132329
-1.060411e-07,-0.000125194
-1.059411e-07,-0.000116762
-1.058411e-07,-0.00010833
-1.057411e-07,-9.98979e-05
-1.056411e-07,-9.34117e-05
-1.055411e-07,-8.75741e-05
-1.054411e-07,-8.30338e-05
-1.053411e-07,-7.71962e-05
-1.052411e-07,-7.071e-05
-1.051411e-07,-6.16293e-05
-1.050411e-07,-4.99541e-05
-1.049411e-07,-3.56845e-05
-1.048411e-07,-1.88204e-05
-1.047411e-07,-1.30762e-06
-1.046411e-07,1.55565e-05
-1.045411e-07,2.98261e-05
-1.044411e-07,4.08527e-05
-1.043411e-07,4.86361e-05
-1.042411e-07,5.38251e-05
-1.041411e-07,5.64196e-05
-1.040411e-07,5.83654e-05
-1.039411e-07,6.09599e-05
-1.038411e-07,6.61489e-05
-1.037411e-07,7.32837e-05
-1.036411e-07,8.36616e-05
-1.035411e-07,9.53368e-05
-1.034411e-07,0.000106363
-1.033411e-07,0.000114795
-1.032411e-07,0.000119336
-1.031411e-07,0.00011739
-1.030411e-07,0.000108958
-1.029411e-07,9.40395e-05
-1.028411e-07,7.39323e-05
-1.027411e-07,5.18792e-05
-1.026411e-07,3.04748e-05
-1.025411e-07,1.2962e-05
-1.024411e-07,1.93548e-06
-1.023411e-07,-1.95624e-06
-1.022411e-07,1.93548e-06
-1.021411e-07,1.23134e-05
-1.020411e-07,2.72317e-05
-1.019411e-07,4.40958e-05
-1.018411e-07,5.83654e-05
-1.017411e-07,6.87434e-05
-1.016411e-07,7.19865e-05
-1.015411e-07,6.80947e-05
-1.014411e-07,5.77168e-05
-1.013411e-07,4.27986e-05
-1.012411e-07,2.46372e-05
-1.011411e-07,7.12444e-06
-1.010411e-07,-7.79382e-06
-1.009411e-07,-1.88204e-05
-1.008411e-07,-2.40093e-05
-1.007411e-07,-2.53066e-05
-1.006411e-07,-2.33607e-05
-1.005411e-07,-2.07662e-05
-1.004411e-07,-2.07662e-05
-1.003411e-07,-2.53066e-05
-1.002411e-07,-3.56845e-05
-1.001411e-07,-5.25486e-05
-1.000411e-07,-7.39531e-05
-9.994115e-08,-9.92493e-05
-9.984115e-08,-0.000124545
-9.974115e-08,-0.000146599
-9.964115e-08,-0.000163463
-9.954115e-08,-0.000171895
-9.944115e-08,-0.000171246
-9.934115e-08,-0.000161517
-9.924115e-08,-0.000142058
-9.914115e-08,-0.000116762
-9.904115e-08,-8.75741e-05
-9.894115e-08,-5.7089e-05
-9.884115e-08,-2.85497e-05
-9.874115e-08,-3.9021e-06
-9.864115e-08,1.42593e-05
-9.854115e-08,2.59344e-05
-9.844115e-08,3.1772e-05
-9.834115e-08,3.1772e-05
-9.824115e-08,2.6583e-05
-9.814115e-08,1.68537e-05
-9.804115e-08,3.88134e-06
-9.794115e-08,-1.16855e-05
-9.784115e-08,-2.91983e-05
-9.774115e-08,-4.6711e-05
-9.764115e-08,-6.35752e-05
-9.754115e-08,-7.9142e-05
-9.744115e-08,-9.27631e-05
-9.734115e-08,-0.000102492
-9.724115e-08,-0.000107681
-9.714115e-08,-0.000107681
-9.704115e-08,-0.000101195
-9.694115e-08,-8.952e-05
-9.684115e-08,-7.26558e-05
-9.674115e-08,-5.12514e-05
-9.664115e-08,-2.91983e-05
-9.654115e-08,-7.79382e-06
-9.644115e-08,1.23134e-05
-9.634115e-08,2.91775e-05
-9.624115e-08,4.15013e-05
-9.614115e-08,4.92848e-05
-9.604115e-08,5.38251e-05
-9.594115e-08,5.51223e-05
-9.584115e-08,5.51223e-05
-9.574115e-08,5.44737e-05
-9.564115e-08,5.38251e-05
-9.554115e-08,5.38251e-05
-9.544115e-08,5.38251e-05
-9.534115e-08,5.31765e-05
-9.524115e-08,5.12306e-05
-9.514115e-08,4.66903e-05
-9.504115e-08,3.95555e-05
-9.494115e-08,2.91775e-05
-9.484115e-08,1.62051e-05
-9.474115e-08,2.5841e-06
-9.464115e-08,-1.10369e-05
-9.454115e-08,-2.27121e-05
-9.444115e-08,-2.91983e-05
-9.434115e-08,-2.98469e-05
-9.424115e-08,-2.46579e-05
-9.414115e-08,-1.49286e-05
-9.404115e-08,-1.03779e-08
-9.394115e-08,1.8151e-05
-9.384115e-08,3.63124e-05
-9.374115e-08,5.38251e-05
-9.364115e-08,6.67975e-05
-9.354115e-08,7.52296e-05
-9.344115e-08,7.84727e-05
-9.334115e-08,7.71754e-05
-9.324115e-08,7.13378e-05
-9.314115e-08,6.29058e-05
-9.304115e-08,5.38251e-05
-9.294115e-08,4.40958e-05
-9.284115e-08,3.63124e-05
-9.274115e-08,2.98261e-05
-9.264115e-08,2.46372e-05
-9.254115e-08,2.07455e-05
-9.244115e-08,1.68537e-05
-9.234115e-08,1.23134e-05
-9.224115e-08,6.47582e-06
-9.214115e-08,-1.03779e-08
-9.204115e-08,-6.49658e-06
-9.194115e-08,-1.23342e-05
-9.184115e-08,-1.68745e-05
-9.174115e-08,-1.88204e-05
-9.164115e-08,-1.81717e-05
-9.154115e-08,-1.49286e-05
-9.144115e-08,-1.03883e-05
-9.134115e-08,-5.84796e-06
-9.124115e-08,-3.25348e-06
-9.114115e-08,-4.55072e-06
-9.104115e-08,-9.73968e-06
-9.094115e-08,-2.07662e-05
-9.084115e-08,-3.69817e-05
-9.074115e-08,-5.64403e-05
-9.064115e-08,-7.9142e-05
-9.054115e-08,-0.000101844
-9.044115e-08,-0.000121951
-9.034115e-08,-0.000138166
-9.024115e-08,-0.000148544
-9.014115e-08,-0.000153085
-9.004115e-08,-0.000151787
-8.994115e-08,-0.00014595
-8.984115e-08,-0.000136869
-8.974115e-08,-0.000126491
-8.964115e-08,-0.000116762
-8.954115e-08,-0.000107681
-8.944115e-08,-0.000100547
-8.934115e-08,-9.34117e-05
-8.924115e-08,-8.69255e-05
-8.914115e-08,-7.9142e-05
-8.904115e-08,-7.00614e-05
-8.894115e-08,-5.83862e-05
-8.884115e-08,-4.54138e-05
-8.874115e-08,-3.04955e-05
-8.864115e-08,-1.62259e-05
-8.854115e-08,-2.60486e-06
-8.844115e-08,8.42168e-06
-8.834115e-08,1.49079e-05
-8.824115e-08,1.75024e-05
-8.814115e-08,1.55565e-05
-8.804115e-08,1.03675e-05
-8.794115e-08,5.17858e-06
-8.784115e-08,6.38242e-07
-8.774115e-08,-6.58998e-07
-8.764115e-08,1.93548e-06
-8.754115e-08,9.71892e-06
-8.744115e-08,2.13941e-05
-8.734115e-08,3.6961e-05
-8.724115e-08,5.51223e-05
-8.714115e-08,7.19865e-05
-8.704115e-08,8.69047e-05
-8.694115e-08,9.6634e-05
-8.684115e-08,0.000101174
-8.674115e-08,0.000101174
-8.664115e-08,9.46882e-05
-8.654115e-08,8.49589e-05
-8.644115e-08,7.13378e-05
-8.634115e-08,5.70682e-05
-8.624115e-08,4.21499e-05
-8.614115e-08,2.85289e-05
-8.604115e-08,1.55565e-05
-8.594115e-08,3.23272e-06
-8.584115e-08,-9.09106e-06
-8.574115e-08,-2.27121e-05
-8.564115e-08,-3.76303e-05
-8.554115e-08,-5.38459e-05
-8.544115e-08,-7.13586e-05
-8.534115e-08,-8.88713e-05
-8.524115e-08,-0.000105735
-8.514115e-08,-0.000120005
-8.504115e-08,-0.000130383
-8.494115e-08,-0.000136221
-8.484115e-08,-0.000136221
-8.474115e-08,-0.000131032
-8.464115e-08,-0.0001226
-8.454115e-08,-0.000111573
-8.444115e-08,-9.92493e-05
-8.434115e-08,-8.75741e-05
-8.424115e-08,-7.78448e-05
-8.414115e-08,-6.94127e-05
-8.404115e-08,-6.35752e-05
-8.394115e-08,-5.83862e-05
-8.384115e-08,-5.44945e-05
-8.374115e-08,-4.93055e-05
-8.364115e-08,-4.15221e-05
-8.354115e-08,-3.04955e-05
-8.344115e-08,-1.68745e-05
-8.334115e-08,-1.03779e-08
-8.324115e-08,1.8151e-05
-8.314115e-08,3.76096e-05
-8.304115e-08,5.64196e-05
-8.294115e-08,7.32837e-05
-8.284115e-08,8.75533e-05
-8.274115e-08,9.92285e-05
-8.264115e-08,0.000108309
-8.254115e-08,0.000115444
-8.244115e-08,0.000121282
-8.234115e-08,0.000127119
-8.224115e-08,0.00013166
-8.214115e-08,0.0001362
-8.204115e-08,0.000138794
-8.194115e-08,0.000140092
-8.184115e-08,0.000138794
-8.174115e-08,0.000134254
-8.164115e-08,0.000125822
-8.154115e-08,0.00011285
-8.144115e-08,9.59854e-05
-8.134115e-08,7.65268e-05
-8.124115e-08,5.70682e-05
-8.114115e-08,3.89068e-05
-8.104115e-08,2.26913e-05
-8.094115e-08,1.03675e-05
-8.084115e-08,1.28686e-06
-8.074115e-08,-4.55072e-06
-8.064115e-08,-9.09106e-06
-8.054115e-08,-1.23342e-05
-8.044115e-08,-1.68745e-05
-8.034115e-08,-2.27121e-05
-8.024115e-08,-3.17928e-05
-8.014115e-08,-4.34679e-05
-8.004115e-08,-5.57917e-05
-7.994115e-08,-6.94127e-05
-7.984115e-08,-8.17365e-05
-7.974115e-08,-9.21144e-05
-7.964115e-08,-9.92493e-05
-7.954115e-08,-0.000102492
-7.944115e-08,-0.000101195
-7.934115e-08,-9.66548e-05
-7.924115e-08,-8.952e-05
-7.914115e-08,-8.17365e-05
-7.904115e-08,-7.39531e-05
-7.894115e-08,-6.74669e-05
-7.884115e-08,-6.22779e-05
-7.874115e-08,-5.7089e-05
-7.864115e-08,-5.25486e-05
-7.854115e-08,-4.80083e-05
-7.844115e-08,-4.15221e-05
-7.834115e-08,-3.309e-05
-7.824115e-08,-2.27121e-05
-7.814115e-08,-1.10369e-05
-7.804115e-08,2.5841e-06
-7.794115e-08,1.49079e-05
-7.784115e-08,2.52858e-05
-7.774115e-08,3.30692e-05
-7.764115e-08,3.82582e-05
-7.754115e-08,3.95555e-05
-7.744115e-08,3.89068e-05
-7.734115e-08,3.6961e-05
-7.724115e-08,3.50151e-05
-7.714115e-08,3.43665e-05
-7.704115e-08,3.56637e-05
-7.694115e-08,4.02041e-05
-7.684115e-08,4.73389e-05
-7.674115e-08,5.5771e-05
-7.664115e-08,6.4203e-05
-7.654115e-08,7.13378e-05
-7.644115e-08,7.52296e-05
-7.634115e-08,7.39323e-05
-7.624115e-08,6.74461e-05
-7.614115e-08,5.51223e-05
-7.604115e-08,3.82582e-05
-7.594115e-08,1.87996e-05
-7.584115e-08,-1.30762e-06
-7.574115e-08,-2.07662e-05
-7.564115e-08,-3.76303e-05
-7.554115e-08,-4.99541e-05
-7.544115e-08,-5.77376e-05
-7.534115e-08,-6.03321e-05
-7.524115e-08,-5.83862e-05
-7.514115e-08,-5.31972e-05
-7.504115e-08,-4.54138e-05
-7.494115e-08,-3.69817e-05
-7.484115e-08,-2.91983e-05
-7.474115e-08,-2.27121e-05
-7.464115e-08,-1.88204e-05
-7.454115e-08,-1.81717e-05
-7.444115e-08,-2.07662e-05
-7.434115e-08,-2.59552e-05
-7.424115e-08,-3.37386e-05
-7.414115e-08,-4.28193e-05
-7.404115e-08,-5.25486e-05
-7.394115e-08,-6.29265e-05
-7.384115e-08,-7.33045e-05
-7.374115e-08,-8.17365e-05
-7.364115e-08,-8.69255e-05
-7.354115e-08,-8.75741e-05
-7.344115e-08,-8.30338e-05
-7.334115e-08,-7.33045e-05
-7.324115e-08,-5.83862e-05
-7.314115e-08,-3.8279e-05
-7.304115e-08,-1.55773e-05
-7.294115e-08,1.03675e-05
-7.284115e-08,3.6961e-05
-7.274115e-08,6.29058e-05
-7.264115e-08,8.43102e-05
-7.254115e-08,9.98771e-05
-7.244115e-08,0.000108958
-7.234115e-08,0.000110904
-7.224115e-08,0.000105715
-7.214115e-08,9.46882e-05
-7.204115e-08,8.04185e-05
-7.194115e-08,6.48516e-05
-7.184115e-08,5.0582e-05
-7.174115e-08,3.95555e-05
-7.164115e-08,3.50151e-05
-7.154115e-08,3.63124e-05
-7.144115e-08,4.34472e-05
-7.134115e-08,5.51223e-05
-7.124115e-08,7.00406e-05
-7.114115e-08,8.56075e-05
-7.104115e-08,9.92285e-05
-7.094115e-08,0.000108958
-7.084115e-08,0.000113498
-7.074115e-08,0.000111552
-7.064115e-08,0.000101823
-7.054115e-08,8.62561e-05
-7.044115e-08,6.74461e-05
-7.034115e-08,4.66903e-05
-7.024115e-08,2.59344e-05
-7.014115e-08,6.47582e-06
-7.004115e-08,-1.10369e-05
-6.994115e-08,-2.46579e-05
-6.984115e-08,-3.50359e-05
-6.974115e-08,-4.28193e-05
-6.964115e-08,-4.93055e-05
-6.954115e-08,-5.44945e-05
-6.944115e-08,-5.96834e-05
-6.934115e-08,-6.61696e-05
-6.924115e-08,-7.39531e-05
-6.914115e-08,-8.23851e-05
-6.904115e-08,-9.21144e-05
-6.894115e-08,-0.000102492
-6.884115e-08,-0.000112222
-6.874115e-08,-0.0001226
-6.864115e-08,-0.000132978
-6.854115e-08,-0.000142707
-6.844115e-08,-0.000151787
-6.834115e-08,-0.000162165
-6.824115e-08,-0.000173192
-6.814115e-08,-0.000184219
-6.804115e-08,-0.000193948
-6.794115e-08,-0.000200434
-6.784115e-08,-0.00020238
-6.774115e-08,-0.000199785
-6.764115e-08,-0.000190056
-6.754115e-08,-0.000173841
-6.744115e-08,-0.000151139
-6.734115e-08,-0.000123248
-6.724115e-08,-9.14658e-05
-6.714115e-08,-5.83862e-05
-6.704115e-08,-2.72524e-05
-6.694115e-08,-6.58998e-07
-6.684115e-08,2.13941e-05
-6.674115e-08,3.56637e-05
-6.664115e-08,4.34472e-05
-6.654115e-08,4.47444e-05
-6.644115e-08,4.15013e-05
-6.634115e-08,3.63124e-05
-6.624115e-08,2.98261e-05
-6.614115e-08,2.52858e-05
-6.604115e-08,2.39886e-05
-6.594115e-08,2.52858e-05
-6.584115e-08,2.91775e-05
-6.574115e-08,3.50151e-05
-6.564115e-08,4.08527e-05
-6.554115e-08,4.60417e-05
-6.544115e-08,4.79875e-05
-6.534115e-08,4.60417e-05
-6.524115e-08,4.02041e-05
-6.514115e-08,2.85289e-05
-6.504115e-08,1.2962e-05
-6.494115e-08,-5.19934e-06
-6.484115e-08,-2.40093e-05
-6.474115e-08,-4.21707e-05
-6.464115e-08,-5.7089e-05
-6.454115e-08,-6.74669e-05
-6.444115e-08,-7.20072e-05
-6.434115e-08,-7.071e-05
-6.424115e-08,-6.42238e-05
-6.414115e-08,-5.25486e-05
-6.404115e-08,-3.63331e-05
-6.394115e-08,-1.68745e-05
-6.384115e-08,3.88134e-06
-6.374115e-08,2.46372e-05
-6.364115e-08,4.47444e-05
-6.354115e-08,6.29058e-05
-6.344115e-08,7.7824e-05
-6.334115e-08,8.94992e-05
-6.324115e-08,9.72826e-05
-6.314115e-08,0.000101174
-6.304115e-08,0.000101823
-6.294115e-08,9.79313e-05
-6.284115e-08,9.27423e-05
-6.274115e-08,8.49589e-05
-6.264115e-08,7.65268e-05
-6.254115e-08,6.67975e-05
-6.244115e-08,5.83654e-05
-6.234115e-08,5.18792e-05
-6.224115e-08,4.66903e-05
-6.214115e-08,4.34472e-05
-6.204115e-08,4.21499e-05
-6.194115e-08,4.15013e-05
-6.184115e-08,4.15013e-05
-6.174115e-08,4.08527e-05
-6.164115e-08,4.08527e-05
-6.154115e-08,3.95555e-05
-6.144115e-08,3.6961e-05
-6.134115e-08,3.37179e-05
-6.124115e-08,2.91775e-05
-6.114115e-08,2.39886e-05
-6.104115e-08,1.8151e-05
-6.094115e-08,1.23134e-05
-6.084115e-08,5.8272e-06
-6.074115e-08,-1.30762e-06
-6.064115e-08,-9.09106e-06
-6.054115e-08,-1.81717e-05
-6.044115e-08,-2.85497e-05
-6.034115e-08,-4.02248e-05
-6.024115e-08,-5.25486e-05
-6.014115e-08,-6.48724e-05
-6.004115e-08,-7.65476e-05
-5.994115e-08,-8.62769e-05
-5.984115e-08,-9.40603e-05
-5.974115e-08,-9.73034e-05
-5.964115e-08,-9.60062e-05
-5.954115e-08,-8.952e-05
-5.944115e-08,-7.97907e-05
-5.934115e-08,-6.5521e-05
-5.924115e-08,-4.93055e-05
-5.914115e-08,-3.24414e-05
-5.904115e-08,-1.75231e-05
-5.894115e-08,-5.84796e-06
-5.884115e-08,1.28686e-06
-5.874115e-08,2.5841e-06
-5.864115e-08,-1.30762e-06
-5.854115e-08,-1.03883e-05
-5.844115e-08,-2.33607e-05
-5.834115e-08,-3.95762e-05
-5.824115e-08,-5.7089e-05
-5.814115e-08,-7.46017e-05
-5.804115e-08,-9.01686e-05
-5.794115e-08,-0.000102492
-5.784115e-08,-0.000110924
-5.774115e-08,-0.000114816
-5.764115e-08,-0.000114816
-5.754115e-08,-0.000111573
-5.744115e-08,-0.000106384
-5.734115e-08,-9.86006e-05
-5.724115e-08,-9.01686e-05
-5.714115e-08,-8.10879e-05
-5.704115e-08,-7.13586e-05
-5.694115e-08,-6.22779e-05
-5.684115e-08,-5.31972e-05
-5.674115e-08,-4.34679e-05
-5.664115e-08,-3.309e-05
-5.654115e-08,-2.27121e-05
-5.644115e-08,-1.16855e-05
-5.634115e-08,-6.58998e-07
-5.624115e-08,1.03675e-05
-5.614115e-08,2.07455e-05
-5.604115e-08,3.11234e-05
-5.594115e-08,3.89068e-05
-5.584115e-08,4.47444e-05
-5.574115e-08,4.73389e-05
-5.564115e-08,4.79875e-05
-5.554115e-08,4.66903e-05
-5.544115e-08,4.34472e-05
-5.534115e-08,4.02041e-05
-5.524115e-08,3.6961e-05
-5.514115e-08,3.43665e-05
-5.504115e-08,3.30692e-05
-5.494115e-08,3.37179e-05
-5.484115e-08,3.56637e-05
-5.474115e-08,3.82582e-05
-5.464115e-08,4.15013e-05
-5.454115e-08,4.47444e-05
-5.444115e-08,4.73389e-05
-5.434115e-08,4.86361e-05
-5.424115e-08,4.79875e-05
-5.414115e-08,4.60417e-05
-5.404115e-08,4.34472e-05
-5.394115e-08,4.02041e-05
-5.384115e-08,3.56637e-05
-5.374115e-08,3.1772e-05
-5.364115e-08,2.98261e-05
-5.354115e-08,2.98261e-05
-5.344115e-08,3.04748e-05
-5.334115e-08,3.1772e-05
-5.324115e-08,3.37179e-05
-5.314115e-08,3.50151e-05
-5.304115e-08,3.56637e-05
-5.294115e-08,3.37179e-05
-5.284115e-08,3.04748e-05
-5.274115e-08,2.52858e-05
-5.264115e-08,1.8151e-05
-5.254115e-08,1.03675e-05
-5.244115e-08,2.5841e-06
-5.234115e-08,-4.55072e-06
-5.224115e-08,-1.03883e-05
-5.214115e-08,-1.36314e-05
-5.204115e-08,-1.29828e-05
-5.194115e-08,-7.79382e-06
-5.184115e-08,6.38242e-07
-5.174115e-08,1.10162e-05
-5.164115e-08,2.39886e-05
-5.154115e-08,3.6961e-05
-5.144115e-08,4.86361e-05
-5.134115e-08,5.83654e-05
-5.124115e-08,6.55003e-05
-5.114115e-08,7.00406e-05
-5.104115e-08,7.13378e-05
-5.094115e-08,6.9392e-05
-5.084115e-08,6.35544e-05
-5.074115e-08,5.51223e-05
-5.064115e-08,4.47444e-05
-5.054115e-08,3.30692e-05
-5.044115e-08,2.07455e-05
-5.034115e-08,8.42168e-06
-5.024115e-08,-3.25348e-06
-5.014115e-08,-1.49286e-05
-5.004115e-08,-2.59552e-05
-4.994115e-08,-3.50359e-05
-4.984115e-08,-4.21707e-05
-4.974115e-08,-4.6711e-05
-4.964115e-08,-4.80083e-05
-4.954115e-08,-4.60624e-05
-4.944115e-08,-4.08734e-05
-4.934115e-08,-3.24414e-05
-4.924115e-08,-2.20635e-05
-4.914115e-08,-9.73968e-06
-4.904115e-08,3.88134e-06
-4.894115e-08,1.75024e-05
-4.884115e-08,2.98261e-05
-4.874115e-08,4.21499e-05
-4.864115e-08,5.25279e-05
-4.854115e-08,6.16085e-05
-4.844115e-08,6.80947e-05
-4.834115e-08,7.26351e-05
-4.824115e-08,7.58782e-05
-4.814115e-08,7.7824e-05
-4.804115e-08,7.97699e-05
-4.794115e-08,7.97699e-05
-4.784115e-08,7.91213e-05
-4.774115e-08,7.58782e-05
-4.764115e-08,7.00406e-05
-4.754115e-08,6.16085e-05
-4.744115e-08,5.0582e-05
-4.734115e-08,3.6961e-05
-4.724115e-08,2.13941e-05
-4.714115e-08,4.52996e-06
-4.704115e-08,-1.29828e-05
-4.694115e-08,-2.91983e-05
-4.684115e-08,-4.41165e-05
-4.674115e-08,-5.57917e-05
-4.664115e-08,-6.35752e-05
-4.654115e-08,-6.81155e-05
-4.644115e-08,-6.74669e-05
-4.634115e-08,-6.35752e-05
-4.624115e-08,-5.57917e-05
-4.614115e-08,-4.47652e-05
-4.604115e-08,-3.24414e-05
-4.594115e-08,-1.9469e-05
-4.584115e-08,-7.79382e-06
-4.574115e-08,2.5841e-06
-4.564115e-08,9.0703e-06
-4.554115e-08,1.23134e-05
-4.544115e-08,9.71892e-06
-4.534115e-08,1.28686e-06
-4.524115e-08,-1.23342e-05
-4.514115e-08,-3.17928e-05
-4.504115e-08,-5.57917e-05
-4.494115e-08,-8.17365e-05
-4.484115e-08,-0.000108979
-4.474115e-08,-0.000134923
-4.464115e-08,-0.000158274
-4.454115e-08,-0.000177084
-4.444115e-08,-0.000189407
-4.434115e-08,-0.000193948
-4.424115e-08,-0.000191353
-4.414115e-08,-0.000181624
-4.404115e-08,-0.00016476
-4.394115e-08,-0.000142707
-4.384115e-08,-0.000116762
-4.374115e-08,-8.952e-05
-4.364115e-08,-6.09807e-05
-4.354115e-08,-3.50359e-05
-4.344115e-08,-1.23342e-05
-4.334115e-08,5.8272e-06
-4.324115e-08,1.94482e-05
-4.314115e-08,2.85289e-05
-4.304115e-08,3.30692e-05
-4.294115e-08,3.30692e-05
-4.284115e-08,2.91775e-05
-4.274115e-08,2.26913e-05
-4.264115e-08,1.2962e-05
-4.254115e-08,1.93548e-06
-4.244115e-08,-1.16855e-05
-4.234115e-08,-2.59552e-05
-4.224115e-08,-4.15221e-05
-4.214115e-08,-5.77376e-05
-4.204115e-08,-7.33045e-05
-4.194115e-08,-8.82227e-05
-4.184115e-08,-0.000101844
-4.174115e-08,-0.00011287
-4.164115e-08,-0.000121302
-4.154115e-08,-0.000125194
-4.144115e-08,-0.000126491
-4.134115e-08,-0.000124545
-4.124115e-08,-0.000120005
-4.114115e-08,-0.000114816
-4.104115e-08,-0.000110276
-4.094115e-08,-0.000106384
-4.084115e-08,-0.000104438
-4.074115e-08,-0.00010379
-4.064115e-08,-0.000104438
-4.054115e-08,-0.000107033
-4.044115e-08,-0.000109627
-4.034115e-08,-0.000110924
-4.024115e-08,-0.000110276
-4.014115e-08,-0.000106384
-4.004115e-08,-9.86006e-05
-3.994115e-08,-8.69255e-05
-3.984115e-08,-7.13586e-05
-3.974115e-08,-5.25486e-05
-3.964115e-08,-3.24414e-05
-3.954115e-08,-1.29828e-05
-3.944115e-08,5.17858e-06
-3.934115e-08,1.94482e-05
-3.924115e-08,3.11234e-05
-3.914115e-08,3.89068e-05
-3.904115e-08,4.34472e-05
-3.894115e-08,4.60417e-05
-3.884115e-08,4.66903e-05
-3.874115e-08,4.79875e-05
-3.864115e-08,4.92848e-05
-3.854115e-08,5.18792e-05
-3.844115e-08,5.70682e-05
-3.834115e-08,6.4203e-05
-3.824115e-08,7.32837e-05
-3.814115e-08,8.23644e-05
-3.804115e-08,9.20937e-05
-3.794115e-08,0.000100526
-3.784115e-08,0.000107012
-3.774115e-08,0.000110904
-3.764115e-08,0.000112201
-3.754115e-08,0.000109606
-3.744115e-08,0.000103769
-3.734115e-08,9.33909e-05
-3.724115e-08,7.97699e-05
-3.714115e-08,6.22572e-05
-3.704115e-08,4.15013e-05
-3.694115e-08,1.87996e-05
-3.684115e-08,-6.49658e-06
-3.674115e-08,-3.17928e-05
-3.664115e-08,-5.7089e-05
-3.654115e-08,-8.04393e-05
-3.644115e-08,-0.000102492
-3.634115e-08,-0.000121951
-3.624115e-08,-0.000138815
-3.614115e-08,-0.000153085
-3.604115e-08,-0.000163463
-3.594115e-08,-0.000170597
-3.584115e-08,-0.000174489
-3.574115e-08,-0.000176435
-3.564115e-08,-0.000175138
-3.554115e-08,-0.000171246
-3.544115e-08,-0.00016476
-3.534115e-08,-0.000155679
-3.524115e-08,-0.000142058
-3.514115e-08,-0.000124545
-3.504115e-08,-0.000103141
-3.494115e-08,-7.84934e-05
-3.484115e-08,-5.06027e-05
-3.474115e-08,-2.01176e-05
-3.464115e-08,1.03675e-05
-3.454115e-08,4.08527e-05
-3.444115e-08,6.87434e-05
-3.434115e-08,9.20937e-05
-3.424115e-08,0.000110904
-3.414115e-08,0.000123227
-3.404115e-08,0.000130362
-3.394115e-08,0.00013166
-3.384115e-08,0.000129065
-3.374115e-08,0.000123227
-3.364115e-08,0.000116093
-3.354115e-08,0.000108958
-3.344115e-08,0.000102472
-3.334115e-08,9.6634e-05
-3.324115e-08,9.33909e-05
-3.314115e-08,9.01478e-05
-3.304115e-08,8.88506e-05
-3.294115e-08,8.75533e-05
-3.284115e-08,8.69047e-05
-3.274115e-08,8.56075e-05
-3.264115e-08,8.36616e-05
-3.254115e-08,8.04185e-05
-3.244115e-08,7.65268e-05
-3.234115e-08,7.19865e-05
-3.224115e-08,6.80947e-05
-3.214115e-08,6.35544e-05
-3.204115e-08,6.03113e-05
-3.194115e-08,5.77168e-05
-3.184115e-08,5.51223e-05
-3.174115e-08,5.25279e-05
-3.164115e-08,4.99334e-05
-3.154115e-08,4.73389e-05
-3.144115e-08,4.40958e-05
-3.134115e-08,4.02041e-05
-3.124115e-08,3.50151e-05
-3.114115e-08,2.98261e-05
-3.104115e-08,2.39886e-05
-3.094115e-08,1.8151e-05
-3.084115e-08,1.2962e-05
-3.074115e-08,7.77306e-06
-3.064115e-08,3.88134e-06
-3.054115e-08,6.38242e-07
-3.044115e-08,-1.95624e-06
-3.034115e-08,-3.25348e-06
-3.024115e-08,-3.9021e-06
-3.014115e-08,-3.25348e-06
-3.004115e-08,-1.95624e-06
-2.994115e-08,1.28686e-06
-2.984115e-08,5.8272e-06
-2.974115e-08,1.23134e-05
-2.964115e-08,2.00968e-05
-2.954115e-08,2.98261e-05
-2.944115e-08,3.95555e-05
-2.934115e-08,4.86361e-05
-2.924115e-08,5.51223e-05
-2.914115e-08,5.90141e-05
-2.904115e-08,5.83654e-05
-2.894115e-08,5.31765e-05
-2.884115e-08,4.40958e-05
-2.874115e-08,3.1772e-05
-2.864115e-08,1.8151e-05
-2.854115e-08,5.17858e-06
-2.844115e-08,-4.55072e-06
-2.834115e-08,-9.73968e-06
-2.824115e-08,-8.44244e-06
-2.814115e-08,-1.03779e-08
-2.804115e-08,1.55565e-05
-2.794115e-08,3.76096e-05
-2.784115e-08,6.48516e-05
-2.774115e-08,9.46882e-05
-2.764115e-08,0.000124525
-2.754115e-08,0.000151767
-2.744115e-08,0.00017382
-2.734115e-08,0.000190035
-2.724115e-08,0.000199765
-2.714115e-08,0.000203656
-2.704115e-08,0.000202359
-2.694115e-08,0.000197819
-2.684115e-08,0.00019263
-2.674115e-08,0.000188089
-2.664115e-08,0.000185495
-2.654115e-08,0.000184198
-2.644115e-08,0.000186144
-2.634115e-08,0.000188738
-2.624115e-08,0.000190035
-2.614115e-08,0.000190035
-2.604115e-08,0.000185495
-2.594115e-08,0.000176414
-2.584115e-08,0.000161496
-2.574115e-08,0.000142037
-2.564115e-08,0.000118687
-2.554115e-08,9.27423e-05
-2.544115e-08,6.61489e-05
-2.534115e-08,3.95555e-05
-2.524115e-08,1.55565e-05
-2.514115e-08,-5.84796e-06
-2.504115e-08,-2.40093e-05
-2.494115e-08,-3.89276e-05
-2.484115e-08,-4.93055e-05
-2.474115e-08,-5.57917e-05
-2.464115e-08,-5.90348e-05
-2.454115e-08,-5.77376e-05
-2.444115e-08,-5.25486e-05
-2.434115e-08,-4.34679e-05
-2.424115e-08,-3.11441e-05
-2.414115e-08,-1.62259e-05
-2.404115e-08,-1.03779e-08
-2.394115e-08,1.68537e-05
-2.384115e-08,3.1772e-05
-2.374115e-08,4.34472e-05
-2.364115e-08,5.12306e-05
-2.354115e-08,5.31765e-05
-2.344115e-08,5.0582e-05
-2.334115e-08,4.27986e-05
-2.324115e-08,3.1772e-05
-2.314115e-08,1.8151e-05
-2.304115e-08,4.52996e-06
-2.294115e-08,-7.1452e-06
-2.284115e-08,-1.428e-05
-2.274115e-08,-1.62259e-05
-2.264115e-08,-1.29828e-05
-2.254115e-08,-5.19934e-06
-2.244115e-08,6.47582e-06
-2.234115e-08,2.07455e-05
-2.224115e-08,3.63124e-05
-2.214115e-08,5.0582e-05
-2.204115e-08,6.4203e-05
-2.194115e-08,7.45809e-05
-2.184115e-08,8.36616e-05
-2.174115e-08,9.14451e-05
-2.164115e-08,9.85799e-05
-2.154115e-08,0.000105715
-2.144115e-08,0.000114147
-2.134115e-08,0.000123876
-2.124115e-08,0.000134903
-2.114115e-08,0.000147226
-2.104115e-08,0.00015955
-2.094115e-08,0.000171225
-2.084115e-08,0.000180955
-2.074115e-08,0.000188089
-2.064115e-08,0.000191981
-2.054115e-08,0.00019263
-2.044115e-08,0.000190684
-2.034115e-08,0.000186144
-2.024115e-08,0.000179657
-2.014115e-08,0.000171874
-2.004115e-08,0.000162793
-1.994115e-08,0.000151118
-1.984115e-08,0.000138146
-1.974115e-08,0.00012193
-1.964115e-08,0.000103769
-1.954115e-08,8.17158e-05
-1.944115e-08,5.70682e-05
-1.934115e-08,3.04748e-05
-1.924115e-08,1.93548e-06
-1.914115e-08,-2.59552e-05
-1.904115e-08,-5.19e-05
-1.894115e-08,-7.39531e-05
-1.884115e-08,-9.01686e-05
-1.874115e-08,-0.000101195
-1.864115e-08,-0.000105087
-1.854115e-08,-0.00010379
-1.844115e-08,-9.60062e-05
-1.834115e-08,-8.56282e-05
-1.824115e-08,-7.33045e-05
-1.814115e-08,-6.09807e-05
-1.804115e-08,-5.12514e-05
-1.794115e-08,-4.34679e-05
-1.784115e-08,-3.95762e-05
-1.774115e-08,-3.8279e-05
-1.764115e-08,-4.02248e-05
-1.754115e-08,-4.34679e-05
-1.744115e-08,-4.86569e-05
-1.734115e-08,-5.38459e-05
-1.724115e-08,-5.90348e-05
-1.714115e-08,-6.22779e-05
-1.704115e-08,-6.35752e-05
-1.694115e-08,-6.29265e-05
-1.684115e-08,-6.09807e-05
-1.674115e-08,-5.7089e-05
-1.664115e-08,-5.31972e-05
-1.654115e-08,-4.86569e-05
-1.644115e-08,-4.34679e-05
-1.634115e-08,-3.8279e-05
-1.624115e-08,-3.309e-05
-1.614115e-08,-2.7901e-05
-1.604115e-08,-2.20635e-05
-1.594115e-08,-1.62259e-05
-1.584115e-08,-1.03883e-05
-1.574115e-08,-4.55072e-06
-1.564115e-08,1.28686e-06
-1.554115e-08,6.47582e-06
-1.544115e-08,1.16648e-05
-1.534115e-08,1.68537e-05
-1.524115e-08,2.26913e-05
-1.514115e-08,2.98261e-05
-1.504115e-08,3.89068e-05
-1.494115e-08,4.99334e-05
-1.484115e-08,6.29058e-05
-1.474115e-08,7.7824e-05
-1.464115e-08,9.46882e-05
-1.454115e-08,0.000112201
-1.444115e-08,0.000129714
-1.434115e-08,0.000146578
-1.424115e-08,0.000161496
-1.414115e-08,0.000172523
-1.404115e-08,0.000179657
-1.394115e-08,0.000182901
-1.384115e-08,0.000180955
-1.374115e-08,0.000175117
-1.364115e-08,0.000164091
-1.354115e-08,0.000149821
-1.344115e-08,0.00013166
-1.334115e-08,0.000111552
-1.324115e-08,9.01478e-05
-1.314115e-08,6.74461e-05
-1.304115e-08,4.47444e-05
-1.294115e-08,2.20427e-05
-1.284115e-08,6.38242e-07
-1.274115e-08,-1.88204e-05
-1.264115e-08,-3.50359e-05
-1.254115e-08,-4.86569e-05
-1.244115e-08,-5.90348e-05
-1.234115e-08,-6.48724e-05
-1.224115e-08,-6.61696e-05
-1.214115e-08,-6.22779e-05
-1.204115e-08,-5.31972e-05
-1.194115e-08,-3.95762e-05
-1.184115e-08,-2.27121e-05
-1.174115e-08,-4.55072e-06
-1.164115e-08,1.36106e-05
-1.154115e-08,2.98261e-05
-1.144115e-08,4.27986e-05
-1.134115e-08,5.12306e-05
-1.124115e-08,5.5771e-05
-1.114115e-08,5.51223e-05
-1.104115e-08,5.0582e-05
-1.094115e-08,4.34472e-05
-1.084115e-08,3.56637e-05
-1.074115e-08,2.91775e-05
-1.064115e-08,2.46372e-05
-1.054115e-08,2.33399e-05
-1.044115e-08,2.72317e-05
-1.034115e-08,3.63124e-05
-1.024115e-08,5.0582e-05
-1.014115e-08,6.80947e-05
-1.004115e-08,8.8202e-05
-9.941147e-09,0.000108309
-9.841147e-09,0.000127768
-9.741147e-09,0.000144632
-9.641147e-09,0.000158902
-9.541147e-09,0.000169279
-9.441147e-09,0.000175766
-9.341147e-09,0.000177063
-9.241147e-09,0.000175117
-9.141147e-09,0.000168631
-9.041147e-09,0.000158902
-8.941147e-09,0.000145281
-8.841147e-09,0.000129065
-8.741147e-09,0.000110255
-8.641147e-09,8.94992e-05
-8.541147e-09,6.74461e-05
-8.441147e-09,4.40958e-05
-8.341147e-09,2.13941e-05
-8.241147e-09,-1.03779e-08
-8.141147e-09,-2.07662e-05
-8.041147e-09,-3.89276e-05
-7.941147e-09,-5.51431e-05
-7.841147e-09,-6.94127e-05
-7.741147e-09,-8.10879e-05
-7.641147e-09,-9.14658e-05
-7.541147e-09,-9.92493e-05
-7.441147e-09,-0.000105735
-7.341147e-09,-0.000110924
-7.241147e-09,-0.000114816
-7.141147e-09,-0.000116762
-7.041147e-09,-0.000117411
-6.941147e-09,-0.000116113
-6.841147e-09,-0.00011287
-6.741147e-09,-0.000107681
-6.641147e-09,-0.000101195
-6.541147e-09,-9.34117e-05
-6.441147e-09,-8.56282e-05
-6.341147e-09,-7.71962e-05
-6.241147e-09,-7.00614e-05
-6.141147e-09,-6.35752e-05
-6.041147e-09,-5.83862e-05
-5.941147e-09,-5.57917e-05
-5.841147e-09,-5.51431e-05
-5.741147e-09,-5.64403e-05
-5.641147e-09,-5.90348e-05
-5.541147e-09,-6.16293e-05
-5.441147e-09,-6.42238e-05
-5.341147e-09,-6.5521e-05
-5.241147e-09,-6.5521e-05
-5.141147e-09,-6.48724e-05
-5.041147e-09,-6.22779e-05
-4.941147e-09,-6.03321e-05
-4.841147e-09,-5.83862e-05
-4.741147e-09,-5.77376e-05
-4.641147e-09,-5.96834e-05
-4.541147e-09,-6.42238e-05
-4.441147e-09,-7.20072e-05
-4.341147e-09,-8.10879e-05
-4.241147e-09,-9.21144e-05
-4.141147e-09,-0.00010379
-4.041147e-09,-0.000114816
-3.941147e-09,-0.000124545
-3.841147e-09,-0.000133626
-3.741147e-09,-0.00014141
-3.641147e-09,-0.000148544
-3.541147e-09,-0.000156328
-3.441147e-09,-0.000165409
-3.341147e-09,-0.000177084
-3.241147e-09,-0.000192002
-3.141147e-09,-0.000210812
-3.041147e-09,-0.000233514
-2.941147e-09,-0.000259458
-2.841147e-09,-0.0002867
-2.741147e-09,-0.000314591
-2.641147e-09,-0.000342482
-2.541147e-09,-0.000367778
-2.441147e-09,-0.00039048
-2.341147e-09,-0.000409938
-2.241147e-09,-0.000426154
-2.141147e-09,-0.000441072
-2.041147e-09,-0.00045599
-1.941147e-09,-0.000472206
-1.841147e-09,-0.000491016
-1.741147e-09,-0.000513718
-1.641147e-09,-0.000540311
-1.541147e-09,-0.000572093
-1.441147e-09,-0.000608416
-1.341147e-09,-0.000649279
-1.241147e-09,-0.000694683
-1.141147e-09,-0.000743329
-1.041147e-09,-0.000797165
-9.411474e-10,-0.000854892
-8.411474e-10,-0.000917808
-7.411474e-10,-0.00098721
-6.411474e-10,-0.0010631
-5.411474e-10,-0.00114742
-4.411474e-10,-0.00123823
-3.411474e-10,-0.00133617
-2.411474e-10,-0.00143995
-1.411474e-10,-0.00154827
-4.11474e-11,-0.00165983
5.88526e-11,-0.00177269
1.588526e-10,-0.00188685
2.588526e-10,-0.00200035
3.588526e-10,-0.00211386
4.588526e-10,-0.00222737
5.588526e-10,-0.00234153
6.588526e-10,-0.00245698
7.588526e-10,-0.00257438
8.588526e-10,-0.00269503
9.588526e-10,-0.00281956
1.058853e-09,-0.00294864
1.158853e-09,-0.00308225
1.258853e-09,-0.00322041
1.358853e-09,-0.00336311
1.458853e-09,-0.00350905
1.558853e-09,-0.00365628
1.658853e-09,-0.00380417
1.758853e-09,-0.00395205
1.858853e-09,-0.00409929
1.958853e-09,-0.00424458
2.058853e-09,-0.00438598
2.158853e-09,-0.00452284
2.258853e-09,-0.00465321
2.358853e-09,-0.00477645
2.458853e-09,-0.00488931
2.558853e-09,-0.00499179
2.658853e-09,-0.00508195
2.758853e-09,-0.00515849
2.858853e-09,-0.0052227
2.958853e-09,-0.00527394
3.058853e-09,-0.00531545
3.158853e-09,-0.00534788
3.258853e-09,-0.00537318
3.358853e-09,-0.00539394
3.458853e-09,-0.0054121
3.558853e-09,-0.00542831
3.658853e-09,-0.00544323
3.758853e-09,-0.00545685
3.858853e-09,-0.00546853
3.958853e-09,-0.00547501
4.058853e-09,-0.00547501
4.158853e-09,-0.00546723
4.258853e-09,-0.00545101
4.358853e-09,-0.00542507
4.458853e-09,-0.00539004
4.558853e-09,-0.00534723
4.658853e-09,-0.00529794
4.758853e-09,-0.0052441
4.858853e-09,-0.00518703
4.958853e-09,-0.005128
5.058853e-09,-0.00506898
5.158853e-09,-0.00500995
5.258853e-09,-0.00495223
5.358853e-09,-0.00489515
5.458853e-09,-0.00483872
5.558853e-09,-0.00478229
5.658853e-09,-0.00472715
5.758853e-09,-0.00467202
5.858853e-09,-0.00461754
5.958853e-09,-0.00456435
6.058853e-09,-0.00451116
6.158853e-09,-0.00445927
6.258853e-09,-0.00440803
6.358853e-09,-0.00435549
6.458853e-09,-0.00430166
6.558853e-09,-0.00424588
6.658853e-09,-0.0041875
6.758853e-09,-0.00412653
6.858853e-09,-0.00406297
6.958853e-09,-0.0039994
7.058853e-09,-0.00393454
7.158853e-09,-0.00387162
7.258853e-09,-0.00381065
7.358853e-09,-0.00375293
7.458853e-09,-0.00369909
7.558853e-09,-0.0036485
7.658853e-09,-0.0035992
7.758853e-09,-0.00355056
7.858853e-09,-0.00349996
7.958853e-09,-0.00344483
8.058853e-09,-0.00338386
8.158853e-09,-0.00331641
8.258853e-09,-0.00324052
8.358853e-09,-0.00315879
8.458853e-09,-0.00307188
8.558853e-09,-0.00298172
8.658853e-09,-0.00289221
8.758853e-09,-0.00280464
8.858853e-09,-0.00272292
8.958853e-09,-0.00264703
9.058853e-09,-0.00257828
9.158853e-09,-0.00251795
9.258853e-09,-0.00246412
9.358853e-09,-0.00241612
9.458853e-09,-0.00237137
9.558853e-09,-0.00232856
9.658853e-09,-0.0022864
9.758853e-09,-0.00224424
9.858853e-09,-0.00220078
9.958853e-09,-0.00215667
1.005885e-08,-0.00211321
1.015885e-08,-0.00206976
1.025885e-08,-0.00202825
1.035885e-08,-0.00198803
1.045885e-08,-0.00194911
1.055885e-08,-0.00191279
1.065885e-08,-0.00187647
1.075885e-08,-0.00184015
1.085885e-08,-0.00180382
1.095885e-08,-0.0017662
1.105885e-08,-0.00172793
1.115885e-08,-0.00168967
1.125885e-08,-0.00165269
1.135885e-08,-0.00161897
1.145885e-08,-0.00158978
1.155885e-08,-0.00156708
1.165885e-08,-0.00155151
1.175885e-08,-0.00154437
1.185885e-08,-0.00154502
1.195885e-08,-0.00155086
1.205885e-08,-0.00156189
1.215885e-08,-0.00157421
1.225885e-08,-0.00158654
1.235885e-08,-0.00159691
1.245885e-08,-0.0016021
1.255885e-08,-0.0016034
1.265885e-08,-0.00159951
1.275885e-08,-0.00159043
1.285885e-08,-0.0015781
1.295885e-08,-0.00156318
1.305885e-08,-0.00154697
1.315885e-08,-0.0015314
1.325885e-08,-0.00151584
1.335885e-08,-0.00150092
1.345885e-08,-0.0014873
1.355885e-08,-0.00147368
1.365885e-08,-0.00145811
1.375885e-08,-0.00144254
1.385885e-08,-0.00142568
1.395885e-08,-0.00140816
1.405885e-08,-0.00139
1.415885e-08,-0.00137314
1.425885e-08,-0.00135563
1.435885e-08,-0.00133876
1.445885e-08,-0.00132255
1.455885e-08,-0.00130698
1.465885e-08,-0.00129141
1.475885e-08,-0.0012739
1.485885e-08,-0.00125509
1.495885e-08,-0.00123498
1.505885e-08,-0.00121293
1.515885e-08,-0.00119153
1.525885e-08,-0.00117012
1.535885e-08,-0.00115196
1.545885e-08,-0.00113834
1.555885e-08,-0.00112926
1.565885e-08,-0.00112601
1.575885e-08,-0.00112861
1.585885e-08,-0.0011351
1.595885e-08,-0.00114353
1.605885e-08,-0.00115066
1.615885e-08,-0.00115585
1.625885e-08,-0.00115585
1.635885e-08,-0.00114937
1.645885e-08,-0.00113704
1.655885e-08,-0.00111823
1.665885e-08,-0.00109488
1.675885e-08,-0.00106829
1.685885e-08,-0.00104105
1.695885e-08,-0.00101705
1.705885e-08,-0.000997588
1.715885e-08,-0.000983967
1.725885e-08,-0.000976184
1.735885e-08,-0.000973589
1.745885e-08,-0.000975535
1.755885e-08,-0.00097813
1.765885e-08,-0.000982021
1.775885e-08,-0.000983967
1.785885e-08,-0.000983967
1.795885e-08,-0.000980075
1.805885e-08,-0.000973589
1.815885e-08,-0.000965157
1.825885e-08,-0.000955428
1.835885e-08,-0.000945699
1.845885e-08,-0.000935321
1.855885e-08,-0.000924943
1.865885e-08,-0.000915213
1.875885e-08,-0.000904187
1.885885e-08,-0.000892512
1.895885e-08,-0.000878891
1.905885e-08,-0.000864621
1.915885e-08,-0.000848406
1.925885e-08,-0.000831541
1.935885e-08,-0.000815326
1.945885e-08,-0.000801056
1.955885e-08,-0.000788732
1.965885e-08,-0.000779652
1.975885e-08,-0.000773166
1.985885e-08,-0.000769274
1.995885e-08,-0.000765382
2.005885e-08,-0.000760842
2.015885e-08,-0.000755653
2.025885e-08,-0.000746572
2.035885e-08,-0.000734248
2.045885e-08,-0.000717384
2.055885e-08,-0.000696628
2.065885e-08,-0.000673927
2.075885e-08,-0.000649279
2.085885e-08,-0.00062528
2.095885e-08,-0.000601281
2.105885e-08,-0.000579877
2.115885e-08,-0.000561715
2.125885e-08,-0.000546797
2.135885e-08,-0.000535771
2.145885e-08,-0.000527987
2.155885e-08,-0.000524095
2.165885e-08,-0.000522798
2.175885e-08,-0.000524744
2.185885e-08,-0.000529284
2.195885e-08,-0.000536419
2.205885e-08,-0.000546797
2.215885e-08,-0.00055977
2.225885e-08,-0.000575336
2.235885e-08,-0.000592201
2.245885e-08,-0.000610362
2.255885e-08,-0.000627226
2.265885e-08,-0.000642144
2.275885e-08,-0.000652522
2.285885e-08,-0.00065836
2.295885e-08,-0.000659008
2.305885e-08,-0.000653819
2.315885e-08,-0.000643442
2.325885e-08,-0.000629172
2.335885e-08,-0.000612308
2.345885e-08,-0.000595444
2.355885e-08,-0.000579228
2.365885e-08,-0.000565607
2.375885e-08,-0.000555229
2.385885e-08,-0.000549392
2.395885e-08,-0.000546149
2.405885e-08,-0.000546149
2.415885e-08,-0.000547446
2.425885e-08,-0.000549392
2.435885e-08,-0.000551338
2.445885e-08,-0.000551338
2.455885e-08,-0.000551338
2.465885e-08,-0.000550689
2.475885e-08,-0.000549392
2.485885e-08,-0.00055004
2.495885e-08,-0.000553932
2.505885e-08,-0.000561067
2.515885e-08,-0.000572093
2.525885e-08,-0.000587012
2.535885e-08,-0.000605822
2.545885e-08,-0.000627226
2.555885e-08,-0.000648631
2.565885e-08,-0.000668738
2.575885e-08,-0.00068625
2.585885e-08,-0.00070052
2.595885e-08,-0.000711547
2.605885e-08,-0.000718682
2.615885e-08,-0.000723222
2.625885e-08,-0.000724519
2.635885e-08,-0.000723222
2.645885e-08,-0.000718033
2.655885e-08,-0.000710249
2.665885e-08,-0.000697926
2.675885e-08,-0.000681062
2.685885e-08,-0.000659657
2.695885e-08,-0.000633712
2.705885e-08,-0.000603876
2.715885e-08,-0.000572093
2.725885e-08,-0.000540311
2.735885e-08,-0.00051242
2.745885e-08,-0.000490367
2.755885e-08,-0.000475449
2.765885e-08,-0.000468314
2.775885e-08,-0.00047026
2.785885e-08,-0.000479341
2.795885e-08,-0.000492962
2.805885e-08,-0.000508529
2.815885e-08,-0.00052215
2.825885e-08,-0.000531879
2.835885e-08,-0.000534473
2.845885e-08,-0.00053123
2.855885e-08,-0.000521501
2.865885e-08,-0.000505934
2.875885e-08,-0.000487124
2.885885e-08,-0.000467666
2.895885e-08,-0.000450153
2.905885e-08,-0.00043718
2.915885e-08,-0.000428748
2.925885e-08,-0.000425505
2.935885e-08,-0.000426154
2.945885e-08,-0.000429397
2.955885e-08,-0.000433289
2.965885e-08,-0.000435234
2.975885e-08,-0.000434586
2.985885e-08,-0.000429397
2.995885e-08,-0.000420965
3.005885e-08,-0.000409938
3.015885e-08,-0.000397615
3.025885e-08,-0.000385939
3.035885e-08,-0.000376859
3.045885e-08,-0.000371021
3.055885e-08,-0.000369075
3.065885e-08,-0.000370372
3.075885e-08,-0.000372967
3.085885e-08,-0.00037621
3.095885e-08,-0.000378805
3.105885e-08,-0.000378156
3.115885e-08,-0.000373616
3.125885e-08,-0.000365184
3.135885e-08,-0.00035286
3.145885e-08,-0.000337941
3.155885e-08,-0.000321077
3.165885e-08,-0.000303565
3.175885e-08,-0.000285403
3.185885e-08,-0.000269188
3.195885e-08,-0.000254269
3.205885e-08,-0.000241297
3.215885e-08,-0.000229622
3.225885e-08,-0.000217947
3.235885e-08,-0.00020692
3.245885e-08,-0.000196542
3.255885e-08,-0.000186813
3.265885e-08,-0.00017903
3.275885e-08,-0.000173841
3.285885e-08,-0.000171246
3.295885e-08,-0.000173841
3.305885e-08,-0.000180975
3.315885e-08,-0.000193299
3.325885e-08,-0.000209515
3.335885e-08,-0.000228325
3.345885e-08,-0.000248432
3.355885e-08,-0.000267242
3.365885e-08,-0.000284106
3.375885e-08,-0.00029643
3.385885e-08,-0.000303565
3.395885e-08,-0.000306159
3.405885e-08,-0.000304862
3.415885e-08,-0.000300322
3.425885e-08,-0.000295133
3.435885e-08,-0.000291241
3.445885e-08,-0.000289295
3.455885e-08,-0.000289944
3.465885e-08,-0.000293187
3.475885e-08,-0.000297078
3.485885e-08,-0.00030097
3.495885e-08,-0.00030551
3.505885e-08,-0.000308754
3.515885e-08,-0.000310051
3.525885e-08,-0.000311348
3.535885e-08,-0.000312645
3.545885e-08,-0.00031524
3.555885e-08,-0.000321077
3.565885e-08,-0.000330158
3.575885e-08,-0.000343779
3.585885e-08,-0.000361292
3.595885e-08,-0.000381399
3.605885e-08,-0.000402155
3.615885e-08,-0.000422911
3.625885e-08,-0.000441072
3.635885e-08,-0.000455342
3.645885e-08,-0.000464422
3.655885e-08,-0.000468963
3.665885e-08,-0.000468963
3.675885e-08,-0.000466368
3.685885e-08,-0.000461828
3.695885e-08,-0.000456639
3.705885e-08,-0.000452747
3.715885e-08,-0.000450153
3.725885e-08,-0.000448856
3.735885e-08,-0.000448207
3.745885e-08,-0.00044691
3.755885e-08,-0.000443018
3.765885e-08,-0.00043718
3.775885e-08,-0.0004281
3.785885e-08,-0.000415127
3.795885e-08,-0.00039956
3.805885e-08,-0.000382048
3.815885e-08,-0.000365184
3.825885e-08,-0.000348968
3.835885e-08,-0.000335347
3.845885e-08,-0.00032432
3.855885e-08,-0.000317186
3.865885e-08,-0.000311997
3.875885e-08,-0.000308754
3.885885e-08,-0.00030551
3.895885e-08,-0.00030097
3.905885e-08,-0.000294484
3.915885e-08,-0.000286052
3.925885e-08,-0.000275674
3.935885e-08,-0.000263999
3.945885e-08,-0.000252972
3.955885e-08,-0.000243243
3.965885e-08,-0.000236108
3.975885e-08,-0.000231568
3.985885e-08,-0.000230271
3.995885e-08,-0.000230271
4.005885e-08,-0.000230919
4.015885e-08,-0.000230271
4.025885e-08,-0.000227027
4.035885e-08,-0.00022119
4.045885e-08,-0.000211461
4.055885e-08,-0.000199785
4.065885e-08,-0.000186813
4.075885e-08,-0.000175138
4.085885e-08,-0.000166057
4.095885e-08,-0.000160868
4.105885e-08,-0.000160868
4.115885e-08,-0.000165409
4.125885e-08,-0.000173192
4.135885e-08,-0.000182921
4.145885e-08,-0.000192002
4.155885e-08,-0.000197191
4.165885e-08,-0.000197191
4.175885e-08,-0.000191353
4.185885e-08,-0.000179678
4.195885e-08,-0.000163463
4.205885e-08,-0.000144653
4.215885e-08,-0.000126491
4.225885e-08,-0.000110924
4.235885e-08,-0.000100547
4.245885e-08,-9.7952e-05
4.255885e-08,-0.000101844
4.265885e-08,-0.000112222
4.275885e-08,-0.000126491
4.285885e-08,-0.000142707
4.295885e-08,-0.000158274
4.305885e-08,-0.000170597
4.315885e-08,-0.000178381
4.325885e-08,-0.000180327
4.335885e-08,-0.000178381
4.345885e-08,-0.000172543
4.355885e-08,-0.000166706
4.365885e-08,-0.000161517
4.375885e-08,-0.000161517
4.385885e-08,-0.000166057
4.395885e-08,-0.000175786
4.405885e-08,-0.000191353
4.415885e-08,-0.000210812
4.425885e-08,-0.000232865
4.435885e-08,-0.000255567
4.445885e-08,-0.00027762
4.455885e-08,-0.000297727
4.465885e-08,-0.00031524
4.475885e-08,-0.000330807
4.485885e-08,-0.000346374
4.495885e-08,-0.00036194
4.505885e-08,-0.000378156
4.515885e-08,-0.000396966
4.525885e-08,-0.000416425
4.535885e-08,-0.000436532
4.545885e-08,-0.000454693
4.555885e-08,-0.000470909
4.565885e-08,-0.000482584
4.575885e-08,-0.000488421
4.585885e-08,-0.000487773
4.595885e-08,-0.000479341
4.605885e-08,-0.000464422
4.615885e-08,-0.000444315
4.625885e-08,-0.000420965
4.635885e-08,-0.000396317
4.645885e-08,-0.000372967
4.655885e-08,-0.000350914
4.665885e-08,-0.000332104
4.675885e-08,-0.000315888
4.685885e-08,-0.000300322
4.695885e-08,-0.000286052
4.705885e-08,-0.000270485
4.715885e-08,-0.000252972
4.725885e-08,-0.000233514
4.735885e-08,-0.000212109
4.745885e-08,-0.000189407
4.755885e-08,-0.000167354
4.765885e-08,-0.000146599
4.775885e-08,-0.000129734
4.785885e-08,-0.000117411
4.795885e-08,-0.000109627
4.805885e-08,-0.000106384
4.815885e-08,-0.000107033
4.825885e-08,-0.000108979
4.835885e-08,-0.000111573
4.845885e-08,-0.000112222
4.855885e-08,-0.000110924
4.865885e-08,-0.00010833
4.875885e-08,-0.000104438
4.885885e-08,-0.000102492
4.895885e-08,-0.000101844
4.905885e-08,-0.000105735
4.915885e-08,-0.000113519
4.925885e-08,-0.000125194
4.935885e-08,-0.000140761
4.945885e-08,-0.000158274
4.955885e-08,-0.000175786
4.965885e-08,-0.000190705
4.975885e-08,-0.000200434
4.985885e-08,-0.000203677
4.995885e-08,-0.000199785
5.005885e-08,-0.000190056
5.015885e-08,-0.000174489
5.025885e-08,-0.000155679
5.035885e-08,-0.000135572
5.045885e-08,-0.000117411
5.055885e-08,-0.000102492
5.065885e-08,-9.34117e-05
5.075885e-08,-8.952e-05
5.085885e-08,-9.08172e-05
5.095885e-08,-9.60062e-05
5.105885e-08,-0.000104438
5.115885e-08,-0.000115465
5.125885e-08,-0.000125843
5.135885e-08,-0.000136221
5.145885e-08,-0.000145301
5.155885e-08,-0.000152436
5.165885e-08,-0.000156328
5.175885e-08,-0.000157625
5.185885e-08,-0.000155031
5.195885e-08,-0.000148544
5.205885e-08,-0.000136869
5.215885e-08,-0.000119356
5.225885e-08,-9.73034e-05
5.235885e-08,-7.071e-05
5.245885e-08,-4.15221e-05
5.255885e-08,-1.16855e-05
5.265885e-08,1.68537e-05
5.275885e-08,4.15013e-05
5.285885e-08,5.96627e-05
5.295885e-08,7.00406e-05
5.305885e-08,6.9392e-05
5.315885e-08,5.90141e-05
5.325885e-08,4.02041e-05
5.335885e-08,1.49079e-05
5.345885e-08,-1.49286e-05
5.355885e-08,-4.6711e-05
5.365885e-08,-7.65476e-05
5.375885e-08,-0.000103141
5.385885e-08,-0.000123897
5.395885e-08,-0.000139464
5.405885e-08,-0.000149193
5.415885e-08,-0.000155679
5.425885e-08,-0.000159571
5.435885e-08,-0.000163463
5.445885e-08,-0.0001693
5.455885e-08,-0.000177732
5.465885e-08,-0.000188759
5.475885e-08,-0.000201731
5.485885e-08,-0.000215352
5.495885e-08,-0.000228325
5.505885e-08,-0.000239351
5.515885e-08,-0.000245837
5.525885e-08,-0.000248432
5.535885e-08,-0.000246486
5.545885e-08,-0.000240648
5.555885e-08,-0.000232865
5.565885e-08,-0.000225082
5.575885e-08,-0.000219244
5.585885e-08,-0.000215352
5.595885e-08,-0.000213406
5.605885e-08,-0.000214055
5.615885e-08,-0.000216001
5.625885e-08,-0.000217298
5.635885e-08,-0.00021665
5.645885e-08,-0.000213406
5.655885e-08,-0.000207569
5.665885e-08,-0.000199137
5.675885e-08,-0.000189407
5.685885e-08,-0.000179678
5.695885e-08,-0.000171895
5.705885e-08,-0.000168652
5.715885e-08,-0.000169949
5.725885e-08,-0.000177084
5.735885e-08,-0.000190056
5.745885e-08,-0.000207569
5.755885e-08,-0.000226379
5.765885e-08,-0.000243892
5.775885e-08,-0.000258161
5.785885e-08,-0.000266593
5.795885e-08,-0.000268539
5.805885e-08,-0.000263999
5.815885e-08,-0.000253621
5.825885e-08,-0.000238703
5.835885e-08,-0.000221838
5.845885e-08,-0.000204326
5.855885e-08,-0.000187462
5.865885e-08,-0.000172543
5.875885e-08,-0.000158274
5.885885e-08,-0.000145301
5.895885e-08,-0.00013168
5.905885e-08,-0.000116762
5.915885e-08,-0.000100547
5.925885e-08,-8.23851e-05
5.935885e-08,-6.22779e-05
5.945885e-08,-4.21707e-05
5.955885e-08,-2.33607e-05
5.965885e-08,-8.44244e-06
5.975885e-08,6.38242e-07
5.985885e-08,3.23272e-06
5.995885e-08,-1.03779e-08
6.005885e-08,-7.1452e-06
6.015885e-08,-1.68745e-05
6.025885e-08,-2.7901e-05
6.035885e-08,-3.76303e-05
6.045885e-08,-4.41165e-05
6.055885e-08,-4.73596e-05
6.065885e-08,-4.6711e-05
6.075885e-08,-4.21707e-05
6.085885e-08,-3.69817e-05
6.095885e-08,-3.309e-05
6.105885e-08,-3.24414e-05
6.115885e-08,-3.76303e-05
6.125885e-08,-4.86569e-05
6.135885e-08,-6.61696e-05
6.145885e-08,-9.01686e-05
6.155885e-08,-0.000118708
6.165885e-08,-0.000149842
6.175885e-08,-0.000180327
6.185885e-08,-0.000207569
6.195885e-08,-0.000229622
6.205885e-08,-0.000247135
6.215885e-08,-0.000259458
6.225885e-08,-0.000268539
6.235885e-08,-0.000274377
6.245885e-08,-0.000278917
6.255885e-08,-0.000282809
6.265885e-08,-0.000287349
6.275885e-08,-0.000291889
6.285885e-08,-0.000295133
6.295885e-08,-0.00029643
6.305885e-08,-0.000292538
6.315885e-08,-0.000282809
6.325885e-08,-0.000266593
6.335885e-08,-0.00024454
6.345885e-08,-0.000218595
6.355885e-08,-0.000192002
6.365885e-08,-0.000166057
6.375885e-08,-0.000145301
6.385885e-08,-0.00013168
6.395885e-08,-0.000125194
6.405885e-08,-0.000127789
6.415885e-08,-0.000136869
6.425885e-08,-0.00015049
6.435885e-08,-0.000166057
6.445885e-08,-0.000180327
6.455885e-08,-0.000192651
6.465885e-08,-0.000201731
6.475885e-08,-0.00020692
6.485885e-08,-0.000209515
6.495885e-08,-0.000210163
6.505885e-08,-0.000210163
6.515885e-08,-0.000210163
6.525885e-08,-0.000212758
6.535885e-08,-0.00021665
6.545885e-08,-0.000222487
6.555885e-08,-0.000227027
6.565885e-08,-0.000230271
6.575885e-08,-0.000229622
6.585885e-08,-0.00022573
6.595885e-08,-0.000217298
6.605885e-08,-0.000205623
6.615885e-08,-0.000193299
6.625885e-08,-0.000180975
6.635885e-08,-0.000171895
6.645885e-08,-0.000167354
6.655885e-08,-0.0001693
6.665885e-08,-0.000176435
6.675885e-08,-0.000187462
6.685885e-08,-0.000199785
6.695885e-08,-0.000210163
6.705885e-08,-0.000216001
6.715885e-08,-0.000214704
6.725885e-08,-0.000204974
6.735885e-08,-0.000186813
6.745885e-08,-0.000160868
6.755885e-08,-0.000130383
6.765885e-08,-9.86006e-05
6.775885e-08,-7.00614e-05
6.785885e-08,-4.80083e-05
6.795885e-08,-3.37386e-05
6.805885e-08,-2.85497e-05
6.815885e-08,-3.11441e-05
6.825885e-08,-4.02248e-05
6.835885e-08,-5.31972e-05
6.845885e-08,-6.87641e-05
6.855885e-08,-8.36824e-05
6.865885e-08,-9.66548e-05
6.875885e-08,-0.000107033
6.885885e-08,-0.000114816
6.895885e-08,-0.000120654
6.905885e-08,-0.000125843
6.915885e-08,-0.000132329
6.925885e-08,-0.000139464
6.935885e-08,-0.000149193
6.945885e-08,-0.00016022
6.955885e-08,-0.000171895
6.965885e-08,-0.000182273
6.975885e-08,-0.000190056
6.985885e-08,-0.000192002
6.995885e-08,-0.00018811
7.005885e-08,-0.000177732
7.015885e-08,-0.000162165
7.025885e-08,-0.000142058
7.035885e-08,-0.000119356
7.045885e-08,-9.66548e-05
7.055885e-08,-7.46017e-05
7.065885e-08,-5.51431e-05
7.075885e-08,-3.89276e-05
7.085885e-08,-2.53066e-05
7.095885e-08,-1.36314e-05
7.105885e-08,-3.25348e-06
7.115885e-08,8.42168e-06
7.125885e-08,2.07455e-05
7.135885e-08,3.43665e-05
7.145885e-08,4.92848e-05
7.155885e-08,6.29058e-05
7.165885e-08,7.52296e-05
7.175885e-08,8.3013e-05
7.185885e-08,8.69047e-05
7.195885e-08,8.56075e-05
7.205885e-08,8.04185e-05
7.215885e-08,7.13378e-05
7.225885e-08,6.09599e-05
7.235885e-08,5.18792e-05
7.245885e-08,4.5393e-05
7.255885e-08,4.27986e-05
7.265885e-08,4.40958e-05
7.275885e-08,4.86361e-05
7.285885e-08,5.38251e-05
7.295885e-08,5.77168e-05
7.305885e-08,5.83654e-05
7.315885e-08,5.38251e-05
7.325885e-08,4.27986e-05
7.335885e-08,2.39886e-05
7.345885e-08,-6.58998e-07
7.355885e-08,-2.98469e-05
7.365885e-08,-6.16293e-05
7.375885e-08,-9.34117e-05
7.385885e-08,-0.0001226
7.395885e-08,-0.000148544
7.405885e-08,-0.000168652
7.415885e-08,-0.000184219
7.425885e-08,-0.000195245
7.435885e-08,-0.000203028
7.445885e-08,-0.000207569
7.455885e-08,-0.000211461
7.465885e-08,-0.000214704
7.475885e-08,-0.000217298
7.485885e-08,-0.000217298
7.495885e-08,-0.000215352
7.505885e-08,-0.000209515
7.515885e-08,-0.000199137
7.525885e-08,-0.00018357
7.535885e-08,-0.000164111
7.545885e-08,-0.00014141
7.555885e-08,-0.000116113
7.565885e-08,-9.08172e-05
7.575885e-08,-6.68183e-05
7.585885e-08,-4.60624e-05
7.595885e-08,-2.91983e-05
7.605885e-08,-1.55773e-05
7.615885e-08,-5.84796e-06
7.625885e-08,6.38242e-07
7.635885e-08,6.47582e-06
7.645885e-08,1.23134e-05
7.655885e-08,1.87996e-05
7.665885e-08,2.59344e-05
7.675885e-08,3.43665e-05
7.685885e-08,4.27986e-05
7.695885e-08,4.92848e-05
7.705885e-08,5.18792e-05
7.715885e-08,4.99334e-05
7.725885e-08,4.21499e-05
