LECROYWaveRunner‘N,20113,Waveform
Segments,1,SegmentSize,2002
Segment,TrigTime,TimeSinceSegment1
#1,28-Sep-2018 13:19:55,0                 
Time,Ampl
-1.2288e-07,5.44737e-05
-1.2278e-07,4.21499e-05
-1.2268e-07,3.43665e-05
-1.2258e-07,2.98261e-05
-1.2248e-07,2.85289e-05
-1.2238e-07,2.85289e-05
-1.2228e-07,2.85289e-05
-1.2218e-07,2.59344e-05
-1.2208e-07,2.20427e-05
-1.2198e-07,1.75024e-05
-1.2188e-07,1.16648e-05
-1.2178e-07,7.77306e-06
-1.2168e-07,6.47582e-06
-1.2158e-07,9.71892e-06
-1.2148e-07,1.87996e-05
-1.2138e-07,3.30692e-05
-1.2128e-07,5.18792e-05
-1.2118e-07,7.32837e-05
-1.2108e-07,9.46882e-05
-1.2098e-07,0.000113498
-1.2088e-07,0.000127768
-1.2078e-07,0.0001362
-1.2068e-07,0.000138794
-1.2058e-07,0.000135551
-1.2048e-07,0.000128416
-1.2038e-07,0.000118687
-1.2028e-07,0.000107012
-1.2018e-07,9.53368e-05
-1.2008e-07,8.43102e-05
-1.1998e-07,7.26351e-05
-1.1988e-07,6.16085e-05
-1.1978e-07,4.92848e-05
-1.1968e-07,3.56637e-05
-1.1958e-07,2.07455e-05
-1.1948e-07,3.88134e-06
-1.1938e-07,-1.36314e-05
-1.1928e-07,-3.04955e-05
-1.1918e-07,-4.54138e-05
-1.1908e-07,-5.7089e-05
-1.1898e-07,-6.42238e-05
-1.1888e-07,-6.61696e-05
-1.1878e-07,-6.35752e-05
-1.1868e-07,-5.83862e-05
-1.1858e-07,-5.06027e-05
-1.1848e-07,-4.21707e-05
-1.1838e-07,-3.50359e-05
-1.1828e-07,-3.11441e-05
-1.1818e-07,-3.11441e-05
-1.1808e-07,-3.43872e-05
-1.1798e-07,-4.15221e-05
-1.1788e-07,-5.12514e-05
-1.1778e-07,-6.16293e-05
-1.1768e-07,-7.20072e-05
-1.1758e-07,-8.04393e-05
-1.1748e-07,-8.75741e-05
-1.1738e-07,-9.27631e-05
-1.1728e-07,-9.60062e-05
-1.1718e-07,-9.7952e-05
-1.1708e-07,-0.000101195
-1.1698e-07,-0.000104438
-1.1688e-07,-0.00010833
-1.1678e-07,-0.000112222
-1.1668e-07,-0.000114816
-1.1658e-07,-0.000116113
-1.1648e-07,-0.000114816
-1.1638e-07,-0.000110924
-1.1628e-07,-0.000103141
-1.1618e-07,-9.01686e-05
-1.1608e-07,-7.39531e-05
-1.1598e-07,-5.44945e-05
-1.1588e-07,-3.43872e-05
-1.1578e-07,-1.428e-05
-1.1568e-07,5.17858e-06
-1.1558e-07,2.13941e-05
-1.1548e-07,3.50151e-05
-1.1538e-07,4.60417e-05
-1.1528e-07,5.44737e-05
-1.1518e-07,6.16085e-05
-1.1508e-07,6.80947e-05
-1.1498e-07,7.39323e-05
-1.1488e-07,8.04185e-05
-1.1478e-07,8.62561e-05
-1.1468e-07,9.01478e-05
-1.1458e-07,9.14451e-05
-1.1448e-07,8.94992e-05
-1.1438e-07,8.36616e-05
-1.1428e-07,7.45809e-05
-1.1418e-07,6.22572e-05
-1.1408e-07,4.79875e-05
-1.1398e-07,3.30692e-05
-1.1388e-07,1.94482e-05
-1.1378e-07,9.0703e-06
-1.1368e-07,4.52996e-06
-1.1358e-07,5.17858e-06
-1.1348e-07,1.03675e-05
-1.1338e-07,1.94482e-05
-1.1328e-07,2.98261e-05
-1.1318e-07,3.89068e-05
-1.1308e-07,4.47444e-05
-1.1298e-07,4.60417e-05
-1.1288e-07,4.08527e-05
-1.1278e-07,3.04748e-05
-1.1268e-07,1.55565e-05
-1.1258e-07,-3.25348e-06
-1.1248e-07,-2.27121e-05
-1.1238e-07,-4.02248e-05
-1.1228e-07,-5.38459e-05
-1.1218e-07,-6.29265e-05
-1.1208e-07,-6.74669e-05
-1.1198e-07,-6.68183e-05
-1.1188e-07,-6.35752e-05
-1.1178e-07,-5.83862e-05
-1.1168e-07,-5.25486e-05
-1.1158e-07,-4.73596e-05
-1.1148e-07,-4.34679e-05
-1.1138e-07,-4.02248e-05
-1.1128e-07,-3.63331e-05
-1.1118e-07,-3.11441e-05
-1.1108e-07,-2.40093e-05
-1.1098e-07,-1.428e-05
-1.1088e-07,-2.60486e-06
-1.1078e-07,9.71892e-06
-1.1068e-07,2.13941e-05
-1.1058e-07,3.04748e-05
-1.1048e-07,3.63124e-05
-1.1038e-07,3.63124e-05
-1.1028e-07,2.98261e-05
-1.1018e-07,1.8151e-05
-1.1008e-07,2.5841e-06
-1.0998e-07,-1.55773e-05
-1.0988e-07,-3.24414e-05
-1.0978e-07,-4.60624e-05
-1.0968e-07,-5.44945e-05
-1.0958e-07,-5.57917e-05
-1.0948e-07,-4.99541e-05
-1.0938e-07,-3.76303e-05
-1.0928e-07,-1.9469e-05
-1.0918e-07,2.5841e-06
-1.0908e-07,2.59344e-05
-1.0898e-07,4.79875e-05
-1.0888e-07,6.80947e-05
-1.0878e-07,8.49589e-05
-1.0868e-07,9.85799e-05
-1.0858e-07,0.000109606
-1.0848e-07,0.00011739
-1.0838e-07,0.000123876
-1.0828e-07,0.000129065
-1.0818e-07,0.000134254
-1.0808e-07,0.000138794
-1.0798e-07,0.000142686
-1.0788e-07,0.000145281
-1.0778e-07,0.000144632
-1.0768e-07,0.00014074
-1.0758e-07,0.000133605
-1.0748e-07,0.000125173
-1.0738e-07,0.000114795
-1.0728e-07,0.000104417
-1.0718e-07,9.6634e-05
-1.0708e-07,9.14451e-05
-1.0698e-07,9.01478e-05
-1.0688e-07,9.27423e-05
-1.0678e-07,9.79313e-05
-1.0668e-07,0.000103769
-1.0658e-07,0.000109606
-1.0648e-07,0.00011285
-1.0638e-07,0.000111552
-1.0628e-07,0.000104417
-1.0618e-07,9.07964e-05
-1.0608e-07,7.13378e-05
-1.0598e-07,4.60417e-05
-1.0588e-07,1.75024e-05
-1.0578e-07,-1.23342e-05
-1.0568e-07,-4.08734e-05
-1.0558e-07,-6.5521e-05
-1.0548e-07,-8.56282e-05
-1.0538e-07,-9.92493e-05
-1.0528e-07,-0.000106384
-1.0518e-07,-0.000106384
-1.0508e-07,-0.000100547
-1.0498e-07,-8.952e-05
-1.0488e-07,-7.39531e-05
-1.0478e-07,-5.51431e-05
-1.0468e-07,-3.37386e-05
-1.0458e-07,-1.16855e-05
-1.0448e-07,1.10162e-05
-1.0438e-07,3.30692e-05
-1.0428e-07,5.38251e-05
-1.0418e-07,7.19865e-05
-1.0408e-07,8.69047e-05
-1.0398e-07,9.6634e-05
-1.0388e-07,0.000101174
-1.0378e-07,0.000100526
-1.0368e-07,9.46882e-05
-1.0358e-07,8.49589e-05
-1.0348e-07,7.32837e-05
-1.0338e-07,6.09599e-05
-1.0328e-07,4.92848e-05
-1.0318e-07,4.08527e-05
-1.0308e-07,3.56637e-05
-1.0298e-07,3.56637e-05
-1.0288e-07,4.02041e-05
-1.0278e-07,4.86361e-05
-1.0268e-07,5.90141e-05
-1.0258e-07,7.06892e-05
-1.0248e-07,8.17158e-05
-1.0238e-07,9.01478e-05
-1.0228e-07,9.40395e-05
-1.0218e-07,9.40395e-05
-1.0208e-07,8.94992e-05
-1.0198e-07,8.10671e-05
-1.0188e-07,6.9392e-05
-1.0178e-07,5.70682e-05
-1.0168e-07,4.34472e-05
-1.0158e-07,3.04748e-05
-1.0148e-07,1.87996e-05
-1.0138e-07,8.42168e-06
-1.0128e-07,-1.03779e-08
-1.0118e-07,-6.49658e-06
-1.0108e-07,-1.03883e-05
-1.0098e-07,-1.36314e-05
-1.0088e-07,-1.62259e-05
-1.0078e-07,-1.81717e-05
-1.0068e-07,-2.07662e-05
-1.0058e-07,-2.33607e-05
-1.0048e-07,-2.59552e-05
-1.0038e-07,-2.85497e-05
-1.0028e-07,-3.17928e-05
-1.0018e-07,-3.50359e-05
-1.0008e-07,-3.95762e-05
-9.998004e-08,-4.47652e-05
-9.988004e-08,-5.06027e-05
-9.978004e-08,-5.7089e-05
-9.968004e-08,-6.42238e-05
-9.958004e-08,-7.13586e-05
-9.948004e-08,-7.71962e-05
-9.938004e-08,-8.10879e-05
-9.928004e-08,-8.10879e-05
-9.918004e-08,-7.78448e-05
-9.908004e-08,-6.94127e-05
-9.898004e-08,-5.77376e-05
-9.888004e-08,-4.08734e-05
-9.878004e-08,-2.14148e-05
-9.868004e-08,6.38242e-07
-9.858004e-08,2.39886e-05
-9.848004e-08,4.66903e-05
-9.838004e-08,6.87434e-05
-9.828004e-08,8.94992e-05
-9.818004e-08,0.000108958
-9.808004e-08,0.000126471
-9.798004e-08,0.000143983
-9.788004e-08,0.000161496
-9.778004e-08,0.000179009
-9.768004e-08,0.000195873
-9.758004e-08,0.000212088
-9.748004e-08,0.000225061
-9.738004e-08,0.000234141
-9.728004e-08,0.000238682
-9.718004e-08,0.000236736
-9.708004e-08,0.000227655
-9.698004e-08,0.000212088
-9.688004e-08,0.000190035
-9.678004e-08,0.000164091
-9.668004e-08,0.000134903
-9.658004e-08,0.000105715
-9.648004e-08,7.71754e-05
-9.638004e-08,5.18792e-05
-9.628004e-08,2.98261e-05
-9.618004e-08,1.16648e-05
-9.608004e-08,-3.25348e-06
-9.598004e-08,-1.49286e-05
-9.588004e-08,-2.46579e-05
-9.578004e-08,-3.37386e-05
-9.568004e-08,-4.21707e-05
-9.558004e-08,-5.06027e-05
-9.548004e-08,-5.7089e-05
-9.538004e-08,-6.22779e-05
-9.528004e-08,-6.48724e-05
-9.518004e-08,-6.48724e-05
-9.508004e-08,-6.16293e-05
-9.498004e-08,-5.57917e-05
-9.488004e-08,-4.6711e-05
-9.478004e-08,-3.56845e-05
-9.468004e-08,-2.33607e-05
-9.458004e-08,-1.10369e-05
-9.448004e-08,1.28686e-06
-9.438004e-08,1.23134e-05
-9.428004e-08,2.20427e-05
-9.418004e-08,3.1772e-05
-9.408004e-08,4.15013e-05
-9.398004e-08,5.12306e-05
-9.388004e-08,6.16085e-05
-9.378004e-08,7.32837e-05
-9.368004e-08,8.56075e-05
-9.358004e-08,9.85799e-05
-9.348004e-08,0.000109606
-9.338004e-08,0.000118687
-9.328004e-08,0.000123876
-9.318004e-08,0.000123876
-9.308004e-08,0.000118687
-9.298004e-08,0.000107661
-9.288004e-08,9.27423e-05
-9.278004e-08,7.45809e-05
-9.268004e-08,5.51223e-05
-9.258004e-08,3.56637e-05
-9.248004e-08,1.94482e-05
-9.238004e-08,6.47582e-06
-9.228004e-08,-1.30762e-06
-9.218004e-08,-4.55072e-06
-9.208004e-08,-2.60486e-06
-9.198004e-08,3.23272e-06
-9.188004e-08,1.23134e-05
-9.178004e-08,2.39886e-05
-9.168004e-08,3.50151e-05
-9.158004e-08,4.60417e-05
-9.148004e-08,5.51223e-05
-9.138004e-08,6.09599e-05
-9.128004e-08,6.4203e-05
-9.118004e-08,6.4203e-05
-9.108004e-08,6.16085e-05
-9.098004e-08,5.51223e-05
-9.088004e-08,4.60417e-05
-9.078004e-08,3.50151e-05
-9.068004e-08,2.13941e-05
-9.058004e-08,7.12444e-06
-9.048004e-08,-7.79382e-06
-9.038004e-08,-2.27121e-05
-9.028004e-08,-3.69817e-05
-9.018004e-08,-4.99541e-05
-9.008004e-08,-6.22779e-05
-8.998004e-08,-7.13586e-05
-8.988004e-08,-7.71962e-05
-8.978004e-08,-7.97907e-05
-8.968004e-08,-7.84934e-05
-8.958004e-08,-7.39531e-05
-8.948004e-08,-6.68183e-05
-8.938004e-08,-5.77376e-05
-8.928004e-08,-4.6711e-05
-8.918004e-08,-3.56845e-05
-8.908004e-08,-2.46579e-05
-8.898004e-08,-1.428e-05
-8.888004e-08,-5.19934e-06
-8.878004e-08,3.23272e-06
-8.868004e-08,9.0703e-06
-8.858004e-08,1.36106e-05
-8.848004e-08,1.49079e-05
-8.838004e-08,1.23134e-05
-8.828004e-08,6.47582e-06
-8.818004e-08,-3.25348e-06
-8.808004e-08,-1.68745e-05
-8.798004e-08,-3.309e-05
-8.788004e-08,-5.06027e-05
-8.778004e-08,-6.68183e-05
-8.768004e-08,-8.04393e-05
-8.758004e-08,-8.88713e-05
-8.748004e-08,-9.14658e-05
-8.738004e-08,-8.56282e-05
-8.728004e-08,-7.26558e-05
-8.718004e-08,-5.25486e-05
-8.708004e-08,-2.66038e-05
-8.698004e-08,3.88134e-06
-8.688004e-08,3.6961e-05
-8.678004e-08,7.13378e-05
-8.668004e-08,0.000103769
-8.658004e-08,0.000133605
-8.648004e-08,0.000161496
-8.638004e-08,0.000184846
-8.628004e-08,0.000204954
-8.618004e-08,0.000221169
-8.608004e-08,0.000234141
-8.598004e-08,0.000243871
-8.588004e-08,0.000250357
-8.578004e-08,0.0002536
-8.568004e-08,0.000252951
-8.558004e-08,0.000247114
-8.548004e-08,0.000236087
-8.538004e-08,0.000219872
-8.528004e-08,0.000199765
-8.518004e-08,0.000176414
-8.508004e-08,0.000151118
-8.498004e-08,0.000126471
-8.488004e-08,0.000103769
-8.478004e-08,8.56075e-05
-8.468004e-08,7.26351e-05
-8.458004e-08,6.61489e-05
-8.448004e-08,6.61489e-05
-8.438004e-08,7.32837e-05
-8.428004e-08,8.43102e-05
-8.418004e-08,9.98771e-05
-8.408004e-08,0.000116741
-8.398004e-08,0.000134903
-8.388004e-08,0.000151118
-8.378004e-08,0.000166036
-8.368004e-08,0.000179009
-8.358004e-08,0.000190035
-8.348004e-08,0.000199116
-8.338004e-08,0.000206899
-8.328004e-08,0.000212737
-8.318004e-08,0.000217277
-8.308004e-08,0.000218575
-8.298004e-08,0.000217277
-8.288004e-08,0.000212737
-8.278004e-08,0.000203656
-8.268004e-08,0.000190684
-8.258004e-08,0.00017382
-8.248004e-08,0.000153713
-8.238004e-08,0.000131011
-8.228004e-08,0.000107661
-8.218004e-08,8.62561e-05
-8.208004e-08,6.80947e-05
-8.198004e-08,5.44737e-05
-8.188004e-08,4.66903e-05
-8.178004e-08,4.60417e-05
-8.168004e-08,5.18792e-05
-8.158004e-08,6.22572e-05
-8.148004e-08,7.52296e-05
-8.138004e-08,8.94992e-05
-8.128004e-08,0.000101823
-8.118004e-08,0.000112201
-8.108004e-08,0.00011739
-8.098004e-08,0.000118038
-8.088004e-08,0.000114147
-8.078004e-08,0.000106363
-8.068004e-08,9.59854e-05
-8.058004e-08,8.43102e-05
-8.048004e-08,7.26351e-05
-8.038004e-08,6.16085e-05
-8.028004e-08,5.18792e-05
-8.018004e-08,4.40958e-05
-8.008004e-08,3.76096e-05
-7.998004e-08,3.30692e-05
-7.988004e-08,2.91775e-05
-7.978004e-08,2.78803e-05
-7.968004e-08,2.85289e-05
-7.958004e-08,3.11234e-05
-7.948004e-08,3.63124e-05
-7.938004e-08,4.34472e-05
-7.928004e-08,5.38251e-05
-7.918004e-08,6.61489e-05
-7.908004e-08,7.7824e-05
-7.898004e-08,8.8202e-05
-7.888004e-08,9.6634e-05
-7.878004e-08,0.000101823
-7.868004e-08,0.000102472
-7.858004e-08,9.98771e-05
-7.848004e-08,9.33909e-05
-7.838004e-08,8.56075e-05
-7.828004e-08,7.58782e-05
-7.818004e-08,6.74461e-05
-7.808004e-08,6.03113e-05
-7.798004e-08,5.5771e-05
-7.788004e-08,5.44737e-05
-7.778004e-08,5.70682e-05
-7.768004e-08,6.22572e-05
-7.758004e-08,6.87434e-05
-7.748004e-08,7.58782e-05
-7.738004e-08,8.17158e-05
-7.728004e-08,8.69047e-05
-7.718004e-08,9.01478e-05
-7.708004e-08,9.01478e-05
-7.698004e-08,8.8202e-05
-7.688004e-08,8.49589e-05
-7.678004e-08,8.10671e-05
-7.668004e-08,7.84727e-05
-7.658004e-08,7.58782e-05
-7.648004e-08,7.45809e-05
-7.638004e-08,7.45809e-05
-7.628004e-08,7.39323e-05
-7.618004e-08,7.19865e-05
-7.608004e-08,6.67975e-05
-7.598004e-08,5.83654e-05
-7.588004e-08,4.60417e-05
-7.578004e-08,2.91775e-05
-7.568004e-08,9.0703e-06
-7.558004e-08,-1.23342e-05
-7.548004e-08,-3.37386e-05
-7.538004e-08,-5.31972e-05
-7.528004e-08,-6.81155e-05
-7.518004e-08,-7.78448e-05
-7.508004e-08,-8.30338e-05
-7.498004e-08,-8.17365e-05
-7.488004e-08,-7.52503e-05
-7.478004e-08,-6.42238e-05
-7.468004e-08,-5.19e-05
-7.458004e-08,-3.8279e-05
-7.448004e-08,-2.53066e-05
-7.438004e-08,-1.36314e-05
-7.428004e-08,-5.19934e-06
-7.418004e-08,1.93548e-06
-7.408004e-08,6.47582e-06
-7.398004e-08,9.71892e-06
-7.388004e-08,1.10162e-05
-7.378004e-08,1.10162e-05
-7.368004e-08,1.03675e-05
-7.358004e-08,8.42168e-06
-7.348004e-08,3.23272e-06
-7.338004e-08,-4.55072e-06
-7.328004e-08,-1.49286e-05
-7.318004e-08,-2.72524e-05
-7.308004e-08,-4.21707e-05
-7.298004e-08,-5.77376e-05
-7.288004e-08,-7.20072e-05
-7.278004e-08,-8.30338e-05
-7.268004e-08,-9.08172e-05
-7.258004e-08,-9.34117e-05
-7.248004e-08,-8.952e-05
-7.238004e-08,-8.17365e-05
-7.228004e-08,-7.00614e-05
-7.218004e-08,-5.7089e-05
-7.208004e-08,-4.47652e-05
-7.198004e-08,-3.56845e-05
-7.188004e-08,-2.98469e-05
-7.178004e-08,-2.91983e-05
-7.168004e-08,-3.17928e-05
-7.158004e-08,-3.76303e-05
-7.148004e-08,-4.41165e-05
-7.138004e-08,-4.93055e-05
-7.128004e-08,-5.19e-05
-7.118004e-08,-5.12514e-05
-7.108004e-08,-4.80083e-05
-7.098004e-08,-4.15221e-05
-7.088004e-08,-3.37386e-05
-7.078004e-08,-2.53066e-05
-7.068004e-08,-1.81717e-05
-7.058004e-08,-1.428e-05
-7.048004e-08,-1.36314e-05
-7.038004e-08,-1.75231e-05
-7.028004e-08,-2.40093e-05
-7.018004e-08,-3.24414e-05
-7.008004e-08,-4.02248e-05
-6.998004e-08,-4.60624e-05
-6.988004e-08,-4.86569e-05
-6.978004e-08,-4.86569e-05
-6.968004e-08,-4.54138e-05
-6.958004e-08,-4.02248e-05
-6.948004e-08,-3.50359e-05
-6.938004e-08,-3.17928e-05
-6.928004e-08,-3.17928e-05
-6.918004e-08,-3.56845e-05
-6.908004e-08,-4.47652e-05
-6.898004e-08,-5.77376e-05
-6.888004e-08,-7.39531e-05
-6.878004e-08,-9.08172e-05
-6.868004e-08,-0.000107681
-6.858004e-08,-0.000123248
-6.848004e-08,-0.000134275
-6.838004e-08,-0.000140112
-6.828004e-08,-0.000142058
-6.818004e-08,-0.000139464
-6.808004e-08,-0.000133626
-6.798004e-08,-0.000125194
-6.788004e-08,-0.000116113
-6.778004e-08,-0.000106384
-6.768004e-08,-9.66548e-05
-6.758004e-08,-8.56282e-05
-6.748004e-08,-7.39531e-05
-6.738004e-08,-6.09807e-05
-6.728004e-08,-4.60624e-05
-6.718004e-08,-3.04955e-05
-6.708004e-08,-1.428e-05
-6.698004e-08,2.5841e-06
-6.688004e-08,1.8151e-05
-6.678004e-08,3.24206e-05
-6.668004e-08,4.27986e-05
-6.658004e-08,4.92848e-05
-6.648004e-08,5.25279e-05
-6.638004e-08,5.38251e-05
-6.628004e-08,5.38251e-05
-6.618004e-08,5.38251e-05
-6.608004e-08,5.5771e-05
-6.598004e-08,6.03113e-05
-6.588004e-08,6.80947e-05
-6.578004e-08,7.7824e-05
-6.568004e-08,8.88506e-05
-6.558004e-08,9.92285e-05
-6.548004e-08,0.000105715
-6.538004e-08,0.000107012
-6.528004e-08,0.000101823
-6.518004e-08,9.07964e-05
-6.508004e-08,7.45809e-05
-6.498004e-08,5.5771e-05
-6.488004e-08,3.76096e-05
-6.478004e-08,2.20427e-05
-6.468004e-08,1.03675e-05
-6.458004e-08,5.8272e-06
-6.448004e-08,7.77306e-06
-6.438004e-08,1.68537e-05
-6.428004e-08,2.85289e-05
-6.418004e-08,4.15013e-05
-6.408004e-08,5.25279e-05
-6.398004e-08,5.96627e-05
-6.388004e-08,6.16085e-05
-6.378004e-08,5.90141e-05
-6.368004e-08,5.12306e-05
-6.358004e-08,4.08527e-05
-6.348004e-08,3.04748e-05
-6.338004e-08,2.20427e-05
-6.328004e-08,1.87996e-05
-6.318004e-08,2.13941e-05
-6.308004e-08,2.98261e-05
-6.298004e-08,4.27986e-05
-6.288004e-08,5.96627e-05
-6.278004e-08,7.84727e-05
-6.268004e-08,9.59854e-05
-6.258004e-08,0.000110904
-6.248004e-08,0.00012193
-6.238004e-08,0.000128416
-6.228004e-08,0.000130362
-6.218004e-08,0.000129065
-6.208004e-08,0.000126471
-6.198004e-08,0.00012193
-6.188004e-08,0.000116741
-6.178004e-08,0.000111552
-6.168004e-08,0.000105066
-6.158004e-08,9.79313e-05
-6.148004e-08,8.88506e-05
-6.138004e-08,7.7824e-05
-6.128004e-08,6.55003e-05
-6.118004e-08,5.18792e-05
-6.108004e-08,3.76096e-05
-6.098004e-08,2.46372e-05
-6.088004e-08,1.62051e-05
-6.078004e-08,1.36106e-05
-6.068004e-08,1.68537e-05
-6.058004e-08,2.78803e-05
-6.048004e-08,4.40958e-05
-6.038004e-08,6.55003e-05
-6.028004e-08,8.75533e-05
-6.018004e-08,0.000108309
-6.008004e-08,0.000125173
-5.998004e-08,0.000136848
-5.988004e-08,0.000142037
-5.978004e-08,0.00014074
-5.968004e-08,0.000134254
-5.958004e-08,0.000124525
-5.948004e-08,0.000114147
-5.938004e-08,0.000105715
-5.928004e-08,0.000100526
-5.918004e-08,0.000101174
-5.908004e-08,0.000105715
-5.898004e-08,0.000114795
-5.888004e-08,0.000125173
-5.878004e-08,0.000135551
-5.868004e-08,0.000142037
-5.858004e-08,0.000142037
-5.848004e-08,0.000134903
-5.838004e-08,0.000119984
-5.828004e-08,9.79313e-05
-5.818004e-08,6.9392e-05
-5.808004e-08,3.82582e-05
-5.798004e-08,5.8272e-06
-5.788004e-08,-2.46579e-05
-5.778004e-08,-5.06027e-05
-5.768004e-08,-7.071e-05
-5.758004e-08,-8.36824e-05
-5.748004e-08,-9.01686e-05
-5.738004e-08,-9.14658e-05
-5.728004e-08,-8.88713e-05
-5.718004e-08,-8.30338e-05
-5.708004e-08,-7.46017e-05
-5.698004e-08,-6.35752e-05
-5.688004e-08,-5.12514e-05
-5.678004e-08,-3.69817e-05
-5.668004e-08,-2.14148e-05
-5.658004e-08,-5.84796e-06
-5.648004e-08,1.03675e-05
-5.638004e-08,2.46372e-05
-5.628004e-08,3.6961e-05
-5.618004e-08,4.47444e-05
-5.608004e-08,4.73389e-05
-5.598004e-08,4.34472e-05
-5.588004e-08,3.24206e-05
-5.578004e-08,1.62051e-05
-5.568004e-08,-5.19934e-06
-5.558004e-08,-2.91983e-05
-5.548004e-08,-5.51431e-05
-5.538004e-08,-8.17365e-05
-5.528004e-08,-0.000105735
-5.518004e-08,-0.000127789
-5.508004e-08,-0.00014595
-5.498004e-08,-0.000160868
-5.488004e-08,-0.000171895
-5.478004e-08,-0.000180327
-5.468004e-08,-0.000184219
-5.458004e-08,-0.000184219
-5.448004e-08,-0.00017903
-5.438004e-08,-0.000167354
-5.428004e-08,-0.00015049
-5.418004e-08,-0.00012714
-5.408004e-08,-9.7952e-05
-5.398004e-08,-6.35752e-05
-5.388004e-08,-2.72524e-05
-5.378004e-08,1.03675e-05
-5.368004e-08,4.5393e-05
-5.358004e-08,7.52296e-05
-5.348004e-08,9.72826e-05
-5.338004e-08,0.000110904
-5.328004e-08,0.000114795
-5.318004e-08,0.000110255
-5.308004e-08,9.98771e-05
-5.298004e-08,8.49589e-05
-5.288004e-08,6.9392e-05
-5.278004e-08,5.64196e-05
-5.268004e-08,4.66903e-05
-5.258004e-08,4.27986e-05
-5.248004e-08,4.34472e-05
-5.238004e-08,4.86361e-05
-5.228004e-08,5.51223e-05
-5.218004e-08,6.22572e-05
-5.208004e-08,6.74461e-05
-5.198004e-08,6.80947e-05
-5.188004e-08,6.29058e-05
-5.178004e-08,5.12306e-05
-5.168004e-08,3.56637e-05
-5.158004e-08,1.68537e-05
-5.148004e-08,-2.60486e-06
-5.138004e-08,-2.01176e-05
-5.128004e-08,-3.43872e-05
-5.118004e-08,-4.28193e-05
-5.108004e-08,-4.60624e-05
-5.098004e-08,-4.28193e-05
-5.088004e-08,-3.56845e-05
-5.078004e-08,-2.53066e-05
-5.068004e-08,-1.55773e-05
-5.058004e-08,-6.49658e-06
-5.048004e-08,-1.03779e-08
-5.038004e-08,3.23272e-06
-5.028004e-08,3.23272e-06
-5.018004e-08,-6.58998e-07
-5.008004e-08,-7.1452e-06
-4.998004e-08,-1.55773e-05
-4.988004e-08,-2.53066e-05
-4.978004e-08,-3.50359e-05
-4.968004e-08,-4.54138e-05
-4.958004e-08,-5.7089e-05
-4.948004e-08,-7.071e-05
-4.938004e-08,-8.62769e-05
-4.928004e-08,-0.00010379
-4.918004e-08,-0.0001226
-4.908004e-08,-0.000142058
-4.898004e-08,-0.00016022
-4.888004e-08,-0.000173841
-4.878004e-08,-0.000181624
-4.868004e-08,-0.000180975
-4.858004e-08,-0.000169949
-4.848004e-08,-0.000149842
-4.838004e-08,-0.000120005
-4.828004e-08,-8.36824e-05
-4.818004e-08,-4.28193e-05
-4.808004e-08,-1.95624e-06
-4.798004e-08,3.63124e-05
-4.788004e-08,6.80947e-05
-4.778004e-08,9.20937e-05
-4.768004e-08,0.000107012
-4.758004e-08,0.000112201
-4.748004e-08,0.000108309
-4.738004e-08,9.85799e-05
-4.728004e-08,8.43102e-05
-4.718004e-08,6.74461e-05
-4.708004e-08,4.92848e-05
-4.698004e-08,3.04748e-05
-4.688004e-08,1.2962e-05
-4.678004e-08,-3.9021e-06
-4.668004e-08,-2.01176e-05
-4.658004e-08,-3.56845e-05
-4.648004e-08,-5.06027e-05
-4.638004e-08,-6.35752e-05
-4.628004e-08,-7.46017e-05
-4.618004e-08,-8.10879e-05
-4.608004e-08,-8.30338e-05
-4.598004e-08,-7.97907e-05
-4.588004e-08,-7.20072e-05
-4.578004e-08,-5.96834e-05
-4.568004e-08,-4.34679e-05
-4.558004e-08,-2.59552e-05
-4.548004e-08,-9.09106e-06
-4.538004e-08,4.52996e-06
-4.528004e-08,1.49079e-05
-4.518004e-08,2.00968e-05
-4.508004e-08,1.87996e-05
-4.498004e-08,1.36106e-05
-4.488004e-08,4.52996e-06
-4.478004e-08,-5.19934e-06
-4.468004e-08,-1.428e-05
-4.458004e-08,-2.07662e-05
-4.448004e-08,-2.40093e-05
-4.438004e-08,-2.33607e-05
-4.428004e-08,-2.01176e-05
-4.418004e-08,-1.49286e-05
-4.408004e-08,-9.09106e-06
-4.398004e-08,-5.19934e-06
-4.388004e-08,-2.60486e-06
-4.378004e-08,-2.60486e-06
-4.368004e-08,-3.25348e-06
-4.358004e-08,-5.19934e-06
-4.348004e-08,-5.84796e-06
-4.338004e-08,-5.19934e-06
-4.328004e-08,-6.58998e-07
-4.318004e-08,7.12444e-06
-4.308004e-08,1.8151e-05
-4.298004e-08,3.11234e-05
-4.288004e-08,4.5393e-05
-4.278004e-08,5.77168e-05
-4.268004e-08,6.55003e-05
-4.258004e-08,6.80947e-05
-4.248004e-08,6.4203e-05
-4.238004e-08,5.38251e-05
-4.228004e-08,3.89068e-05
-4.218004e-08,2.13941e-05
-4.208004e-08,3.88134e-06
-4.198004e-08,-1.23342e-05
-4.188004e-08,-2.53066e-05
-4.178004e-08,-3.43872e-05
-4.168004e-08,-4.02248e-05
-4.158004e-08,-4.28193e-05
-4.148004e-08,-4.41165e-05
-4.138004e-08,-4.54138e-05
-4.128004e-08,-4.73596e-05
-4.118004e-08,-5.19e-05
-4.108004e-08,-5.83862e-05
-4.098004e-08,-6.5521e-05
-4.088004e-08,-7.20072e-05
-4.078004e-08,-7.65476e-05
-4.068004e-08,-7.71962e-05
-4.058004e-08,-7.13586e-05
-4.048004e-08,-5.77376e-05
-4.038004e-08,-3.76303e-05
-4.028004e-08,-1.36314e-05
-4.018004e-08,1.36106e-05
-4.008004e-08,4.08527e-05
-3.998004e-08,6.55003e-05
-3.988004e-08,8.62561e-05
-3.978004e-08,0.000101823
-3.968004e-08,0.000110904
-3.958004e-08,0.000114795
-3.948004e-08,0.000113498
-3.938004e-08,0.000107661
-3.928004e-08,9.85799e-05
-3.918004e-08,8.69047e-05
-3.908004e-08,7.26351e-05
-3.898004e-08,5.64196e-05
-3.888004e-08,3.89068e-05
-3.878004e-08,1.87996e-05
-3.868004e-08,-4.55072e-06
-3.858004e-08,-2.98469e-05
-3.848004e-08,-5.57917e-05
-3.838004e-08,-8.10879e-05
-3.828004e-08,-0.000105087
-3.818004e-08,-0.000123897
-3.808004e-08,-0.000136221
-3.798004e-08,-0.00014141
-3.788004e-08,-0.000138815
-3.778004e-08,-0.000129086
-3.768004e-08,-0.000113519
-3.758004e-08,-9.34117e-05
-3.748004e-08,-7.20072e-05
-3.738004e-08,-5.12514e-05
-3.728004e-08,-3.43872e-05
-3.718004e-08,-2.33607e-05
-3.708004e-08,-1.9469e-05
-3.698004e-08,-2.20635e-05
-3.688004e-08,-3.04955e-05
-3.678004e-08,-4.34679e-05
-3.668004e-08,-5.90348e-05
-3.658004e-08,-7.52503e-05
-3.648004e-08,-9.01686e-05
-3.638004e-08,-0.000103141
-3.628004e-08,-0.000113519
-3.618004e-08,-0.000120654
-3.608004e-08,-0.000124545
-3.598004e-08,-0.000126491
-3.588004e-08,-0.000126491
-3.578004e-08,-0.000125843
-3.568004e-08,-0.000125194
-3.558004e-08,-0.000124545
-3.548004e-08,-0.000124545
-3.538004e-08,-0.000124545
-3.528004e-08,-0.000123897
-3.518004e-08,-0.000123897
-3.508004e-08,-0.000123897
-3.498004e-08,-0.000123897
-3.488004e-08,-0.000124545
-3.478004e-08,-0.000125843
-3.468004e-08,-0.000128437
-3.458004e-08,-0.000132978
-3.448004e-08,-0.000137518
-3.438004e-08,-0.000142058
-3.428004e-08,-0.000145301
-3.418004e-08,-0.00014595
-3.408004e-08,-0.000142707
-3.398004e-08,-0.000136221
-3.388004e-08,-0.000125843
-3.378004e-08,-0.000110276
-3.368004e-08,-9.21144e-05
-3.358004e-08,-7.13586e-05
-3.348004e-08,-5.06027e-05
-3.338004e-08,-3.11441e-05
-3.328004e-08,-1.49286e-05
-3.318004e-08,-3.25348e-06
-3.308004e-08,4.52996e-06
-3.298004e-08,9.0703e-06
-3.288004e-08,1.10162e-05
-3.278004e-08,1.2962e-05
-3.268004e-08,1.42593e-05
-3.258004e-08,1.75024e-05
-3.248004e-08,2.26913e-05
-3.238004e-08,3.11234e-05
-3.228004e-08,4.08527e-05
-3.218004e-08,5.18792e-05
-3.208004e-08,6.29058e-05
-3.198004e-08,7.32837e-05
-3.188004e-08,8.17158e-05
-3.178004e-08,8.69047e-05
-3.168004e-08,8.88506e-05
-3.158004e-08,8.69047e-05
-3.148004e-08,8.23644e-05
-3.138004e-08,7.45809e-05
-3.128004e-08,6.48516e-05
-3.118004e-08,5.44737e-05
-3.108004e-08,4.21499e-05
-3.098004e-08,2.91775e-05
-3.088004e-08,1.49079e-05
-3.078004e-08,-1.30762e-06
-3.068004e-08,-1.81717e-05
-3.058004e-08,-3.63331e-05
-3.048004e-08,-5.44945e-05
-3.038004e-08,-7.26558e-05
-3.028004e-08,-8.88713e-05
-3.018004e-08,-0.000102492
-3.008004e-08,-0.000112222
-2.998004e-08,-0.000117411
-2.988004e-08,-0.000117411
-2.978004e-08,-0.000111573
-2.968004e-08,-0.000100547
-2.958004e-08,-8.56282e-05
-2.948004e-08,-6.87641e-05
-2.938004e-08,-4.99541e-05
-2.928004e-08,-3.17928e-05
-2.918004e-08,-1.49286e-05
-2.908004e-08,-6.58998e-07
-2.898004e-08,1.10162e-05
-2.888004e-08,1.94482e-05
-2.878004e-08,2.46372e-05
-2.868004e-08,2.85289e-05
-2.858004e-08,3.11234e-05
-2.848004e-08,3.37179e-05
-2.838004e-08,3.76096e-05
-2.828004e-08,4.27986e-05
-2.818004e-08,4.92848e-05
-2.808004e-08,5.64196e-05
-2.798004e-08,6.35544e-05
-2.788004e-08,6.80947e-05
-2.778004e-08,7.00406e-05
-2.768004e-08,6.87434e-05
-2.758004e-08,6.29058e-05
-2.748004e-08,5.25279e-05
-2.738004e-08,3.95555e-05
-2.728004e-08,2.26913e-05
-2.718004e-08,5.8272e-06
-2.708004e-08,-1.10369e-05
-2.698004e-08,-2.59552e-05
-2.688004e-08,-3.69817e-05
-2.678004e-08,-4.47652e-05
-2.668004e-08,-4.80083e-05
-2.658004e-08,-4.86569e-05
-2.648004e-08,-4.60624e-05
-2.638004e-08,-4.15221e-05
-2.628004e-08,-3.56845e-05
-2.618004e-08,-2.98469e-05
-2.608004e-08,-2.40093e-05
-2.598004e-08,-1.88204e-05
-2.588004e-08,-1.49286e-05
-2.578004e-08,-1.23342e-05
-2.568004e-08,-9.73968e-06
-2.558004e-08,-9.73968e-06
-2.548004e-08,-1.03883e-05
-2.538004e-08,-1.29828e-05
-2.528004e-08,-1.55773e-05
-2.518004e-08,-1.9469e-05
-2.508004e-08,-2.53066e-05
-2.498004e-08,-3.11441e-05
-2.488004e-08,-3.76303e-05
-2.478004e-08,-4.34679e-05
-2.468004e-08,-4.80083e-05
-2.458004e-08,-4.99541e-05
-2.448004e-08,-4.93055e-05
-2.438004e-08,-4.54138e-05
-2.428004e-08,-3.89276e-05
-2.418004e-08,-3.17928e-05
-2.408004e-08,-2.27121e-05
-2.398004e-08,-1.428e-05
-2.388004e-08,-6.49658e-06
-2.378004e-08,-1.30762e-06
-2.368004e-08,1.28686e-06
-2.358004e-08,6.38242e-07
-2.348004e-08,-2.60486e-06
-2.338004e-08,-7.1452e-06
-2.328004e-08,-1.23342e-05
-2.318004e-08,-1.62259e-05
-2.308004e-08,-1.88204e-05
-2.298004e-08,-1.88204e-05
-2.288004e-08,-1.68745e-05
-2.278004e-08,-1.16855e-05
-2.268004e-08,-4.55072e-06
-2.258004e-08,4.52996e-06
-2.248004e-08,1.42593e-05
-2.238004e-08,2.33399e-05
-2.228004e-08,3.24206e-05
-2.218004e-08,3.95555e-05
-2.208004e-08,4.60417e-05
-2.198004e-08,4.99334e-05
-2.188004e-08,5.18792e-05
-2.178004e-08,5.18792e-05
-2.168004e-08,5.12306e-05
-2.158004e-08,4.86361e-05
-2.148004e-08,4.5393e-05
-2.138004e-08,4.08527e-05
-2.128004e-08,3.56637e-05
-2.118004e-08,2.91775e-05
-2.108004e-08,2.13941e-05
-2.098004e-08,1.2962e-05
-2.088004e-08,4.52996e-06
-2.078004e-08,-3.9021e-06
-2.068004e-08,-1.29828e-05
-2.058004e-08,-2.14148e-05
-2.048004e-08,-2.98469e-05
-2.038004e-08,-3.8279e-05
-2.028004e-08,-4.73596e-05
-2.018004e-08,-5.64403e-05
-2.008004e-08,-6.5521e-05
-1.998004e-08,-7.46017e-05
-1.988004e-08,-8.4331e-05
-1.978004e-08,-9.47089e-05
-1.968004e-08,-0.00010379
-1.958004e-08,-0.000110924
-1.948004e-08,-0.000116113
-1.938004e-08,-0.000118708
-1.928004e-08,-0.000118708
-1.918004e-08,-0.000115465
-1.908004e-08,-0.000110924
-1.898004e-08,-0.000104438
-1.888004e-08,-9.66548e-05
-1.878004e-08,-8.82227e-05
-1.868004e-08,-8.10879e-05
-1.858004e-08,-7.52503e-05
-1.848004e-08,-7.00614e-05
-1.838004e-08,-6.5521e-05
-1.828004e-08,-6.09807e-05
-1.818004e-08,-5.57917e-05
-1.808004e-08,-4.86569e-05
-1.798004e-08,-3.8279e-05
-1.788004e-08,-2.53066e-05
-1.778004e-08,-8.44244e-06
-1.768004e-08,1.16648e-05
-1.758004e-08,3.37179e-05
-1.748004e-08,5.64196e-05
-1.738004e-08,7.84727e-05
-1.728004e-08,9.92285e-05
-1.718004e-08,0.00011739
-1.708004e-08,0.000132308
-1.698004e-08,0.000143983
-1.688004e-08,0.000153064
-1.678004e-08,0.00015955
-1.668004e-08,0.000163442
-1.658004e-08,0.000164739
-1.648004e-08,0.000164091
-1.638004e-08,0.000161496
-1.628004e-08,0.000156307
-1.618004e-08,0.000147875
-1.608004e-08,0.000136848
-1.598004e-08,0.00012193
-1.588004e-08,0.000104417
-1.578004e-08,8.49589e-05
-1.568004e-08,6.35544e-05
-1.558004e-08,4.15013e-05
-1.548004e-08,2.00968e-05
-1.538004e-08,-1.03779e-08
-1.528004e-08,-1.81717e-05
-1.518004e-08,-3.37386e-05
-1.508004e-08,-4.6711e-05
-1.498004e-08,-5.7089e-05
-1.488004e-08,-6.5521e-05
-1.478004e-08,-7.26558e-05
-1.468004e-08,-7.97907e-05
-1.458004e-08,-8.75741e-05
-1.448004e-08,-9.66548e-05
-1.438004e-08,-0.00010833
-1.428004e-08,-0.000121302
-1.418004e-08,-0.000135572
-1.408004e-08,-0.000149842
-1.398004e-08,-0.000164111
-1.388004e-08,-0.000175786
-1.378004e-08,-0.00018357
-1.368004e-08,-0.000186164
-1.358004e-08,-0.00018357
-1.348004e-08,-0.000175786
-1.338004e-08,-0.000164111
-1.328004e-08,-0.000149193
-1.318004e-08,-0.000133626
-1.308004e-08,-0.000119356
-1.298004e-08,-0.00010833
-1.288004e-08,-0.000100547
-1.278004e-08,-9.7952e-05
-1.268004e-08,-9.98979e-05
-1.258004e-08,-0.000105087
-1.248004e-08,-0.000112222
-1.238004e-08,-0.000118708
-1.228004e-08,-0.000124545
-1.218004e-08,-0.000126491
-1.208004e-08,-0.000124545
-1.198004e-08,-0.000118059
-1.188004e-08,-0.00010833
-1.178004e-08,-9.60062e-05
-1.168004e-08,-8.23851e-05
-1.158004e-08,-6.81155e-05
-1.148004e-08,-5.77376e-05
-1.138004e-08,-4.99541e-05
-1.128004e-08,-4.73596e-05
-1.118004e-08,-4.86569e-05
-1.108004e-08,-5.51431e-05
-1.098004e-08,-6.35752e-05
-1.088004e-08,-7.33045e-05
-1.078004e-08,-8.23851e-05
-1.068004e-08,-8.952e-05
-1.058004e-08,-9.34117e-05
-1.048004e-08,-9.40603e-05
-1.038004e-08,-8.952e-05
-1.028004e-08,-8.04393e-05
-1.018004e-08,-6.74669e-05
-1.008004e-08,-4.99541e-05
-9.980044e-09,-2.98469e-05
-9.880044e-09,-8.44244e-06
-9.780044e-09,1.23134e-05
-9.680044e-09,3.37179e-05
-9.580044e-09,5.31765e-05
-9.480044e-09,7.00406e-05
-9.380044e-09,8.36616e-05
-9.280044e-09,9.46882e-05
-9.180044e-09,0.000101174
-9.080044e-09,0.000104417
-8.980044e-09,0.000103769
-8.880044e-09,0.000100526
-8.780044e-09,9.33909e-05
-8.680044e-09,8.43102e-05
-8.580044e-09,7.32837e-05
-8.480044e-09,6.09599e-05
-8.380044e-09,4.99334e-05
-8.280044e-09,3.95555e-05
-8.180044e-09,3.11234e-05
-8.080044e-09,2.46372e-05
-7.980044e-09,2.13941e-05
-7.880044e-09,2.13941e-05
-7.780044e-09,2.52858e-05
-7.680044e-09,3.1772e-05
-7.580044e-09,3.95555e-05
-7.480044e-09,4.73389e-05
-7.380044e-09,5.38251e-05
-7.280044e-09,5.90141e-05
-7.180044e-09,6.09599e-05
-7.080044e-09,5.90141e-05
-6.980044e-09,5.38251e-05
-6.880044e-09,4.60417e-05
-6.780044e-09,3.63124e-05
-6.680044e-09,2.52858e-05
-6.580044e-09,1.55565e-05
-6.480044e-09,8.42168e-06
-6.380044e-09,3.23272e-06
-6.280044e-09,1.28686e-06
-6.180044e-09,6.38242e-07
-6.080044e-09,1.28686e-06
-5.980044e-09,2.5841e-06
-5.880044e-09,2.5841e-06
-5.780044e-09,6.38242e-07
-5.680044e-09,-3.25348e-06
-5.580044e-09,-9.73968e-06
-5.480044e-09,-1.75231e-05
-5.380044e-09,-2.46579e-05
-5.280044e-09,-3.04955e-05
-5.180044e-09,-3.43872e-05
-5.080044e-09,-3.37386e-05
-4.980044e-09,-2.98469e-05
-4.880044e-09,-2.07662e-05
-4.780044e-09,-7.79382e-06
-4.680044e-09,7.12444e-06
-4.580044e-09,2.33399e-05
-4.480044e-09,3.95555e-05
-4.380044e-09,5.38251e-05
-4.280044e-09,6.55003e-05
-4.180044e-09,7.39323e-05
-4.080044e-09,7.84727e-05
-3.980044e-09,7.7824e-05
-3.880044e-09,7.26351e-05
-3.780044e-09,6.16085e-05
-3.680044e-09,4.60417e-05
-3.580044e-09,2.52858e-05
-3.480044e-09,1.28686e-06
-3.380044e-09,-2.72524e-05
-3.280044e-09,-5.77376e-05
-3.180044e-09,-8.952e-05
-3.080044e-09,-0.0001226
-2.980044e-09,-0.000155679
-2.880044e-09,-0.000186813
-2.780044e-09,-0.00021665
-2.680044e-09,-0.00024454
-2.580044e-09,-0.000269836
-2.480044e-09,-0.000293835
-2.380044e-09,-0.000316537
-2.280044e-09,-0.000337941
-2.180044e-09,-0.000359995
-2.080044e-09,-0.000382696
-1.980044e-09,-0.000407344
-1.880044e-09,-0.000433937
-1.780044e-09,-0.000463774
-1.680044e-09,-0.000495556
-1.580044e-09,-0.000530582
-1.480044e-09,-0.00056885
-1.380044e-09,-0.000610362
-1.280044e-09,-0.000654468
-1.180044e-09,-0.000702466
-1.080044e-09,-0.000756301
-9.800444e-10,-0.000817272
-8.800444e-10,-0.000887323
-7.800444e-10,-0.000967103
-6.800444e-10,-0.00105921
-5.800444e-10,-0.00116428
-4.800444e-10,-0.00128168
-3.800444e-10,-0.00141076
-2.800444e-10,-0.00155021
-1.800444e-10,-0.0016968
-8.004435e-11,-0.00184858
1.995565e-11,-0.00200295
1.199556e-10,-0.00215732
2.199556e-10,-0.00230975
3.199556e-10,-0.00245828
4.199556e-10,-0.00260227
5.199556e-10,-0.00274238
6.199556e-10,-0.00287924
7.199556e-10,-0.00301285
8.199556e-10,-0.00314452
9.199556e-10,-0.00327424
1.019956e-09,-0.00340137
1.119956e-09,-0.00352461
1.219956e-09,-0.00364331
1.319956e-09,-0.00375617
1.419956e-09,-0.00386189
1.519956e-09,-0.00395919
1.619956e-09,-0.0040474
1.719956e-09,-0.00412523
1.819956e-09,-0.00419464
1.919956e-09,-0.00425626
2.019956e-09,-0.00431139
2.119956e-09,-0.00436068
2.219956e-09,-0.00440544
2.319956e-09,-0.0044463
2.419956e-09,-0.00448392
2.519956e-09,-0.004517
2.619956e-09,-0.00454554
2.719956e-09,-0.00456759
2.819956e-09,-0.00458316
2.919956e-09,-0.00459159
3.019956e-09,-0.00459159
3.119956e-09,-0.00458511
3.219956e-09,-0.00457019
3.319956e-09,-0.00454943
3.419956e-09,-0.00452284
3.519956e-09,-0.00449106
3.619956e-09,-0.00445538
3.719956e-09,-0.00441711
3.819956e-09,-0.00437625
3.919956e-09,-0.00433409
4.019956e-09,-0.00429193
4.119956e-09,-0.00425042
4.219956e-09,-0.00421085
4.319956e-09,-0.00417323
4.419956e-09,-0.00413886
4.519956e-09,-0.00410707
4.619956e-09,-0.00407724
4.719956e-09,-0.0040474
4.819956e-09,-0.00401562
4.919956e-09,-0.00398124
5.019956e-09,-0.00394038
5.119956e-09,-0.00389303
5.219956e-09,-0.00383854
5.319956e-09,-0.00377822
5.419956e-09,-0.00371141
5.519956e-09,-0.00364072
5.619956e-09,-0.00356742
5.719956e-09,-0.00349478
5.819956e-09,-0.00342472
5.919956e-09,-0.00335986
6.019956e-09,-0.00330019
6.119956e-09,-0.003247
6.219956e-09,-0.00319771
6.319956e-09,-0.0031523
6.419956e-09,-0.00310885
6.519956e-09,-0.00306604
6.619956e-09,-0.00302193
6.719956e-09,-0.00297653
6.819956e-09,-0.00292918
6.919956e-09,-0.00288053
7.019956e-09,-0.00282994
7.119956e-09,-0.0027787
7.219956e-09,-0.00272876
7.319956e-09,-0.00268076
7.419956e-09,-0.00263471
7.519956e-09,-0.0025906
7.619956e-09,-0.00254714
7.719956e-09,-0.00250433
7.819956e-09,-0.00245958
7.919956e-09,-0.00241223
8.019956e-09,-0.00236034
8.119956e-09,-0.00230391
8.219956e-09,-0.00224294
8.319956e-09,-0.00217808
8.419956e-09,-0.00211062
8.519956e-09,-0.00204316
8.619956e-09,-0.00197571
8.719956e-09,-0.00191085
8.819956e-09,-0.00184988
8.919956e-09,-0.00179215
9.019956e-09,-0.00173831
9.119956e-09,-0.00168772
9.219956e-09,-0.00163972
9.319956e-09,-0.00159497
9.419956e-09,-0.00155086
9.519956e-09,-0.0015074
9.619956e-09,-0.00146459
9.719956e-09,-0.00142308
9.819956e-09,-0.00138481
9.919956e-09,-0.00134914
1.001996e-08,-0.00131866
1.011996e-08,-0.00129336
1.021996e-08,-0.00127325
1.031996e-08,-0.00125898
1.041996e-08,-0.0012499
1.051996e-08,-0.00124601
1.061996e-08,-0.00124471
1.071996e-08,-0.00124601
1.081996e-08,-0.00124925
1.091996e-08,-0.00125379
1.101996e-08,-0.00125963
1.111996e-08,-0.00126677
1.121996e-08,-0.00127455
1.131996e-08,-0.00128363
1.141996e-08,-0.00129466
1.151996e-08,-0.00130568
1.161996e-08,-0.00131671
1.171996e-08,-0.00132709
1.181996e-08,-0.00133487
1.191996e-08,-0.00133876
1.201996e-08,-0.00133682
1.211996e-08,-0.00132968
1.221996e-08,-0.00131606
1.231996e-08,-0.0012979
1.241996e-08,-0.00127649
1.251996e-08,-0.00125444
1.261996e-08,-0.00123433
1.271996e-08,-0.00121747
1.281996e-08,-0.00120515
1.291996e-08,-0.00119801
1.301996e-08,-0.00119671
1.311996e-08,-0.00119866
1.321996e-08,-0.0012019
1.331996e-08,-0.0012058
1.341996e-08,-0.00120709
1.351996e-08,-0.00120515
1.361996e-08,-0.00119736
1.371996e-08,-0.00118439
1.381996e-08,-0.00116688
1.391996e-08,-0.00114547
1.401996e-08,-0.00112212
1.411996e-08,-0.00109942
1.421996e-08,-0.00107996
1.431996e-08,-0.00106375
1.441996e-08,-0.00105207
1.451996e-08,-0.00104494
1.461996e-08,-0.00104105
1.471996e-08,-0.0010391
1.481996e-08,-0.0010391
1.491996e-08,-0.00103845
1.501996e-08,-0.00103715
1.511996e-08,-0.00103326
1.521996e-08,-0.00102742
1.531996e-08,-0.00102094
1.541996e-08,-0.0010138
1.551996e-08,-0.00100732
1.561996e-08,-0.00100083
1.571996e-08,-0.000994994
1.581996e-08,-0.000989156
1.591996e-08,-0.000982021
1.601996e-08,-0.000972941
1.611996e-08,-0.000961265
1.621996e-08,-0.000946347
1.631996e-08,-0.000927537
1.641996e-08,-0.000905484
1.651996e-08,-0.000880837
1.661996e-08,-0.00085554
1.671996e-08,-0.000830893
1.681996e-08,-0.00080884
1.691996e-08,-0.000790678
1.701996e-08,-0.000776409
1.711996e-08,-0.000764734
1.721996e-08,-0.00075695
1.731996e-08,-0.000751761
1.741996e-08,-0.000747869
1.751996e-08,-0.000743329
1.761996e-08,-0.000736843
1.771996e-08,-0.000729708
1.781996e-08,-0.000721276
1.791996e-08,-0.000710898
1.801996e-08,-0.00070052
1.811996e-08,-0.000689494
1.821996e-08,-0.000679116
1.831996e-08,-0.000668738
1.841996e-08,-0.00065836
1.851996e-08,-0.000647982
1.861996e-08,-0.000637604
1.871996e-08,-0.000626577
1.881996e-08,-0.000614254
1.891996e-08,-0.00060193
1.901996e-08,-0.000588957
1.911996e-08,-0.000576634
1.921996e-08,-0.000565607
1.931996e-08,-0.000556526
1.941996e-08,-0.000550689
1.951996e-08,-0.000546149
1.961996e-08,-0.000544203
1.971996e-08,-0.000542905
1.981996e-08,-0.000542257
1.991996e-08,-0.000540311
2.001996e-08,-0.000535771
2.011996e-08,-0.000528636
2.021996e-08,-0.000518258
2.031996e-08,-0.000505285
2.041996e-08,-0.000491016
2.051996e-08,-0.000477395
2.061996e-08,-0.00046572
2.071996e-08,-0.000456639
2.081996e-08,-0.000452099
2.091996e-08,-0.000452099
2.101996e-08,-0.000456639
2.111996e-08,-0.000463774
2.121996e-08,-0.000472206
2.131996e-08,-0.000481287
2.141996e-08,-0.000488421
2.151996e-08,-0.000492962
2.161996e-08,-0.000494259
2.171996e-08,-0.000491016
2.181996e-08,-0.000483881
2.191996e-08,-0.000474152
2.201996e-08,-0.000463125
2.211996e-08,-0.000452099
2.221996e-08,-0.000441721
2.231996e-08,-0.000433289
2.241996e-08,-0.000426802
2.251996e-08,-0.000421613
2.261996e-08,-0.000417073
2.271996e-08,-0.000413181
2.281996e-08,-0.00040929
2.291996e-08,-0.000405398
2.301996e-08,-0.000402803
2.311996e-08,-0.000400858
2.321996e-08,-0.000402155
2.331996e-08,-0.000406047
2.341996e-08,-0.000413181
2.351996e-08,-0.000424857
2.361996e-08,-0.000439126
2.371996e-08,-0.000456639
2.381996e-08,-0.0004748
2.391996e-08,-0.000491664
2.401996e-08,-0.000505934
2.411996e-08,-0.000515663
2.421996e-08,-0.000520204
2.431996e-08,-0.000520204
2.441996e-08,-0.000515663
2.451996e-08,-0.000510474
2.461996e-08,-0.000505285
2.471996e-08,-0.000502042
2.481996e-08,-0.00050334
2.491996e-08,-0.000509826
2.501996e-08,-0.000520852
2.511996e-08,-0.000536419
2.521996e-08,-0.000553932
2.531996e-08,-0.000571445
2.541996e-08,-0.000587012
2.551996e-08,-0.000598687
2.561996e-08,-0.000604524
2.571996e-08,-0.00060647
2.581996e-08,-0.000603227
2.591996e-08,-0.000596741
2.601996e-08,-0.000588957
2.611996e-08,-0.000581823
2.621996e-08,-0.000575985
2.631996e-08,-0.000572093
2.641996e-08,-0.000570147
2.651996e-08,-0.00056885
2.661996e-08,-0.000565607
2.671996e-08,-0.000560418
2.681996e-08,-0.000550689
2.691996e-08,-0.000537068
2.701996e-08,-0.000518906
2.711996e-08,-0.000496205
2.721996e-08,-0.000472206
2.731996e-08,-0.000448856
2.741996e-08,-0.000427451
2.751996e-08,-0.00040929
2.761996e-08,-0.00039502
2.771996e-08,-0.000385291
2.781996e-08,-0.000378805
2.791996e-08,-0.000374264
2.801996e-08,-0.000369724
2.811996e-08,-0.000363886
2.821996e-08,-0.000354806
2.831996e-08,-0.000342482
2.841996e-08,-0.000325618
2.851996e-08,-0.000306159
2.861996e-08,-0.000284755
2.871996e-08,-0.000263999
2.881996e-08,-0.000245189
2.891996e-08,-0.000229622
2.901996e-08,-0.000218595
2.911996e-08,-0.000210812
2.921996e-08,-0.000206272
2.931996e-08,-0.000204326
2.941996e-08,-0.000204326
2.951996e-08,-0.000203677
2.961996e-08,-0.00020238
2.971996e-08,-0.000200434
2.981996e-08,-0.00019784
2.991996e-08,-0.000195894
3.001996e-08,-0.000195894
3.011996e-08,-0.000199137
3.021996e-08,-0.000206272
3.031996e-08,-0.00021665
3.041996e-08,-0.000230919
3.051996e-08,-0.000247783
3.061996e-08,-0.000265296
3.071996e-08,-0.000281512
3.081996e-08,-0.000295133
3.091996e-08,-0.000303565
3.101996e-08,-0.000307456
3.111996e-08,-0.00030551
3.121996e-08,-0.000299024
3.131996e-08,-0.000289295
3.141996e-08,-0.00027762
3.151996e-08,-0.000265296
3.161996e-08,-0.000252972
3.171996e-08,-0.000241297
3.181996e-08,-0.000231568
3.191996e-08,-0.000223784
3.201996e-08,-0.000217298
3.211996e-08,-0.000210812
3.221996e-08,-0.000203677
3.231996e-08,-0.000196542
3.241996e-08,-0.000190705
3.251996e-08,-0.00018811
3.261996e-08,-0.00018811
3.271996e-08,-0.000193299
3.281996e-08,-0.000204326
3.291996e-08,-0.000221838
3.301996e-08,-0.00024454
3.311996e-08,-0.000271134
3.321996e-08,-0.00030097
3.331996e-08,-0.000332104
3.341996e-08,-0.000361292
3.351996e-08,-0.000387237
3.361996e-08,-0.000407992
3.371996e-08,-0.000424857
3.381996e-08,-0.000436532
3.391996e-08,-0.000445612
3.401996e-08,-0.000452747
3.411996e-08,-0.000459882
3.421996e-08,-0.000467017
3.431996e-08,-0.0004748
3.441996e-08,-0.000483881
3.451996e-08,-0.00049361
3.461996e-08,-0.000502691
3.471996e-08,-0.000508529
3.481996e-08,-0.00051242
3.491996e-08,-0.00051242
3.501996e-08,-0.000509826
3.511996e-08,-0.00050334
3.521996e-08,-0.000494259
3.531996e-08,-0.000485178
3.541996e-08,-0.000476098
3.551996e-08,-0.000468963
3.561996e-08,-0.000464422
3.571996e-08,-0.000463774
3.581996e-08,-0.00046572
3.591996e-08,-0.000469611
3.601996e-08,-0.000475449
3.611996e-08,-0.000482584
3.621996e-08,-0.00048907
3.631996e-08,-0.000494908
3.641996e-08,-0.000501394
3.651996e-08,-0.000507231
3.661996e-08,-0.000513718
3.671996e-08,-0.000519555
3.681996e-08,-0.000524744
3.691996e-08,-0.000527987
3.701996e-08,-0.000529933
3.711996e-08,-0.000529284
3.721996e-08,-0.000524744
3.731996e-08,-0.000515663
3.741996e-08,-0.000501394
3.751996e-08,-0.000481935
3.761996e-08,-0.000457936
3.771996e-08,-0.000431343
3.781996e-08,-0.000404101
3.791996e-08,-0.000377507
3.801996e-08,-0.000352211
3.811996e-08,-0.000329509
3.821996e-08,-0.000308105
3.831996e-08,-0.000287998
3.841996e-08,-0.000267891
3.851996e-08,-0.000246486
3.861996e-08,-0.00022119
3.871996e-08,-0.000192002
3.881996e-08,-0.000156976
3.891996e-08,-0.000118708
3.901996e-08,-7.84934e-05
3.911996e-08,-3.89276e-05
3.921996e-08,-3.25348e-06
3.931996e-08,2.59344e-05
3.941996e-08,4.60417e-05
3.951996e-08,5.51223e-05
3.961996e-08,5.18792e-05
3.971996e-08,3.6961e-05
3.981996e-08,1.23134e-05
3.991996e-08,-2.01176e-05
4.001996e-08,-5.64403e-05
4.011996e-08,-9.34117e-05
4.021996e-08,-0.000129086
4.031996e-08,-0.000161517
4.041996e-08,-0.000189407
4.051996e-08,-0.000212109
4.061996e-08,-0.000228973
4.071996e-08,-0.000239351
4.081996e-08,-0.00024454
4.091996e-08,-0.000245189
4.101996e-08,-0.000241297
4.111996e-08,-0.000230919
4.121996e-08,-0.000216001
4.131996e-08,-0.000194596
4.141996e-08,-0.000168003
4.151996e-08,-0.000137518
4.161996e-08,-0.000105735
4.171996e-08,-7.46017e-05
4.181996e-08,-4.73596e-05
4.191996e-08,-2.59552e-05
4.201996e-08,-1.36314e-05
4.211996e-08,-1.03883e-05
4.221996e-08,-1.75231e-05
4.231996e-08,-3.37386e-05
4.241996e-08,-5.7089e-05
4.251996e-08,-8.36824e-05
4.261996e-08,-0.000110924
4.271996e-08,-0.000134275
4.281996e-08,-0.000152436
4.291996e-08,-0.000163463
4.301996e-08,-0.000168003
4.311996e-08,-0.000165409
4.321996e-08,-0.000157625
4.331996e-08,-0.000147247
4.341996e-08,-0.000137518
4.351996e-08,-0.000131032
4.361996e-08,-0.000128437
4.371996e-08,-0.000131032
4.381996e-08,-0.000137518
4.391996e-08,-0.000147247
4.401996e-08,-0.000158922
4.411996e-08,-0.000169949
4.421996e-08,-0.000178381
4.431996e-08,-0.000184219
4.441996e-08,-0.000187462
4.451996e-08,-0.000188759
4.461996e-08,-0.000188759
4.471996e-08,-0.000190056
4.481996e-08,-0.000193299
4.491996e-08,-0.000199785
4.501996e-08,-0.000210812
4.511996e-08,-0.000225082
4.521996e-08,-0.00024
4.531996e-08,-0.000254269
4.541996e-08,-0.000267242
4.551996e-08,-0.000275025
4.561996e-08,-0.000276971
4.571996e-08,-0.000273728
4.581996e-08,-0.000265296
4.591996e-08,-0.000252972
4.601996e-08,-0.000240648
4.611996e-08,-0.000228973
4.621996e-08,-0.00022119
4.631996e-08,-0.000217947
4.641996e-08,-0.000220541
4.651996e-08,-0.000227676
4.661996e-08,-0.000239351
4.671996e-08,-0.000251675
4.681996e-08,-0.000262702
4.691996e-08,-0.000270485
4.701996e-08,-0.000272431
4.711996e-08,-0.000267891
4.721996e-08,-0.000257513
4.731996e-08,-0.000241297
4.741996e-08,-0.000223136
4.751996e-08,-0.000203028
4.761996e-08,-0.000185516
4.771996e-08,-0.000171246
4.781996e-08,-0.000163463
4.791996e-08,-0.000161517
4.801996e-08,-0.000165409
4.811996e-08,-0.000174489
4.821996e-08,-0.00018811
4.831996e-08,-0.000203677
4.841996e-08,-0.00022119
4.851996e-08,-0.000239351
4.861996e-08,-0.000258161
4.871996e-08,-0.000275025
4.881996e-08,-0.000291241
4.891996e-08,-0.000306159
4.901996e-08,-0.00031978
4.911996e-08,-0.000330807
4.921996e-08,-0.000339239
4.931996e-08,-0.000343779
4.941996e-08,-0.000345076
4.951996e-08,-0.00034313
4.961996e-08,-0.000337941
4.971996e-08,-0.000330158
4.981996e-08,-0.00031978
4.991996e-08,-0.000308105
5.001996e-08,-0.00029643
5.011996e-08,-0.000285403
5.021996e-08,-0.000275674
5.031996e-08,-0.000267242
5.041996e-08,-0.000261404
5.051996e-08,-0.000256864
5.061996e-08,-0.000253621
5.071996e-08,-0.000251026
5.081996e-08,-0.000248432
5.091996e-08,-0.000245837
5.101996e-08,-0.000243243
5.111996e-08,-0.000239351
5.121996e-08,-0.000234162
5.131996e-08,-0.000228973
5.141996e-08,-0.000223136
5.151996e-08,-0.00021665
5.161996e-08,-0.000210163
5.171996e-08,-0.00020238
5.181996e-08,-0.000193299
5.191996e-08,-0.000182921
5.201996e-08,-0.000171246
5.211996e-08,-0.000157625
5.221996e-08,-0.000143355
5.231996e-08,-0.000128437
5.241996e-08,-0.000114816
5.251996e-08,-0.000102492
5.261996e-08,-9.34117e-05
5.271996e-08,-8.75741e-05
5.281996e-08,-8.62769e-05
5.291996e-08,-8.952e-05
5.301996e-08,-9.60062e-05
5.311996e-08,-0.000105735
5.321996e-08,-0.000116113
5.331996e-08,-0.000126491
5.341996e-08,-0.000134275
5.351996e-08,-0.000138166
5.361996e-08,-0.000138166
5.371996e-08,-0.000133626
5.381996e-08,-0.000125843
5.391996e-08,-0.000114816
5.401996e-08,-0.00010379
5.411996e-08,-9.47089e-05
5.421996e-08,-8.75741e-05
5.431996e-08,-8.4331e-05
5.441996e-08,-8.62769e-05
5.451996e-08,-9.40603e-05
5.461996e-08,-0.000107033
5.471996e-08,-0.000123897
5.481996e-08,-0.000144004
5.491996e-08,-0.000163463
5.501996e-08,-0.000182273
5.511996e-08,-0.000198488
5.521996e-08,-0.000210812
5.531996e-08,-0.000220541
5.541996e-08,-0.00022573
5.551996e-08,-0.000227676
5.561996e-08,-0.000227027
5.571996e-08,-0.000225082
5.581996e-08,-0.000222487
5.591996e-08,-0.000219244
5.601996e-08,-0.00021665
5.611996e-08,-0.000214704
5.621996e-08,-0.000212109
5.631996e-08,-0.000209515
5.641996e-08,-0.000206272
5.651996e-08,-0.000203028
5.661996e-08,-0.00019784
5.671996e-08,-0.000191353
5.681996e-08,-0.000182921
5.691996e-08,-0.000173192
5.701996e-08,-0.000161517
5.711996e-08,-0.000147896
5.721996e-08,-0.000133626
5.731996e-08,-0.000119356
5.741996e-08,-0.00010379
5.751996e-08,-8.88713e-05
5.761996e-08,-7.58989e-05
5.771996e-08,-6.48724e-05
5.781996e-08,-5.64403e-05
5.791996e-08,-4.93055e-05
5.801996e-08,-4.41165e-05
5.811996e-08,-4.08734e-05
5.821996e-08,-3.69817e-05
5.831996e-08,-3.309e-05
5.841996e-08,-2.72524e-05
5.851996e-08,-1.9469e-05
5.861996e-08,-8.44244e-06
5.871996e-08,6.47582e-06
5.881996e-08,2.26913e-05
5.891996e-08,4.02041e-05
5.901996e-08,5.77168e-05
5.911996e-08,7.26351e-05
5.921996e-08,8.3013e-05
5.931996e-08,8.75533e-05
5.941996e-08,8.56075e-05
5.951996e-08,7.58782e-05
5.961996e-08,5.83654e-05
5.971996e-08,3.37179e-05
5.981996e-08,3.88134e-06
5.991996e-08,-2.91983e-05
6.001996e-08,-6.29265e-05
6.011996e-08,-9.60062e-05
6.021996e-08,-0.000125194
6.031996e-08,-0.000149842
6.041996e-08,-0.000168652
6.051996e-08,-0.000180975
6.061996e-08,-0.000188759
6.071996e-08,-0.000192002
6.081996e-08,-0.000193299
6.091996e-08,-0.000192002
6.101996e-08,-0.000190056
6.111996e-08,-0.000186813
6.121996e-08,-0.000184219
6.131996e-08,-0.000180975
6.141996e-08,-0.000176435
6.151996e-08,-0.000169949
6.161996e-08,-0.000160868
6.171996e-08,-0.000149842
6.181996e-08,-0.000136221
6.191996e-08,-0.000120654
6.201996e-08,-0.000104438
6.211996e-08,-9.01686e-05
6.221996e-08,-7.78448e-05
6.231996e-08,-7.00614e-05
6.241996e-08,-6.61696e-05
6.251996e-08,-6.74669e-05
6.261996e-08,-7.26558e-05
6.271996e-08,-8.10879e-05
6.281996e-08,-9.21144e-05
6.291996e-08,-0.00010379
6.301996e-08,-0.000115465
6.311996e-08,-0.000127789
6.321996e-08,-0.000140112
6.331996e-08,-0.000152436
6.341996e-08,-0.000166706
6.351996e-08,-0.000181624
6.361996e-08,-0.000198488
6.371996e-08,-0.00021665
6.381996e-08,-0.000234811
6.391996e-08,-0.000251026
6.401996e-08,-0.000263999
6.411996e-08,-0.000271134
6.421996e-08,-0.000270485
6.431996e-08,-0.000262053
6.441996e-08,-0.000245837
6.451996e-08,-0.000223136
6.461996e-08,-0.000193948
6.471996e-08,-0.000161517
6.481996e-08,-0.000129086
6.491996e-08,-9.7952e-05
6.501996e-08,-7.13586e-05
6.511996e-08,-4.93055e-05
6.521996e-08,-3.309e-05
6.531996e-08,-2.33607e-05
6.541996e-08,-2.01176e-05
6.551996e-08,-2.20635e-05
6.561996e-08,-2.98469e-05
6.571996e-08,-4.15221e-05
6.581996e-08,-5.64403e-05
6.591996e-08,-7.39531e-05
6.601996e-08,-9.40603e-05
6.611996e-08,-0.000114168
6.621996e-08,-0.000134923
6.631996e-08,-0.000153085
6.641996e-08,-0.000168652
6.651996e-08,-0.000179678
6.661996e-08,-0.000184867
6.671996e-08,-0.000184219
6.681996e-08,-0.000177084
6.691996e-08,-0.000164111
6.701996e-08,-0.000145301
6.711996e-08,-0.000121951
6.721996e-08,-9.60062e-05
6.731996e-08,-7.13586e-05
6.741996e-08,-4.80083e-05
6.751996e-08,-2.7901e-05
6.761996e-08,-1.16855e-05
6.771996e-08,-1.30762e-06
6.781996e-08,5.17858e-06
6.791996e-08,6.47582e-06
6.801996e-08,4.52996e-06
6.811996e-08,6.38242e-07
6.821996e-08,-3.9021e-06
6.831996e-08,-7.1452e-06
6.841996e-08,-9.73968e-06
6.851996e-08,-1.16855e-05
6.861996e-08,-1.16855e-05
6.871996e-08,-1.03883e-05
6.881996e-08,-9.73968e-06
6.891996e-08,-9.09106e-06
6.901996e-08,-1.03883e-05
6.911996e-08,-1.23342e-05
6.921996e-08,-1.49286e-05
6.931996e-08,-1.81717e-05
6.941996e-08,-2.14148e-05
6.951996e-08,-2.40093e-05
6.961996e-08,-2.46579e-05
6.971996e-08,-2.27121e-05
6.981996e-08,-1.81717e-05
6.991996e-08,-1.10369e-05
7.001996e-08,-1.30762e-06
7.011996e-08,1.03675e-05
7.021996e-08,2.26913e-05
7.031996e-08,3.43665e-05
7.041996e-08,4.34472e-05
7.051996e-08,4.99334e-05
7.061996e-08,5.18792e-05
7.071996e-08,5.0582e-05
7.081996e-08,4.34472e-05
7.091996e-08,3.1772e-05
7.101996e-08,1.49079e-05
7.111996e-08,-5.84796e-06
7.121996e-08,-2.98469e-05
7.131996e-08,-5.64403e-05
7.141996e-08,-8.49796e-05
7.151996e-08,-0.000114816
7.161996e-08,-0.000144653
7.171996e-08,-0.000173841
7.181996e-08,-0.000200434
7.191996e-08,-0.000223784
7.201996e-08,-0.000242594
7.211996e-08,-0.000256864
7.221996e-08,-0.000265296
7.231996e-08,-0.000267242
7.241996e-08,-0.00026335
7.251996e-08,-0.000253621
7.261996e-08,-0.00024
7.271996e-08,-0.000221838
7.281996e-08,-0.000201731
7.291996e-08,-0.000180975
7.301996e-08,-0.00016022
7.311996e-08,-0.000140112
7.321996e-08,-0.000121302
7.331996e-08,-0.00010379
7.341996e-08,-8.88713e-05
7.351996e-08,-7.65476e-05
7.361996e-08,-6.68183e-05
7.371996e-08,-6.09807e-05
7.381996e-08,-5.90348e-05
7.391996e-08,-6.16293e-05
7.401996e-08,-6.81155e-05
7.411996e-08,-7.84934e-05
7.421996e-08,-9.14658e-05
7.431996e-08,-0.000105087
7.441996e-08,-0.000117411
7.451996e-08,-0.000127789
7.461996e-08,-0.000133626
7.471996e-08,-0.000134275
7.481996e-08,-0.000129086
7.491996e-08,-0.000117411
7.501996e-08,-0.000101195
7.511996e-08,-7.9142e-05
7.521996e-08,-5.44945e-05
7.531996e-08,-2.98469e-05
7.541996e-08,-5.84796e-06
7.551996e-08,1.42593e-05
7.561996e-08,3.11234e-05
7.571996e-08,4.27986e-05
7.581996e-08,4.86361e-05
7.591996e-08,4.99334e-05
7.601996e-08,4.60417e-05
7.611996e-08,3.95555e-05
7.621996e-08,3.04748e-05
7.631996e-08,2.07455e-05
7.641996e-08,1.16648e-05
7.651996e-08,3.23272e-06
7.661996e-08,-4.55072e-06
7.671996e-08,-1.16855e-05
7.681996e-08,-1.88204e-05
7.691996e-08,-2.53066e-05
7.701996e-08,-3.24414e-05
7.711996e-08,-4.02248e-05
7.721996e-08,-4.86569e-05
