LECROYWaveRunner‘N,20113,Waveform
Segments,1,SegmentSize,2002
Segment,TrigTime,TimeSinceSegment1
#1,28-Sep-2018 13:20:55,0                 
Time,Ampl
-1.228947e-07,-0.000149842
-1.227947e-07,-0.000161517
-1.226947e-07,-0.000166057
-1.225947e-07,-0.000163463
-1.224947e-07,-0.000155031
-1.223947e-07,-0.000142707
-1.222947e-07,-0.000128437
-1.221947e-07,-0.000114816
-1.220947e-07,-0.00010379
-1.219947e-07,-9.7952e-05
-1.218947e-07,-9.7952e-05
-1.217947e-07,-0.00010379
-1.216947e-07,-0.000114168
-1.215947e-07,-0.000128437
-1.214947e-07,-0.000144004
-1.213947e-07,-0.000158274
-1.212947e-07,-0.000168652
-1.211947e-07,-0.000173192
-1.210947e-07,-0.000171895
-1.209947e-07,-0.00016476
-1.208947e-07,-0.000152436
-1.207947e-07,-0.000135572
-1.206947e-07,-0.000116113
-1.205947e-07,-9.53575e-05
-1.204947e-07,-7.46017e-05
-1.203947e-07,-5.51431e-05
-1.202947e-07,-3.8279e-05
-1.201947e-07,-2.33607e-05
-1.200947e-07,-1.16855e-05
-1.199947e-07,-1.30762e-06
-1.198947e-07,5.8272e-06
-1.197947e-07,9.71892e-06
-1.196947e-07,1.10162e-05
-1.195947e-07,8.42168e-06
-1.194947e-07,1.28686e-06
-1.193947e-07,-9.73968e-06
-1.192947e-07,-2.40093e-05
-1.191947e-07,-4.02248e-05
-1.190947e-07,-5.77376e-05
-1.189947e-07,-7.58989e-05
-1.188947e-07,-9.21144e-05
-1.187947e-07,-0.000105087
-1.186947e-07,-0.00011287
-1.185947e-07,-0.000114816
-1.184947e-07,-0.000112222
-1.183947e-07,-0.000105087
-1.182947e-07,-9.60062e-05
-1.181947e-07,-8.56282e-05
-1.180947e-07,-7.58989e-05
-1.179947e-07,-6.87641e-05
-1.178947e-07,-6.61696e-05
-1.177947e-07,-6.81155e-05
-1.176947e-07,-7.33045e-05
-1.175947e-07,-8.04393e-05
-1.174947e-07,-8.75741e-05
-1.173947e-07,-9.27631e-05
-1.172947e-07,-9.53575e-05
-1.171947e-07,-9.40603e-05
-1.170947e-07,-8.82227e-05
-1.169947e-07,-7.84934e-05
-1.168947e-07,-6.74669e-05
-1.167947e-07,-5.57917e-05
-1.166947e-07,-4.47652e-05
-1.165947e-07,-3.76303e-05
-1.164947e-07,-3.37386e-05
-1.163947e-07,-3.37386e-05
-1.162947e-07,-3.76303e-05
-1.161947e-07,-4.28193e-05
-1.160947e-07,-4.80083e-05
-1.159947e-07,-5.31972e-05
-1.158947e-07,-5.64403e-05
-1.157947e-07,-5.83862e-05
-1.156947e-07,-5.77376e-05
-1.155947e-07,-5.57917e-05
-1.154947e-07,-5.44945e-05
-1.153947e-07,-5.38459e-05
-1.152947e-07,-5.44945e-05
-1.151947e-07,-5.64403e-05
-1.150947e-07,-6.03321e-05
-1.149947e-07,-6.5521e-05
-1.148947e-07,-7.20072e-05
-1.147947e-07,-7.71962e-05
-1.146947e-07,-8.10879e-05
-1.145947e-07,-8.30338e-05
-1.144947e-07,-8.23851e-05
-1.143947e-07,-7.97907e-05
-1.142947e-07,-7.46017e-05
-1.141947e-07,-6.81155e-05
-1.140947e-07,-6.16293e-05
-1.139947e-07,-5.57917e-05
-1.138947e-07,-5.06027e-05
-1.137947e-07,-4.80083e-05
-1.136947e-07,-4.6711e-05
-1.135947e-07,-4.60624e-05
-1.134947e-07,-4.60624e-05
-1.133947e-07,-4.54138e-05
-1.132947e-07,-4.47652e-05
-1.131947e-07,-4.34679e-05
-1.130947e-07,-4.15221e-05
-1.129947e-07,-3.95762e-05
-1.128947e-07,-3.76303e-05
-1.127947e-07,-3.56845e-05
-1.126947e-07,-3.37386e-05
-1.125947e-07,-3.309e-05
-1.124947e-07,-3.309e-05
-1.123947e-07,-3.24414e-05
-1.122947e-07,-3.17928e-05
-1.121947e-07,-2.98469e-05
-1.120947e-07,-2.59552e-05
-1.119947e-07,-2.07662e-05
-1.118947e-07,-1.428e-05
-1.117947e-07,-6.49658e-06
-1.116947e-07,6.38242e-07
-1.115947e-07,7.12444e-06
-1.114947e-07,1.23134e-05
-1.113947e-07,1.42593e-05
-1.112947e-07,1.36106e-05
-1.111947e-07,1.10162e-05
-1.110947e-07,6.47582e-06
-1.109947e-07,6.38242e-07
-1.108947e-07,-3.25348e-06
-1.107947e-07,-4.55072e-06
-1.106947e-07,-1.30762e-06
-1.105947e-07,7.12444e-06
-1.104947e-07,2.13941e-05
-1.103947e-07,3.95555e-05
-1.102947e-07,6.16085e-05
-1.101947e-07,8.56075e-05
-1.100947e-07,0.000109606
-1.099947e-07,0.000132308
-1.098947e-07,0.000151767
-1.097947e-07,0.000166036
-1.096947e-07,0.000175766
-1.095947e-07,0.000180306
-1.094947e-07,0.000180955
-1.093947e-07,0.000179009
-1.092947e-07,0.000174468
-1.091947e-07,0.000168631
-1.090947e-07,0.000161496
-1.089947e-07,0.000153064
-1.088947e-07,0.000143335
-1.087947e-07,0.00013166
-1.086947e-07,0.000118038
-1.085947e-07,0.000101174
-1.084947e-07,8.23644e-05
-1.083947e-07,6.29058e-05
-1.082947e-07,4.47444e-05
-1.081947e-07,2.78803e-05
-1.080947e-07,1.49079e-05
-1.079947e-07,6.47582e-06
-1.078947e-07,2.5841e-06
-1.077947e-07,2.5841e-06
-1.076947e-07,6.47582e-06
-1.075947e-07,1.36106e-05
-1.074947e-07,2.26913e-05
-1.073947e-07,3.04748e-05
-1.072947e-07,3.6961e-05
-1.071947e-07,4.08527e-05
-1.070947e-07,4.27986e-05
-1.069947e-07,4.34472e-05
-1.068947e-07,4.27986e-05
-1.067947e-07,4.21499e-05
-1.066947e-07,4.15013e-05
-1.065947e-07,4.15013e-05
-1.064947e-07,4.27986e-05
-1.063947e-07,4.5393e-05
-1.062947e-07,4.86361e-05
-1.061947e-07,5.12306e-05
-1.060947e-07,5.31765e-05
-1.059947e-07,5.38251e-05
-1.058947e-07,5.44737e-05
-1.057947e-07,5.44737e-05
-1.056947e-07,5.51223e-05
-1.055947e-07,5.77168e-05
-1.054947e-07,6.29058e-05
-1.053947e-07,7.06892e-05
-1.052947e-07,8.17158e-05
-1.051947e-07,9.46882e-05
-1.050947e-07,0.000108309
-1.049947e-07,0.000120633
-1.048947e-07,0.000130362
-1.047947e-07,0.000136848
-1.046947e-07,0.000136848
-1.045947e-07,0.00013166
-1.044947e-07,0.000122579
-1.043947e-07,0.000111552
-1.042947e-07,9.98771e-05
-1.041947e-07,8.88506e-05
-1.040947e-07,8.10671e-05
-1.039947e-07,7.84727e-05
-1.038947e-07,8.17158e-05
-1.037947e-07,8.94992e-05
-1.036947e-07,9.98771e-05
-1.035947e-07,0.000112201
-1.034947e-07,0.000122579
-1.033947e-07,0.000129065
-1.032947e-07,0.000130362
-1.031947e-07,0.000126471
-1.030947e-07,0.000118038
-1.029947e-07,0.000104417
-1.028947e-07,8.88506e-05
-1.027947e-07,7.39323e-05
-1.026947e-07,6.16085e-05
-1.025947e-07,5.31765e-05
-1.024947e-07,4.99334e-05
-1.023947e-07,5.12306e-05
-1.022947e-07,5.5771e-05
-1.021947e-07,6.03113e-05
-1.020947e-07,6.29058e-05
-1.019947e-07,6.29058e-05
-1.018947e-07,5.83654e-05
-1.017947e-07,4.86361e-05
-1.016947e-07,3.37179e-05
-1.015947e-07,1.55565e-05
-1.014947e-07,-3.25348e-06
-1.013947e-07,-2.14148e-05
-1.012947e-07,-3.63331e-05
-1.011947e-07,-4.60624e-05
-1.010947e-07,-5.12514e-05
-1.009947e-07,-5.19e-05
-1.008947e-07,-4.99541e-05
-1.007947e-07,-4.47652e-05
-1.006947e-07,-3.8279e-05
-1.005947e-07,-3.17928e-05
-1.004947e-07,-2.59552e-05
-1.003947e-07,-2.07662e-05
-1.002947e-07,-1.49286e-05
-1.001947e-07,-7.79382e-06
-1.000947e-07,1.28686e-06
-9.99947e-08,1.36106e-05
-9.98947e-08,2.78803e-05
-9.97947e-08,4.34472e-05
-9.96947e-08,5.90141e-05
-9.95947e-08,7.26351e-05
-9.94947e-08,8.23644e-05
-9.93947e-08,8.69047e-05
-9.92947e-08,8.43102e-05
-9.91947e-08,7.45809e-05
-9.90947e-08,5.90141e-05
-9.89947e-08,3.95555e-05
-9.88947e-08,1.87996e-05
-9.87947e-08,-1.03779e-08
-9.86947e-08,-1.428e-05
-9.85947e-08,-2.33607e-05
-9.84947e-08,-2.72524e-05
-9.83947e-08,-2.53066e-05
-9.82947e-08,-1.9469e-05
-9.81947e-08,-1.10369e-05
-9.80947e-08,-3.25348e-06
-9.79947e-08,2.5841e-06
-9.78947e-08,4.52996e-06
-9.77947e-08,1.93548e-06
-9.76947e-08,-3.9021e-06
-9.75947e-08,-1.16855e-05
-9.74947e-08,-2.01176e-05
-9.73947e-08,-2.7901e-05
-9.72947e-08,-3.309e-05
-9.71947e-08,-3.56845e-05
-9.70947e-08,-3.56845e-05
-9.69947e-08,-3.37386e-05
-9.68947e-08,-3.17928e-05
-9.67947e-08,-3.17928e-05
-9.66947e-08,-3.50359e-05
-9.65947e-08,-4.41165e-05
-9.64947e-08,-5.83862e-05
-9.63947e-08,-7.78448e-05
-9.62947e-08,-0.000101195
-9.61947e-08,-0.000126491
-9.60947e-08,-0.000151139
-9.59947e-08,-0.000173192
-9.58947e-08,-0.000190705
-9.57947e-08,-0.000201731
-9.56947e-08,-0.000205623
-9.55947e-08,-0.00020238
-9.54947e-08,-0.000193299
-9.53947e-08,-0.000180327
-9.52947e-08,-0.00016476
-9.51947e-08,-0.000146599
-9.50947e-08,-0.000127789
-9.49947e-08,-0.00010833
-9.48947e-08,-8.88713e-05
-9.47947e-08,-6.87641e-05
-9.46947e-08,-4.86569e-05
-9.45947e-08,-2.72524e-05
-9.44947e-08,-5.84796e-06
-9.43947e-08,1.55565e-05
-9.42947e-08,3.56637e-05
-9.41947e-08,5.25279e-05
-9.40947e-08,6.55003e-05
-9.39947e-08,7.39323e-05
-9.38947e-08,7.65268e-05
-9.37947e-08,7.39323e-05
-9.36947e-08,6.74461e-05
-9.35947e-08,5.90141e-05
-9.34947e-08,4.92848e-05
-9.33947e-08,3.95555e-05
-9.32947e-08,3.11234e-05
-9.31947e-08,2.46372e-05
-9.30947e-08,1.94482e-05
-9.29947e-08,1.36106e-05
-9.28947e-08,5.8272e-06
-9.27947e-08,-4.55072e-06
-9.26947e-08,-1.81717e-05
-9.25947e-08,-3.43872e-05
-9.24947e-08,-5.25486e-05
-9.23947e-08,-7.00614e-05
-9.22947e-08,-8.56282e-05
-9.21947e-08,-9.60062e-05
-9.20947e-08,-9.7952e-05
-9.19947e-08,-9.08172e-05
-9.18947e-08,-7.33045e-05
-9.17947e-08,-4.73596e-05
-9.16947e-08,-1.49286e-05
-9.15947e-08,2.07455e-05
-9.14947e-08,5.70682e-05
-9.13947e-08,8.88506e-05
-9.12947e-08,0.000113498
-9.11947e-08,0.000130362
-9.10947e-08,0.000136848
-9.09947e-08,0.000133605
-9.08947e-08,0.000123227
-9.07947e-08,0.000107661
-9.06947e-08,8.94992e-05
-9.05947e-08,7.13378e-05
-9.04947e-08,5.44737e-05
-9.03947e-08,4.02041e-05
-9.02947e-08,2.91775e-05
-9.01947e-08,2.00968e-05
-9.00947e-08,1.23134e-05
-8.99947e-08,5.8272e-06
-8.98947e-08,-1.30762e-06
-8.97947e-08,-8.44244e-06
-8.96947e-08,-1.36314e-05
-8.95947e-08,-1.68745e-05
-8.94947e-08,-1.62259e-05
-8.93947e-08,-1.10369e-05
-8.92947e-08,6.38242e-07
-8.91947e-08,1.68537e-05
-8.90947e-08,3.6961e-05
-8.89947e-08,5.83654e-05
-8.88947e-08,7.84727e-05
-8.87947e-08,9.40395e-05
-8.86947e-08,0.000102472
-8.85947e-08,9.98771e-05
-8.84947e-08,8.75533e-05
-8.83947e-08,6.48516e-05
-8.82947e-08,3.43665e-05
-8.81947e-08,-1.30762e-06
-8.80947e-08,-3.8279e-05
-8.79947e-08,-7.13586e-05
-8.78947e-08,-9.66548e-05
-8.77947e-08,-0.000111573
-8.76947e-08,-0.000115465
-8.75947e-08,-0.000107033
-8.74947e-08,-8.69255e-05
-8.73947e-08,-5.83862e-05
-8.72947e-08,-2.40093e-05
-8.71947e-08,1.2962e-05
-8.70947e-08,4.92848e-05
-8.69947e-08,8.36616e-05
-8.68947e-08,0.000114147
-8.67947e-08,0.000141389
-8.66947e-08,0.000164739
-8.65947e-08,0.000183549
-8.64947e-08,0.000198467
-8.63947e-08,0.000210791
-8.62947e-08,0.000218575
-8.61947e-08,0.000222466
-8.60947e-08,0.00022052
-8.59947e-08,0.000214034
-8.58947e-08,0.000202359
-8.57947e-08,0.000187441
-8.56947e-08,0.000169279
-8.55947e-08,0.000152415
-8.54947e-08,0.000136848
-8.53947e-08,0.000124525
-8.52947e-08,0.00011739
-8.51947e-08,0.000114795
-8.50947e-08,0.000116741
-8.49947e-08,0.000120633
-8.48947e-08,0.000125173
-8.47947e-08,0.000128416
-8.46947e-08,0.000127119
-8.45947e-08,0.000121282
-8.44947e-08,0.000108958
-8.43947e-08,9.20937e-05
-8.42947e-08,7.06892e-05
-8.41947e-08,4.60417e-05
-8.40947e-08,2.13941e-05
-8.39947e-08,-1.30762e-06
-8.38947e-08,-2.14148e-05
-8.37947e-08,-3.89276e-05
-8.36947e-08,-5.25486e-05
-8.35947e-08,-6.29265e-05
-8.34947e-08,-7.20072e-05
-8.33947e-08,-8.23851e-05
-8.32947e-08,-9.27631e-05
-8.31947e-08,-0.00010379
-8.30947e-08,-0.000115465
-8.29947e-08,-0.000127789
-8.28947e-08,-0.000138166
-8.27947e-08,-0.00014595
-8.26947e-08,-0.000148544
-8.25947e-08,-0.000147896
-8.24947e-08,-0.000142058
-8.23947e-08,-0.00013168
-8.22947e-08,-0.000118708
-8.21947e-08,-0.000104438
-8.20947e-08,-9.14658e-05
-8.19947e-08,-7.97907e-05
-8.18947e-08,-7.00614e-05
-8.17947e-08,-6.29265e-05
-8.16947e-08,-5.57917e-05
-8.15947e-08,-4.80083e-05
-8.14947e-08,-3.76303e-05
-8.13947e-08,-2.53066e-05
-8.12947e-08,-9.73968e-06
-8.11947e-08,9.71892e-06
-8.10947e-08,3.04748e-05
-8.09947e-08,5.18792e-05
-8.08947e-08,7.00406e-05
-8.07947e-08,8.43102e-05
-8.06947e-08,9.27423e-05
-8.05947e-08,9.40395e-05
-8.04947e-08,8.8202e-05
-8.03947e-08,7.65268e-05
-8.02947e-08,6.22572e-05
-8.01947e-08,4.5393e-05
-8.00947e-08,3.04748e-05
-7.99947e-08,1.87996e-05
-7.98947e-08,1.23134e-05
-7.97947e-08,1.16648e-05
-7.96947e-08,1.68537e-05
-7.95947e-08,2.52858e-05
-7.94947e-08,3.63124e-05
-7.93947e-08,4.60417e-05
-7.92947e-08,5.38251e-05
-7.91947e-08,5.77168e-05
-7.90947e-08,5.64196e-05
-7.89947e-08,5.0582e-05
-7.88947e-08,4.15013e-05
-7.87947e-08,3.11234e-05
-7.86947e-08,2.07455e-05
-7.85947e-08,1.2962e-05
-7.84947e-08,7.77306e-06
-7.83947e-08,6.47582e-06
-7.82947e-08,8.42168e-06
-7.81947e-08,1.16648e-05
-7.80947e-08,1.49079e-05
-7.79947e-08,1.75024e-05
-7.78947e-08,1.62051e-05
-7.77947e-08,1.23134e-05
-7.76947e-08,5.17858e-06
-7.75947e-08,-4.55072e-06
-7.74947e-08,-1.62259e-05
-7.73947e-08,-2.72524e-05
-7.72947e-08,-3.69817e-05
-7.71947e-08,-4.41165e-05
-7.70947e-08,-4.73596e-05
-7.69947e-08,-4.86569e-05
-7.68947e-08,-4.6711e-05
-7.67947e-08,-4.28193e-05
-7.66947e-08,-3.8279e-05
-7.65947e-08,-3.309e-05
-7.64947e-08,-2.66038e-05
-7.63947e-08,-1.9469e-05
-7.62947e-08,-1.10369e-05
-7.61947e-08,-1.03779e-08
-7.60947e-08,1.36106e-05
-7.59947e-08,2.98261e-05
-7.58947e-08,4.92848e-05
-7.57947e-08,7.00406e-05
-7.56947e-08,9.01478e-05
-7.55947e-08,0.000108958
-7.54947e-08,0.000123227
-7.53947e-08,0.00013166
-7.52947e-08,0.000132308
-7.51947e-08,0.000125822
-7.50947e-08,0.000112201
-7.49947e-08,9.33909e-05
-7.48947e-08,7.13378e-05
-7.47947e-08,4.99334e-05
-7.46947e-08,3.04748e-05
-7.45947e-08,1.49079e-05
-7.44947e-08,5.17858e-06
-7.43947e-08,1.93548e-06
-7.42947e-08,4.52996e-06
-7.41947e-08,1.03675e-05
-7.40947e-08,1.75024e-05
-7.39947e-08,2.46372e-05
-7.38947e-08,2.98261e-05
-7.37947e-08,3.1772e-05
-7.36947e-08,2.91775e-05
-7.35947e-08,2.33399e-05
-7.34947e-08,1.62051e-05
-7.33947e-08,7.77306e-06
-7.32947e-08,6.38242e-07
-7.31947e-08,-3.9021e-06
-7.30947e-08,-5.84796e-06
-7.29947e-08,-4.55072e-06
-7.28947e-08,-6.58998e-07
-7.27947e-08,5.17858e-06
-7.26947e-08,1.10162e-05
-7.25947e-08,1.55565e-05
-7.24947e-08,1.94482e-05
-7.23947e-08,2.13941e-05
-7.22947e-08,2.20427e-05
-7.21947e-08,2.20427e-05
-7.20947e-08,2.26913e-05
-7.19947e-08,2.59344e-05
-7.18947e-08,3.1772e-05
-7.17947e-08,4.02041e-05
-7.16947e-08,5.18792e-05
-7.15947e-08,6.55003e-05
-7.14947e-08,7.84727e-05
-7.13947e-08,9.01478e-05
-7.12947e-08,9.79313e-05
-7.11947e-08,0.000101174
-7.10947e-08,9.98771e-05
-7.09947e-08,9.46882e-05
-7.08947e-08,8.8202e-05
-7.07947e-08,8.10671e-05
-7.06947e-08,7.58782e-05
-7.05947e-08,7.39323e-05
-7.04947e-08,7.65268e-05
-7.03947e-08,8.43102e-05
-7.02947e-08,9.53368e-05
-7.01947e-08,0.000107012
-7.00947e-08,0.000118038
-6.99947e-08,0.000126471
-6.98947e-08,0.000129065
-6.97947e-08,0.000126471
-6.96947e-08,0.000118038
-6.95947e-08,0.000104417
-6.94947e-08,8.8202e-05
-6.93947e-08,7.19865e-05
-6.92947e-08,5.70682e-05
-6.91947e-08,4.73389e-05
-6.90947e-08,4.21499e-05
-6.89947e-08,4.21499e-05
-6.88947e-08,4.73389e-05
-6.87947e-08,5.64196e-05
-6.86947e-08,6.74461e-05
-6.85947e-08,7.7824e-05
-6.84947e-08,8.75533e-05
-6.83947e-08,9.46882e-05
-6.82947e-08,9.85799e-05
-6.81947e-08,9.85799e-05
-6.80947e-08,9.6634e-05
-6.79947e-08,9.33909e-05
-6.78947e-08,8.8202e-05
-6.77947e-08,8.23644e-05
-6.76947e-08,7.52296e-05
-6.75947e-08,6.67975e-05
-6.74947e-08,5.77168e-05
-6.73947e-08,4.60417e-05
-6.72947e-08,3.30692e-05
-6.71947e-08,1.8151e-05
-6.70947e-08,3.23272e-06
-6.69947e-08,-9.73968e-06
-6.68947e-08,-2.01176e-05
-6.67947e-08,-2.46579e-05
-6.66947e-08,-2.33607e-05
-6.65947e-08,-1.55773e-05
-6.64947e-08,-6.58998e-07
-6.63947e-08,2.00968e-05
-6.62947e-08,4.47444e-05
-6.61947e-08,6.9392e-05
-6.60947e-08,9.14451e-05
-6.59947e-08,0.000108958
-6.58947e-08,0.000119984
-6.57947e-08,0.00012193
-6.56947e-08,0.000115444
-6.55947e-08,0.000101174
-6.54947e-08,8.10671e-05
-6.53947e-08,5.77168e-05
-6.52947e-08,3.24206e-05
-6.51947e-08,9.0703e-06
-6.50947e-08,-1.16855e-05
-6.49947e-08,-2.91983e-05
-6.48947e-08,-4.28193e-05
-6.47947e-08,-5.25486e-05
-6.46947e-08,-6.09807e-05
-6.45947e-08,-6.81155e-05
-6.44947e-08,-7.58989e-05
-6.43947e-08,-8.4331e-05
-6.42947e-08,-9.34117e-05
-6.41947e-08,-0.000103141
-6.40947e-08,-0.000111573
-6.39947e-08,-0.000116113
-6.38947e-08,-0.000116762
-6.37947e-08,-0.000112222
-6.36947e-08,-0.000101844
-6.35947e-08,-8.62769e-05
-6.34947e-08,-6.68183e-05
-6.33947e-08,-4.60624e-05
-6.32947e-08,-2.53066e-05
-6.31947e-08,-7.1452e-06
-6.30947e-08,7.77306e-06
-6.29947e-08,1.87996e-05
-6.28947e-08,2.52858e-05
-6.27947e-08,2.91775e-05
-6.26947e-08,3.04748e-05
-6.25947e-08,3.04748e-05
-6.24947e-08,3.11234e-05
-6.23947e-08,3.24206e-05
-6.22947e-08,3.50151e-05
-6.21947e-08,3.82582e-05
-6.20947e-08,4.08527e-05
-6.19947e-08,4.34472e-05
-6.18947e-08,4.34472e-05
-6.17947e-08,4.21499e-05
-6.16947e-08,3.95555e-05
-6.15947e-08,3.63124e-05
-6.14947e-08,3.43665e-05
-6.13947e-08,3.56637e-05
-6.12947e-08,4.21499e-05
-6.11947e-08,5.44737e-05
-6.10947e-08,7.32837e-05
-6.09947e-08,9.72826e-05
-6.08947e-08,0.000124525
-6.07947e-08,0.000154361
-6.06947e-08,0.000182901
-6.05947e-08,0.000207548
-6.04947e-08,0.000226358
-6.03947e-08,0.000238033
-6.02947e-08,0.000242574
-6.01947e-08,0.000239979
-6.00947e-08,0.000232844
-5.99947e-08,0.000221818
-5.98947e-08,0.000210143
-5.97947e-08,0.000199116
-5.96947e-08,0.000188738
-5.95947e-08,0.000179009
-5.94947e-08,0.000169279
-5.93947e-08,0.000156956
-5.92947e-08,0.000141389
-5.91947e-08,0.000121282
-5.90947e-08,9.6634e-05
-5.89947e-08,6.61489e-05
-5.88947e-08,3.30692e-05
-5.87947e-08,-1.30762e-06
-5.86947e-08,-3.43872e-05
-5.85947e-08,-6.22779e-05
-5.84947e-08,-8.4331e-05
-5.83947e-08,-9.73034e-05
-5.82947e-08,-0.000101844
-5.81947e-08,-9.86006e-05
-5.80947e-08,-8.82227e-05
-5.79947e-08,-7.33045e-05
-5.78947e-08,-5.64403e-05
-5.77947e-08,-3.95762e-05
-5.76947e-08,-2.33607e-05
-5.75947e-08,-9.09106e-06
-5.74947e-08,2.5841e-06
-5.73947e-08,1.36106e-05
-5.72947e-08,2.46372e-05
-5.71947e-08,3.76096e-05
-5.70947e-08,5.25279e-05
-5.69947e-08,7.13378e-05
-5.68947e-08,9.33909e-05
-5.67947e-08,0.000118038
-5.66947e-08,0.000143335
-5.65947e-08,0.000167334
-5.64947e-08,0.000187441
-5.63947e-08,0.000202359
-5.62947e-08,0.000212088
-5.61947e-08,0.000215332
-5.60947e-08,0.000213386
-5.59947e-08,0.000208845
-5.58947e-08,0.00020171
-5.57947e-08,0.000194576
-5.56947e-08,0.000188089
-5.55947e-08,0.000182252
-5.54947e-08,0.00017836
-5.53947e-08,0.00017382
-5.52947e-08,0.000167982
-5.51947e-08,0.00015955
-5.50947e-08,0.000147875
-5.49947e-08,0.000132957
-5.48947e-08,0.000113498
-5.47947e-08,9.14451e-05
-5.46947e-08,6.87434e-05
-5.45947e-08,4.66903e-05
-5.44947e-08,2.6583e-05
-5.43947e-08,1.10162e-05
-5.42947e-08,-1.03779e-08
-5.41947e-08,-5.84796e-06
-5.40947e-08,-5.84796e-06
-5.39947e-08,-1.30762e-06
-5.38947e-08,7.12444e-06
-5.37947e-08,1.87996e-05
-5.36947e-08,3.1772e-05
-5.35947e-08,4.66903e-05
-5.34947e-08,6.29058e-05
-5.33947e-08,8.10671e-05
-5.32947e-08,9.98771e-05
-5.31947e-08,0.000121282
-5.30947e-08,0.000143983
-5.29947e-08,0.000167334
-5.28947e-08,0.000190035
-5.27947e-08,0.000210791
-5.26947e-08,0.000227007
-5.25947e-08,0.000235439
-5.24947e-08,0.000234141
-5.23947e-08,0.000223115
-5.22947e-08,0.00020171
-5.21947e-08,0.000171874
-5.20947e-08,0.000133605
-5.19947e-08,9.14451e-05
-5.18947e-08,4.73389e-05
-5.17947e-08,3.88134e-06
-5.16947e-08,-3.56845e-05
-5.15947e-08,-6.94127e-05
-5.14947e-08,-9.66548e-05
-5.13947e-08,-0.000116113
-5.12947e-08,-0.000129086
-5.11947e-08,-0.000135572
-5.10947e-08,-0.000136221
-5.09947e-08,-0.00013168
-5.08947e-08,-0.000121951
-5.07947e-08,-0.000107681
-5.06947e-08,-8.88713e-05
-5.05947e-08,-6.68183e-05
-5.04947e-08,-4.08734e-05
-5.03947e-08,-1.16855e-05
-5.02947e-08,2.00968e-05
-5.01947e-08,5.18792e-05
-5.00947e-08,8.36616e-05
-4.99947e-08,0.00011285
-4.98947e-08,0.000138146
-4.97947e-08,0.000156956
-4.96947e-08,0.000169928
-4.95947e-08,0.000175766
-4.94947e-08,0.000175766
-4.93947e-08,0.000170577
-4.92947e-08,0.000162145
-4.91947e-08,0.000152415
-4.90947e-08,0.000141389
-4.89947e-08,0.000129714
-4.88947e-08,0.000118038
-4.87947e-08,0.000105715
-4.86947e-08,9.20937e-05
-4.85947e-08,7.45809e-05
-4.84947e-08,5.38251e-05
-4.83947e-08,3.04748e-05
-4.82947e-08,4.52996e-06
-4.81947e-08,-2.14148e-05
-4.80947e-08,-4.6711e-05
-4.79947e-08,-6.74669e-05
-4.78947e-08,-8.23851e-05
-4.77947e-08,-8.88713e-05
-4.76947e-08,-8.69255e-05
-4.75947e-08,-7.65476e-05
-4.74947e-08,-5.90348e-05
-4.73947e-08,-3.69817e-05
-4.72947e-08,-1.36314e-05
-4.71947e-08,9.71892e-06
-4.70947e-08,2.98261e-05
-4.69947e-08,4.5393e-05
-4.68947e-08,5.51223e-05
-4.67947e-08,5.96627e-05
-4.66947e-08,6.03113e-05
-4.65947e-08,5.83654e-05
-4.64947e-08,5.70682e-05
-4.63947e-08,5.83654e-05
-4.62947e-08,6.48516e-05
-4.61947e-08,7.58782e-05
-4.60947e-08,9.14451e-05
-4.59947e-08,0.000110904
-4.58947e-08,0.000132308
-4.57947e-08,0.000153064
-4.56947e-08,0.000172523
-4.55947e-08,0.000188089
-4.54947e-08,0.000199116
-4.53947e-08,0.000205602
-4.52947e-08,0.000206899
-4.51947e-08,0.000204305
-4.50947e-08,0.000197819
-4.49947e-08,0.000188738
-4.48947e-08,0.000177063
-4.47947e-08,0.000164739
-4.46947e-08,0.000151118
-4.45947e-08,0.0001362
-4.44947e-08,0.000121282
-4.43947e-08,0.000107012
-4.42947e-08,9.40395e-05
-4.41947e-08,8.3013e-05
-4.40947e-08,7.58782e-05
-4.39947e-08,7.39323e-05
-4.38947e-08,7.71754e-05
-4.37947e-08,8.56075e-05
-4.36947e-08,9.98771e-05
-4.35947e-08,0.00011739
-4.34947e-08,0.000136848
-4.33947e-08,0.00015501
-4.32947e-08,0.000169928
-4.31947e-08,0.000180306
-4.30947e-08,0.000183549
-4.29947e-08,0.00017836
-4.28947e-08,0.000164739
-4.27947e-08,0.000144632
-4.26947e-08,0.000118687
-4.25947e-08,9.07964e-05
-4.24947e-08,6.22572e-05
-4.23947e-08,3.63124e-05
-4.22947e-08,1.49079e-05
-4.21947e-08,-2.60486e-06
-4.20947e-08,-1.428e-05
-4.19947e-08,-2.07662e-05
-4.18947e-08,-2.33607e-05
-4.17947e-08,-2.40093e-05
-4.16947e-08,-2.33607e-05
-4.15947e-08,-2.14148e-05
-4.14947e-08,-1.88204e-05
-4.13947e-08,-1.55773e-05
-4.12947e-08,-1.16855e-05
-4.11947e-08,-6.49658e-06
-4.10947e-08,-1.03779e-08
-4.09947e-08,8.42168e-06
-4.08947e-08,1.87996e-05
-4.07947e-08,3.04748e-05
-4.06947e-08,4.21499e-05
-4.05947e-08,5.31765e-05
-4.04947e-08,6.22572e-05
-4.03947e-08,6.87434e-05
-4.02947e-08,7.26351e-05
-4.01947e-08,7.52296e-05
-4.00947e-08,7.65268e-05
-3.99947e-08,7.7824e-05
-3.98947e-08,8.04185e-05
-3.97947e-08,8.43102e-05
-3.96947e-08,9.01478e-05
-3.95947e-08,9.85799e-05
-3.94947e-08,0.000108309
-3.93947e-08,0.00011739
-3.92947e-08,0.000123227
-3.91947e-08,0.000125173
-3.90947e-08,0.000121282
-3.89947e-08,0.000110904
-3.88947e-08,9.53368e-05
-3.87947e-08,7.45809e-05
-3.86947e-08,5.18792e-05
-3.85947e-08,2.72317e-05
-3.84947e-08,4.52996e-06
-3.83947e-08,-1.55773e-05
-3.82947e-08,-3.04955e-05
-3.81947e-08,-4.15221e-05
-3.80947e-08,-4.86569e-05
-3.79947e-08,-5.25486e-05
-3.78947e-08,-5.51431e-05
-3.77947e-08,-5.7089e-05
-3.76947e-08,-5.90348e-05
-3.75947e-08,-6.09807e-05
-3.74947e-08,-6.29265e-05
-3.73947e-08,-6.48724e-05
-3.72947e-08,-6.48724e-05
-3.71947e-08,-6.16293e-05
-3.70947e-08,-5.57917e-05
-3.69947e-08,-4.60624e-05
-3.68947e-08,-3.37386e-05
-3.67947e-08,-2.01176e-05
-3.66947e-08,-7.79382e-06
-3.65947e-08,1.28686e-06
-3.64947e-08,6.47582e-06
-3.63947e-08,5.8272e-06
-3.62947e-08,-1.30762e-06
-3.61947e-08,-1.49286e-05
-3.60947e-08,-3.43872e-05
-3.59947e-08,-5.7089e-05
-3.58947e-08,-8.10879e-05
-3.57947e-08,-0.000103141
-3.56947e-08,-0.000121302
-3.55947e-08,-0.000134275
-3.54947e-08,-0.000140761
-3.53947e-08,-0.000140761
-3.52947e-08,-0.000134275
-3.51947e-08,-0.000121302
-3.50947e-08,-0.000105087
-3.49947e-08,-8.62769e-05
-3.48947e-08,-6.68183e-05
-3.47947e-08,-4.6711e-05
-3.46947e-08,-2.7901e-05
-3.45947e-08,-9.73968e-06
-3.44947e-08,7.77306e-06
-3.43947e-08,2.46372e-05
-3.42947e-08,4.02041e-05
-3.41947e-08,5.51223e-05
-3.40947e-08,6.87434e-05
-3.39947e-08,8.10671e-05
-3.38947e-08,9.07964e-05
-3.37947e-08,9.72826e-05
-3.36947e-08,9.98771e-05
-3.35947e-08,9.79313e-05
-3.34947e-08,9.33909e-05
-3.33947e-08,8.56075e-05
-3.32947e-08,7.7824e-05
-3.31947e-08,7.13378e-05
-3.30947e-08,6.87434e-05
-3.29947e-08,7.00406e-05
-3.28947e-08,7.71754e-05
-3.27947e-08,9.01478e-05
-3.26947e-08,0.000108309
-3.25947e-08,0.000129714
-3.24947e-08,0.000151118
-3.23947e-08,0.000171225
-3.22947e-08,0.000188089
-3.21947e-08,0.000198467
-3.20947e-08,0.000200413
-3.19947e-08,0.000195224
-3.18947e-08,0.000181603
-3.17947e-08,0.000162145
-3.16947e-08,0.000138794
-3.15947e-08,0.000112201
-3.14947e-08,8.49589e-05
-3.13947e-08,5.83654e-05
-3.12947e-08,3.43665e-05
-3.11947e-08,1.42593e-05
-3.10947e-08,-1.30762e-06
-3.09947e-08,-1.16855e-05
-3.08947e-08,-1.68745e-05
-3.07947e-08,-1.68745e-05
-3.06947e-08,-1.10369e-05
-3.05947e-08,-6.58998e-07
-3.04947e-08,1.36106e-05
-3.03947e-08,3.1772e-05
-3.02947e-08,5.12306e-05
-3.01947e-08,7.13378e-05
-3.00947e-08,8.8202e-05
-2.99947e-08,0.000101174
-2.98947e-08,0.000108309
-2.97947e-08,0.000108958
-2.96947e-08,0.000101823
-2.95947e-08,8.8202e-05
-2.94947e-08,6.87434e-05
-2.93947e-08,4.66903e-05
-2.92947e-08,2.52858e-05
-2.91947e-08,6.47582e-06
-2.90947e-08,-9.09106e-06
-2.89947e-08,-1.81717e-05
-2.88947e-08,-2.14148e-05
-2.87947e-08,-1.88204e-05
-2.86947e-08,-1.23342e-05
-2.85947e-08,-2.60486e-06
-2.84947e-08,7.77306e-06
-2.83947e-08,1.75024e-05
-2.82947e-08,2.46372e-05
-2.81947e-08,2.85289e-05
-2.80947e-08,2.91775e-05
-2.79947e-08,2.78803e-05
-2.78947e-08,2.46372e-05
-2.77947e-08,2.13941e-05
-2.76947e-08,1.94482e-05
-2.75947e-08,1.87996e-05
-2.74947e-08,2.00968e-05
-2.73947e-08,2.33399e-05
-2.72947e-08,2.91775e-05
-2.71947e-08,3.63124e-05
-2.70947e-08,4.34472e-05
-2.69947e-08,4.99334e-05
-2.68947e-08,5.5771e-05
-2.67947e-08,6.09599e-05
-2.66947e-08,6.48516e-05
-2.65947e-08,6.87434e-05
-2.64947e-08,7.39323e-05
-2.63947e-08,8.17158e-05
-2.62947e-08,9.07964e-05
-2.61947e-08,0.000102472
-2.60947e-08,0.000116093
-2.59947e-08,0.000131011
-2.58947e-08,0.000144632
-2.57947e-08,0.000155658
-2.56947e-08,0.000162793
-2.55947e-08,0.000165388
-2.54947e-08,0.000161496
-2.53947e-08,0.000151118
-2.52947e-08,0.000134254
-2.51947e-08,0.000113498
-2.50947e-08,8.88506e-05
-2.49947e-08,6.29058e-05
-2.48947e-08,3.76096e-05
-2.47947e-08,1.42593e-05
-2.46947e-08,-5.19934e-06
-2.45947e-08,-2.07662e-05
-2.44947e-08,-3.04955e-05
-2.43947e-08,-3.50359e-05
-2.42947e-08,-3.50359e-05
-2.41947e-08,-3.04955e-05
-2.40947e-08,-2.20635e-05
-2.39947e-08,-1.03883e-05
-2.38947e-08,3.23272e-06
-2.37947e-08,1.75024e-05
-2.36947e-08,3.24206e-05
-2.35947e-08,4.73389e-05
-2.34947e-08,5.96627e-05
-2.33947e-08,6.87434e-05
-2.32947e-08,7.52296e-05
-2.31947e-08,7.84727e-05
-2.30947e-08,7.65268e-05
-2.29947e-08,7.00406e-05
-2.28947e-08,6.03113e-05
-2.27947e-08,4.79875e-05
-2.26947e-08,3.56637e-05
-2.25947e-08,2.46372e-05
-2.24947e-08,1.55565e-05
-2.23947e-08,1.10162e-05
-2.22947e-08,1.03675e-05
-2.21947e-08,1.42593e-05
-2.20947e-08,2.26913e-05
-2.19947e-08,3.43665e-05
-2.18947e-08,4.86361e-05
-2.17947e-08,6.22572e-05
-2.16947e-08,7.52296e-05
-2.15947e-08,8.56075e-05
-2.14947e-08,9.40395e-05
-2.13947e-08,0.000100526
-2.12947e-08,0.000104417
-2.11947e-08,0.000106363
-2.10947e-08,0.000107012
-2.09947e-08,0.000105715
-2.08947e-08,0.000102472
-2.07947e-08,9.72826e-05
-2.06947e-08,9.01478e-05
-2.05947e-08,8.04185e-05
-2.04947e-08,6.87434e-05
-2.03947e-08,5.51223e-05
-2.02947e-08,4.02041e-05
-2.01947e-08,2.39886e-05
-2.00947e-08,7.77306e-06
-1.99947e-08,-6.49658e-06
-1.98947e-08,-1.88204e-05
-1.97947e-08,-2.7901e-05
-1.96947e-08,-3.24414e-05
-1.95947e-08,-3.11441e-05
-1.94947e-08,-2.53066e-05
-1.93947e-08,-1.55773e-05
-1.92947e-08,-3.25348e-06
-1.91947e-08,1.10162e-05
-1.90947e-08,2.59344e-05
-1.89947e-08,4.15013e-05
-1.88947e-08,5.64196e-05
-1.87947e-08,7.00406e-05
-1.86947e-08,8.10671e-05
-1.85947e-08,8.88506e-05
-1.84947e-08,9.33909e-05
-1.83947e-08,9.53368e-05
-1.82947e-08,9.27423e-05
-1.81947e-08,8.75533e-05
-1.80947e-08,7.84727e-05
-1.79947e-08,6.67975e-05
-1.78947e-08,5.31765e-05
-1.77947e-08,3.63124e-05
-1.76947e-08,1.8151e-05
-1.75947e-08,-6.58998e-07
-1.74947e-08,-1.88204e-05
-1.73947e-08,-3.43872e-05
-1.72947e-08,-4.73596e-05
-1.71947e-08,-5.57917e-05
-1.70947e-08,-5.96834e-05
-1.69947e-08,-6.09807e-05
-1.68947e-08,-5.90348e-05
-1.67947e-08,-5.38459e-05
-1.66947e-08,-4.73596e-05
-1.65947e-08,-4.08734e-05
-1.64947e-08,-3.56845e-05
-1.63947e-08,-3.11441e-05
-1.62947e-08,-2.98469e-05
-1.61947e-08,-3.04955e-05
-1.60947e-08,-3.43872e-05
-1.59947e-08,-4.02248e-05
-1.58947e-08,-4.80083e-05
-1.57947e-08,-5.64403e-05
-1.56947e-08,-6.48724e-05
-1.55947e-08,-7.20072e-05
-1.54947e-08,-7.78448e-05
-1.53947e-08,-8.10879e-05
-1.52947e-08,-8.23851e-05
-1.51947e-08,-8.17365e-05
-1.50947e-08,-7.84934e-05
-1.49947e-08,-7.33045e-05
-1.48947e-08,-6.61696e-05
-1.47947e-08,-5.77376e-05
-1.46947e-08,-4.80083e-05
-1.45947e-08,-3.76303e-05
-1.44947e-08,-2.7901e-05
-1.43947e-08,-1.81717e-05
-1.42947e-08,-9.09106e-06
-1.41947e-08,-1.95624e-06
-1.40947e-08,3.23272e-06
-1.39947e-08,5.8272e-06
-1.38947e-08,5.17858e-06
-1.37947e-08,3.23272e-06
-1.36947e-08,-1.03779e-08
-1.35947e-08,-3.9021e-06
-1.34947e-08,-7.1452e-06
-1.33947e-08,-8.44244e-06
-1.32947e-08,-7.1452e-06
-1.31947e-08,-2.60486e-06
-1.30947e-08,5.17858e-06
-1.29947e-08,1.55565e-05
-1.28947e-08,2.78803e-05
-1.27947e-08,4.08527e-05
-1.26947e-08,5.44737e-05
-1.25947e-08,6.61489e-05
-1.24947e-08,7.65268e-05
-1.23947e-08,8.43102e-05
-1.22947e-08,9.01478e-05
-1.21947e-08,9.40395e-05
-1.20947e-08,9.6634e-05
-1.19947e-08,9.85799e-05
-1.18947e-08,9.92285e-05
-1.17947e-08,9.98771e-05
-1.16947e-08,9.92285e-05
-1.15947e-08,9.79313e-05
-1.14947e-08,9.59854e-05
-1.13947e-08,9.14451e-05
-1.12947e-08,8.56075e-05
-1.11947e-08,7.7824e-05
-1.10947e-08,6.9392e-05
-1.09947e-08,6.03113e-05
-1.08947e-08,5.12306e-05
-1.07947e-08,4.34472e-05
-1.06947e-08,3.82582e-05
-1.05947e-08,3.56637e-05
-1.04947e-08,3.63124e-05
-1.03947e-08,4.02041e-05
-1.02947e-08,4.66903e-05
-1.01947e-08,5.44737e-05
-1.00947e-08,6.22572e-05
-9.994703e-09,6.74461e-05
-9.894703e-09,7.00406e-05
-9.794703e-09,6.74461e-05
-9.694703e-09,6.09599e-05
-9.594703e-09,5.0582e-05
-9.494703e-09,3.63124e-05
-9.394703e-09,2.00968e-05
-9.294703e-09,2.5841e-06
-9.194703e-09,-1.36314e-05
-9.094703e-09,-2.72524e-05
-8.994703e-09,-3.8279e-05
-8.894703e-09,-4.60624e-05
-8.794703e-09,-4.99541e-05
-8.694703e-09,-5.12514e-05
-8.594703e-09,-4.99541e-05
-8.494703e-09,-4.73596e-05
-8.394703e-09,-4.28193e-05
-8.294703e-09,-3.8279e-05
-8.194703e-09,-3.37386e-05
-8.094703e-09,-2.7901e-05
-7.994703e-09,-2.14148e-05
-7.894703e-09,-1.29828e-05
-7.794703e-09,-3.25348e-06
-7.694703e-09,7.12444e-06
-7.594703e-09,1.75024e-05
-7.494703e-09,2.6583e-05
-7.394703e-09,3.30692e-05
-7.294703e-09,3.56637e-05
-7.194703e-09,3.50151e-05
-7.094703e-09,2.91775e-05
-6.994703e-09,1.87996e-05
-6.894703e-09,3.23272e-06
-6.794703e-09,-1.49286e-05
-6.694703e-09,-3.43872e-05
-6.594703e-09,-5.19e-05
-6.494703e-09,-6.61696e-05
-6.394703e-09,-7.58989e-05
-6.294703e-09,-8.10879e-05
-6.194703e-09,-8.17365e-05
-6.094703e-09,-7.84934e-05
-5.994703e-09,-7.26558e-05
-5.894703e-09,-6.68183e-05
-5.794703e-09,-6.22779e-05
-5.694703e-09,-6.16293e-05
-5.594703e-09,-6.48724e-05
-5.494703e-09,-7.26558e-05
-5.394703e-09,-8.4331e-05
-5.294703e-09,-9.7952e-05
-5.194703e-09,-0.000111573
-5.094703e-09,-0.000125194
-4.994703e-09,-0.000135572
-4.894703e-09,-0.00014141
-4.794703e-09,-0.00014141
-4.694703e-09,-0.000136869
-4.594703e-09,-0.000127789
-4.494703e-09,-0.000116113
-4.394703e-09,-0.000103141
-4.294703e-09,-9.01686e-05
-4.194703e-09,-7.97907e-05
-4.094703e-09,-7.26558e-05
-3.994703e-09,-6.87641e-05
-3.894703e-09,-7.00614e-05
-3.794703e-09,-7.65476e-05
-3.694703e-09,-8.82227e-05
-3.594703e-09,-0.00010379
-3.494703e-09,-0.000121951
-3.394703e-09,-0.000142707
-3.294703e-09,-0.000166057
-3.194703e-09,-0.000191353
-3.094703e-09,-0.000217947
-2.994703e-09,-0.000245837
-2.894703e-09,-0.000274377
-2.794703e-09,-0.000302916
-2.694703e-09,-0.000332753
-2.594703e-09,-0.000363238
-2.494703e-09,-0.000394371
-2.394703e-09,-0.000426154
-2.294703e-09,-0.000459233
-2.194703e-09,-0.00049361
-2.094703e-09,-0.000529933
-1.994703e-09,-0.000569499
-1.894703e-09,-0.000611011
-1.794703e-09,-0.000655117
-1.694703e-09,-0.000701817
-1.594703e-09,-0.000749815
-1.494703e-09,-0.00079911
-1.394703e-09,-0.000849054
-1.294703e-09,-0.000899647
-1.194703e-09,-0.000950239
-1.094703e-09,-0.00100083
-9.947033e-10,-0.00105142
-8.947033e-10,-0.00110396
-7.947033e-10,-0.00115845
-6.947033e-10,-0.00121552
-5.947033e-10,-0.0012752
-4.947033e-10,-0.00133747
-3.947033e-10,-0.00140038
-2.947033e-10,-0.00146459
-1.947033e-10,-0.00152816
-9.470328e-11,-0.00158978
5.296723e-12,-0.00164815
1.052967e-10,-0.00170394
2.052967e-10,-0.00175583
3.052967e-10,-0.00180447
4.052967e-10,-0.00184988
5.052967e-10,-0.00189528
6.052967e-10,-0.00194133
7.052967e-10,-0.00198998
8.052967e-10,-0.00204057
9.052967e-10,-0.00209311
1.005297e-09,-0.00214824
1.105297e-09,-0.00220337
1.205297e-09,-0.00225721
1.305297e-09,-0.00230845
1.405297e-09,-0.00235645
1.505297e-09,-0.00239861
1.605297e-09,-0.00243688
1.705297e-09,-0.0024706
1.805297e-09,-0.00250174
1.905297e-09,-0.00253157
2.005297e-09,-0.00256011
2.105297e-09,-0.00258995
2.205297e-09,-0.00262173
2.305297e-09,-0.00265481
2.405297e-09,-0.00268854
2.505297e-09,-0.00272227
2.605297e-09,-0.0027547
2.705297e-09,-0.00278389
2.805297e-09,-0.00280983
2.905297e-09,-0.00283189
3.005297e-09,-0.00285005
3.105297e-09,-0.00286626
3.205297e-09,-0.00287988
3.305297e-09,-0.00289221
3.405297e-09,-0.00290323
3.505297e-09,-0.00291231
3.605297e-09,-0.0029201
3.705297e-09,-0.00292464
3.805297e-09,-0.00292529
3.905297e-09,-0.00292075
4.005297e-09,-0.00290907
4.105297e-09,-0.00289091
4.205297e-09,-0.00286626
4.305297e-09,-0.00283513
4.405297e-09,-0.00279816
4.505297e-09,-0.00275794
4.605297e-09,-0.00271708
4.705297e-09,-0.00267687
4.805297e-09,-0.0026386
4.905297e-09,-0.00260227
5.005297e-09,-0.00256919
5.105297e-09,-0.00253676
5.205297e-09,-0.00250563
5.305297e-09,-0.00247514
5.405297e-09,-0.00244336
5.505297e-09,-0.00240899
5.605297e-09,-0.00237201
5.705297e-09,-0.00233245
5.805297e-09,-0.00229029
5.905297e-09,-0.00224748
6.005297e-09,-0.00220467
6.105297e-09,-0.00216316
6.205297e-09,-0.00212359
6.305297e-09,-0.00208532
6.405297e-09,-0.00204835
6.505297e-09,-0.00201203
6.605297e-09,-0.00197571
6.705297e-09,-0.00193744
6.805297e-09,-0.00189658
6.905297e-09,-0.00185312
7.005297e-09,-0.00180577
7.105297e-09,-0.00175583
7.205297e-09,-0.00170394
7.305297e-09,-0.0016514
7.405297e-09,-0.0016008
7.505297e-09,-0.00155216
7.605297e-09,-0.00150675
7.705297e-09,-0.00146524
7.805297e-09,-0.00142762
7.905297e-09,-0.0013939
8.005297e-09,-0.00136211
8.105297e-09,-0.00133163
8.205297e-09,-0.00130179
8.305297e-09,-0.00127195
8.405297e-09,-0.00124212
8.505297e-09,-0.00121358
8.605297e-09,-0.00118699
8.705297e-09,-0.00116234
8.805297e-09,-0.00114028
8.905297e-09,-0.00112147
9.005297e-09,-0.00110591
9.105297e-09,-0.00109229
9.205297e-09,-0.00107996
9.305297e-09,-0.00106829
9.405297e-09,-0.00105596
9.505297e-09,-0.00104299
9.605297e-09,-0.00102807
9.705297e-09,-0.00101251
9.805297e-09,-0.000997588
9.905297e-09,-0.000983967
1.00053e-08,-0.000972941
1.01053e-08,-0.000965806
1.02053e-08,-0.000961914
1.03053e-08,-0.000961914
1.04053e-08,-0.000965157
1.05053e-08,-0.000969698
1.06053e-08,-0.000973589
1.07053e-08,-0.000974886
1.08053e-08,-0.000971643
1.09053e-08,-0.00096386
1.10053e-08,-0.00094959
1.11053e-08,-0.000930132
1.12053e-08,-0.000906133
1.13053e-08,-0.000879539
1.14053e-08,-0.000852297
1.15053e-08,-0.000826352
1.16053e-08,-0.000802354
1.17053e-08,-0.000782246
1.18053e-08,-0.000766031
1.19053e-08,-0.000753707
1.20053e-08,-0.000743978
1.21053e-08,-0.000736843
1.22053e-08,-0.000731654
1.23053e-08,-0.000727114
1.24053e-08,-0.000722573
1.25053e-08,-0.00071933
1.26053e-08,-0.000716087
1.27053e-08,-0.000714141
1.28053e-08,-0.000714141
1.29053e-08,-0.000715438
1.30053e-08,-0.000718682
1.31053e-08,-0.000723222
1.32053e-08,-0.000728411
1.33053e-08,-0.000732951
1.34053e-08,-0.000736194
1.35053e-08,-0.000737491
1.36053e-08,-0.000736194
1.37053e-08,-0.0007336
1.38053e-08,-0.000729708
1.39053e-08,-0.000725168
1.40053e-08,-0.000719979
1.41053e-08,-0.000715438
1.42053e-08,-0.000711547
1.43053e-08,-0.000709601
1.44053e-08,-0.000707006
1.45053e-08,-0.000704412
1.46053e-08,-0.000699223
1.47053e-08,-0.000691439
1.48053e-08,-0.000679116
1.49053e-08,-0.000662252
1.50053e-08,-0.000641496
1.51053e-08,-0.000618145
1.52053e-08,-0.000593498
1.53053e-08,-0.000570796
1.54053e-08,-0.000551338
1.55053e-08,-0.000537716
1.56053e-08,-0.000530582
1.57053e-08,-0.000530582
1.58053e-08,-0.000537068
1.59053e-08,-0.000548094
1.60053e-08,-0.000562364
1.61053e-08,-0.000577282
1.62053e-08,-0.000592201
1.63053e-08,-0.000605173
1.64053e-08,-0.000615551
1.65053e-08,-0.000623334
1.66053e-08,-0.000629172
1.67053e-08,-0.000632415
1.68053e-08,-0.000634361
1.69053e-08,-0.000634361
1.70053e-08,-0.000633064
1.71053e-08,-0.000627875
1.72053e-08,-0.000618794
1.73053e-08,-0.000604524
1.74053e-08,-0.000584417
1.75053e-08,-0.000558472
1.76053e-08,-0.000526041
1.77053e-08,-0.000490367
1.78053e-08,-0.000454044
1.79053e-08,-0.000419019
1.80053e-08,-0.000389831
1.81053e-08,-0.000367778
1.82053e-08,-0.000355454
1.83053e-08,-0.000354157
1.84053e-08,-0.000362589
1.85053e-08,-0.000379453
1.86053e-08,-0.000402155
1.87053e-08,-0.000426802
1.88053e-08,-0.000450153
1.89053e-08,-0.00047026
1.90053e-08,-0.00048453
1.91053e-08,-0.000491016
1.92053e-08,-0.000490367
1.93053e-08,-0.000482584
1.94053e-08,-0.00047026
1.95053e-08,-0.000453396
1.96053e-08,-0.000433937
1.97053e-08,-0.00041383
1.98053e-08,-0.000393723
1.99053e-08,-0.000372318
2.00053e-08,-0.000350914
2.01053e-08,-0.000328212
2.02053e-08,-0.000304862
2.03053e-08,-0.000281512
2.04053e-08,-0.00025881
2.05053e-08,-0.000237405
2.06053e-08,-0.000217947
2.07053e-08,-0.000201083
2.08053e-08,-0.00018811
2.09053e-08,-0.000179678
2.10053e-08,-0.000175786
2.11053e-08,-0.000175138
2.12053e-08,-0.000177084
2.13053e-08,-0.000180975
2.14053e-08,-0.000184867
2.15053e-08,-0.00018811
2.16053e-08,-0.000190056
2.17053e-08,-0.000190705
2.18053e-08,-0.000191353
2.19053e-08,-0.000193299
2.20053e-08,-0.000196542
2.21053e-08,-0.000201731
2.22053e-08,-0.000210163
2.23053e-08,-0.000219893
2.24053e-08,-0.000230271
2.25053e-08,-0.000239351
2.26053e-08,-0.00024454
2.27053e-08,-0.000245189
2.28053e-08,-0.000239351
2.29053e-08,-0.000226379
2.30053e-08,-0.000208217
2.31053e-08,-0.000185516
2.32053e-08,-0.000161517
2.33053e-08,-0.000140112
2.34053e-08,-0.000123897
2.35053e-08,-0.000115465
2.36053e-08,-0.000114168
2.37053e-08,-0.000120654
2.38053e-08,-0.000134275
2.39053e-08,-0.000152436
2.40053e-08,-0.000171895
2.41053e-08,-0.000190705
2.42053e-08,-0.000207569
2.43053e-08,-0.000219893
2.44053e-08,-0.000227027
2.45053e-08,-0.000230919
2.46053e-08,-0.000232865
2.47053e-08,-0.000233514
2.48053e-08,-0.000235459
2.49053e-08,-0.000240648
2.50053e-08,-0.000249081
2.51053e-08,-0.000260107
2.52053e-08,-0.000272431
2.53053e-08,-0.000282809
2.54053e-08,-0.000290592
2.55053e-08,-0.000292538
2.56053e-08,-0.000288646
2.57053e-08,-0.000278268
2.58053e-08,-0.000262053
2.59053e-08,-0.000242594
2.60053e-08,-0.000220541
2.61053e-08,-0.000198488
2.62053e-08,-0.000179678
2.63053e-08,-0.000165409
2.64053e-08,-0.000156328
2.65053e-08,-0.000153085
2.66053e-08,-0.000154382
2.67053e-08,-0.000158922
2.68053e-08,-0.00016476
2.69053e-08,-0.000169949
2.70053e-08,-0.000173841
2.71053e-08,-0.000175786
2.72053e-08,-0.000175786
2.73053e-08,-0.000174489
2.74053e-08,-0.000173192
2.75053e-08,-0.000171895
2.76053e-08,-0.000171246
2.77053e-08,-0.000172543
2.78053e-08,-0.000175138
2.79053e-08,-0.000179678
2.80053e-08,-0.000184219
2.81053e-08,-0.00018811
2.82053e-08,-0.000192002
2.83053e-08,-0.000194596
2.84053e-08,-0.000197191
2.85053e-08,-0.000199137
2.86053e-08,-0.000203028
2.87053e-08,-0.000208866
2.88053e-08,-0.000217298
2.89053e-08,-0.000228973
2.90053e-08,-0.000242594
2.91053e-08,-0.000256215
2.92053e-08,-0.000269188
2.93053e-08,-0.000278268
2.94053e-08,-0.00028216
2.95053e-08,-0.000278268
2.96053e-08,-0.000267242
2.97053e-08,-0.000248432
2.98053e-08,-0.000224433
2.99053e-08,-0.000196542
3.00053e-08,-0.000166706
3.01053e-08,-0.000137518
3.02053e-08,-0.000111573
3.03053e-08,-8.952e-05
3.04053e-08,-7.20072e-05
3.05053e-08,-5.7089e-05
3.06053e-08,-4.47652e-05
3.07053e-08,-3.309e-05
3.08053e-08,-2.07662e-05
3.09053e-08,-7.79382e-06
3.10053e-08,6.47582e-06
3.11053e-08,1.94482e-05
3.12053e-08,3.04748e-05
3.13053e-08,3.56637e-05
3.14053e-08,3.24206e-05
3.15053e-08,2.00968e-05
3.16053e-08,-1.95624e-06
3.17053e-08,-3.24414e-05
3.18053e-08,-7.00614e-05
3.19053e-08,-0.000109627
3.20053e-08,-0.000147247
3.21053e-08,-0.000179678
3.22053e-08,-0.000203028
3.23053e-08,-0.000216001
3.24053e-08,-0.000217947
3.25053e-08,-0.000210163
3.26053e-08,-0.000196542
3.27053e-08,-0.00017903
3.28053e-08,-0.000162814
3.29053e-08,-0.000149842
3.30053e-08,-0.000142707
3.31053e-08,-0.00014141
3.32053e-08,-0.00014595
3.33053e-08,-0.000153085
3.34053e-08,-0.000162165
3.35053e-08,-0.0001693
3.36053e-08,-0.000171895
3.37053e-08,-0.000171246
3.38053e-08,-0.000165409
3.39053e-08,-0.000157625
3.40053e-08,-0.000147896
3.41053e-08,-0.000140112
3.42053e-08,-0.000134923
3.43053e-08,-0.000133626
3.44053e-08,-0.000136869
3.45053e-08,-0.000144004
3.46053e-08,-0.000153733
3.47053e-08,-0.000163463
3.48053e-08,-0.000171246
3.49053e-08,-0.000175138
3.50053e-08,-0.000175138
3.51053e-08,-0.000171895
3.52053e-08,-0.000165409
3.53053e-08,-0.000158922
3.54053e-08,-0.000154382
3.55053e-08,-0.000154382
3.56053e-08,-0.000158274
3.57053e-08,-0.000168003
3.58053e-08,-0.000182921
3.59053e-08,-0.000199785
3.60053e-08,-0.000217298
3.61053e-08,-0.000232865
3.62053e-08,-0.000243892
3.63053e-08,-0.000250378
3.64053e-08,-0.000251026
3.65053e-08,-0.000247783
3.66053e-08,-0.000242594
3.67053e-08,-0.000237405
3.68053e-08,-0.000234811
3.69053e-08,-0.000237405
3.70053e-08,-0.000246486
3.71053e-08,-0.000262053
3.72053e-08,-0.000280863
3.73053e-08,-0.00030097
3.74053e-08,-0.000319131
3.75053e-08,-0.000332104
3.76053e-08,-0.000337293
3.77053e-08,-0.000333401
3.78053e-08,-0.00031978
3.79053e-08,-0.000297727
3.80053e-08,-0.000269188
3.81053e-08,-0.000237405
3.82053e-08,-0.000205623
3.83053e-08,-0.000176435
3.84053e-08,-0.000151787
3.85053e-08,-0.000132978
3.86053e-08,-0.000120654
3.87053e-08,-0.00011287
3.88053e-08,-0.000108979
3.89053e-08,-0.00010833
3.90053e-08,-0.000108979
3.91053e-08,-0.000110276
3.92053e-08,-0.000112222
3.93053e-08,-0.000114816
3.94053e-08,-0.000120005
3.95053e-08,-0.00012714
3.96053e-08,-0.000136221
3.97053e-08,-0.00014595
3.98053e-08,-0.000156328
3.99053e-08,-0.000165409
4.00053e-08,-0.000171246
4.01053e-08,-0.000171895
4.02053e-08,-0.000165409
4.03053e-08,-0.000151139
4.04053e-08,-0.000129734
4.05053e-08,-0.000101844
4.06053e-08,-7.071e-05
4.07053e-08,-4.02248e-05
4.08053e-08,-1.23342e-05
4.09053e-08,8.42168e-06
4.10053e-08,2.00968e-05
4.11053e-08,2.26913e-05
4.12053e-08,1.62051e-05
4.13053e-08,3.23272e-06
4.14053e-08,-1.428e-05
4.15053e-08,-3.309e-05
4.16053e-08,-5.06027e-05
4.17053e-08,-6.61696e-05
4.18053e-08,-7.78448e-05
4.19053e-08,-8.69255e-05
4.20053e-08,-9.40603e-05
4.21053e-08,-0.000101195
4.22053e-08,-0.000111573
4.23053e-08,-0.000125843
4.24053e-08,-0.00014595
4.25053e-08,-0.000170597
4.26053e-08,-0.00019784
4.27053e-08,-0.000226379
4.28053e-08,-0.000252324
4.29053e-08,-0.000273728
4.30053e-08,-0.000288646
4.31053e-08,-0.00029643
4.32053e-08,-0.00029643
4.33053e-08,-0.000289295
4.34053e-08,-0.00027762
4.35053e-08,-0.000263999
4.36053e-08,-0.000251675
4.37053e-08,-0.000241297
4.38053e-08,-0.000235459
4.39053e-08,-0.000233514
4.40053e-08,-0.000234811
4.41053e-08,-0.000238054
4.42053e-08,-0.000241946
4.43053e-08,-0.00024454
4.44053e-08,-0.00024454
4.45053e-08,-0.000240648
4.46053e-08,-0.000232865
4.47053e-08,-0.000222487
4.48053e-08,-0.000209515
4.49053e-08,-0.000195245
4.50053e-08,-0.000181624
4.51053e-08,-0.000168003
4.52053e-08,-0.000155031
4.53053e-08,-0.000142058
4.54053e-08,-0.000128437
4.55053e-08,-0.00011287
4.56053e-08,-9.40603e-05
4.57053e-08,-7.26558e-05
4.58053e-08,-4.80083e-05
4.59053e-08,-2.27121e-05
4.60053e-08,1.93548e-06
4.61053e-08,2.26913e-05
4.62053e-08,3.82582e-05
4.63053e-08,4.60417e-05
4.64053e-08,4.5393e-05
4.65053e-08,3.63124e-05
4.66053e-08,2.00968e-05
4.67053e-08,-1.95624e-06
4.68053e-08,-2.72524e-05
4.69053e-08,-5.51431e-05
4.70053e-08,-8.23851e-05
4.71053e-08,-0.000107681
4.72053e-08,-0.000131032
4.73053e-08,-0.000151787
4.74053e-08,-0.000170597
4.75053e-08,-0.000188759
4.76053e-08,-0.000206272
4.77053e-08,-0.000223136
4.78053e-08,-0.000238703
4.79053e-08,-0.000251026
4.80053e-08,-0.00025881
4.81053e-08,-0.000260107
4.82053e-08,-0.000252972
4.83053e-08,-0.000238054
4.84053e-08,-0.000214704
4.85053e-08,-0.000184867
4.86053e-08,-0.00015049
4.87053e-08,-0.000113519
4.88053e-08,-7.84934e-05
4.89053e-08,-4.86569e-05
4.90053e-08,-2.72524e-05
4.91053e-08,-1.49286e-05
4.92053e-08,-1.16855e-05
4.93053e-08,-1.68745e-05
4.94053e-08,-2.91983e-05
4.95053e-08,-4.60624e-05
4.96053e-08,-6.48724e-05
4.97053e-08,-8.30338e-05
4.98053e-08,-9.98979e-05
4.99053e-08,-0.000116113
5.00053e-08,-0.000131032
5.01053e-08,-0.00014595
5.02053e-08,-0.000163463
5.03053e-08,-0.00018357
5.04053e-08,-0.000206272
5.05053e-08,-0.000230919
5.06053e-08,-0.000256215
5.07053e-08,-0.000279566
5.08053e-08,-0.000297727
5.09053e-08,-0.000309402
5.10053e-08,-0.000311997
5.11053e-08,-0.000304213
5.12053e-08,-0.0002867
5.13053e-08,-0.000262702
5.14053e-08,-0.000236108
5.15053e-08,-0.000208217
5.16053e-08,-0.000182921
5.17053e-08,-0.000162165
5.18053e-08,-0.000148544
5.19053e-08,-0.00014141
5.20053e-08,-0.000139464
5.21053e-08,-0.000140112
5.22053e-08,-0.000140761
5.23053e-08,-0.000139464
5.24053e-08,-0.000133626
5.25053e-08,-0.000123248
5.26053e-08,-0.000109627
5.27053e-08,-9.34117e-05
5.28053e-08,-7.71962e-05
5.29053e-08,-6.35752e-05
5.30053e-08,-5.51431e-05
5.31053e-08,-5.31972e-05
5.32053e-08,-5.77376e-05
5.33053e-08,-6.81155e-05
5.34053e-08,-8.23851e-05
5.35053e-08,-9.86006e-05
5.36053e-08,-0.00011287
5.37053e-08,-0.000123248
5.38053e-08,-0.000129086
5.39053e-08,-0.000129734
5.40053e-08,-0.000125843
5.41053e-08,-0.000119356
5.42053e-08,-0.000112222
5.43053e-08,-0.000107033
5.44053e-08,-0.000104438
5.45053e-08,-0.000104438
5.46053e-08,-0.000107033
5.47053e-08,-0.000110924
5.48053e-08,-0.000113519
5.49053e-08,-0.000114168
5.50053e-08,-0.000110276
5.51053e-08,-0.000101844
5.52053e-08,-8.82227e-05
5.53053e-08,-7.071e-05
5.54053e-08,-5.19e-05
5.55053e-08,-3.50359e-05
5.56053e-08,-2.20635e-05
5.57053e-08,-1.55773e-05
5.58053e-08,-1.62259e-05
5.59053e-08,-2.40093e-05
5.60053e-08,-3.76303e-05
5.61053e-08,-5.38459e-05
5.62053e-08,-6.94127e-05
5.63053e-08,-8.17365e-05
5.64053e-08,-9.01686e-05
5.65053e-08,-9.21144e-05
5.66053e-08,-8.88713e-05
5.67053e-08,-8.17365e-05
5.68053e-08,-7.071e-05
5.69053e-08,-5.83862e-05
5.70053e-08,-4.73596e-05
5.71053e-08,-3.8279e-05
5.72053e-08,-3.11441e-05
5.73053e-08,-2.59552e-05
5.74053e-08,-2.14148e-05
5.75053e-08,-1.62259e-05
5.76053e-08,-9.09106e-06
5.77053e-08,-1.03779e-08
5.78053e-08,1.10162e-05
5.79053e-08,2.33399e-05
5.80053e-08,3.50151e-05
5.81053e-08,4.34472e-05
5.82053e-08,4.66903e-05
5.83053e-08,4.27986e-05
5.84053e-08,3.11234e-05
5.85053e-08,1.36106e-05
5.86053e-08,-8.44244e-06
5.87053e-08,-3.24414e-05
5.88053e-08,-5.51431e-05
5.89053e-08,-7.39531e-05
5.90053e-08,-8.75741e-05
5.91053e-08,-9.27631e-05
5.92053e-08,-9.14658e-05
5.93053e-08,-8.36824e-05
5.94053e-08,-7.33045e-05
5.95053e-08,-6.35752e-05
5.96053e-08,-5.7089e-05
5.97053e-08,-5.64403e-05
5.98053e-08,-6.22779e-05
5.99053e-08,-7.52503e-05
6.00053e-08,-9.27631e-05
6.01053e-08,-0.00011287
6.02053e-08,-0.000132978
6.03053e-08,-0.000149193
6.04053e-08,-0.000159571
6.05053e-08,-0.000163463
6.06053e-08,-0.000160868
6.07053e-08,-0.000153085
6.08053e-08,-0.00014141
6.09053e-08,-0.000129086
6.10053e-08,-0.000117411
6.11053e-08,-0.000107681
6.12053e-08,-9.98979e-05
6.13053e-08,-9.40603e-05
6.14053e-08,-8.88713e-05
6.15053e-08,-8.23851e-05
6.16053e-08,-7.20072e-05
6.17053e-08,-5.57917e-05
6.18053e-08,-3.43872e-05
6.19053e-08,-9.73968e-06
6.20053e-08,1.8151e-05
6.21053e-08,4.47444e-05
6.22053e-08,6.80947e-05
6.23053e-08,8.43102e-05
6.24053e-08,9.14451e-05
6.25053e-08,8.88506e-05
6.26053e-08,7.71754e-05
6.27053e-08,5.83654e-05
6.28053e-08,3.63124e-05
6.29053e-08,1.49079e-05
6.30053e-08,-3.25348e-06
6.31053e-08,-1.428e-05
6.32053e-08,-1.62259e-05
6.33053e-08,-9.73968e-06
6.34053e-08,4.52996e-06
6.35053e-08,2.39886e-05
6.36053e-08,4.60417e-05
6.37053e-08,6.80947e-05
6.38053e-08,8.62561e-05
6.39053e-08,9.98771e-05
6.40053e-08,0.000108309
6.41053e-08,0.000114147
6.42053e-08,0.000118038
6.43053e-08,0.000123227
6.44053e-08,0.000130362
6.45053e-08,0.000141389
6.46053e-08,0.000155658
6.47053e-08,0.000172523
6.48053e-08,0.000189387
6.49053e-08,0.000203656
6.50053e-08,0.000212737
6.51053e-08,0.000214034
6.52053e-08,0.000205602
6.53053e-08,0.000188738
6.54053e-08,0.000164739
6.55053e-08,0.0001362
6.56053e-08,0.000106363
6.57053e-08,7.7824e-05
6.58053e-08,5.25279e-05
6.59053e-08,3.30692e-05
6.60053e-08,1.87996e-05
6.61053e-08,9.71892e-06
6.62053e-08,3.23272e-06
6.63053e-08,-3.9021e-06
6.64053e-08,-1.23342e-05
6.65053e-08,-2.46579e-05
6.66053e-08,-4.08734e-05
6.67053e-08,-5.90348e-05
6.68053e-08,-7.78448e-05
6.69053e-08,-9.47089e-05
6.70053e-08,-0.000107033
6.71053e-08,-0.000112222
6.72053e-08,-0.000110276
6.73053e-08,-9.92493e-05
6.74053e-08,-8.23851e-05
6.75053e-08,-6.16293e-05
6.76053e-08,-4.02248e-05
6.77053e-08,-2.14148e-05
6.78053e-08,-6.49658e-06
6.79053e-08,2.5841e-06
6.80053e-08,7.12444e-06
6.81053e-08,8.42168e-06
6.82053e-08,8.42168e-06
6.83053e-08,9.0703e-06
6.84053e-08,1.36106e-05
6.85053e-08,2.33399e-05
6.86053e-08,3.89068e-05
6.87053e-08,5.90141e-05
6.88053e-08,8.17158e-05
6.89053e-08,0.000104417
6.90053e-08,0.000123876
6.91053e-08,0.000138794
6.92053e-08,0.000147226
6.93053e-08,0.000149172
6.94053e-08,0.000143983
6.95053e-08,0.000134903
6.96053e-08,0.000123876
6.97053e-08,0.000112201
6.98053e-08,0.000101823
6.99053e-08,9.40395e-05
7.00053e-08,8.75533e-05
7.01053e-08,8.17158e-05
7.02053e-08,7.45809e-05
7.03053e-08,6.4203e-05
7.04053e-08,5.0582e-05
7.05053e-08,3.1772e-05
7.06053e-08,9.0703e-06
7.07053e-08,-1.55773e-05
7.08053e-08,-3.95762e-05
7.09053e-08,-6.03321e-05
7.10053e-08,-7.46017e-05
7.11053e-08,-8.04393e-05
7.12053e-08,-7.71962e-05
7.13053e-08,-6.5521e-05
7.14053e-08,-4.80083e-05
7.15053e-08,-2.66038e-05
7.16053e-08,-5.19934e-06
7.17053e-08,1.23134e-05
7.18053e-08,2.39886e-05
7.19053e-08,2.78803e-05
7.20053e-08,2.39886e-05
7.21053e-08,1.36106e-05
7.22053e-08,-1.95624e-06
7.23053e-08,-2.01176e-05
7.24053e-08,-3.8279e-05
7.25053e-08,-5.51431e-05
7.26053e-08,-6.94127e-05
7.27053e-08,-8.10879e-05
7.28053e-08,-9.08172e-05
7.29053e-08,-9.98979e-05
7.30053e-08,-0.000110924
7.31053e-08,-0.000123897
7.32053e-08,-0.000138166
7.33053e-08,-0.000153733
7.34053e-08,-0.000168652
7.35053e-08,-0.000181624
7.36053e-08,-0.000188759
7.37053e-08,-0.000189407
7.38053e-08,-0.000182273
7.39053e-08,-0.000168652
7.40053e-08,-0.000149193
7.41053e-08,-0.000127789
7.42053e-08,-0.000109627
7.43053e-08,-9.66548e-05
7.44053e-08,-9.27631e-05
7.45053e-08,-9.92493e-05
7.46053e-08,-0.000117411
7.47053e-08,-0.00014595
7.48053e-08,-0.000179678
7.49053e-08,-0.000215352
7.50053e-08,-0.000248432
7.51053e-08,-0.000272431
7.52053e-08,-0.000285403
7.53053e-08,-0.000284106
7.54053e-08,-0.000271134
7.55053e-08,-0.000247135
7.56053e-08,-0.00021665
7.57053e-08,-0.000182921
7.58053e-08,-0.000151139
7.59053e-08,-0.000124545
7.60053e-08,-0.000106384
7.61053e-08,-9.66548e-05
7.62053e-08,-9.40603e-05
7.63053e-08,-9.53575e-05
7.64053e-08,-9.86006e-05
7.65053e-08,-0.000100547
7.66053e-08,-9.92493e-05
7.67053e-08,-9.34117e-05
7.68053e-08,-8.36824e-05
7.69053e-08,-7.00614e-05
7.70053e-08,-5.57917e-05
7.71053e-08,-4.34679e-05
7.72053e-08,-3.43872e-05
