LECROYWaveRunner‘N,20113,Waveform
Segments,1,SegmentSize,2002
Segment,TrigTime,TimeSinceSegment1
#1,28-Sep-2018 13:20:36,0                 
Time,Ampl
-1.228259e-07,7.13378e-05
-1.227259e-07,9.07964e-05
-1.226259e-07,0.000110255
-1.225259e-07,0.000129065
-1.224259e-07,0.000144632
-1.223259e-07,0.00015501
-1.222259e-07,0.000158902
-1.221259e-07,0.000156307
-1.220259e-07,0.000145929
-1.219259e-07,0.000129714
-1.218259e-07,0.000108309
-1.217259e-07,8.3013e-05
-1.216259e-07,5.70682e-05
-1.215259e-07,3.11234e-05
-1.214259e-07,6.47582e-06
-1.213259e-07,-1.49286e-05
-1.212259e-07,-3.37386e-05
-1.211259e-07,-4.86569e-05
-1.210259e-07,-6.03321e-05
-1.209259e-07,-6.81155e-05
-1.208259e-07,-7.26558e-05
-1.207259e-07,-7.46017e-05
-1.206259e-07,-7.46017e-05
-1.205259e-07,-7.13586e-05
-1.204259e-07,-6.5521e-05
-1.203259e-07,-5.7089e-05
-1.202259e-07,-4.60624e-05
-1.201259e-07,-3.17928e-05
-1.200259e-07,-1.62259e-05
-1.199259e-07,-1.03779e-08
-1.198259e-07,1.68537e-05
-1.197259e-07,3.37179e-05
-1.196259e-07,4.86361e-05
-1.195259e-07,6.16085e-05
-1.194259e-07,7.19865e-05
-1.193259e-07,7.91213e-05
-1.192259e-07,8.3013e-05
-1.191259e-07,8.36616e-05
-1.190259e-07,8.10671e-05
-1.189259e-07,7.58782e-05
-1.188259e-07,6.80947e-05
-1.187259e-07,5.77168e-05
-1.186259e-07,4.47444e-05
-1.185259e-07,3.1772e-05
-1.184259e-07,1.8151e-05
-1.183259e-07,5.17858e-06
-1.182259e-07,-5.84796e-06
-1.181259e-07,-1.29828e-05
-1.180259e-07,-1.49286e-05
-1.179259e-07,-1.10369e-05
-1.178259e-07,6.38242e-07
-1.177259e-07,1.94482e-05
-1.176259e-07,4.5393e-05
-1.175259e-07,7.58782e-05
-1.174259e-07,0.000109606
-1.173259e-07,0.000142037
-1.172259e-07,0.000171874
-1.171259e-07,0.000194576
-1.170259e-07,0.000208845
-1.169259e-07,0.000212737
-1.168259e-07,0.000206899
-1.167259e-07,0.000190684
-1.166259e-07,0.000167982
-1.165259e-07,0.000140092
-1.164259e-07,0.000111552
-1.163259e-07,8.3013e-05
-1.162259e-07,5.77168e-05
-1.161259e-07,3.82582e-05
-1.160259e-07,2.59344e-05
-1.159259e-07,1.87996e-05
-1.158259e-07,1.75024e-05
-1.157259e-07,2.00968e-05
-1.156259e-07,2.46372e-05
-1.155259e-07,2.98261e-05
-1.154259e-07,3.43665e-05
-1.153259e-07,3.76096e-05
-1.152259e-07,4.02041e-05
-1.151259e-07,4.08527e-05
-1.150259e-07,4.15013e-05
-1.149259e-07,4.08527e-05
-1.148259e-07,4.08527e-05
-1.147259e-07,3.95555e-05
-1.146259e-07,3.76096e-05
-1.145259e-07,3.56637e-05
-1.144259e-07,3.11234e-05
-1.143259e-07,2.33399e-05
-1.142259e-07,1.2962e-05
-1.141259e-07,-1.30762e-06
-1.140259e-07,-1.81717e-05
-1.139259e-07,-3.69817e-05
-1.138259e-07,-5.7089e-05
-1.137259e-07,-7.58989e-05
-1.136259e-07,-9.21144e-05
-1.135259e-07,-0.000104438
-1.134259e-07,-0.000112222
-1.133259e-07,-0.000114168
-1.132259e-07,-0.000110924
-1.131259e-07,-0.00010379
-1.130259e-07,-9.27631e-05
-1.129259e-07,-7.84934e-05
-1.128259e-07,-6.29265e-05
-1.127259e-07,-4.54138e-05
-1.126259e-07,-2.7901e-05
-1.125259e-07,-9.09106e-06
-1.124259e-07,9.0703e-06
-1.123259e-07,2.72317e-05
-1.122259e-07,4.5393e-05
-1.121259e-07,6.29058e-05
-1.120259e-07,7.84727e-05
-1.119259e-07,9.20937e-05
-1.118259e-07,0.00010312
-1.117259e-07,0.000110255
-1.116259e-07,0.000113498
-1.115259e-07,0.000112201
-1.114259e-07,0.000107661
-1.113259e-07,0.000101174
-1.112259e-07,9.33909e-05
-1.111259e-07,8.62561e-05
-1.110259e-07,8.04185e-05
-1.109259e-07,7.71754e-05
-1.108259e-07,7.71754e-05
-1.107259e-07,7.97699e-05
-1.106259e-07,8.43102e-05
-1.105259e-07,8.94992e-05
-1.104259e-07,9.40395e-05
-1.103259e-07,9.59854e-05
-1.102259e-07,9.59854e-05
-1.101259e-07,9.20937e-05
-1.100259e-07,8.56075e-05
-1.099259e-07,7.7824e-05
-1.098259e-07,6.87434e-05
-1.097259e-07,6.09599e-05
-1.096259e-07,5.5771e-05
-1.095259e-07,5.31765e-05
-1.094259e-07,5.38251e-05
-1.093259e-07,5.77168e-05
-1.092259e-07,6.35544e-05
-1.091259e-07,6.87434e-05
-1.090259e-07,7.26351e-05
-1.089259e-07,7.39323e-05
-1.088259e-07,7.13378e-05
-1.087259e-07,6.48516e-05
-1.086259e-07,5.51223e-05
-1.085259e-07,4.34472e-05
-1.084259e-07,3.1772e-05
-1.083259e-07,2.07455e-05
-1.082259e-07,1.03675e-05
-1.081259e-07,2.5841e-06
-1.080259e-07,-3.25348e-06
-1.079259e-07,-8.44244e-06
-1.078259e-07,-1.428e-05
-1.077259e-07,-2.07662e-05
-1.076259e-07,-2.91983e-05
-1.075259e-07,-3.95762e-05
-1.074259e-07,-5.12514e-05
-1.073259e-07,-6.42238e-05
-1.072259e-07,-7.58989e-05
-1.071259e-07,-8.62769e-05
-1.070259e-07,-9.34117e-05
-1.069259e-07,-9.66548e-05
-1.068259e-07,-9.60062e-05
-1.067259e-07,-9.14658e-05
-1.066259e-07,-8.36824e-05
-1.065259e-07,-7.46017e-05
-1.064259e-07,-6.5521e-05
-1.063259e-07,-5.83862e-05
-1.062259e-07,-5.25486e-05
-1.061259e-07,-4.73596e-05
-1.060259e-07,-4.21707e-05
-1.059259e-07,-3.63331e-05
-1.058259e-07,-2.85497e-05
-1.057259e-07,-1.75231e-05
-1.056259e-07,-1.95624e-06
-1.055259e-07,1.8151e-05
-1.054259e-07,4.21499e-05
-1.053259e-07,6.87434e-05
-1.052259e-07,9.46882e-05
-1.051259e-07,0.00011739
-1.050259e-07,0.000135551
-1.049259e-07,0.000147226
-1.048259e-07,0.000151118
-1.047259e-07,0.000147875
-1.046259e-07,0.000138146
-1.045259e-07,0.000125173
-1.044259e-07,0.000110255
-1.043259e-07,9.53368e-05
-1.042259e-07,8.3013e-05
-1.041259e-07,7.45809e-05
-1.040259e-07,6.9392e-05
-1.039259e-07,6.61489e-05
-1.038259e-07,6.4203e-05
-1.037259e-07,6.22572e-05
-1.036259e-07,5.83654e-05
-1.035259e-07,5.18792e-05
-1.034259e-07,4.21499e-05
-1.033259e-07,2.98261e-05
-1.032259e-07,1.68537e-05
-1.031259e-07,3.88134e-06
-1.030259e-07,-6.49658e-06
-1.029259e-07,-1.36314e-05
-1.028259e-07,-1.49286e-05
-1.027259e-07,-1.03883e-05
-1.026259e-07,-1.03779e-08
-1.025259e-07,1.36106e-05
-1.024259e-07,2.98261e-05
-1.023259e-07,4.5393e-05
-1.022259e-07,6.03113e-05
-1.021259e-07,7.26351e-05
-1.020259e-07,8.10671e-05
-1.019259e-07,8.43102e-05
-1.018259e-07,8.36616e-05
-1.017259e-07,7.91213e-05
-1.016259e-07,7.26351e-05
-1.015259e-07,6.35544e-05
-1.014259e-07,5.38251e-05
-1.013259e-07,4.21499e-05
-1.012259e-07,2.85289e-05
-1.011259e-07,1.36106e-05
-1.010259e-07,-3.25348e-06
-1.009259e-07,-2.14148e-05
-1.008259e-07,-4.02248e-05
-1.007259e-07,-5.96834e-05
-1.006259e-07,-7.78448e-05
-1.005259e-07,-9.27631e-05
-1.004259e-07,-0.000102492
-1.003259e-07,-0.000105735
-1.002259e-07,-0.000101844
-1.001259e-07,-9.01686e-05
-1.000259e-07,-7.26558e-05
-9.992591e-08,-5.12514e-05
-9.982591e-08,-2.91983e-05
-9.972591e-08,-7.79382e-06
-9.962591e-08,1.03675e-05
-9.952591e-08,2.26913e-05
-9.942591e-08,2.85289e-05
-9.932591e-08,2.78803e-05
-9.922591e-08,2.20427e-05
-9.912591e-08,1.36106e-05
-9.902591e-08,3.88134e-06
-9.892591e-08,-3.9021e-06
-9.882591e-08,-8.44244e-06
-9.872591e-08,-7.79382e-06
-9.862591e-08,-1.95624e-06
-9.852591e-08,7.77306e-06
-9.842591e-08,2.13941e-05
-9.832591e-08,3.63124e-05
-9.822591e-08,5.12306e-05
-9.812591e-08,6.4203e-05
-9.802591e-08,7.45809e-05
-9.792591e-08,8.10671e-05
-9.782591e-08,8.49589e-05
-9.772591e-08,8.62561e-05
-9.762591e-08,8.62561e-05
-9.752591e-08,8.56075e-05
-9.742591e-08,8.56075e-05
-9.732591e-08,8.62561e-05
-9.722591e-08,8.8202e-05
-9.712591e-08,8.94992e-05
-9.702591e-08,9.07964e-05
-9.692591e-08,9.14451e-05
-9.682591e-08,9.14451e-05
-9.672591e-08,8.94992e-05
-9.662591e-08,8.75533e-05
-9.652591e-08,8.62561e-05
-9.642591e-08,8.75533e-05
-9.632591e-08,9.27423e-05
-9.622591e-08,0.000102472
-9.612591e-08,0.000118687
-9.602591e-08,0.000138794
-9.592591e-08,0.000162793
-9.582591e-08,0.000189387
-9.572591e-08,0.00021598
-9.562591e-08,0.000240628
-9.552591e-08,0.000260735
-9.542591e-08,0.000274356
-9.532591e-08,0.000282139
-9.522591e-08,0.000284734
-9.512591e-08,0.000282788
-9.502591e-08,0.000277599
-9.492591e-08,0.000271113
-9.482591e-08,0.000263978
-9.472591e-08,0.000256843
-9.462591e-08,0.000250357
-9.452591e-08,0.000243871
-9.442591e-08,0.000236087
-9.432591e-08,0.000226358
-9.422591e-08,0.000213386
-9.412591e-08,0.000197819
-9.402591e-08,0.000180955
-9.392591e-08,0.000162793
-9.382591e-08,0.000145929
-9.372591e-08,0.000132308
-9.362591e-08,0.000123876
-9.352591e-08,0.00012193
-9.342591e-08,0.000128416
-9.332591e-08,0.000142686
-9.322591e-08,0.000162793
-9.312591e-08,0.000186792
-9.302591e-08,0.00021144
-9.292591e-08,0.00023479
-9.282591e-08,0.000254249
-9.272591e-08,0.00026787
-9.262591e-08,0.000275653
-9.252591e-08,0.00027695
-9.242591e-08,0.000273059
-9.232591e-08,0.000265924
-9.222591e-08,0.000257492
-9.212591e-08,0.000249708
-9.202591e-08,0.000243871
-9.192591e-08,0.00023933
-9.182591e-08,0.000235439
-9.172591e-08,0.000231547
-9.162591e-08,0.000224412
-9.152591e-08,0.000213386
-9.142591e-08,0.000196522
-9.132591e-08,0.000173171
-9.122591e-08,0.000143983
-9.112591e-08,0.000110255
-9.102591e-08,7.58782e-05
-9.092591e-08,4.27986e-05
-9.082591e-08,1.49079e-05
-9.072591e-08,-5.84796e-06
-9.062591e-08,-1.81717e-05
-9.052591e-08,-2.01176e-05
-9.042591e-08,-1.29828e-05
-9.032591e-08,1.93548e-06
-9.022591e-08,2.33399e-05
-9.012591e-08,4.79875e-05
-9.002591e-08,7.39323e-05
-8.992591e-08,9.98771e-05
-8.982591e-08,0.000123227
-8.972591e-08,0.000143335
-8.962591e-08,0.00015955
-8.952591e-08,0.000171874
-8.942591e-08,0.000180306
-8.932591e-08,0.000185495
-8.922591e-08,0.000188089
-8.912591e-08,0.000187441
-8.902591e-08,0.000183549
-8.892591e-08,0.000177063
-8.882591e-08,0.000167982
-8.872591e-08,0.000156956
-8.862591e-08,0.000143983
-8.852591e-08,0.000129714
-8.842591e-08,0.000116093
-8.832591e-08,0.000104417
-8.822591e-08,9.59854e-05
-8.812591e-08,9.14451e-05
-8.802591e-08,9.01478e-05
-8.792591e-08,9.20937e-05
-8.782591e-08,9.53368e-05
-8.772591e-08,9.92285e-05
-8.762591e-08,0.000101823
-8.752591e-08,0.000101823
-8.742591e-08,9.79313e-05
-8.732591e-08,9.07964e-05
-8.722591e-08,8.10671e-05
-8.712591e-08,7.06892e-05
-8.702591e-08,6.16085e-05
-8.692591e-08,5.44737e-05
-8.682591e-08,5.25279e-05
-8.672591e-08,5.51223e-05
-8.662591e-08,6.16085e-05
-8.652591e-08,7.19865e-05
-8.642591e-08,8.36616e-05
-8.632591e-08,9.40395e-05
-8.622591e-08,0.000101174
-8.612591e-08,0.00010312
-8.602591e-08,9.98771e-05
-8.592591e-08,9.01478e-05
-8.582591e-08,7.58782e-05
-8.572591e-08,5.77168e-05
-8.562591e-08,3.82582e-05
-8.552591e-08,1.8151e-05
-8.542591e-08,-6.58998e-07
-8.532591e-08,-1.68745e-05
-8.522591e-08,-3.17928e-05
-8.512591e-08,-4.54138e-05
-8.502591e-08,-5.83862e-05
-8.492591e-08,-7.13586e-05
-8.482591e-08,-8.56282e-05
-8.472591e-08,-0.000101195
-8.462591e-08,-0.000115465
-8.452591e-08,-0.000127789
-8.442591e-08,-0.000134923
-8.432591e-08,-0.000133626
-8.422591e-08,-0.000121951
-8.412591e-08,-9.92493e-05
-8.402591e-08,-6.35752e-05
-8.392591e-08,-1.75231e-05
-8.382591e-08,3.6961e-05
-8.372591e-08,9.59854e-05
-8.362591e-08,0.000154361
-8.352591e-08,0.000208845
-8.342591e-08,0.000254897
-8.332591e-08,0.000289923
-8.322591e-08,0.000313273
-8.312591e-08,0.000323651
-8.302591e-08,0.0003243
-8.292591e-08,0.000315868
-8.282591e-08,0.000301598
-8.272591e-08,0.000284734
-8.262591e-08,0.000266573
-8.252591e-08,0.00024906
-8.242591e-08,0.000234141
-8.232591e-08,0.000221818
-8.222591e-08,0.00021144
-8.212591e-08,0.00020171
-8.202591e-08,0.00019263
-8.192591e-08,0.000183549
-8.182591e-08,0.000173171
-8.172591e-08,0.000162793
-8.162591e-08,0.000151767
-8.152591e-08,0.000139443
-8.142591e-08,0.000126471
-8.132591e-08,0.000111552
-8.122591e-08,9.33909e-05
-8.112591e-08,7.19865e-05
-8.102591e-08,4.60417e-05
-8.092591e-08,1.62051e-05
-8.082591e-08,-1.81717e-05
-8.072591e-08,-5.57917e-05
-8.062591e-08,-9.47089e-05
-8.052591e-08,-0.000132329
-8.042591e-08,-0.000166706
-8.032591e-08,-0.000194596
-8.022591e-08,-0.000214704
-8.012591e-08,-0.00022573
-8.002591e-08,-0.000227676
-7.992591e-08,-0.00022119
-7.982591e-08,-0.000207569
-7.972591e-08,-0.000188759
-7.962591e-08,-0.000168003
-7.952591e-08,-0.000147247
-7.942591e-08,-0.000128437
-7.932591e-08,-0.000111573
-7.922591e-08,-9.7952e-05
-7.912591e-08,-8.69255e-05
-7.902591e-08,-7.84934e-05
-7.892591e-08,-7.20072e-05
-7.882591e-08,-6.61696e-05
-7.872591e-08,-6.16293e-05
-7.862591e-08,-5.64403e-05
-7.852591e-08,-5.12514e-05
-7.842591e-08,-4.6711e-05
-7.832591e-08,-4.34679e-05
-7.822591e-08,-4.21707e-05
-7.812591e-08,-4.15221e-05
-7.802591e-08,-4.15221e-05
-7.792591e-08,-4.08734e-05
-7.782591e-08,-3.89276e-05
-7.772591e-08,-3.37386e-05
-7.762591e-08,-2.40093e-05
-7.752591e-08,-1.03883e-05
-7.742591e-08,7.12444e-06
-7.732591e-08,2.91775e-05
-7.722591e-08,5.38251e-05
-7.712591e-08,7.7824e-05
-7.702591e-08,9.98771e-05
-7.692591e-08,0.000116093
-7.682591e-08,0.000126471
-7.672591e-08,0.000128416
-7.662591e-08,0.000122579
-7.652591e-08,0.000110255
-7.642591e-08,9.33909e-05
-7.632591e-08,7.26351e-05
-7.622591e-08,5.0582e-05
-7.612591e-08,3.04748e-05
-7.602591e-08,1.23134e-05
-7.592591e-08,-2.60486e-06
-7.582591e-08,-1.428e-05
-7.572591e-08,-2.27121e-05
-7.562591e-08,-2.7901e-05
-7.552591e-08,-3.11441e-05
-7.542591e-08,-3.309e-05
-7.532591e-08,-3.37386e-05
-7.522591e-08,-3.24414e-05
-7.512591e-08,-2.91983e-05
-7.502591e-08,-2.33607e-05
-7.492591e-08,-1.62259e-05
-7.482591e-08,-6.49658e-06
-7.472591e-08,5.17858e-06
-7.462591e-08,1.75024e-05
-7.452591e-08,3.11234e-05
-7.442591e-08,4.40958e-05
-7.432591e-08,5.51223e-05
-7.422591e-08,6.35544e-05
-7.412591e-08,7.06892e-05
-7.402591e-08,7.58782e-05
-7.392591e-08,8.04185e-05
-7.382591e-08,8.43102e-05
-7.372591e-08,8.8202e-05
-7.362591e-08,9.40395e-05
-7.352591e-08,0.000101174
-7.342591e-08,0.000110904
-7.332591e-08,0.00012193
-7.322591e-08,0.000133605
-7.312591e-08,0.000143983
-7.302591e-08,0.000152415
-7.292591e-08,0.000156307
-7.282591e-08,0.00015501
-7.272591e-08,0.000149172
-7.262591e-08,0.000139443
-7.252591e-08,0.000125822
-7.242591e-08,0.000109606
-7.232591e-08,9.14451e-05
-7.222591e-08,7.19865e-05
-7.212591e-08,5.31765e-05
-7.202591e-08,3.43665e-05
-7.192591e-08,1.62051e-05
-7.182591e-08,-2.60486e-06
-7.172591e-08,-2.14148e-05
-7.162591e-08,-4.08734e-05
-7.152591e-08,-6.03321e-05
-7.142591e-08,-7.9142e-05
-7.132591e-08,-9.53575e-05
-7.122591e-08,-0.000107681
-7.112591e-08,-0.000114168
-7.102591e-08,-0.000112222
-7.092591e-08,-0.000100547
-7.082591e-08,-8.04393e-05
-7.072591e-08,-5.12514e-05
-7.062591e-08,-1.55773e-05
-7.052591e-08,2.39886e-05
-7.042591e-08,6.4203e-05
-7.032591e-08,0.000101823
-7.022591e-08,0.000132957
-7.012591e-08,0.000155658
-7.002591e-08,0.000167334
-6.992591e-08,0.000167982
-6.982591e-08,0.000158253
-6.972591e-08,0.00014074
-6.962591e-08,0.000118038
-6.952591e-08,9.33909e-05
-6.942591e-08,7.00406e-05
-6.932591e-08,5.18792e-05
-6.922591e-08,3.89068e-05
-6.912591e-08,3.37179e-05
-6.902591e-08,3.56637e-05
-6.892591e-08,4.47444e-05
-6.882591e-08,5.90141e-05
-6.872591e-08,7.71754e-05
-6.862591e-08,9.6634e-05
-6.852591e-08,0.00011739
-6.842591e-08,0.000137497
-6.832591e-08,0.000156956
-6.822591e-08,0.000174468
-6.812591e-08,0.000191333
-6.802591e-08,0.000205602
-6.792591e-08,0.000218575
-6.782591e-08,0.000228953
-6.772591e-08,0.000236736
-6.762591e-08,0.000239979
-6.752591e-08,0.000237385
-6.742591e-08,0.000229601
-6.732591e-08,0.00021598
-6.722591e-08,0.000197819
-6.712591e-08,0.000175766
-6.702591e-08,0.000151767
-6.692591e-08,0.000127768
-6.682591e-08,0.000105066
-6.672591e-08,8.49589e-05
-6.662591e-08,6.9392e-05
-6.652591e-08,5.90141e-05
-6.642591e-08,5.38251e-05
-6.632591e-08,5.18792e-05
-6.622591e-08,5.31765e-05
-6.612591e-08,5.77168e-05
-6.602591e-08,6.35544e-05
-6.592591e-08,7.06892e-05
-6.582591e-08,7.91213e-05
-6.572591e-08,8.94992e-05
-6.562591e-08,0.000101174
-6.552591e-08,0.000114795
-6.542591e-08,0.000130362
-6.532591e-08,0.000146578
-6.522591e-08,0.000162145
-6.512591e-08,0.000176414
-6.502591e-08,0.000187441
-6.492591e-08,0.000193927
-6.482591e-08,0.000194576
-6.472591e-08,0.000190035
-6.462591e-08,0.000179009
-6.452591e-08,0.000163442
-6.442591e-08,0.000143335
-6.432591e-08,0.000119984
-6.422591e-08,9.72826e-05
-6.412591e-08,7.52296e-05
-6.402591e-08,5.64196e-05
-6.392591e-08,4.08527e-05
-6.382591e-08,2.91775e-05
-6.372591e-08,2.07455e-05
-6.362591e-08,1.55565e-05
-6.352591e-08,1.23134e-05
-6.342591e-08,1.03675e-05
-6.332591e-08,9.71892e-06
-6.322591e-08,9.0703e-06
-6.312591e-08,9.71892e-06
-6.302591e-08,1.23134e-05
-6.292591e-08,1.68537e-05
-6.282591e-08,2.39886e-05
-6.272591e-08,3.37179e-05
-6.262591e-08,4.66903e-05
-6.252591e-08,6.16085e-05
-6.242591e-08,7.7824e-05
-6.232591e-08,9.27423e-05
-6.222591e-08,0.000105715
-6.212591e-08,0.000116093
-6.202591e-08,0.00012193
-6.192591e-08,0.000122579
-6.182591e-08,0.000118038
-6.172591e-08,0.000110255
-6.162591e-08,9.92285e-05
-6.152591e-08,8.56075e-05
-6.142591e-08,7.19865e-05
-6.132591e-08,5.77168e-05
-6.122591e-08,4.34472e-05
-6.112591e-08,2.98261e-05
-6.102591e-08,1.49079e-05
-6.092591e-08,-1.30762e-06
-6.082591e-08,-1.88204e-05
-6.072591e-08,-3.95762e-05
-6.062591e-08,-6.22779e-05
-6.052591e-08,-8.69255e-05
-6.042591e-08,-0.000112222
-6.032591e-08,-0.000136221
-6.022591e-08,-0.000158274
-6.012591e-08,-0.000175138
-6.002591e-08,-0.000185516
-5.992591e-08,-0.000188759
-5.982591e-08,-0.000182273
-5.972591e-08,-0.000166706
-5.962591e-08,-0.000142058
-5.952591e-08,-0.000110276
-5.942591e-08,-7.46017e-05
-5.932591e-08,-3.56845e-05
-5.922591e-08,4.52996e-06
-5.912591e-08,4.34472e-05
-5.902591e-08,7.97699e-05
-5.892591e-08,0.000112201
-5.882591e-08,0.000138794
-5.872591e-08,0.00015955
-5.862591e-08,0.000173171
-5.852591e-08,0.000179009
-5.842591e-08,0.000177063
-5.832591e-08,0.000167982
-5.822591e-08,0.000151118
-5.812591e-08,0.000127768
-5.802591e-08,0.000101174
-5.792591e-08,7.19865e-05
-5.782591e-08,4.21499e-05
-5.772591e-08,1.49079e-05
-5.762591e-08,-7.79382e-06
-5.752591e-08,-2.46579e-05
-5.742591e-08,-3.37386e-05
-5.732591e-08,-3.43872e-05
-5.722591e-08,-2.72524e-05
-5.712591e-08,-1.49286e-05
-5.702591e-08,1.28686e-06
-5.692591e-08,1.87996e-05
-5.682591e-08,3.50151e-05
-5.672591e-08,4.92848e-05
-5.662591e-08,5.96627e-05
-5.652591e-08,6.61489e-05
-5.642591e-08,6.87434e-05
-5.632591e-08,6.67975e-05
-5.622591e-08,6.22572e-05
-5.612591e-08,5.64196e-05
-5.602591e-08,5.0582e-05
-5.592591e-08,4.47444e-05
-5.582591e-08,4.02041e-05
-5.572591e-08,3.6961e-05
-5.562591e-08,3.43665e-05
-5.552591e-08,3.1772e-05
-5.542591e-08,2.91775e-05
-5.532591e-08,2.6583e-05
-5.522591e-08,2.39886e-05
-5.512591e-08,2.13941e-05
-5.502591e-08,2.07455e-05
-5.492591e-08,2.26913e-05
-5.482591e-08,2.78803e-05
-5.472591e-08,3.6961e-05
-5.462591e-08,4.99334e-05
-5.452591e-08,6.61489e-05
-5.442591e-08,8.36616e-05
-5.432591e-08,0.000101174
-5.422591e-08,0.000118038
-5.412591e-08,0.00013166
-5.402591e-08,0.000139443
-5.392591e-08,0.000141389
-5.382591e-08,0.000135551
-5.372591e-08,0.000123876
-5.362591e-08,0.000107661
-5.352591e-08,8.8202e-05
-5.342591e-08,6.74461e-05
-5.332591e-08,4.79875e-05
-5.322591e-08,3.24206e-05
-5.312591e-08,2.07455e-05
-5.302591e-08,1.42593e-05
-5.292591e-08,1.49079e-05
-5.282591e-08,2.07455e-05
-5.272591e-08,3.24206e-05
-5.262591e-08,4.86361e-05
-5.252591e-08,6.74461e-05
-5.242591e-08,8.8202e-05
-5.232591e-08,0.000109606
-5.222591e-08,0.00013166
-5.212591e-08,0.000154361
-5.202591e-08,0.000176414
-5.192591e-08,0.00019717
-5.182591e-08,0.00021598
-5.172591e-08,0.000232196
-5.162591e-08,0.000245817
-5.152591e-08,0.000255546
-5.142591e-08,0.000260735
-5.132591e-08,0.000261384
-5.122591e-08,0.000258789
-5.112591e-08,0.000252303
-5.102591e-08,0.000243222
-5.092591e-08,0.000232196
-5.082591e-08,0.00022052
-5.072591e-08,0.000207548
-5.062591e-08,0.000194576
-5.052591e-08,0.000181603
-5.042591e-08,0.000169279
-5.032591e-08,0.000156307
-5.022591e-08,0.000142686
-5.012591e-08,0.000129065
-5.002591e-08,0.000114147
-4.992591e-08,9.72826e-05
-4.982591e-08,7.97699e-05
-4.972591e-08,6.16085e-05
-4.962591e-08,4.27986e-05
-4.952591e-08,2.33399e-05
-4.942591e-08,4.52996e-06
-4.932591e-08,-1.428e-05
-4.922591e-08,-3.17928e-05
-4.912591e-08,-4.86569e-05
-4.902591e-08,-6.48724e-05
-4.892591e-08,-7.97907e-05
-4.882591e-08,-9.27631e-05
-4.872591e-08,-0.00010379
-4.862591e-08,-0.000110924
-4.852591e-08,-0.000113519
-4.842591e-08,-0.000110924
-4.832591e-08,-0.000103141
-4.822591e-08,-8.82227e-05
-4.812591e-08,-6.68183e-05
-4.802591e-08,-4.08734e-05
-4.792591e-08,-1.16855e-05
-4.782591e-08,1.94482e-05
-4.772591e-08,4.92848e-05
-4.762591e-08,7.71754e-05
-4.752591e-08,9.98771e-05
-4.742591e-08,0.00011739
-4.732591e-08,0.000129065
-4.722591e-08,0.000134254
-4.712591e-08,0.000134254
-4.702591e-08,0.000131011
-4.692591e-08,0.000126471
-4.682591e-08,0.000120633
-4.672591e-08,0.000115444
-4.662591e-08,0.000111552
-4.652591e-08,0.000108958
-4.642591e-08,0.000107661
-4.632591e-08,0.000107661
-4.622591e-08,0.000107661
-4.612591e-08,0.000108958
-4.602591e-08,0.000108958
-4.592591e-08,0.000108958
-4.582591e-08,0.000107012
-4.572591e-08,0.000105066
-4.562591e-08,0.000101174
-4.552591e-08,9.72826e-05
-4.542591e-08,9.20937e-05
-4.532591e-08,8.8202e-05
-4.522591e-08,8.36616e-05
-4.512591e-08,7.91213e-05
-4.502591e-08,7.45809e-05
-4.492591e-08,7.00406e-05
-4.482591e-08,6.4203e-05
-4.472591e-08,5.70682e-05
-4.462591e-08,4.92848e-05
-4.452591e-08,4.15013e-05
-4.442591e-08,3.37179e-05
-4.432591e-08,2.6583e-05
-4.422591e-08,2.00968e-05
-4.412591e-08,1.49079e-05
-4.402591e-08,1.16648e-05
-4.392591e-08,8.42168e-06
-4.382591e-08,7.12444e-06
-4.372591e-08,5.8272e-06
-4.362591e-08,3.88134e-06
-4.352591e-08,1.93548e-06
-4.342591e-08,-1.30762e-06
-4.332591e-08,-5.19934e-06
-4.322591e-08,-9.73968e-06
-4.312591e-08,-1.49286e-05
-4.302591e-08,-1.9469e-05
-4.292591e-08,-2.27121e-05
-4.282591e-08,-2.33607e-05
-4.272591e-08,-2.20635e-05
-4.262591e-08,-1.88204e-05
-4.252591e-08,-1.29828e-05
-4.242591e-08,-5.84796e-06
-4.232591e-08,1.28686e-06
-4.222591e-08,8.42168e-06
-4.212591e-08,1.49079e-05
-4.202591e-08,1.94482e-05
-4.192591e-08,2.13941e-05
-4.182591e-08,2.07455e-05
-4.172591e-08,1.75024e-05
-4.162591e-08,1.23134e-05
-4.152591e-08,5.8272e-06
-4.142591e-08,-6.58998e-07
-4.132591e-08,-6.49658e-06
-4.122591e-08,-1.10369e-05
-4.112591e-08,-1.49286e-05
-4.102591e-08,-1.75231e-05
-4.092591e-08,-1.81717e-05
-4.082591e-08,-1.81717e-05
-4.072591e-08,-1.75231e-05
-4.062591e-08,-1.55773e-05
-4.052591e-08,-1.29828e-05
-4.042591e-08,-9.09106e-06
-4.032591e-08,-4.55072e-06
-4.022591e-08,2.5841e-06
-4.012591e-08,1.2962e-05
-4.002591e-08,2.59344e-05
-3.992591e-08,4.34472e-05
-3.982591e-08,6.35544e-05
-3.972591e-08,8.62561e-05
-3.962591e-08,0.000110255
-3.952591e-08,0.000134254
-3.942591e-08,0.000156956
-3.932591e-08,0.000176414
-3.922591e-08,0.000191981
-3.912591e-08,0.000202359
-3.902591e-08,0.000206899
-3.892591e-08,0.000206251
-3.882591e-08,0.000201062
-3.872591e-08,0.000191981
-3.862591e-08,0.000180955
-3.852591e-08,0.000169279
-3.842591e-08,0.000157604
-3.832591e-08,0.000148524
-3.822591e-08,0.000141389
-3.812591e-08,0.000136848
-3.802591e-08,0.000134254
-3.792591e-08,0.000133605
-3.782591e-08,0.000132308
-3.772591e-08,0.000131011
-3.762591e-08,0.000129065
-3.752591e-08,0.000125822
-3.742591e-08,0.000120633
-3.732591e-08,0.000113498
-3.722591e-08,0.000104417
-3.712591e-08,9.33909e-05
-3.702591e-08,8.23644e-05
-3.692591e-08,7.13378e-05
-3.682591e-08,6.16085e-05
-3.672591e-08,5.25279e-05
-3.662591e-08,4.5393e-05
-3.652591e-08,4.15013e-05
-3.642591e-08,4.08527e-05
-3.632591e-08,4.40958e-05
-3.622591e-08,5.12306e-05
-3.612591e-08,6.16085e-05
-3.602591e-08,7.45809e-05
-3.592591e-08,9.01478e-05
-3.582591e-08,0.000106363
-3.572591e-08,0.000123227
-3.562591e-08,0.000138146
-3.552591e-08,0.000150469
-3.542591e-08,0.00015955
-3.532591e-08,0.000164091
-3.522591e-08,0.000164739
-3.512591e-08,0.000160847
-3.502591e-08,0.000153713
-3.492591e-08,0.000144632
-3.482591e-08,0.000133605
-3.472591e-08,0.000123227
-3.462591e-08,0.000114147
-3.452591e-08,0.000107012
-3.442591e-08,0.00010312
-3.432591e-08,0.000100526
-3.422591e-08,9.98771e-05
-3.412591e-08,9.98771e-05
-3.402591e-08,0.000100526
-3.392591e-08,9.92285e-05
-3.382591e-08,9.53368e-05
-3.372591e-08,8.88506e-05
-3.362591e-08,7.91213e-05
-3.352591e-08,6.80947e-05
-3.342591e-08,5.51223e-05
-3.332591e-08,4.27986e-05
-3.322591e-08,3.11234e-05
-3.312591e-08,2.07455e-05
-3.302591e-08,1.23134e-05
-3.292591e-08,7.77306e-06
-3.282591e-08,6.47582e-06
-3.272591e-08,9.0703e-06
-3.262591e-08,1.62051e-05
-3.252591e-08,2.72317e-05
-3.242591e-08,4.15013e-05
-3.232591e-08,5.83654e-05
-3.222591e-08,7.65268e-05
-3.212591e-08,9.59854e-05
-3.202591e-08,0.000116093
-3.192591e-08,0.000134254
-3.182591e-08,0.000150469
-3.172591e-08,0.000164091
-3.162591e-08,0.000174468
-3.152591e-08,0.000180306
-3.142591e-08,0.000182252
-3.132591e-08,0.000180306
-3.122591e-08,0.000175117
-3.112591e-08,0.000167334
-3.102591e-08,0.000158253
-3.092591e-08,0.000148524
-3.082591e-08,0.000140092
-3.072591e-08,0.00013166
-3.062591e-08,0.000124525
-3.052591e-08,0.000118687
-3.042591e-08,0.000113498
-3.032591e-08,0.000108958
-3.022591e-08,0.000103769
-3.012591e-08,9.72826e-05
-3.002591e-08,8.94992e-05
-2.992591e-08,7.7824e-05
-2.982591e-08,6.4203e-05
-2.972591e-08,4.79875e-05
-2.962591e-08,3.04748e-05
-2.952591e-08,1.23134e-05
-2.942591e-08,-5.19934e-06
-2.932591e-08,-2.01176e-05
-2.922591e-08,-3.17928e-05
-2.912591e-08,-3.89276e-05
-2.902591e-08,-4.08734e-05
-2.892591e-08,-3.8279e-05
-2.882591e-08,-3.11441e-05
-2.872591e-08,-2.07662e-05
-2.862591e-08,-8.44244e-06
-2.852591e-08,5.17858e-06
-2.842591e-08,1.75024e-05
-2.832591e-08,2.78803e-05
-2.822591e-08,3.43665e-05
-2.812591e-08,3.63124e-05
-2.802591e-08,3.43665e-05
-2.792591e-08,2.72317e-05
-2.782591e-08,1.62051e-05
-2.772591e-08,2.5841e-06
-2.762591e-08,-1.36314e-05
-2.752591e-08,-3.04955e-05
-2.742591e-08,-4.80083e-05
-2.732591e-08,-6.48724e-05
-2.722591e-08,-8.04393e-05
-2.712591e-08,-9.34117e-05
-2.702591e-08,-0.00010379
-2.692591e-08,-0.000109627
-2.682591e-08,-0.000111573
-2.672591e-08,-0.000109627
-2.662591e-08,-0.000104438
-2.652591e-08,-9.53575e-05
-2.642591e-08,-8.4331e-05
-2.632591e-08,-7.071e-05
-2.622591e-08,-5.57917e-05
-2.612591e-08,-3.95762e-05
-2.602591e-08,-2.20635e-05
-2.592591e-08,-3.25348e-06
-2.582591e-08,1.68537e-05
-2.572591e-08,3.82582e-05
-2.562591e-08,6.09599e-05
-2.552591e-08,8.43102e-05
-2.542591e-08,0.000107661
-2.532591e-08,0.000131011
-2.522591e-08,0.000154361
-2.512591e-08,0.000175117
-2.502591e-08,0.000193927
-2.492591e-08,0.000209494
-2.482591e-08,0.00022052
-2.472591e-08,0.000227007
-2.462591e-08,0.000228953
-2.452591e-08,0.000227655
-2.442591e-08,0.000223115
-2.432591e-08,0.00021598
-2.422591e-08,0.000207548
-2.412591e-08,0.000198467
-2.402591e-08,0.000188738
-2.392591e-08,0.000180306
-2.382591e-08,0.00017382
-2.372591e-08,0.000168631
-2.362591e-08,0.000165388
-2.352591e-08,0.000162793
-2.342591e-08,0.000162145
-2.332591e-08,0.000162793
-2.322591e-08,0.000164091
-2.312591e-08,0.000166036
-2.302591e-08,0.000169928
-2.292591e-08,0.00017382
-2.282591e-08,0.000179009
-2.272591e-08,0.000184198
-2.262591e-08,0.000187441
-2.252591e-08,0.000189387
-2.242591e-08,0.000188089
-2.232591e-08,0.000182901
-2.222591e-08,0.000173171
-2.212591e-08,0.00015955
-2.202591e-08,0.000142037
-2.192591e-08,0.000121282
-2.182591e-08,9.79313e-05
-2.172591e-08,7.39323e-05
-2.162591e-08,4.92848e-05
-2.152591e-08,2.52858e-05
-2.142591e-08,2.5841e-06
-2.132591e-08,-1.75231e-05
-2.122591e-08,-3.56845e-05
-2.112591e-08,-5.25486e-05
-2.102591e-08,-6.87641e-05
-2.092591e-08,-8.4331e-05
-2.082591e-08,-9.92493e-05
-2.072591e-08,-0.000112222
-2.062591e-08,-0.000123897
-2.052591e-08,-0.000132978
-2.042591e-08,-0.000138815
-2.032591e-08,-0.000140761
-2.022591e-08,-0.000137518
-2.012591e-08,-0.000128437
-2.002591e-08,-0.000113519
-1.992591e-08,-9.40603e-05
-1.982591e-08,-7.20072e-05
-1.972591e-08,-4.73596e-05
-1.962591e-08,-2.20635e-05
-1.952591e-08,1.28686e-06
-1.942591e-08,2.20427e-05
-1.932591e-08,3.82582e-05
-1.922591e-08,4.92848e-05
-1.912591e-08,5.31765e-05
-1.902591e-08,5.0582e-05
-1.892591e-08,4.27986e-05
-1.882591e-08,3.04748e-05
-1.872591e-08,1.42593e-05
-1.862591e-08,-4.55072e-06
-1.852591e-08,-2.53066e-05
-1.842591e-08,-4.54138e-05
-1.832591e-08,-6.48724e-05
-1.822591e-08,-8.23851e-05
-1.812591e-08,-9.53575e-05
-1.802591e-08,-0.000105087
-1.792591e-08,-0.000110924
-1.782591e-08,-0.000113519
-1.772591e-08,-0.000111573
-1.762591e-08,-0.000106384
-1.752591e-08,-9.86006e-05
-1.742591e-08,-8.88713e-05
-1.732591e-08,-7.84934e-05
-1.722591e-08,-6.87641e-05
-1.712591e-08,-5.96834e-05
-1.702591e-08,-5.19e-05
-1.692591e-08,-4.6711e-05
-1.682591e-08,-4.41165e-05
-1.672591e-08,-4.47652e-05
-1.662591e-08,-4.86569e-05
-1.652591e-08,-5.38459e-05
-1.642591e-08,-5.90348e-05
-1.632591e-08,-6.48724e-05
-1.622591e-08,-6.87641e-05
-1.612591e-08,-7.071e-05
-1.602591e-08,-7.00614e-05
-1.592591e-08,-6.5521e-05
-1.582591e-08,-5.7089e-05
-1.572591e-08,-4.28193e-05
-1.562591e-08,-2.40093e-05
-1.552591e-08,-6.58998e-07
-1.542591e-08,2.59344e-05
-1.532591e-08,5.44737e-05
-1.522591e-08,8.43102e-05
-1.512591e-08,0.000113498
-1.502591e-08,0.000141389
-1.492591e-08,0.000167982
-1.482591e-08,0.000191981
-1.472591e-08,0.000212088
-1.462591e-08,0.000229601
-1.452591e-08,0.000244519
-1.442591e-08,0.000256195
-1.432591e-08,0.000265924
-1.422591e-08,0.000273707
-1.412591e-08,0.000280194
-1.402591e-08,0.000285382
-1.392591e-08,0.000287977
-1.382591e-08,0.000287977
-1.372591e-08,0.000284734
-1.362591e-08,0.000278248
-1.352591e-08,0.00026787
-1.342591e-08,0.0002536
-1.332591e-08,0.000236087
-1.322591e-08,0.000214683
-1.312591e-08,0.000190684
-1.302591e-08,0.000163442
-1.292591e-08,0.000134903
-1.282591e-08,0.000107012
-1.272591e-08,7.97699e-05
-1.262591e-08,5.5771e-05
-1.252591e-08,3.6961e-05
-1.242591e-08,2.39886e-05
-1.232591e-08,1.68537e-05
-1.222591e-08,1.62051e-05
-1.212591e-08,2.26913e-05
-1.202591e-08,3.50151e-05
-1.192591e-08,5.18792e-05
-1.182591e-08,7.26351e-05
-1.172591e-08,9.46882e-05
-1.162591e-08,0.000116741
-1.152591e-08,0.000135551
-1.142591e-08,0.000150469
-1.132591e-08,0.000160847
-1.122591e-08,0.000165388
-1.112591e-08,0.000163442
-1.102591e-08,0.000157604
-1.092591e-08,0.000147875
-1.082591e-08,0.0001362
-1.072591e-08,0.000123876
-1.062591e-08,0.000111552
-1.052591e-08,0.000101823
-1.042591e-08,9.53368e-05
-1.032591e-08,9.20937e-05
-1.022591e-08,9.27423e-05
-1.012591e-08,9.72826e-05
-1.002591e-08,0.000104417
-9.925908e-09,0.00011285
-9.825908e-09,0.00012193
-9.725908e-09,0.000130362
-9.625908e-09,0.000136848
-9.525908e-09,0.000141389
-9.425908e-09,0.000142686
-9.325908e-09,0.00014074
-9.225908e-09,0.000134903
-9.125908e-09,0.000124525
-9.025908e-09,0.000112201
-8.925908e-09,9.72826e-05
-8.825908e-09,8.17158e-05
-8.725908e-09,6.67975e-05
-8.625908e-09,5.38251e-05
-8.525908e-09,4.47444e-05
-8.425908e-09,3.89068e-05
-8.325908e-09,3.76096e-05
-8.225908e-09,4.02041e-05
-8.125908e-09,4.60417e-05
-8.025908e-09,5.38251e-05
-7.925908e-09,6.22572e-05
-7.825908e-09,7.00406e-05
-7.725908e-09,7.58782e-05
-7.625908e-09,7.7824e-05
-7.525908e-09,7.52296e-05
-7.425908e-09,6.87434e-05
-7.325908e-09,5.77168e-05
-7.225908e-09,4.34472e-05
-7.125908e-09,2.59344e-05
-7.025908e-09,7.77306e-06
-6.925908e-09,-1.03883e-05
-6.825908e-09,-2.72524e-05
-6.725908e-09,-4.21707e-05
-6.625908e-09,-5.38459e-05
-6.525908e-09,-6.16293e-05
-6.425908e-09,-6.48724e-05
-6.325908e-09,-6.48724e-05
-6.225908e-09,-6.16293e-05
-6.125908e-09,-5.38459e-05
-6.025908e-09,-4.34679e-05
-5.925908e-09,-3.04955e-05
-5.825908e-09,-1.49286e-05
-5.725908e-09,3.23272e-06
-5.625908e-09,2.26913e-05
-5.525908e-09,4.27986e-05
-5.425908e-09,6.29058e-05
-5.325908e-09,8.3013e-05
-5.225908e-09,0.000100526
-5.125908e-09,0.000115444
-5.025908e-09,0.000127768
-4.925908e-09,0.000135551
-4.825908e-09,0.000138794
-4.725908e-09,0.000137497
-4.625908e-09,0.000134254
-4.525908e-09,0.000129714
-4.425908e-09,0.000125173
-4.325908e-09,0.00012193
-4.225908e-09,0.000121282
-4.125908e-09,0.000124525
-4.025908e-09,0.000130362
-3.925908e-09,0.000137497
-3.825908e-09,0.000145281
-3.725908e-09,0.000152415
-3.625908e-09,0.000156956
-3.525908e-09,0.000156307
-3.425908e-09,0.000150469
-3.325908e-09,0.000138146
-3.225908e-09,0.000119336
-3.125908e-09,9.46882e-05
-3.025908e-09,6.55003e-05
-2.925908e-09,3.30692e-05
-2.825908e-09,-1.03779e-08
-2.725908e-09,-3.17928e-05
-2.625908e-09,-6.03321e-05
-2.525908e-09,-8.56282e-05
-2.425908e-09,-0.000107033
-2.325908e-09,-0.000125843
-2.225908e-09,-0.000142058
-2.125908e-09,-0.000156976
-2.025908e-09,-0.000171895
-1.925908e-09,-0.000190056
-1.825908e-09,-0.000212109
-1.725908e-09,-0.000239351
-1.625908e-09,-0.000274377
-1.525908e-09,-0.000317834
-1.425908e-09,-0.000370372
-1.325908e-09,-0.000431343
-1.225908e-09,-0.000500745
-1.125908e-09,-0.000579228
-1.025908e-09,-0.000667441
-9.259079e-10,-0.000764734
-8.259079e-10,-0.000871107
-7.259079e-10,-0.000985264
-6.259079e-10,-0.00110785
-5.259079e-10,-0.00123823
-4.259079e-10,-0.00137703
-3.259079e-10,-0.00152427
-2.259079e-10,-0.00167994
-1.259079e-10,-0.00184404
-2.590792e-11,-0.00201787
7.409208e-11,-0.00220272
1.740921e-10,-0.00239796
2.740921e-10,-0.00260422
3.740921e-10,-0.00282086
4.740921e-10,-0.00304723
5.740921e-10,-0.00328138
6.740921e-10,-0.00352202
7.740921e-10,-0.0037659
8.740921e-10,-0.00401108
9.740921e-10,-0.00425561
1.074092e-09,-0.00449689
1.174092e-09,-0.00473234
1.274092e-09,-0.00496131
1.374092e-09,-0.00518249
1.474092e-09,-0.00539394
1.574092e-09,-0.00559566
1.674092e-09,-0.00578635
1.774092e-09,-0.00596537
1.874092e-09,-0.00613207
1.974092e-09,-0.00628514
2.074092e-09,-0.00642265
2.174092e-09,-0.00654394
2.274092e-09,-0.00664707
2.374092e-09,-0.00673074
2.474092e-09,-0.0067956
2.574092e-09,-0.00684036
2.674092e-09,-0.00686565
2.774092e-09,-0.00687279
2.874092e-09,-0.00686306
2.974092e-09,-0.00683971
3.074092e-09,-0.00680404
3.174092e-09,-0.00675863
3.274092e-09,-0.00670545
3.374092e-09,-0.00664577
3.474092e-09,-0.00658026
3.574092e-09,-0.00651086
3.674092e-09,-0.00643821
3.774092e-09,-0.00636362
3.874092e-09,-0.00628773
3.974092e-09,-0.00621185
4.074092e-09,-0.0061379
4.174092e-09,-0.00606655
4.274092e-09,-0.00599845
4.374092e-09,-0.00593488
4.474092e-09,-0.00587521
4.574092e-09,-0.00581748
4.674092e-09,-0.00575976
4.774092e-09,-0.00570138
4.874092e-09,-0.00564171
4.974092e-09,-0.0055775
5.074092e-09,-0.00550809
5.174092e-09,-0.0054335
5.274092e-09,-0.00535372
5.374092e-09,-0.00527135
5.474092e-09,-0.00518638
5.574092e-09,-0.00510141
5.674092e-09,-0.00501838
5.774092e-09,-0.0049386
5.874092e-09,-0.00486207
5.974092e-09,-0.00479007
6.074092e-09,-0.00472132
6.174092e-09,-0.00465645
6.274092e-09,-0.00459354
6.374092e-09,-0.00453322
6.474092e-09,-0.00447419
6.574092e-09,-0.00441517
6.674092e-09,-0.00435614
6.774092e-09,-0.00429647
6.874092e-09,-0.00423745
6.974092e-09,-0.00417712
7.074092e-09,-0.00411615
7.174092e-09,-0.00405324
7.274092e-09,-0.00398838
7.374092e-09,-0.00391897
7.474092e-09,-0.00384373
7.574092e-09,-0.00376136
7.674092e-09,-0.0036725
7.774092e-09,-0.00357715
7.874092e-09,-0.00347726
7.974092e-09,-0.00337413
8.074092e-09,-0.003271
8.174092e-09,-0.00316917
8.274092e-09,-0.00307252
8.374092e-09,-0.00298107
8.474092e-09,-0.0028961
8.574092e-09,-0.00281632
8.674092e-09,-0.00274173
8.774092e-09,-0.00267103
8.874092e-09,-0.00260163
8.974092e-09,-0.00253222
9.074092e-09,-0.00245958
9.174092e-09,-0.00238434
9.274092e-09,-0.00230521
9.374092e-09,-0.00222283
9.474092e-09,-0.00213981
9.574092e-09,-0.00205743
9.674092e-09,-0.00197895
9.774092e-09,-0.00190501
9.874092e-09,-0.00183755
9.974092e-09,-0.00177723
1.007409e-08,-0.00172534
1.017409e-08,-0.00168123
1.027409e-08,-0.00164297
1.037409e-08,-0.00160989
1.047409e-08,-0.00157875
1.057409e-08,-0.00154892
1.067409e-08,-0.00151908
1.077409e-08,-0.00148859
1.087409e-08,-0.00145876
1.097409e-08,-0.00143152
1.107409e-08,-0.00140687
1.117409e-08,-0.00138871
1.127409e-08,-0.00137833
1.137409e-08,-0.00137703
1.147409e-08,-0.00138352
1.157409e-08,-0.00139844
1.167409e-08,-0.00142114
1.177409e-08,-0.00144903
1.187409e-08,-0.00148146
1.197409e-08,-0.00151519
1.207409e-08,-0.00154892
1.217409e-08,-0.00158135
1.227409e-08,-0.00161118
1.237409e-08,-0.00163778
1.247409e-08,-0.00165983
1.257409e-08,-0.00167799
1.267409e-08,-0.00169096
1.277409e-08,-0.0016994
1.287409e-08,-0.00170329
1.297409e-08,-0.00170199
1.307409e-08,-0.00169615
1.317409e-08,-0.00168642
1.327409e-08,-0.00167215
1.337409e-08,-0.00165529
1.347409e-08,-0.00163648
1.357409e-08,-0.00161637
1.367409e-08,-0.00159691
1.377409e-08,-0.00157681
1.387409e-08,-0.00155735
1.397409e-08,-0.00153919
1.407409e-08,-0.00152232
1.417409e-08,-0.00150546
1.427409e-08,-0.00148859
1.437409e-08,-0.00147043
1.447409e-08,-0.00145097
1.457409e-08,-0.00142892
1.467409e-08,-0.00140622
1.477409e-08,-0.00138352
1.487409e-08,-0.00136082
1.497409e-08,-0.00134006
1.507409e-08,-0.0013206
1.517409e-08,-0.00130374
1.527409e-08,-0.00128882
1.537409e-08,-0.0012752
1.547409e-08,-0.00126158
1.557409e-08,-0.00124601
1.567409e-08,-0.00122785
1.577409e-08,-0.00120515
1.587409e-08,-0.00117726
1.597409e-08,-0.00114547
1.607409e-08,-0.00111045
1.617409e-08,-0.00107348
1.627409e-08,-0.00103456
1.637409e-08,-0.000997588
1.647409e-08,-0.00096386
1.657409e-08,-0.000935321
1.667409e-08,-0.000911322
1.677409e-08,-0.00089316
1.687409e-08,-0.000880188
1.697409e-08,-0.000872404
1.707409e-08,-0.000868513
1.717409e-08,-0.000867864
1.727409e-08,-0.000868513
1.737409e-08,-0.00086981
1.747409e-08,-0.000870459
1.757409e-08,-0.000871107
1.767409e-08,-0.00086981
1.777409e-08,-0.000867864
1.787409e-08,-0.000863324
1.797409e-08,-0.000856838
1.807409e-08,-0.000849054
1.817409e-08,-0.000839325
1.827409e-08,-0.000827001
1.837409e-08,-0.00081338
1.847409e-08,-0.000798462
1.857409e-08,-0.000781598
1.867409e-08,-0.000764734
1.877409e-08,-0.000748518
1.887409e-08,-0.000734897
1.897409e-08,-0.00072387
1.907409e-08,-0.000716087
1.917409e-08,-0.000712195
1.927409e-08,-0.000712195
1.937409e-08,-0.000715438
1.947409e-08,-0.00071933
1.957409e-08,-0.000723222
1.967409e-08,-0.000724519
1.977409e-08,-0.000720627
1.987409e-08,-0.000709601
1.997409e-08,-0.000692737
2.007409e-08,-0.000669386
2.017409e-08,-0.000640198
2.027409e-08,-0.000605822
2.037409e-08,-0.00056885
2.047409e-08,-0.000531879
2.057409e-08,-0.000496205
2.067409e-08,-0.000462477
2.077409e-08,-0.000433289
2.087409e-08,-0.000407344
2.097409e-08,-0.000386588
2.107409e-08,-0.000368427
2.117409e-08,-0.000353508
2.127409e-08,-0.000341185
2.137409e-08,-0.000332104
2.147409e-08,-0.000324969
2.157409e-08,-0.000321077
2.167409e-08,-0.000321726
2.177409e-08,-0.000325618
2.187409e-08,-0.000333401
2.197409e-08,-0.000345725
2.207409e-08,-0.000361292
2.217409e-08,-0.000379453
2.227409e-08,-0.000398912
2.237409e-08,-0.000417722
2.247409e-08,-0.000436532
2.257409e-08,-0.000454044
2.267409e-08,-0.00047026
2.277409e-08,-0.000485827
2.287409e-08,-0.000501394
2.297409e-08,-0.000519555
2.307409e-08,-0.000539662
2.317409e-08,-0.000563013
2.327409e-08,-0.000588957
2.337409e-08,-0.000617497
2.347409e-08,-0.000646036
2.357409e-08,-0.000673927
2.367409e-08,-0.000697926
2.377409e-08,-0.000716736
2.387409e-08,-0.000728411
2.397409e-08,-0.000732303
2.407409e-08,-0.000729059
2.417409e-08,-0.00071933
2.427409e-08,-0.000703115
2.437409e-08,-0.000683656
2.447409e-08,-0.000661603
2.457409e-08,-0.000640198
2.467409e-08,-0.000618794
2.477409e-08,-0.000599335
2.487409e-08,-0.000581174
2.497409e-08,-0.00056431
2.507409e-08,-0.000548094
2.517409e-08,-0.000532528
2.527409e-08,-0.000518258
2.537409e-08,-0.000504637
2.547409e-08,-0.000492313
2.557409e-08,-0.000483232
2.567409e-08,-0.000478043
2.577409e-08,-0.000478043
2.587409e-08,-0.000482584
2.597409e-08,-0.000492313
2.607409e-08,-0.000505934
2.617409e-08,-0.00052215
2.627409e-08,-0.000539014
2.637409e-08,-0.000553932
2.647409e-08,-0.000566256
2.657409e-08,-0.000572742
2.667409e-08,-0.000573391
2.677409e-08,-0.000568202
2.687409e-08,-0.000557824
2.697409e-08,-0.000544203
2.707409e-08,-0.000529284
2.717409e-08,-0.000513718
2.727409e-08,-0.000500097
2.737409e-08,-0.000487773
2.747409e-08,-0.000477395
2.757409e-08,-0.000468963
2.767409e-08,-0.000459882
2.777409e-08,-0.000450801
2.787409e-08,-0.000439126
2.797409e-08,-0.000424208
2.807409e-08,-0.000407344
2.817409e-08,-0.000387237
2.827409e-08,-0.000365184
2.837409e-08,-0.00034313
2.847409e-08,-0.000321077
2.857409e-08,-0.00030097
2.867409e-08,-0.000282809
2.877409e-08,-0.000268539
2.887409e-08,-0.000257513
2.897409e-08,-0.000248432
2.907409e-08,-0.000240648
2.917409e-08,-0.000233514
2.927409e-08,-0.000227676
2.937409e-08,-0.000221838
2.947409e-08,-0.000217298
2.957409e-08,-0.000214704
2.967409e-08,-0.000215352
2.977409e-08,-0.000219244
2.987409e-08,-0.000228325
2.997409e-08,-0.000241297
3.007409e-08,-0.00025881
3.017409e-08,-0.000280214
3.027409e-08,-0.000302267
3.037409e-08,-0.000324969
3.047409e-08,-0.000345076
3.057409e-08,-0.00036194
3.067409e-08,-0.000373616
3.077409e-08,-0.000381399
3.087409e-08,-0.000384642
3.097409e-08,-0.000383994
3.107409e-08,-0.000380102
3.117409e-08,-0.000374264
3.127409e-08,-0.000367778
3.137409e-08,-0.000360643
3.147409e-08,-0.00035286
3.157409e-08,-0.000344428
3.167409e-08,-0.000335347
3.177409e-08,-0.000325618
3.187409e-08,-0.000313943
3.197409e-08,-0.000300322
3.207409e-08,-0.000285403
3.217409e-08,-0.000270485
3.227409e-08,-0.000255567
3.237409e-08,-0.000241946
3.247409e-08,-0.000230919
3.257409e-08,-0.000223784
3.267409e-08,-0.000218595
3.277409e-08,-0.000217298
3.287409e-08,-0.000218595
3.297409e-08,-0.000221838
3.307409e-08,-0.000225082
3.317409e-08,-0.000228973
3.327409e-08,-0.000233514
3.337409e-08,-0.000237405
3.347409e-08,-0.000241297
3.357409e-08,-0.00024454
3.367409e-08,-0.000249081
3.377409e-08,-0.000254918
3.387409e-08,-0.000262053
3.397409e-08,-0.000271782
3.407409e-08,-0.000284106
3.417409e-08,-0.000298376
3.427409e-08,-0.000313294
3.437409e-08,-0.000328861
3.447409e-08,-0.000344428
3.457409e-08,-0.0003574
3.467409e-08,-0.000369724
3.477409e-08,-0.00038075
3.487409e-08,-0.000391128
3.497409e-08,-0.000400858
3.507409e-08,-0.000409938
3.517409e-08,-0.000419668
3.527409e-08,-0.000430046
3.537409e-08,-0.000440423
3.547409e-08,-0.000450801
3.557409e-08,-0.000459882
3.567409e-08,-0.000468314
3.577409e-08,-0.000473503
3.587409e-08,-0.000476098
3.597409e-08,-0.000476098
3.607409e-08,-0.0004748
3.617409e-08,-0.000472206
3.627409e-08,-0.00047026
3.637409e-08,-0.000470909
3.647409e-08,-0.0004748
3.657409e-08,-0.000481935
3.667409e-08,-0.000492962
3.677409e-08,-0.000506583
3.687409e-08,-0.000521501
3.697409e-08,-0.000535122
3.707409e-08,-0.000546149
3.717409e-08,-0.000551986
3.727409e-08,-0.000552635
3.737409e-08,-0.000546797
3.747409e-08,-0.000534473
3.757409e-08,-0.000516312
3.767409e-08,-0.000494259
3.777409e-08,-0.000468963
3.787409e-08,-0.000443018
3.797409e-08,-0.000417722
3.807409e-08,-0.000393074
3.817409e-08,-0.000369724
3.827409e-08,-0.000348319
3.837409e-08,-0.000326915
3.847409e-08,-0.000306808
3.857409e-08,-0.000287349
3.867409e-08,-0.000267891
3.877409e-08,-0.000249729
3.887409e-08,-0.000233514
3.897409e-08,-0.000219893
3.907409e-08,-0.000209515
3.917409e-08,-0.000203028
3.927409e-08,-0.000200434
3.937409e-08,-0.000201731
3.947409e-08,-0.000206272
3.957409e-08,-0.000212758
3.967409e-08,-0.000219893
3.977409e-08,-0.000226379
3.987409e-08,-0.000229622
3.997409e-08,-0.000229622
4.007409e-08,-0.00022573
4.017409e-08,-0.000217298
4.027409e-08,-0.000204974
4.037409e-08,-0.000189407
4.047409e-08,-0.000172543
4.057409e-08,-0.000154382
4.067409e-08,-0.000135572
4.077409e-08,-0.000117411
4.087409e-08,-0.000100547
4.097409e-08,-8.4331e-05
4.107409e-08,-7.00614e-05
4.117409e-08,-5.83862e-05
4.127409e-08,-4.93055e-05
4.137409e-08,-4.28193e-05
4.147409e-08,-4.02248e-05
4.157409e-08,-4.08734e-05
4.167409e-08,-4.6711e-05
4.177409e-08,-5.7089e-05
4.187409e-08,-7.20072e-05
4.197409e-08,-9.08172e-05
4.207409e-08,-0.00011287
4.217409e-08,-0.000134923
4.227409e-08,-0.000156328
4.237409e-08,-0.000176435
4.247409e-08,-0.000192651
4.257409e-08,-0.000205623
4.267409e-08,-0.000214055
4.277409e-08,-0.000218595
4.287409e-08,-0.00022119
4.297409e-08,-0.000223136
4.307409e-08,-0.000224433
4.317409e-08,-0.000227027
4.327409e-08,-0.000230271
4.337409e-08,-0.000236108
4.347409e-08,-0.000242594
4.357409e-08,-0.000249729
4.367409e-08,-0.000256864
4.377409e-08,-0.000262702
4.387409e-08,-0.000265296
4.397409e-08,-0.000265945
4.407409e-08,-0.000264647
4.417409e-08,-0.000262053
4.427409e-08,-0.00025881
4.437409e-08,-0.000257513
4.447409e-08,-0.000259458
4.457409e-08,-0.000265296
4.467409e-08,-0.000275025
4.477409e-08,-0.000288646
4.487409e-08,-0.00030551
4.497409e-08,-0.000324969
4.507409e-08,-0.000343779
4.517409e-08,-0.000361292
4.527409e-08,-0.00037621
4.537409e-08,-0.000385939
4.547409e-08,-0.000389831
4.557409e-08,-0.000389831
4.567409e-08,-0.000385291
4.577409e-08,-0.000378805
4.587409e-08,-0.000370372
4.597409e-08,-0.00036194
4.607409e-08,-0.000354806
4.617409e-08,-0.000348319
4.627409e-08,-0.000343779
4.637409e-08,-0.000341185
4.647409e-08,-0.000341185
4.657409e-08,-0.00034313
4.667409e-08,-0.000347022
4.677409e-08,-0.00035286
4.687409e-08,-0.000360643
4.697409e-08,-0.000369724
4.707409e-08,-0.000378805
4.717409e-08,-0.000388534
4.727409e-08,-0.000397615
4.737409e-08,-0.000404749
4.747409e-08,-0.000407344
4.757409e-08,-0.000404749
4.767409e-08,-0.00039502
4.777409e-08,-0.000378156
4.787409e-08,-0.000353508
4.797409e-08,-0.000322375
4.807409e-08,-0.000286052
4.817409e-08,-0.000247135
4.827409e-08,-0.000206272
4.837409e-08,-0.000168003
4.847409e-08,-0.000133626
4.857409e-08,-0.000104438
4.867409e-08,-8.17365e-05
4.877409e-08,-6.61696e-05
4.887409e-08,-5.77376e-05
4.897409e-08,-5.57917e-05
4.907409e-08,-5.96834e-05
4.917409e-08,-6.74669e-05
4.927409e-08,-7.84934e-05
4.937409e-08,-9.14658e-05
4.947409e-08,-0.000105735
4.957409e-08,-0.000121951
4.967409e-08,-0.000138815
4.977409e-08,-0.000156328
4.987409e-08,-0.000173192
4.997409e-08,-0.000188759
5.007409e-08,-0.000201731
5.017409e-08,-0.000210163
5.027409e-08,-0.000213406
5.037409e-08,-0.000210812
5.047409e-08,-0.000201083
5.057409e-08,-0.000184867
5.067409e-08,-0.000164111
5.077409e-08,-0.00014141
5.087409e-08,-0.000118708
5.097409e-08,-9.86006e-05
5.107409e-08,-8.23851e-05
5.117409e-08,-7.26558e-05
5.127409e-08,-7.00614e-05
5.137409e-08,-7.39531e-05
5.147409e-08,-8.36824e-05
5.157409e-08,-9.60062e-05
5.167409e-08,-0.000109627
5.177409e-08,-0.000121951
5.187409e-08,-0.000131032
5.197409e-08,-0.000135572
5.207409e-08,-0.000135572
5.217409e-08,-0.000132329
5.227409e-08,-0.000125843
5.237409e-08,-0.000118059
5.247409e-08,-0.000110924
5.257409e-08,-0.000105735
5.267409e-08,-0.000103141
5.277409e-08,-0.000103141
5.287409e-08,-0.000105087
5.297409e-08,-0.000107681
5.307409e-08,-0.000108979
5.317409e-08,-0.000108979
5.327409e-08,-0.000107033
5.337409e-08,-0.000102492
5.347409e-08,-9.53575e-05
5.357409e-08,-8.75741e-05
5.367409e-08,-7.9142e-05
5.377409e-08,-7.26558e-05
5.387409e-08,-6.87641e-05
5.397409e-08,-6.87641e-05
5.407409e-08,-7.26558e-05
5.417409e-08,-7.97907e-05
5.427409e-08,-8.88713e-05
5.437409e-08,-9.7952e-05
5.447409e-08,-0.000107033
5.457409e-08,-0.000114816
5.467409e-08,-0.000120005
5.477409e-08,-0.000121951
5.487409e-08,-0.0001226
5.497409e-08,-0.000120654
5.507409e-08,-0.000117411
5.517409e-08,-0.000113519
5.527409e-08,-0.000108979
5.537409e-08,-0.000104438
5.547409e-08,-9.86006e-05
5.557409e-08,-9.14658e-05
5.567409e-08,-8.36824e-05
5.577409e-08,-7.33045e-05
5.587409e-08,-6.03321e-05
5.597409e-08,-4.54138e-05
5.607409e-08,-2.98469e-05
5.617409e-08,-1.36314e-05
5.627409e-08,6.38242e-07
5.637409e-08,1.2962e-05
5.647409e-08,2.20427e-05
5.657409e-08,2.59344e-05
5.667409e-08,2.6583e-05
5.677409e-08,2.33399e-05
5.687409e-08,1.75024e-05
5.697409e-08,1.16648e-05
5.707409e-08,5.8272e-06
5.717409e-08,1.93548e-06
5.727409e-08,6.38242e-07
5.737409e-08,1.93548e-06
5.747409e-08,6.47582e-06
5.757409e-08,1.23134e-05
5.767409e-08,1.87996e-05
5.777409e-08,2.52858e-05
5.787409e-08,2.98261e-05
5.797409e-08,3.1772e-05
5.807409e-08,3.11234e-05
5.817409e-08,2.72317e-05
5.827409e-08,2.33399e-05
5.837409e-08,1.87996e-05
5.847409e-08,1.55565e-05
5.857409e-08,1.36106e-05
5.867409e-08,1.55565e-05
5.877409e-08,2.07455e-05
5.887409e-08,2.78803e-05
5.897409e-08,3.63124e-05
5.907409e-08,4.60417e-05
5.917409e-08,5.44737e-05
5.927409e-08,6.16085e-05
5.937409e-08,6.55003e-05
5.947409e-08,6.67975e-05
5.957409e-08,6.55003e-05
5.967409e-08,6.03113e-05
5.977409e-08,5.31765e-05
5.987409e-08,4.47444e-05
5.997409e-08,3.6961e-05
6.007409e-08,2.91775e-05
6.017409e-08,2.20427e-05
6.027409e-08,1.55565e-05
6.037409e-08,8.42168e-06
6.047409e-08,-1.03779e-08
6.057409e-08,-1.03883e-05
6.067409e-08,-2.07662e-05
6.077409e-08,-3.24414e-05
6.087409e-08,-4.41165e-05
6.097409e-08,-5.51431e-05
6.107409e-08,-6.48724e-05
6.117409e-08,-7.13586e-05
6.127409e-08,-7.52503e-05
6.137409e-08,-7.52503e-05
6.147409e-08,-7.13586e-05
6.157409e-08,-6.35752e-05
6.167409e-08,-5.31972e-05
6.177409e-08,-4.21707e-05
6.187409e-08,-3.04955e-05
6.197409e-08,-1.9469e-05
6.207409e-08,-1.10369e-05
6.217409e-08,-4.55072e-06
6.227409e-08,-1.03779e-08
6.237409e-08,2.5841e-06
6.247409e-08,2.5841e-06
6.257409e-08,1.93548e-06
6.267409e-08,6.38242e-07
6.277409e-08,-6.58998e-07
6.287409e-08,-3.25348e-06
6.297409e-08,-4.55072e-06
6.307409e-08,-5.19934e-06
6.317409e-08,-4.55072e-06
6.327409e-08,-1.95624e-06
6.337409e-08,1.93548e-06
6.347409e-08,7.77306e-06
6.357409e-08,1.62051e-05
6.367409e-08,2.6583e-05
6.377409e-08,3.89068e-05
6.387409e-08,5.44737e-05
6.397409e-08,7.13378e-05
6.407409e-08,8.8202e-05
6.417409e-08,0.000103769
6.427409e-08,0.000116093
6.437409e-08,0.000123876
6.447409e-08,0.000126471
6.457409e-08,0.000123876
6.467409e-08,0.000115444
6.477409e-08,0.000102472
6.487409e-08,8.56075e-05
6.497409e-08,6.74461e-05
6.507409e-08,5.0582e-05
6.517409e-08,3.63124e-05
6.527409e-08,2.59344e-05
6.537409e-08,2.07455e-05
6.547409e-08,2.13941e-05
6.557409e-08,2.6583e-05
6.567409e-08,3.50151e-05
6.577409e-08,4.60417e-05
6.587409e-08,5.77168e-05
6.597409e-08,6.87434e-05
6.607409e-08,7.7824e-05
6.617409e-08,8.36616e-05
6.627409e-08,8.69047e-05
6.637409e-08,8.69047e-05
6.647409e-08,8.49589e-05
6.657409e-08,8.10671e-05
6.667409e-08,7.65268e-05
6.677409e-08,7.19865e-05
6.687409e-08,6.80947e-05
6.697409e-08,6.48516e-05
6.707409e-08,6.35544e-05
6.717409e-08,6.35544e-05
6.727409e-08,6.35544e-05
6.737409e-08,6.4203e-05
6.747409e-08,6.48516e-05
6.757409e-08,6.55003e-05
6.767409e-08,6.48516e-05
6.777409e-08,6.4203e-05
6.787409e-08,6.29058e-05
6.797409e-08,6.09599e-05
6.807409e-08,5.77168e-05
6.817409e-08,5.38251e-05
6.827409e-08,4.86361e-05
6.837409e-08,4.27986e-05
6.847409e-08,3.56637e-05
6.857409e-08,2.78803e-05
6.867409e-08,1.94482e-05
6.877409e-08,1.23134e-05
6.887409e-08,5.8272e-06
6.897409e-08,6.38242e-07
6.907409e-08,-2.60486e-06
6.917409e-08,-3.25348e-06
6.927409e-08,-1.30762e-06
6.937409e-08,1.93548e-06
6.947409e-08,6.47582e-06
6.957409e-08,1.23134e-05
6.967409e-08,1.8151e-05
6.977409e-08,2.33399e-05
6.987409e-08,2.78803e-05
6.997409e-08,3.1772e-05
7.007409e-08,3.43665e-05
7.017409e-08,3.50151e-05
7.027409e-08,3.43665e-05
7.037409e-08,3.30692e-05
7.047409e-08,2.91775e-05
7.057409e-08,2.46372e-05
7.067409e-08,1.94482e-05
7.077409e-08,1.2962e-05
7.087409e-08,5.8272e-06
7.097409e-08,-2.60486e-06
7.107409e-08,-1.03883e-05
7.117409e-08,-1.88204e-05
7.127409e-08,-2.66038e-05
7.137409e-08,-3.37386e-05
7.147409e-08,-4.08734e-05
7.157409e-08,-4.73596e-05
7.167409e-08,-5.38459e-05
7.177409e-08,-5.90348e-05
7.187409e-08,-6.35752e-05
7.197409e-08,-6.74669e-05
7.207409e-08,-7.13586e-05
7.217409e-08,-7.58989e-05
7.227409e-08,-8.10879e-05
7.237409e-08,-8.62769e-05
7.247409e-08,-9.08172e-05
7.257409e-08,-9.53575e-05
7.267409e-08,-9.92493e-05
7.277409e-08,-0.000101195
7.287409e-08,-0.000101195
7.297409e-08,-9.7952e-05
7.307409e-08,-9.08172e-05
7.317409e-08,-8.04393e-05
7.327409e-08,-6.81155e-05
7.337409e-08,-5.31972e-05
7.347409e-08,-3.8279e-05
7.357409e-08,-2.46579e-05
7.367409e-08,-1.36314e-05
7.377409e-08,-7.79382e-06
7.387409e-08,-7.79382e-06
7.397409e-08,-1.36314e-05
7.407409e-08,-2.66038e-05
7.417409e-08,-4.47652e-05
7.427409e-08,-6.68183e-05
7.437409e-08,-8.952e-05
7.447409e-08,-0.000112222
7.457409e-08,-0.000132329
7.467409e-08,-0.000147247
7.477409e-08,-0.000156328
7.487409e-08,-0.000158274
7.497409e-08,-0.000153085
7.507409e-08,-0.00014141
7.517409e-08,-0.000123897
7.527409e-08,-0.000104438
7.537409e-08,-8.36824e-05
7.547409e-08,-6.42238e-05
7.557409e-08,-4.86569e-05
7.567409e-08,-3.8279e-05
7.577409e-08,-3.50359e-05
7.587409e-08,-3.76303e-05
7.597409e-08,-4.60624e-05
7.607409e-08,-6.03321e-05
7.617409e-08,-7.78448e-05
7.627409e-08,-9.73034e-05
7.637409e-08,-0.000117411
7.647409e-08,-0.000135572
7.657409e-08,-0.000149193
7.667409e-08,-0.000157625
7.677409e-08,-0.000158922
7.687409e-08,-0.000153085
7.697409e-08,-0.000140112
7.707409e-08,-0.000120654
7.717409e-08,-9.60062e-05
7.727409e-08,-6.87641e-05
