LECROYWaveRunner‘N,20113,Waveform
Segments,1,SegmentSize,2002
Segment,TrigTime,TimeSinceSegment1
#1,28-Sep-2018 13:20:45,0                 
Time,Ampl
-1.22806e-07,-0.00011287
-1.22706e-07,-0.000118059
-1.22606e-07,-0.000121302
-1.22506e-07,-0.0001226
-1.22406e-07,-0.000123248
-1.22306e-07,-0.000121951
-1.22206e-07,-0.000121302
-1.22106e-07,-0.000120005
-1.22006e-07,-0.000120654
-1.21906e-07,-0.0001226
-1.21806e-07,-0.000125843
-1.21706e-07,-0.000130383
-1.21606e-07,-0.000136221
-1.21506e-07,-0.000142707
-1.21406e-07,-0.000149842
-1.21306e-07,-0.000155679
-1.21206e-07,-0.00016022
-1.21106e-07,-0.000162165
-1.21006e-07,-0.000161517
-1.20906e-07,-0.000158274
-1.20806e-07,-0.000152436
-1.20706e-07,-0.00014595
-1.20606e-07,-0.000138166
-1.20506e-07,-0.000129086
-1.20406e-07,-0.000120654
-1.20306e-07,-0.00011287
-1.20206e-07,-0.000105735
-1.20106e-07,-9.98979e-05
-1.20006e-07,-9.47089e-05
-1.19906e-07,-9.08172e-05
-1.19806e-07,-8.62769e-05
-1.19706e-07,-8.23851e-05
-1.19606e-07,-7.71962e-05
-1.19506e-07,-7.071e-05
-1.19406e-07,-6.22779e-05
-1.19306e-07,-5.19e-05
-1.19206e-07,-4.02248e-05
-1.19106e-07,-2.66038e-05
-1.19006e-07,-1.23342e-05
-1.18906e-07,3.23272e-06
-1.18806e-07,2.00968e-05
-1.18706e-07,3.6961e-05
-1.18606e-07,5.51223e-05
-1.18506e-07,7.19865e-05
-1.18406e-07,8.88506e-05
-1.18306e-07,0.000103769
-1.18206e-07,0.00011739
-1.18106e-07,0.000129065
-1.18006e-07,0.000136848
-1.17906e-07,0.000140092
-1.17806e-07,0.000138146
-1.17706e-07,0.000132308
-1.17606e-07,0.000121282
-1.17506e-07,0.000105715
-1.17406e-07,8.75533e-05
-1.17306e-07,6.74461e-05
-1.17206e-07,4.60417e-05
-1.17106e-07,2.59344e-05
-1.17006e-07,8.42168e-06
-1.16906e-07,-6.49658e-06
-1.16806e-07,-1.81717e-05
-1.16706e-07,-2.59552e-05
-1.16606e-07,-3.04955e-05
-1.16506e-07,-3.24414e-05
-1.16406e-07,-3.11441e-05
-1.16306e-07,-2.85497e-05
-1.16206e-07,-2.46579e-05
-1.16106e-07,-2.07662e-05
-1.16006e-07,-1.68745e-05
-1.15906e-07,-1.36314e-05
-1.15806e-07,-9.73968e-06
-1.15706e-07,-7.1452e-06
-1.15606e-07,-5.19934e-06
-1.15506e-07,-5.19934e-06
-1.15406e-07,-6.49658e-06
-1.15306e-07,-9.73968e-06
-1.15206e-07,-1.428e-05
-1.15106e-07,-1.9469e-05
-1.15006e-07,-2.59552e-05
-1.14906e-07,-3.309e-05
-1.14806e-07,-3.89276e-05
-1.14706e-07,-4.41165e-05
-1.14606e-07,-4.6711e-05
-1.14506e-07,-4.60624e-05
-1.14406e-07,-4.15221e-05
-1.14306e-07,-3.37386e-05
-1.14206e-07,-2.33607e-05
-1.14106e-07,-1.03883e-05
-1.14006e-07,3.88134e-06
-1.13906e-07,1.87996e-05
-1.13806e-07,3.24206e-05
-1.13706e-07,4.40958e-05
-1.13606e-07,5.31765e-05
-1.13506e-07,5.90141e-05
-1.13406e-07,6.16085e-05
-1.13306e-07,6.22572e-05
-1.13206e-07,5.90141e-05
-1.13106e-07,5.38251e-05
-1.13006e-07,4.5393e-05
-1.12906e-07,3.50151e-05
-1.12806e-07,2.07455e-05
-1.12706e-07,5.17858e-06
-1.12606e-07,-1.29828e-05
-1.12506e-07,-3.24414e-05
-1.12406e-07,-5.38459e-05
-1.12306e-07,-7.52503e-05
-1.12206e-07,-9.66548e-05
-1.12106e-07,-0.000116113
-1.12006e-07,-0.000132978
-1.11906e-07,-0.000144653
-1.11806e-07,-0.000151139
-1.11706e-07,-0.000151139
-1.11606e-07,-0.000145301
-1.11506e-07,-0.000133626
-1.11406e-07,-0.000116113
-1.11306e-07,-9.47089e-05
-1.11206e-07,-7.13586e-05
-1.11106e-07,-4.6711e-05
-1.11006e-07,-2.40093e-05
-1.10906e-07,-3.9021e-06
-1.10806e-07,1.10162e-05
-1.10706e-07,2.13941e-05
-1.10606e-07,2.59344e-05
-1.10506e-07,2.39886e-05
-1.10406e-07,1.68537e-05
-1.10306e-07,5.8272e-06
-1.10206e-07,-9.09106e-06
-1.10106e-07,-2.66038e-05
-1.10006e-07,-4.47652e-05
-1.09906e-07,-6.48724e-05
-1.09806e-07,-8.49796e-05
-1.09706e-07,-0.000104438
-1.09606e-07,-0.000123897
-1.09506e-07,-0.00014141
-1.09406e-07,-0.000157625
-1.09306e-07,-0.000171246
-1.09206e-07,-0.00018357
-1.09106e-07,-0.000192651
-1.09006e-07,-0.000199137
-1.08906e-07,-0.000201731
-1.08806e-07,-0.000201083
-1.08706e-07,-0.000196542
-1.08606e-07,-0.000189407
-1.08506e-07,-0.000179678
-1.08406e-07,-0.000168652
-1.08306e-07,-0.000158274
-1.08206e-07,-0.000148544
-1.08106e-07,-0.00014141
-1.08006e-07,-0.000136869
-1.07906e-07,-0.000134275
-1.07806e-07,-0.000133626
-1.07706e-07,-0.000133626
-1.07606e-07,-0.000134923
-1.07506e-07,-0.000134923
-1.07406e-07,-0.000134275
-1.07306e-07,-0.00013168
-1.07206e-07,-0.000126491
-1.07106e-07,-0.000118708
-1.07006e-07,-0.000108979
-1.06906e-07,-9.86006e-05
-1.06806e-07,-8.88713e-05
-1.06706e-07,-7.97907e-05
-1.06606e-07,-7.26558e-05
-1.06506e-07,-6.74669e-05
-1.06406e-07,-6.48724e-05
-1.06306e-07,-6.42238e-05
-1.06206e-07,-6.42238e-05
-1.06106e-07,-6.48724e-05
-1.06006e-07,-6.48724e-05
-1.05906e-07,-6.29265e-05
-1.05806e-07,-5.83862e-05
-1.05706e-07,-5.12514e-05
-1.05606e-07,-4.15221e-05
-1.05506e-07,-2.98469e-05
-1.05406e-07,-1.68745e-05
-1.05306e-07,-2.60486e-06
-1.05206e-07,1.03675e-05
-1.05106e-07,2.20427e-05
-1.05006e-07,3.11234e-05
-1.04906e-07,3.82582e-05
-1.04806e-07,4.15013e-05
-1.04706e-07,4.27986e-05
-1.04606e-07,4.21499e-05
-1.04506e-07,3.95555e-05
-1.04406e-07,3.63124e-05
-1.04306e-07,3.1772e-05
-1.04206e-07,2.78803e-05
-1.04106e-07,2.46372e-05
-1.04006e-07,2.20427e-05
-1.03906e-07,2.07455e-05
-1.03806e-07,2.13941e-05
-1.03706e-07,2.26913e-05
-1.03606e-07,2.59344e-05
-1.03506e-07,2.91775e-05
-1.03406e-07,3.30692e-05
-1.03306e-07,3.6961e-05
-1.03206e-07,3.95555e-05
-1.03106e-07,4.08527e-05
-1.03006e-07,4.08527e-05
-1.02906e-07,3.76096e-05
-1.02806e-07,3.24206e-05
-1.02706e-07,2.39886e-05
-1.02606e-07,1.36106e-05
-1.02506e-07,1.28686e-06
-1.02406e-07,-1.29828e-05
-1.02306e-07,-2.72524e-05
-1.02206e-07,-4.21707e-05
-1.02106e-07,-5.7089e-05
-1.02006e-07,-7.20072e-05
-1.01906e-07,-8.62769e-05
-1.01806e-07,-9.98979e-05
-1.01706e-07,-0.000113519
-1.01606e-07,-0.00012714
-1.01506e-07,-0.000140112
-1.01406e-07,-0.000151139
-1.01306e-07,-0.00016022
-1.01206e-07,-0.000167354
-1.01106e-07,-0.000170597
-1.01006e-07,-0.000170597
-1.00906e-07,-0.000166706
-1.00806e-07,-0.000158922
-1.00706e-07,-0.000148544
-1.00606e-07,-0.000136221
-1.00506e-07,-0.000123897
-1.00406e-07,-0.000112222
-1.00306e-07,-0.000101844
-1.00206e-07,-9.34117e-05
-1.00106e-07,-8.75741e-05
-1.00006e-07,-8.4331e-05
-9.990602e-08,-8.23851e-05
-9.980602e-08,-8.04393e-05
-9.970602e-08,-7.78448e-05
-9.960602e-08,-7.26558e-05
-9.950602e-08,-6.48724e-05
-9.940602e-08,-5.25486e-05
-9.930602e-08,-3.76303e-05
-9.920602e-08,-2.07662e-05
-9.910602e-08,-3.25348e-06
-9.900602e-08,1.42593e-05
-9.890602e-08,2.91775e-05
-9.880602e-08,3.95555e-05
-9.870602e-08,4.34472e-05
-9.860602e-08,3.89068e-05
-9.850602e-08,2.72317e-05
-9.840602e-08,7.77306e-06
-9.830602e-08,-1.88204e-05
-9.820602e-08,-5.06027e-05
-9.810602e-08,-8.56282e-05
-9.800602e-08,-0.0001226
-9.790602e-08,-0.000157625
-9.780602e-08,-0.000189407
-9.770602e-08,-0.000215352
-9.760602e-08,-0.000235459
-9.750602e-08,-0.000249729
-9.740602e-08,-0.000257513
-9.730602e-08,-0.00025881
-9.720602e-08,-0.000255567
-9.710602e-08,-0.000248432
-9.700602e-08,-0.000238703
-9.690602e-08,-0.000228973
-9.680602e-08,-0.000219893
-9.670602e-08,-0.000210812
-9.660602e-08,-0.000203028
-9.650602e-08,-0.000196542
-9.640602e-08,-0.000191353
-9.630602e-08,-0.000187462
-9.620602e-08,-0.000184219
-9.610602e-08,-0.000180975
-9.600602e-08,-0.000178381
-9.590602e-08,-0.000175138
-9.580602e-08,-0.000170597
-9.570602e-08,-0.000165409
-9.560602e-08,-0.00016022
-9.550602e-08,-0.000154382
-9.540602e-08,-0.000147896
-9.530602e-08,-0.00014141
-9.520602e-08,-0.000134275
-9.510602e-08,-0.00012714
-9.500602e-08,-0.000119356
-9.490602e-08,-0.000110924
-9.480602e-08,-0.000102492
-9.470602e-08,-9.40603e-05
-9.460602e-08,-8.49796e-05
-9.450602e-08,-7.52503e-05
-9.440602e-08,-6.61696e-05
-9.430602e-08,-5.7089e-05
-9.420602e-08,-4.80083e-05
-9.410602e-08,-4.02248e-05
-9.400602e-08,-3.37386e-05
-9.390602e-08,-2.91983e-05
-9.380602e-08,-2.66038e-05
-9.370602e-08,-2.53066e-05
-9.360602e-08,-2.72524e-05
-9.350602e-08,-3.11441e-05
-9.340602e-08,-3.50359e-05
-9.330602e-08,-3.8279e-05
-9.320602e-08,-4.02248e-05
-9.310602e-08,-3.95762e-05
-9.300602e-08,-3.43872e-05
-9.290602e-08,-2.40093e-05
-9.280602e-08,-8.44244e-06
-9.270602e-08,1.16648e-05
-9.260602e-08,3.50151e-05
-9.250602e-08,6.09599e-05
-9.240602e-08,8.62561e-05
-9.230602e-08,0.000108958
-9.220602e-08,0.000127768
-9.210602e-08,0.000141389
-9.200602e-08,0.000148524
-9.190602e-08,0.000149821
-9.180602e-08,0.000146578
-9.170602e-08,0.000138794
-9.160602e-08,0.000129065
-9.150602e-08,0.000118038
-9.140602e-08,0.000107661
-9.130602e-08,9.98771e-05
-9.120602e-08,9.46882e-05
-9.110602e-08,9.14451e-05
-9.100602e-08,9.01478e-05
-9.090602e-08,8.8202e-05
-9.080602e-08,8.49589e-05
-9.070602e-08,7.91213e-05
-9.060602e-08,7.00406e-05
-9.050602e-08,5.77168e-05
-9.040602e-08,4.15013e-05
-9.030602e-08,2.39886e-05
-9.020602e-08,4.52996e-06
-9.010602e-08,-1.49286e-05
-9.000602e-08,-3.37386e-05
-8.990602e-08,-5.06027e-05
-8.980602e-08,-6.35752e-05
-8.970602e-08,-7.26558e-05
-8.960602e-08,-7.9142e-05
-8.950602e-08,-8.30338e-05
-8.940602e-08,-8.36824e-05
-8.930602e-08,-8.17365e-05
-8.920602e-08,-7.9142e-05
-8.910602e-08,-7.58989e-05
-8.900602e-08,-7.33045e-05
-8.890602e-08,-7.071e-05
-8.880602e-08,-6.81155e-05
-8.870602e-08,-6.5521e-05
-8.860602e-08,-6.35752e-05
-8.850602e-08,-6.29265e-05
-8.840602e-08,-6.29265e-05
-8.830602e-08,-6.42238e-05
-8.820602e-08,-6.68183e-05
-8.810602e-08,-7.13586e-05
-8.800602e-08,-7.71962e-05
-8.790602e-08,-8.36824e-05
-8.780602e-08,-8.952e-05
-8.770602e-08,-9.40603e-05
-8.760602e-08,-9.73034e-05
-8.750602e-08,-9.7952e-05
-8.740602e-08,-9.53575e-05
-8.730602e-08,-8.88713e-05
-8.720602e-08,-8.04393e-05
-8.710602e-08,-7.071e-05
-8.700602e-08,-6.09807e-05
-8.690602e-08,-5.31972e-05
-8.680602e-08,-4.93055e-05
-8.670602e-08,-4.93055e-05
-8.660602e-08,-5.31972e-05
-8.650602e-08,-6.09807e-05
-8.640602e-08,-7.071e-05
-8.630602e-08,-7.9142e-05
-8.620602e-08,-8.56282e-05
-8.610602e-08,-8.82227e-05
-8.600602e-08,-8.49796e-05
-8.590602e-08,-7.52503e-05
-8.580602e-08,-5.96834e-05
-8.570602e-08,-3.89276e-05
-8.560602e-08,-1.49286e-05
-8.550602e-08,9.0703e-06
-8.540602e-08,3.1772e-05
-8.530602e-08,5.0582e-05
-8.520602e-08,6.4203e-05
-8.510602e-08,7.13378e-05
-8.500602e-08,7.26351e-05
-8.490602e-08,7.00406e-05
-8.480602e-08,6.4203e-05
-8.470602e-08,5.77168e-05
-8.460602e-08,5.18792e-05
-8.450602e-08,4.79875e-05
-8.440602e-08,4.60417e-05
-8.430602e-08,4.47444e-05
-8.420602e-08,4.47444e-05
-8.410602e-08,4.27986e-05
-8.400602e-08,3.89068e-05
-8.390602e-08,3.24206e-05
-8.380602e-08,2.20427e-05
-8.370602e-08,9.0703e-06
-8.360602e-08,-7.1452e-06
-8.350602e-08,-2.33607e-05
-8.340602e-08,-3.89276e-05
-8.330602e-08,-5.06027e-05
-8.320602e-08,-5.83862e-05
-8.310602e-08,-6.09807e-05
-8.300602e-08,-5.77376e-05
-8.290602e-08,-4.93055e-05
-8.280602e-08,-3.76303e-05
-8.270602e-08,-2.46579e-05
-8.260602e-08,-1.10369e-05
-8.250602e-08,1.28686e-06
-8.240602e-08,1.10162e-05
-8.230602e-08,1.8151e-05
-8.220602e-08,2.26913e-05
-8.210602e-08,2.52858e-05
-8.200602e-08,2.72317e-05
-8.190602e-08,2.85289e-05
-8.180602e-08,3.04748e-05
-8.170602e-08,3.30692e-05
-8.160602e-08,3.50151e-05
-8.150602e-08,3.63124e-05
-8.140602e-08,3.56637e-05
-8.130602e-08,3.1772e-05
-8.120602e-08,2.26913e-05
-8.110602e-08,9.0703e-06
-8.100602e-08,-9.09106e-06
-8.090602e-08,-3.04955e-05
-8.080602e-08,-5.51431e-05
-8.070602e-08,-7.9142e-05
-8.060602e-08,-0.000100547
-8.050602e-08,-0.000117411
-8.040602e-08,-0.000130383
-8.030602e-08,-0.000137518
-8.020602e-08,-0.000140112
-8.010602e-08,-0.000138815
-8.000602e-08,-0.000135572
-7.990602e-08,-0.00013168
-7.980602e-08,-0.00012714
-7.970602e-08,-0.000124545
-7.960602e-08,-0.000123897
-7.950602e-08,-0.000124545
-7.940602e-08,-0.000125843
-7.930602e-08,-0.000126491
-7.920602e-08,-0.000125843
-7.910602e-08,-0.0001226
-7.900602e-08,-0.000115465
-7.890602e-08,-0.000104438
-7.880602e-08,-9.14658e-05
-7.870602e-08,-7.65476e-05
-7.860602e-08,-6.09807e-05
-7.850602e-08,-4.6711e-05
-7.840602e-08,-3.50359e-05
-7.830602e-08,-2.72524e-05
-7.820602e-08,-2.27121e-05
-7.810602e-08,-2.14148e-05
-7.800602e-08,-2.33607e-05
-7.790602e-08,-2.85497e-05
-7.780602e-08,-3.50359e-05
-7.770602e-08,-4.21707e-05
-7.760602e-08,-4.99541e-05
-7.750602e-08,-5.77376e-05
-7.740602e-08,-6.5521e-05
-7.730602e-08,-7.26558e-05
-7.720602e-08,-8.04393e-05
-7.710602e-08,-8.952e-05
-7.700602e-08,-9.86006e-05
-7.690602e-08,-0.000108979
-7.680602e-08,-0.000119356
-7.670602e-08,-0.000129086
-7.660602e-08,-0.000138166
-7.650602e-08,-0.000146599
-7.640602e-08,-0.000153733
-7.630602e-08,-0.00016022
-7.620602e-08,-0.000165409
-7.610602e-08,-0.000169949
-7.600602e-08,-0.000173192
-7.590602e-08,-0.000175786
-7.580602e-08,-0.000175786
-7.570602e-08,-0.000173841
-7.560602e-08,-0.0001693
-7.550602e-08,-0.000160868
-7.540602e-08,-0.000147247
-7.530602e-08,-0.000129086
-7.520602e-08,-0.000105735
-7.510602e-08,-7.78448e-05
-7.500602e-08,-4.80083e-05
-7.490602e-08,-1.81717e-05
-7.480602e-08,9.71892e-06
-7.470602e-08,3.1772e-05
-7.460602e-08,4.73389e-05
-7.450602e-08,5.38251e-05
-7.440602e-08,5.12306e-05
-7.430602e-08,3.95555e-05
-7.420602e-08,2.20427e-05
-7.410602e-08,-1.03779e-08
-7.400602e-08,-2.40093e-05
-7.390602e-08,-4.60624e-05
-7.380602e-08,-6.35752e-05
-7.370602e-08,-7.52503e-05
-7.360602e-08,-7.9142e-05
-7.350602e-08,-7.58989e-05
-7.340602e-08,-6.81155e-05
-7.330602e-08,-5.64403e-05
-7.320602e-08,-4.41165e-05
-7.310602e-08,-3.24414e-05
-7.300602e-08,-2.33607e-05
-7.290602e-08,-1.62259e-05
-7.280602e-08,-1.29828e-05
-7.270602e-08,-1.16855e-05
-7.260602e-08,-1.23342e-05
-7.250602e-08,-1.428e-05
-7.240602e-08,-1.62259e-05
-7.230602e-08,-1.88204e-05
-7.220602e-08,-2.07662e-05
-7.210602e-08,-2.33607e-05
-7.200602e-08,-2.72524e-05
-7.190602e-08,-3.24414e-05
-7.180602e-08,-4.02248e-05
-7.170602e-08,-4.99541e-05
-7.160602e-08,-6.22779e-05
-7.150602e-08,-7.52503e-05
-7.140602e-08,-8.69255e-05
-7.130602e-08,-9.66548e-05
-7.120602e-08,-0.000102492
-7.110602e-08,-0.000105087
-7.100602e-08,-0.000103141
-7.090602e-08,-9.86006e-05
-7.080602e-08,-9.27631e-05
-7.070602e-08,-8.75741e-05
-7.060602e-08,-8.36824e-05
-7.050602e-08,-8.36824e-05
-7.040602e-08,-8.69255e-05
-7.030602e-08,-9.34117e-05
-7.020602e-08,-0.000100547
-7.010602e-08,-0.000107681
-7.000602e-08,-0.000112222
-6.990602e-08,-0.00011287
-6.980602e-08,-0.000107681
-6.970602e-08,-9.66548e-05
-6.960602e-08,-8.17365e-05
-6.950602e-08,-6.29265e-05
-6.940602e-08,-4.15221e-05
-6.930602e-08,-2.07662e-05
-6.920602e-08,-1.95624e-06
-6.910602e-08,1.23134e-05
-6.900602e-08,2.26913e-05
-6.890602e-08,2.85289e-05
-6.880602e-08,2.98261e-05
-6.870602e-08,2.85289e-05
-6.860602e-08,2.46372e-05
-6.850602e-08,2.13941e-05
-6.840602e-08,1.75024e-05
-6.830602e-08,1.55565e-05
-6.820602e-08,1.36106e-05
-6.810602e-08,1.2962e-05
-6.800602e-08,1.23134e-05
-6.790602e-08,1.03675e-05
-6.780602e-08,6.47582e-06
-6.770602e-08,6.38242e-07
-6.760602e-08,-7.79382e-06
-6.750602e-08,-1.81717e-05
-6.740602e-08,-2.91983e-05
-6.730602e-08,-4.15221e-05
-6.720602e-08,-5.25486e-05
-6.710602e-08,-6.16293e-05
-6.700602e-08,-6.87641e-05
-6.690602e-08,-7.33045e-05
-6.680602e-08,-7.58989e-05
-6.670602e-08,-7.65476e-05
-6.660602e-08,-7.58989e-05
-6.650602e-08,-7.39531e-05
-6.640602e-08,-7.13586e-05
-6.630602e-08,-6.68183e-05
-6.620602e-08,-5.96834e-05
-6.610602e-08,-4.86569e-05
-6.600602e-08,-3.37386e-05
-6.590602e-08,-1.55773e-05
-6.580602e-08,6.47582e-06
-6.570602e-08,3.04748e-05
-6.560602e-08,5.5771e-05
-6.550602e-08,7.97699e-05
-6.540602e-08,9.98771e-05
-6.530602e-08,0.000114795
-6.520602e-08,0.000122579
-6.510602e-08,0.00012193
-6.500602e-08,0.000113498
-6.490602e-08,9.72826e-05
-6.480602e-08,7.65268e-05
-6.470602e-08,5.25279e-05
-6.460602e-08,2.85289e-05
-6.450602e-08,7.12444e-06
-6.440602e-08,-9.73968e-06
-6.430602e-08,-2.20635e-05
-6.420602e-08,-2.91983e-05
-6.410602e-08,-3.17928e-05
-6.400602e-08,-3.11441e-05
-6.390602e-08,-2.85497e-05
-6.380602e-08,-2.53066e-05
-6.370602e-08,-2.27121e-05
-6.360602e-08,-2.14148e-05
-6.350602e-08,-2.07662e-05
-6.340602e-08,-2.01176e-05
-6.330602e-08,-1.81717e-05
-6.320602e-08,-1.49286e-05
-6.310602e-08,-1.03883e-05
-6.300602e-08,-3.9021e-06
-6.290602e-08,2.5841e-06
-6.280602e-08,7.77306e-06
-6.270602e-08,1.03675e-05
-6.260602e-08,9.0703e-06
-6.250602e-08,3.88134e-06
-6.240602e-08,-5.84796e-06
-6.230602e-08,-1.9469e-05
-6.220602e-08,-3.43872e-05
-6.210602e-08,-4.86569e-05
-6.200602e-08,-5.96834e-05
-6.190602e-08,-6.5521e-05
-6.180602e-08,-6.35752e-05
-6.170602e-08,-5.38459e-05
-6.160602e-08,-3.69817e-05
-6.150602e-08,-1.36314e-05
-6.140602e-08,1.42593e-05
-6.130602e-08,4.47444e-05
-6.120602e-08,7.39323e-05
-6.110602e-08,9.92285e-05
-6.100602e-08,0.000119336
-6.090602e-08,0.000132957
-6.080602e-08,0.000140092
-6.070602e-08,0.00014074
-6.060602e-08,0.000134903
-6.050602e-08,0.000123876
-6.040602e-08,0.000108309
-6.030602e-08,8.8202e-05
-6.020602e-08,6.4203e-05
-6.010602e-08,3.63124e-05
-6.000602e-08,5.17858e-06
-5.990602e-08,-2.85497e-05
-5.980602e-08,-6.29265e-05
-5.970602e-08,-9.66548e-05
-5.960602e-08,-0.00012714
-5.950602e-08,-0.000153085
-5.940602e-08,-0.000169949
-5.930602e-08,-0.000177732
-5.920602e-08,-0.000174489
-5.910602e-08,-0.000161517
-5.900602e-08,-0.000138815
-5.890602e-08,-0.000108979
-5.880602e-08,-7.52503e-05
-5.870602e-08,-4.08734e-05
-5.860602e-08,-1.03883e-05
-5.850602e-08,1.42593e-05
-5.840602e-08,3.04748e-05
-5.830602e-08,3.76096e-05
-5.820602e-08,3.56637e-05
-5.810602e-08,2.6583e-05
-5.800602e-08,1.23134e-05
-5.790602e-08,-4.55072e-06
-5.780602e-08,-2.07662e-05
-5.770602e-08,-3.37386e-05
-5.760602e-08,-4.21707e-05
-5.750602e-08,-4.47652e-05
-5.740602e-08,-4.08734e-05
-5.730602e-08,-3.17928e-05
-5.720602e-08,-1.9469e-05
-5.710602e-08,-4.55072e-06
-5.700602e-08,1.10162e-05
-5.690602e-08,2.52858e-05
-5.680602e-08,3.56637e-05
-5.670602e-08,4.21499e-05
-5.660602e-08,4.40958e-05
-5.650602e-08,4.08527e-05
-5.640602e-08,3.37179e-05
-5.630602e-08,2.13941e-05
-5.620602e-08,4.52996e-06
-5.610602e-08,-1.49286e-05
-5.600602e-08,-3.8279e-05
-5.590602e-08,-6.35752e-05
-5.580602e-08,-8.82227e-05
-5.570602e-08,-0.000112222
-5.560602e-08,-0.000134275
-5.550602e-08,-0.000151787
-5.540602e-08,-0.00016476
-5.530602e-08,-0.000170597
-5.520602e-08,-0.000170597
-5.510602e-08,-0.000164111
-5.500602e-08,-0.000151787
-5.490602e-08,-0.000135572
-5.480602e-08,-0.000118059
-5.470602e-08,-0.000100547
-5.460602e-08,-8.4331e-05
-5.450602e-08,-7.13586e-05
-5.440602e-08,-6.22779e-05
-5.430602e-08,-5.7089e-05
-5.420602e-08,-5.44945e-05
-5.410602e-08,-5.38459e-05
-5.400602e-08,-5.38459e-05
-5.390602e-08,-5.31972e-05
-5.380602e-08,-4.99541e-05
-5.370602e-08,-4.54138e-05
-5.360602e-08,-3.89276e-05
-5.350602e-08,-3.11441e-05
-5.340602e-08,-2.27121e-05
-5.330602e-08,-1.36314e-05
-5.320602e-08,-6.49658e-06
-5.310602e-08,-1.30762e-06
-5.300602e-08,1.28686e-06
-5.290602e-08,2.5841e-06
-5.280602e-08,1.93548e-06
-5.270602e-08,1.28686e-06
-5.260602e-08,2.5841e-06
-5.250602e-08,6.47582e-06
-5.240602e-08,1.23134e-05
-5.230602e-08,2.20427e-05
-5.220602e-08,3.43665e-05
-5.210602e-08,4.79875e-05
-5.200602e-08,6.16085e-05
-5.190602e-08,7.32837e-05
-5.180602e-08,8.10671e-05
-5.170602e-08,8.23644e-05
-5.160602e-08,7.7824e-05
-5.150602e-08,6.61489e-05
-5.140602e-08,4.79875e-05
-5.130602e-08,2.59344e-05
-5.120602e-08,6.38242e-07
-5.110602e-08,-2.66038e-05
-5.100602e-08,-5.25486e-05
-5.090602e-08,-7.58989e-05
-5.080602e-08,-9.66548e-05
-5.070602e-08,-0.00011287
-5.060602e-08,-0.000124545
-5.050602e-08,-0.00013168
-5.040602e-08,-0.000134275
-5.030602e-08,-0.000134275
-5.020602e-08,-0.000130383
-5.010602e-08,-0.000123897
-5.000602e-08,-0.000114168
-4.990602e-08,-0.000101195
-4.980602e-08,-8.62769e-05
-4.970602e-08,-6.87641e-05
-4.960602e-08,-4.93055e-05
-4.950602e-08,-2.91983e-05
-4.940602e-08,-9.09106e-06
-4.930602e-08,9.0703e-06
-4.920602e-08,2.39886e-05
-4.910602e-08,3.50151e-05
-4.900602e-08,4.08527e-05
-4.890602e-08,4.21499e-05
-4.880602e-08,3.95555e-05
-4.870602e-08,3.37179e-05
-4.860602e-08,2.59344e-05
-4.850602e-08,1.62051e-05
-4.840602e-08,7.12444e-06
-4.830602e-08,-1.30762e-06
-4.820602e-08,-7.1452e-06
-4.810602e-08,-1.03883e-05
-4.800602e-08,-1.10369e-05
-4.790602e-08,-1.10369e-05
-4.780602e-08,-1.03883e-05
-4.770602e-08,-9.73968e-06
-4.760602e-08,-9.73968e-06
-4.750602e-08,-1.03883e-05
-4.740602e-08,-1.03883e-05
-4.730602e-08,-1.16855e-05
-4.720602e-08,-1.29828e-05
-4.710602e-08,-1.428e-05
-4.700602e-08,-1.68745e-05
-4.690602e-08,-1.88204e-05
-4.680602e-08,-2.27121e-05
-4.670602e-08,-2.91983e-05
-4.660602e-08,-3.76303e-05
-4.650602e-08,-4.86569e-05
-4.640602e-08,-6.29265e-05
-4.630602e-08,-7.78448e-05
-4.620602e-08,-9.27631e-05
-4.610602e-08,-0.000106384
-4.600602e-08,-0.000118059
-4.590602e-08,-0.000124545
-4.580602e-08,-0.00012714
-4.570602e-08,-0.000124545
-4.560602e-08,-0.000117411
-4.550602e-08,-0.000107033
-4.540602e-08,-9.47089e-05
-4.530602e-08,-8.30338e-05
-4.520602e-08,-7.26558e-05
-4.510602e-08,-6.48724e-05
-4.500602e-08,-5.96834e-05
-4.490602e-08,-5.51431e-05
-4.480602e-08,-5.19e-05
-4.470602e-08,-4.86569e-05
-4.460602e-08,-4.34679e-05
-4.450602e-08,-3.56845e-05
-4.440602e-08,-2.53066e-05
-4.430602e-08,-1.16855e-05
-4.420602e-08,3.23272e-06
-4.410602e-08,1.8151e-05
-4.400602e-08,3.11234e-05
-4.390602e-08,4.15013e-05
-4.380602e-08,4.66903e-05
-4.370602e-08,4.66903e-05
-4.360602e-08,4.08527e-05
-4.350602e-08,2.98261e-05
-4.340602e-08,1.55565e-05
-4.330602e-08,-1.30762e-06
-4.320602e-08,-1.9469e-05
-4.310602e-08,-3.63331e-05
-4.300602e-08,-5.06027e-05
-4.290602e-08,-6.22779e-05
-4.280602e-08,-7.13586e-05
-4.270602e-08,-7.97907e-05
-4.260602e-08,-8.62769e-05
-4.250602e-08,-9.21144e-05
-4.240602e-08,-9.73034e-05
-4.230602e-08,-0.000103141
-4.220602e-08,-0.000107681
-4.210602e-08,-0.000110276
-4.200602e-08,-0.000110924
-4.190602e-08,-0.000107681
-4.180602e-08,-9.98979e-05
-4.170602e-08,-8.82227e-05
-4.160602e-08,-7.26558e-05
-4.150602e-08,-5.44945e-05
-4.140602e-08,-3.63331e-05
-4.130602e-08,-1.88204e-05
-4.120602e-08,-5.84796e-06
-4.110602e-08,3.23272e-06
-4.100602e-08,6.47582e-06
-4.090602e-08,5.17858e-06
-4.080602e-08,-6.58998e-07
-4.070602e-08,-9.09106e-06
-4.060602e-08,-1.81717e-05
-4.050602e-08,-2.46579e-05
-4.040602e-08,-2.72524e-05
-4.030602e-08,-2.46579e-05
-4.020602e-08,-1.55773e-05
-4.010602e-08,-1.30762e-06
-4.000602e-08,1.75024e-05
-3.990602e-08,3.89068e-05
-3.980602e-08,6.03113e-05
-3.970602e-08,7.97699e-05
-3.960602e-08,9.59854e-05
-3.950602e-08,0.000106363
-3.940602e-08,0.000112201
-3.930602e-08,0.00011285
-3.920602e-08,0.000109606
-3.910602e-08,0.00010312
-3.900602e-08,9.53368e-05
-3.890602e-08,8.62561e-05
-3.880602e-08,7.65268e-05
-3.870602e-08,6.61489e-05
-3.860602e-08,5.5771e-05
-3.850602e-08,4.5393e-05
-3.840602e-08,3.30692e-05
-3.830602e-08,1.87996e-05
-3.820602e-08,2.5841e-06
-3.810602e-08,-1.49286e-05
-3.800602e-08,-3.43872e-05
-3.790602e-08,-5.38459e-05
-3.780602e-08,-7.20072e-05
-3.770602e-08,-8.75741e-05
-3.760602e-08,-9.98979e-05
-3.750602e-08,-0.000107033
-3.740602e-08,-0.000109627
-3.730602e-08,-0.000107681
-3.720602e-08,-0.000102492
-3.710602e-08,-9.47089e-05
-3.700602e-08,-8.56282e-05
-3.690602e-08,-7.58989e-05
-3.680602e-08,-6.61696e-05
-3.670602e-08,-5.77376e-05
-3.660602e-08,-5.12514e-05
-3.650602e-08,-4.60624e-05
-3.640602e-08,-4.34679e-05
-3.630602e-08,-4.28193e-05
-3.620602e-08,-4.34679e-05
-3.610602e-08,-4.6711e-05
-3.600602e-08,-5.19e-05
-3.590602e-08,-5.83862e-05
-3.580602e-08,-6.68183e-05
-3.570602e-08,-7.65476e-05
-3.560602e-08,-8.69255e-05
-3.550602e-08,-9.7952e-05
-3.540602e-08,-0.000107681
-3.530602e-08,-0.000116762
-3.520602e-08,-0.000124545
-3.510602e-08,-0.000129086
-3.500602e-08,-0.000130383
-3.490602e-08,-0.000129086
-3.480602e-08,-0.000124545
-3.470602e-08,-0.000118708
-3.460602e-08,-0.000110924
-3.450602e-08,-0.000102492
-3.440602e-08,-9.40603e-05
-3.430602e-08,-8.62769e-05
-3.420602e-08,-7.97907e-05
-3.410602e-08,-7.52503e-05
-3.400602e-08,-7.39531e-05
-3.390602e-08,-7.46017e-05
-3.380602e-08,-7.71962e-05
-3.370602e-08,-8.23851e-05
-3.360602e-08,-9.08172e-05
-3.350602e-08,-0.000102492
-3.340602e-08,-0.000116113
-3.330602e-08,-0.000132329
-3.320602e-08,-0.000151139
-3.310602e-08,-0.000173192
-3.300602e-08,-0.000195894
-3.290602e-08,-0.000219893
-3.280602e-08,-0.000243243
-3.270602e-08,-0.000265296
-3.260602e-08,-0.000283457
-3.250602e-08,-0.00029643
-3.240602e-08,-0.000304213
-3.230602e-08,-0.00030551
-3.220602e-08,-0.000299673
-3.210602e-08,-0.000287998
-3.200602e-08,-0.000271782
-3.190602e-08,-0.000251026
-3.180602e-08,-0.000227676
-3.170602e-08,-0.000203677
-3.160602e-08,-0.000179678
-3.150602e-08,-0.000156976
-3.140602e-08,-0.000135572
-3.130602e-08,-0.000116762
-3.120602e-08,-0.000100547
-3.110602e-08,-8.69255e-05
-3.100602e-08,-7.39531e-05
-3.090602e-08,-6.22779e-05
-3.080602e-08,-5.19e-05
-3.070602e-08,-4.28193e-05
-3.060602e-08,-3.50359e-05
-3.050602e-08,-2.98469e-05
-3.040602e-08,-2.85497e-05
-3.030602e-08,-3.04955e-05
-3.020602e-08,-3.56845e-05
-3.010602e-08,-4.47652e-05
-3.000602e-08,-5.77376e-05
-2.990602e-08,-7.33045e-05
-2.980602e-08,-9.14658e-05
-2.970602e-08,-0.000110924
-2.960602e-08,-0.000130383
-2.950602e-08,-0.000149842
-2.940602e-08,-0.000168003
-2.930602e-08,-0.000185516
-2.920602e-08,-0.000201083
-2.910602e-08,-0.000215352
-2.900602e-08,-0.000228973
-2.890602e-08,-0.000240648
-2.880602e-08,-0.000251026
-2.870602e-08,-0.00025881
-2.860602e-08,-0.00026335
-2.850602e-08,-0.000264647
-2.840602e-08,-0.000261404
-2.830602e-08,-0.000252972
-2.820602e-08,-0.00024
-2.810602e-08,-0.000223136
-2.800602e-08,-0.000203028
-2.790602e-08,-0.000180975
-2.780602e-08,-0.000158274
-2.770602e-08,-0.000135572
-2.760602e-08,-0.000113519
-2.750602e-08,-9.34117e-05
-2.740602e-08,-7.58989e-05
-2.730602e-08,-5.96834e-05
-2.720602e-08,-4.54138e-05
-2.710602e-08,-3.04955e-05
-2.700602e-08,-1.55773e-05
-2.690602e-08,-1.03779e-08
-2.680602e-08,1.62051e-05
-2.670602e-08,3.30692e-05
-2.660602e-08,4.99334e-05
-2.650602e-08,6.61489e-05
-2.640602e-08,7.91213e-05
-2.630602e-08,8.88506e-05
-2.620602e-08,9.46882e-05
-2.610602e-08,9.46882e-05
-2.600602e-08,8.88506e-05
-2.590602e-08,7.7824e-05
-2.580602e-08,6.29058e-05
-2.570602e-08,4.5393e-05
-2.560602e-08,2.59344e-05
-2.550602e-08,7.12444e-06
-2.540602e-08,-1.03883e-05
-2.530602e-08,-2.46579e-05
-2.520602e-08,-3.56845e-05
-2.510602e-08,-4.34679e-05
-2.500602e-08,-4.80083e-05
-2.490602e-08,-4.93055e-05
-2.480602e-08,-4.80083e-05
-2.470602e-08,-4.41165e-05
-2.460602e-08,-3.76303e-05
-2.450602e-08,-2.91983e-05
-2.440602e-08,-1.9469e-05
-2.430602e-08,-9.09106e-06
-2.420602e-08,2.5841e-06
-2.410602e-08,1.36106e-05
-2.400602e-08,2.39886e-05
-2.390602e-08,3.24206e-05
-2.380602e-08,3.89068e-05
-2.370602e-08,4.40958e-05
-2.360602e-08,4.66903e-05
-2.350602e-08,4.73389e-05
-2.340602e-08,4.60417e-05
-2.330602e-08,4.40958e-05
-2.320602e-08,4.15013e-05
-2.310602e-08,3.82582e-05
-2.300602e-08,3.6961e-05
-2.290602e-08,3.76096e-05
-2.280602e-08,3.82582e-05
-2.270602e-08,4.08527e-05
-2.260602e-08,4.34472e-05
-2.250602e-08,4.5393e-05
-2.240602e-08,4.60417e-05
-2.230602e-08,4.5393e-05
-2.220602e-08,4.15013e-05
-2.210602e-08,3.43665e-05
-2.200602e-08,2.33399e-05
-2.190602e-08,9.71892e-06
-2.180602e-08,-6.49658e-06
-2.170602e-08,-2.40093e-05
-2.160602e-08,-4.08734e-05
-2.150602e-08,-5.64403e-05
-2.140602e-08,-6.81155e-05
-2.130602e-08,-7.52503e-05
-2.120602e-08,-7.84934e-05
-2.110602e-08,-7.65476e-05
-2.100602e-08,-7.071e-05
-2.090602e-08,-6.22779e-05
-2.080602e-08,-5.25486e-05
-2.070602e-08,-4.34679e-05
-2.060602e-08,-3.50359e-05
-2.050602e-08,-2.85497e-05
-2.040602e-08,-2.59552e-05
-2.030602e-08,-2.59552e-05
-2.020602e-08,-2.91983e-05
-2.010602e-08,-3.50359e-05
-2.000602e-08,-4.34679e-05
-1.990602e-08,-5.31972e-05
-1.980602e-08,-6.22779e-05
-1.970602e-08,-7.00614e-05
-1.960602e-08,-7.58989e-05
-1.950602e-08,-7.9142e-05
-1.940602e-08,-8.04393e-05
-1.930602e-08,-7.84934e-05
-1.920602e-08,-7.52503e-05
-1.910602e-08,-7.00614e-05
-1.900602e-08,-6.42238e-05
-1.890602e-08,-5.64403e-05
-1.880602e-08,-4.93055e-05
-1.870602e-08,-4.21707e-05
-1.860602e-08,-3.56845e-05
-1.850602e-08,-3.04955e-05
-1.840602e-08,-2.72524e-05
-1.830602e-08,-2.46579e-05
-1.820602e-08,-2.33607e-05
-1.810602e-08,-2.27121e-05
-1.800602e-08,-2.20635e-05
-1.790602e-08,-2.07662e-05
-1.780602e-08,-1.75231e-05
-1.770602e-08,-1.16855e-05
-1.760602e-08,-3.25348e-06
-1.750602e-08,7.12444e-06
-1.740602e-08,2.13941e-05
-1.730602e-08,3.82582e-05
-1.720602e-08,5.77168e-05
-1.710602e-08,7.7824e-05
-1.700602e-08,9.72826e-05
-1.690602e-08,0.000114795
-1.680602e-08,0.000128416
-1.670602e-08,0.0001362
-1.660602e-08,0.000138794
-1.650602e-08,0.000135551
-1.640602e-08,0.000127119
-1.630602e-08,0.000115444
-1.620602e-08,0.000100526
-1.610602e-08,8.36616e-05
-1.600602e-08,6.61489e-05
-1.590602e-08,4.86361e-05
-1.580602e-08,3.24206e-05
-1.570602e-08,1.87996e-05
-1.560602e-08,6.47582e-06
-1.550602e-08,-3.9021e-06
-1.540602e-08,-1.23342e-05
-1.530602e-08,-1.88204e-05
-1.520602e-08,-2.46579e-05
-1.510602e-08,-2.91983e-05
-1.500602e-08,-3.309e-05
-1.490602e-08,-3.69817e-05
-1.480602e-08,-4.08734e-05
-1.470602e-08,-4.47652e-05
-1.460602e-08,-4.86569e-05
-1.450602e-08,-5.25486e-05
-1.440602e-08,-5.77376e-05
-1.430602e-08,-6.29265e-05
-1.420602e-08,-6.94127e-05
-1.410602e-08,-7.58989e-05
-1.400602e-08,-8.36824e-05
-1.390602e-08,-9.14658e-05
-1.380602e-08,-9.92493e-05
-1.370602e-08,-0.000107681
-1.360602e-08,-0.000116113
-1.350602e-08,-0.000124545
-1.340602e-08,-0.00013168
-1.330602e-08,-0.000138815
-1.320602e-08,-0.000144004
-1.310602e-08,-0.000147247
-1.300602e-08,-0.000147896
-1.290602e-08,-0.000145301
-1.280602e-08,-0.000140112
-1.270602e-08,-0.000132978
-1.260602e-08,-0.0001226
-1.250602e-08,-0.000111573
-1.240602e-08,-9.98979e-05
-1.230602e-08,-8.82227e-05
-1.220602e-08,-7.71962e-05
-1.210602e-08,-6.81155e-05
-1.200602e-08,-6.22779e-05
-1.190602e-08,-5.90348e-05
-1.180602e-08,-5.96834e-05
-1.170602e-08,-6.42238e-05
-1.160602e-08,-7.26558e-05
-1.150602e-08,-8.4331e-05
-1.140602e-08,-9.7952e-05
-1.130602e-08,-0.000113519
-1.120602e-08,-0.000129086
-1.110602e-08,-0.000144004
-1.100602e-08,-0.000157625
-1.090602e-08,-0.000168652
-1.080602e-08,-0.000177732
-1.070602e-08,-0.000184219
-1.060602e-08,-0.000186813
-1.050602e-08,-0.000186164
-1.040602e-08,-0.000182921
-1.030602e-08,-0.000177732
-1.020602e-08,-0.000170597
-1.010602e-08,-0.000162814
-1.000602e-08,-0.000154382
-9.906024e-09,-0.000145301
-9.806024e-09,-0.000136221
-9.706024e-09,-0.00012714
-9.606024e-09,-0.000118708
-9.506024e-09,-0.000109627
-9.406024e-09,-9.98979e-05
-9.306024e-09,-9.08172e-05
-9.206024e-09,-8.17365e-05
-9.106024e-09,-7.39531e-05
-9.006024e-09,-6.81155e-05
-8.906024e-09,-6.5521e-05
-8.806024e-09,-6.5521e-05
-8.706024e-09,-6.81155e-05
-8.606024e-09,-7.39531e-05
-8.506024e-09,-8.23851e-05
-8.406024e-09,-9.27631e-05
-8.306024e-09,-0.00010379
-8.206024e-09,-0.000114816
-8.106024e-09,-0.000125194
-8.006024e-09,-0.000132978
-7.906024e-09,-0.000138166
-7.806024e-09,-0.00014141
-7.706024e-09,-0.000142707
-7.606024e-09,-0.000142707
-7.506024e-09,-0.000142058
-7.406024e-09,-0.00014141
-7.306024e-09,-0.000142058
-7.206024e-09,-0.000142707
-7.106024e-09,-0.000145301
-7.006024e-09,-0.000146599
-6.906024e-09,-0.000147247
-6.806024e-09,-0.000144653
-6.706024e-09,-0.000138815
-6.606024e-09,-0.000128437
-6.506024e-09,-0.000114168
-6.406024e-09,-9.53575e-05
-6.306024e-09,-7.13586e-05
-6.206024e-09,-4.41165e-05
-6.106024e-09,-1.49286e-05
-6.006024e-09,1.49079e-05
-5.906024e-09,4.34472e-05
-5.806024e-09,6.87434e-05
-5.706024e-09,8.94992e-05
-5.606024e-09,0.000105066
-5.506024e-09,0.000116093
-5.406024e-09,0.00012193
-5.306024e-09,0.000123227
-5.206024e-09,0.000120633
-5.106024e-09,0.000114795
-5.006024e-09,0.000107661
-4.906024e-09,9.92285e-05
-4.806024e-09,8.94992e-05
-4.706024e-09,8.04185e-05
-4.606024e-09,7.06892e-05
-4.506024e-09,6.16085e-05
-4.406024e-09,5.25279e-05
-4.306024e-09,4.34472e-05
-4.206024e-09,3.43665e-05
-4.106024e-09,2.46372e-05
-4.006024e-09,1.36106e-05
-3.906024e-09,1.28686e-06
-3.806024e-09,-1.10369e-05
-3.706024e-09,-2.46579e-05
-3.606024e-09,-3.89276e-05
-3.506024e-09,-5.31972e-05
-3.406024e-09,-6.74669e-05
-3.306024e-09,-8.23851e-05
-3.206024e-09,-9.7952e-05
-3.106024e-09,-0.000113519
-3.006024e-09,-0.000128437
-2.906024e-09,-0.000144653
-2.806024e-09,-0.000161517
-2.706024e-09,-0.000179678
-2.606024e-09,-0.000199137
-2.506024e-09,-0.000219244
-2.406024e-09,-0.000241297
-2.306024e-09,-0.000263999
-2.206024e-09,-0.000287349
-2.106024e-09,-0.000311997
-2.006024e-09,-0.000335996
-1.906024e-09,-0.000360643
-1.806024e-09,-0.000385291
-1.706024e-09,-0.000409938
-1.606024e-09,-0.00043718
-1.506024e-09,-0.000467017
-1.406024e-09,-0.000500097
-1.306024e-09,-0.000539014
-1.206024e-09,-0.000585066
-1.106024e-09,-0.000638901
-1.006024e-09,-0.000703763
-9.06024e-10,-0.000779652
-8.06024e-10,-0.000868513
-7.06024e-10,-0.000970346
-6.06024e-10,-0.0010858
-5.06024e-10,-0.00121488
-4.06024e-10,-0.00135822
-3.06024e-10,-0.00151519
-2.06024e-10,-0.00168383
-1.06024e-10,-0.00186544
-6.024031e-12,-0.00205808
9.397597e-11,-0.0022624
1.93976e-10,-0.00247514
2.93976e-10,-0.00269697
3.93976e-10,-0.00292658
4.93976e-10,-0.00316138
5.93976e-10,-0.00340008
6.93976e-10,-0.00364136
7.93976e-10,-0.00388265
8.93976e-10,-0.00412134
9.93976e-10,-0.00435614
1.093976e-09,-0.00458381
1.193976e-09,-0.00480239
1.293976e-09,-0.00500995
1.393976e-09,-0.00520454
1.493976e-09,-0.0053868
1.593976e-09,-0.00555479
1.693976e-09,-0.00570852
1.793976e-09,-0.00584862
1.893976e-09,-0.0059764
1.993976e-09,-0.00609315
2.093976e-09,-0.00619887
2.193976e-09,-0.00629487
2.293976e-09,-0.00638114
2.393976e-09,-0.00645832
2.493976e-09,-0.00652643
2.593976e-09,-0.0065848
2.693976e-09,-0.0066328
2.793976e-09,-0.00666847
2.893976e-09,-0.00669312
2.993976e-09,-0.00670545
3.093976e-09,-0.00670674
3.193976e-09,-0.00669701
3.293976e-09,-0.00667691
3.393976e-09,-0.00664837
3.493976e-09,-0.00661204
3.593976e-09,-0.00656924
3.693976e-09,-0.00652059
3.793976e-09,-0.00646675
3.893976e-09,-0.00640903
3.993976e-09,-0.00634806
4.093976e-09,-0.0062819
4.193976e-09,-0.0062112
4.293976e-09,-0.00613531
4.393976e-09,-0.00605618
4.493976e-09,-0.0059725
4.593976e-09,-0.00588624
4.693976e-09,-0.00579738
4.793976e-09,-0.00570657
4.893976e-09,-0.00561576
4.993976e-09,-0.00552561
5.093976e-09,-0.00543739
5.193976e-09,-0.00535113
5.293976e-09,-0.00526745
5.393976e-09,-0.00518638
5.493976e-09,-0.00510725
5.593976e-09,-0.00503136
5.693976e-09,-0.00495806
5.793976e-09,-0.00488736
5.893976e-09,-0.00481991
5.993976e-09,-0.00475504
6.093976e-09,-0.00469213
6.193976e-09,-0.00463116
6.293976e-09,-0.00457149
6.393976e-09,-0.00451376
6.493976e-09,-0.00445538
6.593976e-09,-0.00439701
6.693976e-09,-0.00433668
6.793976e-09,-0.00427507
6.893976e-09,-0.0042115
6.993976e-09,-0.00414729
7.093976e-09,-0.00408243
7.193976e-09,-0.00401821
7.293976e-09,-0.00395465
7.393976e-09,-0.00389368
7.493976e-09,-0.00383465
7.593976e-09,-0.00377887
7.693976e-09,-0.00372568
7.793976e-09,-0.00367444
7.893976e-09,-0.0036232
7.993976e-09,-0.00357196
8.093976e-09,-0.00351877
8.193976e-09,-0.00346234
8.293976e-09,-0.00340267
8.393976e-09,-0.00333781
8.493976e-09,-0.00326776
8.593976e-09,-0.00319252
8.693976e-09,-0.00311404
8.793976e-09,-0.00303296
8.893976e-09,-0.00295123
8.993976e-09,-0.00287015
9.093976e-09,-0.00278973
9.193976e-09,-0.00271189
9.293976e-09,-0.00263471
9.393976e-09,-0.00255882
9.493976e-09,-0.00248293
9.593976e-09,-0.00240704
9.693976e-09,-0.00232985
9.793976e-09,-0.00225267
9.893976e-09,-0.00217548
9.993976e-09,-0.00210154
1.009398e-08,-0.00203214
1.019398e-08,-0.00196987
1.029398e-08,-0.00191668
1.039398e-08,-0.00187452
1.049398e-08,-0.00184404
1.059398e-08,-0.00182523
1.069398e-08,-0.00181744
1.079398e-08,-0.00181874
1.089398e-08,-0.00182523
1.099398e-08,-0.00183496
1.109398e-08,-0.00184533
1.119398e-08,-0.00185442
1.129398e-08,-0.0018596
1.139398e-08,-0.00186025
1.149398e-08,-0.00185701
1.159398e-08,-0.00185117
1.169398e-08,-0.00184274
1.179398e-08,-0.00183496
1.189398e-08,-0.00182782
1.199398e-08,-0.00182393
1.209398e-08,-0.00182393
1.219398e-08,-0.00182652
1.229398e-08,-0.00183236
1.239398e-08,-0.0018395
1.249398e-08,-0.00184728
1.259398e-08,-0.00185506
1.269398e-08,-0.0018609
1.279398e-08,-0.00186544
1.289398e-08,-0.00186739
1.299398e-08,-0.00186674
1.309398e-08,-0.0018635
1.319398e-08,-0.00185701
1.329398e-08,-0.00184663
1.339398e-08,-0.00183236
1.349398e-08,-0.00181485
1.359398e-08,-0.0017928
1.369398e-08,-0.00176555
1.379398e-08,-0.00173442
1.389398e-08,-0.00170004
1.399398e-08,-0.00166372
1.409398e-08,-0.00162675
1.419398e-08,-0.00158978
1.429398e-08,-0.00155475
1.439398e-08,-0.00152167
1.449398e-08,-0.00149184
1.459398e-08,-0.00146459
1.469398e-08,-0.0014406
1.479398e-08,-0.00141984
1.489398e-08,-0.00140038
1.499398e-08,-0.00138287
1.509398e-08,-0.001366
1.519398e-08,-0.00135109
1.529398e-08,-0.00133747
1.539398e-08,-0.00132579
1.549398e-08,-0.00131541
1.559398e-08,-0.00130763
1.569398e-08,-0.00130049
1.579398e-08,-0.00129466
1.589398e-08,-0.00128947
1.599398e-08,-0.00128363
1.609398e-08,-0.00127585
1.619398e-08,-0.00126482
1.629398e-08,-0.0012486
1.639398e-08,-0.00122785
1.649398e-08,-0.0012019
1.659398e-08,-0.00117077
1.669398e-08,-0.00113574
1.679398e-08,-0.00109877
1.689398e-08,-0.00106115
1.699398e-08,-0.00102418
1.709398e-08,-0.000989805
1.719398e-08,-0.000958671
1.729398e-08,-0.000931429
1.739398e-08,-0.00090743
1.749398e-08,-0.000886026
1.759398e-08,-0.000867216
1.769398e-08,-0.000849703
1.779398e-08,-0.000833487
1.789398e-08,-0.00081792
1.799398e-08,-0.000802354
1.809398e-08,-0.000788732
1.819398e-08,-0.000775111
1.829398e-08,-0.000764734
1.839398e-08,-0.00075695
1.849398e-08,-0.000753058
1.859398e-08,-0.000753058
1.869398e-08,-0.000755653
1.879398e-08,-0.00076149
1.889398e-08,-0.000767977
1.899398e-08,-0.000774463
1.909398e-08,-0.000779652
1.919398e-08,-0.000782246
1.929398e-08,-0.000782246
1.939398e-08,-0.000778355
1.949398e-08,-0.00077122
1.959398e-08,-0.000760842
1.969398e-08,-0.000749167
1.979398e-08,-0.000735546
1.989398e-08,-0.000721925
1.999398e-08,-0.000709601
2.009398e-08,-0.000699223
2.019398e-08,-0.000688845
2.029398e-08,-0.000679764
2.039398e-08,-0.000672629
2.049398e-08,-0.000665495
2.059398e-08,-0.000659008
2.069398e-08,-0.000651874
2.079398e-08,-0.000644739
2.089398e-08,-0.000637604
2.099398e-08,-0.000630469
2.109398e-08,-0.000623983
2.119398e-08,-0.000618794
2.129398e-08,-0.000614902
2.139398e-08,-0.000611659
2.149398e-08,-0.000610362
2.159398e-08,-0.000610362
2.169398e-08,-0.000611011
2.179398e-08,-0.000611011
2.189398e-08,-0.000609065
2.199398e-08,-0.000605173
2.209398e-08,-0.00059739
2.219398e-08,-0.000585714
2.229398e-08,-0.000570796
2.239398e-08,-0.000552635
2.249398e-08,-0.000531879
2.259398e-08,-0.000508529
2.269398e-08,-0.000483881
2.279398e-08,-0.000459233
2.289398e-08,-0.00043718
2.299398e-08,-0.000417722
2.309398e-08,-0.000402803
2.319398e-08,-0.000393723
2.329398e-08,-0.000391777
2.339398e-08,-0.000397615
2.349398e-08,-0.000411236
2.359398e-08,-0.000431343
2.369398e-08,-0.000457936
2.379398e-08,-0.000487124
2.389398e-08,-0.000518258
2.399398e-08,-0.000548743
2.409398e-08,-0.000575985
2.419398e-08,-0.000598038
2.429398e-08,-0.000614254
2.439398e-08,-0.000623334
2.449398e-08,-0.00062528
2.459398e-08,-0.000621388
2.469398e-08,-0.000612308
2.479398e-08,-0.00060193
2.489398e-08,-0.000590255
2.499398e-08,-0.00057858
2.509398e-08,-0.000569499
2.519398e-08,-0.000563013
2.529398e-08,-0.000560418
2.539398e-08,-0.000561067
2.549398e-08,-0.000564959
2.559398e-08,-0.000570796
2.569398e-08,-0.000579228
2.579398e-08,-0.00058766
2.589398e-08,-0.000596092
2.599398e-08,-0.000604524
2.609398e-08,-0.000612308
2.619398e-08,-0.000618145
2.629398e-08,-0.000623983
2.639398e-08,-0.000629172
2.649398e-08,-0.000633064
2.659398e-08,-0.000635658
2.669398e-08,-0.000637604
2.679398e-08,-0.000637604
2.689398e-08,-0.000635658
2.699398e-08,-0.000632415
2.709398e-08,-0.000627875
2.719398e-08,-0.000622686
2.729398e-08,-0.000616848
2.739398e-08,-0.000611011
2.749398e-08,-0.000605822
2.759398e-08,-0.00060193
2.769398e-08,-0.000598687
2.779398e-08,-0.000595444
2.789398e-08,-0.000592201
2.799398e-08,-0.000588309
2.809398e-08,-0.000582471
2.819398e-08,-0.000575336
2.829398e-08,-0.000564959
2.839398e-08,-0.000552635
2.849398e-08,-0.000537716
2.859398e-08,-0.000520852
2.869398e-08,-0.000503988
2.879398e-08,-0.000487124
2.889398e-08,-0.000470909
2.899398e-08,-0.000455342
2.909398e-08,-0.000441721
2.919398e-08,-0.000428748
2.929398e-08,-0.000417722
2.939398e-08,-0.000406695
2.949398e-08,-0.000396966
2.959398e-08,-0.000388534
2.969398e-08,-0.000380102
2.979398e-08,-0.000372318
2.989398e-08,-0.000366481
2.999398e-08,-0.000363886
3.009398e-08,-0.000364535
3.019398e-08,-0.000369724
3.029398e-08,-0.000378805
3.039398e-08,-0.000393723
3.049398e-08,-0.000413181
3.059398e-08,-0.000435883
3.069398e-08,-0.000460531
3.079398e-08,-0.000485827
3.089398e-08,-0.000508529
3.099398e-08,-0.00052669
3.109398e-08,-0.000539662
3.119398e-08,-0.0005455
3.129398e-08,-0.000543554
3.139398e-08,-0.000533176
3.149398e-08,-0.000515015
3.159398e-08,-0.000491664
3.169398e-08,-0.000464422
3.179398e-08,-0.000433937
3.189398e-08,-0.000404101
3.199398e-08,-0.000374913
3.209398e-08,-0.000347671
3.219398e-08,-0.000323023
3.229398e-08,-0.000300322
3.239398e-08,-0.000279566
3.249398e-08,-0.000261404
3.259398e-08,-0.000245837
3.269398e-08,-0.000232865
3.279398e-08,-0.000221838
3.289398e-08,-0.000213406
3.299398e-08,-0.000207569
3.309398e-08,-0.000204326
3.319398e-08,-0.000204326
3.329398e-08,-0.00020692
3.339398e-08,-0.000212109
3.349398e-08,-0.000219893
3.359398e-08,-0.000228973
3.369398e-08,-0.000238054
3.379398e-08,-0.000246486
3.389398e-08,-0.000254918
3.399398e-08,-0.000262702
3.409398e-08,-0.000269836
3.419398e-08,-0.000276971
3.429398e-08,-0.000284755
3.439398e-08,-0.000294484
3.449398e-08,-0.000307456
3.459398e-08,-0.00032432
3.469398e-08,-0.000345076
3.479398e-08,-0.000369724
3.489398e-08,-0.000396966
3.499398e-08,-0.000426802
3.509398e-08,-0.000457936
3.519398e-08,-0.000489719
3.529398e-08,-0.000519555
3.539398e-08,-0.000547446
3.549398e-08,-0.000572742
3.559398e-08,-0.000594795
3.569398e-08,-0.000612956
3.579398e-08,-0.000628523
3.589398e-08,-0.000640847
3.599398e-08,-0.000650576
3.609398e-08,-0.000657063
3.619398e-08,-0.000659657
3.629398e-08,-0.000659008
3.639398e-08,-0.000655765
3.649398e-08,-0.000649279
3.659398e-08,-0.000640847
3.669398e-08,-0.000630469
3.679398e-08,-0.000618794
3.689398e-08,-0.000605822
3.699398e-08,-0.000592849
3.709398e-08,-0.000580525
3.719398e-08,-0.000569499
3.729398e-08,-0.000558472
3.739398e-08,-0.000548743
3.749398e-08,-0.000539662
3.759398e-08,-0.000529933
3.769398e-08,-0.000518258
3.779398e-08,-0.000503988
3.789398e-08,-0.000486475
3.799398e-08,-0.000464422
3.809398e-08,-0.00043718
3.819398e-08,-0.000404749
3.829398e-08,-0.000368427
3.839398e-08,-0.000330158
3.849398e-08,-0.000289944
3.859398e-08,-0.000250378
3.869398e-08,-0.000212758
3.879398e-08,-0.00017903
3.889398e-08,-0.000149842
3.899398e-08,-0.000125843
3.909398e-08,-0.000107681
3.919398e-08,-9.53575e-05
3.929398e-08,-8.69255e-05
3.939398e-08,-8.30338e-05
3.949398e-08,-8.17365e-05
3.959398e-08,-8.23851e-05
3.969398e-08,-8.4331e-05
3.979398e-08,-8.56282e-05
3.989398e-08,-8.69255e-05
3.999398e-08,-8.75741e-05
4.009398e-08,-8.69255e-05
4.019398e-08,-8.56282e-05
4.029398e-08,-8.36824e-05
4.039398e-08,-8.23851e-05
4.049398e-08,-8.17365e-05
4.059398e-08,-8.10879e-05
4.069398e-08,-8.23851e-05
4.079398e-08,-8.62769e-05
4.089398e-08,-9.14658e-05
4.099398e-08,-9.98979e-05
4.109398e-08,-0.000110924
4.119398e-08,-0.000125194
4.129398e-08,-0.000143355
4.139398e-08,-0.000164111
4.149398e-08,-0.000186813
4.159398e-08,-0.000210163
4.169398e-08,-0.000233514
4.179398e-08,-0.000255567
4.189398e-08,-0.000275674
4.199398e-08,-0.000293187
4.209398e-08,-0.000306808
4.219398e-08,-0.000317834
4.229398e-08,-0.000326915
4.239398e-08,-0.00033405
4.249398e-08,-0.000340536
4.259398e-08,-0.000347671
4.269398e-08,-0.000356103
4.279398e-08,-0.000366481
4.289398e-08,-0.000377507
4.299398e-08,-0.000389182
4.309398e-08,-0.000400209
4.319398e-08,-0.000410587
4.329398e-08,-0.00041837
4.339398e-08,-0.000423559
4.349398e-08,-0.000426154
4.359398e-08,-0.000426154
4.369398e-08,-0.000424208
4.379398e-08,-0.000420965
4.389398e-08,-0.000419019
4.399398e-08,-0.000417722
4.409398e-08,-0.00041837
4.419398e-08,-0.000420316
4.429398e-08,-0.000424208
4.439398e-08,-0.000428748
4.449398e-08,-0.000433289
4.459398e-08,-0.000435883
4.469398e-08,-0.000435883
4.479398e-08,-0.000431991
4.489398e-08,-0.000424208
4.499398e-08,-0.000412533
4.509398e-08,-0.000398263
4.519398e-08,-0.000383994
4.529398e-08,-0.000370372
4.539398e-08,-0.000358697
4.549398e-08,-0.000350265
4.559398e-08,-0.000347022
4.569398e-08,-0.000348319
4.579398e-08,-0.000353508
4.589398e-08,-0.000362589
4.599398e-08,-0.000374913
4.609398e-08,-0.000388534
4.619398e-08,-0.000401506
4.629398e-08,-0.000411236
4.639398e-08,-0.000417722
4.649398e-08,-0.000419668
4.659398e-08,-0.000415776
4.669398e-08,-0.000406047
4.679398e-08,-0.000391128
4.689398e-08,-0.000371021
4.699398e-08,-0.000347671
4.709398e-08,-0.000321077
4.719398e-08,-0.000293187
4.729398e-08,-0.000264647
4.739398e-08,-0.000236757
4.749398e-08,-0.000211461
4.759398e-08,-0.000189407
4.769398e-08,-0.000171895
4.779398e-08,-0.000158274
4.789398e-08,-0.00015049
4.799398e-08,-0.000147247
4.809398e-08,-0.000149193
4.819398e-08,-0.000153733
4.829398e-08,-0.00016022
4.839398e-08,-0.000168652
4.849398e-08,-0.000177732
4.859398e-08,-0.000184867
4.869398e-08,-0.000190705
4.879398e-08,-0.000193948
4.889398e-08,-0.000194596
4.899398e-08,-0.000193948
4.909398e-08,-0.000193299
4.919398e-08,-0.000193299
4.929398e-08,-0.000193948
4.939398e-08,-0.000197191
4.949398e-08,-0.00020238
4.959398e-08,-0.000210812
4.969398e-08,-0.00022119
4.979398e-08,-0.000234811
4.989398e-08,-0.000249081
4.999398e-08,-0.00026335
5.009398e-08,-0.000276971
5.019398e-08,-0.000287998
5.029398e-08,-0.000295781
5.039398e-08,-0.00030097
5.049398e-08,-0.000302267
5.059398e-08,-0.000299673
5.069398e-08,-0.000295133
5.079398e-08,-0.000288646
5.089398e-08,-0.000280863
5.099398e-08,-0.000273728
5.109398e-08,-0.000267891
5.119398e-08,-0.00026335
5.129398e-08,-0.000260756
5.139398e-08,-0.00025881
5.149398e-08,-0.00025881
5.159398e-08,-0.000260107
5.169398e-08,-0.00026335
5.179398e-08,-0.000266593
5.189398e-08,-0.000270485
5.199398e-08,-0.000273728
5.209398e-08,-0.000276971
5.219398e-08,-0.000280214
5.229398e-08,-0.000281512
5.239398e-08,-0.000282809
5.249398e-08,-0.000281512
5.259398e-08,-0.000279566
5.269398e-08,-0.000275025
5.279398e-08,-0.000269836
5.289398e-08,-0.000264647
5.299398e-08,-0.000258161
5.309398e-08,-0.000251675
5.319398e-08,-0.000245837
5.329398e-08,-0.000241946
5.339398e-08,-0.00024
5.349398e-08,-0.000241297
5.359398e-08,-0.000246486
5.369398e-08,-0.000256215
5.379398e-08,-0.000269188
5.389398e-08,-0.000285403
5.399398e-08,-0.000304862
5.409398e-08,-0.000325618
5.419398e-08,-0.000346374
5.429398e-08,-0.000365832
5.439398e-08,-0.000382696
5.449398e-08,-0.000396966
5.459398e-08,-0.000407344
5.469398e-08,-0.000414479
5.479398e-08,-0.00041837
5.489398e-08,-0.000419668
5.499398e-08,-0.00041837
5.509398e-08,-0.000416425
5.519398e-08,-0.00041383
5.529398e-08,-0.000410587
5.539398e-08,-0.000406695
5.549398e-08,-0.000400858
5.559398e-08,-0.00039502
5.569398e-08,-0.000387237
5.579398e-08,-0.000377507
5.589398e-08,-0.000367778
5.599398e-08,-0.000356103
5.609398e-08,-0.000343779
5.619398e-08,-0.000330158
5.629398e-08,-0.000316537
5.639398e-08,-0.000302916
5.649398e-08,-0.000290592
5.659398e-08,-0.000279566
5.669398e-08,-0.000269836
5.679398e-08,-0.000262053
5.689398e-08,-0.000256864
5.699398e-08,-0.000252972
5.709398e-08,-0.000250378
5.719398e-08,-0.000249729
5.729398e-08,-0.000249729
5.739398e-08,-0.000250378
5.749398e-08,-0.000252324
5.759398e-08,-0.000255567
5.769398e-08,-0.000259458
5.779398e-08,-0.000262702
5.789398e-08,-0.000264647
5.799398e-08,-0.000264647
5.809398e-08,-0.00026335
5.819398e-08,-0.000259458
5.829398e-08,-0.000254269
5.839398e-08,-0.000249081
5.849398e-08,-0.000243892
5.859398e-08,-0.000238703
5.869398e-08,-0.000236108
5.879398e-08,-0.000236757
5.889398e-08,-0.000241946
5.899398e-08,-0.000249729
5.909398e-08,-0.000260756
5.919398e-08,-0.000273079
5.929398e-08,-0.000285403
5.939398e-08,-0.000294484
5.949398e-08,-0.000299673
5.959398e-08,-0.000299673
5.969398e-08,-0.000293835
5.979398e-08,-0.00028216
5.989398e-08,-0.000265296
5.999398e-08,-0.000245837
6.009398e-08,-0.000225082
6.019398e-08,-0.000204326
6.029398e-08,-0.000186813
6.039398e-08,-0.000174489
6.049398e-08,-0.000166706
6.059398e-08,-0.000164111
6.069398e-08,-0.000166057
6.079398e-08,-0.000170597
6.089398e-08,-0.000175786
6.099398e-08,-0.00017903
6.109398e-08,-0.000177732
6.119398e-08,-0.000170597
6.129398e-08,-0.000157625
6.139398e-08,-0.000138166
6.149398e-08,-0.000114816
6.159398e-08,-8.88713e-05
6.169398e-08,-6.29265e-05
6.179398e-08,-3.89276e-05
6.189398e-08,-1.88204e-05
6.199398e-08,-5.19934e-06
6.209398e-08,2.5841e-06
6.219398e-08,4.52996e-06
6.229398e-08,1.28686e-06
6.239398e-08,-6.49658e-06
6.249398e-08,-1.81717e-05
6.259398e-08,-3.11441e-05
6.269398e-08,-4.60624e-05
6.279398e-08,-6.22779e-05
6.289398e-08,-7.97907e-05
6.299398e-08,-9.86006e-05
6.309398e-08,-0.000119356
6.319398e-08,-0.000142707
6.329398e-08,-0.000168003
6.339398e-08,-0.000194596
6.349398e-08,-0.000221838
6.359398e-08,-0.000247783
6.369398e-08,-0.000271134
6.379398e-08,-0.000289944
6.389398e-08,-0.000302267
6.399398e-08,-0.000308105
6.409398e-08,-0.000306808
6.419398e-08,-0.000299673
6.429398e-08,-0.000288646
6.439398e-08,-0.000275674
6.449398e-08,-0.00026335
6.459398e-08,-0.000252972
6.469398e-08,-0.000247135
6.479398e-08,-0.000247135
6.489398e-08,-0.000254269
6.499398e-08,-0.000267242
6.509398e-08,-0.000284106
6.519398e-08,-0.000302916
6.529398e-08,-0.000321726
6.539398e-08,-0.00033859
6.549398e-08,-0.000352211
6.559398e-08,-0.000361292
6.569398e-08,-0.000365832
6.579398e-08,-0.000365184
6.589398e-08,-0.000361292
6.599398e-08,-0.000353508
6.609398e-08,-0.00034313
6.619398e-08,-0.000330158
6.629398e-08,-0.00031524
6.639398e-08,-0.000299024
6.649398e-08,-0.000282809
6.659398e-08,-0.000267242
6.669398e-08,-0.000251026
6.679398e-08,-0.000236108
6.689398e-08,-0.00022119
6.699398e-08,-0.000207569
6.709398e-08,-0.000195894
6.719398e-08,-0.000186813
6.729398e-08,-0.000179678
6.739398e-08,-0.000174489
6.749398e-08,-0.000171246
6.759398e-08,-0.0001693
6.769398e-08,-0.000166706
6.779398e-08,-0.000162814
6.789398e-08,-0.000157625
6.799398e-08,-0.000149842
6.809398e-08,-0.000140761
6.819398e-08,-0.000129086
6.829398e-08,-0.000116762
6.839398e-08,-0.000105087
6.849398e-08,-9.47089e-05
6.859398e-08,-8.69255e-05
6.869398e-08,-8.30338e-05
6.879398e-08,-8.30338e-05
6.889398e-08,-8.75741e-05
6.899398e-08,-9.60062e-05
6.909398e-08,-0.00010833
6.919398e-08,-0.000123248
6.929398e-08,-0.000139464
6.939398e-08,-0.000156328
6.949398e-08,-0.000174489
6.959398e-08,-0.000194596
6.969398e-08,-0.000216001
6.979398e-08,-0.000238054
6.989398e-08,-0.000262702
6.999398e-08,-0.000287998
7.009398e-08,-0.000314591
7.019398e-08,-0.000340536
7.029398e-08,-0.000365832
7.039398e-08,-0.000388534
7.049398e-08,-0.000407992
7.059398e-08,-0.000420965
7.069398e-08,-0.0004281
7.079398e-08,-0.000427451
7.089398e-08,-0.000420316
7.099398e-08,-0.000406695
7.109398e-08,-0.000386588
7.119398e-08,-0.000363238
7.129398e-08,-0.000336644
7.139398e-08,-0.000308754
7.149398e-08,-0.00028216
7.159398e-08,-0.000256864
7.169398e-08,-0.000233514
7.179398e-08,-0.000211461
7.189398e-08,-0.000192651
7.199398e-08,-0.000177084
7.209398e-08,-0.000164111
7.219398e-08,-0.000153733
7.229398e-08,-0.000146599
7.239398e-08,-0.000142058
7.249398e-08,-0.000140761
7.259398e-08,-0.000142707
7.269398e-08,-0.000147896
7.279398e-08,-0.000156328
7.289398e-08,-0.000166706
7.299398e-08,-0.000178381
7.309398e-08,-0.000191353
7.319398e-08,-0.000204974
7.329398e-08,-0.000218595
7.339398e-08,-0.000230919
7.349398e-08,-0.000241297
7.359398e-08,-0.000251026
7.369398e-08,-0.000258161
7.379398e-08,-0.000263999
7.389398e-08,-0.000267242
7.399398e-08,-0.000269188
7.409398e-08,-0.000269188
7.419398e-08,-0.000265296
7.429398e-08,-0.000258161
7.439398e-08,-0.000247135
7.449398e-08,-0.000233514
7.459398e-08,-0.000215352
7.469398e-08,-0.000193948
7.479398e-08,-0.000169949
7.489398e-08,-0.000144653
7.499398e-08,-0.000118708
7.509398e-08,-9.40603e-05
7.519398e-08,-7.26558e-05
7.529398e-08,-5.51431e-05
7.539398e-08,-4.15221e-05
7.549398e-08,-3.309e-05
7.559398e-08,-2.91983e-05
7.569398e-08,-3.04955e-05
7.579398e-08,-3.37386e-05
7.589398e-08,-3.95762e-05
7.599398e-08,-4.73596e-05
7.609398e-08,-5.64403e-05
7.619398e-08,-6.61696e-05
7.629398e-08,-7.71962e-05
7.639398e-08,-8.88713e-05
7.649398e-08,-0.000102492
7.659398e-08,-0.000116113
7.669398e-08,-0.000129734
7.679398e-08,-0.000143355
7.689398e-08,-0.000156328
7.699398e-08,-0.000166706
7.709398e-08,-0.000173192
7.719398e-08,-0.000175786
7.729398e-08,-0.000173192
