LECROYWaveRunner‘N,20113,Waveform
Segments,1,SegmentSize,2002
Segment,TrigTime,TimeSinceSegment1
#1,28-Sep-2018 13:20:35,0                 
Time,Ampl
-1.228008e-07,8.42168e-06
-1.227008e-07,1.55565e-05
-1.226008e-07,2.72317e-05
-1.225008e-07,4.27986e-05
-1.224008e-07,5.96627e-05
-1.223008e-07,7.65268e-05
-1.222008e-07,9.07964e-05
-1.221008e-07,9.98771e-05
-1.220008e-07,0.000104417
-1.219008e-07,0.00010312
-1.218008e-07,9.6634e-05
-1.217008e-07,8.75533e-05
-1.216008e-07,7.58782e-05
-1.215008e-07,6.55003e-05
-1.214008e-07,5.70682e-05
-1.213008e-07,5.25279e-05
-1.212008e-07,5.12306e-05
-1.211008e-07,5.44737e-05
-1.210008e-07,5.90141e-05
-1.209008e-07,6.29058e-05
-1.208008e-07,6.55003e-05
-1.207008e-07,6.48516e-05
-1.206008e-07,6.03113e-05
-1.205008e-07,5.18792e-05
-1.204008e-07,4.08527e-05
-1.203008e-07,3.04748e-05
-1.202008e-07,2.26913e-05
-1.201008e-07,2.00968e-05
-1.200008e-07,2.26913e-05
-1.199008e-07,3.24206e-05
-1.198008e-07,4.79875e-05
-1.197008e-07,6.67975e-05
-1.196008e-07,8.75533e-05
-1.195008e-07,0.000106363
-1.194008e-07,0.000121282
-1.193008e-07,0.000129714
-1.192008e-07,0.00013166
-1.191008e-07,0.000126471
-1.190008e-07,0.000116093
-1.189008e-07,0.00010312
-1.188008e-07,8.88506e-05
-1.187008e-07,7.84727e-05
-1.186008e-07,7.26351e-05
-1.185008e-07,7.32837e-05
-1.184008e-07,7.91213e-05
-1.183008e-07,9.14451e-05
-1.182008e-07,0.000107661
-1.181008e-07,0.000125822
-1.180008e-07,0.000143335
-1.179008e-07,0.000160199
-1.178008e-07,0.000175117
-1.177008e-07,0.000188089
-1.176008e-07,0.000199765
-1.175008e-07,0.000209494
-1.174008e-07,0.000218575
-1.173008e-07,0.000227655
-1.172008e-07,0.000236087
-1.171008e-07,0.000243871
-1.170008e-07,0.00024906
-1.169008e-07,0.000251006
-1.168008e-07,0.000247763
-1.167008e-07,0.000238033
-1.166008e-07,0.000223115
-1.165008e-07,0.000203008
-1.164008e-07,0.000179009
-1.163008e-07,0.000153064
-1.162008e-07,0.000129065
-1.161008e-07,0.000107661
-1.160008e-07,9.01478e-05
-1.159008e-07,7.71754e-05
-1.158008e-07,6.74461e-05
-1.157008e-07,5.96627e-05
-1.156008e-07,5.12306e-05
-1.155008e-07,3.95555e-05
-1.154008e-07,2.46372e-05
-1.153008e-07,6.47582e-06
-1.152008e-07,-1.55773e-05
-1.151008e-07,-3.89276e-05
-1.150008e-07,-6.16293e-05
-1.149008e-07,-8.04393e-05
-1.148008e-07,-9.27631e-05
-1.147008e-07,-9.66548e-05
-1.146008e-07,-8.952e-05
-1.145008e-07,-7.33045e-05
-1.144008e-07,-4.80083e-05
-1.143008e-07,-1.62259e-05
-1.142008e-07,1.8151e-05
-1.141008e-07,5.38251e-05
-1.140008e-07,8.62561e-05
-1.139008e-07,0.000114147
-1.138008e-07,0.000136848
-1.137008e-07,0.000154361
-1.136008e-07,0.000167334
-1.135008e-07,0.000177712
-1.134008e-07,0.000188089
-1.133008e-07,0.000198467
-1.132008e-07,0.000210143
-1.131008e-07,0.000222466
-1.130008e-07,0.000236087
-1.129008e-07,0.00024906
-1.128008e-07,0.000259438
-1.127008e-07,0.000266573
-1.126008e-07,0.000268518
-1.125008e-07,0.000265275
-1.124008e-07,0.000256843
-1.123008e-07,0.000243222
-1.122008e-07,0.000227007
-1.121008e-07,0.000208845
-1.120008e-07,0.000190684
-1.119008e-07,0.000173171
-1.118008e-07,0.000156956
-1.117008e-07,0.000141389
-1.116008e-07,0.000125822
-1.115008e-07,0.000110904
-1.114008e-07,9.53368e-05
-1.113008e-07,7.84727e-05
-1.112008e-07,6.22572e-05
-1.111008e-07,4.66903e-05
-1.110008e-07,3.50151e-05
-1.109008e-07,2.6583e-05
-1.108008e-07,2.39886e-05
-1.107008e-07,2.6583e-05
-1.106008e-07,3.56637e-05
-1.105008e-07,4.92848e-05
-1.104008e-07,6.4203e-05
-1.103008e-07,7.97699e-05
-1.102008e-07,9.27423e-05
-1.101008e-07,0.000100526
-1.100008e-07,0.000101823
-1.099008e-07,9.6634e-05
-1.098008e-07,8.49589e-05
-1.097008e-07,6.87434e-05
-1.096008e-07,5.0582e-05
-1.095008e-07,3.24206e-05
-1.094008e-07,1.75024e-05
-1.093008e-07,7.77306e-06
-1.092008e-07,3.23272e-06
-1.091008e-07,5.8272e-06
-1.090008e-07,1.36106e-05
-1.089008e-07,2.46372e-05
-1.088008e-07,3.6961e-05
-1.087008e-07,4.79875e-05
-1.086008e-07,5.64196e-05
-1.085008e-07,6.09599e-05
-1.084008e-07,6.09599e-05
-1.083008e-07,5.77168e-05
-1.082008e-07,5.25279e-05
-1.081008e-07,4.66903e-05
-1.080008e-07,4.21499e-05
-1.079008e-07,3.95555e-05
-1.078008e-07,4.02041e-05
-1.077008e-07,4.27986e-05
-1.076008e-07,4.79875e-05
-1.075008e-07,5.38251e-05
-1.074008e-07,5.96627e-05
-1.073008e-07,6.22572e-05
-1.072008e-07,6.22572e-05
-1.071008e-07,5.90141e-05
-1.070008e-07,5.31765e-05
-1.069008e-07,4.73389e-05
-1.068008e-07,4.15013e-05
-1.067008e-07,3.89068e-05
-1.066008e-07,3.89068e-05
-1.065008e-07,4.34472e-05
-1.064008e-07,5.18792e-05
-1.063008e-07,6.35544e-05
-1.062008e-07,7.71754e-05
-1.061008e-07,9.14451e-05
-1.060008e-07,0.000104417
-1.059008e-07,0.000115444
-1.058008e-07,0.000123227
-1.057008e-07,0.000129065
-1.056008e-07,0.000132957
-1.055008e-07,0.0001362
-1.054008e-07,0.00014074
-1.053008e-07,0.000148524
-1.052008e-07,0.00015955
-1.051008e-07,0.00017382
-1.050008e-07,0.000190684
-1.049008e-07,0.000209494
-1.048008e-07,0.000227655
-1.047008e-07,0.000241925
-1.046008e-07,0.000252303
-1.045008e-07,0.000257492
-1.044008e-07,0.00025814
-1.043008e-07,0.000254897
-1.042008e-07,0.00024906
-1.041008e-07,0.000242574
-1.040008e-07,0.000236087
-1.039008e-07,0.000232196
-1.038008e-07,0.000230898
-1.037008e-07,0.000231547
-1.036008e-07,0.000232844
-1.035008e-07,0.000231547
-1.034008e-07,0.000227007
-1.033008e-07,0.000217277
-1.032008e-07,0.000203008
-1.031008e-07,0.000184198
-1.030008e-07,0.000162145
-1.029008e-07,0.00014074
-1.028008e-07,0.00012193
-1.027008e-07,0.000107661
-1.026008e-07,9.98771e-05
-1.025008e-07,9.92285e-05
-1.024008e-07,0.000103769
-1.023008e-07,0.000111552
-1.022008e-07,0.000120633
-1.021008e-07,0.000127119
-1.020008e-07,0.000127768
-1.019008e-07,0.000121282
-1.018008e-07,0.000106363
-1.017008e-07,8.3013e-05
-1.016008e-07,5.38251e-05
-1.015008e-07,2.13941e-05
-1.014008e-07,-1.10369e-05
-1.013008e-07,-4.02248e-05
-1.012008e-07,-6.42238e-05
-1.011008e-07,-8.10879e-05
-1.010008e-07,-9.01686e-05
-1.009008e-07,-9.21144e-05
-1.008008e-07,-8.75741e-05
-1.007008e-07,-7.9142e-05
-1.006008e-07,-6.68183e-05
-1.005008e-07,-5.31972e-05
-1.004008e-07,-3.89276e-05
-1.003008e-07,-2.33607e-05
-1.002008e-07,-5.84796e-06
-1.001008e-07,1.36106e-05
-1.000008e-07,3.56637e-05
-9.99008e-08,5.90141e-05
-9.98008e-08,8.36616e-05
-9.97008e-08,0.000108309
-9.96008e-08,0.000131011
-9.95008e-08,0.000149821
-9.94008e-08,0.000162145
-9.93008e-08,0.000166685
-9.92008e-08,0.000162145
-9.91008e-08,0.000149821
-9.90008e-08,0.00013166
-9.89008e-08,0.000108309
-9.88008e-08,8.3013e-05
-9.87008e-08,5.83654e-05
-9.86008e-08,3.76096e-05
-9.85008e-08,2.20427e-05
-9.84008e-08,1.2962e-05
-9.83008e-08,1.03675e-05
-9.82008e-08,1.36106e-05
-9.81008e-08,2.20427e-05
-9.80008e-08,3.30692e-05
-9.79008e-08,4.5393e-05
-9.78008e-08,5.77168e-05
-9.77008e-08,7.00406e-05
-9.76008e-08,8.10671e-05
-9.75008e-08,9.07964e-05
-9.74008e-08,0.000100526
-9.73008e-08,0.000108958
-9.72008e-08,0.000116093
-9.71008e-08,0.000123227
-9.70008e-08,0.000129714
-9.69008e-08,0.000133605
-9.68008e-08,0.000133605
-9.67008e-08,0.000128416
-9.66008e-08,0.00011739
-9.65008e-08,0.000100526
-9.64008e-08,7.91213e-05
-9.63008e-08,5.38251e-05
-9.62008e-08,2.85289e-05
-9.61008e-08,5.8272e-06
-9.60008e-08,-1.23342e-05
-9.59008e-08,-2.27121e-05
-9.58008e-08,-2.40093e-05
-9.57008e-08,-1.49286e-05
-9.56008e-08,3.23272e-06
-9.55008e-08,2.85289e-05
-9.54008e-08,5.83654e-05
-9.53008e-08,9.07964e-05
-9.52008e-08,0.000122579
-9.51008e-08,0.000150469
-9.50008e-08,0.000173171
-9.49008e-08,0.000190035
-9.48008e-08,0.000201062
-9.47008e-08,0.000206899
-9.46008e-08,0.000208845
-9.45008e-08,0.000208845
-9.44008e-08,0.000208197
-9.43008e-08,0.000206899
-9.42008e-08,0.000205602
-9.41008e-08,0.000203656
-9.40008e-08,0.000201062
-9.39008e-08,0.00019717
-9.38008e-08,0.000191333
-9.37008e-08,0.000183549
-9.36008e-08,0.00017382
-9.35008e-08,0.000162793
-9.34008e-08,0.000151767
-9.33008e-08,0.000143335
-9.32008e-08,0.000136848
-9.31008e-08,0.000134254
-9.30008e-08,0.000134903
-9.29008e-08,0.000139443
-9.28008e-08,0.000145929
-9.27008e-08,0.000153064
-9.26008e-08,0.000160199
-9.25008e-08,0.000166036
-9.24008e-08,0.000169279
-9.23008e-08,0.000169928
-9.22008e-08,0.000168631
-9.21008e-08,0.000166036
-9.20008e-08,0.000163442
-9.19008e-08,0.000161496
-9.18008e-08,0.000161496
-9.17008e-08,0.000164091
-9.16008e-08,0.000169279
-9.15008e-08,0.000175766
-9.14008e-08,0.000183549
-9.13008e-08,0.000190684
-9.12008e-08,0.000196522
-9.11008e-08,0.000199116
-9.10008e-08,0.000199116
-9.09008e-08,0.00019717
-9.08008e-08,0.00019263
-9.07008e-08,0.000186792
-9.06008e-08,0.000180955
-9.05008e-08,0.000175766
-9.04008e-08,0.000171225
-9.03008e-08,0.000169279
-9.02008e-08,0.000168631
-9.01008e-08,0.000169279
-9.00008e-08,0.000169928
-8.99008e-08,0.000169279
-8.98008e-08,0.000166685
-8.97008e-08,0.000161496
-8.96008e-08,0.000153713
-8.95008e-08,0.000143335
-8.94008e-08,0.000130362
-8.93008e-08,0.000116741
-8.92008e-08,0.00010312
-8.91008e-08,9.01478e-05
-8.90008e-08,7.84727e-05
-8.89008e-08,6.74461e-05
-8.88008e-08,5.70682e-05
-8.87008e-08,4.73389e-05
-8.86008e-08,3.76096e-05
-8.85008e-08,2.72317e-05
-8.84008e-08,1.68537e-05
-8.83008e-08,8.42168e-06
-8.82008e-08,6.38242e-07
-8.81008e-08,-5.19934e-06
-8.80008e-08,-7.79382e-06
-8.79008e-08,-6.49658e-06
-8.78008e-08,-6.58998e-07
-8.77008e-08,9.0703e-06
-8.76008e-08,2.13941e-05
-8.75008e-08,3.43665e-05
-8.74008e-08,4.66903e-05
-8.73008e-08,5.64196e-05
-8.72008e-08,6.16085e-05
-8.71008e-08,6.16085e-05
-8.70008e-08,5.64196e-05
-8.69008e-08,4.66903e-05
-8.68008e-08,3.37179e-05
-8.67008e-08,2.07455e-05
-8.66008e-08,9.0703e-06
-8.65008e-08,6.38242e-07
-8.64008e-08,-3.25348e-06
-8.63008e-08,-1.30762e-06
-8.62008e-08,5.8272e-06
-8.61008e-08,1.8151e-05
-8.60008e-08,3.37179e-05
-8.59008e-08,5.18792e-05
-8.58008e-08,7.00406e-05
-8.57008e-08,8.69047e-05
-8.56008e-08,0.000100526
-8.55008e-08,0.000110255
-8.54008e-08,0.00011739
-8.53008e-08,0.000122579
-8.52008e-08,0.000125822
-8.51008e-08,0.000129714
-8.50008e-08,0.000134254
-8.49008e-08,0.00014074
-8.48008e-08,0.000149821
-8.47008e-08,0.000160199
-8.46008e-08,0.000171225
-8.45008e-08,0.000182252
-8.44008e-08,0.00019263
-8.43008e-08,0.000201062
-8.42008e-08,0.000207548
-8.41008e-08,0.000210791
-8.40008e-08,0.00021144
-8.39008e-08,0.000210143
-8.38008e-08,0.000206899
-8.37008e-08,0.000203656
-8.36008e-08,0.000199765
-8.35008e-08,0.00019717
-8.34008e-08,0.000194576
-8.33008e-08,0.000193278
-8.32008e-08,0.000191333
-8.31008e-08,0.000190035
-8.30008e-08,0.000188738
-8.29008e-08,0.000186792
-8.28008e-08,0.000185495
-8.27008e-08,0.000185495
-8.26008e-08,0.000186792
-8.25008e-08,0.000191333
-8.24008e-08,0.000197819
-8.23008e-08,0.000206251
-8.22008e-08,0.000216629
-8.21008e-08,0.000227655
-8.20008e-08,0.000236736
-8.19008e-08,0.000242574
-8.18008e-08,0.000243871
-8.17008e-08,0.000238033
-8.16008e-08,0.000224412
-8.15008e-08,0.000203656
-8.14008e-08,0.000177063
-8.13008e-08,0.000146578
-8.12008e-08,0.000114795
-8.11008e-08,8.36616e-05
-8.10008e-08,5.77168e-05
-8.09008e-08,3.82582e-05
-8.08008e-08,2.6583e-05
-8.07008e-08,2.26913e-05
-8.06008e-08,2.59344e-05
-8.05008e-08,3.37179e-05
-8.04008e-08,4.5393e-05
-8.03008e-08,5.83654e-05
-8.02008e-08,7.19865e-05
-8.01008e-08,8.56075e-05
-8.00008e-08,9.79313e-05
-7.99008e-08,0.000109606
-7.98008e-08,0.000123227
-7.97008e-08,0.000139443
-7.96008e-08,0.000160199
-7.95008e-08,0.000184846
-7.94008e-08,0.000213386
-7.93008e-08,0.000243871
-7.92008e-08,0.000275653
-7.91008e-08,0.000304841
-7.90008e-08,0.000330786
-7.89008e-08,0.000350245
-7.88008e-08,0.000362568
-7.87008e-08,0.00036646
-7.86008e-08,0.000363866
-7.85008e-08,0.000353488
-7.84008e-08,0.000337921
-7.83008e-08,0.000319111
-7.82008e-08,0.000297706
-7.81008e-08,0.000275005
-7.80008e-08,0.000251654
-7.79008e-08,0.000227655
-7.78008e-08,0.000203656
-7.77008e-08,0.000177712
-7.76008e-08,0.000149821
-7.75008e-08,0.000120633
-7.74008e-08,8.94992e-05
-7.73008e-08,5.83654e-05
-7.72008e-08,2.98261e-05
-7.71008e-08,5.17858e-06
-7.70008e-08,-1.29828e-05
-7.69008e-08,-2.33607e-05
-7.68008e-08,-2.53066e-05
-7.67008e-08,-1.88204e-05
-7.66008e-08,-5.19934e-06
-7.65008e-08,1.36106e-05
-7.64008e-08,3.63124e-05
-7.63008e-08,5.90141e-05
-7.62008e-08,7.97699e-05
-7.61008e-08,9.59854e-05
-7.60008e-08,0.000105066
-7.59008e-08,0.000108309
-7.58008e-08,0.000105715
-7.57008e-08,9.92285e-05
-7.56008e-08,8.88506e-05
-7.55008e-08,7.65268e-05
-7.54008e-08,6.35544e-05
-7.53008e-08,5.0582e-05
-7.52008e-08,3.82582e-05
-7.51008e-08,2.59344e-05
-7.50008e-08,1.55565e-05
-7.49008e-08,5.8272e-06
-7.48008e-08,-2.60486e-06
-7.47008e-08,-8.44244e-06
-7.46008e-08,-1.10369e-05
-7.45008e-08,-1.03883e-05
-7.44008e-08,-5.84796e-06
-7.43008e-08,3.23272e-06
-7.42008e-08,1.55565e-05
-7.41008e-08,2.98261e-05
-7.40008e-08,4.5393e-05
-7.39008e-08,5.96627e-05
-7.38008e-08,7.00406e-05
-7.37008e-08,7.32837e-05
-7.36008e-08,6.80947e-05
-7.35008e-08,5.51223e-05
-7.34008e-08,3.43665e-05
-7.33008e-08,6.47582e-06
-7.32008e-08,-2.40093e-05
-7.31008e-08,-5.44945e-05
-7.30008e-08,-8.10879e-05
-7.29008e-08,-0.000101195
-7.28008e-08,-0.000113519
-7.27008e-08,-0.000117411
-7.26008e-08,-0.000112222
-7.25008e-08,-0.000100547
-7.24008e-08,-8.36824e-05
-7.23008e-08,-6.42238e-05
-7.22008e-08,-4.47652e-05
-7.21008e-08,-2.66038e-05
-7.20008e-08,-1.16855e-05
-7.19008e-08,1.93548e-06
-7.18008e-08,1.42593e-05
-7.17008e-08,2.52858e-05
-7.16008e-08,3.63124e-05
-7.15008e-08,4.92848e-05
-7.14008e-08,6.29058e-05
-7.13008e-08,7.7824e-05
-7.12008e-08,9.20937e-05
-7.11008e-08,0.000105715
-7.10008e-08,0.000116741
-7.09008e-08,0.000124525
-7.08008e-08,0.000127768
-7.07008e-08,0.000127119
-7.06008e-08,0.000122579
-7.05008e-08,0.000116093
-7.04008e-08,0.000108309
-7.03008e-08,0.000100526
-7.02008e-08,9.40395e-05
-7.01008e-08,8.94992e-05
-7.00008e-08,8.75533e-05
-6.99008e-08,8.75533e-05
-6.98008e-08,8.88506e-05
-6.97008e-08,9.07964e-05
-6.96008e-08,9.20937e-05
-6.95008e-08,9.07964e-05
-6.94008e-08,8.8202e-05
-6.93008e-08,8.36616e-05
-6.92008e-08,7.91213e-05
-6.91008e-08,7.52296e-05
-6.90008e-08,7.32837e-05
-6.89008e-08,7.39323e-05
-6.88008e-08,7.65268e-05
-6.87008e-08,8.23644e-05
-6.86008e-08,9.01478e-05
-6.85008e-08,9.92285e-05
-6.84008e-08,0.000107012
-6.83008e-08,0.000114147
-6.82008e-08,0.000118687
-6.81008e-08,0.000120633
-6.80008e-08,0.000121282
-6.79008e-08,0.00012193
-6.78008e-08,0.000123876
-6.77008e-08,0.000128416
-6.76008e-08,0.000137497
-6.75008e-08,0.000150469
-6.74008e-08,0.000168631
-6.73008e-08,0.000190035
-6.72008e-08,0.000213386
-6.71008e-08,0.000236087
-6.70008e-08,0.000254897
-6.69008e-08,0.000268518
-6.68008e-08,0.000274356
-6.67008e-08,0.000271761
-6.66008e-08,0.000261384
-6.65008e-08,0.000243871
-6.64008e-08,0.00022052
-6.63008e-08,0.000195224
-6.62008e-08,0.000167982
-6.61008e-08,0.000142037
-6.60008e-08,0.000118687
-6.59008e-08,9.72826e-05
-6.58008e-08,7.84727e-05
-6.57008e-08,6.16085e-05
-6.56008e-08,4.60417e-05
-6.55008e-08,3.1772e-05
-6.54008e-08,1.94482e-05
-6.53008e-08,9.0703e-06
-6.52008e-08,1.93548e-06
-6.51008e-08,-6.58998e-07
-6.50008e-08,2.5841e-06
-6.49008e-08,1.2962e-05
-6.48008e-08,2.91775e-05
-6.47008e-08,5.18792e-05
-6.46008e-08,7.84727e-05
-6.45008e-08,0.000105715
-6.44008e-08,0.000130362
-6.43008e-08,0.000149821
-6.42008e-08,0.000162145
-6.41008e-08,0.000165388
-6.40008e-08,0.000160199
-6.39008e-08,0.000145929
-6.38008e-08,0.000127119
-6.37008e-08,0.000104417
-6.36008e-08,8.17158e-05
-6.35008e-08,6.22572e-05
-6.34008e-08,4.86361e-05
-6.33008e-08,4.27986e-05
-6.32008e-08,4.34472e-05
-6.31008e-08,5.0582e-05
-6.30008e-08,6.16085e-05
-6.29008e-08,7.39323e-05
-6.28008e-08,8.56075e-05
-6.27008e-08,9.53368e-05
-6.26008e-08,0.000102472
-6.25008e-08,0.000106363
-6.24008e-08,0.000107661
-6.23008e-08,0.000108309
-6.22008e-08,0.000108309
-6.21008e-08,0.000110255
-6.20008e-08,0.000113498
-6.19008e-08,0.000119336
-6.18008e-08,0.000126471
-6.17008e-08,0.000133605
-6.16008e-08,0.000139443
-6.15008e-08,0.000141389
-6.14008e-08,0.000138794
-6.13008e-08,0.000131011
-6.12008e-08,0.000118687
-6.11008e-08,0.000102472
-6.10008e-08,8.43102e-05
-6.09008e-08,6.67975e-05
-6.08008e-08,5.12306e-05
-6.07008e-08,4.08527e-05
-6.06008e-08,3.50151e-05
-6.05008e-08,3.37179e-05
-6.04008e-08,3.63124e-05
-6.03008e-08,4.15013e-05
-6.02008e-08,4.79875e-05
-6.01008e-08,5.38251e-05
-6.00008e-08,5.77168e-05
-5.99008e-08,5.83654e-05
-5.98008e-08,5.77168e-05
-5.97008e-08,5.51223e-05
-5.96008e-08,5.18792e-05
-5.95008e-08,5.0582e-05
-5.94008e-08,5.0582e-05
-5.93008e-08,5.38251e-05
-5.92008e-08,5.90141e-05
-5.91008e-08,6.48516e-05
-5.90008e-08,6.9392e-05
-5.89008e-08,7.19865e-05
-5.88008e-08,7.06892e-05
-5.87008e-08,6.67975e-05
-5.86008e-08,5.96627e-05
-5.85008e-08,5.12306e-05
-5.84008e-08,4.21499e-05
-5.83008e-08,3.63124e-05
-5.82008e-08,3.50151e-05
-5.81008e-08,4.02041e-05
-5.80008e-08,5.12306e-05
-5.79008e-08,6.67975e-05
-5.78008e-08,8.69047e-05
-5.77008e-08,0.000107012
-5.76008e-08,0.000124525
-5.75008e-08,0.000136848
-5.74008e-08,0.000142037
-5.73008e-08,0.000139443
-5.72008e-08,0.000129065
-5.71008e-08,0.00011285
-5.70008e-08,9.40395e-05
-5.69008e-08,7.45809e-05
-5.68008e-08,5.83654e-05
-5.67008e-08,4.66903e-05
-5.66008e-08,4.15013e-05
-5.65008e-08,4.15013e-05
-5.64008e-08,4.47444e-05
-5.63008e-08,4.99334e-05
-5.62008e-08,5.51223e-05
-5.61008e-08,5.77168e-05
-5.60008e-08,5.38251e-05
-5.59008e-08,4.5393e-05
-5.58008e-08,3.1772e-05
-5.57008e-08,1.55565e-05
-5.56008e-08,-1.95624e-06
-5.55008e-08,-1.75231e-05
-5.54008e-08,-2.91983e-05
-5.53008e-08,-3.50359e-05
-5.52008e-08,-3.50359e-05
-5.51008e-08,-2.85497e-05
-5.50008e-08,-1.62259e-05
-5.49008e-08,-6.58998e-07
-5.48008e-08,1.55565e-05
-5.47008e-08,3.1772e-05
-5.46008e-08,4.47444e-05
-5.45008e-08,5.44737e-05
-5.44008e-08,6.03113e-05
-5.43008e-08,6.22572e-05
-5.42008e-08,6.35544e-05
-5.41008e-08,6.35544e-05
-5.40008e-08,6.4203e-05
-5.39008e-08,6.61489e-05
-5.38008e-08,7.06892e-05
-5.37008e-08,7.65268e-05
-5.36008e-08,8.3013e-05
-5.35008e-08,8.8202e-05
-5.34008e-08,9.07964e-05
-5.33008e-08,9.01478e-05
-5.32008e-08,8.49589e-05
-5.31008e-08,7.52296e-05
-5.30008e-08,6.29058e-05
-5.29008e-08,4.73389e-05
-5.28008e-08,3.11234e-05
-5.27008e-08,1.62051e-05
-5.26008e-08,4.52996e-06
-5.25008e-08,-2.60486e-06
-5.24008e-08,-4.55072e-06
-5.23008e-08,-1.95624e-06
-5.22008e-08,5.17858e-06
-5.21008e-08,1.55565e-05
-5.20008e-08,2.78803e-05
-5.19008e-08,4.15013e-05
-5.18008e-08,5.51223e-05
-5.17008e-08,7.00406e-05
-5.16008e-08,8.43102e-05
-5.15008e-08,9.92285e-05
-5.14008e-08,0.000113498
-5.13008e-08,0.000127119
-5.12008e-08,0.000138146
-5.11008e-08,0.000147226
-5.10008e-08,0.000153064
-5.09008e-08,0.000152415
-5.08008e-08,0.000145929
-5.07008e-08,0.000132957
-5.06008e-08,0.000114795
-5.05008e-08,9.20937e-05
-5.04008e-08,6.67975e-05
-5.03008e-08,4.27986e-05
-5.02008e-08,2.20427e-05
-5.01008e-08,8.42168e-06
-5.00008e-08,3.23272e-06
-4.99008e-08,7.77306e-06
-4.98008e-08,2.00968e-05
-4.97008e-08,3.89068e-05
-4.96008e-08,6.16085e-05
-4.95008e-08,8.43102e-05
-4.94008e-08,0.000105066
-4.93008e-08,0.000120633
-4.92008e-08,0.000129714
-4.91008e-08,0.00013166
-4.90008e-08,0.000127768
-4.89008e-08,0.000118687
-4.88008e-08,0.000107012
-4.87008e-08,9.46882e-05
-4.86008e-08,8.43102e-05
-4.85008e-08,7.71754e-05
-4.84008e-08,7.26351e-05
-4.83008e-08,7.06892e-05
-4.82008e-08,7.13378e-05
-4.81008e-08,7.26351e-05
-4.80008e-08,7.39323e-05
-4.79008e-08,7.39323e-05
-4.78008e-08,7.26351e-05
-4.77008e-08,7.06892e-05
-4.76008e-08,6.87434e-05
-4.75008e-08,6.74461e-05
-4.74008e-08,6.87434e-05
-4.73008e-08,7.39323e-05
-4.72008e-08,8.3013e-05
-4.71008e-08,9.59854e-05
-4.70008e-08,0.00011285
-4.69008e-08,0.000132957
-4.68008e-08,0.000154361
-4.67008e-08,0.000177063
-4.66008e-08,0.000199765
-4.65008e-08,0.000221169
-4.64008e-08,0.000241925
-4.63008e-08,0.000259438
-4.62008e-08,0.000275005
-4.61008e-08,0.000287328
-4.60008e-08,0.000295112
-4.59008e-08,0.000299004
-4.58008e-08,0.000298355
-4.57008e-08,0.000293166
-4.56008e-08,0.000281491
-4.55008e-08,0.000263978
-4.54008e-08,0.000242574
-4.53008e-08,0.000217926
-4.52008e-08,0.000191333
-4.51008e-08,0.000165388
-4.50008e-08,0.000142686
-4.49008e-08,0.000125173
-4.48008e-08,0.000113498
-4.47008e-08,0.000108309
-4.46008e-08,0.000109606
-4.45008e-08,0.000115444
-4.44008e-08,0.000123227
-4.43008e-08,0.00013166
-4.42008e-08,0.000139443
-4.41008e-08,0.000143983
-4.40008e-08,0.000145281
-4.39008e-08,0.000143335
-4.38008e-08,0.000138794
-4.37008e-08,0.000132957
-4.36008e-08,0.000127768
-4.35008e-08,0.000123227
-4.34008e-08,0.000122579
-4.33008e-08,0.000123876
-4.32008e-08,0.000127119
-4.31008e-08,0.000130362
-4.30008e-08,0.00013166
-4.29008e-08,0.000129714
-4.28008e-08,0.000121282
-4.27008e-08,0.000107012
-4.26008e-08,8.62561e-05
-4.25008e-08,6.03113e-05
-4.24008e-08,3.30692e-05
-4.23008e-08,5.17858e-06
-4.22008e-08,-1.88204e-05
-4.21008e-08,-3.69817e-05
-4.20008e-08,-4.73596e-05
-4.19008e-08,-4.93055e-05
-4.18008e-08,-4.21707e-05
-4.17008e-08,-2.72524e-05
-4.16008e-08,-7.1452e-06
-4.15008e-08,1.55565e-05
-4.14008e-08,3.95555e-05
-4.13008e-08,6.09599e-05
-4.12008e-08,7.91213e-05
-4.11008e-08,9.20937e-05
-4.10008e-08,0.000101174
-4.09008e-08,0.000105715
-4.08008e-08,0.000107012
-4.07008e-08,0.000105715
-4.06008e-08,0.00010312
-4.05008e-08,9.92285e-05
-4.04008e-08,9.33909e-05
-4.03008e-08,8.56075e-05
-4.02008e-08,7.65268e-05
-4.01008e-08,6.61489e-05
-4.00008e-08,5.51223e-05
-3.99008e-08,4.34472e-05
-3.98008e-08,3.30692e-05
-3.97008e-08,2.39886e-05
-3.96008e-08,1.75024e-05
-3.95008e-08,1.42593e-05
-3.94008e-08,1.49079e-05
-3.93008e-08,1.87996e-05
-3.92008e-08,2.52858e-05
-3.91008e-08,3.30692e-05
-3.90008e-08,4.02041e-05
-3.89008e-08,4.60417e-05
-3.88008e-08,4.86361e-05
-3.87008e-08,4.66903e-05
-3.86008e-08,4.08527e-05
-3.85008e-08,3.11234e-05
-3.84008e-08,1.94482e-05
-3.83008e-08,9.0703e-06
-3.82008e-08,6.38242e-07
-3.81008e-08,-3.9021e-06
-3.80008e-08,-4.55072e-06
-3.79008e-08,-1.30762e-06
-3.78008e-08,6.47582e-06
-3.77008e-08,1.62051e-05
-3.76008e-08,2.59344e-05
-3.75008e-08,3.43665e-05
-3.74008e-08,3.95555e-05
-3.73008e-08,3.95555e-05
-3.72008e-08,3.50151e-05
-3.71008e-08,2.59344e-05
-3.70008e-08,1.42593e-05
-3.69008e-08,1.93548e-06
-3.68008e-08,-9.73968e-06
-3.67008e-08,-1.75231e-05
-3.66008e-08,-2.01176e-05
-3.65008e-08,-1.62259e-05
-3.64008e-08,-7.1452e-06
-3.63008e-08,7.12444e-06
-3.62008e-08,2.46372e-05
-3.61008e-08,4.34472e-05
-3.60008e-08,6.22572e-05
-3.59008e-08,8.04185e-05
-3.58008e-08,9.6634e-05
-3.57008e-08,0.000110904
-3.56008e-08,0.00012193
-3.55008e-08,0.000131011
-3.54008e-08,0.000138146
-3.53008e-08,0.000143335
-3.52008e-08,0.000146578
-3.51008e-08,0.000147226
-3.50008e-08,0.000145929
-3.49008e-08,0.000141389
-3.48008e-08,0.000132957
-3.47008e-08,0.000120633
-3.46008e-08,0.000105066
-3.45008e-08,8.62561e-05
-3.44008e-08,6.67975e-05
-3.43008e-08,4.79875e-05
-3.42008e-08,3.1772e-05
-3.41008e-08,2.00968e-05
-3.40008e-08,1.49079e-05
-3.39008e-08,1.55565e-05
-3.38008e-08,2.39886e-05
-3.37008e-08,3.82582e-05
-3.36008e-08,5.83654e-05
-3.35008e-08,8.23644e-05
-3.34008e-08,0.000108958
-3.33008e-08,0.0001362
-3.32008e-08,0.000162793
-3.31008e-08,0.000187441
-3.30008e-08,0.000210143
-3.29008e-08,0.000230898
-3.28008e-08,0.000247763
-3.27008e-08,0.000262032
-3.26008e-08,0.000273059
-3.25008e-08,0.000278896
-3.24008e-08,0.000279545
-3.23008e-08,0.000273707
-3.22008e-08,0.000260735
-3.21008e-08,0.00023933
-3.20008e-08,0.000209494
-3.19008e-08,0.00017382
-3.18008e-08,0.000132308
-3.17008e-08,8.8202e-05
-3.16008e-08,4.40958e-05
-3.15008e-08,2.5841e-06
-3.14008e-08,-3.24414e-05
-3.13008e-08,-5.96834e-05
-3.12008e-08,-7.65476e-05
-3.11008e-08,-8.4331e-05
-3.10008e-08,-8.10879e-05
-3.09008e-08,-6.94127e-05
-3.08008e-08,-4.99541e-05
-3.07008e-08,-2.53066e-05
-3.06008e-08,2.5841e-06
-3.05008e-08,3.1772e-05
-3.04008e-08,6.03113e-05
-3.03008e-08,8.75533e-05
-3.02008e-08,0.00011285
-3.01008e-08,0.000135551
-3.00008e-08,0.000155658
-2.99008e-08,0.000171874
-2.98008e-08,0.000184846
-2.97008e-08,0.000193278
-2.96008e-08,0.000196522
-2.95008e-08,0.000193927
-2.94008e-08,0.000185495
-2.93008e-08,0.000171225
-2.92008e-08,0.000151767
-2.91008e-08,0.000128416
-2.90008e-08,0.000102472
-2.89008e-08,7.65268e-05
-2.88008e-08,5.38251e-05
-2.87008e-08,3.50151e-05
-2.86008e-08,2.20427e-05
-2.85008e-08,1.55565e-05
-2.84008e-08,1.62051e-05
-2.83008e-08,2.26913e-05
-2.82008e-08,3.37179e-05
-2.81008e-08,4.79875e-05
-2.80008e-08,6.22572e-05
-2.79008e-08,7.58782e-05
-2.78008e-08,8.75533e-05
-2.77008e-08,9.59854e-05
-2.76008e-08,0.000102472
-2.75008e-08,0.000107012
-2.74008e-08,0.000108958
-2.73008e-08,0.000108958
-2.72008e-08,0.000107661
-2.71008e-08,0.000105715
-2.70008e-08,0.000102472
-2.69008e-08,9.85799e-05
-2.68008e-08,9.40395e-05
-2.67008e-08,8.88506e-05
-2.66008e-08,8.43102e-05
-2.65008e-08,8.10671e-05
-2.64008e-08,7.97699e-05
-2.63008e-08,8.17158e-05
-2.62008e-08,8.88506e-05
-2.61008e-08,0.000101823
-2.60008e-08,0.000119984
-2.59008e-08,0.000143335
-2.58008e-08,0.000169928
-2.57008e-08,0.000198467
-2.56008e-08,0.000225061
-2.55008e-08,0.000247114
-2.54008e-08,0.000262032
-2.53008e-08,0.000267221
-2.52008e-08,0.000262032
-2.51008e-08,0.000247114
-2.50008e-08,0.000223115
-2.49008e-08,0.000191333
-2.48008e-08,0.00015501
-2.47008e-08,0.000116741
-2.46008e-08,8.04185e-05
-2.45008e-08,4.86361e-05
-2.44008e-08,2.33399e-05
-2.43008e-08,5.17858e-06
-2.42008e-08,-3.9021e-06
-2.41008e-08,-3.9021e-06
-2.40008e-08,2.5841e-06
-2.39008e-08,1.55565e-05
-2.38008e-08,3.37179e-05
-2.37008e-08,5.51223e-05
-2.36008e-08,7.91213e-05
-2.35008e-08,0.000104417
-2.34008e-08,0.000130362
-2.33008e-08,0.00015501
-2.32008e-08,0.000177712
-2.31008e-08,0.00019717
-2.30008e-08,0.000212737
-2.29008e-08,0.000223115
-2.28008e-08,0.000227007
-2.27008e-08,0.000225709
-2.26008e-08,0.000218575
-2.25008e-08,0.000206251
-2.24008e-08,0.000189387
-2.23008e-08,0.000169279
-2.22008e-08,0.000148524
-2.21008e-08,0.000129065
-2.20008e-08,0.000112201
-2.19008e-08,9.92285e-05
-2.18008e-08,9.20937e-05
-2.17008e-08,9.07964e-05
-2.16008e-08,9.27423e-05
-2.15008e-08,9.79313e-05
-2.14008e-08,0.000104417
-2.13008e-08,0.000110904
-2.12008e-08,0.000115444
-2.11008e-08,0.00011739
-2.10008e-08,0.000116093
-2.09008e-08,0.000111552
-2.08008e-08,0.000104417
-2.07008e-08,9.53368e-05
-2.06008e-08,8.56075e-05
-2.05008e-08,7.52296e-05
-2.04008e-08,6.48516e-05
-2.03008e-08,5.44737e-05
-2.02008e-08,4.40958e-05
-2.01008e-08,3.24206e-05
-2.00008e-08,1.87996e-05
-1.99008e-08,4.52996e-06
-1.98008e-08,-1.10369e-05
-1.97008e-08,-2.66038e-05
-1.96008e-08,-4.21707e-05
-1.95008e-08,-5.57917e-05
-1.94008e-08,-6.48724e-05
-1.93008e-08,-6.87641e-05
-1.92008e-08,-6.61696e-05
-1.91008e-08,-5.7089e-05
-1.90008e-08,-4.02248e-05
-1.89008e-08,-1.62259e-05
-1.88008e-08,1.2962e-05
-1.87008e-08,4.66903e-05
-1.86008e-08,8.3013e-05
-1.85008e-08,0.000119336
-1.84008e-08,0.000155658
-1.83008e-08,0.000190684
-1.82008e-08,0.000221818
-1.81008e-08,0.000249708
-1.80008e-08,0.00027241
-1.79008e-08,0.000289274
-1.78008e-08,0.000300301
-1.77008e-08,0.00030549
-1.76008e-08,0.000302895
-1.75008e-08,0.000294463
-1.74008e-08,0.000280842
-1.73008e-08,0.000263329
-1.72008e-08,0.000243222
-1.71008e-08,0.000223764
-1.70008e-08,0.000206899
-1.69008e-08,0.000193927
-1.68008e-08,0.000186792
-1.67008e-08,0.000186144
-1.66008e-08,0.00019263
-1.65008e-08,0.000205602
-1.64008e-08,0.000222466
-1.63008e-08,0.000241276
-1.62008e-08,0.000260086
-1.61008e-08,0.000277599
-1.60008e-08,0.00029122
-1.59008e-08,0.000300301
-1.58008e-08,0.00030549
-1.57008e-08,0.000306787
-1.56008e-08,0.000304841
-1.55008e-08,0.000300301
-1.54008e-08,0.000295112
-1.53008e-08,0.000288626
-1.52008e-08,0.000281491
-1.51008e-08,0.000273059
-1.50008e-08,0.000263329
-1.49008e-08,0.000250357
-1.48008e-08,0.00023479
-1.47008e-08,0.000215332
-1.46008e-08,0.000195224
-1.45008e-08,0.00017382
-1.44008e-08,0.000153713
-1.43008e-08,0.0001362
-1.42008e-08,0.000123227
-1.41008e-08,0.000116741
-1.40008e-08,0.000116093
-1.39008e-08,0.00012193
-1.38008e-08,0.000132957
-1.37008e-08,0.000148524
-1.36008e-08,0.000166036
-1.35008e-08,0.000183549
-1.34008e-08,0.000199765
-1.33008e-08,0.000213386
-1.32008e-08,0.000223764
-1.31008e-08,0.00023025
-1.30008e-08,0.000233493
-1.29008e-08,0.000234141
-1.28008e-08,0.000234141
-1.27008e-08,0.000232196
-1.26008e-08,0.00023025
-1.25008e-08,0.000227655
-1.24008e-08,0.000223764
-1.23008e-08,0.000218575
-1.22008e-08,0.00021144
-1.21008e-08,0.00020171
-1.20008e-08,0.000190035
-1.19008e-08,0.000175117
-1.18008e-08,0.000158902
-1.17008e-08,0.00014074
-1.16008e-08,0.000122579
-1.15008e-08,0.000106363
-1.14008e-08,9.27423e-05
-1.13008e-08,8.23644e-05
-1.12008e-08,7.58782e-05
-1.11008e-08,7.39323e-05
-1.10008e-08,7.65268e-05
-1.09008e-08,8.36616e-05
-1.08008e-08,9.53368e-05
-1.07008e-08,0.000110904
-1.06008e-08,0.000129714
-1.05008e-08,0.000150469
-1.04008e-08,0.000173171
-1.03008e-08,0.000196522
-1.02008e-08,0.000218575
-1.01008e-08,0.00023933
-1.00008e-08,0.000256195
-9.900799e-09,0.000269167
-9.800799e-09,0.000276302
-9.700799e-09,0.000278248
-9.600799e-09,0.000274356
-9.500799e-09,0.000264627
-9.400799e-09,0.000250357
-9.300799e-09,0.000232196
-9.200799e-09,0.000210143
-9.100799e-09,0.000187441
-9.000799e-09,0.000164739
-8.900799e-09,0.000143983
-8.800799e-09,0.000124525
-8.700799e-09,0.000108309
-8.600799e-09,9.59854e-05
-8.500799e-09,8.8202e-05
-8.400799e-09,8.43102e-05
-8.300799e-09,8.49589e-05
-8.200799e-09,8.94992e-05
-8.100799e-09,9.79313e-05
-8.000799e-09,0.000109606
-7.900799e-09,0.000123876
-7.800799e-09,0.000138794
-7.700799e-09,0.000153713
-7.600799e-09,0.000167982
-7.500799e-09,0.000179009
-7.400799e-09,0.000187441
-7.300799e-09,0.00019263
-7.200799e-09,0.000193927
-7.100799e-09,0.000191981
-7.000799e-09,0.000186792
-6.900799e-09,0.000179657
-6.800799e-09,0.000171225
-6.700799e-09,0.000162145
-6.600799e-09,0.000154361
-6.500799e-09,0.000149172
-6.400799e-09,0.000145929
-6.300799e-09,0.000144632
-6.200799e-09,0.000146578
-6.100799e-09,0.000149821
-6.000799e-09,0.000154361
-5.900799e-09,0.00015955
-5.800799e-09,0.000162793
-5.700799e-09,0.000165388
-5.600799e-09,0.000165388
-5.500799e-09,0.000162793
-5.400799e-09,0.000157604
-5.300799e-09,0.000149821
-5.200799e-09,0.000140092
-5.100799e-09,0.000129065
-5.000799e-09,0.00011739
-4.900799e-09,0.000105715
-4.800799e-09,9.46882e-05
-4.700799e-09,8.43102e-05
-4.600799e-09,7.45809e-05
-4.500799e-09,6.35544e-05
-4.400799e-09,5.18792e-05
-4.300799e-09,3.89068e-05
-4.200799e-09,2.46372e-05
-4.100799e-09,9.0703e-06
-4.000799e-09,-8.44244e-06
-3.900799e-09,-2.66038e-05
-3.800799e-09,-4.41165e-05
-3.700799e-09,-6.03321e-05
-3.600799e-09,-7.39531e-05
-3.500799e-09,-8.49796e-05
-3.400799e-09,-9.21144e-05
-3.300799e-09,-9.66548e-05
-3.200799e-09,-0.000100547
-3.100799e-09,-0.000103141
-3.000799e-09,-0.000106384
-2.900799e-09,-0.000111573
-2.800799e-09,-0.000120005
-2.700799e-09,-0.00013168
-2.600799e-09,-0.000147247
-2.500799e-09,-0.000166057
-2.400799e-09,-0.000188759
-2.300799e-09,-0.000213406
-2.200799e-09,-0.000239351
-2.100799e-09,-0.000267891
-2.000799e-09,-0.000299673
-1.900799e-09,-0.00033405
-1.800799e-09,-0.000371021
-1.700799e-09,-0.000412533
-1.600799e-09,-0.000458585
-1.500799e-09,-0.000509826
-1.400799e-09,-0.000566256
-1.300799e-09,-0.000627875
-1.200799e-09,-0.000694034
-1.100799e-09,-0.000764734
-1.000799e-09,-0.000838676
-9.007991e-10,-0.000917808
-8.007991e-10,-0.00100213
-7.007991e-10,-0.00109164
-6.007991e-10,-0.00118828
-5.007991e-10,-0.00129206
-4.007991e-10,-0.00140492
-3.007991e-10,-0.00152816
-2.007991e-10,-0.00166307
-1.007991e-10,-0.00180901
-7.990677e-13,-0.00196533
9.920093e-11,-0.00213073
1.992009e-10,-0.00230196
2.992009e-10,-0.00247839
3.992009e-10,-0.00265806
4.992009e-10,-0.00283837
5.992009e-10,-0.00301739
6.992009e-10,-0.00319382
7.992009e-10,-0.00336505
8.992009e-10,-0.0035285
9.992009e-10,-0.00368288
1.099201e-09,-0.00382687
1.199201e-09,-0.00395854
1.299201e-09,-0.00407594
1.399201e-09,-0.00417907
1.499201e-09,-0.00426728
1.599201e-09,-0.00434123
1.699201e-09,-0.00440155
1.799201e-09,-0.0044489
1.899201e-09,-0.00448457
1.999201e-09,-0.00451051
2.099201e-09,-0.00452868
2.199201e-09,-0.0045397
2.299201e-09,-0.00454424
2.399201e-09,-0.00454359
2.499201e-09,-0.00453711
2.599201e-09,-0.00452284
2.699201e-09,-0.00450143
2.799201e-09,-0.00447289
2.899201e-09,-0.00443722
2.999201e-09,-0.00439441
3.099201e-09,-0.00434512
3.199201e-09,-0.00428998
3.299201e-09,-0.00423031
3.399201e-09,-0.00416739
3.499201e-09,-0.00410318
3.599201e-09,-0.00403767
3.699201e-09,-0.00397216
3.799201e-09,-0.003906
3.899201e-09,-0.00383984
3.999201e-09,-0.00377239
4.099201e-09,-0.00370428
4.199201e-09,-0.00363423
4.299201e-09,-0.00356288
4.399201e-09,-0.00349024
4.499201e-09,-0.00341694
4.599201e-09,-0.0033443
4.699201e-09,-0.00327424
4.799201e-09,-0.00320744
4.899201e-09,-0.00314322
4.999201e-09,-0.0030816
5.099201e-09,-0.00302323
5.199201e-09,-0.0029668
5.299201e-09,-0.00291231
5.399201e-09,-0.00285978
5.499201e-09,-0.00280854
5.599201e-09,-0.00275794
5.699201e-09,-0.0027093
5.799201e-09,-0.0026626
5.899201e-09,-0.00261979
5.999201e-09,-0.00258152
6.099201e-09,-0.00254779
6.199201e-09,-0.00251731
6.299201e-09,-0.00248941
6.399201e-09,-0.00246217
6.499201e-09,-0.00243234
6.599201e-09,-0.00239861
6.699201e-09,-0.00235839
6.799201e-09,-0.0023104
6.899201e-09,-0.00225332
6.999201e-09,-0.00218975
7.099201e-09,-0.0021197
7.199201e-09,-0.00204706
7.299201e-09,-0.00197246
7.399201e-09,-0.00189917
7.499201e-09,-0.00182912
7.599201e-09,-0.00176426
7.699201e-09,-0.00170394
7.799201e-09,-0.00164945
7.899201e-09,-0.00159886
7.999201e-09,-0.00155151
8.099201e-09,-0.00150546
8.199201e-09,-0.00145876
8.299201e-09,-0.00141076
8.399201e-09,-0.00136276
8.499201e-09,-0.00131411
8.599201e-09,-0.00126612
8.699201e-09,-0.00122006
8.799201e-09,-0.00117596
8.899201e-09,-0.0011351
8.999201e-09,-0.00109812
9.099201e-09,-0.0010644
9.199201e-09,-0.00103456
9.299201e-09,-0.00100667
9.399201e-09,-0.000980075
9.499201e-09,-0.000954131
9.599201e-09,-0.000928186
9.699201e-09,-0.000902241
9.799201e-09,-0.000876945
9.899201e-09,-0.000852946
9.999201e-09,-0.000831541
1.00992e-08,-0.00081338
1.01992e-08,-0.000799759
1.02992e-08,-0.000791976
1.03992e-08,-0.000791327
1.04992e-08,-0.000796516
1.05992e-08,-0.000808191
1.06992e-08,-0.000825055
1.07992e-08,-0.000847108
1.08992e-08,-0.000872404
1.09992e-08,-0.000900295
1.10992e-08,-0.000930132
1.11992e-08,-0.00095932
1.12992e-08,-0.000987859
1.13992e-08,-0.00101445
1.14992e-08,-0.00103845
1.15992e-08,-0.0010605
1.16992e-08,-0.00107867
1.17992e-08,-0.00109358
1.18992e-08,-0.00110331
1.19992e-08,-0.0011098
1.20992e-08,-0.00111045
1.21992e-08,-0.00110591
1.22992e-08,-0.00109553
1.23992e-08,-0.00107996
1.24992e-08,-0.00105986
1.25992e-08,-0.00103715
1.26992e-08,-0.00101316
1.27992e-08,-0.000989805
1.28992e-08,-0.000969049
1.29992e-08,-0.000952185
1.30992e-08,-0.000939212
1.31992e-08,-0.00093078
1.32992e-08,-0.000925591
1.33992e-08,-0.000923645
1.34992e-08,-0.000922997
1.35992e-08,-0.000923645
1.36992e-08,-0.000922348
1.37992e-08,-0.000917808
1.38992e-08,-0.000909376
1.39992e-08,-0.000897701
1.40992e-08,-0.000882134
1.41992e-08,-0.000863972
1.42992e-08,-0.000843217
1.43992e-08,-0.000821163
1.44992e-08,-0.000798462
1.45992e-08,-0.000774463
1.46992e-08,-0.000750464
1.47992e-08,-0.000725816
1.48992e-08,-0.00070052
1.49992e-08,-0.000675873
1.50992e-08,-0.000651874
1.51992e-08,-0.000629172
1.52992e-08,-0.000609713
1.53992e-08,-0.000594146
1.54992e-08,-0.000582471
1.55992e-08,-0.000575336
1.56992e-08,-0.000572742
1.57992e-08,-0.000574688
1.58992e-08,-0.000579228
1.59992e-08,-0.000585714
1.60992e-08,-0.000592201
1.61992e-08,-0.00059739
1.62992e-08,-0.000599335
1.63992e-08,-0.000598687
1.64992e-08,-0.000595444
1.65992e-08,-0.000588957
1.66992e-08,-0.000580525
1.67992e-08,-0.000570796
1.68992e-08,-0.000560418
1.69992e-08,-0.000550689
1.70992e-08,-0.00054096
1.71992e-08,-0.00053123
1.72992e-08,-0.000521501
1.73992e-08,-0.000511772
1.74992e-08,-0.000500745
1.75992e-08,-0.00048907
1.76992e-08,-0.000476098
1.77992e-08,-0.000462477
1.78992e-08,-0.000448856
1.79992e-08,-0.000435883
1.80992e-08,-0.000424857
1.81992e-08,-0.000415776
1.82992e-08,-0.000409938
1.83992e-08,-0.000406695
1.84992e-08,-0.000405398
1.85992e-08,-0.000405398
1.86992e-08,-0.000406047
1.87992e-08,-0.000406047
1.88992e-08,-0.000405398
1.89992e-08,-0.000402155
1.90992e-08,-0.000396317
1.91992e-08,-0.000389831
1.92992e-08,-0.000381399
1.93992e-08,-0.000373616
1.94992e-08,-0.000365832
1.95992e-08,-0.000358697
1.96992e-08,-0.00035286
1.97992e-08,-0.000346374
1.98992e-08,-0.000339887
1.99992e-08,-0.000331455
2.00992e-08,-0.000320429
2.01992e-08,-0.000304862
2.02992e-08,-0.000284755
2.03992e-08,-0.000260756
2.04992e-08,-0.000234162
2.05992e-08,-0.000206272
2.06992e-08,-0.00017903
2.07992e-08,-0.000155679
2.08992e-08,-0.000136869
2.09992e-08,-0.000124545
2.10992e-08,-0.000118708
2.11992e-08,-0.000120005
2.12992e-08,-0.000126491
2.13992e-08,-0.000135572
2.14992e-08,-0.000145301
2.15992e-08,-0.000154382
2.16992e-08,-0.000161517
2.17992e-08,-0.000165409
2.18992e-08,-0.000166706
2.19992e-08,-0.000166706
2.20992e-08,-0.000166057
2.21992e-08,-0.000166057
2.22992e-08,-0.000168003
2.23992e-08,-0.000171895
2.24992e-08,-0.000179678
2.25992e-08,-0.000188759
2.26992e-08,-0.000199137
2.27992e-08,-0.000208866
2.28992e-08,-0.000217298
2.29992e-08,-0.000223784
2.30992e-08,-0.000227676
2.31992e-08,-0.000228973
2.32992e-08,-0.000229622
2.33992e-08,-0.000230271
2.34992e-08,-0.000232216
2.35992e-08,-0.000238054
2.36992e-08,-0.000245837
2.37992e-08,-0.000256864
2.38992e-08,-0.000269836
2.39992e-08,-0.000284755
2.40992e-08,-0.000298376
2.41992e-08,-0.000310051
2.42992e-08,-0.000317834
2.43992e-08,-0.000322375
2.44992e-08,-0.00032432
2.45992e-08,-0.000323672
2.46992e-08,-0.000322375
2.47992e-08,-0.000321726
2.48992e-08,-0.000323672
2.49992e-08,-0.000328212
2.50992e-08,-0.000334698
2.51992e-08,-0.00034313
2.52992e-08,-0.000350914
2.53992e-08,-0.000355454
2.54992e-08,-0.000355454
2.55992e-08,-0.000350265
2.56992e-08,-0.000337941
2.57992e-08,-0.00031978
2.58992e-08,-0.000297078
2.59992e-08,-0.000273079
2.60992e-08,-0.000250378
2.61992e-08,-0.000231568
2.62992e-08,-0.000218595
2.63992e-08,-0.000215352
2.64992e-08,-0.000220541
2.65992e-08,-0.000235459
2.66992e-08,-0.000256215
2.67992e-08,-0.00028216
2.68992e-08,-0.000309402
2.69992e-08,-0.000335996
2.70992e-08,-0.000358049
2.71992e-08,-0.000375561
2.72992e-08,-0.000385291
2.73992e-08,-0.000387885
2.74992e-08,-0.000383994
2.75992e-08,-0.000374264
2.76992e-08,-0.000359346
2.77992e-08,-0.000341185
2.78992e-08,-0.000321077
2.79992e-08,-0.000300322
2.80992e-08,-0.000279566
2.81992e-08,-0.00025881
2.82992e-08,-0.000238703
2.83992e-08,-0.000220541
2.84992e-08,-0.000203677
2.85992e-08,-0.000190056
2.86992e-08,-0.00017903
2.87992e-08,-0.000171895
2.88992e-08,-0.0001693
2.89992e-08,-0.000169949
2.90992e-08,-0.000173841
2.91992e-08,-0.000180327
2.92992e-08,-0.00018811
2.93992e-08,-0.000194596
2.94992e-08,-0.000198488
2.95992e-08,-0.000199785
2.96992e-08,-0.000195894
2.97992e-08,-0.000187462
2.98992e-08,-0.000174489
2.99992e-08,-0.000158274
3.00992e-08,-0.00014141
3.01992e-08,-0.000124545
3.02992e-08,-0.000109627
3.03992e-08,-9.66548e-05
3.04992e-08,-8.75741e-05
3.05992e-08,-8.04393e-05
3.06992e-08,-7.65476e-05
3.07992e-08,-7.33045e-05
3.08992e-08,-7.00614e-05
3.09992e-08,-6.68183e-05
3.10992e-08,-6.22779e-05
3.11992e-08,-5.77376e-05
3.12992e-08,-5.25486e-05
3.13992e-08,-4.80083e-05
3.14992e-08,-4.54138e-05
3.15992e-08,-4.60624e-05
3.16992e-08,-4.93055e-05
3.17992e-08,-5.51431e-05
3.18992e-08,-6.29265e-05
3.19992e-08,-7.13586e-05
3.20992e-08,-7.78448e-05
3.21992e-08,-8.17365e-05
3.22992e-08,-8.04393e-05
3.23992e-08,-7.39531e-05
3.24992e-08,-6.03321e-05
3.25992e-08,-4.21707e-05
3.26992e-08,-2.07662e-05
3.27992e-08,6.38242e-07
3.28992e-08,2.07455e-05
3.29992e-08,3.56637e-05
3.30992e-08,4.34472e-05
3.31992e-08,4.34472e-05
3.32992e-08,3.50151e-05
3.33992e-08,2.00968e-05
3.34992e-08,-6.58998e-07
3.35992e-08,-2.40093e-05
3.36992e-08,-4.80083e-05
3.37992e-08,-6.94127e-05
3.38992e-08,-8.82227e-05
3.39992e-08,-0.000101844
3.40992e-08,-0.000110924
3.41992e-08,-0.000115465
3.42992e-08,-0.000116762
3.43992e-08,-0.000116113
3.44992e-08,-0.000114816
3.45992e-08,-0.000113519
3.46992e-08,-0.000112222
3.47992e-08,-0.000110924
3.48992e-08,-0.000110276
3.49992e-08,-0.000108979
3.50992e-08,-0.00010833
3.51992e-08,-0.000108979
3.52992e-08,-0.000112222
3.53992e-08,-0.000116762
3.54992e-08,-0.000125194
3.55992e-08,-0.000138166
3.56992e-08,-0.000154382
3.57992e-08,-0.000174489
3.58992e-08,-0.000195245
3.59992e-08,-0.00021665
3.60992e-08,-0.000236108
3.61992e-08,-0.000250378
3.62992e-08,-0.000259458
3.63992e-08,-0.000261404
3.64992e-08,-0.000256864
3.65992e-08,-0.000245189
3.66992e-08,-0.000230271
3.67992e-08,-0.000213406
3.68992e-08,-0.000197191
3.69992e-08,-0.000184219
3.70992e-08,-0.000174489
3.71992e-08,-0.000169949
3.72992e-08,-0.0001693
3.73992e-08,-0.000170597
3.74992e-08,-0.000172543
3.75992e-08,-0.000174489
3.76992e-08,-0.000174489
3.77992e-08,-0.000170597
3.78992e-08,-0.000162814
3.79992e-08,-0.000152436
3.80992e-08,-0.000138815
3.81992e-08,-0.000123248
3.82992e-08,-0.000107033
3.83992e-08,-9.14658e-05
3.84992e-08,-7.58989e-05
3.85992e-08,-6.09807e-05
3.86992e-08,-4.54138e-05
3.87992e-08,-2.91983e-05
3.88992e-08,-1.29828e-05
3.89992e-08,5.17858e-06
3.90992e-08,2.46372e-05
3.91992e-08,4.34472e-05
3.92992e-08,6.09599e-05
3.93992e-08,7.65268e-05
3.94992e-08,8.88506e-05
3.95992e-08,9.6634e-05
3.96992e-08,9.98771e-05
3.97992e-08,9.92285e-05
3.98992e-08,9.6634e-05
3.99992e-08,9.27423e-05
4.00992e-08,8.8202e-05
4.01992e-08,8.56075e-05
4.02992e-08,8.49589e-05
4.03992e-08,8.69047e-05
4.04992e-08,9.20937e-05
4.05992e-08,0.000100526
4.06992e-08,0.000109606
4.07992e-08,0.000118038
4.08992e-08,0.000125173
4.09992e-08,0.000129065
4.10992e-08,0.000129714
4.11992e-08,0.000126471
4.12992e-08,0.000119984
4.13992e-08,0.000110255
4.14992e-08,9.85799e-05
4.15992e-08,8.49589e-05
4.16992e-08,7.06892e-05
4.17992e-08,5.51223e-05
4.18992e-08,3.89068e-05
4.19992e-08,2.13941e-05
4.20992e-08,1.28686e-06
4.21992e-08,-2.07662e-05
4.22992e-08,-4.41165e-05
4.23992e-08,-7.00614e-05
4.24992e-08,-9.66548e-05
4.25992e-08,-0.000123248
4.26992e-08,-0.000149193
4.27992e-08,-0.000173192
4.28992e-08,-0.000193948
4.29992e-08,-0.000211461
4.30992e-08,-0.000224433
4.31992e-08,-0.000234811
4.32992e-08,-0.000242594
4.33992e-08,-0.000249081
4.34992e-08,-0.000254269
4.35992e-08,-0.00025881
4.36992e-08,-0.00026335
4.37992e-08,-0.000267242
4.38992e-08,-0.000270485
4.39992e-08,-0.000272431
4.40992e-08,-0.000271782
4.41992e-08,-0.000267891
4.42992e-08,-0.000260756
4.43992e-08,-0.000250378
4.44992e-08,-0.000238703
4.45992e-08,-0.000225082
4.46992e-08,-0.000212758
4.47992e-08,-0.00020238
4.48992e-08,-0.000195245
4.49992e-08,-0.000190705
4.50992e-08,-0.000188759
4.51992e-08,-0.000188759
4.52992e-08,-0.000189407
4.53992e-08,-0.000189407
4.54992e-08,-0.000186813
4.55992e-08,-0.000181624
4.56992e-08,-0.000172543
4.57992e-08,-0.000160868
4.58992e-08,-0.000147896
4.59992e-08,-0.000135572
4.60992e-08,-0.000126491
4.61992e-08,-0.0001226
4.62992e-08,-0.000125194
4.63992e-08,-0.000134275
4.64992e-08,-0.000149193
4.65992e-08,-0.000168003
4.66992e-08,-0.00018811
4.67992e-08,-0.00020692
4.68992e-08,-0.000222487
4.69992e-08,-0.000232216
4.70992e-08,-0.000234811
4.71992e-08,-0.000230919
4.72992e-08,-0.00022119
4.73992e-08,-0.00020692
4.74992e-08,-0.000190705
4.75992e-08,-0.000174489
4.76992e-08,-0.000158922
4.77992e-08,-0.00014595
4.78992e-08,-0.000136221
4.79992e-08,-0.000129734
4.80992e-08,-0.000123897
4.81992e-08,-0.000118708
4.82992e-08,-0.000110924
4.83992e-08,-0.000101195
4.84992e-08,-8.88713e-05
4.85992e-08,-7.26558e-05
4.86992e-08,-5.51431e-05
4.87992e-08,-3.63331e-05
4.88992e-08,-1.88204e-05
4.89992e-08,-2.60486e-06
4.90992e-08,1.03675e-05
4.91992e-08,1.8151e-05
4.92992e-08,2.13941e-05
4.93992e-08,1.87996e-05
4.94992e-08,1.16648e-05
4.95992e-08,-6.58998e-07
4.96992e-08,-1.62259e-05
4.97992e-08,-3.50359e-05
4.98992e-08,-5.51431e-05
4.99992e-08,-7.58989e-05
5.00992e-08,-9.53575e-05
5.01992e-08,-0.00011287
5.02992e-08,-0.00012714
5.03992e-08,-0.000138166
5.04992e-08,-0.000144653
5.05992e-08,-0.000145301
5.06992e-08,-0.000140112
5.07992e-08,-0.000128437
5.08992e-08,-0.000110924
5.09992e-08,-8.88713e-05
5.10992e-08,-6.29265e-05
5.11992e-08,-3.63331e-05
5.12992e-08,-1.03883e-05
5.13992e-08,1.16648e-05
5.14992e-08,2.91775e-05
5.15992e-08,4.08527e-05
5.16992e-08,4.5393e-05
5.17992e-08,4.47444e-05
5.18992e-08,3.82582e-05
5.19992e-08,2.85289e-05
5.20992e-08,1.68537e-05
5.21992e-08,5.17858e-06
5.22992e-08,-4.55072e-06
5.23992e-08,-1.03883e-05
5.24992e-08,-1.16855e-05
5.25992e-08,-7.1452e-06
5.26992e-08,6.38242e-07
5.27992e-08,1.23134e-05
5.28992e-08,2.52858e-05
5.29992e-08,4.02041e-05
5.30992e-08,5.5771e-05
5.31992e-08,7.13378e-05
5.32992e-08,8.75533e-05
5.33992e-08,0.00010312
5.34992e-08,0.000118038
5.35992e-08,0.000132308
5.36992e-08,0.000144632
5.37992e-08,0.000154361
5.38992e-08,0.000160199
5.39992e-08,0.000160847
5.40992e-08,0.000155658
5.41992e-08,0.000144632
5.42992e-08,0.000127768
5.43992e-08,0.000105715
5.44992e-08,7.84727e-05
5.45992e-08,4.79875e-05
5.46992e-08,1.8151e-05
5.47992e-08,-9.09106e-06
5.48992e-08,-3.24414e-05
5.49992e-08,-4.99541e-05
5.50992e-08,-6.09807e-05
5.51992e-08,-6.68183e-05
5.52992e-08,-6.74669e-05
5.53992e-08,-6.35752e-05
5.54992e-08,-5.7089e-05
5.55992e-08,-4.99541e-05
5.56992e-08,-4.34679e-05
5.57992e-08,-3.8279e-05
5.58992e-08,-3.56845e-05
5.59992e-08,-3.63331e-05
5.60992e-08,-3.95762e-05
5.61992e-08,-4.47652e-05
5.62992e-08,-5.19e-05
5.63992e-08,-5.96834e-05
5.64992e-08,-6.74669e-05
5.65992e-08,-7.58989e-05
5.66992e-08,-8.30338e-05
5.67992e-08,-9.01686e-05
5.68992e-08,-9.66548e-05
5.69992e-08,-0.000101195
5.70992e-08,-0.00010379
5.71992e-08,-0.000103141
5.72992e-08,-9.73034e-05
5.73992e-08,-8.69255e-05
5.74992e-08,-7.26558e-05
5.75992e-08,-5.31972e-05
5.76992e-08,-3.04955e-05
5.77992e-08,-3.9021e-06
5.78992e-08,2.33399e-05
5.79992e-08,5.0582e-05
5.80992e-08,7.45809e-05
5.81992e-08,9.46882e-05
5.82992e-08,0.000109606
5.83992e-08,0.000118038
5.84992e-08,0.000119984
5.85992e-08,0.000116741
5.86992e-08,0.000107661
5.87992e-08,9.46882e-05
5.88992e-08,7.91213e-05
5.89992e-08,6.29058e-05
5.90992e-08,4.66903e-05
5.91992e-08,3.30692e-05
5.92992e-08,2.20427e-05
5.93992e-08,1.55565e-05
5.94992e-08,1.2962e-05
5.95992e-08,1.49079e-05
5.96992e-08,2.26913e-05
5.97992e-08,3.63124e-05
5.98992e-08,5.38251e-05
5.99992e-08,7.52296e-05
6.00992e-08,0.000100526
6.01992e-08,0.000128416
6.02992e-08,0.000156956
6.03992e-08,0.000184198
6.04992e-08,0.000208845
6.05992e-08,0.000229601
6.06992e-08,0.000243871
6.07992e-08,0.000251006
6.08992e-08,0.000251654
6.09992e-08,0.000245817
6.10992e-08,0.000235439
6.11992e-08,0.000221818
6.12992e-08,0.000206251
6.13992e-08,0.000191981
6.14992e-08,0.000179657
6.15992e-08,0.000170577
6.16992e-08,0.000164739
6.17992e-08,0.000162793
6.18992e-08,0.000164091
6.19992e-08,0.000166036
6.20992e-08,0.000168631
6.21992e-08,0.000169928
6.22992e-08,0.000169279
6.23992e-08,0.000165388
6.24992e-08,0.000158253
6.25992e-08,0.000148524
6.26992e-08,0.000137497
6.27992e-08,0.000125173
6.28992e-08,0.000113498
6.29992e-08,0.000101823
6.30992e-08,9.27423e-05
6.31992e-08,8.49589e-05
6.32992e-08,7.84727e-05
6.33992e-08,7.32837e-05
6.34992e-08,6.87434e-05
6.35992e-08,6.29058e-05
6.36992e-08,5.70682e-05
6.37992e-08,4.92848e-05
6.38992e-08,4.02041e-05
6.39992e-08,3.04748e-05
6.40992e-08,1.94482e-05
6.41992e-08,9.0703e-06
6.42992e-08,-6.58998e-07
6.43992e-08,-9.73968e-06
6.44992e-08,-1.81717e-05
6.45992e-08,-2.53066e-05
6.46992e-08,-3.11441e-05
6.47992e-08,-3.63331e-05
6.48992e-08,-4.08734e-05
6.49992e-08,-4.41165e-05
6.50992e-08,-4.6711e-05
6.51992e-08,-4.80083e-05
6.52992e-08,-4.80083e-05
6.53992e-08,-4.60624e-05
6.54992e-08,-4.21707e-05
6.55992e-08,-3.56845e-05
6.56992e-08,-2.72524e-05
6.57992e-08,-1.75231e-05
6.58992e-08,-5.84796e-06
6.59992e-08,5.17858e-06
6.60992e-08,1.55565e-05
6.61992e-08,2.33399e-05
6.62992e-08,2.78803e-05
6.63992e-08,2.85289e-05
6.64992e-08,2.46372e-05
6.65992e-08,1.75024e-05
6.66992e-08,7.77306e-06
6.67992e-08,-4.55072e-06
6.68992e-08,-1.68745e-05
6.69992e-08,-2.7901e-05
6.70992e-08,-3.63331e-05
6.71992e-08,-4.08734e-05
6.72992e-08,-4.02248e-05
6.73992e-08,-3.37386e-05
6.74992e-08,-2.40093e-05
6.75992e-08,-1.03883e-05
6.76992e-08,5.17858e-06
6.77992e-08,2.13941e-05
6.78992e-08,3.76096e-05
6.79992e-08,5.31765e-05
6.80992e-08,6.67975e-05
6.81992e-08,7.7824e-05
6.82992e-08,8.56075e-05
6.83992e-08,8.94992e-05
6.84992e-08,9.01478e-05
6.85992e-08,8.69047e-05
6.86992e-08,7.97699e-05
6.87992e-08,6.9392e-05
6.88992e-08,5.51223e-05
6.89992e-08,3.89068e-05
6.90992e-08,2.07455e-05
6.91992e-08,1.28686e-06
6.92992e-08,-1.81717e-05
6.93992e-08,-3.56845e-05
6.94992e-08,-5.06027e-05
6.95992e-08,-6.29265e-05
6.96992e-08,-7.13586e-05
6.97992e-08,-7.58989e-05
6.98992e-08,-7.71962e-05
6.99992e-08,-7.58989e-05
7.00992e-08,-7.26558e-05
7.01992e-08,-6.68183e-05
7.02992e-08,-5.96834e-05
7.03992e-08,-5.12514e-05
7.04992e-08,-4.15221e-05
7.05992e-08,-3.11441e-05
7.06992e-08,-2.01176e-05
7.07992e-08,-9.09106e-06
7.08992e-08,2.5841e-06
7.09992e-08,1.49079e-05
7.10992e-08,2.78803e-05
7.11992e-08,4.08527e-05
7.12992e-08,5.31765e-05
7.13992e-08,6.55003e-05
7.14992e-08,7.71754e-05
7.15992e-08,8.75533e-05
7.16992e-08,9.59854e-05
7.17992e-08,0.00010312
7.18992e-08,0.000108309
7.19992e-08,0.000111552
7.20992e-08,0.000112201
7.21992e-08,0.000111552
7.22992e-08,0.000108958
7.23992e-08,0.000105066
7.24992e-08,0.000100526
7.25992e-08,9.53368e-05
7.26992e-08,9.07964e-05
7.27992e-08,8.62561e-05
7.28992e-08,8.36616e-05
7.29992e-08,8.17158e-05
7.30992e-08,8.17158e-05
7.31992e-08,8.23644e-05
7.32992e-08,8.36616e-05
7.33992e-08,8.62561e-05
7.34992e-08,8.8202e-05
7.35992e-08,9.01478e-05
7.36992e-08,9.14451e-05
7.37992e-08,9.20937e-05
7.38992e-08,9.40395e-05
7.39992e-08,9.59854e-05
7.40992e-08,9.98771e-05
7.41992e-08,0.000106363
7.42992e-08,0.000115444
7.43992e-08,0.000126471
7.44992e-08,0.000139443
7.45992e-08,0.000153064
7.46992e-08,0.000166036
7.47992e-08,0.000175117
7.48992e-08,0.000180306
7.49992e-08,0.000179009
7.50992e-08,0.000171225
7.51992e-08,0.000156307
7.52992e-08,0.0001362
7.53992e-08,0.000111552
7.54992e-08,8.43102e-05
7.55992e-08,5.70682e-05
7.56992e-08,3.11234e-05
7.57992e-08,1.03675e-05
7.58992e-08,-5.19934e-06
7.59992e-08,-1.49286e-05
7.60992e-08,-1.75231e-05
7.61992e-08,-1.29828e-05
7.62992e-08,-3.25348e-06
7.63992e-08,1.03675e-05
7.64992e-08,2.85289e-05
7.65992e-08,4.86361e-05
7.66992e-08,7.00406e-05
7.67992e-08,9.20937e-05
7.68992e-08,0.000114147
7.69992e-08,0.0001362
7.70992e-08,0.000156956
7.71992e-08,0.000176414
7.72992e-08,0.000193927
