LECROYWaveRunner‘N,20113,Waveform
Segments,1,SegmentSize,2002
Segment,TrigTime,TimeSinceSegment1
#1,28-Sep-2018 13:20:21,0                 
Time,Ampl
-1.228596e-07,0.000144632
-1.227596e-07,0.000169928
-1.226596e-07,0.000191981
-1.225596e-07,0.000209494
-1.224596e-07,0.000221169
-1.223596e-07,0.000227007
-1.222596e-07,0.000227655
-1.221596e-07,0.000225709
-1.220596e-07,0.000223764
-1.219596e-07,0.000222466
-1.218596e-07,0.000224412
-1.217596e-07,0.00023025
-1.216596e-07,0.000239979
-1.215596e-07,0.000251654
-1.214596e-07,0.000262681
-1.213596e-07,0.000271113
-1.212596e-07,0.00027241
-1.211596e-07,0.000264627
-1.210596e-07,0.000247763
-1.209596e-07,0.000221169
-1.208596e-07,0.000185495
-1.207596e-07,0.000144632
-1.206596e-07,0.000100526
-1.205596e-07,5.77168e-05
-1.204596e-07,1.87996e-05
-1.203596e-07,-1.29828e-05
-1.202596e-07,-3.69817e-05
-1.201596e-07,-5.12514e-05
-1.200596e-07,-5.64403e-05
-1.199596e-07,-5.44945e-05
-1.198596e-07,-4.6711e-05
-1.197596e-07,-3.56845e-05
-1.196596e-07,-2.33607e-05
-1.195596e-07,-1.29828e-05
-1.194596e-07,-3.9021e-06
-1.193596e-07,4.52996e-06
-1.192596e-07,1.16648e-05
-1.191596e-07,1.75024e-05
-1.190596e-07,2.33399e-05
-1.189596e-07,2.98261e-05
-1.188596e-07,3.63124e-05
-1.187596e-07,4.27986e-05
-1.186596e-07,4.92848e-05
-1.185596e-07,5.64196e-05
-1.184596e-07,6.4203e-05
-1.183596e-07,7.13378e-05
-1.182596e-07,7.91213e-05
-1.181596e-07,8.88506e-05
-1.180596e-07,0.000100526
-1.179596e-07,0.000114147
-1.178596e-07,0.000129714
-1.177596e-07,0.000146578
-1.176596e-07,0.000163442
-1.175596e-07,0.000179009
-1.174596e-07,0.00019263
-1.173596e-07,0.00020171
-1.172596e-07,0.000206251
-1.171596e-07,0.000204305
-1.170596e-07,0.00019717
-1.169596e-07,0.000184846
-1.168596e-07,0.000169928
-1.167596e-07,0.000154361
-1.166596e-07,0.000139443
-1.165596e-07,0.000127768
-1.164596e-07,0.000118687
-1.163596e-07,0.000112201
-1.162596e-07,0.000107661
-1.161596e-07,0.000104417
-1.160596e-07,0.000101174
-1.159596e-07,9.53368e-05
-1.158596e-07,8.69047e-05
-1.157596e-07,7.58782e-05
-1.156596e-07,6.16085e-05
-1.155596e-07,4.60417e-05
-1.154596e-07,2.98261e-05
-1.153596e-07,1.62051e-05
-1.152596e-07,7.12444e-06
-1.151596e-07,4.52996e-06
-1.150596e-07,9.71892e-06
-1.149596e-07,2.13941e-05
-1.148596e-07,3.95555e-05
-1.147596e-07,6.09599e-05
-1.146596e-07,8.36616e-05
-1.145596e-07,0.00010312
-1.144596e-07,0.000118038
-1.143596e-07,0.000126471
-1.142596e-07,0.000127119
-1.141596e-07,0.00012193
-1.140596e-07,0.000111552
-1.139596e-07,9.6634e-05
-1.138596e-07,7.97699e-05
-1.137596e-07,6.35544e-05
-1.136596e-07,4.86361e-05
-1.135596e-07,3.63124e-05
-1.134596e-07,2.59344e-05
-1.133596e-07,1.75024e-05
-1.132596e-07,8.42168e-06
-1.131596e-07,-2.60486e-06
-1.130596e-07,-1.428e-05
-1.129596e-07,-2.72524e-05
-1.128596e-07,-4.08734e-05
-1.127596e-07,-5.19e-05
-1.126596e-07,-5.90348e-05
-1.125596e-07,-6.03321e-05
-1.124596e-07,-5.38459e-05
-1.123596e-07,-3.95762e-05
-1.122596e-07,-1.75231e-05
-1.121596e-07,1.16648e-05
-1.120596e-07,4.34472e-05
-1.119596e-07,7.65268e-05
-1.118596e-07,0.000106363
-1.117596e-07,0.000132957
-1.116596e-07,0.000152415
-1.115596e-07,0.000165388
-1.114596e-07,0.000170577
-1.113596e-07,0.000171225
-1.112596e-07,0.000167334
-1.111596e-07,0.000162145
-1.110596e-07,0.000156956
-1.109596e-07,0.000153064
-1.108596e-07,0.000149821
-1.107596e-07,0.000145281
-1.106596e-07,0.000138146
-1.105596e-07,0.000129065
-1.104596e-07,0.000114795
-1.103596e-07,9.46882e-05
-1.102596e-07,6.9392e-05
-1.101596e-07,4.08527e-05
-1.100596e-07,1.10162e-05
-1.099596e-07,-1.81717e-05
-1.098596e-07,-4.21707e-05
-1.097596e-07,-6.03321e-05
-1.096596e-07,-7.071e-05
-1.095596e-07,-7.46017e-05
-1.094596e-07,-7.39531e-05
-1.093596e-07,-6.87641e-05
-1.092596e-07,-6.35752e-05
-1.091596e-07,-6.03321e-05
-1.090596e-07,-5.96834e-05
-1.089596e-07,-6.09807e-05
-1.088596e-07,-6.42238e-05
-1.087596e-07,-6.68183e-05
-1.086596e-07,-6.74669e-05
-1.085596e-07,-6.16293e-05
-1.084596e-07,-4.73596e-05
-1.083596e-07,-2.33607e-05
-1.082596e-07,9.0703e-06
-1.081596e-07,4.99334e-05
-1.080596e-07,9.59854e-05
-1.079596e-07,0.000142686
-1.078596e-07,0.000187441
-1.077596e-07,0.000226358
-1.076596e-07,0.000256195
-1.075596e-07,0.000275005
-1.074596e-07,0.000282788
-1.073596e-07,0.000282139
-1.072596e-07,0.000273707
-1.071596e-07,0.000259438
-1.070596e-07,0.000241276
-1.069596e-07,0.000221818
-1.068596e-07,0.000202359
-1.067596e-07,0.000181603
-1.066596e-07,0.000160847
-1.065596e-07,0.000139443
-1.064596e-07,0.00011739
-1.063596e-07,9.40395e-05
-1.062596e-07,7.06892e-05
-1.061596e-07,4.79875e-05
-1.060596e-07,2.85289e-05
-1.059596e-07,1.42593e-05
-1.058596e-07,7.77306e-06
-1.057596e-07,9.0703e-06
-1.056596e-07,1.87996e-05
-1.055596e-07,3.43665e-05
-1.054596e-07,5.31765e-05
-1.053596e-07,7.26351e-05
-1.052596e-07,8.75533e-05
-1.051596e-07,9.59854e-05
-1.050596e-07,9.46882e-05
-1.049596e-07,8.3013e-05
-1.048596e-07,6.22572e-05
-1.047596e-07,3.37179e-05
-1.046596e-07,6.38242e-07
-1.045596e-07,-3.37386e-05
-1.044596e-07,-6.5521e-05
-1.043596e-07,-9.21144e-05
-1.042596e-07,-0.000110276
-1.041596e-07,-0.000120005
-1.040596e-07,-0.000121951
-1.039596e-07,-0.000116762
-1.038596e-07,-0.000107033
-1.037596e-07,-9.47089e-05
-1.036596e-07,-8.23851e-05
-1.035596e-07,-7.071e-05
-1.034596e-07,-6.03321e-05
-1.033596e-07,-5.06027e-05
-1.032596e-07,-4.08734e-05
-1.031596e-07,-2.91983e-05
-1.030596e-07,-1.62259e-05
-1.029596e-07,-6.58998e-07
-1.028596e-07,1.62051e-05
-1.027596e-07,3.30692e-05
-1.026596e-07,4.79875e-05
-1.025596e-07,5.96627e-05
-1.024596e-07,6.61489e-05
-1.023596e-07,6.48516e-05
-1.022596e-07,5.83654e-05
-1.021596e-07,4.66903e-05
-1.020596e-07,3.24206e-05
-1.019596e-07,1.75024e-05
-1.018596e-07,6.47582e-06
-1.017596e-07,6.38242e-07
-1.016596e-07,1.93548e-06
-1.015596e-07,1.03675e-05
-1.014596e-07,2.52858e-05
-1.013596e-07,4.47444e-05
-1.012596e-07,6.55003e-05
-1.011596e-07,8.36616e-05
-1.010596e-07,9.85799e-05
-1.009596e-07,0.000107012
-1.008596e-07,0.000108958
-1.007596e-07,0.000105715
-1.006596e-07,9.92285e-05
-1.005596e-07,9.20937e-05
-1.004596e-07,8.56075e-05
-1.003596e-07,8.3013e-05
-1.002596e-07,8.49589e-05
-1.001596e-07,9.20937e-05
-1.000596e-07,0.00010312
-9.995958e-08,0.000115444
-9.985958e-08,0.000127119
-9.975958e-08,0.0001362
-9.965958e-08,0.000139443
-9.955958e-08,0.000136848
-9.945958e-08,0.000127119
-9.935958e-08,0.00011285
-9.925958e-08,9.46882e-05
-9.915958e-08,7.52296e-05
-9.905958e-08,5.77168e-05
-9.895958e-08,4.47444e-05
-9.885958e-08,3.6961e-05
-9.875958e-08,3.50151e-05
-9.865958e-08,3.82582e-05
-9.855958e-08,4.47444e-05
-9.845958e-08,5.18792e-05
-9.835958e-08,5.64196e-05
-9.825958e-08,5.83654e-05
-9.815958e-08,5.64196e-05
-9.805958e-08,5.0582e-05
-9.795958e-08,4.08527e-05
-9.785958e-08,2.91775e-05
-9.775958e-08,1.8151e-05
-9.765958e-08,9.0703e-06
-9.755958e-08,2.5841e-06
-9.745958e-08,-1.03779e-08
-9.735958e-08,1.28686e-06
-9.725958e-08,5.17858e-06
-9.715958e-08,1.16648e-05
-9.705958e-08,1.94482e-05
-9.695958e-08,2.72317e-05
-9.685958e-08,3.50151e-05
-9.675958e-08,4.27986e-05
-9.665958e-08,5.12306e-05
-9.655958e-08,6.16085e-05
-9.645958e-08,7.52296e-05
-9.635958e-08,9.20937e-05
-9.625958e-08,0.00011285
-9.615958e-08,0.000136848
-9.605958e-08,0.000161496
-9.595958e-08,0.000185495
-9.585958e-08,0.000207548
-9.575958e-08,0.000227007
-9.565958e-08,0.000241925
-9.555958e-08,0.000251654
-9.545958e-08,0.00025814
-9.535958e-08,0.000260735
-9.525958e-08,0.000261384
-9.515958e-08,0.000261384
-9.505958e-08,0.000262032
-9.495958e-08,0.000264627
-9.485958e-08,0.000268518
-9.475958e-08,0.00027241
-9.465958e-08,0.000275005
-9.455958e-08,0.000274356
-9.445958e-08,0.00026787
-9.435958e-08,0.000254249
-9.425958e-08,0.000233493
-9.415958e-08,0.000206251
-9.405958e-08,0.000174468
-9.395958e-08,0.000142037
-9.385958e-08,0.000111552
-9.375958e-08,8.62561e-05
-9.365958e-08,6.80947e-05
-9.355958e-08,5.77168e-05
-9.345958e-08,5.5771e-05
-9.335958e-08,6.16085e-05
-9.325958e-08,7.19865e-05
-9.315958e-08,8.23644e-05
-9.305958e-08,9.01478e-05
-9.295958e-08,9.33909e-05
-9.285958e-08,8.94992e-05
-9.275958e-08,7.7824e-05
-9.265958e-08,6.03113e-05
-9.255958e-08,4.02041e-05
-9.245958e-08,2.00968e-05
-9.235958e-08,1.93548e-06
-9.225958e-08,-1.10369e-05
-9.215958e-08,-1.68745e-05
-9.205958e-08,-1.55773e-05
-9.195958e-08,-7.1452e-06
-9.185958e-08,6.47582e-06
-9.175958e-08,2.33399e-05
-9.165958e-08,4.08527e-05
-9.155958e-08,5.70682e-05
-9.145958e-08,7.06892e-05
-9.135958e-08,8.17158e-05
-9.125958e-08,9.07964e-05
-9.115958e-08,9.85799e-05
-9.105958e-08,0.000108309
-9.095958e-08,0.000121282
-9.085958e-08,0.000138794
-9.075958e-08,0.000160847
-9.065958e-08,0.000186144
-9.055958e-08,0.000212088
-9.045958e-08,0.000236087
-9.035958e-08,0.000256195
-9.025958e-08,0.000269816
-9.015958e-08,0.00027695
-9.005958e-08,0.000277599
-8.995958e-08,0.00027241
-8.985958e-08,0.000263329
-8.975958e-08,0.000252951
-8.965958e-08,0.000242574
-8.955958e-08,0.000234141
-8.945958e-08,0.000228953
-8.935958e-08,0.000226358
-8.925958e-08,0.000223764
-8.915958e-08,0.00022052
-8.905958e-08,0.000213386
-8.895958e-08,0.000201062
-8.885958e-08,0.000182901
-8.875958e-08,0.000158902
-8.865958e-08,0.00013166
-8.855958e-08,0.000103769
-8.845958e-08,7.71754e-05
-8.835958e-08,5.51223e-05
-8.825958e-08,3.89068e-05
-8.815958e-08,3.04748e-05
-8.805958e-08,2.98261e-05
-8.795958e-08,3.50151e-05
-8.785958e-08,4.40958e-05
-8.775958e-08,5.44737e-05
-8.765958e-08,6.48516e-05
-8.755958e-08,7.19865e-05
-8.745958e-08,7.58782e-05
-8.735958e-08,7.65268e-05
-8.725958e-08,7.45809e-05
-8.715958e-08,7.26351e-05
-8.705958e-08,7.19865e-05
-8.695958e-08,7.65268e-05
-8.685958e-08,8.43102e-05
-8.675958e-08,9.59854e-05
-8.665958e-08,0.000109606
-8.655958e-08,0.00012193
-8.645958e-08,0.00013166
-8.635958e-08,0.000134254
-8.625958e-08,0.000129065
-8.615958e-08,0.000115444
-8.605958e-08,9.33909e-05
-8.595958e-08,6.61489e-05
-8.585958e-08,3.63124e-05
-8.575958e-08,7.77306e-06
-8.565958e-08,-1.55773e-05
-8.555958e-08,-3.11441e-05
-8.545958e-08,-3.76303e-05
-8.535958e-08,-3.37386e-05
-8.525958e-08,-2.07662e-05
-8.515958e-08,-1.95624e-06
-8.505958e-08,2.13941e-05
-8.495958e-08,4.60417e-05
-8.485958e-08,6.87434e-05
-8.475958e-08,8.75533e-05
-8.465958e-08,0.000100526
-8.455958e-08,0.000109606
-8.445958e-08,0.000114795
-8.435958e-08,0.000116741
-8.425958e-08,0.000118038
-8.415958e-08,0.000119336
-8.405958e-08,0.000122579
-8.395958e-08,0.000127119
-8.385958e-08,0.000132308
-8.375958e-08,0.000136848
-8.365958e-08,0.000138146
-8.355958e-08,0.000135551
-8.345958e-08,0.000127768
-8.335958e-08,0.000115444
-8.325958e-08,9.85799e-05
-8.315958e-08,7.91213e-05
-8.305958e-08,5.77168e-05
-8.295958e-08,3.82582e-05
-8.285958e-08,2.13941e-05
-8.275958e-08,7.12444e-06
-8.265958e-08,-3.9021e-06
-8.255958e-08,-1.10369e-05
-8.245958e-08,-1.62259e-05
-8.235958e-08,-2.27121e-05
-8.225958e-08,-2.98469e-05
-8.215958e-08,-4.02248e-05
-8.205958e-08,-5.25486e-05
-8.195958e-08,-6.74669e-05
-8.185958e-08,-8.30338e-05
-8.175958e-08,-9.73034e-05
-8.165958e-08,-0.000107681
-8.155958e-08,-0.00011287
-8.145958e-08,-0.000112222
-8.135958e-08,-0.000105087
-8.125958e-08,-9.21144e-05
-8.115958e-08,-7.58989e-05
-8.105958e-08,-5.77376e-05
-8.095958e-08,-3.89276e-05
-8.085958e-08,-2.20635e-05
-8.075958e-08,-9.09106e-06
-8.065958e-08,6.38242e-07
-8.055958e-08,7.12444e-06
-8.045958e-08,1.03675e-05
-8.035958e-08,1.16648e-05
-8.025958e-08,1.36106e-05
-8.015958e-08,1.68537e-05
-8.005958e-08,2.20427e-05
-7.995958e-08,2.85289e-05
-7.985958e-08,3.50151e-05
-7.975958e-08,4.27986e-05
-7.965958e-08,4.86361e-05
-7.955958e-08,5.31765e-05
-7.945958e-08,5.5771e-05
-7.935958e-08,5.77168e-05
-7.925958e-08,6.03113e-05
-7.915958e-08,6.35544e-05
-7.905958e-08,7.00406e-05
-7.895958e-08,8.04185e-05
-7.885958e-08,9.53368e-05
-7.875958e-08,0.000113498
-7.865958e-08,0.000132308
-7.855958e-08,0.000151118
-7.845958e-08,0.000166685
-7.835958e-08,0.000175766
-7.825958e-08,0.000177712
-7.815958e-08,0.000171874
-7.805958e-08,0.000158902
-7.795958e-08,0.00014074
-7.785958e-08,0.000119336
-7.775958e-08,9.72826e-05
-7.765958e-08,7.91213e-05
-7.755958e-08,6.55003e-05
-7.745958e-08,5.83654e-05
-7.735958e-08,5.83654e-05
-7.725958e-08,6.48516e-05
-7.715958e-08,7.58782e-05
-7.705958e-08,8.94992e-05
-7.695958e-08,0.000103769
-7.685958e-08,0.000116093
-7.675958e-08,0.000125822
-7.665958e-08,0.000132308
-7.655958e-08,0.0001362
-7.645958e-08,0.000138146
-7.635958e-08,0.000140092
-7.625958e-08,0.000142037
-7.615958e-08,0.000145929
-7.605958e-08,0.000151767
-7.595958e-08,0.000158902
-7.585958e-08,0.000167334
-7.575958e-08,0.000176414
-7.565958e-08,0.000184198
-7.555958e-08,0.000191333
-7.545958e-08,0.000197819
-7.535958e-08,0.000203008
-7.525958e-08,0.000208197
-7.515958e-08,0.00021598
-7.505958e-08,0.000227007
-7.495958e-08,0.000242574
-7.485958e-08,0.000262032
-7.475958e-08,0.000284085
-7.465958e-08,0.000308084
-7.455958e-08,0.000330786
-7.445958e-08,0.000348947
-7.435958e-08,0.000359974
-7.425958e-08,0.000362568
-7.415958e-08,0.000355433
-7.405958e-08,0.000339218
-7.395958e-08,0.000315219
-7.385958e-08,0.000285382
-7.375958e-08,0.000252951
-7.365958e-08,0.000221169
-7.355958e-08,0.00019263
-7.345958e-08,0.000168631
-7.335958e-08,0.000151767
-7.325958e-08,0.000141389
-7.315958e-08,0.000135551
-7.305958e-08,0.000132957
-7.295958e-08,0.00013166
-7.285958e-08,0.000128416
-7.275958e-08,0.00012193
-7.265958e-08,0.000112201
-7.255958e-08,9.92285e-05
-7.245958e-08,8.3013e-05
-7.235958e-08,6.48516e-05
-7.225958e-08,4.79875e-05
-7.215958e-08,3.37179e-05
-7.205958e-08,2.26913e-05
-7.195958e-08,1.49079e-05
-7.185958e-08,1.03675e-05
-7.175958e-08,9.71892e-06
-7.165958e-08,1.10162e-05
-7.155958e-08,1.2962e-05
-7.145958e-08,1.55565e-05
-7.135958e-08,1.94482e-05
-7.125958e-08,2.46372e-05
-7.115958e-08,3.04748e-05
-7.105958e-08,3.89068e-05
-7.095958e-08,5.18792e-05
-7.085958e-08,6.87434e-05
-7.075958e-08,8.94992e-05
-7.065958e-08,0.000113498
-7.055958e-08,0.000139443
-7.045958e-08,0.000165388
-7.035958e-08,0.000188738
-7.025958e-08,0.000206899
-7.015958e-08,0.000219223
-7.005958e-08,0.000223764
-6.995958e-08,0.00022052
-6.985958e-08,0.000210143
-6.975958e-08,0.000194576
-6.965958e-08,0.000175766
-6.955958e-08,0.00015501
-6.945958e-08,0.000133605
-6.935958e-08,0.000114795
-6.925958e-08,9.72826e-05
-6.915958e-08,8.23644e-05
-6.905958e-08,6.9392e-05
-6.895958e-08,5.77168e-05
-6.885958e-08,4.73389e-05
-6.875958e-08,3.76096e-05
-6.865958e-08,2.85289e-05
-6.855958e-08,2.07455e-05
-6.845958e-08,1.55565e-05
-6.835958e-08,1.2962e-05
-6.825958e-08,1.49079e-05
-6.815958e-08,2.13941e-05
-6.805958e-08,3.1772e-05
-6.795958e-08,4.40958e-05
-6.785958e-08,5.64196e-05
-6.775958e-08,6.74461e-05
-6.765958e-08,7.39323e-05
-6.755958e-08,7.45809e-05
-6.745958e-08,7.00406e-05
-6.735958e-08,6.03113e-05
-6.725958e-08,4.66903e-05
-6.715958e-08,3.11234e-05
-6.705958e-08,1.62051e-05
-6.695958e-08,4.52996e-06
-6.685958e-08,-1.95624e-06
-6.675958e-08,-1.95624e-06
-6.665958e-08,5.8272e-06
-6.655958e-08,2.07455e-05
-6.645958e-08,4.02041e-05
-6.635958e-08,6.29058e-05
-6.625958e-08,8.56075e-05
-6.615958e-08,0.000105715
-6.605958e-08,0.00012193
-6.595958e-08,0.00013166
-6.585958e-08,0.0001362
-6.575958e-08,0.000134903
-6.565958e-08,0.000129714
-6.555958e-08,0.000121282
-6.545958e-08,0.000110904
-6.535958e-08,9.98771e-05
-6.525958e-08,8.88506e-05
-6.515958e-08,7.84727e-05
-6.505958e-08,6.87434e-05
-6.495958e-08,6.03113e-05
-6.485958e-08,5.18792e-05
-6.475958e-08,4.47444e-05
-6.465958e-08,3.89068e-05
-6.455958e-08,3.50151e-05
-6.445958e-08,3.43665e-05
-6.435958e-08,3.82582e-05
-6.425958e-08,4.66903e-05
-6.415958e-08,5.96627e-05
-6.405958e-08,7.65268e-05
-6.395958e-08,9.53368e-05
-6.385958e-08,0.000114147
-6.375958e-08,0.000132308
-6.365958e-08,0.000145929
-6.355958e-08,0.000153713
-6.345958e-08,0.00015501
-6.335958e-08,0.000150469
-6.325958e-08,0.000140092
-6.315958e-08,0.000125822
-6.305958e-08,0.000109606
-6.295958e-08,9.46882e-05
-6.285958e-08,8.23644e-05
-6.275958e-08,7.32837e-05
-6.265958e-08,7.00406e-05
-6.255958e-08,7.13378e-05
-6.245958e-08,7.58782e-05
-6.235958e-08,8.17158e-05
-6.225958e-08,8.75533e-05
-6.215958e-08,9.14451e-05
-6.205958e-08,9.27423e-05
-6.195958e-08,9.14451e-05
-6.185958e-08,8.75533e-05
-6.175958e-08,8.36616e-05
-6.165958e-08,8.10671e-05
-6.155958e-08,8.10671e-05
-6.145958e-08,8.56075e-05
-6.135958e-08,9.46882e-05
-6.125958e-08,0.000108309
-6.115958e-08,0.000123227
-6.105958e-08,0.000138146
-6.095958e-08,0.000149821
-6.085958e-08,0.00015501
-6.075958e-08,0.000151118
-6.065958e-08,0.0001362
-6.055958e-08,0.000110255
-6.045958e-08,7.45809e-05
-6.035958e-08,3.11234e-05
-6.025958e-08,-1.62259e-05
-6.015958e-08,-6.42238e-05
-6.005958e-08,-0.000108979
-5.995958e-08,-0.000148544
-5.985958e-08,-0.000179678
-5.975958e-08,-0.000201731
-5.965958e-08,-0.000214704
-5.955958e-08,-0.000219244
-5.945958e-08,-0.000217298
-5.935958e-08,-0.000209515
-5.925958e-08,-0.00019784
-5.915958e-08,-0.00018357
-5.905958e-08,-0.000167354
-5.895958e-08,-0.000149842
-5.885958e-08,-0.00013168
-5.875958e-08,-0.000112222
-5.865958e-08,-9.27631e-05
-5.855958e-08,-7.26558e-05
-5.845958e-08,-5.38459e-05
-5.835958e-08,-3.76303e-05
-5.825958e-08,-2.40093e-05
-5.815958e-08,-1.428e-05
-5.805958e-08,-8.44244e-06
-5.795958e-08,-7.1452e-06
-5.785958e-08,-8.44244e-06
-5.775958e-08,-1.03883e-05
-5.765958e-08,-1.16855e-05
-5.755958e-08,-1.10369e-05
-5.745958e-08,-6.49658e-06
-5.735958e-08,1.28686e-06
-5.725958e-08,1.36106e-05
-5.715958e-08,2.78803e-05
-5.705958e-08,4.27986e-05
-5.695958e-08,5.64196e-05
-5.685958e-08,6.61489e-05
-5.675958e-08,7.00406e-05
-5.665958e-08,6.74461e-05
-5.655958e-08,5.96627e-05
-5.645958e-08,4.73389e-05
-5.635958e-08,3.11234e-05
-5.625958e-08,1.49079e-05
-5.615958e-08,1.93548e-06
-5.605958e-08,-7.1452e-06
-5.595958e-08,-1.10369e-05
-5.585958e-08,-8.44244e-06
-5.575958e-08,-1.03779e-08
-5.565958e-08,1.36106e-05
-5.555958e-08,3.04748e-05
-5.545958e-08,4.79875e-05
-5.535958e-08,6.55003e-05
-5.525958e-08,8.10671e-05
-5.515958e-08,9.40395e-05
-5.505958e-08,0.000103769
-5.495958e-08,0.000111552
-5.485958e-08,0.000118038
-5.475958e-08,0.000123227
-5.465958e-08,0.000128416
-5.455958e-08,0.000134254
-5.445958e-08,0.000140092
-5.435958e-08,0.000145929
-5.425958e-08,0.000151767
-5.415958e-08,0.000156956
-5.405958e-08,0.000160847
-5.395958e-08,0.000163442
-5.385958e-08,0.000164091
-5.375958e-08,0.000165388
-5.365958e-08,0.000166685
-5.355958e-08,0.000169279
-5.345958e-08,0.000173171
-5.335958e-08,0.000177712
-5.325958e-08,0.000182901
-5.315958e-08,0.000188089
-5.305958e-08,0.000190684
-5.295958e-08,0.000190684
-5.285958e-08,0.000184198
-5.275958e-08,0.000171874
-5.265958e-08,0.000152415
-5.255958e-08,0.000127768
-5.245958e-08,9.92285e-05
-5.235958e-08,6.74461e-05
-5.225958e-08,3.63124e-05
-5.215958e-08,7.77306e-06
-5.205958e-08,-1.62259e-05
-5.195958e-08,-3.43872e-05
-5.185958e-08,-4.60624e-05
-5.175958e-08,-5.06027e-05
-5.165958e-08,-4.99541e-05
-5.155958e-08,-4.54138e-05
-5.145958e-08,-3.89276e-05
-5.135958e-08,-3.24414e-05
-5.125958e-08,-2.66038e-05
-5.115958e-08,-2.27121e-05
-5.105958e-08,-2.01176e-05
-5.095958e-08,-1.9469e-05
-5.085958e-08,-1.88204e-05
-5.075958e-08,-1.68745e-05
-5.065958e-08,-1.29828e-05
-5.055958e-08,-6.49658e-06
-5.045958e-08,1.93548e-06
-5.035958e-08,1.16648e-05
-5.025958e-08,2.26913e-05
-5.015958e-08,3.30692e-05
-5.005958e-08,4.27986e-05
-4.995958e-08,5.0582e-05
-4.985958e-08,5.51223e-05
-4.975958e-08,5.77168e-05
-4.965958e-08,5.90141e-05
-4.955958e-08,5.90141e-05
-4.945958e-08,5.90141e-05
-4.935958e-08,5.96627e-05
-4.925958e-08,6.16085e-05
-4.915958e-08,6.29058e-05
-4.905958e-08,6.48516e-05
-4.895958e-08,6.48516e-05
-4.885958e-08,6.35544e-05
-4.875958e-08,5.90141e-05
-4.865958e-08,5.25279e-05
-4.855958e-08,4.34472e-05
-4.845958e-08,3.24206e-05
-4.835958e-08,2.00968e-05
-4.825958e-08,7.77306e-06
-4.815958e-08,-2.60486e-06
-4.805958e-08,-1.10369e-05
-4.795958e-08,-1.75231e-05
-4.785958e-08,-2.20635e-05
-4.775958e-08,-2.40093e-05
-4.765958e-08,-2.59552e-05
-4.755958e-08,-2.7901e-05
-4.745958e-08,-3.17928e-05
-4.735958e-08,-3.69817e-05
-4.725958e-08,-4.41165e-05
-4.715958e-08,-5.12514e-05
-4.705958e-08,-5.7089e-05
-4.695958e-08,-5.90348e-05
-4.685958e-08,-5.64403e-05
-4.675958e-08,-4.73596e-05
-4.665958e-08,-3.04955e-05
-4.655958e-08,-7.1452e-06
-4.645958e-08,2.13941e-05
-4.635958e-08,5.31765e-05
-4.625958e-08,8.43102e-05
-4.615958e-08,0.00011285
-4.605958e-08,0.000134903
-4.595958e-08,0.000147875
-4.585958e-08,0.000151767
-4.575958e-08,0.000147226
-4.565958e-08,0.000134903
-4.555958e-08,0.000118687
-4.545958e-08,9.98771e-05
-4.535958e-08,8.36616e-05
-4.525958e-08,7.06892e-05
-4.515958e-08,6.35544e-05
-4.505958e-08,6.29058e-05
-4.495958e-08,6.87434e-05
-4.485958e-08,7.97699e-05
-4.475958e-08,9.40395e-05
-4.465958e-08,0.000110255
-4.455958e-08,0.000125822
-4.445958e-08,0.000139443
-4.435958e-08,0.000150469
-4.425958e-08,0.00015955
-4.415958e-08,0.000166685
-4.405958e-08,0.000173171
-4.395958e-08,0.000180955
-4.385958e-08,0.000190035
-4.375958e-08,0.00020171
-4.365958e-08,0.000214683
-4.355958e-08,0.000228304
-4.345958e-08,0.000241276
-4.335958e-08,0.000252303
-4.325958e-08,0.000258789
-4.315958e-08,0.000258789
-4.305958e-08,0.000252951
-4.295958e-08,0.000240628
-4.285958e-08,0.000223115
-4.275958e-08,0.00020171
-4.265958e-08,0.000177712
-4.255958e-08,0.000153713
-4.245958e-08,0.000129714
-4.235958e-08,0.000107012
-4.225958e-08,8.62561e-05
-4.215958e-08,6.74461e-05
-4.205958e-08,4.92848e-05
-4.195958e-08,3.1772e-05
-4.185958e-08,1.42593e-05
-4.175958e-08,-4.55072e-06
-4.165958e-08,-2.27121e-05
-4.155958e-08,-4.15221e-05
-4.145958e-08,-5.83862e-05
-4.135958e-08,-7.26558e-05
-4.125958e-08,-8.36824e-05
-4.115958e-08,-9.01686e-05
-4.105958e-08,-9.14658e-05
-4.095958e-08,-8.62769e-05
-4.085958e-08,-7.65476e-05
-4.075958e-08,-6.29265e-05
-4.065958e-08,-4.73596e-05
-4.055958e-08,-3.04955e-05
-4.045958e-08,-1.428e-05
-4.035958e-08,6.38242e-07
-4.025958e-08,1.36106e-05
-4.015958e-08,2.39886e-05
-4.005958e-08,3.1772e-05
-3.995958e-08,3.56637e-05
-3.985958e-08,3.6961e-05
-3.975958e-08,3.63124e-05
-3.965958e-08,3.30692e-05
-3.955958e-08,2.78803e-05
-3.945958e-08,2.07455e-05
-3.935958e-08,1.16648e-05
-3.925958e-08,6.38242e-07
-3.915958e-08,-1.16855e-05
-3.905958e-08,-2.33607e-05
-3.895958e-08,-3.43872e-05
-3.885958e-08,-4.34679e-05
-3.875958e-08,-4.93055e-05
-3.865958e-08,-5.12514e-05
-3.855958e-08,-4.86569e-05
-3.845958e-08,-4.15221e-05
-3.835958e-08,-3.04955e-05
-3.825958e-08,-1.75231e-05
-3.815958e-08,-3.9021e-06
-3.805958e-08,9.0703e-06
-3.795958e-08,2.00968e-05
-3.785958e-08,2.85289e-05
-3.775958e-08,3.24206e-05
-3.765958e-08,3.1772e-05
-3.755958e-08,2.6583e-05
-3.745958e-08,1.87996e-05
-3.735958e-08,1.03675e-05
-3.725958e-08,2.5841e-06
-3.715958e-08,-3.25348e-06
-3.705958e-08,-5.84796e-06
-3.695958e-08,-5.19934e-06
-3.685958e-08,-1.30762e-06
-3.675958e-08,5.8272e-06
-3.665958e-08,1.49079e-05
-3.655958e-08,2.39886e-05
-3.645958e-08,3.30692e-05
-3.635958e-08,4.08527e-05
-3.625958e-08,4.60417e-05
-3.615958e-08,5.0582e-05
-3.605958e-08,5.44737e-05
-3.595958e-08,5.77168e-05
-3.585958e-08,6.16085e-05
-3.575958e-08,6.61489e-05
-3.565958e-08,7.13378e-05
-3.555958e-08,7.65268e-05
-3.545958e-08,8.10671e-05
-3.535958e-08,8.49589e-05
-3.525958e-08,8.56075e-05
-3.515958e-08,8.23644e-05
-3.505958e-08,7.52296e-05
-3.495958e-08,6.35544e-05
-3.485958e-08,4.92848e-05
-3.475958e-08,3.24206e-05
-3.465958e-08,1.55565e-05
-3.455958e-08,6.38242e-07
-3.445958e-08,-1.23342e-05
-3.435958e-08,-2.14148e-05
-3.425958e-08,-2.66038e-05
-3.415958e-08,-2.72524e-05
-3.405958e-08,-2.40093e-05
-3.395958e-08,-1.9469e-05
-3.385958e-08,-1.36314e-05
-3.375958e-08,-8.44244e-06
-3.365958e-08,-4.55072e-06
-3.355958e-08,-1.95624e-06
-3.345958e-08,-1.95624e-06
-3.335958e-08,-3.9021e-06
-3.325958e-08,-6.49658e-06
-3.315958e-08,-1.03883e-05
-3.305958e-08,-1.49286e-05
-3.295958e-08,-1.88204e-05
-3.285958e-08,-2.20635e-05
-3.275958e-08,-2.53066e-05
-3.265958e-08,-2.72524e-05
-3.255958e-08,-2.91983e-05
-3.245958e-08,-3.17928e-05
-3.235958e-08,-3.43872e-05
-3.225958e-08,-3.69817e-05
-3.215958e-08,-3.76303e-05
-3.205958e-08,-3.8279e-05
-3.195958e-08,-3.63331e-05
-3.185958e-08,-3.37386e-05
-3.175958e-08,-2.85497e-05
-3.165958e-08,-2.14148e-05
-3.155958e-08,-1.49286e-05
-3.145958e-08,-8.44244e-06
-3.135958e-08,-5.19934e-06
-3.125958e-08,-4.55072e-06
-3.115958e-08,-7.79382e-06
-3.105958e-08,-1.55773e-05
-3.095958e-08,-2.66038e-05
-3.085958e-08,-3.95762e-05
-3.075958e-08,-5.25486e-05
-3.065958e-08,-6.42238e-05
-3.055958e-08,-7.13586e-05
-3.045958e-08,-7.26558e-05
-3.035958e-08,-6.68183e-05
-3.025958e-08,-5.38459e-05
-3.015958e-08,-3.43872e-05
-3.005958e-08,-1.03883e-05
-2.995958e-08,1.62051e-05
-2.985958e-08,4.34472e-05
-2.975958e-08,7.00406e-05
-2.965958e-08,9.40395e-05
-2.955958e-08,0.000114147
-2.945958e-08,0.000129065
-2.935958e-08,0.000138794
-2.925958e-08,0.000143335
-2.915958e-08,0.000144632
-2.905958e-08,0.000143335
-2.895958e-08,0.000140092
-2.885958e-08,0.0001362
-2.875958e-08,0.00013166
-2.865958e-08,0.000127119
-2.855958e-08,0.000122579
-2.845958e-08,0.000118687
-2.835958e-08,0.000114147
-2.825958e-08,0.000109606
-2.815958e-08,0.000106363
-2.805958e-08,0.000103769
-2.795958e-08,0.000102472
-2.785958e-08,0.000101823
-2.775958e-08,0.000102472
-2.765958e-08,0.000103769
-2.755958e-08,0.000103769
-2.745958e-08,0.000102472
-2.735958e-08,9.85799e-05
-2.725958e-08,9.20937e-05
-2.715958e-08,8.17158e-05
-2.705958e-08,6.87434e-05
-2.695958e-08,5.44737e-05
-2.685958e-08,3.89068e-05
-2.675958e-08,2.39886e-05
-2.665958e-08,1.10162e-05
-2.655958e-08,2.5841e-06
-2.645958e-08,-1.95624e-06
-2.635958e-08,-1.30762e-06
-2.625958e-08,3.23272e-06
-2.615958e-08,1.23134e-05
-2.605958e-08,2.33399e-05
-2.595958e-08,3.43665e-05
-2.585958e-08,4.5393e-05
-2.575958e-08,5.44737e-05
-2.565958e-08,6.09599e-05
-2.555958e-08,6.4203e-05
-2.545958e-08,6.48516e-05
-2.535958e-08,6.35544e-05
-2.525958e-08,6.16085e-05
-2.515958e-08,5.96627e-05
-2.505958e-08,5.90141e-05
-2.495958e-08,6.09599e-05
-2.485958e-08,6.55003e-05
-2.475958e-08,7.19865e-05
-2.465958e-08,7.97699e-05
-2.455958e-08,8.8202e-05
-2.445958e-08,9.6634e-05
-2.435958e-08,0.00010312
-2.425958e-08,0.000106363
-2.415958e-08,0.000107661
-2.405958e-08,0.000105715
-2.395958e-08,0.000101823
-2.385958e-08,9.6634e-05
-2.375958e-08,9.07964e-05
-2.365958e-08,8.49589e-05
-2.355958e-08,7.84727e-05
-2.345958e-08,7.26351e-05
-2.335958e-08,6.67975e-05
-2.325958e-08,6.09599e-05
-2.315958e-08,5.5771e-05
-2.305958e-08,5.0582e-05
-2.295958e-08,4.5393e-05
-2.285958e-08,4.08527e-05
-2.275958e-08,3.76096e-05
-2.265958e-08,3.50151e-05
-2.255958e-08,3.50151e-05
-2.245958e-08,3.76096e-05
-2.235958e-08,4.27986e-05
-2.225958e-08,4.99334e-05
-2.215958e-08,5.96627e-05
-2.205958e-08,7.13378e-05
-2.195958e-08,8.36616e-05
-2.185958e-08,9.6634e-05
-2.175958e-08,0.000108309
-2.165958e-08,0.000118687
-2.155958e-08,0.000127119
-2.145958e-08,0.000133605
-2.135958e-08,0.000137497
-2.125958e-08,0.000140092
-2.115958e-08,0.000141389
-2.105958e-08,0.000142686
-2.095958e-08,0.000143983
-2.085958e-08,0.000145929
-2.075958e-08,0.000147875
-2.065958e-08,0.000149172
-2.055958e-08,0.000151118
-2.045958e-08,0.000152415
-2.035958e-08,0.000153064
-2.025958e-08,0.000152415
-2.015958e-08,0.000150469
-2.005958e-08,0.000148524
-1.995958e-08,0.000145929
-1.985958e-08,0.000143983
-1.975958e-08,0.000143335
-1.965958e-08,0.000143983
-1.955958e-08,0.000144632
-1.945958e-08,0.000145929
-1.935958e-08,0.000147875
-1.925958e-08,0.000149821
-1.915958e-08,0.000151118
-1.905958e-08,0.000151118
-1.895958e-08,0.000150469
-1.885958e-08,0.000149172
-1.875958e-08,0.000146578
-1.865958e-08,0.000142686
-1.855958e-08,0.000140092
-1.845958e-08,0.000138146
-1.835958e-08,0.000137497
-1.825958e-08,0.000138794
-1.815958e-08,0.000142037
-1.805958e-08,0.000147226
-1.795958e-08,0.000153713
-1.785958e-08,0.000160847
-1.775958e-08,0.000167982
-1.765958e-08,0.000173171
-1.755958e-08,0.000175766
-1.745958e-08,0.000176414
-1.735958e-08,0.000174468
-1.725958e-08,0.000169928
-1.715958e-08,0.000162145
-1.705958e-08,0.000151767
-1.695958e-08,0.000140092
-1.685958e-08,0.000127768
-1.675958e-08,0.000115444
-1.665958e-08,0.000103769
-1.655958e-08,9.40395e-05
-1.645958e-08,8.69047e-05
-1.635958e-08,8.23644e-05
-1.625958e-08,7.91213e-05
-1.615958e-08,7.91213e-05
-1.605958e-08,8.10671e-05
-1.595958e-08,8.49589e-05
-1.585958e-08,9.07964e-05
-1.575958e-08,9.72826e-05
-1.565958e-08,0.000104417
-1.555958e-08,0.000110904
-1.545958e-08,0.00011739
-1.535958e-08,0.00012193
-1.525958e-08,0.000124525
-1.515958e-08,0.000123876
-1.505958e-08,0.000120633
-1.495958e-08,0.000114795
-1.485958e-08,0.000105715
-1.475958e-08,9.46882e-05
-1.465958e-08,8.17158e-05
-1.455958e-08,6.74461e-05
-1.445958e-08,5.25279e-05
-1.435958e-08,3.89068e-05
-1.425958e-08,2.78803e-05
-1.415958e-08,1.94482e-05
-1.405958e-08,1.42593e-05
-1.395958e-08,1.23134e-05
-1.385958e-08,1.23134e-05
-1.375958e-08,1.49079e-05
-1.365958e-08,1.94482e-05
-1.355958e-08,2.52858e-05
-1.345958e-08,3.1772e-05
-1.335958e-08,3.76096e-05
-1.325958e-08,4.40958e-05
-1.315958e-08,4.92848e-05
-1.305958e-08,5.51223e-05
-1.295958e-08,6.09599e-05
-1.285958e-08,6.74461e-05
-1.275958e-08,7.45809e-05
-1.265958e-08,8.3013e-05
-1.255958e-08,9.27423e-05
-1.245958e-08,0.000104417
-1.235958e-08,0.000116093
-1.225958e-08,0.000128416
-1.215958e-08,0.000140092
-1.205958e-08,0.000150469
-1.195958e-08,0.000158902
-1.185958e-08,0.000164739
-1.175958e-08,0.000168631
-1.165958e-08,0.000170577
-1.155958e-08,0.000169279
-1.145958e-08,0.000165388
-1.135958e-08,0.00015955
-1.125958e-08,0.000151118
-1.115958e-08,0.00014074
-1.105958e-08,0.000128416
-1.095958e-08,0.000114795
-1.085958e-08,0.000101174
-1.075958e-08,8.69047e-05
-1.065958e-08,7.39323e-05
-1.055958e-08,6.22572e-05
-1.045958e-08,5.25279e-05
-1.035958e-08,4.40958e-05
-1.025958e-08,3.89068e-05
-1.015958e-08,3.56637e-05
-1.005958e-08,3.50151e-05
-9.95958e-09,3.56637e-05
-9.85958e-09,3.82582e-05
-9.75958e-09,4.08527e-05
-9.65958e-09,4.40958e-05
-9.55958e-09,4.66903e-05
-9.45958e-09,4.86361e-05
-9.35958e-09,4.99334e-05
-9.25958e-09,4.99334e-05
-9.15958e-09,4.99334e-05
-9.05958e-09,5.0582e-05
-8.95958e-09,5.18792e-05
-8.85958e-09,5.51223e-05
-8.75958e-09,5.96627e-05
-8.65958e-09,6.48516e-05
-8.55958e-09,7.13378e-05
-8.45958e-09,7.84727e-05
-8.35958e-09,8.49589e-05
-8.25958e-09,9.01478e-05
-8.15958e-09,9.33909e-05
-8.05958e-09,9.53368e-05
-7.95958e-09,9.46882e-05
-7.85958e-09,9.27423e-05
-7.75958e-09,8.88506e-05
-7.65958e-09,8.43102e-05
-7.55958e-09,7.97699e-05
-7.45958e-09,7.58782e-05
-7.35958e-09,7.32837e-05
-7.25958e-09,7.13378e-05
-7.15958e-09,7.00406e-05
-7.05958e-09,6.9392e-05
-6.95958e-09,6.74461e-05
-6.85958e-09,6.55003e-05
-6.75958e-09,6.09599e-05
-6.65958e-09,5.51223e-05
-6.55958e-09,4.79875e-05
-6.45958e-09,3.76096e-05
-6.35958e-09,2.46372e-05
-6.25958e-09,9.71892e-06
-6.15958e-09,-6.49658e-06
-6.05958e-09,-2.33607e-05
-5.95958e-09,-4.08734e-05
-5.85958e-09,-5.77376e-05
-5.75958e-09,-7.26558e-05
-5.65958e-09,-8.49796e-05
-5.55958e-09,-9.47089e-05
-5.45958e-09,-0.000101195
-5.35958e-09,-0.000103141
-5.25958e-09,-0.000100547
-5.15958e-09,-9.40603e-05
-5.05958e-09,-8.36824e-05
-4.95958e-09,-6.94127e-05
-4.85958e-09,-5.12514e-05
-4.75958e-09,-3.11441e-05
-4.65958e-09,-7.79382e-06
-4.55958e-09,1.62051e-05
-4.45958e-09,4.02041e-05
-4.35958e-09,6.29058e-05
-4.25958e-09,8.17158e-05
-4.15958e-09,9.72826e-05
-4.05958e-09,0.000108309
-3.95958e-09,0.000114147
-3.85958e-09,0.000113498
-3.75958e-09,0.000108309
-3.65958e-09,9.79313e-05
-3.55958e-09,8.23644e-05
-3.45958e-09,6.4203e-05
-3.35958e-09,4.40958e-05
-3.25958e-09,2.26913e-05
-3.15958e-09,6.38242e-07
-3.05958e-09,-2.14148e-05
-2.95958e-09,-4.28193e-05
-2.85958e-09,-6.42238e-05
-2.75958e-09,-8.49796e-05
-2.65958e-09,-0.000105735
-2.55958e-09,-0.000127789
-2.45958e-09,-0.000151787
-2.35958e-09,-0.000177732
-2.25958e-09,-0.000206272
-2.15958e-09,-0.000237405
-2.05958e-09,-0.000271134
-1.95958e-09,-0.000307456
-1.85958e-09,-0.000345076
-1.75958e-09,-0.000384642
-1.65958e-09,-0.000424208
-1.55958e-09,-0.000465071
-1.45958e-09,-0.000506583
-1.35958e-09,-0.000549392
-1.25958e-09,-0.000594795
-1.15958e-09,-0.000643442
-1.05958e-09,-0.000697277
-9.595799e-10,-0.00075695
-8.595799e-10,-0.000823109
-7.595799e-10,-0.000896403
-6.595799e-10,-0.00097813
-5.595799e-10,-0.00106764
-4.595799e-10,-0.00116428
-3.595799e-10,-0.00126677
-2.595799e-10,-0.00137314
-1.595799e-10,-0.00148211
-5.957991e-11,-0.00159172
4.042009e-11,-0.00170004
1.404201e-10,-0.00180512
2.404201e-10,-0.00190371
3.404201e-10,-0.00199517
4.404201e-10,-0.00207819
5.404201e-10,-0.00215148
6.404201e-10,-0.00221635
7.404201e-10,-0.00227213
8.404201e-10,-0.00232012
9.404201e-10,-0.00236034
1.04042e-09,-0.00239536
1.14042e-09,-0.00242585
1.24042e-09,-0.00245439
1.34042e-09,-0.00248293
1.44042e-09,-0.00251341
1.54042e-09,-0.00254584
1.64042e-09,-0.00258087
1.74042e-09,-0.00261849
1.84042e-09,-0.00265806
1.94042e-09,-0.00269892
2.04042e-09,-0.00273848
2.14042e-09,-0.00277416
2.24042e-09,-0.00280464
2.34042e-09,-0.00282799
2.44042e-09,-0.00284226
2.54042e-09,-0.00284745
2.64042e-09,-0.00284162
2.74042e-09,-0.00282605
2.84042e-09,-0.00280205
2.94042e-09,-0.00277092
3.04042e-09,-0.00273394
3.14042e-09,-0.00269373
3.24042e-09,-0.00265222
3.34042e-09,-0.00261006
3.44042e-09,-0.00256919
3.54042e-09,-0.00253028
3.64042e-09,-0.00249395
3.74042e-09,-0.00246023
3.84042e-09,-0.00242974
3.94042e-09,-0.00240055
4.04042e-09,-0.00237331
4.14042e-09,-0.00234542
4.24042e-09,-0.00231883
4.34042e-09,-0.00229159
4.44042e-09,-0.00226434
4.54042e-09,-0.00223516
4.64042e-09,-0.00220337
4.74042e-09,-0.00217029
4.84042e-09,-0.00213527
4.94042e-09,-0.00209959
5.04042e-09,-0.00206327
5.14042e-09,-0.00202825
5.24042e-09,-0.00199452
5.34042e-09,-0.00196403
5.44042e-09,-0.00193614
5.54042e-09,-0.00191279
5.64042e-09,-0.00189268
5.74042e-09,-0.00187517
5.84042e-09,-0.00185831
5.94042e-09,-0.00184015
6.04042e-09,-0.00182069
6.14042e-09,-0.00179799
6.24042e-09,-0.00177009
6.34042e-09,-0.00173766
6.44042e-09,-0.00170069
6.54042e-09,-0.00165983
6.64042e-09,-0.00161637
6.74042e-09,-0.00157227
6.84042e-09,-0.00152881
6.94042e-09,-0.0014873
7.04042e-09,-0.00144903
7.14042e-09,-0.001414
7.24042e-09,-0.00138287
7.34042e-09,-0.00135433
7.44042e-09,-0.00132838
7.54042e-09,-0.00130374
7.64042e-09,-0.00127974
7.74042e-09,-0.00125509
7.84042e-09,-0.00123044
7.94042e-09,-0.00120515
8.04042e-09,-0.00118115
8.14042e-09,-0.00115845
8.24042e-09,-0.00113769
8.34042e-09,-0.00111953
8.44042e-09,-0.00110331
8.54042e-09,-0.00108839
8.64042e-09,-0.00107477
8.74042e-09,-0.0010605
8.84042e-09,-0.00104559
8.94042e-09,-0.00102742
9.04042e-09,-0.00100602
9.14042e-09,-0.000980724
9.24042e-09,-0.000952185
9.34042e-09,-0.000921051
9.44042e-09,-0.000887323
9.54042e-09,-0.000854243
9.64042e-09,-0.000821812
9.74042e-09,-0.000792624
9.84042e-09,-0.000766679
9.94042e-09,-0.000745924
1.004042e-08,-0.000730357
1.014042e-08,-0.000720627
1.024042e-08,-0.000716087
1.034042e-08,-0.000715438
1.044042e-08,-0.000718682
1.054042e-08,-0.000724519
1.064042e-08,-0.000732303
1.074042e-08,-0.000740735
1.084042e-08,-0.000750464
1.094042e-08,-0.000759545
1.104042e-08,-0.000767328
1.114042e-08,-0.000773166
1.124042e-08,-0.000778355
1.134042e-08,-0.000780949
1.144042e-08,-0.0007803
1.154042e-08,-0.000777706
1.164042e-08,-0.000771868
1.174042e-08,-0.000763436
1.184042e-08,-0.000753058
1.194042e-08,-0.000740735
1.204042e-08,-0.000729059
1.214042e-08,-0.000718033
1.224042e-08,-0.000710249
1.234042e-08,-0.000705709
1.244042e-08,-0.000704412
1.254042e-08,-0.000707006
1.264042e-08,-0.000711547
1.274042e-08,-0.000718033
1.284042e-08,-0.00072387
1.294042e-08,-0.000727114
1.304042e-08,-0.000727114
1.314042e-08,-0.000723222
1.324042e-08,-0.000714141
1.334042e-08,-0.000699872
1.344042e-08,-0.000681062
1.354042e-08,-0.00065836
1.364042e-08,-0.000633712
1.374042e-08,-0.000607767
1.384042e-08,-0.000582471
1.394042e-08,-0.000557175
1.404042e-08,-0.000533825
1.414042e-08,-0.00051242
1.424042e-08,-0.000491664
1.434042e-08,-0.000471557
1.444042e-08,-0.000452099
1.454042e-08,-0.00043264
1.464042e-08,-0.00041383
1.474042e-08,-0.000395669
1.484042e-08,-0.00038075
1.494042e-08,-0.000367778
1.504042e-08,-0.000358049
1.514042e-08,-0.00035286
1.524042e-08,-0.000350914
1.534042e-08,-0.000353508
1.544042e-08,-0.000358697
1.554042e-08,-0.000366481
1.564042e-08,-0.00037621
1.574042e-08,-0.000385939
1.584042e-08,-0.000395669
1.594042e-08,-0.000403452
1.604042e-08,-0.000410587
1.614042e-08,-0.000417073
1.624042e-08,-0.000422262
1.634042e-08,-0.000426154
1.644042e-08,-0.000428748
1.654042e-08,-0.000430694
1.664042e-08,-0.000430046
1.674042e-08,-0.000426802
1.684042e-08,-0.000420965
1.694042e-08,-0.000411236
1.704042e-08,-0.000398263
1.714042e-08,-0.000382696
1.724042e-08,-0.000363886
1.734042e-08,-0.000343779
1.744042e-08,-0.00032432
1.754042e-08,-0.00030551
1.764042e-08,-0.000288646
1.774042e-08,-0.000275674
1.784042e-08,-0.000265945
1.794042e-08,-0.000260756
1.804042e-08,-0.000259458
1.814042e-08,-0.000260756
1.824042e-08,-0.00026335
1.834042e-08,-0.000265945
1.844042e-08,-0.000267891
1.854042e-08,-0.000269188
1.864042e-08,-0.000267891
1.874042e-08,-0.000265296
1.884042e-08,-0.000261404
1.894042e-08,-0.000256864
1.904042e-08,-0.000252324
1.914042e-08,-0.000248432
1.924042e-08,-0.00024454
1.934042e-08,-0.000241297
1.944042e-08,-0.000237405
1.954042e-08,-0.000232865
1.964042e-08,-0.000227676
1.974042e-08,-0.000219893
1.984042e-08,-0.000211461
1.994042e-08,-0.000201731
2.004042e-08,-0.000193299
2.014042e-08,-0.000186164
2.024042e-08,-0.000181624
2.034042e-08,-0.000181624
2.044042e-08,-0.000187462
2.054042e-08,-0.000198488
2.064042e-08,-0.000214704
2.074042e-08,-0.000235459
2.084042e-08,-0.000259458
2.094042e-08,-0.000283457
2.104042e-08,-0.000304862
2.114042e-08,-0.000322375
2.124042e-08,-0.000334698
2.134042e-08,-0.000340536
2.144042e-08,-0.000340536
2.154042e-08,-0.000335347
2.164042e-08,-0.000326266
2.174042e-08,-0.000314591
2.184042e-08,-0.000302267
2.194042e-08,-0.000289944
2.204042e-08,-0.00027762
2.214042e-08,-0.000266593
2.224042e-08,-0.000255567
2.234042e-08,-0.00024454
2.244042e-08,-0.000232865
2.254042e-08,-0.000219244
2.264042e-08,-0.000203028
2.274042e-08,-0.000185516
2.284042e-08,-0.000168003
2.294042e-08,-0.00015049
2.304042e-08,-0.000134275
2.314042e-08,-0.000119356
2.324042e-08,-0.000107033
2.334042e-08,-9.73034e-05
2.344042e-08,-9.01686e-05
2.354042e-08,-8.4331e-05
2.364042e-08,-7.9142e-05
2.374042e-08,-7.52503e-05
2.384042e-08,-7.00614e-05
2.394042e-08,-6.35752e-05
2.404042e-08,-5.7089e-05
2.414042e-08,-5.12514e-05
2.424042e-08,-4.60624e-05
2.434042e-08,-4.34679e-05
2.444042e-08,-4.34679e-05
2.454042e-08,-4.6711e-05
2.464042e-08,-5.44945e-05
2.474042e-08,-6.5521e-05
2.484042e-08,-7.97907e-05
2.494042e-08,-9.60062e-05
2.504042e-08,-0.00011287
2.514042e-08,-0.000128437
2.524042e-08,-0.000142707
2.534042e-08,-0.000155031
2.544042e-08,-0.000164111
2.554042e-08,-0.000171895
2.564042e-08,-0.000177732
2.574042e-08,-0.000182921
2.584042e-08,-0.000187462
2.594042e-08,-0.000192002
2.604042e-08,-0.00019784
2.614042e-08,-0.000204326
2.624042e-08,-0.000210812
2.634042e-08,-0.000216001
2.644042e-08,-0.00022119
2.654042e-08,-0.000224433
2.664042e-08,-0.00022573
2.674042e-08,-0.000224433
2.684042e-08,-0.000221838
2.694042e-08,-0.00021665
2.704042e-08,-0.000208217
2.714042e-08,-0.00019784
2.724042e-08,-0.000184867
2.734042e-08,-0.000169949
2.744042e-08,-0.000152436
2.754042e-08,-0.000132329
2.764042e-08,-0.000111573
2.774042e-08,-8.952e-05
2.784042e-08,-6.68183e-05
2.794042e-08,-4.60624e-05
2.804042e-08,-2.91983e-05
2.814042e-08,-1.68745e-05
2.824042e-08,-1.03883e-05
2.834042e-08,-1.03883e-05
2.844042e-08,-1.81717e-05
2.854042e-08,-3.17928e-05
2.864042e-08,-4.99541e-05
2.874042e-08,-7.00614e-05
2.884042e-08,-9.01686e-05
2.894042e-08,-0.000106384
2.904042e-08,-0.000116113
2.914042e-08,-0.000118059
2.924042e-08,-0.000110276
2.934042e-08,-9.40603e-05
2.944042e-08,-7.00614e-05
2.954042e-08,-4.15221e-05
2.964042e-08,-1.23342e-05
2.974042e-08,1.49079e-05
2.984042e-08,3.6961e-05
2.994042e-08,5.0582e-05
3.004042e-08,5.51223e-05
3.014042e-08,5.12306e-05
3.024042e-08,4.02041e-05
3.034042e-08,2.33399e-05
3.044042e-08,4.52996e-06
3.054042e-08,-1.36314e-05
3.064042e-08,-2.7901e-05
3.074042e-08,-3.69817e-05
3.084042e-08,-4.02248e-05
3.094042e-08,-3.69817e-05
3.104042e-08,-2.85497e-05
3.114042e-08,-1.62259e-05
3.124042e-08,-3.25348e-06
3.134042e-08,9.0703e-06
3.144042e-08,2.00968e-05
3.154042e-08,2.85289e-05
3.164042e-08,3.37179e-05
3.174042e-08,3.50151e-05
3.184042e-08,3.43665e-05
3.194042e-08,3.11234e-05
3.204042e-08,2.59344e-05
3.214042e-08,2.00968e-05
3.224042e-08,1.36106e-05
3.234042e-08,5.17858e-06
3.244042e-08,-4.55072e-06
3.254042e-08,-1.49286e-05
3.264042e-08,-2.66038e-05
3.274042e-08,-3.89276e-05
3.284042e-08,-5.25486e-05
3.294042e-08,-6.61696e-05
3.304042e-08,-7.78448e-05
3.314042e-08,-8.62769e-05
3.324042e-08,-9.14658e-05
3.334042e-08,-9.27631e-05
3.344042e-08,-8.88713e-05
3.354042e-08,-8.17365e-05
3.364042e-08,-7.26558e-05
3.374042e-08,-6.22779e-05
3.384042e-08,-5.12514e-05
3.394042e-08,-4.08734e-05
3.404042e-08,-3.24414e-05
3.414042e-08,-2.66038e-05
3.424042e-08,-2.27121e-05
3.434042e-08,-2.01176e-05
3.444042e-08,-1.81717e-05
3.454042e-08,-1.62259e-05
3.464042e-08,-1.36314e-05
3.474042e-08,-9.73968e-06
3.484042e-08,-5.19934e-06
3.494042e-08,-1.30762e-06
3.504042e-08,2.5841e-06
3.514042e-08,4.52996e-06
3.524042e-08,3.23272e-06
3.534042e-08,-1.30762e-06
3.544042e-08,-9.09106e-06
3.554042e-08,-1.9469e-05
3.564042e-08,-3.17928e-05
3.574042e-08,-4.47652e-05
3.584042e-08,-5.77376e-05
3.594042e-08,-6.87641e-05
3.604042e-08,-7.78448e-05
3.614042e-08,-8.36824e-05
3.624042e-08,-8.69255e-05
3.634042e-08,-8.69255e-05
3.644042e-08,-8.56282e-05
3.654042e-08,-8.23851e-05
3.664042e-08,-7.78448e-05
3.674042e-08,-7.26558e-05
3.684042e-08,-6.68183e-05
3.694042e-08,-6.03321e-05
3.704042e-08,-5.31972e-05
3.714042e-08,-4.47652e-05
3.724042e-08,-3.50359e-05
3.734042e-08,-2.53066e-05
3.744042e-08,-1.55773e-05
3.754042e-08,-6.49658e-06
3.764042e-08,6.38242e-07
3.774042e-08,5.17858e-06
3.784042e-08,7.12444e-06
3.794042e-08,6.47582e-06
3.804042e-08,1.93548e-06
3.814042e-08,-4.55072e-06
3.824042e-08,-1.29828e-05
3.834042e-08,-2.20635e-05
3.844042e-08,-3.17928e-05
3.854042e-08,-4.02248e-05
3.864042e-08,-4.80083e-05
3.874042e-08,-5.51431e-05
3.884042e-08,-6.09807e-05
3.894042e-08,-6.68183e-05
3.904042e-08,-7.20072e-05
3.914042e-08,-7.71962e-05
3.924042e-08,-8.36824e-05
3.934042e-08,-9.01686e-05
3.944042e-08,-9.53575e-05
3.954042e-08,-9.92493e-05
3.964042e-08,-0.000100547
3.974042e-08,-9.73034e-05
3.984042e-08,-9.01686e-05
3.994042e-08,-7.78448e-05
4.004042e-08,-6.22779e-05
4.014042e-08,-4.28193e-05
4.024042e-08,-2.27121e-05
4.034042e-08,-3.25348e-06
4.044042e-08,1.2962e-05
4.054042e-08,2.52858e-05
4.064042e-08,3.1772e-05
4.074042e-08,3.24206e-05
4.084042e-08,2.6583e-05
4.094042e-08,1.62051e-05
4.104042e-08,2.5841e-06
4.114042e-08,-1.29828e-05
4.124042e-08,-2.7901e-05
4.134042e-08,-4.08734e-05
4.144042e-08,-5.12514e-05
4.154042e-08,-5.77376e-05
4.164042e-08,-6.09807e-05
4.174042e-08,-6.03321e-05
4.184042e-08,-5.64403e-05
4.194042e-08,-5.06027e-05
4.204042e-08,-4.28193e-05
4.214042e-08,-3.24414e-05
4.224042e-08,-2.07662e-05
4.234042e-08,-7.1452e-06
4.244042e-08,8.42168e-06
4.254042e-08,2.6583e-05
4.264042e-08,4.60417e-05
4.274042e-08,6.67975e-05
4.284042e-08,8.62561e-05
4.294042e-08,0.000103769
4.304042e-08,0.000118038
4.314042e-08,0.000125822
4.324042e-08,0.000126471
4.334042e-08,0.00011739
4.344042e-08,0.000101174
4.354042e-08,7.71754e-05
4.364042e-08,4.79875e-05
4.374042e-08,1.55565e-05
4.384042e-08,-1.55773e-05
4.394042e-08,-4.41165e-05
4.404042e-08,-6.74669e-05
4.414042e-08,-8.36824e-05
4.424042e-08,-9.27631e-05
4.434042e-08,-9.60062e-05
4.444042e-08,-9.60062e-05
4.454042e-08,-9.27631e-05
4.464042e-08,-8.75741e-05
4.474042e-08,-8.17365e-05
4.484042e-08,-7.71962e-05
4.494042e-08,-7.26558e-05
4.504042e-08,-6.87641e-05
4.514042e-08,-6.35752e-05
4.524042e-08,-5.7089e-05
4.534042e-08,-4.86569e-05
4.544042e-08,-3.76303e-05
4.554042e-08,-2.59552e-05
4.564042e-08,-1.49286e-05
4.574042e-08,-6.49658e-06
4.584042e-08,-2.60486e-06
4.594042e-08,-4.55072e-06
4.604042e-08,-1.23342e-05
4.614042e-08,-2.59552e-05
4.624042e-08,-4.41165e-05
4.634042e-08,-6.42238e-05
4.644042e-08,-8.36824e-05
4.654042e-08,-9.92493e-05
4.664042e-08,-0.000107033
4.674042e-08,-0.000105735
4.684042e-08,-9.47089e-05
4.694042e-08,-7.39531e-05
4.704042e-08,-4.41165e-05
4.714042e-08,-7.79382e-06
4.724042e-08,3.11234e-05
4.734042e-08,7.00406e-05
4.744042e-08,0.000105715
4.754042e-08,0.000135551
4.764042e-08,0.000158253
4.774042e-08,0.000173171
4.784042e-08,0.000181603
4.794042e-08,0.000182901
4.804042e-08,0.000177712
4.814042e-08,0.000168631
4.824042e-08,0.000155658
4.834042e-08,0.00014074
4.844042e-08,0.000123227
4.854042e-08,0.000105066
4.864042e-08,8.49589e-05
4.874042e-08,6.48516e-05
4.884042e-08,4.5393e-05
4.894042e-08,2.78803e-05
4.904042e-08,1.49079e-05
4.914042e-08,6.47582e-06
4.924042e-08,4.52996e-06
4.934042e-08,8.42168e-06
4.944042e-08,1.75024e-05
4.954042e-08,3.24206e-05
4.964042e-08,4.92848e-05
4.974042e-08,6.61489e-05
4.984042e-08,8.17158e-05
4.994042e-08,9.27423e-05
5.004042e-08,9.85799e-05
5.014042e-08,9.85799e-05
5.024042e-08,9.27423e-05
5.034042e-08,8.23644e-05
5.044042e-08,6.87434e-05
5.054042e-08,5.38251e-05
5.064042e-08,4.02041e-05
5.074042e-08,2.78803e-05
5.084042e-08,1.87996e-05
5.094042e-08,1.10162e-05
5.104042e-08,4.52996e-06
5.114042e-08,-3.9021e-06
5.124042e-08,-1.55773e-05
5.134042e-08,-3.11441e-05
5.144042e-08,-5.06027e-05
5.154042e-08,-7.46017e-05
5.164042e-08,-0.000101844
5.174042e-08,-0.000129734
5.184042e-08,-0.000155031
5.194042e-08,-0.000175786
5.204042e-08,-0.000189407
5.214042e-08,-0.000195245
5.224042e-08,-0.000193299
5.234042e-08,-0.000184867
5.244042e-08,-0.000173192
5.254042e-08,-0.000159571
5.264042e-08,-0.000146599
5.274042e-08,-0.000136221
5.284042e-08,-0.000129086
5.294042e-08,-0.000125843
5.304042e-08,-0.000125194
5.314042e-08,-0.000125194
5.324042e-08,-0.000124545
5.334042e-08,-0.000120654
5.344042e-08,-0.000112222
5.354042e-08,-9.92493e-05
5.364042e-08,-8.17365e-05
5.374042e-08,-6.16293e-05
5.384042e-08,-4.02248e-05
5.394042e-08,-1.88204e-05
5.404042e-08,6.38242e-07
5.414042e-08,1.75024e-05
5.424042e-08,2.98261e-05
5.434042e-08,3.95555e-05
5.444042e-08,4.73389e-05
5.454042e-08,5.31765e-05
5.464042e-08,5.96627e-05
5.474042e-08,6.67975e-05
5.484042e-08,7.45809e-05
5.494042e-08,8.3013e-05
5.504042e-08,9.14451e-05
5.514042e-08,9.92285e-05
5.524042e-08,0.000103769
5.534042e-08,0.000106363
5.544042e-08,0.000105715
5.554042e-08,0.000102472
5.564042e-08,9.79313e-05
5.574042e-08,9.33909e-05
5.584042e-08,9.01478e-05
5.594042e-08,9.01478e-05
5.604042e-08,9.33909e-05
5.614042e-08,9.85799e-05
5.624042e-08,0.000106363
5.634042e-08,0.000114147
5.644042e-08,0.000119336
5.654042e-08,0.000121282
5.664042e-08,0.000118687
5.674042e-08,0.000110255
5.684042e-08,9.59854e-05
5.694042e-08,7.71754e-05
5.704042e-08,5.5771e-05
5.714042e-08,3.43665e-05
5.724042e-08,1.42593e-05
5.734042e-08,-1.30762e-06
5.744042e-08,-1.16855e-05
5.754042e-08,-1.62259e-05
5.764042e-08,-1.62259e-05
5.774042e-08,-1.29828e-05
5.784042e-08,-8.44244e-06
5.794042e-08,-5.19934e-06
5.804042e-08,-4.55072e-06
5.814042e-08,-7.1452e-06
5.824042e-08,-1.428e-05
5.834042e-08,-2.33607e-05
5.844042e-08,-3.37386e-05
5.854042e-08,-4.34679e-05
5.864042e-08,-4.86569e-05
5.874042e-08,-4.86569e-05
5.884042e-08,-4.28193e-05
5.894042e-08,-3.04955e-05
5.904042e-08,-1.23342e-05
5.914042e-08,9.71892e-06
5.924042e-08,3.37179e-05
5.934042e-08,5.64196e-05
5.944042e-08,7.58782e-05
5.954042e-08,9.07964e-05
5.964042e-08,9.92285e-05
5.974042e-08,0.000101823
5.984042e-08,9.98771e-05
5.994042e-08,9.27423e-05
6.004042e-08,8.36616e-05
6.014042e-08,7.19865e-05
6.024042e-08,6.03113e-05
6.034042e-08,4.92848e-05
6.044042e-08,3.82582e-05
6.054042e-08,2.85289e-05
6.064042e-08,1.94482e-05
6.074042e-08,1.03675e-05
6.084042e-08,1.28686e-06
6.094042e-08,-7.79382e-06
6.104042e-08,-1.55773e-05
6.114042e-08,-2.01176e-05
6.124042e-08,-2.20635e-05
6.134042e-08,-1.9469e-05
6.144042e-08,-1.10369e-05
6.154042e-08,1.93548e-06
6.164042e-08,1.94482e-05
6.174042e-08,4.02041e-05
6.184042e-08,6.22572e-05
6.194042e-08,8.43102e-05
6.204042e-08,0.00010312
6.214042e-08,0.00011739
6.224042e-08,0.000127768
6.234042e-08,0.000133605
6.244042e-08,0.000135551
6.254042e-08,0.000134254
6.264042e-08,0.00013166
6.274042e-08,0.000129065
6.284042e-08,0.000125822
6.294042e-08,0.000124525
6.304042e-08,0.000124525
6.314042e-08,0.000124525
6.324042e-08,0.000123876
6.334042e-08,0.000119984
6.344042e-08,0.000113498
6.354042e-08,0.00010312
6.364042e-08,8.88506e-05
6.374042e-08,7.06892e-05
6.384042e-08,5.0582e-05
6.394042e-08,3.04748e-05
6.404042e-08,1.16648e-05
6.414042e-08,-4.55072e-06
6.424042e-08,-1.55773e-05
6.434042e-08,-2.20635e-05
6.444042e-08,-2.40093e-05
6.454042e-08,-2.33607e-05
6.464042e-08,-2.01176e-05
6.474042e-08,-1.81717e-05
6.484042e-08,-1.81717e-05
6.494042e-08,-2.20635e-05
6.504042e-08,-2.98469e-05
6.514042e-08,-4.15221e-05
6.524042e-08,-5.57917e-05
6.534042e-08,-7.13586e-05
6.544042e-08,-8.62769e-05
6.554042e-08,-9.98979e-05
6.564042e-08,-0.000110924
6.574042e-08,-0.000118708
6.584042e-08,-0.0001226
6.594042e-08,-0.000124545
6.604042e-08,-0.000125194
6.614042e-08,-0.000123897
6.624042e-08,-0.000121951
6.634042e-08,-0.000118059
6.644042e-08,-0.00011287
6.654042e-08,-0.000104438
6.664042e-08,-9.21144e-05
6.674042e-08,-7.58989e-05
6.684042e-08,-5.51431e-05
6.694042e-08,-2.98469e-05
6.704042e-08,-1.30762e-06
6.714042e-08,2.91775e-05
6.724042e-08,5.90141e-05
6.734042e-08,8.56075e-05
6.744042e-08,0.000107661
6.754042e-08,0.000123876
6.764042e-08,0.000132308
6.774042e-08,0.000134903
6.784042e-08,0.000132308
6.794042e-08,0.000125173
6.804042e-08,0.000116741
6.814042e-08,0.000107012
6.824042e-08,9.79313e-05
6.834042e-08,9.07964e-05
6.844042e-08,8.43102e-05
6.854042e-08,7.7824e-05
6.864042e-08,7.06892e-05
6.874042e-08,6.22572e-05
6.884042e-08,5.18792e-05
6.894042e-08,4.02041e-05
6.904042e-08,2.78803e-05
6.914042e-08,1.68537e-05
6.924042e-08,8.42168e-06
6.934042e-08,3.88134e-06
6.944042e-08,5.8272e-06
6.954042e-08,1.49079e-05
6.964042e-08,2.98261e-05
6.974042e-08,4.99334e-05
6.984042e-08,7.32837e-05
6.994042e-08,9.6634e-05
7.004042e-08,0.000116741
7.014042e-08,0.000132957
7.024042e-08,0.000143335
7.034042e-08,0.000146578
7.044042e-08,0.000143983
7.054042e-08,0.000135551
7.064042e-08,0.000123876
7.074042e-08,0.000111552
7.084042e-08,9.98771e-05
7.094042e-08,9.14451e-05
7.104042e-08,8.62561e-05
7.114042e-08,8.56075e-05
7.124042e-08,8.8202e-05
7.134042e-08,9.27423e-05
7.144042e-08,9.72826e-05
7.154042e-08,0.000101174
7.164042e-08,0.000101823
7.174042e-08,9.85799e-05
7.184042e-08,9.20937e-05
7.194042e-08,8.3013e-05
7.204042e-08,7.13378e-05
7.214042e-08,5.96627e-05
7.224042e-08,4.99334e-05
7.234042e-08,4.27986e-05
7.244042e-08,3.76096e-05
7.254042e-08,3.50151e-05
7.264042e-08,3.43665e-05
7.274042e-08,3.50151e-05
7.284042e-08,3.43665e-05
7.294042e-08,3.24206e-05
7.304042e-08,2.72317e-05
7.314042e-08,1.87996e-05
7.324042e-08,6.47582e-06
7.334042e-08,-7.1452e-06
7.344042e-08,-2.20635e-05
7.354042e-08,-3.63331e-05
7.364042e-08,-4.86569e-05
7.374042e-08,-5.83862e-05
7.384042e-08,-6.42238e-05
7.394042e-08,-6.61696e-05
7.404042e-08,-6.5521e-05
7.414042e-08,-6.29265e-05
7.424042e-08,-5.96834e-05
7.434042e-08,-5.64403e-05
7.444042e-08,-5.57917e-05
7.454042e-08,-5.64403e-05
7.464042e-08,-5.77376e-05
7.474042e-08,-6.03321e-05
7.484042e-08,-6.16293e-05
7.494042e-08,-6.16293e-05
7.504042e-08,-5.77376e-05
7.514042e-08,-4.99541e-05
7.524042e-08,-3.8279e-05
7.534042e-08,-2.33607e-05
7.544042e-08,-3.9021e-06
7.554042e-08,1.68537e-05
7.564042e-08,3.82582e-05
7.574042e-08,5.90141e-05
7.584042e-08,7.7824e-05
7.594042e-08,9.53368e-05
7.604042e-08,0.000109606
7.614042e-08,0.00012193
7.624042e-08,0.000132308
7.634042e-08,0.000141389
7.644042e-08,0.000148524
7.654042e-08,0.000154361
7.664042e-08,0.000158253
7.674042e-08,0.000160199
7.684042e-08,0.00015955
7.694042e-08,0.000156307
7.704042e-08,0.000149821
7.714042e-08,0.000140092
7.724042e-08,0.000127119
